400 100 199
-0.00125805 0.000267771
-0.026651 -0.57272
-0.0260094 -0.627597
-0.0164056 -0.684591
-0.026499 -0.909609
-0.0644243 -1.42418
-0.0292223 -1.97397
0.64995 -2.87096
1.80169 -3.91933
1.99789 -4.59726
2.60886 -4.78138
3.28947 -4.76063
3.49071 -4.91544
3.44823 -5.0567
3.53128 -5.23634
3.47727 -5.29767
3.43697 -5.48594
3.57928 -5.3038
3.57637 -5.28438
3.73701 -5.20559
3.50947 -5.60243
3.59598 -5.64083
3.64943 -5.83166
3.55296 -5.8126
3.59949 -6.05896
3.84895 -6.39074
4.37816 -6.121
4.61067 -6.61636
4.69552 -6.69276
4.8082 -6.69283
4.84749 -6.88655
4.91846 -6.70104
5.02185 -6.76823
6.41798 -6.68033
7.42803 -6.7685
7.44137 -6.95924
7.42821 -6.95139
7.51436 -6.95087
7.43054 -7.13857
7.31866 -7.28219
7.31409 -7.20971
7.17372 -7.50105
7.58152 -7.43843
7.28062 -7.80943
7.17801 -7.42371
7.34523 -7.50378
7.51439 -7.68622
7.48277 -8.09193
7.2685 -8.0977
7.26256 -7.73164
7.5408 -7.72666
7.48387 -7.82577
7.57174 -8.009
7.32022 -7.96503
7.4732 -7.97876
7.67971 -8.34537
7.48662 -8.43703
7.31733 -8.55938
7.66974 -8.21008
7.44164 -8.15965
7.5625 -8.32956
7.51663 -7.9642
7.5335 -8.53075
7.47905 -8.49582
7.57372 -8.52719
7.47365 -8.35447
7.49026 -8.24786
7.58033 -8.4536
7.61613 -8.38029
7.98157 -8.11686
7.8008 -8.19096
7.80886 -8.50894
7.5386 -8.67179
7.65238 -8.76342
7.64694 -8.53674
7.77258 -8.27408
7.624 -8.36323
7.31495 -8.43599
7.58046 -8.43654
7.49493 -8.8361
7.60106 -8.49137
7.69572 -8.65959
7.49681 -8.90594
7.64246 -8.85751
7.37466 -8.86114
7.45476 -8.72094
7.46377 -8.4932
7.43854 -8.26491
7.49624 -8.79553
7.31971 -8.65834
7.57204 -9.0931
7.55826 -8.51502
7.63797 -8.44788
7.65551 -8.54565
7.54411 -8.38232
7.87824 -8.73477
7.69477 -8.59565
7.3525 -8.4878
7.83354 -8.80673
7.89975 -8.61632
7.87914 -8.96164
7.8328 -8.88998
7.83859 -8.87501
7.76526 -8.95214
7.46037 -8.57004
7.60353 -8.3045
7.63623 -8.47575
7.75564 -8.75882
7.82623 -8.7407
8.13854 -8.87073
8.10266 -8.99429
8.30189 -8.97163
8.39047 -8.58231
8.6705 -8.64864
8.79669 -8.75724
8.8413 -9.00686
8.68086 -9.07692
8.46613 -9.37021
8.8897 -8.96497
8.91462 -9.01001
8.82323 -8.59843
8.43643 -8.79917
8.43576 -9.00064
8.45212 -8.84697
8.80315 -8.71599
8.79231 -8.73325
8.93935 -8.72519
8.50639 -8.64817
9.00603 -9.18873
8.79905 -8.67941
9.03521 -8.7347
8.87251 -8.6211
8.585 -8.55481
8.7087 -8.45384
8.90174 -8.65545
8.86699 -8.77666
8.72606 -8.99959
8.91211 -8.60225
8.95918 -8.51806
9.12412 -8.71678
8.71884 -8.62742
8.87742 -8.5487
8.71842 -8.83552
8.96604 -8.92209
8.9114 -8.94675
8.77986 -9.25727
9.06963 -8.71175
8.88324 -8.90669
9.08639 -9.02279
8.95168 -8.74079
9.14897 -8.9155
9.16627 -8.98933
9.16587 -9.13919
9.46466 -8.90201
8.98115 -8.72013
9.06418 -8.67061
9.08935 -8.58947
9.12404 -8.91957
8.94236 -8.77503
8.77122 -9.05176
8.83993 -9.08849
8.76177 -8.95307
8.73452 -8.98145
9.27267 -8.67948
9.10779 -8.70233
9.0434 -9.00971
9.00234 -8.75556
8.95428 -8.91133
9.29061 -8.78456
9.09546 -8.35143
8.89716 -8.72358
9.48351 -9.19559
9.18055 -8.90848
9.27053 -8.9721
9.44302 -9.1427
9.14987 -8.84448
9.32845 -8.99583
9.4044 -8.69638
9.07952 -8.75451
9.38577 -9.17064
9.63802 -8.86001
9.64745 -9.33444
9.21827 -9.16253
9.28075 -9.00335
9.77235 -8.93536
9.18714 -9.07073
9.60855 -8.85279
9.50838 -9.25502
9.33018 -8.76843
9.26767 -8.43276
9.17729 -8.63064
9.29663 -9.18963
9.24438 -9.20567
9.28984 -8.88146
9.23922 -9.14819
9.48502 -9.30116
9.23716 -8.93077
9.3345 -8.97085
9.13512 -9.29317
8.95115 -9.10813 8.92659
8.51538 -8.63219 -9.63229
8.52178 -9.17556 -8.96932
8.68108 -9.09762 -9.35862
8.8826 -8.84438 -9.50523
8.77502 -9.03517 -9.1049
8.88218 -8.94905 -9.87575
8.50153 -8.34329 -9.56902
8.77506 -9.01016 -9.53604
8.33714 -9.31635 -9.22973
8.26516 -8.83417 -9.22862
8.5788 -9.26694 -9.10956
8.84241 -9.41516 -9.41749
8.8032 -9.22422 -9.01623
8.59632 -9.34118 -9.50014
8.67544 -9.1093 -9.39577
8.74604 -9.24783 -9.32206
8.72677 -9.46942 -9.18949
8.84415 -9.11386 -9.33845
8.43911 -9.1425 -9.59493
8.53863 -9.15605 -9.50065
8.89327 -9.40617 -9.61635
8.66307 -9.22872 -9.57548
8.7479 -9.12431 -9.41982
8.79675 -9.13955 -9.54692
8.58149 -9.05906 -9.74554
8.75997 -9.06549 -9.27529
8.65051 -9.04665 -9.23287
8.88109 -9.30406 -9.37713
9.28577 -9.19798 -9.40321
9.0847 -8.94562 -9.35084
8.09609 -9.20497 -9.33428
8.95424 -9.0973 -9.27082
8.88284 -9.52311 -9.40871
9.01072 -9.27498 -9.31864
9.03659 -9.04922 -9.09616
8.72844 -9.38156 -9.00733
8.8415 -9.075 -9.29323
8.9761 -9.2167 -9.40618
8.56643 -9.1828 -9.165
8.479 -8.69561 -9.44636
8.74436 -8.73034 -9.3252
8.83103 -8.97059 -9.44768
8.90978 -9.14051 -9.30789
9.18559 -8.7582 -9.56242
8.51872 -8.73109 -9.51983
8.932 -9.12549 -9.3724
8.83432 -9.08307 -9.15033
8.5057 -9.42955 -8.97667
8.90571 -9.06374 -9.39433
8.823 -8.7742 -9.46349
8.6483 -8.88958 -8.99763
8.53576 -9.23076 -8.99343
8.92097 -9.0563 -8.95867
8.82443 -9.15647 -8.87574
8.66861 -9.41827 -9.30367
8.51627 -9.3197 -9.02
8.7778 -9.07558 -9.16334
8.87189 -9.03934 -9.09435
9.24136 -9.57643 -9.12838
8.68045 -9.39955 -8.87055
9.16441 -9.19087 -9.39266
9.02028 -9.92395 -9.41731
9.49263 -9.66885 -9.31635
9.20971 -9.6478 -9.09815
9.03932 -9.43275 -9.14286
8.95989 -9.31988 -9.17048
8.78487 -9.51209 -9.1912
8.92436 -9.22696 -9.15772
9.05243 -9.2315 -9.31034
9.08781 -9.29105 -9.39426
9.1145 -9.28081 -8.92334
8.83546 -9.11379 -9.24327
9.17356 -9.06668 -9.14616
8.86044 -9.15439 -9.22721
8.6208 -8.93984 -9.17009
8.75477 -9.31441 -9.45169
8.98343 -8.86349 -9.19541
8.80775 -9.26572 -8.94454
9.1352 -8.95073 -9.44971
9.23467 -9.03812 -9.74754
8.7083 -9.05235 -9.25815
8.94499 -9.09759 -9.30159
8.89326 -9.17945 -9.18837
8.86836 -9.13978 -9.41871
9.71772 -9.31702 -9.0184
8.93485 -9.21835 -9.35837
8.98182 -9.32726 -9.08119
9.32484 -9.13011 -9.4784
9.08965 -9.43595 -9.10821
9.02218 -9.2051 -9.35816
8.98855 -9.70239 -8.84137
8.85014 -9.82571 -8.82001
8.67885 -9.29963 -9.66635
8.78353 -9.61337 -9.14992
9.02706 -9.84692 -9.68209
9.38634 -9.50771 -9.50677
9.21243 -9.01576 -9.29861
8.96186 -9.2896 -8.86662
9.24281 -9.28248 -9.11964
8.82226 -9.4409 -9.05337
9.3122 -9.20134 -8.9594
9.00059 -8.83178 -9.51974
9.17579 -8.69533 -9.10645
9.13304 -8.25625 -9.27862
8.96853 -9.06022 -9.04337
8.80912 -9.05701 -9.17582
9.23395 -9.01172 -9.08425
9.01679 -9.08637 -9.21426
9.16678 -8.96042 -9.26066
8.61096 -9.26349 -9.44706
9.05088 -9.50835 -9.25874
8.99466 -9.61543 -9.18478
8.96298 -9.67397 -9.64598
8.93331 -9.26876 -9.23359
9.11972 -9.08061 -9.48885
8.77338 -9.03226 -8.77533
8.95691 -9.16389 -9.57395
9.05612 -8.82663 -9.21179
8.6765 -9.20848 -9.28396
8.91767 -8.546 -9.24062
9.31023 -8.8057 -9.54448
8.85177 -9.29113 -9.38042
8.77658 -9.12324 -9.29509
8.577 -9.19807 -8.94076
9.23358 -8.79907 -9.63003
8.93573 -9.33062 -9.47797
8.89443 -9.24196 -9.40415
8.59437 -9.27043 -9.34267
8.66114 -9.33947 -9.32008
8.75591 -9.34599 -9.22341
8.68955 -9.14205 -9.36492
8.91303 -9.5185 -9.58317
9.06945 -9.26084 -9.26736
9.10702 -8.93333 -9.18317
8.98074 -9.1742 -9.00478
8.90731 -8.89118 -9.35116
8.89704 -9.30534 -9.43765
8.59992 -8.98243 -9.05232
8.92217 -9.43903 -8.79282
8.85974 -9.1758 -9.53467
9.07515 -9.46068 -9.42665
8.78547 -9.16337 -9.18051
8.83278 -9.2078 -9.14408
9.14384 -9.0595 -9.04102
9.1351 -9.13637 -9.34959
9.00154 -8.82561 -9.6594
8.63043 -8.97374 -9.61806
8.98145 -8.97335 -9.35108
8.81318 -8.69092 -9.46551
8.5034 -9.13256 -9.34426
9.06398 -9.05382 -9.17371
8.78227 -8.77891 -9.42195
9.32039 -8.70356 -9.5236
9.11136 -9.29365 -9.70362
9.07464 -9.03633 -8.98748
8.98871 -9.2785 -9.20586
9.20631 -9.24755 -9.18591
8.80336 -9.29038 -9.32012
9.05352 -8.62807 -9.36362
8.74569 -9.32913 -9.49027
9.15841 -8.91784 -9.57747
9.50402 -9.25534 -9.09227
9.15371 -8.74626 -8.99575
8.75351 -9.11396 -9.15559
8.97212 -8.89307 -9.13795
8.97894 -9.14157 -9.33614
8.95781 -8.71254 -9.50561
8.77486 -9.14996 -9.159
9.1067 -9.14794 -9.38109
8.8302 -9.12572 -9.14647
8.79378 -9.12361 -9.00119
8.75485 -9.61475 -8.78073
8.32442 -9.47287 -9.23782
8.99981 -9.09187 -9.36468
9.24659 -9.5779 -9.05187
8.90457 -9.32653 -9.08962
8.68906 -8.84039 -9.56284
8.90242 -8.77724 -9.59255
8.49778 -9.0958 -8.90398
8.74978 -8.94424 -8.95009
8.71035 -9.34568 -9.13704
9.00219 -9.10489 -9.29642
8.52649 -9.41208 -9.50418
8.44222 -9.70001 -9.28814
8.64702 -8.75114 -9.09888
8.94257 -9.1032 -9.30478
8.93507 -9.09093 -9.09884
8.93695 -8.84708 -9.11676
7.94736 -10.2874 -9.80804
8.66881 -8.85601 -10.0348
9.04191 -8.51229 -9.84158
8.768 -8.94941 -9.64255
8.50114 -8.87093 -9.35065
8.9423 -9.23404 -8.81289
8.74347 -9.04016 -9.26966
8.42683 -8.87101 -9.38159
8.86515 -9.2188 -9.15917
8.85736 -9.24229 -9.089
8.72138 -8.98826 -9.37732
8.63984 -9.4935 -9.65642
