500 100 199
0.0205284 -0.0548242
3.472 -0.24801
5.47775 -0.334728
8.41662 -0.730418
8.58125 -1.19173
8.52403 -1.68133
8.48995 -2.5206
8.48168 -3.42499
8.75459 -4.04789
8.81143 -5.00071
8.00808 -5.45553
8.37385 -6.27039
8.73155 -6.24242
8.69491 -6.83249
8.72674 -7.30088
8.8627 -7.0958
8.99972 -7.71082
8.76926 -7.94896
8.91522 -7.93784
8.66705 -8.02085
8.95639 -8.07447
8.76689 -7.8346
9.03617 -8.25442
8.7114 -8.53072
8.86327 -8.31309
8.73054 -8.39393
9.06772 -8.43466
8.8394 -8.00981
8.69135 -8.17996
9.07456 -8.41959
9.0452 -8.31696
9.00051 -8.50141
9.02354 -8.30364
8.9436 -8.38271
9.12052 -8.1754
8.97429 -8.22642
9.01199 -8.28684
8.61541 -8.51493
9.30271 -8.32242
9.36006 -8.38547
8.94805 -8.2137
8.74877 -8.67508
8.96518 -8.5702
9.03204 -8.60351
8.76683 -8.36655
8.91415 -8.59405
8.72708 -8.76571
8.91516 -8.92754
8.57725 -8.72252
8.62223 -8.49491
8.56482 -7.99787
8.58417 -8.36801
8.89866 -8.00188
8.32176 -8.44389
9.08937 -8.32571
8.92104 -8.49995
9.09357 -8.41387
8.76754 -8.04378
9.07606 -8.71628
9.40459 -8.35944
9.12267 -8.36555
8.81476 -8.6284
8.76929 -8.6435
8.90948 -8.35411
8.82592 -8.73562
8.61487 -8.52374
9.29289 -8.45554
9.14081 -8.52401
9.07429 -8.5765
9.02667 -8.39648
8.99711 -9.01072
8.76955 -8.95307
9.06823 -8.67964
9.24848 -8.44838
8.6698 -8.80709
8.86392 -8.70318
9.25079 -8.80444
9.13394 -8.61388
9.08537 -8.58646
9.09236 -8.2269
8.89792 -8.89268
9.10481 -8.52914
9.20826 -8.68842
9.1806 -8.67663
9.07468 -8.79318
8.60087 -8.58212
9.088 -8.41529
8.95648 -8.41494
9.02261 -8.36153
8.92315 -8.68338
8.82277 -8.38212
8.87094 -8.57302
9.37845 -8.43827
9.22493 -8.6897
8.9286 -9.08604
9.01565 -8.36671
9.29754 -8.98302
9.81508 -8.80778
8.77788 -8.5156
9.19047 -9.01685
9.17605 -8.84858
9.37529 -9.25957
9.2646 -9.08013
9.14023 -8.62712
9.44179 -8.62586
8.78646 -8.6597
8.80957 -8.90369
9.51154 -8.32882
9.16385 -9.19667
9.14393 -8.83693
9.07576 -8.8793
9.18605 -8.73702
9.2037 -8.98217
8.93196 -8.93234
9.53091 -8.97119
9.20496 -8.49035
9.39385 -8.83193
9.33642 -8.79784
9.19405 -8.66965
9.13641 -8.75604
8.91034 -8.63011
8.696 -8.70439
8.6216 -8.50516
9.25587 -9.01727
8.5175 -8.8669
8.67094 -8.98704
8.95014 -8.687
9.00853 -8.73124
9.06182 -8.70207
9.04126 -8.428
8.73519 -8.87161
8.70128 -8.76863
8.64413 -8.57251
8.63732 -8.5717
9.13547 -8.665
8.84319 -8.76755
8.83616 -8.87293
8.70142 -8.60349
8.88165 -8.34879
9.13168 -9.03427
9.3169 -8.53197
8.78116 -8.809
8.65079 -8.81769
8.50524 -8.7193
9.1339 -8.79179
8.70849 -8.87664
8.83701 -8.63283
9.00599 -8.57235
8.35635 -8.80223
8.60434 -8.77579
9.11955 -8.85993
9.0204 -9.10111
9.056 -8.89567
8.98679 -8.4744
9.37187 -8.62177
9.00744 -8.24726
9.11632 -8.2431
9.48122 -8.30553
9.18617 -8.85743
9.04598 -8.75468
9.29528 -8.65085
9.38638 -8.98448
9.2315 -8.87603
8.27875 -8.89333
8.43351 -8.92677
8.85702 -8.973
9.21607 -8.72831
9.03442 -8.65669
9.0148 -8.89434
8.89251 -8.90017
9.06379 -8.70044
8.98322 -8.90942
9.32487 -8.82953
9.08356 -8.81835
8.71411 -8.83563
8.96399 -8.45709
9.11984 -8.62105
9.25142 -8.55948
9.08751 -8.94113
9.11547 -8.81451
9.17934 -8.42586
8.90591 -8.45697
9.13735 -8.92218
8.67407 -8.84659
8.80812 -9.06527
9.24702 -9.11431
8.67882 -9.21248
8.84565 -8.8403
9.02184 -8.34601
8.9359 -8.90947
8.81055 -8.37969
8.86335 -9.05776
8.89197 -8.72271
8.97496 -8.59438
8.92184 -8.74245
9.35937 -8.57414
9.24989 -8.26594
8.97887 -8.99927
9.07653 -8.90589
9.79332 -9.36343 9.64004
11.3804 -9.11588 -7.60964
10.3368 -9.77772 -9.01647
10.7259 -9.7855 -9.51314
10.5312 -10.019 -9.61371
10.5649 -9.96347 -9.46922
10.2873 -10.1113 -9.56933
10.0573 -10.3334 -9.54588
10.1334 -10.2536 -9.6969
9.98661 -10.1104 -9.56291
10.1045 -9.9709 -9.53515
9.93429 -9.91955 -9.55419
10.4454 -9.87127 -9.63946
10.0836 -9.86618 -9.65923
10.2007 -9.84345 -9.63064
10.4493 -9.86768 -9.67085
10.4281 -9.79019 -9.63644
10.6208 -9.78394 -9.61979
10.7207 -9.82914 -9.64224
10.612 -9.83549 -9.72093
10.5738 -9.84733 -9.73336
10.487 -9.85689 -9.70156
10.5772 -9.82212 -9.70272
10.4384 -9.87569 -9.68664
10.3755 -9.86881 -9.65782
10.3376 -9.86019 -9.71308
10.2123 -9.87772 -9.67375
10.279 -9.86963 -9.70182
10.266 -9.93321 -9.69188
10.2188 -9.8465 -9.70257
10.1706 -9.80712 -9.68917
10.3095 -9.82919 -9.71307
10.1407 -9.79913 -9.72076
10.2522 -9.78291 -9.73882
10.2996 -9.79905 -9.76216
10.1403 -9.81784 -9.73222
10.1869 -9.8379 -9.71809
10.2199 -9.72639 -9.67556
10.2878 -9.81192 -9.6585
10.251 -9.86106 -9.62819
10.1072 -9.8529 -9.70665
10.2532 -9.82694 -9.7354
10.274 -9.82424 -9.69216
10.3401 -9.81213 -9.73901
10.2718 -9.82385 -9.82811
10.3123 -9.86478 -9.78834
10.3314 -9.87051 -9.7397
10.3518 -9.80806 -9.8476
10.4509 -9.838 -9.77586
10.472 -9.8063 -9.8824
10.5226 -9.80296 -10.0172
10.5335 -9.81758 -9.98597
10.5387 -9.83051 -10.1597
10.6004 -9.83413 -10.12
10.5803 -9.77897 -10.11
10.6054 -9.82214 -10.1825
10.5921 -9.83998 -10.2069
10.5746 -9.82919 -10.1978
10.5745 -9.82423 -10.2358
10.4767 -9.84238 -10.1939
10.2683 -9.82756 -10.2196
10.3477 -9.80559 -10.2372
10.4453 -9.84466 -10.2501
10.592 -9.85098 -10.2403
10.6009 -9.83955 -10.2316
10.5869 -9.82269 -10.2415
10.5858 -9.82496 -10.242
10.5541 -9.83663 -10.2533
10.6194 -9.92326 -10.2591
10.635 -9.86833 -10.1894
10.6251 -9.81782 -10.2137
10.6127 -9.85134 -10.2571
10.6067 -9.83957 -10.2196
10.6007 -9.84362 -10.2413
10.6435 -9.83133 -10.1809
10.6975 -9.8535 -10.2356
10.6625 -9.84759 -10.249
10.6526 -9.89091 -10.2615
10.6384 -9.8427 -10.2119
10.6092 -9.82156 -10.2618
10.6304 -9.85785 -10.2677
10.6179 -9.84295 -10.2436
10.6771 -9.82728 -10.2568
10.6413 -9.84476 -10.2168
10.6643 -9.86352 -10.2199
10.6991 -9.84192 -10.2474
10.6777 -9.83254 -10.1787
10.6621 -9.83659 -10.208
10.6029 -9.87015 -10.2201
10.5894 -9.88237 -10.193
10.3897 -9.82717 -10.1693
10.2785 -9.8564 -10.1348
10.3613 -9.91301 -10.2308
10.5303 -9.96598 -10.1845
10.5115 -9.95858 -10.18
10.4905 -10.0071 -10.1826
10.5072 -9.90118 -10.1686
10.5275 -9.85334 -10.1961
10.4714 -9.83912 -10.1659
10.51 -9.83272 -10.159
10.5921 -9.85001 -10.1533
10.4887 -9.78599 -10.2095
10.352 -9.8674 -10.1829
10.3942 -9.89002 -10.2072
10.4385 -9.85642 -10.1884
10.5778 -9.81249 -10.1667
10.5693 -9.86222 -10.0459
10.6626 -9.8903 -10.1688
10.664 -9.87172 -10.239
10.6729 -9.86018 -10.0745
10.6861 -9.81846 -10.1507
10.7193 -9.81748 -10.1021
10.6985 -9.83519 -10.046
10.7235 -9.79035 -10.0995
10.7012 -9.8173 -10.1046
10.6846 -9.82533 -10.153
10.6889 -9.78004 -10.1671
10.6508 -9.83285 -10.1675
10.6155 -9.86208 -10.1402
10.6027 -9.85836 -10.222
10.6382 -9.86951 -10.1608
10.6409 -9.80577 -10.1147
10.6349 -9.81822 -10.1642
10.554 -9.82618 -10.1695
10.4831 -9.83079 -10.1394
10.6222 -9.78918 -10.1668
10.5683 -9.7696 -10.147
10.5835 -9.78722 -10.1351
10.5527 -9.75373 -10.2095
10.5263 -9.74331 -10.1806
10.4543 -9.74732 -10.1824
10.4885 -9.76839 -10.2057
10.5401 -9.77342 -10.1405
10.5455 -9.70731 -10.2137
10.5704 -9.69547 -10.204
10.577 -9.76312 -10.1967
10.6024 -9.76536 -10.2491
10.5646 -9.77829 -10.2148
10.586 -9.78012 -10.2639
10.4989 -9.81799 -10.2948
10.4392 -9.8123 -10.2998
10.5785 -9.7905 -10.2671
10.5844 -9.81629 -10.272
10.5907 -9.78335 -10.2943
10.4733 -9.73113 -10.3557
10.5368 -9.75775 -10.3338
10.5868 -9.74827 -10.3822
10.5573 -9.76288 -10.3137
10.4944 -9.78953 -10.3142
10.4568 -9.80033 -10.3078
10.491 -9.78733 -10.3027
10.4906 -9.76727 -10.2953
10.5071 -9.78531 -10.2925
10.5249 -9.77171 -10.3352
10.5645 -9.77226 -10.3544
10.5347 -9.79293 -10.3809
10.5517 -9.78828 -10.3008
10.595 -9.75983 -10.3051
10.535 -9.77713 -10.2861
10.4325 -9.7822 -10.3581
10.5971 -9.77233 -10.3321
10.6425 -9.77196 -10.2473
10.6507 -9.77713 -10.2498
10.7444 -9.76179 -10.2746
10.6231 -9.75496 -10.2634
10.5307 -9.76335 -10.2757
10.6256 -9.77665 -10.3377
10.4889 -9.7881 -10.312
10.399 -9.79387 -10.3517
10.4023 -9.83085 -10.3467
10.4967 -9.83512 -10.3437
10.5122 -9.82622 -10.3985
10.3725 -9.84594 -10.3315
10.3428 -9.86064 -10.3256
10.4741 -9.82569 -10.3999
10.5024 -9.89488 -10.2933
10.3746 -9.85127 -10.3239
10.2398 -9.84221 -10.3191
10.2672 -9.85977 -10.3499
10.2557 -9.84482 -10.2472
10.2397 -9.84747 -10.202
10.1369 -9.84838 -10.1866
10.0062 -9.86347 -10.2407
9.91358 -9.86575 -10.2347
9.90887 -9.85013 -10.2183
9.84453 -9.90922 -10.2574
9.88835 -9.89638 -10.2412
9.83858 -9.83823 -10.271
9.88097 -9.86573 -10.2203
9.92656 -9.97671 -10.2281
10.0767 -9.92489 -10.2818
10.1941 -9.86483 -10.2833
10.1187 -9.8989 -10.2569
10.1385 -9.91736 -10.2671
10.0535 -9.91768 -10.3529
10.073 -9.9423 -10.354
10.0914 -9.86521 -10.3172
10.1052 -9.865 -10.3237
10.0802 -9.79819 -10.3097
10.2043 -9.80932 -10.3079
10.1998 -9.79193 -10.361
10.1689 -9.80208 -10.3343
10.1931 -9.815 -10.3337
10.202 -9.79824 -10.3405
10.243 -9.76766 -10.3223
10.2187 -9.66215 -10.287
10.1978 -9.61132 -10.3272
10.233 -9.63833 -10.3305
10.2159 -9.60559 -10.2908
10.2278 -9.60508 -10.227
10.2227 -9.53835 -10.2723
10.2159 -9.59152 -10.3064
10.216 -9.56605 -10.302
10.2351 -9.54305 -10.191
10.2138 -9.68192 -10.2036
10.2163 -9.7866 -10.1592
10.2113 -9.76072 -10.1789
10.2221 -9.81079 -10.2004
10.2077 -9.77305 -10.1942
10.213 -9.82799 -10.1551
10.2162 -9.70926 -10.1551
10.216 -9.77052 -10.0672
10.2107 -9.76394 -10.0743
10.2143 -9.75904 -9.99832
10.2244 -9.7108 -10.0164
10.2301 -9.75574 -9.96227
10.2199 -9.73971 -10.0071
10.2208 -9.73912 -9.9213
10.2339 -9.71589 -9.98207
10.244 -9.78638 -10.0455
10.2291 -9.83872 -10.0599
10.2473 -9.79383 -10.0674
10.2485 -9.78675 -10.0506
10.2912 -9.77336 -10.0548
10.2788 -9.68533 -10.0808
10.2816 -9.59841 -10.143
10.2325 -9.62691 -10.0564
10.2181 -9.6947 -10.0783
10.2127 -9.72497 -10.0805
10.1417 -9.76949 -10.1269
10.1942 -9.7756 -10.057
10.2359 -9.78474 -10.093
10.2194 -9.77659 -10.0855
10.2134 -9.77538 -10.0825
10.2225 -9.7837 -10.0822
10.2243 -9.79673 -10.0971
10.2263 -9.84095 -10.0814
10.2201 -9.82431 -10.0551
10.239 -9.81602 -10.065
10.2182 -9.80295 -10.1197
10.2171 -9.84302 -10.1126
10.2151 -9.79222 -10.0696
10.2178 -9.79975 -10.0919
10.1853 -9.75711 -10.0618
10.1767 -9.76322 -10.0844
10.1455 -9.74377 -10.0393
10.2093 -9.75814 -10.0842
10.1931 -9.7508 -10.0654
10.2084 -9.75594 -10.1216
10.2038 -9.74569 -10.0998
10.2054 -9.72473 -10.0554
10.2105 -9.75232 -10.0701
10.2082 -9.80529 -9.98318
10.2123 -9.80601 -10.035
10.2139 -9.78711 -10.0058
10.2071 -9.73298 -10.0362
10.221 -9.77745 -10.0815
10.2158 -9.76604 -10.1162
10.2123 -9.76011 -10.12
10.2181 -9.78044 -10.1068
10.2071 -9.82169 -10.0665
10.2152 -9.85767 -10.0602
10.2181 -9.77255 -10.0976
10.2206 -9.7599 -10.1196
10.2176 -9.814 -10.1869
10.2181 -9.81155 -10.1646
10.2185 -9.73399 -10.1444
10.2195 -9.74769 -10.1318
10.2029 -9.76195 -10.1894
10.2102 -9.78948 -10.1759
10.2181 -9.85968 -10.2228
10.2168 -9.8407 -10.2449
10.2181 -9.84099 -10.1927
10.226 -9.86021 -10.2003
10.2176 -9.85536 -10.1833
10.2184 -9.86962 -10.1953
10.2026 -9.85375 -10.1815
10.208 -9.85253 -10.1493
10.2173 -9.84746 -10.2166
10.2121 -9.86003 -10.1798
10.2154 -9.84976 -10.2227
10.2107 -9.86221 -10.2112
10.2001 -9.86196 -10.2039
10.245 -9.87202 -10.2389
10.2159 -9.8741 -10.2831
10.2386 -9.90296 -10.2539
10.1992 -9.89009 -10.2694
10.2613 -9.89871 -10.15
10.2616 -9.8809 -10.2236
10.1918 -9.88628 -10.2041
