1200 100
0.672 0.707123
0.763 0.779611
0.863 0.877108
0.88 0.966567
0.926 0.967491
0.973 0.923194
1.027 0.991262
1.029 1.07323
1.025 1.05343
1.051 1.01341
1.042 0.991227
1.051 1.1035
1.03 1.02212
1.077 1.15823
1.123 1.07495
1.072 1.11793
1.113 1.03727
1.146 1.13982
1.105 1.18316
1.176 1.1742
1.188 1.21187
1.151 1.18939
1.205 1.18416
1.187 1.10914
1.163 1.12355
1.186 1.15256
1.183 1.10662
1.274 1.22815
1.223 1.19246
1.237 1.19803
1.197 1.18337
1.201 1.21782
1.239 1.12701
1.237 1.13196
1.24 1.1976
1.301 1.22162
1.319 1.29253
1.338 1.38514
1.286 1.31752
1.338 1.29705
1.341 1.36408
1.305 1.33931
1.356 1.26453
1.375 1.43581
1.362 1.39235
1.415 1.44622
1.423 1.40347
1.38 1.403
1.417 1.37649
1.39 1.36527
1.405 1.33031
1.416 1.48843
1.378 1.30442
1.443 1.43619
1.455 1.37935
1.431 1.42667
1.46 1.33974
1.439 1.36164
1.443 1.42017
1.554 1.59868
1.458 1.45369
1.455 1.40138
1.459 1.34166
1.488 1.42929
1.486 1.51532
1.43 1.43053
1.44 1.43383
1.449 1.53093
1.452 1.46516
1.452 1.44714
1.521 1.52108
1.475 1.49287
1.499 1.55355
1.495 1.61559
1.464 1.55226
1.513 1.60343
1.488 1.55741
1.515 1.54332
1.531 1.52256
1.513 1.53937
1.45 1.45095
1.524 1.60903
1.481 1.49914
1.519 1.53317
1.524 1.44287
1.497 1.50149
1.509 1.49541
1.478 1.51703
1.508 1.50544
1.576 1.59182
1.508 1.44939
1.525 1.58496
1.508 1.62957
1.532 1.61659
1.515 1.49127
1.547 1.53933
1.553 1.63082
1.557 1.66442
1.59 1.70961
1.535 1.57835
1.554 1.62271
1.605 1.66464
1.634 1.61766
1.564 1.46137
1.577 1.50558
1.539 1.63612
1.527 1.55683
1.522 1.45897
1.563 1.49553
1.559 1.61614
1.539 1.54803
1.574 1.52205
1.577 1.49757
1.527 1.49877
1.546 1.59548
1.58 1.71732
1.561 1.57385
1.575 1.58396
1.642 1.61545
1.602 1.72132
1.673 1.69376
1.636 1.67718
1.618 1.59567
1.616 1.59013
1.635 1.65543
1.666 1.71816
1.643 1.56512
1.665 1.66244
1.579 1.53329
1.619 1.55339
1.63 1.71882
1.607 1.54209
1.612 1.59305
1.623 1.52039
1.607 1.57413
1.631 1.57041
1.61 1.54745
1.628 1.62124
1.619 1.64548
1.658 1.61865
1.684 1.78793
1.657 1.67302
1.619 1.63147
1.662 1.67743
1.686 1.67508
1.711 1.64913
1.736 1.61592
1.706 1.74731
1.671 1.67644
1.641 1.53565
1.661 1.69377
1.651 1.62282
1.665 1.70448
1.664 1.68479
1.704 1.76215
1.73 1.62472
1.642 1.68552
1.696 1.55514
1.655 1.65963
1.678 1.67199
1.706 1.65922
1.725 1.77315
1.694 1.74811
1.728 1.80182
1.737 1.85769
1.714 1.68189
1.683 1.60211
1.748 1.64214
1.712 1.73279
1.696 1.67926
1.641 1.53365
1.692 1.64078
1.666 1.63208
1.653 1.71831
1.662 1.80156
1.671 1.7425
1.66 1.67007
1.682 1.65053
1.701 1.63724
1.696 1.75534
1.737 1.81164
1.714 1.66587
1.703 1.65244
1.73 1.68278
1.724 1.74357
1.741 1.74166
1.709 1.73806
1.696 1.63322
1.74 1.77217
1.737 1.74357
1.72 1.81942
1.751 1.69069
1.732 1.65583
1.717 1.76468
1.75 1.64915
1.715 1.69147
1.757 1.75971
1.712 1.82288
1.748 1.73423
1.756 1.75422
2.159 1.93165
2.252 2.18868
2.281 2.2563
2.303 2.30149
2.283 2.19711
2.28 2.31592
2.313 2.38542
2.341 2.42715
2.418 2.44172
2.432 2.49587
2.509 2.45638
2.466 2.41526
2.528 2.44967
2.477 2.40988
2.595 2.53151
2.585 2.6254
2.586 2.62723
2.66 2.81321
2.647 2.56696
2.683 2.54105
2.747 2.69969
2.724 2.64847
2.766 2.66991
2.834 2.73118
2.798 2.72192
2.804 2.77035
2.844 2.91258
2.852 2.82092
2.831 2.85529
2.842 2.70975
2.896 2.93212
2.872 2.99661
2.899 2.87768
2.989 3.10999
3.01 3.15506
2.917 3.1933
2.967 3.17308
2.987 2.96179
3.033 3.28319
3.019 2.99363
3.083 3.35547
3.051 2.96937
3.104 3.16235
3.116 3.1577
3.157 3.08143
3.191 3.12965
3.122 3.10022
3.212 3.38244
3.234 3.33458
3.305 3.1211
3.29 3.53544
3.336 3.4986
3.401 3.46366
3.404 3.32211
3.389 3.25894
3.399 3.32312
3.473 3.18446
3.491 3.31724
3.543 3.43158
3.56 3.598
3.586 3.51412
3.604 3.30048
3.674 3.68141
3.602 3.56716
3.633 3.45777
3.7 3.80781
3.625 3.88226
3.668 3.45523
3.703 3.53633
3.683 3.43995
3.722 3.44616
3.757 3.7477
3.829 3.85762
3.772 3.54756
3.804 3.44903
3.794 3.79336
3.845 3.54052
3.857 3.68023
3.842 3.54858
3.962 3.8424
3.896 3.64683
3.921 3.95471
3.946 3.69878
3.961 3.94142
4.026 3.71904
3.999 3.73473
4.03 3.65676
4 3.65566
4.076 3.75598
4.11 3.76567
4.168 3.75153
4.251 3.72973
4.264 3.77408
4.278 4.19291
4.188 3.83249
4.233 3.7925
4.377 3.73661
4.312 3.97463
4.391 4.08821
4.404 3.85464
4.373 3.83971
4.355 3.89887
4.392 3.99033
4.421 3.81958
4.45 4.12763
4.518 3.96564
4.545 4.07405
4.565 4.3241
4.605 4.25323
4.604 4.17736
4.633 4.19851
4.604 4.17736
4.624 4.2789
4.697 4.16736
4.653 4.22482
4.716 4.39374
4.727 4.30077
4.72 4.22783
4.798 4.45365
4.793 4.47463
4.835 4.33411
4.847 4.39398
4.882 4.37045
4.917 4.60071
4.942 4.61725
5.012 4.6405
4.891 4.22334
5.092 4.61415
5.029 4.47463
5.061 4.50979
5.053 4.5047
5.064 4.53444
5.049 4.42903
5.117 4.64395
5.113 4.48271
5.155 4.44942
5.187 4.48652
5.228 4.86488
5.203 4.84263
5.245 4.61559
5.23 4.5977
5.229 4.53309
5.293 4.73589
5.31 4.76667
5.375 4.67305
5.32 4.36797
5.359 4.77289
5.456 4.85692
5.484 4.58032
5.471 4.70787
5.507 4.89885
5.492 4.68462
5.589 4.97305
5.607 4.79535
5.586 4.66527
5.603 5.24063
5.65 5.23874
5.663 4.86029
5.681 5.0643
5.752 5.08158
5.685 4.84662
5.729 4.78835
5.789 5.14763
5.771 5.26582
5.861 5.28296
5.822 5.03335
5.85 5.34284
5.903 5.26486
5.905 5.38936
5.876 5.55418
5.89 5.52543
5.924 5.33956
6.015 5.46024
5.956 5.36743
5.964 5.57228
6.063 5.49853
6.016 5.5553
6.086 5.74235
6.109 5.3765
6.128 5.90552
6.171 5.70346
6.186 5.4929
6.186 5.37678
6.176 5.42645
6.242 5.67711
6.277 5.61188
6.289 5.72721
6.319 6.00925
6.288 5.85291
6.342 5.77481
6.377 6.02089
6.368 5.94052
6.413 5.63006
6.449 6.05746
6.486 5.84365
6.53 6.02112
6.531 5.80885
6.484 5.96771
6.529 6.28144
6.568 5.98937
6.536 6.01672
6.529 6.17533
6.565 5.99377
6.629 6.3377
6.648 6.4045
6.672 6.44486
6.645 6.40738
6.724 6.55838
6.696 6.8144
6.691 6.56008
6.736 6.57888
6.766 6.54379
6.865 6.75953
6.839 6.75383
6.822 6.5829
6.876 7.25988
6.898 6.97057
6.909 7.02374
7.059 7.1807
7.036 7.13784
7.035 7.20898
7.008 6.6606
7.044 7.21928
7.072 7.61443
7.094 7.25642
7.118 7.44752
7.153 7.35695
7.151 7.32552
7.192 6.85799
7.2 7.18118
7.167 6.85597
7.219 6.90795
7.227 6.66213
7.291 7.00132
7.29 7.09499
7.287 6.9716
7.294 6.94851
7.326 7.18291
7.323 7.53821
7.328 7.27369
7.387 7.28452
7.383 7.58189
7.453 7.32512
7.459 6.9793
7.392 7.53988
7.468 7.37835
7.536 6.91362
7.549 7.24284
7.512 7.17904
7.539 7.16164
7.569 6.9642
7.54 7.08749
7.578 7.40332
7.685 7.71349
7.685 7.59337
7.678 7.46979
7.699 7.31772
7.743 7.2482
7.743 7.31827
7.79 7.54344
7.754 7.60909
7.788 7.49055
7.739 7.63051
7.84 7.602
7.879 7.32368
7.85 7.58108
7.832 7.36514
7.907 7.57392
7.973 7.58185
7.981 7.8605
7.96 7.84224
8.055 7.73971
8.017 8.29501
8.048 8.04374
8.108 8.02636
8.063 7.74077
8.152 8.25115
8.157 8.08644
8.149 8.25505
8.138 8.041
8.171 7.90166
8.127 8.03891
8.167 8.04516
8.239 8.43832
8.279 8.40556
8.251 8.14014
8.361 8.00468
8.297 8.25304
8.39 8.27417
8.393 8.32888
8.364 8.16767
8.396 8.20139
8.4 8.05806
8.353 7.95435
8.472 7.9872
8.502 8.13613
8.457 8.07423
8.55 8.54605
8.575 8.20258
8.594 8.3395
8.541 8.0824
8.594 8.11928
8.571 8.31127
8.573 8.31098
8.594 8.69186
8.604 8.44363
8.689 8.63491
8.712 8.47153
8.815 8.84562
8.762 8.71007
8.803 8.96916
8.792 8.91165
8.875 8.64802
8.917 8.6888
8.952 8.71241
8.917 8.74686
8.943 8.50025
8.97 8.74585
8.956 8.48455
8.974 8.60193
8.985 8.5273
9.023 8.81128
9.087 8.4719
9.069 8.92717
9.038 8.91948
9.135 8.95173
9.133 8.85817
9.21 8.82673
9.177 9.15082
9.204 9.18157
9.212 9.03209
9.278 9.36608
9.224 9.05087
9.355 9.51649
9.314 9.02443
9.326 9.10883
9.343 9.35471
9.375 9.21959
9.366 9.56961
9.316 9.29344
9.444 9.5384
9.475 9.4208
9.484 9.58933
9.419 9.34679
9.494 9.69566
9.487 9.35519
9.59 9.26517
9.553 9.17236
9.61 9.29119
9.671 9.39215
9.652 9.54444
9.647 9.5119
9.687 9.83286
9.696 9.7173
9.725 9.65103
9.747 9.29629
9.786 9.6919
9.833 10.0772
9.808 9.69883
9.886 9.999
9.912 9.98224
9.915 9.83161
9.945 9.8238
9.983 9.63635
9.987 9.83467
9.949 9.7001
10.01 9.78569
9.976 9.60103
9.976 9.89532
10.053 9.74994
10.016 9.42917
10.042 9.87011
10.116 9.92447
10.137 9.90614
10.111 9.94663
10.227 10.2057
10.177 10.0417
10.21 9.92583
10.273 10.0665
10.265 10.0889
10.272 10.0541
10.335 10.219
10.277 10.4127
10.306 10.1105
10.31 9.92783
10.392 10.4288
10.389 10.3921
10.396 10.1994
10.426 10.3128
10.443 10.4972
10.502 10.4264
10.524 10.2357
10.51 10.5985
10.561 10.3426
10.577 10.7108
10.608 10.5589
10.571 10.1851
10.674 10.7224
10.596 10.7395
10.645 10.3794
10.577 10.4725
10.669 10.7262
10.675 10.8983
10.679 11.1131
10.753 10.7027
10.761 10.8567
10.763 10.2831
10.849 10.5688
10.923 10.8219
10.895 10.4004
10.911 11.1502
10.902 10.7992
10.937 10.6957
10.973 10.5368
10.948 10.5258
10.998 10.985
10.973 10.761
11.026 10.8662
11.022 10.6101
11.016 10.3441
11.071 10.9109
11.149 11.182
11.117 10.8602
11.113 11.0393
11.127 11.126
11.12 10.374
11.141 10.5276
11.217 10.8227
11.195 10.8919
11.201 11.1878
11.234 11.1684
11.313 11.2303
11.392 11.2156
11.412 11.3436
11.403 11.2578
11.392 11.1935
11.442 11.2839
11.412 11.3756
11.433 11.4049
11.452 11.1889
11.478 11.3669
11.487 11.2631
11.46 10.9233
11.525 11.3707
11.52 11.2609
11.576 11.782
11.622 11.2564
11.612 11.3488
11.626 11.1413
11.681 11.4527
11.652 11.6265
11.723 11.4497
11.742 11.7592
11.743 11.8408
11.778 11.8946
11.713 11.6002
11.73 11.1723
11.771 11.7683
11.793 11.7619
11.8 11.7277
11.849 11.5938
11.942 11.7204
11.916 11.3983
12.014 11.5634
11.991 11.6586
11.909 11.9447
12.035 11.7655
12.071 12.066
12.072 11.6985
12.036 11.5623
12.02 12.0376
12.099 11.9111
12.063 11.8649
12.038 11.5121
12.058 12.0287
12.1 12.2022
12.19 12.3422
12.258 12.1756
12.238 12.7481
12.218 12.1867
12.275 12.6761
12.311 12.2525
12.255 12.2783
12.319 12.4437
12.34 12.0865
12.427 12.4451
12.495 12.4284
12.504 12.6927
12.451 12.446
12.422 12.5665
12.531 12.3514
12.489 12.5464
12.538 12.1948
12.573 12.5933
12.514 12.3201
12.554 12.3394
12.549 12.6282
12.637 12.3356
12.699 12.7351
12.671 12.4732
12.677 12.5332
12.683 12.7012
12.729 12.8244
12.762 12.7541
12.819 12.755
12.814 12.602
12.86 12.5289
12.781 12.4195
12.815 12.6674
12.855 13.2032
12.847 12.7624
12.927 12.2139
12.959 12.702
12.935 12.9918
12.93 12.924
13.014 12.7886
12.95 12.6121
12.986 12.8707
13.009 12.8638
13.112 12.7983
13.004 13.1351
13.018 13.5452
13.068 13.1005
13.086 13.1177
13.176 13.2803
13.218 13.2217
13.167 13.1743
13.197 13.3075
13.21 12.9388
13.287 13.0036
13.299 13.0246
13.311 12.8932
13.412 13.1834
13.423 13.2834
13.365 13.187
13.361 13.5723
13.422 13.0289
13.386 12.8338
13.444 13.2601
13.49 13.071
13.501 13.2993
13.513 13.4653
13.511 13.3232
13.522 12.8804
13.517 12.5943
13.535 13.1139
13.594 13.1143
13.625 13.2176
13.684 13.3975
13.65 13.0445
13.719 12.965
13.661 12.965
13.706 13.1587
13.732 13.2714
13.83 13.4766
13.797 13.7235
13.765 13.4632
13.919 13.9023
13.824 14.0331
13.896 13.3465
13.905 13.7077
13.913 13.8533
13.929 13.9399
13.97 13.9851
14.04 13.8182
13.999 13.7688
14.013 13.158
13.996 13.4134
14.036 13.2339
14.116 13.466
14.049 13.7383
14.079 13.8186
14.102 13.8995
14.101 13.4523
14.176 13.7868
14.204 13.9263
14.262 14.1775
14.246 14.2157
14.267 14.3
14.29 14.074
14.265 13.8326
14.351 13.6835
14.37 14.0972
14.437 13.8178
14.424 14.0583
14.459 14.2546
14.472 14.0793
14.521 14.1777
14.506 14.2702
14.505 14.4484
14.54 14.3968
14.599 14.6488
14.602 14.2158
14.549 14.3019
14.63 14.3875
14.661 14.3404
14.668 14.3581
14.647 14.3147
14.641 14.4746
14.707 14.2354
14.816 14.0662
14.738 14.4218
14.751 14.4775
14.809 14.4249
14.826 14.6384
14.785 13.9687
14.842 14.8239
14.855 14.4584
14.896 14.4476
14.907 14.4828
14.952 14.2439
14.915 14.4402
14.967 14.6486
14.959 14.5298
15.067 15.0275
15.035 14.7045
15.07 14.93
15.105 14.7747
15.165 14.7185
15.123 14.4924
15.157 14.5249
15.164 14.934
15.175 14.2366
15.184 14.6428
15.207 14.5267
15.28 14.1257
15.297 14.7355
15.32 14.9666
15.381 14.8547
15.34 15.0414
15.354 14.6493
15.38 14.8865
15.427 14.9116
15.406 14.4376
15.509 14.4223
15.449 14.3197
15.512 14.8727
15.478 14.9905
15.525 14.9603
15.603 15.2727
15.655 15.3433
15.664 14.8079
15.612 15.2667
15.645 14.8518
15.692 15.5987
15.718 14.7252
15.76 15.5239
15.716 15.3367
15.761 15.5354
15.731 15.396
15.782 15.3558
15.828 15.3197
15.899 15.4002
15.912 15.1854
15.944 15.6625
15.97 16.0211
15.996 16.044
15.967 15.4774
15.972 15.829
15.988 15.9018
16.014 15.4653
16.069 15.718
16.077 15.8669
16.093 15.5699
16.094 15.7129
16.106 16.2911
16.148 15.8399
16.192 15.7068
16.222 15.5763
16.238 15.7871
16.249 16.2573
16.243 15.6696
16.26 16.0525
16.272 16.0941
16.347 16.7133
16.368 16.1727
16.383 16.2245
16.406 16.7659
16.398 16.444
16.408 16.0296
16.401 16.4727
16.44 15.9744
16.48 16.5201
16.486 16.2841
16.507 16.5325
16.557 16.6014
16.559 16.6412
16.657 16.3117
16.571 16.4614
16.626 16.2344
16.601 16.8286
16.634 16.8089
16.651 16.9522
16.631 16.2971
16.762 16.5439
16.695 15.8198
16.775 16.7772
16.73 16.6898
16.786 16.5968
16.836 16.6618
16.868 16.5972
16.858 16.0959
16.87 16.4836
16.92 16.7584
16.901 16.2034
16.939 16.9462
17.002 16.6967
16.999 16.8679
17.001 17.1922
16.967 16.4864
16.999 17.0661
16.968 16.7717
17.041 16.7401
17.078 16.8688
17.126 16.6948
17.103 16.4148
17.12 17.0887
17.105 17.1171
17.12 17.0647
17.204 16.9133
17.231 17.1628
17.203 17.253
17.305 17.3313
17.327 17.946
17.309 17.3409
17.322 17.0874
17.369 17.206
17.315 16.7926
17.412 17.1694
17.385 17.4302
17.47 17.2584
17.498 17.3473
17.458 17.4877
17.516 17.3231
17.452 17.6213
17.546 17.6535
17.567 17.499
17.57 17.4846
17.589 18.3544
17.584 17.7207
17.626 17.5677
17.621 17.3267
17.685 18.0899
17.713 17.8765
17.745 17.2272
17.763 17.6725
17.85 17.2908
17.823 17.4691
17.819 17.6379
17.748 17.9464
17.814 17.8833
17.83 17.7248
17.904 17.6965
17.902 17.9183
17.951 18.0066
17.904 17.4823
17.896 17.5347
17.944 17.9288
17.944 18.1991
17.953 17.8767
18.044 18.0421
18.158 18.2553
18.117 18.2776
18.138 19.012
18.12 18.8004
18.141 18.2293
18.161 18.5937
18.221 18.3405
18.205 18.1772
18.254 18.2177
18.238 18.2436
18.238 17.9093
18.252 18.1166
