40 25 1
0 -0.00432901
-0.000681229 -0.0321584 -0.00061843
-0.00247372 -0.115028 -0.00198279
0.00137023 -0.150708 -0.00595664
-0.00916546 -0.190529 -0.0133891
-0.0116656 -0.202234 -0.049171
-0.0129699 -0.221873 -0.0668107
-0.0122129 -0.257674 -0.0993872
-0.00111451 -0.231872 -0.146806
-0.0119697 -0.230759 -0.188077
-0.0160792 -0.205319 -0.191251
-0.00927646 -0.200431 -0.228116
-0.0229501 -0.216216 -0.268434
-0.0336614 -0.309431 -0.305404
-0.0317521 -0.427842 -0.309188
-0.046414 -0.549671 -0.332025
-0.0455731 -0.714982 -0.330805
-0.0526589 -0.795884 -0.323315
-0.0273889 -0.802019 -0.358149
-0.0762922 -0.949631 -0.359441
-0.0663563 -1.02397 -0.362202
0.0451404 -1.09566 -0.356429
0.0611013 -1.15623 -0.348093
0.126997 -1.37336 -0.329166
0.255766 -1.5185 -0.385794
0.338284 -1.64019 -0.354262
0.619788 -1.71779 -0.534954
0.671949 -1.7642 -0.66143
0.751144 -1.91456 -0.675971
1.04059 -2.09085 -0.753269
1.38913 -2.16772 -0.769012
1.53203 -2.11256 -0.800371
1.81572 -2.20099 -0.809165
1.99066 -2.1268 -0.776399
2.17541 -2.16224 -0.854281
2.30723 -2.2466 -0.932967
2.2477 -2.2971 -0.969026
2.20505 -2.34572 -1.01199
2.20941 -2.2999 -1.0222
2.32464 -2.40141 -1.03994
