783
0.00919751 85013
0.0034883 5033
0.0134749 34975
0.0278559 84957
0.016147 85000
0.216588 14989
0.00620641 84954
0.00164035 15047
0.112869 14982
0.08465 55049
0.0772449 75041
0.0663326 94971
0.00370101 35004
0.0239523 65036
0.0428066 14950
0.000875766 72587
0.0353849 14976
0.000259055 4996
0.0358679 34955
0.0178944 24967
0.0597627 44959
0.000303346 34978
0.000387729 45049
0.214079 45008
0.00419182 40673
0.0053579 14964
0.00933965 5004
0.00497451 24955
0.00441774 24952
0.029444 44992
2.0103e-05 25033
0.0253535 84994
0.0173115 64956
0.0176244 85029
0.108365 24968
0.0475288 85020
0.025732 34973
1.04649e-05 15000
0.0138136 34988
0.00145649 95034
0.0511022 44982
1.3763e-05 84975
0.115422 24961
0.0369985 34966
0.00798761 65036
0.0299784 55014
0.0850038 84962
0.00628819 94952
0.178444 34953
0.0439237 35029
0.137082 4960
0.0129203 54973
0.00115483 85021
0.0199853 34991
0.0822066 4950
0.109451 24966
0.00117786 65038
0.0252703 35004
0.000492609 94990
0.00455132 24978
0.03483 94954
3.90652e-05 54959
0.00229448 5013
0.0453992 84983
0.00934107 34997
0.00126384 64973
0.00123582 65009
0.0122933 14959
0.0459202 75001
0.0263569 74957
0.00551358 5018
0.000610388 95004
0.0342552 25038
0.11695 94996
0.0229962 4977
0.0668683 45035
0.537553 95007
0.0352986 95031
0.00875272 4980
0.233552 5019
0.00117177 25007
0.000678146 84957
8.69685e-05 25030
0.00460445 95024
0.000960961 74953
0.0659747 14976
0.0169738 34957
0.0593361 34959
0.000573391 94959
0.189184 44950
0.000673456 74965
0.0170948 25014
0.128776 24983
0.12722 94950
0.00717613 33444
0.00426814 19322
0.0020896 3110
0.000125016 15913
0.00162764 81573
0.000750563 40858
0.000250063 73968
0.00302846 82936
0.000125016 44631
0.00804579 32454
0.00489888 83689
0.00187852 64513
0.001001 75200
0.000125016 71130
0.00137689 28139
0.000125016 30579
0.000125016 39379
0.000250063 38106
0.00238065 15924
0.000750563 71367
4.16823e-05 6115
0.000375141 67849
0.0134819 59443
0.00408746 32534
0.000750563 58648
0.00050025 76746
0.000250063 44421
0.00616275 3268
0.00125156 70229
0.00871558 13684
0.00590972 3471
0.00112627 39733
0.000108227 89789
0.000875766 42960
0.000375141 47952
0.000250063 16249
0.00763118 81831
0.00376412 88973
0.00949763 93136
0.000125016 93502
0.00806452 40431
0.0032606 61647
0.000125016 42922
0.00225507 26971
0.000125016 3223
0.000750563 49978
0.000475945 80233
0.000250063 72806
0.00050025 40301
0.00050025 73741
0.00050025 12419
0.00125156 73729
0.00898908 69332
0.000875766 42288
0.000375141 93726
0.00258046 72446
0.000125016 25675
0.000125016 68446
0.00895447 58803
0.000125016 25466
0.000625391 38983
0.000375141 92171
0.00338643 73349
0.000125016 88434
0.000125016 99459
0.001001 15279
0.000375141 54222
2.78404e-05 12271
0.00419528 97366
0.0031348 3215
0.000875766 17086
0.000250063 64998
0.000250063 46756
0.000250063 87549
0.000125016 24200
0.000250063 69748
0.000452261 42436
0.000625391 1350
0.00617535 20020
0.000125016 96022
0.000375141 54260
0.000125016 37207
0.000375141 69669
0.000875766 78310
0.000125016 81732
0.000750563 73880
0.000125016 92419
0.00112627 62854
0.00426814 91564
0.000875766 60190
0.000250063 70092
0.00162764 44596
0.000125016 16556
0.000250063 14259
0.00125156 25522
0.000125016 87440
0.000125016 68790
0.000875766 63391
0.00203741 1806
0.000125016 31153
0.000361061 73664
0.000125016 53845
0.00150225 84677
0.000125016 1818
0.000625391 6394
0.00449717 7547
0.000375141 71741
0.000125016 66005
0.000125016 19821
0.00112627 9665
0.0066233 37296
0.000125016 66182
0.000625391 67405
0.00050025 83515
0.000125016 3104
0.001001 12616
0.00187852 19061
0.00250627 13734
0.000250063 90070
0.00212953 39207
0.00187852 89666
0.000125016 70439
0.000125016 87432
0.0031348 74859
0.000375141 37523
0.00250627 38616
0.000125016 49049
0.00050025 20520
0.000125016 93499
0.000125016 75418
0.00162764 49267
0.00050025 53490
0.00708795 56286
0.000125016 73817
0.000750563 5908
0.000250063 93172
0.0031348 96709
0.00175307 4348
0.000250063 42120
0.00150225 74692
0.00150225 216
0.000875766 54148
0.000125016 11119
0.00112627 36670
0.000125016 31385
0.00190584 25176
0.000625391 34713
0.000250063 63936
0.000125016 9588
0.00050025 6567
0.000807319 12874
0.00162764 1820
0.000125016 70807
0.00175307 13210
0.000125016 74155
0.00288329 12410
0.000125016 82915
0.00187852 69185
0.00162764 83839
0.000250063 29613
0.000750563 40132
0.00112627 72041
0.00112627 75774
0.000375141 99026
0.00125156 67207
0.000375141 52673
0.000225141 3272
0.00150225 10205
0.000625391 3926
0.000125016 25659
0.00376412 7165
0.000125016 94980
0.000625391 58443
0.000625391 54862
0.000375141 31415
0.00125156 9458
0.00050025 12914
0.000125016 98475
0.00654253 81128
0.00050025 22661
0.000125016 76134
0.000125016 67458
0.00502513 3930
0.000875766 27784
0.000750563 65946
0.00112627 74357
0.000125016 5916
0.00125156 65681
0.000625391 27017
0.000625391 38536
0.000125016 39973
0.00224992 33596
0.00263191 17915
0.00050025 55593
0.000250063 31158
0.000250063 66942
0.000625391 69036
0.000375141 24764
0.001001 13839
0.000125016 12144
0.0020896 20078
0.000250063 90037
0.000375141 67359
0.00238065 14898
0.000125016 22840
0.000875766 53977
0.00050025 55115
0.000375141 75071
0.000375141 29628
0.00831863 63358
0.000125016 40448
0.00050025 50130
0.000750563 38582
0.000125063 75263
0.000250063 65976
0.000750563 99503
0.000875766 86479
0.000250063 45035
0.000875766 97475
0.000625391 79163
0.000875766 82645
0.000125016 67415
0.000625391 7523
0.000125016 73168
0.000125016 30387
0.00112627 18565
0.000125016 37416
0.0032606 9977
0.000125016 93211
0.000125016 43561
0.000125016 40985
0.00200401 66092
0.00112627 22439
0.000125016 87763
0.00252996 66151
0.000125016 57108
0.000250063 75669
0.00050025 5835
0.000250063 71160
0.00240365 19572
0.000125016 88140
0.000125016 46679
0.001001 82128
0.00189822 44091
0.00351229 54774
0.00050025 14293
0.000125016 2810
0.000125016 68589
0.000333584 53586
0.00376412 85250
0.000250063 57937
0.00125156 19680
0.00175307 41170
0.001001 19545
0.000125016 99623
0.000250063 42351
0.00050025 33668
0.00050025 93864
0.00414209 67141
0.000250063 64759
0.000125016 55384
0.000125016 23883
0.00250627 43270
0.000125016 5535
0.000250063 47626
0.000625391 75359
0.00125156 45198
0.000125016 50253
0.00200401 53722
0.00112627 30905
0.000250063 97975
0.000125016 7521
0.00150225 58697
0.000250063 75495
0.00162764 66923
0.00137689 47003
0.012818 48055
0.001001 41701
0.001001 74838
0.000250063 68846
0.00175307 590
0.000125016 5032
0.000250063 41970
0.000125016 92159
0.000375141 34307
0.000125016 63220
0.0104838 62218
0.00112627 79578
0.00050025 27826
0.000125016 22680
0.00300903 977
0.00363819 21009
0.000125016 75113
0.000250063 91931
0.00150225 47309
0.00162764 97919
0.00125156 87001
0.000125016 93326
0.00464649 35266
0.000369216 70709
0.000250063 4857
0.001001 35037
0.000875766 76205
0.000750563 6014
0.000625391 69350
0.00810974 48462
0.000250063 39534
0.00489888 70504
0.00157518 52113
0.001001 78849
0.000750563 7555
0.00692259 51606
0.0030748 89248
0.00300903 31871
0.0031348 63795
0.00050025 6054
0.000750563 35719
0.00044682 96684
0.00288329 87245
0.00187852 822
0.000125016 55538
0.000875766 77860
0.000250063 22335
0.00200401 90164
0.0027728 58557
0.000125016 98775
0.000125016 50020
0.0141209 67048
0.00414209 92271
0.000125016 4534
0.00150225 7499
0.001001 74567
0.00050025 50694
0.00150225 47312
0.000125016 65665
0.000375141 58370
0.00250627 99531
0.00363819 90198
0.000625391 78095
0.000125016 916
0.000125016 66749
0.00265329 58067
0.000125016 33036
0.00300903 69669
0.00326171 96339
0.00275758 53978
0.000157828 26406
0.0251762 21122
0.00628931 12015
0.000250063 39918
0.000125016 8634
0.000101199 13077
0.000375141 51446
0.00141098 33432
0.00137689 27706
0.000875766 59475
0.00338643 62054
0.00452034 83465
0.00050025 2930
0.000125016 57034
0.00187852 80261
0.000250063 60616
0.000125016 19899
0.000125016 2920
0.000625391 62984
0.000250063 6966
0.000375141 14975
0.000501002 39010
0.00150225 21309
0.000125016 14336
0.000750563 55279
0.00882724 12987
0.000125016 1189
0.00050025 31814
0.000125016 98092
0.000250063 7137
0.000875766 13097
0.000125016 98294
0.000125016 73339
0.00292914 20934
0.000250063 72142
0.00137689 3705
0.0051514 73718
0.000875766 49759
0.001001 63227
0.0192381 91310
0.000625391 80470
0.00401606 92157
0.00212953 72349
0.000375141 27778
0.00645081 34161
0.00112627 52325
2.50156e-05 94373
0.000250063 12362
0.000125016 65823
0.000875766 71088
0.000125016 83717
0.00212953 32731
0.000625391 47008
0.000125016 26746
0.00178179 4537
0.00351229 67892
0.000125016 39058
0.00527771 7568
0.000125016 69971
0.00150225 6852
0.00464649 26531
0.000125016 18298
0.000100251 44117
0.000125016 83293
0.00112627 64293
0.00162764 9767
0.000625391 51413
0.00050025 18466
0.000250063 71431
0.000125016 38664
0.000750563 10331
0.00200401 75029
0.000125016 88483
0.000125016 68290
0.00565682 71118
0.000250063 39377
0.00150225 33349
0.000375141 5656
0.00050025 45414
0.00238065 61851
0.00768359 61534
0.000125016 24964
0.00050025 95181
0.000250063 7071
0.000250063 65666
0.000375141 32426
0.000625391 67478
0.000250063 84037
0.000125016 7946
0.000375141 77447
0.000250063 65973
0.00050025 67914
0.000125016 85138
0.000125016 16369
0.00212953 47863
0.00050025 21287
0.000250063 75026
0.001001 36223
0.00050025 49228
0.00857287 57965
0.00578325 90852
0.000250063 98215
0.000375141 37164
0.00363819 68931
0.00050025 40461
0.000125016 11827
0.000125016 45043
0.000250063 39665
0.000125016 94181
0.00450369 24461
0.000375141 64419
0.000125016 33211
0.000125016 79454
0.000375141 87752
0.000250063 95532
0.000125016 35721
0.000875766 59403
0.000250063 70304
0.000750563 75250
0.000625391 57652
0.000250063 70971
0.000125016 47937
0.000125016 82019
0.000375141 280
0.00175307 43065
0.00288329 17593
0.000125016 77143
0.00125156 57485
0.000125016 18946
0.00125156 99915
0.000250063 92817
0.00200401 65059
0.000375141 52832
0.00502513 65360
0.000375141 54146
0.000248223 38215
0.000750563 8389
0.00540405 72744
0.000375141 44425
0.00050025 37129
0.000125016 48347
0.000250063 82636
0.00200401 50571
0.00122635 197
0.000125016 10069
0.000125016 61329
0.00050025 98893
0.000125016 85571
0.000125016 13286
0.000375141 3441
0.000125016 2826
0.000250063 1381
0.000125016 2714
0.0020896 72662
0.000125016 71816
0.00351229 34883
0.000125016 14363
0.00175307 17051
0.000250063 21979
0.00150225 27900
0.00050025 11877
0.00265329 90319
0.00464649 2709
0.000750563 24984
0.00263191 45832
0.00150225 14364
0.000125016 84146
0.000625391 38947
0.000125016 60510
0.001001 92708
0.00750499 45971
0.00282663 72129
0.000125016 62420
0.0032606 74666
0.001001 74015
0.000125016 51683
0.000250063 58949
0.000125016 99269
0.000375141 86822
0.000125016 67075
0.00050025 11167
0.000375141 41655
0.000250063 38421
0.00351229 67227
0.000250063 49900
0.000125016 33058
0.000125016 26879
0.000625391 97093
0.000250063 82970
0.000125016 73976
0.0064159 55262
0.000375141 34052
0.000125016 83367
0.000250063 5507
0.00162764 77075
0.000125016 9251
0.000125016 75842
0.001001 337
0.000250063 74663
0.000250063 17189
0.00288329 30628
0.000250063 94864
0.00125156 18393
0.00112627 12452
0.000375141 68403
0.000250063 82752
0.000625391 83360
0.00050025 59839
0.000250063 86655
0.00165793 58550
0.0020896 20648
0.000125016 83922
0.000125016 19677
0.000125016 48705
0.00050025 66837
0.000875766 45527
0.00050025 47049
0.000625391 41801
0.000375141 4246
0.000375141 94134
0.00340432 80412
0.00125156 50538
0.000125016 27368
0.000750563 75397
0.000375141 1856
0.000125016 14243
0.001001 42138
0.000625391 40131
0.000125016 73501
0.000875766 68647
0.000625391 11414
0.000125016 1798
0.000125016 76325
0.00351229 3477
0.000250063 51162
0.000375141 38322
0.00150225 58601
0.00212953 20011
0.000250063 2915
0.0031348 94856
0.000250063 83730
0.000750563 19168
0.000125016 64615
0.00540405 75313
0.000625391 41613
0.000125016 16459
0.000375141 57008
0.000125016 51817
0.000750563 88035
0.000125016 95169
0.000125016 49466
0.000250063 85236
0.00116536 55257
0.000375141 9678
0.00050025 3302
0.000250063 36605
0.000250063 76707
0.000125016 28990
0.00275758 96106
0.00112627 11496
0.000625391 78174
0.000125016 82976
0.000250063 26637
0.000750563 86494
0.000375141 65862
0.000875766 26378
0.00187852 81522
0.001001 21969
0.000625391 6388
0.00050025 74496
0.000125016 27617
0.000125016 97929
0.000125016 3205
0.000375141 15629
0.000625391 57823
0.00112627 61330
0.000250063 34740
0.000125016 41873
0.000125016 97493
0.000125016 70850
0.000125016 73744
0.000250063 50065
0.000125016 24740
0.000125016 13351
0.000250063 19526
0.000125016 63374
0.000125016 26833
0.000375141 62487
0.000375141 43760
0.000125016 54237
0.00050025 94031
0.000125016 3553
0.000125016 42007
0.000125016 58513
0.001001 33160
0.000125016 11189
0.000125016 71717
0.000250063 16333
0.000125016 58533
0.000375141 24564
0.000125016 94692
0.000375141 18507
0.000250063 18613
0.000625391 1216
0.000250063 73772
0.000125016 86846
0.000125016 59672
0.000375141 20238
0.000750563 70764
0.000125016 35332
0.000875766 17177
0.000250063 46851
0.000125016 88013
0.000125016 95440
0.000125016 54107
0.000375141 62969
0.000250063 84913
0.000250063 52606
0.000375141 19383
0.000125016 46220
0.000125016 12929
0.000250063 73255
0.000375141 20590
0.000125016 75519
0.000125016 54571
0.000125016 60597
0.000125016 10903
0.00050025 85474
0.000250063 93553
0.000125016 91094
0.000375141 34817
0.000125016 807
0.000250063 74669
0.000125016 82761
0.000125016 75598
0.000250063 92910
0.000125016 39157
0.000250063 53015
0.000250063 16103
0.000125016 20467
0.000125016 17953
0.000125016 18028
0.000125016 53965
