100 100000
11.4371
9.25709
13.0387
4.79752
13.7161
9.43854
9.24718
9.92492
13.5469
8.87802
12.9046
10.7985
7.62891
7.87709
12.2384
10.4413
8.43808
9.03468
11.9501
7.97907
16.636
8.28214
12.1358
12.7506
7.18476
7.69133
8.6677
11.9561
8.91651
9.36372
8.40277
8.63996
-11.266
6.59041
7.50911
11.0584
9.40199
9.86303
13.0262
8.97383
9.43695
7.61609
9.74023
6.24534
4.34098
7.81392
14.8412
11.6249
8.4294
8.75436
7.72332
11.6374
7.8813
12.462
4.67554
7.59182
13.2885
9.3527
16.4932
1.4876
11.1133
11.0167
12.1538
10.7245
4.00877
9.96935
14.3327
9.53385
13.7038
6.69783
8.0324
7.96547
8.97397
9.57682
3.57425
6.23855
4.57981
11.4237
8.64293
9.53407
10.2375
5.0299
12.2562
13.33
6.54017
7.18395
8.02728
13.202
1.05816
11.0351
6.64434
12.8733
10.3527
7.71205
11.88
9.85383
8.04046
8.58724
9.71133
8.29365
10.7254
5.77049
6.35653
11.542
13.5819
10.8152
8.44123
6.90816
7.97695
9.66569
6.9302
9.52246
3.96514
1.1124
9.51351
12.0572
4.16587
6.14158
4.63105
12.202
11.2796
9.31011
4.82892
4.86904
12.2692
10.2659
10.3332
10.9639
10.7423
14.9878
12.6881
5.45481
10.5054
14.3889
11.5752
9.38118
7.72769
1.59108
8.95888
10.4444
6.65632
10.1618
9.92592
7.28094
7.26105
12.0901
13.5551
9.24469
7.14619
4.3057
13.5055
8.18759
2.72662
12.4921
11.744
10.3023
11.0842
8.18378
9.36339
11.0779
7.46596
10.2661
10.2164
9.61307
4.77595
13.1865
5.75379
10.9953
8.76302
11.1054
11.3435
10.7519
4.2661
9.78489
14.7509
10.0211
12.7558
6.04218
7.26121
6.30429
6.81935
9.45306
12.0322
7.45103
9.60804
8.55241
10.1743
13.8755
1.82085
6.99567
7.42324
15.2644
6.99342
10.9764
12.9721
12.9878
12.4652
3.63482
6.71425
10.8614
7.71052
7.79714
7.43905
7.07449
9.75551
9.74878
6.80585
6.81599
11.2851
8.38231
10.527
13.8375
4.86055
6.39084
15.0089
7.6721
11.5835
7.82355
5.43381
9.5642
11.3058
12.1019
7.34383
5.48439
14.082
2.84973
16.637
10.7249
14.7108
8.21204
11.5181
8.79419
8.1891
6.8753
8.63875
12.9531
6.66673
9.28622
12.5747
4.7638
7.55337
7.66991
6.40459
6.17594
10.3417
7.59877
8.75138
6.69545
10.1587
2.45913
8.03526
11.7612
10.5033
10.266
5.66068
11.112
10.8854
12.3575
7.77915
7.21629
8.51002
11.7127
11.243
9.52903
5.94423
13.0538
8.81512
11.4051
15.1684
7.81924
6.58325
0.780509
9.57897
11.0663
11.6566
8.42108
11.2538
10.0593
6.13936
11.3181
6.42765
7.73189
12.7152
16.6953
11.003
10.5377
2.79563
11.3736
10.9308
9.47381
8.92512
7.2257
9.3434
4.93379
10.799
10.1307
8.77937
4.62061
9.68586
10.9138
17.5362
6.7108
6.6861
4.63635
9.08656
9.56402
15.344
9.62713
15.0776
14.7034
12.2073
7.61036
12.3662
12.3345
12.5655
13.8588
4.55364
6.71272
9.16918
6.26753
8.01009
6.22524
12.5091
5.77266
9.43109
7.0451
10.2809
15.1097
8.63338
11.9059
8.02291
8.60209
1.9815
4.82205
7.47731
1.94863
12.8213
12.3244
14.7413
8.1283
9.46605
9.02656
7.02884
11.0602
10.5693
13.8585
4.17002
7.60564
5.6485
11.0901
10.0026
5.56042
14.6208
9.91073
10.793
6.96534
13.6383
8.07014
9.19028
4.26154
11.9012
9.76516
13.7496
11.0935
8.50907
12.0583
13.7673
10.0814
12.2016
9.37208
6.05247
10.5486
6.1489
8.7422
5.67129
-1.83712
9.36
11.2517
12.3169
9.82828
9.59118
5.06963
8.22824
10.2468
12.9101
10.3318
12.3279
9.4199
12.8375
6.08815
11.3212
6.09551
12.0729
6.36552
11.0141
11.869
13.7964
5.48855
6.19383
9.49373
11.03
11.3356
8.80237
7.57215
5.34114
10.5486
7.34569
8.62996
12.6106
6.26513
9.50698
11.7879
9.87959
14.4318
9.66642
13.0749
10.4599
12.0261
-9.40365
8.86387
8.98716
12.6379
4.98824
4.75149
8.48043
6.0434
14.3993
9.01197
8.94403
9.12485
4.76323
9.22746
15.0508
4.42822
6.55677
11.7721
13.6149
10.313
10.5281
11.7797
12.2536
9.08549
13.7662
5.30706
11.923
10.3828
9.58884
15.9564
9.6022
7.15813
12.4473
9.22322
0.80557
12.1453
7.45982
10.8433
11.8587
9.54747
8.49405
9.99731
11.0176
15.1986
6.83134
5.4258
8.86648
11.9453
10.433
5.34301
9.35301
6.78559
9.66981
10.7958
9.81497
8.26549
11.7039
7.54177
9.81011
12.3984
5.77111
9.01539
5.61947
10.4186
12.6851
15.1444
12.4597
10.0988
11.0057
8.43763
11.677
8.10143
9.77641
6.01385
7.90376
7.89568
7.84935
2.69322
8.8563
9.76848
9.47937
8.07048
4.41991
7.6277
11.8622
1.76431
6.85193
7.83363
10.5775
13.5961
6.8087
10.946
13.0841
11.7057
10.839
12.1861
2.52021
7.85757
6.94374
4.86648
11.7293
12.1102
15.1033
10.4754
8.26491
7.89161
11.9572
11.0921
6.82757
9.19347
11.4322
6.73652
5.51547
7.08518
7.37767
10.1208
8.39754
8.61253
9.24584
13.2885
10.6927
11.4891
10.631
12.2105
9.93959
10.496
6.17594
5.57486
13.9612
9.62126
9.02073
8.818
11.1385
12.3971
6.33967
12.2458
8.06675
9.58616
11.3596
4.35541
10.7759
10.5027
16.0301
11.8451
17.4866
8.97696
11.2034
9.62008
6.51487
9.27683
7.66275
13.9626
12.4455
9.99306
13.3411
8.64365
5.15731
6.42894
6.93421
9.12498
11.0232
6.079
8.63954
10.512
8.98328
8.89418
7.24044
6.53895
15.1329
8.39654
10.2676
9.07558
8.56073
14.7086
8.44738
11.1729
6.3837
11.0834
8.48462
10.0495
10.6381
10.0565
11.0275
9.84841
13.5987
8.3549
11.7954
13.7949
0.0661998
11.7493
7.39208
12.4947
4.85921
11.0709
12.1077
6.60906
7.28036
8.49853
3.32786
7.83221
13.6474
7.96553
4.17179
7.8899
9.943
10.932
9.26261
12.3235
9.67482
8.69272
11.7488
11.5066
12.5338
10.3962
7.14454
8.65055
5.68
10.5271
8.9402
11.6494
6.53525
7.59795
13.8134
8.04302
17.0569
12.7686
11.2203
9.83135
11.1916
15.4856
9.46165
12.0173
7.67783
16.0579
12.3713
9.5471
9.55908
8.71497
12.6003
9.09465
12.7851
11.4998
11.3412
11.9548
13.6505
12.66
9.97362
11.2839
9.48232
6.25589
16.0516
10.5357
8.57167
11.7178
7.02976
15.1447
12.5614
11.4592
6.25329
9.84975
7.78465
11.3538
8.27522
5.57357
11.6393
9.99034
6.20293
9.29453
10.8479
10.2646
10.6542
7.12564
4.72602
7.24761
9.43509
13.9585
11.6014
9.49309
11.098
12.0191
7.25648
0.52565
11.2208
7.20828
9.76379
8.74595
11.6135
12.5591
15.3135
12.9998
11.7963
5.55304
15.5447
8.73483
9.78369
13.8785
10.0991
8.28993
15.652
8.58578
12.0899
11.1248
11.4322
6.97404
12.2627
15.3238
9.26307
9.40903
10.8298
10.4093
6.80464
7.49087
13.9711
9.66818
7.07847
11.7864
8.35636
3.1688
6.41014
9.97017
7.27614
8.20213
6.02313
9.10174
13.7921
9.93259
8.34921
9.48103
9.23687
-14.1347
13.0221
10.7536
7.58743
9.41542
10.1403
10.4855
9.54832
8.71127
7.11583
13.4229
15.5527
4.8735
8.37901
13.7314
5.3188
7.32585
15.3657
14.3046
8.47343
11.0563
7.56132
5.53201
9.12213
11.6108
5.5118
15.2542
5.82661
8.70348
8.67547
11.291
9.67315
13.9788
6.44843
8.48312
3.03248
12.9606
9.20654
12.0168
9.44484
11.0464
7.68787
8.64712
6.78058
8.42633
7.15757
6.44307
9.27154
11.0152
2.85722
4.03293
8.64617
16.8209
8.9088
8.25823
7.05201
9.65892
7.20217
7.81849
11.5861
8.54499
7.69698
7.88641
11.8579
6.79149
12.3894
11.4649
8.7212
15.7567
13.6951
11.1752
11.4725
10.7021
17.6895
9.78668
8.22126
6.91518
10.0828
9.82888
12.6121
16.2481
12.024
12.0828
15.0881
14.3601
10.8602
10.6601
8.6054
9.01641
13.2804
11.229
10.2813
5.66412
5.48666
9.61827
10.1452
13.9084
2.92664
7.05186
7.97967
2.44537
12.6804
11.1112
7.37891
8.25686
8.2958
7.46258
6.95366
10.2938
10.4465
10.7502
11.562
8.42059
12.6225
11.0193
9.16055
10.2511
10.028
7.02855
8.48898
13.2426
7.99025
11.5074
10.8952
12.9998
11.7199
7.96118
13.1528
7.79416
4.83493
11.183
-0.0583181
12.8897
13.9343
9.52529
8.43429
8.09846
12.1682
10.2356
10.7582
12.6534
10.3697
10.9024
9.21966
7.72589
4.36186
13.2597
8.55765
4.40453
7.69153
13.1331
12.3831
9.49963
15.3862
7.33551
11.087
6.42084
8.28804
3.67212
8.34722
9.86958
10.5001
5.92817
11.0865
11.2961
16.1746
7.85853
9.60776
10.8282
9.27467
14.8251
8.99584
11.1224
11.3175
11.1956
9.23551
5.80664
11.4827
10.4708
11.8037
5.21719
3.01703
9.99293
11.7428
9.33434
16.0175
8.63245
0.332007
5.86832
4.27455
13.6771
4.2411
12.4952
16.1921
12.3589
7.45526
17.4982
10.0485
-10.9928
8.38738
10.1685
5.59519
15.1978
13.7081
13.6034
4.61935
12.7215
12.5231
17.442
11.2969
4.73697
17.1476
11.6527
8.92571
8.5765
4.91267
6.44293
9.85619
6.1276
15.5245
11.9767
9.1922
15.4426
11.1487
13.343
10.5612
6.11809
11.7105
2.41333
10.6895
10.8076
10.884
5.02091
8.27528
6.25299
8.3615
4.94097
-8.81468
7.41828
10.3966
8.37261
8.39977
12.0943
2.66197
10.9607
9.65349
13.4999
12.8156
9.4753
13.6895
9.33707
4.84476
2.28994
7.61619
10.3872
12.1543
9.71493
7.42709
8.34029
14.851
6.07723
7.9013
10.5449
9.56638
1.82257
10.6801
8.20787
13.6375
7.46288
9.25193
7.29045
7.16881
7.00487
7.71263
12.9755
9.99253
12.9144
5.57516
11.0198
8.09699
7.87521
11.0237
9.82775
-0.141114
12.113
7.05868
10.9976
10.3735
9.31245
10.1484
-10.599
10.5454
12.4875
11.4512
0.619622
9.79514
4.17227
10.265
8.81301
7.2506
7.46985
8.52583
12.665
8.66367
10.699
5.91751
11.4837
5.31067
11.0052
1.96498
10.8546
10.7592
14.4301
8.4019
9.09035
14.7099
4.17809
6.46562
12.1091
7.75917
2.73937
5.44541
8.56563
16.2507
4.26189
13.6313
10.211
2.36821
6.5667
10.8624
5.51537
11.5983
13.4845
6.85795
11.6688
9.52634
8.52567
4.02845
8.3625
13.1168
10.6476
12.0555
6.80362
3.63691
9.04996
7.85073
11.251
8.96501
8.86849
6.74349
12.6056
2.17701
4.93847
11.9867
10.2576
11.0559
8.6912
11.2106
10.8906
11.5767
12.1602
11.2782
7.3806
13.6359
9.79661
5.48779
8.17701
9.4722
10.4936
8.25603
5.70098
7.98992
5.04017
6.58575
9.27582
9.47851
12.908
9.52066
6.68685
9.39289
11.4061
10.0661
11.2202
7.28414
6.46361
6.3038
5.22749
9.68119
9.43902
9.10328
9.1836
17.3311
4.42612
9.66607
13.8218
11.3427
16.9493
9.09096
12.4829
-12.8673
11.264
9.42762
11.549
12.236
8.92516
9.7213
13.2882
12.3018
7.06052
6.07403
3.59124
11.6159
7.7745
17.4127
6.99734
9.632
9.62915
10.2143
8.83045
6.47998
7.7727
0.349119
9.10092
10.9927
9.84384
6.84253
4.15908
6.97652
12.7932
12.881
10.3409
14.4709
12.8877
9.91184
14.0212
7.60865
14.1414
6.70444
6.81267
9.4036
14.9641
8.19693
7.76311
14.1763
4.60283
7.78841
12.2828
10.8608
11.3943
7.76104
6.33744
8.19928
7.17583
14.3244
8.47489
2.14878
11.8989
16.3283
12.9403
9.2683
15.2822
1.12556
14.8294
10.4069
12.9572
7.39235
14.5108
8.73192
3.68746
13.5722
8.37313
6.93416
9.34301
8.76331
14.3208
9.39828
7.87622
8.55088
8.52829
1.53001
13.2209
9.52884
12.4239
5.63408
5.26275
10.9755
13.3633
11.5005
8.63437
10.259
11.7083
9.86557
4.49711
7.14338
10.6634
9.83134
10.7771
9.04278
1.91434
8.46886
11.4138
9.13521
12.0472
12.6834
4.23815
7.2868
9.02224
6.52889
9.98467
13.2592
9.65217
10.9547
12.188
7.75063
14.7322
11.7424
10.6204
11.9782
7.912
10.3552
7.22327
12.1766
12.7646
9.275
8.97986
2.90047
11.3874
13.0357
12.0587
9.40791
2.08244
7.70902
5.99116
10.6608
10.9147
5.87762
7.50172
4.31807
10.862
7.56471
10.6197
14.8117
14.0267
9.51521
14.8893
5.91552
8.48876
12.1624
13.4407
7.91203
10.5272
8.40054
1.26129
12.719
7.64421
17.9157
12.5431
7.31786
5.50922
13.3982
7.77316
11.5765
9.5223
5.54277
10.6071
16.3783
9.01477
12.6214
12.9829
3.49252
7.60171
9.16091
7.93162
10.8751
8.36063
4.56015
14.1415
14.8813
6.57132
9.50558
14.8708
8.96864
5.9068
8.53977
8.73855
-0.999263
13.9875
16.1371
7.34945
9.85015
14.3143
6.1326
14.5278
14.062
11.5745
13.6032
10.2962
10.1763
11.6077
11.4586
6.51921
6.8903
7.65115
9.95044
6.98498
5.59847
10.2348
16.374
8.19693
10.9738
7.53402
11.5502
5.45108
7.10876
8.18861
9.45519
9.16301
14.4771
9.71222
7.52731
12.7629
6.88221
7.57161
10.4743
9.2914
6.09468
5.74996
3.99617
8.31937
7.92528
8.19083
13.0766
6.76526
7.17794
9.04669
4.94301
14.0108
13.7078
0.646296
12.3123
10.8484
5.38658
11.0803
4.63196
13.0749
5.1222
7.83846
9.04228
12.871
10.9993
3.55222
5.53978
9.18947
9.3051
12.6955
7.96415
6.97317
9.61523
-9.1976
11.1473
13.0148
17.2012
10.3804
6.61313
7.17762
5.081
11.619
10.1084
5.10504
6.23321
9.18674
9.88125
10.3372
15.7981
13.2017
5.33345
16.5871
7.41255
11.5616
10.4179
10.3838
10.3022
6.04919
8.54346
6.32446
6.72854
6.95007
10.4411
16.066
8.89153
12.7522
7.49221
12.079
7.47629
11.491
11.7236
12.6452
5.93322
6.51054
2.78661
8.51322
6.09208
13.8112
4.91952
10.7563
4.97922
14.0943
11.4984
12.4595
6.64871
6.62867
4.80134
3.51091
4.86068
9.96807
11.636
7.60511
11.0095
11.8948
8.49365
7.44911
5.49304
7.70272
12.2721
14.2287
12.5333
11.3025
9.43531
4.36179
9.15654
17.2306
10.5625
9.92987
0.52591
2.19772
11.3746
5.84615
7.30843
7.9571
10.3326
14.3511
6.57233
1.79327
6.65613
10.0172
8.68424
5.942
9.51877
10.641
10.1348
2.90772
8.24409
10.812
13.4565
11.4912
6.41631
12.4605
9.99091
9.3608
12.9652
12.7017
8.97634
15.6165
11.8543
7.00676
3.59051
4.1601
12.5339
12.3376
6.3327
9.93286
12.8117
9.0888
12.4554
14.3322
8.36035
9.95421
7.33042
15.0232
4.43077
12.8609
7.86489
9.69706
13.7833
6.22402
10.6932
4.3197
9.26803
8.88373
11.6381
5.47808
10.6896
15.119
11.2621
10.4645
8.59213
6.48789
15.4971
11.0481
6.28733
5.59672
6.16462
8.09337
11.4244
9.58526
1.81543
7.84626
10.6631
7.6293
8.56101
1.99372
12.7462
9.6047
7.75183
5.60478
6.98606
13.5887
15.0624
12.8739
5.68277
8.03801
11.2636
5.11766
8.93476
10.1857
14.7462
9.24668
15.1235
12.6139
15.6155
8.40687
12.7399
9.84548
6.42475
9.07975
5.56161
8.83773
8.99156
5.40917
10.4167
14.3749
8.18953
9.57057
9.62489
11.0961
7.38847
14.5761
11.1984
3.11208
15.2346
10.0768
14.9072
8.21937
12.5482
10.4634
10.6195
9.38014
7.61362
10.4911
8.3571
9.34036
14.4407
10.2787
10.0502
12.9947
5.55629
5.08366
5.67556
10.5885
13.3808
10.2999
8.4907
9.24486
12.1701
7.25158
7.95999
9.02281
6.52184
4.58779
6.33954
5.64548
15.6688
3.40361
12.1251
6.617
13.2008
7.04195
15.0158
7.73829
6.67698
8.76423
3.84081
7.34576
9.0998
9.39744
10.2652
8.67724
10.0795
14.4219
0.148717
9.59885
7.91179
8.67282
9.87929
14.1761
8.8626
6.69543
10.3707
13.0118
10.2742
11.1739
11.1999
13.2087
9.5618
5.44813
8.17781
10.7257
6.94026
8.18806
10.2348
5.51766
13.2054
10.9016
13.1229
9.10262
6.29928
4.35025
9.96275
10.1298
13.5939
12.7003
3.68569
8.18554
8.46626
4.21902
10.4055
10.8655
6.71263
5.77145
10.7625
12.5
3.48087
4.06419
17.2441
12.6645
8.58438
7.84541
10.073
8.32891
7.71743
9.05427
6.7198
15.1728
7.8448
6.17947
10.5412
13.2529
7.9899
17.3215
3.96404
10.9614
9.05414
10.7039
10.8675
9.39429
11.7132
11.1255
8.31654
11.8955
10.7458
16.7921
9.05356
7.21938
8.55345
9.73806
6.98572
9.76444
12.1003
9.42852
7.10776
3.37696
13.0949
11.5414
9.92617
7.92837
6.09374
11.4349
14.611
11.1743
14.1014
13.6011
10.9741
9.59534
10.8362
10.2422
10.84
10.6544
9.06617
11.465
10.8999
8.43531
9.14565
11.4818
7.49468
8.94501
-3.84265
11.18
13.6871
13.746
6.53595
9.34835
13.3271
10.034
9.23819
12.6806
20.2292
13.1324
11.0042
4.03382
9.23324
7.36571
4.6364
10.8753
6.31105
8.59437
11.2331
11.7119
11.6604
9.8598
12.5856
9.09719
6.94959
12.9165
12.9643
12.0511
9.1725
10.5399
10.242
10.8083
5.08413
12.2508
9.51957
11.4982
9.66532
7.47014
12.7739
6.43715
4.84313
13.5263
12.62
4.79755
7.74724
16.4872
8.78835
10.9159
7.08007
12.3387
9.21701
7.55882
3.81998
10.2743
10.8136
3.74831
11.2751
9.7001
16.1955
11.6195
10.928
14.7242
12.7028
10.0799
10.9696
14.4291
14.1347
12.9077
13.8991
14.4664
10.1733
10.135
7.61568
12.5273
13.0738
11.1829
7.24497
10.7127
9.85514
14.0799
9.13934
16.7459
13.6098
3.91577
8.87248
11.0324
11.1264
9.65651
7.77843
7.22641
7.81979
9.12003
9.94096
7.99252
12.2349
10.5239
10.5847
10.582
7.6598
12.5463
11.4979
6.5254
7.9335
7.17266
9.60272
7.4609
10.4749
11.718
6.97882
9.57614
8.41257
14.5664
8.3606
8.30165
13.2881
7.11001
5.62745
11.9842
9.11595
13.5146
14.7129
11.6381
10.8384
14.1601
9.67187
7.54932
14.0463
9.64148
-8.16829
1.92025
12.4984
6.14508
13.7586
4.36689
13.5271
8.15918
10.003
11.2799
7.7137
8.98389
12.9524
10.2662
11.7685
12.6577
8.33241
18.0648
8.59768
13.6375
12.8323
7.66955
16.2435
2.55522
5.52926
10.5196
10.4962
12.4369
3.28783
6.88869
10.2055
10.8577
6.86618
10.416
9.0792
12.039
12.8594
6.56663
9.58698
7.07841
5.44758
12.0019
11.7883
9.15696
8.34644
10.4955
6.01
6.12703
12.6548
12.772
9.23367
9.60378
12.2422
7.71927
10.6445
2.96785
7.3216
10.3518
12.9441
7.13681
11.704
6.4519
10.1453
11.5966
6.45791
8.76601
4.20521
7.58503
10.8595
6.95662
12.1378
10.2882
4.16016
9.006
10.1246
2.59617
11.8615
11.0118
14.7108
5.76396
8.44676
8.57411
12.3645
9.22009
7.81309
4.65898
10.9975
9.33444
8.57456
8.58583
9.02393
12.5001
9.45187
7.61477
13.2279
10.198
9.00637
8.74154
10.7173
3.81949
14.3915
13.3873
9.61212
4.44903
12.8969
14.1848
8.42423
13.0888
13.4674
9.20303
10.7864
6.04202
5.23663
4.44764
9.57937
12.0193
9.50972
13.3579
-6.30304
-10.4329
-8.61642
-6.72173
-4.51355
-9.92407
-6.83534
-8.57935
-11.7744
-7.08835
-7.60472
-7.48268
-8.07438
-11.7158
-11.0545
-6.24826
-13.0626
-12.3891
-4.65957
-7.22604
-10.2838
-8.57884
-9.14532
-7.72161
-8.52271
-7.5983
-12.8961
-8.20598
-6.48626
-8.4774
-13.8234
-5.21135
-9.16595
-10.3987
-6.26895
-14.2761
-5.92523
-9.80096
-10.21
-8.07852
-10.9026
-7.3062
-14.9586
-10.9695
-9.27909
-6.01096
-9.65326
-12.7263
-11.4699
-6.61821
-12.46
-11.464
-8.1312
-9.77779
-9.08723
-7.46798
-8.55958
-9.42793
-12.143
-6.50063
-5.72318
-15.6311
-9.67259
-14.0026
-13.5591
-11.7149
-7.69302
-5.65562
-5.46936
-11.4253
-10.5925
-14.1737
-9.2477
-7.29957
-11.0422
-9.46547
-12.6656
-9.3002
-8.69316
-6.5356
-8.24298
-14.3501
-9.86746
-13.2034
-10.2953
-9.55644
-5.81849
-5.26283
-6.2172
-7.78638
-10.9869
-5.95856
-6.55259
-9.56642
-5.63681
-10.2322
-8.26721
-9.37471
-1.99073
-12.9399
-5.7079
-14.1693
-8.49997
-7.8847
-12.7317
-13.8919
-4.85249
-10.4672
-9.15505
-13.4455
-5.66306
-8.48361
-8.96366
-9.64631
-9.79761
-0.158316
-13.0953
-14.0549
-11.8611
-12.5441
-13.2545
-5.8451
-13.1072
-9.84966
-5.2036
-6.31107
-3.3705
-16.3609
-15.0038
-8.43895
-5.74403
-8.0676
-11.4283
-6.06211
-7.40206
-11.0184
-11.8839
-11.9431
-8.96315
-8.37334
-16.5872
-8.07212
-12.7958
-8.32065
-3.82359
-13.5042
-9.10108
-12.6187
-11.6565
-10.5203
-11.101
-12.3791
-9.99086
-11.7184
-8.38041
-9.32875
-10.3681
-8.22219
-9.06048
-15.0146
-10.9361
-12.0707
-4.59006
-10.7445
-13.2138
-9.56089
-12.3176
-7.78409
-10.4771
-7.39524
-9.9217
-9.11359
-8.39318
-13.2022
-7.7132
-9.40731
-6.87664
-3.55373
-6.31287
-4.5011
-11.799
-3.49802
-10.0112
-9.33192
-13.1149
-7.47058
-13.0651
-13.0849
-9.19539
-9.24878
-9.31886
-10.4842
-10.0211
-10.7802
-9.19314
-7.61505
-12.3366
-4.95468
-8.49991
-12.5925
-9.54631
-9.54787
-14.1284
-14.4342
-6.42064
-8.28822
-10.6986
-7.59838
-10.245
-7.23124
-8.33607
-10.847
-9.00693
-11.2857
-13.0571
-8.7198
-7.81044
-10.7679
-6.48077
-14.7008
-10.9025
-10.7705
-10.4049
-6.43651
-10.183
-9.44856
-15.832
-8.40032
-5.58213
-8.71345
-14.8162
-10.6423
-10.8576
-7.78374
-12.0365
-11.0137
-14.9366
-14.6103
-7.97685
-12.5028
-7.27424
-6.31759
-9.74672
-9.66378
-9.54454
-10.6456
-11.7722
-11.7717
-9.09384
-7.89163
-8.31922
-10.7118
-9.72667
-8.87713
-11.8659
-5.99516
-7.75058
-5.32337
-6.06429
-8.11539
-5.39385
-5.44598
-5.91913
-10.9684
-13.1893
-6.28727
-8.35048
-17.0162
-7.82688
-7.64995
-9.87091
-5.60114
-5.67563
-4.34631
-10.4983
-9.23264
-10.884
-9.32875
-11.6006
-14.1274
-12.4879
-11.1312
-13.6697
-7.3195
-7.32267
-7.09085
-3.53822
-10.8622
-15.3967
-8.59762
-10.269
-10.6502
-10.8538
-12.5334
-9.92481
-7.53799
-5.66357
-6.40467
-8.45296
-10.7741
-5.219
-12.2585
-6.1294
-11.1405
-7.39903
-13.0096
-6.45554
-13.1195
-10.9877
-11.7397
-13.7232
-11.8476
-7.20205
-4.46644
-11.3858
-9.6212
-10.1803
-6.69392
-13.3022
-6.00588
-7.22758
-13.7627
-8.44599
-8.32136
-7.09416
-7.68042
-9.78871
-8.89385
-8.5306
-7.83181
-15.971
-6.33234
-15.5958
-14.2749
-9.40845
-12.4835
-9.3507
-11.4431
-6.25746
-9.27758
-4.97791
-10.7311
-6.73474
-16.9402
-15.1574
-10.0676
-6.91006
-8.6378
-6.25293
-6.18137
-8.36642
-5.76582
-12.4578
-11.3471
-10.4919
-8.85321
-11.8398
-10.5227
-5.23037
-10.2584
-6.45578
-6.45129
-7.83136
-6.09411
-4.7469
-6.72687
-11.9279
-12.3908
-14.3879
-9.47431
-12.335
-10.521
-12.0685
-4.61887
-6.83544
-15.5976
-10.5115
-12.9427
-8.13146
-8.79118
-9.90476
-10.421
-11.8456
-14.66
-7.99076
-13.1712
-9.13626
-11.5607
-12.2563
-8.98847
-13.752
-4.58187
-15.1534
-9.70216
-13.6553
-8.84687
-6.37532
-8.68395
-9.43803
-8.65822
-12.8582
-12.6327
-9.47897
-9.74143
-14.9377
-6.16654
-5.79755
-8.30066
-4.27218
-10.8231
-10.0741
-10.6696
-8.24369
-10.8287
-6.46412
-4.77293
-12.4345
-12.1446
-15.0299
-10.233
-11.4729
-10.6195
-9.10477
-11.7068
-13.3295
-9.34938
-11.106
-4.83527
-10.29
-8.19864
-7.16095
-15.142
-13.3044
-10.8276
-3.6494
-12.701
-9.21579
-8.25102
-12.0131
-12.6304
-2.94063
-7.37932
-7.46221
-5.76134
-4.49161
-9.40448
9.16641
-12.0026
-11.5878
-7.28417
-7.23272
-7.42794
-9.28468
-9.36322
-8.60451
-7.66935
-15.6516
-8.08896
-6.90586
-9.36985
-7.71203
-6.83196
-14.8259
-10.4123
-11.3347
-4.18044
-14.7371
-4.93948
-8.51603
-14.1239
-13.4452
-8.37124
-8.80114
-7.4553
-11.9435
-11.2837
-11.3184
-4.08981
-9.04297
-11.2743
-10.9236
-11.4957
-10.7497
-7.70682
-14.4428
-10.4123
-8.76316
-12.5561
-13.1054
-6.52902
-9.59411
-10.4046
-8.80963
-6.43092
-8.85133
-11.3055
-8.26031
-12.2858
-8.15455
-13.461
-8.64974
-6.43851
-5.19947
-14.3526
-10.3022
-17.5458
-11.2113
-11.786
-11.8531
-1.15905
-14.8242
-6.28983
-3.33584
-9.48821
-3.40444
-7.37815
-8.33314
-7.47246
-9.09118
-11.7227
-7.9594
-3.25947
-11.3861
-13.008
-7.13222
-7.97286
-8.27861
-9.92237
-7.50889
-9.59799
-11.3004
-13.1563
-12.3733
-9.6391
-3.64139
-7.9355
-10.2697
-5.7264
-13.9341
-10.1994
-12.93
-8.51853
-11.2334
-6.87988
-11.8711
-9.63348
-14.1463
-7.6859
-8.50719
-8.51525
-9.08605
-12.9166
-7.39782
-4.34845
-10.3078
-7.60267
-12.5558
-11.8277
-3.61406
-7.46974
-17.9099
-11.766
-15.7632
-11.6668
-10.834
-6.11257
-7.07302
-11.1718
-15.4326
-10.5258
-8.63721
-8.363
-8.68901
-12.3166
-9.31455
-14.4545
-7.69439
-5.11422
-11.5706
-9.69273
-12.043
-8.33672
-13.7298
-5.94199
-4.62846
-7.67669
-11.326
-12.567
-13.707
-5.52268
-12.4069
-13.0746
-8.42762
-12.512
-13.742
-6.7912
-6.59737
-9.69202
-6.8922
-7.69188
-9.50641
-12.4376
-7.03157
-12.4024
-15.0992
-10.3705
-9.93732
-10.8258
-7.64742
-11.1708
-6.55136
-9.92718
-9.93842
-10.1654
-8.35847
-12.108
-5.30393
-12.2164
-13.8897
-8.29118
-15.1665
-13.256
-11.1306
-11.8261
-10.9186
-6.72003
-9.13905
-11.664
-4.3376
-9.71446
-15.4749
-12.092
-11.9705
-10.8288
-14.0029
-8.4665
-10.9518
-12.6272
-12.5813
-11.6279
-11.1046
-16.0582
-6.54279
-9.28347
-10.0973
-13.2203
-11.6023
-13.1302
-15.2794
-8.28206
-5.92607
-6.41657
-12.6194
-9.81217
-11.5361
-13.8427
-7.3067
-9.49203
-5.70509
-6.66116
-10.9713
-7.64781
-11.2988
-4.85796
-11.5707
-6.56821
-11.14
-10.6924
-10.0053
-10.397
-6.21021
-9.04817
-10.2036
-12.2478
-12.1608
-7.63397
-9.86489
-14.9269
-10.3861
-7.38943
-13.6014
-13.7605
-12.736
-11.6154
-5.60671
-9.85623
-8.22731
-11.8951
-8.55437
-10.3686
-15.2668
-13.5552
-12.7493
-4.48395
-10.4213
-9.99779
-7.36578
-7.42429
-9.10438
-12.9412
-11.0275
-5.60288
-9.66038
-10.8213
-12.7829
-3.92397
-7.31756
-14.2549
-10.0758
-4.0894
-6.23391
-5.52964
-13.8771
-8.64757
-6.97107
-0.50416
-7.30194
-6.40483
-9.47119
-11.2204
-14.3042
-3.45678
-5.74417
-7.0117
-14.3285
-10.8506
-7.78581
-5.68139
-10.303
-13.2839
-8.06396
-9.42102
-10.0337
-8.64277
-6.03061
-11.6499
-10.285
-3.77534
-9.23892
-14.651
-11.2738
-13.3948
-8.8472
-9.09013
-12.9163
-11.3191
-10.6829
-11.8451
-8.7054
-9.34542
-10.5796
-14.7486
-8.56901
-15.9043
-11.1999
-7.24629
-8.33309
-11.9732
-9.04034
-9.52047
-11.502
-11.9764
-8.43889
-13.1448
-4.73664
-12.57
-8.23217
-3.33162
-8.03621
-16.0155
-12.7674
-14.2292
-14.2546
-12.3544
-7.27793
-3.20907
-14.8949
-9.74557
-5.55748
-11.3846
-15.274
-8.23546
-13.0111
-14.928
-7.40579
-11.3125
-4.33326
-3.9713
-14.0189
-9.63517
-9.41205
-11.7283
-9.27266
-7.6341
-8.38249
-11.4641
-16.1762
-4.26727
-6.29083
-8.97689
-6.43631
-6.55628
-8.48574
-5.21154
-11.1771
-8.28843
-11.6879
-7.16758
-6.71821
-14.7747
-13.0414
-5.04129
-8.18624
-11.2039
-8.32662
-6.76272
-12.0879
-5.38417
-11.5253
-8.24345
-11.9437
-9.81674
-12.1571
-9.64917
-8.49783
-8.05814
-5.78451
-6.39521
-10.7225
-11.7316
-12.7278
-15.2616
-8.52917
-15.5852
-8.80541
-11.2786
-12.9743
-12.1653
-7.67572
-11.6932
-5.50223
-9.09019
-9.19875
-8.49318
-8.12855
-14.8863
-8.14448
-12.6568
-7.1795
-11.164
-5.85608
-9.40397
-5.68927
-2.34419
-19.0211
-10.3609
-2.97379
-12.7546
-12.1095
-5.58148
-11.1992
-3.33233
-6.51612
-6.90775
-14.3539
-8.09055
-11.4174
-6.0636
-9.1897
-10.6492
-2.01987
-1.96712
-11.3138
-15.5216
-12.8129
-4.76173
-6.26355
-6.70292
-4.67365
-5.57717
-12.3577
-10.6427
-9.11138
-8.5409
-8.48008
-8.09931
-8.64175
-9.5043
-15.0046
-10.196
-8.6463
-13.1689
-9.9325
-5.03383
-6.90652
-8.89416
-6.80784
-6.59171
-11.8327
-6.18666
-11.5166
-1.55232
-11.2864
-8.94907
-7.46891
-14.1012
-7.34747
-8.5203
-8.40379
-8.14619
-3.17286
-6.7163
-17.1285
-10.7847
-14.2777
-11.5474
-13.1782
-12.1387
-2.3301
-9.07283
-4.43802
-9.52946
-12.3505
-12.4075
-12.202
-12.1738
-8.82074
-7.71648
-10.4946
-11.3824
-16.2559
-10.1278
-7.49072
-5.19886
-10.9018
-7.57636
-8.27558
-5.54771
-7.58935
-7.32597
-3.66994
-6.67748
-15.7247
-10.5511
-9.52236
-10.9981
-12.882
-14.6145
-8.9345
-16.257
-8.41974
-6.14848
-14.5791
-10.7336
-4.38913
-3.80338
-4.83299
-10.844
-11.6357
-9.15841
-5.92127
-13.9613
-11.7187
-7.13359
-9.56243
-10.264
-11.7392
-9.32098
-10.788
-5.63837
-2.96243
-7.63811
-1.42241
-9.78587
-12.4772
-15.4251
-8.47067
-9.55293
-16.279
-5.55575
-13.7645
-4.2002
-10.9612
-10.4788
-7.25399
-8.13654
-7.28674
-8.30744
-5.15908
-9.57355
-8.81666
-10.0575
-8.95612
-10.2453
-5.58291
-13.096
-11.0433
-3.76054
-11.5467
-7.17507
-9.61377
-10.0218
-6.50289
-12.1603
-8.23557
-7.09285
-9.30017
-14.987
-10.3156
-11.668
-7.90148
-10.7744
-7.55034
-14.3181
-12.916
-6.73581
-3.07598
-12.0834
-12.9988
-8.74965
-13.2848
-11.2469
-11.1899
-15.1829
-5.22732
-8.47876
-7.25769
-9.27264
-2.96107
-9.10923
-7.51892
-5.90917
-10.9599
-10.9294
-7.18516
-10.4146
-10.6202
-4.88318
-8.24005
-14.7817
2.0443
-10.7609
-10.4301
-9.22688
-12.5665
-6.828
-7.71074
-10.906
-10.8841
-7.22025
-10.5247
-9.73612
-12.6733
-11.6823
-12.4254
-10.3025
-7.47898
-10.5347
-9.1446
-6.90066
-9.95379
-7.74649
-12.5867
-9.60162
-11.8481
-8.51809
-3.23245
-8.97179
-2.87918
-4.14207
-7.03589
-10.588
-7.92563
-11.02
-11.1943
-9.03254
-9.16038
-9.40226
-7.61481
-12.2344
-11.8882
-8.56789
-9.74526
-12.1592
-5.98257
-0.27113
-8.43406
-12.113
-12.7291
-7.31136
-9.58647
-12.9536
-14.107
-10.2944
-6.35357
-5.63399
-8.96204
-10.6591
-7.64904
-10.3861
-9.06095
-13.9833
-7.45425
-13.0526
-8.12755
-10.1348
-8.18883
-9.15599
-8.83546
-5.44486
-15.1041
-13.2838
-6.7164
-9.69344
-5.97725
-9.65479
-8.33358
-10.6566
-6.53287
-7.29698
-7.38032
-9.88695
-8.45982
-13.0804
-8.20587
-8.94801
-6.57971
-4.51376
-14.1531
-11.066
-16.5845
-5.65972
-15.1132
-14.1154
-5.49351
-12.0506
-14.6098
-11.65
-8.88953
-1.81919
7.3096
-10.0603
-7.90966
-13.3407
-8.79782
-2.59583
-4.06641
-10.9027
-7.33303
-10.1195
-13.9418
-13.0433
-1.26855
-5.03472
-9.32363
-10.9167
-9.93217
-11.0972
-15.9247
-10.6911
-13.4906
-2.45755
-6.9149
-4.31604
-13.2268
-10.5639
-10.0651
-9.95214
-11.7087
-8.67376
-14.8051
-12.8534
-7.60344
-12.6813
-11.7413
-13.3147
-8.10786
-12.9163
-10.1267
-9.83345
-9.35628
-12.552
8.16735
-9.34386
-5.32838
-9.2
-14.79
-7.8192
-9.18049
-1.301
-8.27293
-14.3938
-16.6584
-5.97463
-8.57983
-3.88193
-9.09587
-11.3203
-6.68173
-13.2196
-9.97691
-8.61114
-6.18924
-8.74848
-11.725
-9.75235
-9.41362
-9.53854
-10.5853
-12.1702
-16.4253
-9.27794
-9.90155
-14.682
-9.49848
-11.2932
-9.58079
-11.9913
-14.2277
-10.4053
-13.0599
-5.86002
-9.06549
-15.2643
-9.74496
-16.0876
-11.0484
-6.02849
-12.3481
-7.16387
-9.66518
-9.89666
-10.4911
-10.3963
-9.26148
-6.1563
-12.0734
-4.03043
-14.7223
-13.9186
-9.29626
-6.90915
-3.90297
-15.2265
-2.58913
-13.5971
-9.94167
-11.2797
-7.99933
-9.63652
-10.6137
-11.1919
-9.03052
-6.19132
-13.0676
-8.4291
-7.64827
-9.59523
-11.2997
-3.02721
-11.0569
-9.82828
-8.78276
-6.58276
-11.9821
-11.7328
-10.7404
-7.22697
-8.44656
-14.6195
-11.5213
-10.1815
-10.0157
-6.78256
-7.16343
-11.4412
-10.8563
-11.4686
-7.50846
-10.137
-9.8621
-7.34012
-9.04346
-14.8457
-9.25454
-11.6484
0.10092
-3.0696
-14.6845
-10.5374
-12.2147
-5.24322
-7.60247
-13.5729
-7.35958
-11.5587
-5.57231
-11.5667
-5.43546
-6.81548
-6.42059
-11.2932
-10.6049
-13.1167
-12.7707
-7.46761
-5.56869
-10.1004
-9.27465
-10.9896
-9.13806
-7.98878
-15.3621
-3.01035
-8.43952
-11.5763
-15.7225
-13.424
-9.65565
-6.55576
-6.39535
-14.1129
-5.56998
-11.8709
-9.23637
-12.7848
-3.48613
-17.4109
-13.6738
-8.50277
-8.94999
-13.5332
-9.61963
-10.0891
-9.07596
-6.11432
-13.0534
-10.0048
-12.2522
-13.2768
-9.42657
-14.5529
-12.5417
-11.3444
-6.53814
-12.4963
-10.2128
-16.3389
-15.1187
-8.77815
-7.56859
-13.2483
-18.3972
-9.44609
-14.5228
-13.0112
-12.9065
-9.98112
-12.1565
-8.00345
-10.8952
-8.99521
-1.51864
-10.6899
-11.9642
-7.10035
-8.80254
-9.15142
-11.9914
-10.3165
-7.90415
-12.4611
-9.06209
-11.5823
-8.12943
-11.7781
-4.4953
-2.96085
-10.3554
-10.3288
-9.34713
-2.17527
-7.05123
-5.60073
-3.37696
-6.65126
-9.65901
-8.26068
-6.59013
-7.24148
-9.3673
-8.28922
-10.5124
-7.74666
-9.71091
-8.54608
-9.51398
-5.27357
-7.06615
-2.74538
-2.84178
-10.2915
-9.58272
-3.72858
-8.89452
-10.3116
-12.4695
-11.6183
-11.0443
-10.5419
-6.52513
-9.69571
-13.5869
-3.17909
-4.64056
-11.8877
-9.35585
-5.56722
-11.1404
-5.51506
-11.9518
-9.80971
-14.7038
-8.95529
-10.3444
-2.53533
-5.95918
-5.83606
-10.2652
-9.95141
-7.54746
-1.99128
-8.01466
-13.4201
-6.88618
-9.50887
-8.63719
-13.7805
-9.395
-7.1931
-6.91894
-15.1285
-9.47988
-10.827
-10.2528
-1.70266
-5.56716
-8.92762
-12.9476
-9.34232
-10.9588
-12.6378
-8.86118
-9.6142
-6.60629
-9.92929
-15.1882
-8.32406
-6.65031
-5.18486
-13.1441
-9.41591
-3.41078
-12.0234
-9.35341
-4.17533
-7.79516
-6.98272
-12.8227
-10.9256
-8.08287
-8.37803
-11.2401
-14.5642
-11.0319
-12.2607
-10.4377
-8.05171
-7.1429
-7.18174
-6.61306
-5.07293
-11.0116
-8.0025
-7.93053
-12.1136
-9.94783
-12.1384
-14.9073
-10.4051
-10.317
-13.1638
-10.5648
-9.36737
-4.83228
-13.1243
-7.06479
-7.59108
-8.48612
-12.0662
-3.30051
-8.89093
-9.16512
-9.20902
-11.4843
-6.05549
-14.3717
-15.8062
-10.7279
-5.70675
-9.22828
-7.23718
-18.6351
-9.7155
-11.8983
-9.00411
-8.31476
-5.97936
-5.03088
-7.09413
-6.5214
-8.5117
-8.75496
-13.4043
-7.64664
-12.0318
-15.7184
-12.3236
-8.28296
-13.4976
-9.26178
-2.71532
-5.60315
-13.7341
-14.5279
-8.37223
-9.33867
-6.41342
-9.65259
-12.5332
-11.2705
-7.23987
-7.01676
-7.68789
-7.56317
-12.8604
-12.833
-8.12723
-13.6839
-10.4384
-13.907
-9.93409
-8.69945
-11.6751
-11.673
-9.55078
-11.3036
-13.4283
-12.5054
-9.10579
-10.348
-12.2045
-11.1824
-8.3348
-7.7795
-2.20228
-5.53244
-11.5004
-8.91471
-10.4342
-3.53883
-12.2139
-13.0248
-9.6592
-6.79572
-6.76292
-12.9978
-8.01859
-2.18506
-6.93416
-10.986
-5.58007
-17.3636
-7.01988
-5.65542
-11.6149
-9.05783
-9.25611
-13.7067
-8.73828
-12.4949
-9.75889
-8.73187
-12.1884
-5.40419
-13.0222
-11.0785
-15.0007
-10.0122
-12.2232
-8.05883
-14.5138
-10.9304
-12.6442
-6.54146
-5.2211
-10.9143
-8.71109
-9.15096
-14.1036
-4.22751
-10.1834
-12.955
-6.19797
-12.1391
-11.7144
-12.827
-9.6891
-10.103
-10.6193
-11.1702
-13.0812
-9.04531
-10.0562
-13.0713
-9.17123
-11.0076
-11.4189
-7.53882
-5.51926
-10.7723
-9.19077
-9.4259
-5.33575
-4.27403
-14.7627
-7.59669
-10.1585
-11.5437
-7.61866
-12.8654
-9.7116
-11.8255
-10.3516
-9.03532
-4.37364
-5.60205
-6.66087
-12.4035
-10.4071
-12.4746
-7.34139
-7.83723
-6.0381
-9.64516
-6.8692
-11.3554
-7.64975
-14.3468
-10.7628
-9.92579
-13.3051
-8.91526
-7.77668
-3.01648
-11.1807
-6.28108
-14.1426
-7.74605
-8.00231
-6.76114
-10.3372
-12.4621
-10.6799
-8.61787
-12.3365
-13.7185
-6.82744
-7.367
-9.2171
-9.79976
-12.4612
-11.4254
-4.48783
-13.043
-10.4593
-9.87211
-10.1434
-11.0729
-8.91788
-11.0732
-13.9002
-4.53578
-13.3739
-11.0771
-7.9252
-10.7667
-3.6021
-16.4711
-8.85998
-9.2084
-8.82198
-7.69912
-11.1614
-10.5368
-5.87589
-14.1622
-7.94119
-10.8081
-11.5678
-12.6689
-11.3582
-12.283
-4.8619
-13.6232
-12.5821
-7.88855
-7.06335
-1.97251
-8.53172
-11.4482
-10.0489
-8.24638
-5.34648
-12.6973
-13.0782
-10.0525
-8.37696
-13.0139
-10.4578
-14.277
-10.9412
-7.87038
-10.2158
-17.0976
-7.17592
-10.7641
-2.32503
-6.17469
-7.96076
-11.8189
-8.06283
-13.62
-8.80565
-8.92301
-6.70736
-12.2828
-5.95496
-7.18473
-13.2417
-13.1979
-10.8303
-4.86326
-10.9242
-10.658
-12.256
-13.7448
-7.18747
-4.69826
-8.37898
-7.36311
-2.25844
-12.7619
-9.80096
6.35498
-10.9669
-10.7671
-6.75685
-12.8717
-9.30549
-6.26293
-11.9468
-7.72968
-8.6616
-9.93714
-9.79226
-9.38825
-9.91184
-10.8517
-9.01099
-6.16954
-7.33355
-6.86087
-11.9275
-7.03376
-10.1326
-11.9653
-11.2313
-0.117114
-6.99729
-8.26319
-7.4058
-2.72651
-11.242
-6.85373
-1.77069
-8.1161
-2.67192
-9.42148
-13.1802
-7.81868
-10.0931
-7.59532
-13.4851
-9.40444
-11.3136
-17.852
-8.85467
-11.8189
-5.3671
-10.2853
-8.53646
-6.11218
-20.8938
-9.19833
-6.51814
-6.3287
-10.7502
-9.88142
-2.77496
-14.6551
-9.59439
-10.7934
-16.2108
-10.5553
-9.77453
-14.3248
-12.3178
-12.5945
-11.5492
-9.95693
-14.0247
-12.8407
-6.6533
-11.0067
-8.00177
-12.698
-10.8073
-8.03856
-13.9708
-4.38759
-9.85354
-8.0209
-11.0288
-11.9537
-15.0029
-9.43557
-11.1414
-11.1726
-11.1886
-8.42307
-10.5048
-10.028
-8.87995
-7.2067
-6.39458
-11.6909
-5.55457
-7.50777
-11.0413
-10.0448
-14.0284
-7.66717
-8.46779
-9.3029
-6.08333
-11.5646
-11.575
-6.55473
-10.0147
-15.6462
-11.028
-7.28265
-2.41837
-9.42902
-6.45239
-7.49572
-11.43
-7.92791
-9.2068
-11.0015
-11.0338
-6.11509
-8.98408
-9.22214
-14.3505
-10.2275
-8.77974
-10.8005
-14.229
-10.8297
-14.1705
-7.1916
-10.8921
-8.92166
-9.70047
-6.2867
-11.0824
-8.16205
-7.821
-11.29
-7.89006
-15.7536
-9.75254
-9.23076
-7.5038
-11.01
-13.0118
-15.1545
-11.4207
-8.57776
-12.6645
-9.47478
-8.89872
-10.793
-9.20989
-12.1883
-5.8008
-7.36986
-13.4127
-11.636
-5.96184
-9.74537
-14.4343
-8.83249
-2.2661
-10.9356
-13.9593
-13.1111
-8.92899
-6.09707
-9.28216
-8.76125
-18.5281
-10.3439
-13.3827
-6.6046
-12.3022
-8.18094
-11.0457
-10.1613
-13.3075
-11.1832
-7.57724
-8.02445
-8.38734
-10.1499
-10.788
-4.74312
-16.1691
-10.509
-11.5413
-7.87493
-9.31069
-9.81724
-10.8379
-7.35408
-6.57181
-9.44116
-8.73853
-11.0795
-8.97048
-7.97951
-14.3991
-7.95772
-0.973489
-6.49946
-6.26088
-10.0619
-12.1402
-11.9488
-14.984
-7.15211
-9.25402
-5.73322
-9.39121
-6.64096
-10.6913
-7.63793
-8.63139
-7.28917
-8.23499
-6.59924
-3.70605
-12.6759
-12.2267
-5.77421
-11.2101
-6.59981
-3.39647
-13.9712
-11.4819
-5.44318
-12.1574
-7.20213
-11.2139
-10.1083
-13.0046
-11.0464
-7.62473
