1600 50 799
0.00047124 0
0.210909 0.00897473
1.25846 0.0438415
1.80889 0.108334
1.85796 0.112072
1.90266 -0.0491449
1.86231 -0.0689826
1.84898 0.00496578
1.8715 -0.101175
1.86636 -0.195628
1.98965 -0.312192
1.96706 -0.425567
1.99045 -0.822965
2.21104 -1.16284
2.55424 -1.46555
3.07169 -1.65745
3.59624 -1.74921
4.03319 -1.90629
5.28945 -2.42927
6.41937 -2.84624
6.7429 -2.83995
6.72408 -3.18551
6.79942 -3.77777
6.85653 -4.33229
7.06562 -4.55009
7.02637 -4.86125
6.83342 -4.9969
6.89405 -5.51698
6.70147 -5.83754
6.67316 -6.07066
6.96471 -5.97203
7.00297 -5.86399
6.96585 -5.77981
7.00603 -6.26129
7.05767 -6.71888
6.93263 -6.90572
7.01258 -7.00358
7.15645 -7.23686
7.36682 -7.3238
7.60599 -7.19626
7.79525 -7.39708
7.84298 -7.87385
7.49183 -7.60974
7.62921 -7.59033
7.73611 -7.92651
7.83511 -7.74857
7.77098 -7.56487
8.1541 -7.6779
8.08959 -7.70162
7.99696 -7.7181
8.14967 -7.91478
8.2669 -7.84889
8.19215 -7.91583
8.18047 -8.0502
8.36115 -8.11615
8.01888 -8.09962
8.37313 -8.13024
8.46553 -8.33643
8.22185 -8.56913
8.33049 -8.36429
8.33869 -8.31979
8.02177 -8.39301
7.89515 -8.74374
8.24379 -8.19753
8.25473 -8.39858
8.39722 -8.24508
8.22509 -8.24193
8.10048 -8.16888
8.39727 -8.11701
8.07358 -8.67529
7.92376 -8.15858
8.22689 -8.40838
8.11216 -8.32772
8.04618 -8.50941
8.24473 -8.45102
8.29221 -8.29841
8.37417 -8.19064
8.411 -8.43651
8.23802 -8.44235
8.43172 -8.56403
8.14684 -8.4373
8.25306 -8.40953
8.27191 -8.69187
8.28244 -8.31065
8.01957 -8.36663
8.09085 -8.27287
8.53004 -8.38824
8.29428 -7.86315
8.27169 -7.97931
8.30528 -8.19988
8.30748 -8.30208
8.44781 -8.31188
8.40979 -8.55209
8.28274 -8.41244
8.31004 -8.47031
8.22899 -8.40889
8.33633 -8.12597
8.23777 -8.2111
8.36314 -8.42706
8.25066 -8.08181
8.4815 -8.26311
8.44488 -8.08
8.48437 -8.25136
8.44037 -8.32595
8.05885 -8.35316
8.12477 -8.20627
8.17728 -8.01804
7.98155 -7.99935
8.0223 -8.48961
8.09862 -8.42677
8.08434 -8.51948
7.95922 -8.42662
8.08729 -8.69147
8.22347 -8.52514
8.32039 -8.45066
8.45394 -8.26563
8.54071 -8.29454
8.38053 -8.24722
8.36688 -8.52867
8.42704 -8.22894
8.37418 -8.24685
8.49341 -8.0304
8.37435 -7.95257
8.28576 -8.13149
8.58931 -8.09524
8.6619 -8.07427
8.82531 -7.98134
8.66411 -7.86486
8.84246 -7.88014
8.76572 -8.09798
8.91388 -7.93897
9.17871 -8.02638
8.90389 -8.19991
9.01274 -8.35782
8.874 -7.94356
8.79751 -8.26024
8.97156 -8.49586
9.19855 -8.49844
9.15955 -8.63763
8.95901 -8.63297
9.0026 -8.30048
8.94123 -8.4303
9.29975 -8.43035
9.34183 -8.43659
9.28313 -8.69583
9.06611 -8.73557
8.94789 -8.94415
9.09215 -8.96873
8.77538 -8.64374
8.88646 -8.8364
9.16785 -8.70599
9.00068 -8.45103
9.24662 -8.72228
9.37591 -9.07754
9.13639 -8.80184
8.87204 -8.59637
9.31265 -8.64308
9.21383 -8.84831
8.75172 -8.79313
8.81843 -8.61598
8.86313 -8.85469
9.05199 -8.89848
9.031 -8.99474
9.36092 -8.71421
9.36296 -8.69252
9.16525 -8.77641
9.19138 -8.67893
9.17685 -8.7106
9.19043 -8.70184
9.41546 -8.81275
8.88899 -8.87141
8.92802 -8.87951
8.87656 -8.71439
8.71822 -8.83152
9.08582 -8.69033
9.48241 -8.92381
9.36973 -9.14293
9.22298 -9.16826
9.0707 -8.62243
8.64349 -8.91931
8.97099 -8.97913
8.97948 -8.72133
8.78371 -8.75406
8.92194 -8.64197
8.94722 -8.52249
9.08573 -8.84608
8.95747 -8.42694
8.91879 -8.51151
9.06276 -8.27842
8.85351 -8.562
8.83865 -8.70823
9.44904 -8.56495
9.45801 -8.63152
9.52829 -8.63889
9.01011 -9.09953
9.50426 -8.75391
9.1985 -8.76141
9.0358 -8.65232
9.01889 -8.695
9.20411 -8.85498
9.45589 -9.03874
9.45942 -9.45317
9.48534 -8.83265
9.49452 -9.05949
9.11679 -8.99003
9.32113 -9.03574
9.05199 -8.94389
9.20016 -9.3038
9.28356 -9.24388
9.40304 -9.05638
9.40768 -9.21558
9.03684 -9.1402
9.29143 -8.50603
9.38807 -8.92176
9.19013 -9.00873
8.85463 -8.88114
9.18992 -8.59118
9.53103 -8.84652
9.42225 -8.82166
9.34724 -8.33839
9.20223 -8.9603
9.50955 -8.66744
9.44549 -8.88504
9.32208 -9.01929
9.13821 -8.75288
9.56205 -8.81122
9.06925 -8.60245
9.05637 -8.54652
9.21438 -8.51429
9.33491 -8.7591
9.04962 -8.47719
9.31412 -8.56902
9.21242 -8.83641
9.00767 -8.46981
9.3786 -8.58605
9.1712 -8.59007
9.28765 -8.62872
9.13604 -8.64289
9.16776 -8.92106
9.02325 -8.80629
8.99063 -8.99798
8.848 -8.70381
9.1584 -8.58216
9.02599 -8.35683
8.85176 -8.4839
8.9211 -8.78669
9.03586 -9.00843
8.77696 -8.74599
9.16112 -8.61213
9.11631 -8.72564
8.83335 -9.08104
9.08731 -8.79558
9.0766 -8.5622
9.35271 -8.73214
9.13252 -8.86543
9.36197 -8.73896
9.10899 -8.89871
8.9663 -8.89747
9.3202 -8.92449
9.27382 -8.99512
9.50831 -8.85244
9.36818 -8.82366
9.6553 -8.89077
9.6374 -8.48397
9.34701 -8.87702
9.33415 -8.92496
9.35845 -8.88666
9.25593 -9.0074
9.52669 -8.7998
9.18435 -8.77545
9.21868 -8.61103
9.11117 -8.98328
9.18018 -8.88997
9.22558 -8.65746
9.06007 -9.27428
9.22727 -8.82591
9.33707 -9.03094
9.57421 -8.91063
9.63872 -8.7734
9.60389 -9.14441
9.19117 -9.14506
8.92166 -8.99841
9.24488 -8.87601
8.91693 -8.6916
9.22299 -9.1556
9.42329 -8.74118
9.63827 -8.73968
9.37739 -8.9342
9.58721 -8.95649
9.38043 -8.98519
9.2735 -8.78161
9.39648 -8.91436
9.08058 -8.44019
9.39583 -8.75817
9.22568 -8.76756
9.5169 -8.89159
9.40058 -8.74959
9.3246 -9.11121
9.7429 -8.68967
9.18792 -8.71269
9.57359 -8.8105
9.72803 -8.56125
9.53912 -8.81029
9.57769 -8.78373
9.3485 -8.866
9.4299 -8.67112
9.24456 -8.94776
9.47088 -8.67373
9.43699 -8.64535
9.65843 -8.61675
9.49751 -8.42103
9.15696 -8.78248
9.42085 -8.74057
9.53674 -8.81962
9.22661 -8.48483
9.04778 -8.82051
9.39296 -8.65528
9.52525 -8.99307
9.31171 -8.4593
9.35873 -8.81795
8.91831 -8.6678
9.14662 -8.7444
9.22278 -8.81828
9.39706 -8.50977
9.44806 -8.78207
9.73986 -8.72285
9.6619 -8.68595
9.81736 -9.1302
9.66393 -8.6217
9.33129 -8.71174
9.25758 -8.75713
9.43392 -8.96134
9.5052 -8.99113
9.20443 -8.58368
9.48014 -8.90296
9.2801 -8.68159
9.34213 -8.59543
9.47628 -8.58117
9.47289 -8.71289
9.13178 -8.66933
9.36607 -8.59436
8.97938 -8.57116
9.23494 -8.61696
9.51553 -8.51743
9.13318 -8.91623
9.54875 -8.56547
9.65932 -8.77834
9.51085 -8.69591
9.4136 -8.91823
9.4722 -8.79629
9.25727 -8.74976
9.15332 -8.77887
9.16087 -8.93608
9.20568 -8.59666
9.36141 -8.53124
9.15373 -8.46604
9.23666 -8.50393
9.57321 -8.74196
9.52792 -8.61711
9.38212 -8.79088
9.4216 -9.21281
9.59976 -9.01032
9.58742 -8.93595
9.00501 -8.71987
9.33042 -8.64462
9.44448 -8.84967
9.57492 -8.20002
9.4458 -8.13986
9.03435 -8.48859
9.48268 -8.7887
9.44309 -9.04031
9.33477 -8.52803
9.18181 -8.56938
9.21102 -9.01189
9.24113 -8.6759
9.51289 -9.42499
8.99535 -8.99455
9.51644 -9.19251
9.44967 -9.27968
9.53788 -8.94723
9.52767 -9.32665
9.51457 -8.93934
9.01555 -8.91004
9.78085 -8.95729
9.51301 -9.03138
9.54608 -8.78978
9.28373 -8.7262
9.14313 -8.91905
9.3808 -8.78514
9.82407 -8.91177
9.98786 -8.89131
9.52772 -8.51159
9.09061 -8.75168
9.4417 -8.37543
9.50723 -8.32111
9.6044 -8.48933
9.4501 -8.26346
9.48354 -8.66993
9.35365 -8.70503
9.48613 -8.55229
9.17648 -8.6423
9.26788 -8.49852
9.1297 -8.64412
9.47262 -9.00189
9.56255 -8.87409
9.58928 -8.76837
9.1396 -8.81377
9.21611 -8.63379
9.54892 -8.57122
8.87809 -8.69761
9.45175 -8.91011
8.77503 -8.2495
9.00027 -8.12079
9.00377 -8.5123
9.32581 -8.81579
9.33728 -8.69004
9.59631 -8.71464
9.3222 -8.76408
9.51197 -8.90575
9.4097 -8.74847
9.7071 -8.49155
9.45151 -8.31605
9.46735 -8.52917
9.52118 -8.66688
9.50966 -8.78806
9.42425 -8.90879
9.18357 -8.88482
8.97104 -8.85733
8.97163 -8.52339
9.26981 -8.5488
9.37801 -8.50941
9.43837 -8.59469
9.4177 -8.42988
9.56931 -8.41515
9.44514 -8.51708
9.42647 -8.35668
9.07649 -8.4071
9.27886 -8.62965
9.62087 -8.5905
9.53811 -8.41294
9.26154 -8.65413
9.18829 -8.29786
9.06422 -8.16541
9.36838 -8.0627
9.35415 -8.39374
9.29991 -8.37834
9.45397 -8.698
9.22818 -8.37079
8.99742 -8.40338
9.11368 -8.65241
9.74955 -8.80066
9.48875 -8.61415
9.51427 -8.62522
9.23804 -8.83124
8.94529 -8.3842
8.81816 -8.32554
9.09085 -8.69772
9.02587 -8.69724
9.4013 -8.37316
9.34188 -8.50146
8.87429 -8.45481
9.21609 -8.39021
9.2559 -8.68636
9.52094 -8.44961
8.9508 -8.50043
9.29903 -8.66165
9.17921 -8.49377
9.0456 -8.62618
9.0812 -8.81959
9.26133 -8.77957
9.2699 -8.89836
9.59058 -8.49297
9.33716 -8.39122
9.18593 -8.6387
8.92439 -8.48012
9.14105 -8.08715
9.15896 -8.28713
9.12531 -8.45129
8.70481 -7.94573
8.92151 -8.21945
9.15009 -8.3588
8.79287 -8.67016
9.07932 -8.76098
8.77412 -8.72102
8.84593 -8.84645
9.09202 -8.46672
8.96147 -8.91611
9.08666 -8.56188
9.19335 -8.64288
8.85878 -8.71096
9.21511 -8.43986
9.03781 -8.53506
9.19378 -8.54136
9.50487 -8.34303
9.25856 -8.30545
9.56304 -8.35764
9.44351 -8.28838
9.28737 -8.41922
8.86679 -8.41928
9.28752 -8.55859
9.17624 -8.37241
9.17105 -8.6271
9.07602 -8.38922
8.97837 -8.07575
8.95194 -8.4186
8.96246 -8.50078
9.06659 -8.46056
9.06087 -8.5781
9.24431 -8.73604
9.46455 -8.44865
9.22291 -8.55109
9.32562 -8.60626
9.55802 -8.66051
9.31651 -8.51884
9.49561 -8.52094
9.11933 -8.60835
9.38164 -8.45794
8.91796 -8.80325
9.03495 -8.72614
8.94702 -8.5675
9.10822 -9.11432
9.0423 -8.48415
9.33581 -8.74532
9.06654 -8.5852
9.12202 -9.00771
9.12481 -8.84271
9.09486 -9.07055
9.08836 -8.86494
9.05784 -8.65071
8.98072 -8.62074
8.77448 -8.48526
8.90953 -8.50992
8.94406 -8.77127
9.25226 -9.01983
9.13248 -8.52424
8.95941 -8.60065
9.08065 -8.42191
8.80609 -8.72815
8.93605 -8.9127
9.0902 -8.08902
9.17659 -8.93821
9.00742 -8.91229
9.04453 -8.59893
9.01536 -8.49191
8.93094 -8.81043
8.88015 -8.83928
9.02213 -8.90324
8.94341 -8.65101
9.47712 -8.69763
9.35378 -8.94607
9.17375 -8.71273
9.1602 -8.83721
8.89365 -8.69898
8.91938 -8.8223
9.10403 -8.75024
9.40117 -8.53058
8.94235 -8.64262
8.94832 -8.91581
9.06268 -8.76407
8.94226 -8.68032
8.88453 -8.7746
8.78342 -8.61585
8.87569 -9.05654
8.90163 -8.66984
9.32959 -8.67931
9.27767 -8.47246
9.21284 -8.96946
9.18338 -9.01006
9.15517 -8.5675
9.01018 -8.62481
9.35668 -8.72927
8.99767 -8.82493
9.25153 -8.66423
9.03658 -9.06479
8.92715 -8.88759
9.14772 -8.77703
9.12171 -9.188
9.21863 -9.22206
9.09319 -9.14855
8.95591 -8.91306
9.20778 -9.02189
9.16466 -8.92553
9.23522 -8.85002
9.16189 -9.13725
9.1382 -8.86273
9.01419 -9.09543
8.9882 -8.87383
8.74514 -9.48862
8.59072 -9.28483
8.96726 -8.7516
9.07955 -8.89318
9.06209 -9.24856
8.7781 -8.85116
9.10759 -9.08889
8.83758 -8.80066
8.74387 -8.9487
8.89807 -8.95772
9.1662 -8.88453
8.66192 -8.86311
8.888 -8.68615
9.06867 -8.8504
8.936 -9.19637
9.11403 -8.98225
9.10063 -9.02137
9.03365 -9.23856
9.11512 -9.26998
8.91745 -9.21903
9.02959 -9.06306
8.95199 -9.18198
9.14841 -8.82683
8.763 -8.71975
8.68448 -8.45611
9.09451 -8.82873
8.84186 -8.86763
9.15545 -9.20194
9.05423 -8.58554
8.94486 -9.01362
8.94253 -9.1432
9.14751 -9.2768
9.00406 -9.10736
9.20757 -9.08594
8.87703 -9.08497
9.28554 -9.14311
9.4587 -9.18142
9.13701 -8.82371
9.26954 -8.81796
8.99594 -8.70901
9.03119 -8.84784
9.09469 -9.0989
9.09953 -8.80852
8.64251 -9.12977
9.25577 -9.36407
9.23728 -9.23595
9.38281 -9.00397
9.13922 -8.82438
8.98291 -9.12297
9.40384 -8.89558
9.29377 -8.87113
8.99018 -9.03235
9.0501 -8.92489
9.10924 -8.90956
9.01167 -9.16393
9.079 -9.52954
9.63742 -9.69522
9.31178 -9.17397
8.91653 -9.07659
9.09497 -9.07796
9.14308 -9.18891
8.93257 -9.29411
8.83225 -9.33447
8.79264 -8.73415
8.88575 -9.3495
8.76174 -9.05308
8.88344 -8.85093
8.77373 -8.70009
9.11135 -8.83702
9.06891 -8.81462
9.26413 -9.10017
9.0141 -9.16003
8.87424 -9.42736
8.69129 -9.10929
9.4401 -9.17599
8.92536 -9.14503
9.03748 -8.92499
9.32934 -9.17118
9.25261 -9.03918
8.7397 -8.96918
9.08155 -8.6509
9.18259 -8.65047
9.30307 -8.79951
9.12582 -9.28778
9.2727 -8.97426
9.15181 -8.7829
9.17664 -8.73962
9.17369 -8.97127
9.24278 -8.9702
8.91201 -8.79218
8.98154 -8.82985
9.34788 -9.00918
9.15338 -8.9131
9.28358 -8.86313
8.92191 -8.95492
9.35491 -9.2319
9.02413 -8.93241
8.95177 -9.1262
9.29904 -9.11696
9.24114 -8.73658
9.17433 -9.32495
9.25063 -9.07859
9.23923 -9.3554
9.24134 -9.64949
9.12654 -9.47933
9.26539 -9.27785
9.05885 -9.04762
9.23886 -8.69663
9.15073 -8.61957
9.39764 -8.82242
9.54784 -8.71648
9.07288 -9.06977
9.34993 -8.88043
9.48525 -8.77875
9.26103 -8.8666
9.14776 -9.31696
9.38079 -9.06819
9.24589 -9.1201
9.42499 -8.47095
9.45627 -8.87397
9.36049 -8.72084
9.36851 -8.50279
9.32689 -9.02411
9.08291 -9.49677
9.44326 -9.44498
9.22584 -9.18556
9.32793 -9.1217
9.37076 -9.66643
9.44908 -9.64382
9.48155 -9.20141
9.47445 -8.88748
9.46593 -9.15907
9.60043 -9.43222
9.13516 -9.52398
9.42024 -9.58901
9.39479 -9.29427
9.41879 -9.09519
9.37173 -9.22939
9.44714 -9.27962
9.22151 -9.00086
9.34171 -9.47995
9.35377 -9.31238
9.12209 -9.52656
9.24273 -9.08584
9.17426 -8.91183
9.43464 -8.80924
9.10889 -8.91193
9.24597 -8.92148
9.27012 -9.19198
9.32027 -9.08879
9.52234 -9.22646
9.63515 -8.85059
9.35754 -9.12165
9.38578 -9.11619
9.17391 -9.20074
8.82035 -8.74476
9.13201 -8.63686
9.24496 -9.08391
9.34327 -9.24259
9.27061 -9.46936
9.70399 -9.25996
9.60951 -9.29078
9.11041 -9.39824
9.28767 -9.01982
9.11385 -8.97726
9.05119 -8.88445
9.2429 -8.88457
9.26423 -9.15993
9.37723 -9.03196
9.04027 -9.0683
9.04428 -9.16234
9.11446 -9.25462
9.24231 -8.99484
9.12767 -9.23555
8.98895 -9.27346
9.3803 -9.2479
9.27519 -9.1233
9.39045 -9.20851
9.36659 -8.94439
9.22988 -9.11292
9.22038 -9.33427
9.64161 -9.34404
9.45148 -9.06643
9.4946 -9.31389
9.47677 -8.86528
9.5189 -9.28156
9.52355 -9.29285
9.54351 -9.10091
9.81161 -9.05271
9.75591 -9.41479
9.32895 -9.44781
8.99368 -9.27558
9.45302 -9.37608
9.67864 -9.2646
9.28179 -9.03472
8.91264 -9.12377
9.29412 -9.46348
9.49763 -9.02586
9.48827 -9.15916
9.36123 -9.23799
9.56569 -9.31872
9.27344 -8.94818
9.70937 -9.11137
9.31056 -8.99909
9.42315 -8.20842
9.42727 -8.99492
9.53049 -9.11369
9.57171 -8.91809
9.11605 -9.05207
9.17514 -9.21778
9.45084 -8.70662
9.3171 -8.89698
9.44441 -9.08374 9.30616
8.84535 -8.75271 -7.92684
8.42962 -8.9994 -9.34279
8.11792 -9.06284 -9.27246
8.92179 -8.55912 -9.64725
8.23374 -8.95299 -9.58978
8.8966 -8.93779 -9.42445
8.64468 -8.75734 -9.32913
8.60348 -8.84735 -9.39491
8.32243 -9.07908 -9.48715
8.7472 -9.33756 -9.36495
8.33299 -9.37009 -9.47583
8.83453 -9.51092 -9.23439
8.51997 -9.03015 -9.01541
8.40443 -8.88787 -9.10974
8.5092 -8.64964 -9.27113
8.54602 -9.17756 -9.41267
8.21505 -8.96004 -9.2978
8.38687 -8.85984 -8.95331
8.26132 -8.91675 -9.24315
8.46905 -8.80471 -9.19276
8.7877 -8.70588 -9.11986
8.31219 -9.14134 -8.72939
8.36475 -8.30166 -9.41788
8.38902 -8.86314 -9.12476
8.58092 -8.94471 -9.39498
8.37463 -9.00639 -9.34769
8.55542 -9.29074 -9.53197
8.71893 -9.24263 -9.1142
8.47898 -9.54674 -8.97004
8.49857 -9.1444 -8.91926
8.22214 -9.11249 -9.03035
8.46733 -9.00614 -9.43573
8.30549 -9.04433 -9.20597
8.49984 -9.50004 -9.27778
8.63427 -9.32875 -9.08711
8.21346 -9.67147 -8.99085
8.27499 -8.84103 -9.4964
8.48097 -8.92893 -9.27058
8.51555 -9.24959 -8.95915
8.2471 -9.00021 -9.2587
8.51095 -8.98649 -9.09591
8.4889 -8.70326 -8.83604
8.47426 -8.78684 -8.8765
8.23035 -9.08617 -9.03023
8.63594 -8.61404 -9.40711
8.30004 -9.22975 -9.04099
8.62429 -9.49326 -8.45974
8.50053 -9.43517 -9.22685
8.64408 -8.96788 -8.88902
8.48248 -8.49059 -8.94693
8.12556 -8.81749 -8.81601
8.61613 -9.09183 -8.47974
8.24637 -9.27046 -8.98287
8.55727 -9.21388 -9.01554
8.52661 -9.11016 -9.32846
8.62131 -8.8732 -9.12872
8.7707 -8.94466 -8.81007
8.32868 -8.77443 -9.15052
8.69433 -8.77456 -8.85339
8.9818 -9.1083 -8.75967
8.39186 -9.11224 -8.68187
8.32591 -9.11873 -8.96835
8.67192 -8.85781 -9.19368
8.39902 -8.8814 -8.94555
8.7116 -8.66976 -8.83818
8.73252 -8.5277 -8.65263
8.67851 -8.72997 -8.85926
8.54196 -9.14355 -9.01349
8.21674 -9.10011 -8.91606
8.74202 -9.07455 -8.66427
8.28889 -9.2566 -8.519
8.6073 -8.92654 -8.69528
8.37485 -8.92966 -8.93663
8.64401 -8.99839 -8.94256
8.71457 -8.96368 -8.70486
8.83887 -9.20063 -8.52004
8.89178 -9.28368 -8.61371
8.55908 -9.32721 -8.86271
8.56408 -9.28377 -9.02989
8.68418 -9.00033 -8.89669
8.72974 -9.05233 -8.82553
8.58867 -8.75392 -8.55592
8.34399 -8.78621 -8.53003
8.75176 -8.74844 -8.79586
8.64711 -8.68635 -8.52627
8.58425 -8.92415 -8.59565
8.63916 -8.97097 -8.41394
8.99159 -8.79078 -8.87132
8.63964 -8.50925 -8.85644
8.70404 -8.63317 -9.11099
8.73245 -9.10524 -8.97147
8.39818 -9.06189 -9.05841
8.21678 -9.13882 -9.05738
8.22668 -8.90591 -8.7287
8.8446 -8.7433 -8.81277
8.61609 -8.42637 -9.13164
8.8375 -8.87817 -8.99001
8.84341 -9.0278 -9.09487
9.06139 -8.92304 -9.04301
9.07429 -8.80086 -8.84471
8.60974 -8.60984 -8.55097
8.70328 -8.8632 -8.9556
8.38879 -8.74954 -8.74106
8.39684 -8.77671 -8.77336
8.38913 -8.64595 -9.37454
8.8087 -8.77351 -9.17919
8.48814 -8.71071 -8.90708
8.43753 -8.46483 -8.8332
8.45702 -8.87017 -8.85911
8.41402 -8.73545 -9.24091
8.36431 -9.04379 -8.7808
8.65254 -8.80826 -8.96219
8.64441 -8.717 -8.99061
9.02925 -8.65896 -8.64066
8.90608 -8.9895 -8.70005
8.77161 -9.03694 -8.84973
8.68068 -9.20136 -8.61626
9.11986 -8.94396 -8.84918
8.81294 -8.66652 -8.5326
8.67058 -8.90734 -8.26795
8.57172 -9.15223 -8.85994
8.33783 -8.74615 -9.3324
8.98837 -8.94498 -8.99257
8.44696 -9.14397 -9.02617
8.78588 -9.07788 -9.02592
8.50295 -8.92902 -9.09404
8.69729 -9.01271 -9.23519
8.68303 -9.15239 -8.96579
8.46065 -9.29396 -8.91077
8.47584 -9.15326 -8.57057
8.54465 -8.94633 -9.14387
8.62264 -8.83726 -9.44748
8.90022 -9.22921 -9.39863
8.47504 -9.50938 -9.28926
8.29066 -9.52083 -9.20241
8.61504 -9.45878 -9.42394
8.48482 -9.1028 -9.36807
8.66132 -8.98969 -8.73371
8.55526 -8.56552 -9.05036
8.40678 -8.35921 -9.46336
8.61985 -8.65243 -9.06665
8.53563 -8.87814 -8.78709
9.12999 -9.06247 -8.87804
8.71532 -8.76591 -8.83279
8.49982 -9.2242 -8.97766
8.25018 -8.81288 -9.06289
8.5814 -8.76312 -8.73606
8.76867 -8.74165 -8.98204
8.82007 -9.19449 -9.07997
8.74332 -8.98847 -8.92094
8.84007 -8.85905 -9.1298
8.6294 -8.78145 -9.28401
8.80814 -8.74523 -9.20056
8.77069 -8.97959 -9.07525
8.26769 -9.2174 -9.2226
8.49774 -9.12104 -8.97624
8.55901 -8.98314 -9.39572
8.64657 -8.65387 -9.2672
8.54861 -8.61594 -9.09252
8.82075 -9.01635 -9.05426
9.02127 -9.28003 -9.01593
9.10159 -9.25172 -9.07599
8.6099 -9.49491 -8.66403
8.87899 -9.40375 -8.58434
8.49856 -8.77393 -8.98278
8.47865 -9.24747 -9.21188
8.41859 -8.86448 -9.42175
8.38603 -8.90394 -9.24726
8.51371 -9.26837 -9.07194
8.71122 -8.98859 -9.0321
8.40087 -9.39611 -9.25364
8.75931 -9.02085 -8.96598
8.83015 -9.1191 -9.00734
8.17787 -9.02157 -8.81485
8.40808 -8.80484 -8.99519
8.72596 -8.96419 -8.99665
9.04038 -8.72176 -9.15851
8.7894 -8.8835 -9.08432
8.62845 -9.14855 -8.75841
8.58791 -9.11622 -9.18054
8.71124 -9.02338 -9.0354
8.75906 -8.96766 -9.52633
8.5053 -8.90625 -9.03404
8.48449 -9.09757 -9.40923
8.5998 -9.16698 -9.37574
8.83893 -9.35385 -9.19075
8.7297 -9.43183 -9.24325
8.68421 -9.24414 -9.18351
8.87913 -9.13387 -9.31627
9.04834 -9.21437 -9.33213
8.88628 -9.15584 -9.48805
9.18856 -8.90053 -9.61984
8.83305 -9.2545 -9.2465
8.99527 -8.93952 -8.94096
9.45793 -8.77898 -8.99556
9.13457 -9.13929 -8.68131
8.87018 -9.13742 -9.1135
8.77861 -9.1869 -9.01141
8.92478 -9.34514 -9.06746
8.95352 -9.0261 -9.24861
9.13762 -9.09395 -9.1479
8.87656 -9.81047 -9.13979
8.57754 -9.17536 -9.28757
8.88201 -9.09548 -9.1733
9.02589 -8.86063 -9.02777
9.0151 -9.07298 -9.32353
8.84945 -8.93015 -9.02023
8.67881 -9.10611 -8.92684
8.7664 -9.02209 -9.30904
9.14171 -8.84717 -9.36104
8.45305 -8.93704 -9.11926
8.31256 -8.89057 -9.17841
8.77994 -9.01767 -9.07014
8.79071 -8.9926 -9.16065
9.28778 -8.90418 -9.19183
8.89657 -9.11281 -9.35485
8.92373 -9.33826 -9.31413
8.84626 -8.9996 -9.13617
8.96712 -9.10935 -9.44341
8.92574 -9.0931 -9.19792
9.00741 -9.22152 -9.16449
9.28975 -8.41157 -9.5422
8.71466 -8.98923 -9.46957
8.69403 -8.84031 -9.20795
8.47589 -9.16903 -9.1573
8.89428 -9.2451 -9.04162
9.15799 -9.10354 -8.83612
8.71235 -9.23186 -8.81572
8.88134 -9.35714 -8.6639
9.53609 -8.84199 -8.87318
8.79296 -9.28138 -9.09909
8.76805 -9.24596 -8.77995
8.89262 -9.12106 -8.79104
9.10069 -9.16529 -9.26216
9.12443 -9.05815 -8.96823
9.13193 -9.47669 -8.5757
8.47464 -9.45404 -8.71522
9.23694 -9.01574 -8.87353
8.92911 -9.26965 -8.9212
8.99238 -8.97593 -9.31625
9.17101 -8.78161 -9.27146
8.41297 -8.9309 -8.86389
9.1616 -9.1461 -9.08173
9.15995 -8.8775 -8.81067
8.76757 -8.66392 -8.96018
8.66226 -8.90694 -9.04106
8.99165 -9.00046 -9.20704
8.61224 -8.6609 -9.14221
9.08711 -8.87495 -9.21025
9.18606 -8.97292 -9.43673
9.31219 -8.74599 -9.2269
8.84047 -8.82296 -9.03321
8.68941 -8.99363 -9.06614
8.82499 -9.01356 -9.02188
8.61676 -9.19872 -9.16998
8.98259 -9.29126 -9.14773
8.99449 -8.74275 -8.75853
8.48808 -9.10268 -8.83789
9.04536 -8.79008 -8.76642
8.93684 -8.87918 -8.77852
8.92667 -9.05536 -8.75346
9.25746 -9.10042 -9.11324
9.07741 -9.03086 -8.64333
8.81634 -9.06219 -8.8799
8.98184 -9.12348 -8.91151
8.89928 -8.93635 -8.95895
9.16586 -9.33132 -8.97722
9.12232 -9.45407 -8.81636
8.85519 -8.93792 -9.40754
9.06724 -9.3404 -9.30084
8.51803 -9.27368 -8.94776
8.42281 -9.52781 -9.13279
8.8548 -9.53115 -9.08514
9.13652 -9.45242 -9.12695
8.76837 -9.29717 -9.40414
8.62667 -9.73851 -9.09205
8.7742 -9.29258 -9.18471
8.43456 -9.25961 -9.37402
8.77059 -9.10252 -8.85806
8.61343 -9.30454 -8.78993
9.05449 -9.26386 -8.86899
8.90681 -9.35755 -9.24703
8.60156 -8.71181 -8.97685
8.65534 -8.83081 -8.81974
8.75971 -8.93165 -8.79513
9.08085 -8.99649 -8.82065
8.8721 -8.93053 -8.99873
9.09002 -9.30773 -8.92202
8.86949 -8.87725 -8.67069
8.82265 -8.93365 -8.93406
8.61468 -9.18476 -9.10894
8.79487 -8.94287 -9.30729
8.66725 -8.75005 -9.11401
8.94624 -8.98581 -8.83894
8.76351 -9.2293 -8.7064
8.7814 -9.47323 -9.23739
8.76885 -9.00862 -9.18362
8.75968 -8.81041 -9.25363
9.03453 -9.14913 -9.2505
8.92632 -8.98013 -9.37485
8.85445 -9.28496 -9.38604
8.81037 -9.24148 -8.89191
8.66633 -8.99799 -9.47388
8.67184 -9.07336 -9.36649
8.93004 -9.29041 -9.58778
8.74926 -9.17787 -9.63457
8.78516 -9.50528 -9.5398
8.9719 -9.4912 -9.50521
8.72961 -9.1431 -9.18722
9.03138 -9.38547 -9.91103
9.08568 -9.35132 -9.37622
8.84579 -9.33256 -9.40993
9.17126 -8.87966 -9.53643
8.72316 -9.14321 -9.53981
8.57639 -9.10677 -9.14695
8.73866 -9.29987 -9.4442
9.08288 -9.5573 -9.27258
9.28015 -9.5309 -9.35566
8.70557 -9.66263 -9.40023
9.12381 -9.35447 -9.23159
8.81599 -9.35323 -9.32415
8.74197 -9.29472 -9.37506
9.11477 -9.13477 -9.56566
8.86515 -8.83219 -9.5749
8.98174 -8.97098 -9.45964
8.4531 -8.88161 -9.17233
8.57343 -9.27948 -9.17499
8.71227 -9.35328 -9.10328
8.60677 -9.08545 -9.25691
8.73333 -9.31028 -9.34851
8.70225 -9.29154 -8.78996
9.13251 -8.9541 -8.90031
8.69436 -9.34318 -9.1233
8.93364 -9.42 -9.07242
8.76365 -9.13385 -8.79774
8.47409 -9.49539 -9.2629
8.65386 -9.20127 -8.81762
8.55342 -8.84916 -9.04837
8.62205 -9.17449 -9.28664
8.75086 -9.26675 -9.1132
8.63629 -8.73353 -9.1832
8.46915 -9.11225 -8.89829
8.56544 -9.44703 -8.96122
8.78111 -9.39413 -8.98192
8.51305 -8.71187 -9.01328
8.49193 -8.94907 -9.26028
8.42297 -8.76084 -9.15893
8.37154 -8.81334 -8.91733
8.7269 -9.14275 -9.00413
8.75655 -8.91763 -9.24654
8.10353 -8.76626 -9.41834
8.79406 -8.80804 -9.4974
8.90737 -8.89789 -9.5751
8.7942 -8.71015 -9.55706
8.73362 -8.55501 -9.31685
8.38306 -8.79439 -9.39241
8.86923 -9.0657 -9.51141
8.73181 -8.96019 -9.29386
9.09658 -9.20384 -9.07329
9.1972 -8.82677 -9.08536
8.89169 -8.77821 -9.21037
8.81046 -8.85653 -9.13544
8.75326 -9.27863 -9.02792
8.55644 -8.90836 -8.81646
8.73713 -8.96008 -9.11021
8.81722 -8.43077 -9.15608
9.03403 -8.52235 -8.99442
8.76293 -8.74307 -9.07809
8.70776 -8.73732 -9.14212
8.75877 -8.66625 -9.08572
8.94867 -8.60754 -9.21858
8.82964 -8.94412 -9.15616
8.94858 -8.91839 -9.22331
8.6039 -8.92098 -9.1973
8.95685 -8.67019 -8.81238
8.95364 -8.77031 -8.88115
9.07422 -8.95401 -9.01889
9.09696 -8.7467 -9.24237
8.93662 -9.05039 -9.15803
9.08817 -8.88957 -9.25709
8.70639 -8.96468 -8.63922
8.63441 -9.05301 -9.17587
8.90313 -9.008 -8.7404
8.6664 -8.91645 -9.0928
8.3897 -8.94489 -9.17642
8.81091 -9.10305 -8.94979
8.61622 -8.62246 -9.03996
8.87599 -9.16576 -9.184
8.7155 -8.89439 -8.71424
8.78008 -8.92139 -8.87415
8.38289 -8.88465 -9.27632
8.8772 -8.8626 -9.18826
8.81065 -8.88965 -8.97883
8.93058 -8.75194 -9.2535
8.721 -8.99742 -9.52544
8.68101 -8.95857 -9.26481
9.02746 -8.6715 -8.99433
8.85782 -9.01774 -8.95046
8.40419 -8.65202 -9.10909
8.72483 -8.72723 -9.04335
8.50034 -9.00275 -8.94028
8.6733 -8.68066 -9.52072
8.88108 -8.53074 -9.36789
8.70153 -8.55201 -8.99904
8.75253 -8.53944 -9.12788
8.61406 -8.66641 -9.20827
9.14251 -8.71606 -9.332
8.86647 -8.89705 -9.25975
8.9197 -9.21662 -8.86772
9.07421 -9.03108 -9.28309
9.23859 -8.87286 -9.129
8.80513 -8.64767 -9.56162
9.04443 -9.05621 -9.54277
8.66963 -9.53151 -9.28811
9.26703 -9.40845 -9.14248
8.82265 -9.24073 -8.95002
8.95869 -8.94111 -9.20815
8.97849 -9.02399 -9.53426
8.7151 -9.07017 -9.50771
9.04029 -9.12875 -9.55943
8.60178 -8.85613 -9.0177
8.8194 -8.90765 -9.03706
9.11637 -9.10426 -8.81325
8.73807 -8.90817 -8.74935
8.84434 -9.25802 -9.11055
8.84041 -9.0482 -9.11436
9.1126 -8.9353 -9.50552
8.83661 -9.16496 -9.10345
8.97913 -9.23328 -9.20443
9.02239 -9.07749 -8.92782
8.75166 -9.3951 -8.89323
9.00187 -9.20819 -8.849
8.57605 -9.30112 -9.06774
8.70067 -9.01176 -9.01451
8.51446 -9.16866 -9.0309
8.62581 -9.03202 -9.4446
9.30907 -9.19784 -9.05184
9.43698 -9.32186 -9.05033
8.89037 -9.15318 -9.40172
9.10021 -9.016 -9.42895
9.32873 -8.79503 -9.34094
9.00381 -8.84619 -8.97003
8.93967 -8.85597 -9.06678
9.15754 -9.10863 -9.04629
8.7029 -9.17953 -9.29925
8.94098 -9.55101 -9.11614
9.17294 -9.56916 -9.34864
8.75218 -9.32626 -9.2783
9.24957 -9.14835 -9.01335
9.22217 -9.26783 -9.11877
8.75168 -9.50078 -9.0866
8.94083 -9.20617 -9.37764
8.65964 -9.26677 -9.12714
8.68628 -9.47794 -8.86973
8.70331 -9.47116 -9.27388
8.7097 -9.56668 -9.36304
8.75877 -9.25946 -9.15918
8.63708 -9.1892 -9.02732
8.99436 -9.50084 -9.23048
9.07786 -9.11422 -9.28351
9.19227 -8.71815 -8.92737
8.57867 -9.36578 -9.03954
8.93916 -9.00308 -9.11914
8.77446 -9.11398 -9.07251
9.03028 -9.29989 -9.01811
8.68738 -9.15736 -9.14938
8.82298 -9.26749 -8.91652
8.51986 -9.06619 -8.96155
8.75216 -9.13417 -9.12765
8.79445 -9.18371 -9.25649
9.3687 -9.07372 -9.24052
8.71383 -9.15441 -9.03293
8.95832 -9.005 -9.26248
9.30315 -8.90464 -9.26089
8.74102 -8.73323 -9.11121
8.93888 -9.00041 -9.19748
8.49717 -8.9634 -9.08498
8.86031 -9.24091 -9.13302
9.20297 -9.22751 -9.12831
8.75252 -8.85448 -9.39797
8.69837 -8.88663 -9.48195
8.97127 -8.99335 -8.84454
8.90896 -9.09497 -8.8151
8.74847 -9.08997 -8.61079
9.10916 -9.76249 -8.8645
8.76284 -9.405 -8.92662
8.81336 -9.21943 -9.63891
8.75539 -9.64899 -9.57231
8.69643 -9.54851 -9.51596
8.67637 -9.01035 -9.78166
8.83696 -8.74887 -9.34817
9.11182 -8.94389 -9.54939
9.02215 -9.1708 -9.61471
9.10169 -9.13015 -9.3167
9.12219 -9.03736 -9.1063
8.5811 -9.11907 -8.98131
9.14578 -9.00651 -9.37097
8.94279 -9.18184 -9.27067
9.06145 -9.18758 -9.65273
9.06435 -9.11743 -9.42109
8.93404 -8.89286 -9.48773
8.91286 -8.96139 -9.3513
8.9994 -9.11138 -9.05754
8.87019 -9.14625 -9.20754
8.8333 -9.04066 -9.4189
9.0733 -8.58033 -9.21372
9.01269 -8.74582 -9.60221
9.07893 -9.12655 -9.40262
9.3439 -9.16056 -9.44011
8.87477 -8.9384 -9.58423
9.09693 -9.01161 -9.53514
9.08017 -9.32303 -8.95592
9.3329 -9.50879 -9.36531
8.8958 -9.25452 -9.33109
8.77943 -8.73884 -9.07193
8.90476 -8.75924 -9.53124
8.70148 -8.39671 -8.99972
8.45868 -8.79833 -8.83401
8.58684 -9.05881 -9.45854
8.75052 -9.16747 -9.0549
9.0782 -9.3257 -9.15217
8.81344 -9.20596 -9.19079
8.82273 -9.12711 -9.02765
9.29715 -9.03999 -8.62834
9.13904 -9.16022 -9.16321
8.82695 -8.89866 -8.93466
8.90194 -8.81689 -9.43012
8.67611 -8.94485 -9.19781
8.9339 -9.0283 -9.05311
8.76342 -8.94456 -8.92468
8.80182 -9.1286 -8.85832
9.26969 -9.05355 -8.66138
8.95254 -8.70235 -8.88351
8.86968 -9.07359 -8.84548
9.00376 -8.56928 -9.1622
8.86059 -8.90557 -9.03544
8.91399 -8.84992 -9.25019
9.19002 -8.83431 -9.73898
9.10694 -8.86402 -9.53276
9.12413 -8.53445 -9.44202
9.13974 -8.89289 -9.10631
8.84328 -8.92813 -8.889
9.1572 -8.70948 -9.13055
9.00522 -8.94958 -9.14678
9.24231 -8.81623 -9.30243
8.97549 -8.77404 -9.53323
8.88325 -9.04072 -9.35085
8.6743 -9.00912 -9.6406
8.6563 -9.0994 -9.08346
8.93218 -9.0655 -9.07891
8.58544 -8.75632 -9.13868
8.84106 -8.99112 -9.42382
9.14482 -9.27374 -9.23587
8.90876 -9.2103 -9.1645
8.65022 -9.1604 -9.05726
9.23817 -9.15443 -9.2249
8.76163 -8.79421 -8.84364
9.34128 -8.69759 -9.36116
9.38161 -8.9633 -9.28866
9.14716 -8.83506 -9.27171
9.08554 -9.34194 -8.76382
8.78406 -8.5474 -8.80178
8.86741 -8.86945 -8.92103
8.5875 -8.84803 -9.25678
8.91565 -8.67641 -9.47054
9.09847 -8.61243 -9.0392
8.71665 -8.88059 -9.19957
9.09134 -8.84199 -9.21318
8.90949 -9.26921 -8.83682
9.20489 -8.94205 -9.17149
8.72451 -9.15628 -9.08474
8.7613 -9.10289 -9.02821
8.97171 -9.1153 -9.11761
8.70565 -8.98078 -9.58379
8.72703 -8.77399 -9.36181
8.99284 -8.73282 -9.14098
9.1197 -8.8419 -9.00753
8.84423 -9.11659 -9.07754
9.0209 -9.05002 -9.63897
8.83973 -9.22084 -9.18223
8.95685 -9.28003 -9.38248
8.7951 -8.93963 -8.93697
9.06642 -8.97558 -9.31993
9.13946 -9.06894 -9.19554
8.77788 -8.95821 -9.2859
8.96039 -9.14065 -9.18683
8.99708 -9.00278 -9.08393
8.93234 -8.68063 -9.15269
9.08023 -9.07128 -9.15453
8.87022 -8.78689 -9.21482
8.86117 -9.1985 -9.11054
8.92228 -8.6729 -9.01078
9.08824 -8.96092 -9.2108
8.55099 -8.92212 -9.38253
8.67196 -8.81855 -9.02424
9.01215 -8.84909 -9.00873
8.9305 -8.82862 -8.82664
8.61308 -8.68896 -9.23835
8.50752 -9.0647 -9.06241
8.56218 -8.77901 -9.3929
8.79118 -8.91912 -9.27567
9.14293 -9.40689 -9.01825
8.75169 -9.04193 -9.13061
8.84287 -9.39729 -8.7666
8.99295 -9.29826 -9.06098
8.71077 -9.27522 -9.59615
9.00105 -9.20752 -9.21104
8.94327 -9.13249 -9.36821
9.18568 -9.0333 -9.11387
8.92154 -8.90321 -9.18155
8.71831 -9.45027 -9.54529
8.82472 -9.60701 -9.15889
9.09406 -9.51894 -8.93426
8.93595 -9.45085 -8.71587
8.62694 -9.69154 -8.59693
8.56253 -9.54548 -9.29451
9.04645 -9.34862 -9.25152
8.505 -9.40722 -9.51537
8.60332 -9.42145 -9.29666
8.6518 -9.29165 -9.69762
8.38353 -9.38572 -9.65752
8.4947 -9.33917 -9.46379
8.63443 -9.60312 -9.30665
8.76946 -9.10543 -9.11685
9.00981 -8.83028 -9.46205
8.66237 -9.06016 -9.36454
8.82041 -9.27102 -9.53202
9.05299 -9.23768 -9.34117
9.04487 -8.94423 -9.10244
8.90967 -9.27442 -8.98272
8.8295 -8.82816 -9.05289
8.49527 -9.16685 -9.10525
8.65265 -9.04827 -9.05108
8.72191 -9.58788 -8.92735
8.64871 -9.29032 -8.90084
8.78466 -9.47166 -9.04206
8.80717 -8.87419 -9.046
8.93079 -9.39442 -9.39712
9.34453 -9.23772 -9.09945
8.92422 -9.16004 -9.15308
9.03052 -9.14469 -9.56
9.24335 -9.42775 -9.01898
8.77599 -9.35595 -9.13705
9.46231 -9.21893 -9.06478
9.02529 -9.26255 -9.27104
9.0898 -9.33187 -9.01727
8.85931 -9.6542 -9.00778
9.3158 -9.0934 -8.54623
8.54805 -9.22851 -8.98995
9.03625 -9.32835 -9.11567
8.89653 -9.38639 -9.33912
8.9593 -8.99185 -8.94768
8.78304 -9.0729 -9.12248
9.03788 -8.87842 -9.27865
8.61709 -8.66198 -8.96717
8.60606 -8.77442 -9.13422
8.71709 -8.79759 -8.92675
8.61388 -9.04358 -8.80189
8.72789 -8.7502 -8.94563
8.83875 -8.75813 -8.56337
9.25597 -8.85031 -8.54143
8.74367 -9.02558 -8.84608
8.63409 -9.01164 -9.06677
8.85467 -8.96783 -8.93546
9.08198 -9.10165 -9.12118
8.58408 -9.41183 -8.94943
9.12546 -9.3295 -9.33011
9.23054 -9.23644 -9.1654
8.91991 -9.11376 -9.09862
9.08372 -9.23608 -8.92887
8.95704 -9.12516 -9.30186
8.85914 -9.35478 -9.21609
8.57165 -9.12952 -9.04964
8.60943 -9.27682 -9.02094
9.02492 -9.25653 -9.05057
9.05403 -9.19356 -9.19905
9.26723 -9.40482 -9.28099
9.22313 -9.35001 -9.28531
9.46035 -9.24556 -9.3624
8.99119 -9.25349 -9.0572
8.98629 -9.21249 -9.32455
8.87707 -9.71269 -8.67644
9.35357 -9.26865 -8.93042
8.86358 -9.28859 -8.70307
9.32406 -9.35341 -8.87051
9.09329 -9.27267 -9.24407
8.92277 -8.97893 -9.02769
8.41723 -9.20757 -9.30444
9.00159 -9.34781 -9.3859
8.891 -9.34868 -8.84551
9.03744 -9.50623 -9.23521
9.1823 -9.39296 -9.02575
9.15091 -9.25263 -8.70314
8.90998 -9.30131 -8.92807
9.15877 -9.25763 -9.18188
9.14886 -8.97144 -8.98898
8.94877 -9.1748 -9.12977
9.29992 -8.81417 -9.29979
8.84436 -8.83757 -9.46106
9.08423 -8.7925 -9.3969
8.95655 -8.90519 -9.33413
8.66224 -9.12607 -9.22554
9.12781 -9.08309 -9.27615
9.63421 -9.00248 -9.61279
8.91951 -9.03368 -9.44633
8.89612 -9.30339 -9.39927
9.34917 -8.85937 -9.48282
9.11643 -8.93588 -9.47961
9.0733 -9.31172 -9.25069
9.00316 -9.15731 -9.41328
9.0317 -9.20779 -9.59536
8.96745 -9.56384 -9.45078
9.17533 -9.41022 -9.23042
9.07337 -9.2572 -9.31688
9.02631 -9.26293 -9.36589
9.11093 -9.08271 -9.3465
9.09039 -9.21344 -9.27066
8.89998 -9.46077 -9.35802
8.88542 -9.23204 -9.5671
8.57804 -9.31914 -9.38587
8.9564 -9.44399 -9.22374
8.93277 -9.43537 -9.09072
8.91272 -9.31533 -9.27516
8.57524 -9.15077 -9.4269
9.04837 -9.38483 -9.27518
8.95495 -9.13349 -9.27457
8.92913 -8.90066 -9.02419
9.13182 -9.03156 -9.05447
8.58399 -8.81588 -9.30275
8.70034 -9.08751 -9.55084
8.86136 -8.84975 -9.43255
8.85951 -8.57014 -9.23686
8.99742 -8.93424 -9.18215
8.80372 -8.95266 -9.2882
9.01733 -9.12135 -9.27272
8.91752 -9.07908 -9.1397
9.04343 -9.19148 -9.47867
9.0156 -9.27197 -9.31438
8.94709 -9.4227 -9.61968
8.7645 -9.53315 -9.31142
8.96184 -9.25314 -9.69873
8.93166 -9.33981 -9.54435
8.85814 -9.30357 -9.50765
8.88894 -9.25732 -9.51913
9.0035 -9.0803 -9.58578
8.92673 -9.22911 -9.53767
8.99202 -9.71701 -9.87615
9.04034 -9.17846 -9.58808
8.94286 -9.56565 -9.32822
8.79057 -9.17849 -9.14338
8.98354 -9.34731 -9.34227
8.9538 -9.11121 -9.39738
8.81061 -8.84445 -8.99971
8.74395 -8.76602 -9.3098
9.31677 -9.10124 -9.18889
8.66078 -9.1456 -9.27819
8.82564 -8.79314 -8.90209
8.78765 -9.33903 -9.16745
8.82001 -9.25911 -9.11036
8.89264 -9.29819 -8.98116
9.19217 -9.44067 -8.85047
8.96256 -9.03962 -9.24476
8.91861 -9.39026 -8.55389
8.76675 -9.42571 -9.44239
8.87916 -9.12128 -9.10956
8.53835 -9.38589 -9.20093
9.01085 -9.38571 -8.97536
9.26125 -9.20555 -9.50802
9.48469 -9.43663 -9.30753
9.15489 -9.09891 -8.97437
8.84186 -8.90223 -9.48784
9.05936 -9.00704 -9.59158
8.85725 -9.18873 -9.25894
9.06302 -9.19642 -9.45952
8.93641 -9.10047 -9.24068
9.03627 -8.99898 -9.47538
9.21636 -8.96955 -9.08308
8.79933 -8.80218 -8.75947
9.07673 -8.87045 -8.8435
9.03302 -9.1815 -9.01711
9.18903 -9.21594 -8.88173
9.11984 -9.44025 -9.18362
9.26842 -9.24251 -9.28534
8.8989 -9.28323 -9.32771
9.02546 -9.14271 -9.20089
9.04309 -8.81687 -9.3911
8.97116 -8.8132 -9.06073
9.23364 -8.85312 -8.77103
9.17179 -9.39947 -9.38649
8.93584 -9.54254 -9.39419
9.05845 -9.30241 -9.22339
8.73758 -9.31555 -9.3167
8.91647 -9.15233 -9.1086
9.01758 -9.11546 -9.12511
9.25982 -9.3026 -9.18312
8.82711 -9.65361 -9.30257
8.78193 -9.55509 -8.97178
9.07543 -9.05973 -9.35452
8.9039 -9.40678 -9.20538
8.897 -9.33696 -9.08655
