1600 50 40000
6.22704e-05 6.25264e-05 3.64684e-05 0.00230139 0.0022952 0.00289592 0.0135708 0.00992665 0.401444
0.0060169 0.00338439 0.337902 0.0761499 0.0758423 0.105585 0.00967325 0.00955625 0.0236427
0.00811123 0.00511323 0.272535 0.115573 0.115745 0.102542 0.00972168 0.00969892 0.0117529
0.00895949 0.00604415 0.266481 0.139377 0.13952 0.127398 0.00982935 0.00981938 0.0106998
0.00972712 0.00678588 0.266595 0.162101 0.162125 0.160103 0.0108094 0.0107809 0.0133452
0.00997877 0.00697975 0.324043 0.17591 0.175994 0.168468 0.0105409 0.0105058 0.0141214
0.00975952 0.00701924 0.283788 0.184971 0.185132 0.171998 0.010756 0.0107582 0.0105549
0.0100172 0.00723759 0.276723 0.192287 0.19248 0.17695 0.010851 0.0108926 0.00680032
0.0104401 0.00740454 0.356315 0.197255 0.19739 0.185712 0.0107613 0.010831 0.00478012
0.0102899 0.0074708 0.276699 0.206044 0.205784 0.226833 0.0109229 0.0109774 0.00615419
0.0105252 0.00763667 0.255045 0.209203 0.209569 0.180738 0.0109032 0.0109244 0.0087321
0.0102588 0.00750477 0.255364 0.204959 0.205197 0.187103 0.0107115 0.0106942 0.0123119
0.0102002 0.0075708 0.274329 0.212434 0.212261 0.226163 0.011195 0.0111938 0.0113137
0.0102229 0.0075381 0.2185 0.221948 0.222192 0.204537 0.0114447 0.0114028 0.0151677
0.00997074 0.00740035 0.235941 0.223469 0.223668 0.208493 0.0114239 0.0113769 0.0160208
0.0103605 0.00766828 0.250553 0.221617 0.221772 0.209176 0.0119626 0.0119479 0.0133968
0.0105844 0.00792959 0.21674 0.21486 0.215643 0.162059 0.0115218 0.0115584 0.0086901
0.0105687 0.00790374 0.214848 0.22563 0.226721 0.160823 0.0114969 0.0115182 0.0100305
0.0108756 0.00823899 0.24529 0.223789 0.224301 0.185443 0.011725 0.0116937 0.0144984
0.0103817 0.00760173 0.236223 0.21753 0.218131 0.177108 0.0118321 0.0117493 0.0181361
0.0108576 0.00797976 0.209429 0.222029 0.222463 0.194456 0.012028 0.0119455 0.0180236
0.0105666 0.00780185 0.210957 0.231332 0.231889 0.196951 0.0125957 0.0124547 0.0226461
0.0103844 0.00773102 0.195938 0.218524 0.218889 0.197283 0.0119496 0.011795 0.0227144
0.010663 0.00798173 0.184516 0.219283 0.21925 0.221241 0.0118438 0.0117195 0.0208085
0.0108312 0.00831872 0.204202 0.23402 0.233562 0.264987 0.0118977 0.0117654 0.0222217
0.0108178 0.00825102 0.220983 0.222718 0.221981 0.274266 0.0119559 0.0118734 0.0187444
0.0109073 0.0083467 0.214674 0.220356 0.219589 0.272475 0.0117913 0.0117022 0.0184504
0.0114783 0.00903063 0.172473 0.229707 0.229767 0.226034 0.0126198 0.0125271 0.0198189
0.011722 0.00920892 0.218296 0.234363 0.234299 0.238959 0.0127791 0.0126881 0.0201009
0.0108616 0.00833714 0.206552 0.230046 0.230181 0.22091 0.0123555 0.0122879 0.0171647
0.0113779 0.0086663 0.253061 0.248725 0.248685 0.251498 0.012914 0.0128359 0.0197502
0.0105048 0.00803973 0.266498 0.238912 0.238495 0.273579 0.0121596 0.0120237 0.0252534
0.0112843 0.00858153 0.27616 0.250755 0.250669 0.257451 0.0126596 0.0125253 0.023936
0.0110394 0.00843536 0.276029 0.237946 0.237585 0.268867 0.0125462 0.0123612 0.0306936
0.0107775 0.00824588 0.329312 0.239886 0.239315 0.294307 0.0126207 0.0124397 0.0311206
0.010378 0.00784219 0.325568 0.238188 0.23767 0.291037 0.0120803 0.0119882 0.021673
0.0102666 0.00780222 0.241815 0.22992 0.229563 0.261183 0.0117013 0.0116029 0.0211877
0.0107343 0.0083261 0.223663 0.230026 0.229645 0.261243 0.0117767 0.0116577 0.0230863
0.0108965 0.00844278 0.219461 0.233279 0.232319 0.316248 0.0118469 0.0117452 0.0207502
0.0106685 0.00823766 0.236101 0.236063 0.23468 0.355607 0.0117555 0.011638 0.0225801
0.0108186 0.0084283 0.218395 0.235221 0.234137 0.316353 0.0121125 0.0120073 0.0200781
0.0104912 0.00801033 0.238111 0.226267 0.225274 0.30642 0.0116834 0.0115847 0.0201856
0.0102988 0.00796245 0.200586 0.233443 0.233229 0.248273 0.011688 0.0115757 0.0201211
0.0108977 0.00845256 0.196114 0.235057 0.234579 0.266427 0.0124223 0.0123092 0.021104
0.0105179 0.00804309 0.214027 0.227317 0.226559 0.277701 0.0121609 0.012055 0.0199661
0.0101514 0.00776681 0.201363 0.225044 0.223706 0.326225 0.0121643 0.0120537 0.0215723
0.0102906 0.00791668 0.164449 0.228119 0.227487 0.268389 0.0121936 0.0121482 0.0149693
0.00998546 0.00757538 0.189578 0.229087 0.228352 0.280201 0.0121123 0.0120266 0.0189075
0.0102102 0.0077499 0.177354 0.232805 0.231976 0.292561 0.012638 0.0125261 0.021312
0.0101221 0.00764355 0.183948 0.231286 0.230945 0.252855 0.0122816 0.0122172 0.0171284
0.0097051 0.00740884 0.161536 0.22933 0.228818 0.266525 0.0120266 0.0119892 0.0146101
0.00966581 0.00738481 0.187095 0.235089 0.235204 0.227788 0.0124003 0.0123457 0.0163213
0.00965155 0.00741531 0.207693 0.224299 0.223778 0.262611 0.0119961 0.0119118 0.0194533
0.0101279 0.00777026 0.193183 0.227802 0.22722 0.266373 0.0122066 0.0121141 0.0195121
0.0108021 0.00827994 0.219557 0.229526 0.229019 0.266034 0.0125148 0.0124046 0.0219253
0.0105083 0.00814453 0.188282 0.227035 0.226543 0.258962 0.0130206 0.0129399 0.0187847
0.0105399 0.00822375 0.176105 0.238487 0.237894 0.277388 0.0128748 0.0127876 0.0185583
0.0110878 0.0085298 0.206958 0.236052 0.23482 0.332826 0.0129736 0.0128478 0.023341
0.0111877 0.00873305 0.252081 0.236652 0.234807 0.405485 0.0123295 0.0121509 0.0272553
0.0107422 0.00831197 0.24267 0.225928 0.224318 0.369571 0.012243 0.0120372 0.0307898
0.0111592 0.00865836 0.228431 0.231008 0.229527 0.354759 0.0124136 0.012238 0.0270648
0.0113773 0.00868063 0.228562 0.236916 0.235724 0.321757 0.0124123 0.0122207 0.0281587
0.0111138 0.00865804 0.219166 0.228105 0.227089 0.300654 0.0126339 0.0124693 0.026477
0.0108474 0.00844121 0.211209 0.228476 0.227181 0.33137 0.0123053 0.0121758 0.0242774
0.0105484 0.00812706 0.250926 0.227672 0.226579 0.314059 0.0120266 0.0119546 0.0184485
0.0101735 0.00787847 0.211307 0.223036 0.22177 0.315955 0.0117649 0.0117067 0.016132
0.00984998 0.00754079 0.207197 0.228333 0.226969 0.338928 0.0118669 0.0117079 0.0265093
0.0108878 0.00827886 0.21075 0.236079 0.234934 0.314844 0.0119226 0.0118337 0.0186957
0.0107889 0.00816507 0.206042 0.244812 0.24356 0.330397 0.0123923 0.0122982 0.0188613
0.0106189 0.00816147 0.176958 0.235609 0.234653 0.294739 0.0124452 0.0123242 0.0203674
0.0105169 0.00811991 0.162161 0.234294 0.233385 0.293512 0.0126111 0.0125057 0.0203089
0.0100441 0.00775665 0.168452 0.236175 0.235544 0.280183 0.0122676 0.0121844 0.0187827
0.0104384 0.00805598 0.188299 0.24027 0.239842 0.269863 0.0124833 0.0124633 0.0139103
0.0103218 0.0079159 0.174222 0.236192 0.235238 0.308974 0.012367 0.0123158 0.0164408
0.00972064 0.00746919 0.178054 0.233404 0.232928 0.269961 0.0124272 0.012378 0.0159818
0.0104942 0.0080011 0.228088 0.232991 0.231986 0.312936 0.0127473 0.0126393 0.022022
0.010271 0.00793684 0.193749 0.23385 0.232747 0.317317 0.0128313 0.0126872 0.0247597
0.0101231 0.00783658 0.163111 0.225238 0.224477 0.276933 0.0125645 0.0124143 0.0230749
0.010398 0.00798739 0.231072 0.235048 0.233435 0.357085 0.0130395 0.0129047 0.0240348
0.010094 0.00779502 0.17547 0.229324 0.228176 0.311556 0.0124275 0.0122376 0.0264564
0.0101543 0.00781787 0.184841 0.235713 0.234909 0.28775 0.0126081 0.0124184 0.0263325
0.00999116 0.00767993 0.168415 0.234231 0.234079 0.24325 0.0123349 0.0121577 0.025399
0.00982286 0.00750734 0.191311 0.233386 0.232243 0.312972 0.0119985 0.0119162 0.0186333
0.0101424 0.00787422 0.202182 0.235931 0.234373 0.348609 0.0124048 0.0123131 0.0190483
0.0103508 0.00803252 0.197141 0.246839 0.2457 0.327673 0.0125995 0.0124975 0.0209602
0.0102386 0.00782972 0.191146 0.24712 0.246009 0.329094 0.0126079 0.0125129 0.0193841
0.0100581 0.00771811 0.188989 0.233955 0.232996 0.304389 0.0122228 0.0121589 0.0173911
0.0102198 0.00774084 0.203575 0.24155 0.24027 0.336812 0.0122329 0.012164 0.0176881
0.00996546 0.0076453 0.212265 0.235041 0.233868 0.319757 0.012678 0.0126284 0.0168716
0.0100059 0.00758626 0.206715 0.238237 0.236706 0.358623 0.0128595 0.0127887 0.0187835
0.0105397 0.00799132 0.218465 0.252529 0.251041 0.365861 0.0130419 0.0129846 0.0174639
0.0100442 0.00772197 0.194662 0.235665 0.234312 0.342043 0.0125946 0.0125236 0.0181316
0.0100103 0.00767413 0.193398 0.238174 0.23677 0.352762 0.0127924 0.0127453 0.0162131
0.0102478 0.00779483 0.205175 0.243685 0.242461 0.337593 0.012717 0.0126117 0.0218465
0.0104973 0.00807677 0.201547 0.24187 0.241064 0.297132 0.012707 0.0125311 0.0267341
0.0104091 0.00809739 0.187451 0.24427 0.243665 0.285109 0.0127344 0.0126377 0.0199854
0.0109724 0.00854872 0.212327 0.244739 0.243953 0.301911 0.0129866 0.0128006 0.0289624
0.0107963 0.00836424 0.194539 0.241611 0.240798 0.298939 0.0126542 0.0125644 0.0195833
0.0100139 0.00766557 0.203796 0.239372 0.238523 0.297256 0.0122716 0.0121923 0.0185697
0.0101221 0.00770571 0.205133 0.236334 0.235541 0.292538 0.013056 0.0129842 0.0187861
0.0101074 0.00754952 0.217198 0.238996 0.238344 0.289163 0.0129888 0.0128578 0.0241862
0.010425 0.0079535 0.227126 0.24318 0.24291 0.264878 0.0129583 0.0128889 0.0182459
0.0103364 0.00794526 0.188597 0.240065 0.2402 0.230017 0.013247 0.0131316 0.0219996
0.0100074 0.00778529 0.171188 0.242088 0.241918 0.254636 0.0132038 0.0131332 0.0181513
0.0101225 0.00780536 0.191849 0.236934 0.236479 0.272372 0.0133292 0.0132479 0.0189617
0.00977709 0.00749023 0.174965 0.230505 0.229918 0.272129 0.0126638 0.0126486 0.0136562
0.00991862 0.00767742 0.174871 0.235787 0.234743 0.31996 0.0129609 0.0130026 0.0102684
0.0101323 0.00774634 0.208904 0.233701 0.232331 0.363089 0.0133429 0.0133377 0.0137721
0.0103361 0.00792662 0.212823 0.236558 0.23575 0.29878 0.0128532 0.0128326 0.0145758
0.0105488 0.00814222 0.205662 0.247703 0.247129 0.289434 0.0134236 0.0133992 0.0154276
0.0102525 0.00796072 0.175949 0.249722 0.249089 0.293511 0.0131018 0.013055 0.0166859
0.0104922 0.00804095 0.198799 0.239227 0.238892 0.264048 0.0127487 0.0126898 0.0176206
0.0100948 0.00774791 0.226695 0.238337 0.237593 0.299338 0.0125454 0.0124798 0.0180694
0.0104673 0.00798926 0.233181 0.248477 0.248505 0.246399 0.012306 0.0122183 0.0192546
0.0106161 0.00811829 0.221875 0.248298 0.247722 0.29093 0.0122662 0.0121635 0.0201673
0.010303 0.00787944 0.212203 0.248149 0.247162 0.323709 0.0117289 0.0116398 0.0180146
0.0099606 0.00754376 0.229692 0.242449 0.240798 0.383021 0.0119759 0.0118254 0.025841
0.010058 0.00776658 0.157314 0.236686 0.236871 0.226456 0.0125055 0.0124394 0.0166244
0.0103758 0.00783032 0.203741 0.242183 0.241531 0.285941 0.0121111 0.0119996 0.0209948
0.0102435 0.00770771 0.238465 0.237234 0.235757 0.35708 0.0121274 0.0120146 0.0227154
0.0101564 0.00766432 0.27598 0.242094 0.240663 0.363442 0.0120811 0.0119914 0.0209605
0.00992627 0.00759982 0.200954 0.238013 0.236623 0.351505 0.01184 0.011729 0.0224424
0.0101018 0.0076838 0.23659 0.237453 0.236196 0.338507 0.0120084 0.0119665 0.0157216
0.0107117 0.00820275 0.217466 0.245208 0.244499 0.29421 0.0124341 0.0124292 0.012806
0.0107199 0.00846104 0.213838 0.244056 0.242839 0.340387 0.0126745 0.0126374 0.015844
0.0105726 0.0081205 0.186016 0.24224 0.241742 0.276548 0.0128835 0.0128789 0.013217
0.0096045 0.00736782 0.188619 0.233798 0.233002 0.294259 0.012606 0.0125407 0.0179252
0.00979711 0.00741899 0.200302 0.235132 0.2343 0.292942 0.0128813 0.0128677 0.0139865
0.00992817 0.00755866 0.169547 0.240723 0.239763 0.307114 0.0124783 0.0124706 0.0130162
0.0103621 0.00791829 0.180511 0.241503 0.24081 0.287808 0.0123197 0.0122745 0.0158159
0.0102485 0.00788451 0.206897 0.244405 0.243813 0.289521 0.01226 0.0122033 0.0166179
0.0101397 0.00782827 0.200088 0.241785 0.241249 0.280062 0.0122681 0.0122284 0.0151071
0.0104141 0.00804186 0.207663 0.245257 0.243364 0.419938 0.0124337 0.0123513 0.020063
0.0108891 0.00863259 0.205992 0.253787 0.252084 0.400629 0.0128056 0.0127203 0.0200476
0.0108401 0.00841932 0.210153 0.247563 0.246404 0.339811 0.0126665 0.0125565 0.0224228
0.0100238 0.00776959 0.222948 0.242626 0.241119 0.376214 0.0124328 0.0123073 0.0241905
0.0101339 0.00777666 0.175878 0.240698 0.239833 0.30392 0.0127425 0.0126403 0.0206112
0.0103474 0.00789729 0.177174 0.238912 0.238177 0.290985 0.0128091 0.0127093 0.0196171
0.0107403 0.00835729 0.198424 0.238719 0.237613 0.327552 0.0131708 0.0130025 0.0271303
0.0111781 0.00881478 0.18906 0.244196 0.243157 0.324225 0.01294 0.0128011 0.0235562
0.0112015 0.00878162 0.217699 0.24167 0.240183 0.381618 0.0130501 0.0129763 0.0181515
0.0107629 0.0085395 0.17078 0.236981 0.236577 0.266156 0.013336 0.0133241 0.0141616
0.0103725 0.00808704 0.216152 0.234425 0.2339 0.275362 0.0138519 0.0138152 0.0170037
0.0107134 0.00845071 0.187902 0.243193 0.243678 0.210134 0.0137545 0.0137673 0.0127857
0.010666 0.00842567 0.218124 0.240678 0.240671 0.241197 0.0129434 0.0129086 0.0164078
0.0106116 0.00834162 0.261278 0.232597 0.232129 0.273942 0.0127683 0.0127536 0.0142308
0.010856 0.0086335 0.227884 0.239013 0.238457 0.286742 0.0128455 0.012832 0.0142066
0.0108189 0.00849866 0.197264 0.235609 0.235465 0.246002 0.0127935 0.0127686 0.0150165
0.0107073 0.0084349 0.199485 0.24744 0.24671 0.303024 0.0130777 0.013035 0.0170349
0.010527 0.00826493 0.195045 0.239467 0.238824 0.289599 0.0129764 0.0129051 0.0194194
0.0104811 0.0081664 0.211435 0.235428 0.234899 0.274217 0.0129758 0.0129377 0.0162382
0.0109274 0.0085718 0.19168 0.245917 0.245521 0.274129 0.0136545 0.0136185 0.0160754
0.0110006 0.00864694 0.182964 0.231358 0.230933 0.260982 0.0132635 0.01323 0.0155974
0.0106364 0.00812618 0.193487 0.242834 0.243069 0.227677 0.0135956 0.0135221 0.0190465
0.0107652 0.00832592 0.21314 0.242647 0.242007 0.292345 0.0135612 0.013424 0.0254604
0.0106212 0.00815427 0.187391 0.244686 0.244302 0.273133 0.0132253 0.0131279 0.0208538
0.0107218 0.0084011 0.216013 0.233254 0.232536 0.289721 0.012699 0.0125855 0.0227462
0.0107398 0.0083575 0.208046 0.242571 0.241788 0.303736 0.0128874 0.0127904 0.0221609
0.0102356 0.00786717 0.208338 0.240139 0.239037 0.319496 0.0131204 0.0130295 0.0210125
0.0102991 0.00799154 0.217625 0.23707 0.23578 0.339157 0.0132369 0.0131206 0.0234521
0.0099543 0.00761906 0.198464 0.237147 0.236426 0.287218 0.0126931 0.0126427 0.0169213
0.0101761 0.00791675 0.213604 0.235384 0.234483 0.303949 0.0126575 0.0125894 0.0191804
0.0104909 0.00817065 0.184887 0.244562 0.243943 0.289448 0.0126346 0.0126137 0.0141662
0.0106408 0.00832114 0.18484 0.246296 0.245105 0.33934 0.0128124 0.0127271 0.0206047
0.0104662 0.00811271 0.17692 0.242009 0.241214 0.293573 0.0125222 0.0124764 0.015943
0.0109015 0.00856204 0.180803 0.242399 0.241077 0.346662 0.0130528 0.0129759 0.0195543
0.0109292 0.00868959 0.164278 0.241425 0.240645 0.296228 0.0128424 0.0127798 0.0176618
0.0110486 0.00882231 0.192145 0.250454 0.249651 0.308788 0.0133486 0.0133256 0.0149675
0.0109292 0.00872645 0.182671 0.253235 0.252373 0.315056 0.0131422 0.0131 0.01642
0.0106947 0.00852996 0.203768 0.24922 0.247775 0.380116 0.0131568 0.0131117 0.0173145
0.0103214 0.00818429 0.163484 0.247685 0.246515 0.335407 0.0132133 0.0131596 0.0177631
0.0104597 0.00820826 0.179606 0.249762 0.24911 0.293003 0.0128465 0.0128005 0.0165998
0.0106386 0.00825808 0.186647 0.247897 0.246528 0.355625 0.0127228 0.0126332 0.0209749
0.0100408 0.0077107 0.227487 0.235371 0.234068 0.350654 0.0123036 0.0122044 0.0211012
0.0103919 0.00802987 0.231292 0.239715 0.238623 0.326782 0.0123309 0.0122023 0.0232634
0.0102848 0.00792823 0.214168 0.240753 0.24005 0.291666 0.0121699 0.0120549 0.0209933
0.0103646 0.00797304 0.193162 0.243805 0.242721 0.331325 0.0125786 0.0124985 0.0187209
0.00992927 0.00769937 0.21615 0.23724 0.236741 0.276582 0.0125489 0.0124277 0.0222861
0.0103466 0.00792898 0.215847 0.238075 0.237224 0.307794 0.0122303 0.0121029 0.0228192
0.0100226 0.00774818 0.207634 0.23488 0.233971 0.316024 0.0122764 0.0121328 0.024826
0.0101 0.00781239 0.204123 0.243829 0.243048 0.308359 0.0123247 0.012177 0.0252236
0.0103809 0.00801609 0.196143 0.243878 0.243308 0.286043 0.0125964 0.012498 0.0205343
0.0102874 0.00788438 0.230404 0.237233 0.236164 0.334326 0.0118334 0.0117525 0.0189334
0.0109595 0.00848841 0.22642 0.242659 0.241891 0.304933 0.012604 0.0124923 0.02255
0.0107245 0.00835413 0.216946 0.249386 0.248876 0.28651 0.0127535 0.012638 0.0220773
0.011017 0.00855062 0.225209 0.244875 0.243502 0.367195 0.0121693 0.0120511 0.0231662
0.0109356 0.00853041 0.210563 0.249367 0.248112 0.340844 0.012276 0.0121894 0.019614
0.0108798 0.00858425 0.200134 0.247108 0.24586 0.342799 0.012048 0.0119655 0.0183893
0.0111923 0.00885451 0.185828 0.248474 0.247717 0.301142 0.0121361 0.0120866 0.0157974
0.0114418 0.00898471 0.201397 0.254799 0.254168 0.297435 0.0126995 0.0126533 0.0160942
0.010976 0.00856328 0.217353 0.250713 0.249791 0.322264 0.0120755 0.0120344 0.0156935
0.0111211 0.00868618 0.229969 0.253581 0.252414 0.347403 0.0122617 0.0122034 0.0179808
0.010718 0.00849024 0.181589 0.246685 0.24575 0.313047 0.0127203 0.0127064 0.013881
0.0106872 0.00828231 0.189117 0.244963 0.244131 0.304862 0.0124178 0.0123625 0.0168427
0.0106691 0.00829188 0.198959 0.244784 0.243401 0.339883 0.0127803 0.0127285 0.0168719
0.0109183 0.00854689 0.195722 0.247547 0.246009 0.362752 0.0125206 0.0124933 0.0146513
0.0105545 0.00831618 0.153121 0.249736 0.248473 0.333239 0.0128762 0.0128743 0.0129999
0.0102525 0.00792856 0.16835 0.245292 0.244858 0.270654 0.0125567 0.012554 0.0127443
0.0101358 0.00800028 0.157804 0.244081 0.24338 0.290431 0.0123946 0.0124126 0.0111797
0.0104693 0.0082396 0.163071 0.248272 0.24803 0.264511 0.0127709 0.0128033 0.0107624
0.010739 0.00848091 0.179583 0.2491 0.248805 0.270184 0.0128413 0.0128387 0.0130455
0.0103089 0.00813761 0.174989 0.242382 0.242184 0.255586 0.0121812 0.0121442 0.0149396
0.0102404 0.00802859 0.172973 0.242763 0.241929 0.307272 0.0121005 0.0120756 0.0140722
0.0104877 0.00827548 0.177473 0.246227 0.245927 0.266334 0.0127887 0.0127732 0.0139806
0.0104748 0.00824916 0.185706 0.239559 0.239165 0.266236 0.012856 0.0128449 0.0136992
0.010269 0.00803887 0.174183 0.239281 0.238961 0.259627 0.0131694 0.013177 0.0126626
0.0108171 0.00856327 0.174149 0.247778 0.247473 0.267762 0.013669 0.0136803 0.0128099
0.0102235 0.00799835 0.188534 0.237503 0.23646 0.315235 0.0129676 0.0129506 0.0142969
0.0100529 0.00790374 0.149805 0.230182 0.22994 0.245506 0.0126272 0.0125939 0.0150376
0.010633 0.00838555 0.166104 0.244354 0.243583 0.300226 0.0132374 0.0132189 0.0145751
0.0109178 0.00866754 0.178673 0.242177 0.240964 0.338043 0.0133683 0.0133368 0.0157027
0.0104553 0.00809892 0.204099 0.242742 0.241536 0.330191 0.0128748 0.012838 0.0154425
0.0103694 0.0081119 0.178954 0.239029 0.237139 0.38961 0.012711 0.0126462 0.0176667
0.0105909 0.00824764 0.186712 0.239329 0.238353 0.305478 0.0125334 0.0124536 0.0181727
0.0109531 0.00858351 0.194358 0.251561 0.249779 0.38436 0.0133577 0.0132398 0.022051
0.0105762 0.00831368 0.194307 0.246337 0.245231 0.330335 0.0130796 0.0129924 0.0195434
0.0109645 0.00863467 0.180165 0.249843 0.249404 0.280153 0.0132407 0.0131228 0.0221661
0.0110286 0.00872006 0.18499 0.242984 0.242747 0.259981 0.0133074 0.0132088 0.0211832
0.0109768 0.00862485 0.20711 0.256093 0.25604 0.259934 0.0132512 0.0131419 0.0221429
0.0106599 0.00829069 0.189496 0.255633 0.255574 0.259885 0.0126387 0.0125885 0.0165157
0.0106949 0.0083819 0.204493 0.250719 0.250658 0.255165 0.0131224 0.0130856 0.0158772
0.0106943 0.00842585 0.196001 0.254873 0.254712 0.268801 0.012884 0.0128557 0.0150929
0.0103733 0.00817418 0.173454 0.249014 0.24882 0.264087 0.0132631 0.0132277 0.0159882
0.0106609 0.00837692 0.187135 0.247439 0.247261 0.262873 0.0135244 0.0134726 0.0182804
0.0113661 0.00912891 0.187212 0.258143 0.25777 0.28854 0.0137872 0.0137666 0.0154639
0.0113926 0.00914241 0.237975 0.244618 0.243609 0.338622 0.0135945 0.0135917 0.013838
0.0106645 0.00841227 0.194183 0.240658 0.239571 0.332807 0.0132127 0.0131795 0.0164947
0.0107728 0.00853961 0.187347 0.246258 0.245285 0.329297 0.0133595 0.0133649 0.0129475
0.0111818 0.00868908 0.255361 0.254125 0.252581 0.411797 0.0138454 0.0137712 0.0218775
0.0108302 0.00855456 0.206614 0.240942 0.239749 0.343958 0.013212 0.0131707 0.0168121
0.0108394 0.00850545 0.235555 0.242484 0.241253 0.353357 0.0133274 0.0132843 0.0170727
0.0105305 0.00826285 0.225173 0.239023 0.238088 0.320374 0.0130256 0.012998 0.0155708
0.010798 0.00841192 0.220329 0.24735 0.246469 0.315996 0.0132998 0.0132637 0.0166528
0.011167 0.00864588 0.2277 0.252311 0.251412 0.324076 0.01319 0.0131217 0.0193021
0.0108198 0.00854969 0.204182 0.249902 0.249413 0.285165 0.0131777 0.0131417 0.0162172
0.0106938 0.00844668 0.20007 0.251425 0.250937 0.288556 0.0132436 0.013214 0.0158585
0.0107104 0.00834559 0.223909 0.257773 0.256934 0.328119 0.0135961 0.0135401 0.0187157
0.0102448 0.00802692 0.219431 0.25216 0.251485 0.311784 0.0139049 0.0138712 0.0171561
0.0102988 0.00804965 0.229494 0.247719 0.247136 0.301803 0.0134615 0.0133901 0.0207516
0.0105503 0.0081392 0.228757 0.255756 0.255056 0.319424 0.0136489 0.0135784 0.0204319
0.0104319 0.00818349 0.206211 0.252039 0.251204 0.334005 0.0133561 0.0132913 0.0192865
0.0104096 0.00815069 0.183891 0.253863 0.253628 0.272608 0.0132696 0.0132229 0.0170865
0.0105459 0.00829954 0.185985 0.247444 0.246991 0.284396 0.0129076 0.0128546 0.0173591
0.0107841 0.00848823 0.171426 0.258313 0.258108 0.271878 0.0133573 0.0133304 0.015346
0.0104787 0.0081207 0.186647 0.246056 0.245558 0.284158 0.0128067 0.0127662 0.0159689
0.0111961 0.00865272 0.213436 0.255723 0.255287 0.290855 0.0130447 0.0129904 0.0175779
0.0115303 0.00916578 0.19194 0.247643 0.247097 0.292217 0.0131234 0.0130652 0.0178077
0.0109265 0.00851945 0.217935 0.248367 0.247569 0.317009 0.013313 0.0132409 0.0192527
0.010887 0.00851272 0.201897 0.258728 0.258525 0.273639 0.0132262 0.0131748 0.0169409
0.0108387 0.00846839 0.194542 0.258525 0.258392 0.269785 0.0128516 0.0127651 0.0201226
0.0102641 0.00809439 0.163002 0.258046 0.257798 0.278372 0.0129862 0.0129088 0.0193559
0.010631 0.00816391 0.198873 0.250304 0.250811 0.21625 0.0127943 0.0126888 0.021025
0.0104028 0.007996 0.19068 0.253815 0.254724 0.195673 0.0128065 0.0127341 0.0183292
0.0104241 0.0080724 0.186274 0.252218 0.252676 0.21787 0.0126429 0.0126032 0.015752
0.0105034 0.00811393 0.171443 0.243959 0.244554 0.202105 0.0124476 0.0123649 0.018558
0.0104357 0.00809084 0.194895 0.252254 0.25289 0.206149 0.0125656 0.0124651 0.0201129
0.0104078 0.00813265 0.197942 0.245893 0.246011 0.236256 0.0124781 0.0124269 0.0167463
0.0107363 0.00848873 0.195275 0.251298 0.252095 0.194274 0.0127643 0.0126818 0.0193158
0.0105688 0.00827845 0.195846 0.243835 0.244248 0.208998 0.0126673 0.0125661 0.0215914
0.0103418 0.00809375 0.169409 0.251515 0.252079 0.207165 0.0131689 0.013059 0.0212226
0.0102815 0.00801579 0.207227 0.248185 0.249 0.180015 0.0132903 0.0132151 0.0184379
0.0102266 0.00801172 0.178412 0.244715 0.24582 0.158695 0.0132153 0.0130917 0.0221621
0.0102839 0.00807369 0.151124 0.252777 0.254274 0.149451 0.0128429 0.0127935 0.0161947
0.0106782 0.00848456 0.159462 0.251711 0.252818 0.177478 0.012935 0.0128847 0.0163657
0.0105246 0.00826363 0.168999 0.25536 0.256047 0.205543 0.0130814 0.0130494 0.0154065
0.0108798 0.00853259 0.174185 0.263179 0.263081 0.271942 0.0137478 0.0136645 0.0204961
0.0106073 0.00836054 0.174554 0.24992 0.250029 0.240508 0.0132303 0.0131892 0.016327
0.0103705 0.00816748 0.192592 0.256336 0.256824 0.216515 0.0131982 0.0131327 0.0181746
0.0110753 0.00868139 0.207551 0.259377 0.259217 0.274589 0.0134207 0.0133276 0.0212413
0.0108872 0.00854008 0.207869 0.260108 0.260676 0.21571 0.0129267 0.0128637 0.0183178
0.0107808 0.00863075 0.166724 0.251762 0.252296 0.208977 0.0131592 0.0131525 0.0136807
0.0105365 0.0083358 0.170359 0.256058 0.256689 0.210804 0.0132829 0.0132933 0.0125044
0.010654 0.00838169 0.174761 0.250616 0.25113 0.212866 0.0132195 0.0132175 0.0133623
0.0104663 0.00821892 0.173264 0.250896 0.251855 0.185585 0.0131999 0.0131846 0.0142944
0.0105857 0.00833007 0.191969 0.249931 0.250525 0.20617 0.0131906 0.0131601 0.0156474
0.0104606 0.00826286 0.190902 0.24594 0.246221 0.224239 0.0131025 0.0130677 0.0159113
0.0104925 0.00832682 0.170348 0.241378 0.241979 0.200154 0.0130887 0.0130899 0.0129958
0.010786 0.00853828 0.182411 0.237193 0.237497 0.215105 0.01337 0.0133465 0.015274
0.0105988 0.00840433 0.180494 0.233748 0.234018 0.213137 0.0131568 0.0131252 0.015706
0.0103052 0.00809161 0.195177 0.236847 0.237186 0.212014 0.0130456 0.0130113 0.0157554
0.0108438 0.00860683 0.179269 0.252183 0.251967 0.269474 0.012641 0.0126049 0.0155511
0.0105932 0.00842204 0.154695 0.244346 0.244898 0.208076 0.0125352 0.0125022 0.0149078
0.0106741 0.00849649 0.174835 0.249369 0.249554 0.235816 0.0126704 0.012606 0.0185558
0.0106997 0.00835998 0.192962 0.254032 0.254092 0.249277 0.0125637 0.0125314 0.0151157
0.0102835 0.00809758 0.157177 0.247696 0.248229 0.212186 0.0120426 0.0120358 0.012497
0.0102807 0.00802596 0.174593 0.252042 0.252029 0.253068 0.0122709 0.0121956 0.0180547
0.0107195 0.00835269 0.188611 0.253948 0.254432 0.218178 0.0121305 0.0120926 0.0149671
0.0100441 0.00783328 0.18588 0.242718 0.242428 0.266612 0.0119148 0.0118384 0.0177704
0.010353 0.00812463 0.174556 0.247592 0.247818 0.231968 0.0119881 0.011931 0.0161801
0.011055 0.0087574 0.198665 0.247293 0.247388 0.239971 0.0121397 0.0121156 0.0138954
0.0115598 0.00913563 0.188073 0.242542 0.242895 0.217018 0.0125758 0.0125311 0.0161367
0.0119554 0.00964327 0.193455 0.262087 0.262517 0.231118 0.0130088 0.0129526 0.0176138
0.0120047 0.00975902 0.181587 0.256828 0.257632 0.205756 0.0127227 0.0127004 0.0144141
0.0117568 0.0095184 0.178029 0.260812 0.261084 0.239027 0.0136706 0.0135241 0.0257532
0.0111114 0.00890121 0.17085 0.251717 0.251952 0.234014 0.0132874 0.0131725 0.0217235
0.0109038 0.0086328 0.195792 0.2492 0.249152 0.253326 0.0128638 0.0127206 0.0252705
0.0110231 0.00870245 0.227861 0.252735 0.25267 0.258196 0.0127369 0.0125871 0.0247095
0.0110017 0.00864672 0.197206 0.259853 0.259565 0.283918 0.0131498 0.0129505 0.0298365
0.0116053 0.00930486 0.191957 0.257525 0.257297 0.276981 0.0130662 0.0128465 0.032009
0.0109229 0.00870634 0.184036 0.261584 0.261592 0.26092 0.0129374 0.0128296 0.0210919
0.0108694 0.00865408 0.199913 0.258322 0.258656 0.23055 0.0129964 0.0129385 0.017611
0.011447 0.00912792 0.196333 0.264905 0.264823 0.272053 0.0132378 0.0132209 0.0144629
0.0110529 0.00887419 0.182012 0.261902 0.262073 0.248737 0.013616 0.013575 0.0168565
0.0106799 0.00852622 0.186913 0.264879 0.264933 0.260353 0.0132564 0.0132438 0.0142609
0.0109181 0.00866994 0.181632 0.260778 0.260863 0.253823 0.0137718 0.0137581 0.0147772
0.010667 0.00845994 0.187011 0.262206 0.262037 0.276657 0.0139276 0.013875 0.0186866
0.0108954 0.0086538 0.178805 0.25257 0.252927 0.226541 0.013538 0.0135364 0.0136509
0.0105898 0.00837796 0.18026 0.252351 0.252367 0.251119 0.013545 0.0134964 0.0175176
0.0101259 0.00801517 0.205528 0.239775 0.239415 0.274567 0.0131768 0.0131146 0.018794
0.0103743 0.00811842 0.218007 0.249223 0.249299 0.242478 0.0128144 0.012756 0.0180954
0.0109347 0.00870443 0.190917 0.241581 0.241195 0.27367 0.0127268 0.0126758 0.0170497
0.011021 0.00867139 0.226195 0.24144 0.240912 0.289439 0.012516 0.0124494 0.018823
0.0107792 0.00848272 0.241383 0.244274 0.244099 0.260937 0.0126188 0.0125689 0.0171603
0.0103571 0.00820491 0.188173 0.249411 0.24946 0.24479 0.0128346 0.0127738 0.0187694
0.0104929 0.00824757 0.227391 0.248296 0.248196 0.258423 0.0129216 0.0128637 0.0183776
0.0107848 0.00851587 0.170546 0.260623 0.261021 0.228431 0.0135021 0.0134543 0.0174671
0.0110092 0.00870014 0.194963 0.25785 0.258024 0.242211 0.0135495 0.013522 0.0157865
0.0110374 0.0087569 0.194467 0.256897 0.256312 0.312683 0.0130117 0.0129739 0.0160291
0.0109643 0.00867291 0.186219 0.254845 0.254598 0.278326 0.0134655 0.0134417 0.0153438
0.0103254 0.00813107 0.198723 0.244787 0.244798 0.243865 0.0132132 0.0131746 0.0165893
0.010618 0.00837787 0.236027 0.247653 0.247056 0.298946 0.0132528 0.0132082 0.0171203
0.0112717 0.00897756 0.224184 0.244815 0.244235 0.300663 0.0131828 0.0131096 0.0202405
0.0107886 0.00854533 0.210768 0.243339 0.242912 0.281175 0.013154 0.0130897 0.0186372
0.0103848 0.00818574 0.175386 0.248098 0.248297 0.233967 0.0134947 0.0134641 0.0156277
0.00996617 0.0078736 0.176157 0.246291 0.246197 0.25325 0.0139505 0.0138862 0.0188915
0.0107639 0.00847651 0.212949 0.252309 0.252165 0.263341 0.0134693 0.0133982 0.0196327
0.0107759 0.00864271 0.173696 0.249102 0.248634 0.2856 0.0134844 0.0134436 0.0170153
0.0112378 0.0088926 0.173323 0.25441 0.253974 0.285553 0.0134535 0.0134148 0.0163723
0.0111041 0.00886166 0.155389 0.259211 0.259727 0.228425 0.0134624 0.0134472 0.0145569
0.0108295 0.00846432 0.173501 0.259991 0.259533 0.290357 0.0133354 0.0133145 0.0147578
0.0112929 0.00882553 0.180342 0.267342 0.267089 0.283472 0.0134153 0.0134056 0.0140644
0.0109915 0.00869028 0.179259 0.257553 0.256839 0.312412 0.0135077 0.0134613 0.0170681
0.0109864 0.00869621 0.193242 0.254938 0.254357 0.294191 0.0131928 0.0131214 0.0185241
0.0113999 0.00908151 0.168216 0.269431 0.268334 0.353188 0.0136679 0.0136035 0.0183839
0.0111451 0.00890417 0.18688 0.268375 0.267772 0.311222 0.0139528 0.0139216 0.0161801
0.0109787 0.00867384 0.16784 0.271553 0.270559 0.341237 0.0138179 0.0137633 0.0177716
0.0111907 0.00895351 0.170489 0.274139 0.2736 0.311713 0.014053 0.0140047 0.0175685
0.0117162 0.00935361 0.178693 0.268557 0.268003 0.304821 0.0140198 0.0139752 0.0171711
0.0116476 0.00941318 0.177877 0.26275 0.261855 0.328598 0.0138097 0.0137575 0.0174188
0.012136 0.0098481 0.162522 0.260142 0.259704 0.289662 0.0141868 0.0141461 0.0169211
0.0117993 0.00945911 0.190163 0.256523 0.255497 0.331011 0.0140273 0.0139062 0.0238129
0.0116243 0.00942104 0.192658 0.25694 0.255408 0.376025 0.0143199 0.0142029 0.0231356
0.0118603 0.00957207 0.170139 0.261088 0.259932 0.337988 0.013835 0.0137107 0.0222711
0.0115406 0.00921056 0.17411 0.255961 0.255238 0.30138 0.0139053 0.0138026 0.0201137
0.0122027 0.0097372 0.17838 0.276834 0.27581 0.349337 0.0146517 0.0145135 0.0239827
0.0112578 0.00886925 0.17189 0.270559 0.26998 0.309597 0.0142209 0.0140756 0.0247841
0.0105398 0.00827827 0.165765 0.260554 0.259737 0.320618 0.0141269 0.0140268 0.0210521
0.0108736 0.00862152 0.17862 0.257048 0.256492 0.297478 0.0136402 0.0135568 0.0195082
0.0107275 0.00852673 0.159965 0.257486 0.256776 0.306962 0.0137689 0.0136813 0.0199447
0.0107442 0.00851177 0.167331 0.255525 0.254494 0.326447 0.0138283 0.0137756 0.0174393
0.0108243 0.00846883 0.213722 0.250047 0.248592 0.365924 0.0136609 0.0135864 0.0196265
0.0108576 0.00847643 0.197702 0.24347 0.241881 0.362955 0.0137031 0.0136404 0.0182808
0.0104533 0.0082271 0.18236 0.241826 0.240132 0.377082 0.0140194 0.0139453 0.0200819
0.0100622 0.00791265 0.161665 0.240579 0.239629 0.302242 0.0139498 0.0139006 0.0177106
0.0106839 0.00839246 0.191919 0.245301 0.244282 0.313474 0.0136287 0.0135904 0.0165297
0.0109766 0.00867176 0.17896 0.24646 0.245798 0.291022 0.0135687 0.0135311 0.0165646
0.0104987 0.0083586 0.179497 0.245135 0.244157 0.318396 0.0132244 0.0131956 0.0154018
0.0112952 0.00901688 0.186227 0.259902 0.259023 0.320741 0.0139421 0.0139162 0.0158702
0.0109249 0.00873037 0.143344 0.256998 0.255949 0.323393 0.0135113 0.0135189 0.012989
0.0105207 0.00834101 0.149854 0.260525 0.259695 0.31313 0.0134669 0.0134617 0.013849
0.011364 0.00914916 0.161236 0.267179 0.266648 0.302232 0.0137557 0.0137292 0.0157442
0.0111943 0.00894389 0.193628 0.263402 0.262092 0.360833 0.0134347 0.0133892 0.0169975
0.0106659 0.00843935 0.168309 0.254841 0.254089 0.307862 0.0131544 0.0131106 0.0167151
0.0102484 0.00803871 0.184881 0.257183 0.256372 0.316007 0.0129629 0.0129374 0.0149535
0.0103356 0.00817874 0.183791 0.248658 0.247656 0.328661 0.0129034 0.0128798 0.0149699
0.0110847 0.00880412 0.194748 0.249361 0.248647 0.305533 0.0131364 0.013129 0.0137338
0.0108629 0.00850943 0.210261 0.261665 0.261045 0.311508 0.0132767 0.0132368 0.0168895
0.0103078 0.00805864 0.193687 0.253996 0.253797 0.267776 0.0132324 0.0132166 0.0144757
0.0108044 0.00837482 0.200626 0.251629 0.251137 0.287121 0.0130888 0.0130426 0.01712
0.0106474 0.00820188 0.187011 0.255923 0.255196 0.307798 0.0134673 0.0134398 0.0156152
0.0108683 0.00848016 0.168292 0.252563 0.251169 0.349643 0.0135647 0.0135504 0.0145054
0.0106379 0.0083453 0.172562 0.253703 0.252761 0.316874 0.0131297 0.0131054 0.0149388
0.0107743 0.00851957 0.165786 0.247923 0.246902 0.314715 0.0129846 0.0129461 0.0158265
0.0108046 0.00863136 0.169388 0.251453 0.250878 0.291209 0.0131676 0.013137 0.0154453
0.0108011 0.00854067 0.190541 0.253912 0.253373 0.294349 0.0131047 0.0130451 0.01794
0.0106418 0.00830723 0.200054 0.25098 0.250497 0.28565 0.0130056 0.0129249 0.0195241
0.0101724 0.00791973 0.177892 0.248279 0.248277 0.248449 0.012673 0.0126136 0.0169193
0.010399 0.00811459 0.209955 0.252857 0.251962 0.328744 0.0127851 0.0126952 0.0203066
0.0100829 0.00779361 0.205854 0.248889 0.248162 0.310281 0.0126852 0.0126073 0.0187458
0.0106529 0.0083811 0.196862 0.252398 0.252016 0.282826 0.0126769 0.0125817 0.0200577
0.0107919 0.00839463 0.19948 0.250655 0.250062 0.300247 0.0126413 0.0125295 0.0216466
0.0105742 0.00827213 0.205135 0.254257 0.253456 0.318082 0.01278 0.0127131 0.0181472
0.0104889 0.00823929 0.193458 0.247882 0.247238 0.299677 0.0126823 0.0126216 0.0175431
0.0103839 0.00813583 0.193831 0.2412 0.240814 0.27207 0.0122635 0.012182 0.0198899
0.0107932 0.00849008 0.187687 0.254713 0.254488 0.271994 0.0130877 0.0130082 0.0197515
0.0106813 0.00842816 0.180937 0.250429 0.250572 0.240343 0.0133418 0.0133025 0.0163435
0.010911 0.00863123 0.156879 0.264066 0.264753 0.223226 0.0138653 0.0138408 0.0155494
0.0106321 0.00836968 0.150963 0.256163 0.256823 0.215394 0.0135764 0.013548 0.0154407
0.0111075 0.00867826 0.17609 0.256691 0.257143 0.22605 0.0136831 0.0136558 0.0156218
0.0109815 0.00866427 0.179223 0.259054 0.259204 0.248806 0.0135329 0.0134478 0.0200743
0.0117895 0.00940648 0.191407 0.275612 0.275868 0.257331 0.0143608 0.0142702 0.0215935
0.0121429 0.00982432 0.159981 0.267578 0.267608 0.265221 0.014046 0.0139927 0.0180759
0.0119852 0.00948664 0.193091 0.269079 0.269408 0.245508 0.0135759 0.0135184 0.0175082
0.0115485 0.00915151 0.181379 0.270372 0.270959 0.233021 0.0139846 0.0139531 0.0162641
0.0113833 0.00905142 0.176808 0.272872 0.273155 0.25344 0.013784 0.0137942 0.0130773
0.0113299 0.00896096 0.193884 0.272731 0.272784 0.269306 0.0141303 0.0140998 0.0162258
0.0109562 0.00875671 0.151724 0.263266 0.263722 0.235254 0.0137976 0.013814 0.0127974
0.0109941 0.00863802 0.173429 0.258685 0.259062 0.235139 0.0134684 0.0134366 0.0155456
0.0112886 0.00892231 0.202879 0.266308 0.265906 0.296903 0.0136954 0.0135896 0.0216655
0.0111788 0.00893265 0.185467 0.245089 0.244449 0.292526 0.0136281 0.013579 0.0171721
0.0108988 0.00871755 0.159469 0.252687 0.252498 0.266921 0.0136546 0.0136045 0.0174437
0.0108363 0.00850188 0.163079 0.253164 0.253302 0.243507 0.0138221 0.0137548 0.0187567
0.010131 0.0078779 0.165468 0.251355 0.25165 0.232688 0.0136462 0.0135741 0.0186804
0.0109527 0.00852355 0.18843 0.262009 0.261978 0.264175 0.0136659 0.0136362 0.0157164
0.0110413 0.00856557 0.173502 0.263623 0.263747 0.25515 0.0134931 0.0134599 0.0156645
0.0104865 0.00825689 0.17676 0.24923 0.249287 0.245359 0.0130412 0.0130125 0.0150088
0.0107764 0.00856981 0.17279 0.257589 0.257613 0.255839 0.0137671 0.0137226 0.0168135
0.0105039 0.00830106 0.163126 0.25293 0.253171 0.234046 0.0136113 0.0135339 0.019529
0.010609 0.00838537 0.184411 0.254014 0.253817 0.26982 0.013807 0.0137415 0.0183867
0.0107032 0.00841071 0.179581 0.249611 0.249269 0.274989 0.0135063 0.0134462 0.0176334
0.0111732 0.00877141 0.198361 0.260382 0.26013 0.278082 0.0137333 0.0136428 0.0198082
0.0106659 0.00827668 0.188989 0.255507 0.255745 0.239612 0.0135003 0.0134388 0.017812
0.010824 0.00846127 0.175269 0.252642 0.252786 0.242945 0.0133427 0.0132797 0.017515
0.0103362 0.00816763 0.175625 0.248854 0.24869 0.261167 0.013096 0.0130537 0.0161374
0.0101424 0.00795576 0.161812 0.245352 0.245518 0.233774 0.013069 0.0130148 0.017198
0.0103559 0.00812026 0.161948 0.248326 0.248634 0.229661 0.0129724 0.0129497 0.0144778
0.0102455 0.00793317 0.17244 0.238412 0.237799 0.280257 0.0127391 0.0126738 0.0173669
0.0108285 0.00849325 0.184272 0.260659 0.260235 0.291558 0.0134193 0.0133594 0.0176096
0.0100969 0.00775203 0.16606 0.247292 0.247227 0.251661 0.0130284 0.012935 0.0187857
0.0106199 0.00833955 0.174606 0.244806 0.244228 0.293462 0.013126 0.0129721 0.0236057
0.0102088 0.00797295 0.176 0.244244 0.24366 0.286102 0.0128819 0.0127955 0.0194778
0.0101157 0.00793719 0.184817 0.24856 0.247212 0.355856 0.0127401 0.0126472 0.0205127
0.0106033 0.00824395 0.187997 0.250032 0.249823 0.26362 0.012916 0.0128389 0.0185041
0.0106572 0.00833975 0.210204 0.246204 0.245015 0.345056 0.0126706 0.0125711 0.0217711
0.0106654 0.00831278 0.222573 0.251072 0.24982 0.359089 0.0131256 0.0129904 0.0251563
0.0105542 0.0081671 0.194973 0.259124 0.258567 0.302667 0.0138364 0.0136972 0.024434
0.0106933 0.00823448 0.192345 0.255381 0.254899 0.289406 0.0137554 0.0136449 0.0220977
0.0107766 0.00845482 0.209955 0.253089 0.252409 0.303269 0.0136688 0.0136032 0.0189452
0.0110416 0.00859258 0.195407 0.255152 0.254113 0.342 0.0137071 0.0136623 0.0171926
0.0109367 0.00860129 0.192041 0.260502 0.25993 0.307539 0.01376 0.0136504 0.023713
0.0112895 0.00888351 0.190644 0.257665 0.25734 0.282755 0.0136727 0.0135875 0.0197826
0.0113914 0.00908671 0.186623 0.261036 0.260724 0.285951 0.0136001 0.0135161 0.0200153
0.0109089 0.00861254 0.192987 0.260362 0.25993 0.295469 0.0136881 0.0135922 0.0220695
0.0115062 0.00923336 0.197498 0.271259 0.271043 0.28854 0.0140669 0.0140108 0.0183955
0.0109503 0.00881497 0.172132 0.258186 0.258223 0.255403 0.0141925 0.0141499 0.0172444
0.0108916 0.00862313 0.191344 0.260726 0.260235 0.304766 0.0141429 0.0140677 0.0206084
0.0108298 0.00855854 0.19019 0.258664 0.258062 0.309872 0.0138308 0.0137627 0.0199654
0.0111523 0.0089018 0.184021 0.26765 0.267517 0.278373 0.0137478 0.013691 0.0186913
0.0110405 0.00868554 0.196095 0.265598 0.265722 0.255757 0.0140385 0.0140151 0.0160148
0.0108864 0.00854655 0.208001 0.261453 0.261737 0.24101 0.0138906 0.0138755 0.0151982
0.0107794 0.00859816 0.189862 0.265354 0.265792 0.232837 0.0139743 0.0139854 0.0130776
0.0106285 0.00832407 0.1724 0.255934 0.256302 0.227842 0.013352 0.0133572 0.0129501
0.0107637 0.0085915 0.167992 0.258362 0.258952 0.217455 0.0131717 0.0131989 0.0114633
0.010487 0.0082665 0.195532 0.26016 0.25959 0.312976 0.0131753 0.0131592 0.0145417
0.0110876 0.0087265 0.189871 0.253017 0.253583 0.210501 0.0129193 0.0128839 0.0159172
0.0103001 0.00800047 0.182214 0.248264 0.248724 0.214957 0.0126509 0.012647 0.0129384
0.0109944 0.0086042 0.221848 0.264038 0.264232 0.248723 0.0135066 0.0134875 0.0150366
0.0107567 0.00849282 0.197151 0.251246 0.25141 0.238878 0.0135292 0.0135421 0.0125769
0.0110827 0.00869493 0.215443 0.253231 0.253104 0.264462 0.0130073 0.0129387 0.0192773
0.011255 0.00887858 0.198074 0.252543 0.252505 0.255603 0.0130592 0.0129997 0.017511
0.0107742 0.00845384 0.208643 0.248041 0.247462 0.300007 0.0129116 0.0127895 0.0232905
0.0103538 0.00811897 0.19376 0.239638 0.239733 0.232588 0.012743 0.0127058 0.0157037
0.0104668 0.00818492 0.171957 0.240024 0.239627 0.272848 0.0131865 0.0131258 0.0180786
0.0108187 0.00837201 0.185162 0.249035 0.248925 0.256473 0.0131866 0.0131561 0.0151674
0.0106308 0.0083283 0.179798 0.244912 0.244388 0.286775 0.0129374 0.0128905 0.0164374
0.0110209 0.00857244 0.180035 0.24873 0.248288 0.285099 0.0130378 0.0130071 0.0153345
0.0114034 0.00911151 0.17487 0.252989 0.252566 0.284733 0.0133151 0.0132992 0.0144837
0.0111768 0.0087689 0.180691 0.2454 0.244672 0.30124 0.01307 0.0130547 0.0141178
0.0109916 0.00872675 0.170372 0.255146 0.254547 0.300039 0.0132102 0.0132145 0.0129313
0.0109338 0.00854732 0.188111 0.260951 0.260197 0.321848 0.0130738 0.0130671 0.0135209
0.0104992 0.00816923 0.233366 0.254759 0.253743 0.342231 0.0130759 0.013017 0.0181454
0.0108281 0.00838248 0.19486 0.267904 0.267365 0.311052 0.0133216 0.0132382 0.0200149
0.010196 0.00783154 0.202899 0.254248 0.253691 0.295963 0.0130727 0.0130127 0.0174433
0.0103443 0.00798874 0.191058 0.252398 0.251997 0.28163 0.013203 0.013185 0.0144642
0.0108267 0.00856851 0.187333 0.253737 0.25239 0.37137 0.0135762 0.0134998 0.0202953
0.0112577 0.00896013 0.169527 0.261884 0.261594 0.281426 0.0134455 0.0134149 0.0155027
0.0108313 0.0085698 0.18299 0.251108 0.25073 0.278282 0.0132096 0.013191 0.0145372
0.0108435 0.00861135 0.176494 0.250365 0.249537 0.3176 0.0133232 0.013293 0.0157443
0.011189 0.00886252 0.159534 0.260055 0.259047 0.337195 0.0138078 0.0138051 0.0139814
0.0105951 0.00841042 0.158667 0.257579 0.256864 0.307734 0.0137212 0.0136946 0.015594
0.010802 0.0085274 0.163448 0.245219 0.244782 0.273869 0.0130432 0.0130607 0.0120876
0.0104039 0.00819327 0.145682 0.253217 0.252659 0.291878 0.0129212 0.012866 0.0168792
0.0104908 0.0081536 0.1702 0.251324 0.25108 0.266076 0.0127926 0.0127617 0.0150175
0.0113124 0.00886219 0.188914 0.258145 0.258015 0.266884 0.0131842 0.0131797 0.0134745
0.010913 0.00861251 0.206293 0.246967 0.246462 0.283695 0.0130345 0.0130347 0.0130179
0.0110778 0.00873592 0.176149 0.24348 0.242981 0.278845 0.0129186 0.0129553 0.0104039
0.010953 0.00869052 0.185798 0.254112 0.254205 0.247968 0.0129947 0.01301 0.0118786
0.011229 0.00893684 0.195045 0.26869 0.268082 0.318582 0.0137047 0.0136717 0.0164614
0.0112168 0.00881425 0.196285 0.255984 0.25546 0.295323 0.0135193 0.0134819 0.0163649
0.0112134 0.00890216 0.203742 0.256154 0.255448 0.309749 0.0138872 0.0138355 0.0181534
0.0107695 0.00850222 0.199328 0.253827 0.252824 0.335799 0.0135906 0.0135245 0.019467
0.0108971 0.00865099 0.229461 0.258698 0.25763 0.345399 0.0138254 0.0137728 0.0184351
0.0109464 0.00872169 0.207042 0.249107 0.248296 0.312602 0.0133758 0.013339 0.0163873
0.0109576 0.00842371 0.205145 0.248626 0.24792 0.298693 0.013325 0.0132869 0.0163569
0.0103328 0.00814477 0.1763 0.245861 0.245217 0.290576 0.0132881 0.0132084 0.018839
0.0106934 0.00830444 0.178465 0.240496 0.240028 0.272953 0.0132259 0.0131527 0.018265
0.0111467 0.00861298 0.199871 0.248676 0.248264 0.277816 0.0137278 0.0136187 0.0225404
0.0110061 0.00862015 0.191904 0.243177 0.242584 0.287506 0.0132198 0.0131878 0.0156731
0.0117296 0.00920849 0.210166 0.25541 0.254791 0.306234 0.0134993 0.0134611 0.0165016
0.0118714 0.00934884 0.191935 0.26348 0.263341 0.27348 0.0135994 0.0135666 0.0158615
0.0115391 0.00901502 0.208905 0.267834 0.267632 0.282688 0.0135526 0.0135167 0.016097
0.0112183 0.00873761 0.206711 0.257542 0.256842 0.310338 0.0139505 0.0138964 0.0181776
0.0111347 0.00866952 0.200339 0.256243 0.255399 0.325167 0.013352 0.0133137 0.0161991
0.0111436 0.00860086 0.183626 0.251082 0.250637 0.283708 0.0133113 0.0132665 0.0162001
0.0107575 0.00830612 0.215118 0.249054 0.248526 0.289676 0.0128611 0.0128115 0.0164759
0.0106683 0.00819752 0.198295 0.253395 0.252652 0.312362 0.0130573 0.0130013 0.0170718
0.0108433 0.00826886 0.197342 0.255112 0.254672 0.287209 0.0127733 0.0127078 0.0176368
0.0108846 0.0083217 0.20046 0.260115 0.259878 0.277026 0.013083 0.0130267 0.017371
0.0109672 0.00835164 0.195923 0.255222 0.255275 0.251521 0.0129653 0.0129053 0.0173285
0.0109782 0.00834149 0.205938 0.261846 0.261752 0.26832 0.0134418 0.0133985 0.0166355
0.010818 0.0082022 0.214278 0.253213 0.252878 0.27784 0.0129936 0.01293 0.0176066
0.0108303 0.00822028 0.211151 0.252359 0.251768 0.295458 0.0130709 0.01296 0.0215784
0.0109324 0.00835692 0.197425 0.257095 0.256911 0.269873 0.0128803 0.0127967 0.018956
0.0110547 0.00859762 0.20461 0.265229 0.264836 0.29464 0.0131622 0.0130953 0.0185783
0.011506 0.00887594 0.229542 0.25861 0.258277 0.283862 0.0135904 0.0135786 0.014472
0.0110956 0.00854077 0.211171 0.249664 0.249643 0.251109 0.0134317 0.0134244 0.0139807
0.011177 0.00857211 0.214849 0.259052 0.25882 0.276222 0.0142255 0.0142222 0.0144739
0.011098 0.00851233 0.224591 0.254696 0.254275 0.287179 0.0137875 0.0137746 0.0149326
0.0111792 0.00866139 0.230052 0.256415 0.255787 0.302869 0.0141713 0.0141749 0.0138671
0.0111295 0.00855925 0.222659 0.267562 0.267141 0.298964 0.0138714 0.0138553 0.0150766
0.0111764 0.00852497 0.219524 0.263103 0.262473 0.306744 0.0136669 0.0136235 0.0170985
0.0109675 0.00827745 0.197659 0.260893 0.26018 0.309221 0.0141157 0.0141068 0.0147532
0.0106209 0.0080844 0.205472 0.251563 0.250623 0.321751 0.0137562 0.0136945 0.018726
0.0117382 0.00902446 0.203874 0.256515 0.255376 0.336985 0.0138363 0.0137867 0.0176831
0.0115704 0.00900732 0.199808 0.262026 0.26137 0.311366 0.0136435 0.0136047 0.016657
0.0114452 0.00880309 0.174268 0.259751 0.259556 0.272921 0.0133862 0.0133498 0.0159774
0.0114796 0.00878785 0.220261 0.264582 0.263882 0.316699 0.0136658 0.013604 0.01848
0.0114524 0.00877812 0.225654 0.262455 0.261641 0.323287 0.0138728 0.0138216 0.0179668
0.011145 0.00857582 0.224984 0.258045 0.257562 0.294771 0.0132702 0.013216 0.0177907
0.0111271 0.00863139 0.193022 0.247121 0.246828 0.267954 0.0135458 0.0135291 0.0147747
0.0108313 0.00841281 0.171107 0.24762 0.247404 0.262559 0.0131189 0.0131289 0.0123522
0.0111838 0.00867745 0.203467 0.246215 0.245963 0.266538 0.0130172 0.0129956 0.0148628
0.0111243 0.00851907 0.233823 0.252315 0.252012 0.277367 0.0125763 0.0125759 0.0126074
0.0112672 0.00865531 0.209854 0.260602 0.260381 0.278097 0.0128186 0.012815 0.0131119
0.0108585 0.00844199 0.194001 0.262854 0.263031 0.249643 0.013197 0.0132092 0.0122603
0.0107735 0.00824433 0.228278 0.260422 0.260508 0.253317 0.0135708 0.0135929 0.0117582
0.0107472 0.00832345 0.203236 0.264903 0.265012 0.256707 0.0135297 0.013545 0.0122929
0.0110416 0.00843909 0.208519 0.256661 0.256833 0.243799 0.01345 0.0134477 0.0136248
0.0109545 0.00832364 0.235303 0.266375 0.266209 0.279812 0.0134519 0.0134466 0.0138604
0.0111245 0.00843661 0.230274 0.262009 0.261871 0.273907 0.0131717 0.0131731 0.0130563
0.0108081 0.00819451 0.216053 0.273741 0.273889 0.262718 0.013311 0.0132458 0.0186365
0.0106177 0.00809055 0.227339 0.27084 0.270554 0.295062 0.013027 0.0130131 0.014136
0.011048 0.0084481 0.213591 0.270387 0.270988 0.225854 0.0133257 0.0133174 0.0139967
0.0108332 0.00813081 0.238206 0.266837 0.267379 0.226892 0.0137342 0.0137488 0.012649
0.0115521 0.00892736 0.22346 0.267723 0.268308 0.223969 0.0133855 0.0133776 0.014001
0.0117797 0.00910676 0.223719 0.269779 0.27003 0.249286 0.0135688 0.013542 0.0157729
0.0123431 0.00958387 0.21452 0.269462 0.26978 0.243874 0.0135195 0.0134934 0.0156926
0.0115077 0.00879458 0.206054 0.258286 0.258748 0.221812 0.0133909 0.0133616 0.0156891
0.01167 0.00883787 0.212265 0.260569 0.261305 0.206864 0.0131985 0.0131846 0.0143797
0.0115453 0.00888807 0.220468 0.256031 0.256521 0.221007 0.0134622 0.0134598 0.0136422
0.0110292 0.00864101 0.192675 0.260154 0.261005 0.204377 0.013285 0.0132837 0.0133862
0.0111355 0.00854876 0.211097 0.264594 0.2652 0.221602 0.0131669 0.013169 0.0130061
0.0113565 0.00878049 0.21019 0.26673 0.267365 0.224224 0.0133325 0.0133223 0.0140884
0.0112854 0.0088097 0.164017 0.267616 0.268925 0.19274 0.0135712 0.0136018 0.0116673
0.0115661 0.00896997 0.179681 0.260905 0.260725 0.273387 0.0132352 0.0132072 0.0152564
0.0112044 0.00870935 0.183849 0.256258 0.256096 0.267629 0.0132301 0.0132147 0.0143211
0.0112286 0.00870245 0.205902 0.262184 0.262493 0.242477 0.0138096 0.0138462 0.01142
0.0115207 0.00903391 0.180345 0.264534 0.265141 0.225851 0.0138091 0.0137924 0.0149298
0.011468 0.0089657 0.1862 0.271763 0.271908 0.261532 0.0137258 0.0136742 0.0174679
0.0115862 0.00906108 0.18652 0.255898 0.256472 0.217677 0.0135906 0.0134848 0.0210957
0.0112161 0.00867551 0.203066 0.25965 0.259983 0.235452 0.0132234 0.0131359 0.0195962
0.0108798 0.00847647 0.213803 0.259157 0.259676 0.222203 0.013188 0.0131013 0.0200699
0.0111328 0.00844247 0.195046 0.26399 0.265279 0.176801 0.0130873 0.0129749 0.0214979
0.0108038 0.00817321 0.200826 0.269394 0.270346 0.203345 0.0128068 0.0127311 0.0180723
0.0106441 0.00809652 0.183329 0.261943 0.262701 0.212228 0.0127611 0.0127312 0.0148194
0.011267 0.00854399 0.208608 0.264893 0.265882 0.198315 0.0131771 0.0130903 0.0194093
0.0106347 0.00806286 0.186424 0.255743 0.256571 0.20257 0.0124204 0.0123552 0.0168116
0.0108265 0.00839788 0.153439 0.248287 0.249447 0.181945 0.0126152 0.012591 0.0140293
0.0115594 0.00887963 0.173721 0.258697 0.2596 0.201519 0.0129716 0.0128962 0.0175593
0.011817 0.00897937 0.165804 0.27098 0.272503 0.181216 0.0130777 0.0128979 0.0236694
0.0120944 0.00934016 0.16832 0.267695 0.268907 0.191782 0.0131382 0.0130685 0.0172497
0.0112991 0.00872141 0.180881 0.262236 0.263021 0.206866 0.0128868 0.0127823 0.0201343
0.0113429 0.00872564 0.157436 0.261686 0.262824 0.191764 0.0128673 0.0126916 0.0238902
0.0112114 0.00864815 0.166479 0.259747 0.260817 0.196786 0.0130379 0.0129479 0.0185274
0.0108421 0.00837273 0.162399 0.263343 0.264037 0.219999 0.0129082 0.0127923 0.0203507
0.0109271 0.0082075 0.185915 0.26882 0.26945 0.228488 0.013146 0.0129731 0.0247832
0.0108177 0.00823408 0.163 0.269528 0.270317 0.22054 0.013018 0.0128897 0.0207949
0.0110899 0.0083547 0.214404 0.263719 0.264074 0.239593 0.0131883 0.0130655 0.022006
0.010826 0.0081259 0.205787 0.272369 0.273094 0.225587 0.0124094 0.0123282 0.0177563
0.0108134 0.00826153 0.169606 0.273069 0.274011 0.214385 0.012496 0.0124409 0.0162169
0.0108961 0.00833867 0.184446 0.270844 0.271495 0.227002 0.0127097 0.0127228 0.0118233
0.0109096 0.00834846 0.181677 0.262423 0.262739 0.241039 0.0129594 0.0129545 0.0132945
0.0114867 0.00878146 0.218098 0.271858 0.272186 0.248222 0.0127225 0.0127124 0.0134923
0.011137 0.00849704 0.192634 0.270222 0.270791 0.230528 0.0127311 0.0127661 0.0102096
0.0107947 0.00816045 0.217915 0.259449 0.259244 0.276508 0.0125858 0.0125852 0.0126291
0.0108824 0.00847697 0.180844 0.255636 0.255785 0.244977 0.0126992 0.0127181 0.0113475
0.0106698 0.00813333 0.187791 0.262421 0.26256 0.252763 0.0129835 0.0130179 0.0103532
0.0109241 0.00834584 0.186109 0.265028 0.265293 0.247114 0.0133145 0.0133491 0.0108663
0.0114039 0.00865716 0.212884 0.266361 0.26643 0.261527 0.0130495 0.01309 0.0100836
0.0114951 0.00890086 0.207399 0.257043 0.257361 0.23513 0.013065 0.0131213 0.00895635
0.0118066 0.00903721 0.226696 0.258707 0.258815 0.250806 0.0132084 0.0132483 0.0103328
0.0112905 0.00875124 0.195535 0.255558 0.255669 0.247401 0.0129205 0.0129435 0.0111708
0.0114501 0.00880549 0.222338 0.259111 0.259211 0.251588 0.0130244 0.0130283 0.0127264
0.0111157 0.00843231 0.196642 0.250265 0.250257 0.250866 0.0124142 0.0124352 0.010924
0.010904 0.00836814 0.187079 0.257071 0.257095 0.2553 0.0130271 0.0130474 0.0116209
0.0113547 0.00878933 0.190214 0.249283 0.249542 0.231368 0.0128277 0.0128559 0.0108373
0.0106528 0.00816462 0.196975 0.249015 0.249245 0.232559 0.0126309 0.0126523 0.0109156
0.0108427 0.00821973 0.231524 0.248711 0.248735 0.246934 0.0128052 0.0128241 0.0114242
0.0114098 0.0086239 0.246577 0.264209 0.2641 0.27301 0.0133456 0.0133853 0.0100588
0.0108991 0.0084334 0.215384 0.255316 0.255501 0.241853 0.0132505 0.0132743 0.0112589
0.0105677 0.00815957 0.22429 0.249722 0.249288 0.284513 0.0132125 0.0132385 0.0108544
0.0105572 0.00804188 0.207304 0.251401 0.251206 0.266377 0.0132822 0.0133053 0.0113947
0.0106889 0.00821239 0.203391 0.25808 0.257937 0.268563 0.0136248 0.0136602 0.0107982
0.0110055 0.00839065 0.224113 0.254916 0.254572 0.280669 0.013708 0.013786 0.00791722
0.0108426 0.00824562 0.231859 0.251702 0.251203 0.289597 0.013374 0.0134284 0.00887303
0.0111043 0.0084556 0.2367 0.255948 0.255256 0.310036 0.0135569 0.0135855 0.0111483
0.0110615 0.00841784 0.215701 0.254247 0.254194 0.257784 0.0134713 0.0134889 0.0119765
0.0111073 0.00847742 0.20715 0.247869 0.248046 0.236463 0.0134405 0.0134446 0.0131197
0.0112081 0.00845953 0.242275 0.250789 0.250815 0.248821 0.0137305 0.0137362 0.0132714
0.0115429 0.00890001 0.202065 0.252924 0.253352 0.224962 0.0132168 0.0132307 0.012178
0.0112676 0.00856401 0.208471 0.254976 0.255489 0.223689 0.0132024 0.0132249 0.0116252
0.0113441 0.00857931 0.222849 0.254497 0.254618 0.246307 0.0132649 0.0132001 0.0184259
0.0112588 0.00857546 0.193275 0.252069 0.252076 0.251586 0.0136129 0.0135918 0.0150757
0.0110975 0.00849748 0.19677 0.252858 0.252833 0.25457 0.0136732 0.0136027 0.0190222
0.0111482 0.0084648 0.224606 0.250562 0.250173 0.279035 0.0136974 0.013597 0.0219188
0.0112193 0.00854324 0.204999 0.251786 0.251842 0.24799 0.0140238 0.0139714 0.0180826
0.0108032 0.00829715 0.183997 0.245152 0.245718 0.211064 0.0139986 0.014014 0.0130388
0.0112795 0.00863579 0.22423 0.257521 0.257456 0.262451 0.0141311 0.0141416 0.0133039
0.0116229 0.00895852 0.214038 0.252414 0.252329 0.258655 0.0140819 0.0140147 0.0193794
0.0121334 0.00927078 0.218323 0.25684 0.256718 0.265397 0.0146037 0.0145742 0.0168509
0.0112527 0.00856795 0.247511 0.252796 0.25259 0.268143 0.0142248 0.0141445 0.0208259
0.0115903 0.0089597 0.231423 0.255089 0.254807 0.276022 0.0144351 0.0144075 0.0166413
0.0115348 0.00898307 0.200291 0.257652 0.257819 0.246551 0.0141883 0.0141494 0.0170091
0.0117191 0.00904588 0.203276 0.261895 0.261705 0.276315 0.0140362 0.0139785 0.018691
0.0120821 0.00927638 0.241312 0.263292 0.263164 0.272683 0.0139068 0.0138884 0.0154037
0.0113948 0.00869093 0.255705 0.270641 0.270211 0.303086 0.0136566 0.0136659 0.0128635
0.011058 0.00838058 0.271695 0.257254 0.2567 0.302143 0.0130921 0.0130624 0.0159214
0.0113428 0.00863884 0.243324 0.266646 0.266448 0.281006 0.0131758 0.0131678 0.0137852
0.0118819 0.00913228 0.233411 0.268869 0.269142 0.249969 0.0139159 0.0138908 0.0157503
0.011687 0.00891682 0.243457 0.266204 0.266353 0.255683 0.0136648 0.0136075 0.0183557
0.0119778 0.00936085 0.199242 0.27075 0.270838 0.264904 0.0143878 0.0143695 0.015635
0.0115957 0.00896362 0.198398 0.259859 0.260016 0.249404 0.0135721 0.0135653 0.014048
0.0117668 0.00897724 0.209345 0.263603 0.263749 0.254135 0.0137924 0.0137947 0.0136245
0.0116325 0.00890666 0.213754 0.262297 0.262301 0.26198 0.0139785 0.0139514 0.0161829
0.0112437 0.00848842 0.245921 0.257185 0.257376 0.243439 0.0144626 0.0144882 0.0125267
0.0110877 0.00846796 0.195635 0.25415 0.254266 0.246409 0.0140987 0.0140953 0.0143429
0.0110406 0.00835448 0.213556 0.254265 0.254599 0.232193 0.0138595 0.0138279 0.016245
0.0113922 0.00871836 0.19314 0.256608 0.257144 0.221104 0.0137856 0.0137738 0.0145859
0.011754 0.00913777 0.222656 0.257946 0.257936 0.258738 0.0141328 0.0140707 0.0190365
0.0117401 0.00894276 0.194081 0.259217 0.259796 0.22373 0.0139113 0.0138808 0.0158769
0.011258 0.00870311 0.199122 0.258273 0.25885 0.221165 0.0139138 0.013902 0.014718
0.0115193 0.00874419 0.197079 0.262963 0.263281 0.242177 0.0138653 0.0138506 0.0149918
0.0119726 0.00909869 0.23873 0.265233 0.265156 0.270877 0.0139615 0.0139244 0.0168228
0.0113767 0.00878099 0.187602 0.258148 0.258556 0.232621 0.0139101 0.0139084 0.0140279
0.0116105 0.00898524 0.203332 0.261944 0.262163 0.247887 0.0140553 0.0140781 0.0125019
0.0111922 0.00860794 0.196226 0.251481 0.251387 0.25783 0.013849 0.0138384 0.0146131
0.011657 0.00896373 0.19407 0.253754 0.253747 0.254256 0.0139506 0.0139369 0.0149443
0.01162 0.00888386 0.186666 0.259023 0.25915 0.250377 0.0142129 0.0141975 0.0152789
0.0116559 0.00888071 0.228293 0.256821 0.256912 0.250166 0.0138334 0.0138271 0.0142842
0.0117415 0.00898684 0.201812 0.249945 0.250465 0.215038 0.0136257 0.0135847 0.0162816
0.0112148 0.00862083 0.173207 0.256103 0.256863 0.209074 0.0139456 0.0139367 0.0145159
0.0116011 0.00891267 0.193833 0.267068 0.267099 0.26494 0.0136021 0.01358 0.0152075
0.0115181 0.00863342 0.205192 0.265405 0.26553 0.256678 0.0137399 0.0137119 0.0160729
0.0119095 0.0090785 0.217071 0.261644 0.262035 0.236844 0.0137496 0.0137558 0.0133095
0.012405 0.00948857 0.219729 0.2677 0.268375 0.225907 0.013882 0.013865 0.015007
0.0112019 0.00868246 0.198163 0.254761 0.254844 0.248623 0.0131268 0.013105 0.0147022
0.0115516 0.00885522 0.214516 0.25357 0.253653 0.247526 0.0133907 0.0133503 0.0160911
0.0110277 0.0084024 0.203908 0.255093 0.255615 0.222222 0.0129101 0.0128714 0.0155989
0.0112935 0.00849715 0.213538 0.258875 0.259132 0.241752 0.0130082 0.0129263 0.0191347
0.0111134 0.00831055 0.243187 0.253558 0.253581 0.251992 0.0135718 0.0134921 0.0198185
0.0118522 0.00902697 0.207106 0.253885 0.254314 0.225737 0.0132664 0.0132673 0.0132074
0.0120467 0.00915746 0.21973 0.254401 0.25494 0.219552 0.0133732 0.0134047 0.0109964
0.0114735 0.00880125 0.189431 0.24599 0.246952 0.188372 0.0130806 0.0131387 0.00897806
0.0115299 0.00874217 0.228099 0.246698 0.246945 0.230457 0.012957 0.0129749 0.0116829
0.0116906 0.00874212 0.210513 0.25301 0.253351 0.232458 0.0130911 0.0131455 0.00978581
0.0119349 0.00918952 0.186652 0.260345 0.261045 0.218901 0.0136569 0.0137336 0.00924279
0.0117123 0.00898794 0.191963 0.250715 0.251432 0.206223 0.0134156 0.0134519 0.010977
0.0113333 0.00861633 0.199858 0.252369 0.252535 0.241157 0.013407 0.0134365 0.0113963
0.0112223 0.00847244 0.236433 0.245589 0.245749 0.233868 0.0133901 0.0134087 0.0119246
0.0111761 0.00848729 0.233276 0.252097 0.252116 0.250733 0.0133867 0.0133705 0.0146132
0.0118243 0.00882774 0.236752 0.252668 0.252768 0.246119 0.0132218 0.0131836 0.0159507
0.0112674 0.00849301 0.21021 0.251923 0.252174 0.237623 0.0132723 0.0132585 0.0141516
0.0111497 0.0083229 0.212257 0.252738 0.252981 0.237873 0.0134854 0.0134458 0.0163164
0.0113865 0.00859598 0.195713 0.250216 0.250429 0.236398 0.0137284 0.0137112 0.0149519
0.0115496 0.00879647 0.225937 0.254545 0.254384 0.266023 0.0140169 0.0140137 0.0142523
0.0110603 0.00833662 0.198915 0.254243 0.254103 0.263153 0.0137127 0.0136693 0.016968
0.0109853 0.00827098 0.183133 0.241466 0.241371 0.24722 0.0133414 0.0133382 0.013541
0.0111536 0.00819767 0.180275 0.251112 0.250664 0.277076 0.0134261 0.0133765 0.0165712
0.0109995 0.00830853 0.170154 0.250928 0.250762 0.260191 0.0137941 0.013789 0.0141207
0.011047 0.00829123 0.180045 0.258789 0.25893 0.25114 0.0132059 0.013204 0.013323
0.011267 0.00854861 0.203964 0.258513 0.258347 0.268799 0.0131846 0.0132098 0.011375
0.0114005 0.0086821 0.192506 0.255281 0.255914 0.220121 0.0130117 0.0130442 0.0109455
0.0119071 0.00906574 0.21364 0.268424 0.268605 0.256674 0.0134952 0.0135398 0.010032
0.0119455 0.00911711 0.200502 0.273796 0.273805 0.27325 0.0137873 0.0138349 0.0100502
0.0122433 0.00940649 0.202229 0.272296 0.272392 0.266138 0.0135636 0.0136413 0.00843047
0.0117236 0.00904642 0.218732 0.262099 0.262252 0.251617 0.0133666 0.0134345 0.00792506
0.0115726 0.00888702 0.231613 0.265189 0.265085 0.272709 0.0135849 0.013641 0.00859445
0.0116396 0.00890675 0.22692 0.263595 0.263391 0.277353 0.0132273 0.0132808 0.00892032
0.01188 0.0091059 0.236673 0.259491 0.259016 0.294573 0.0131215 0.013127 0.012701
0.011918 0.00914974 0.220291 0.252447 0.2521 0.275565 0.0130702 0.0130892 0.0117382
0.0120602 0.00948205 0.193859 0.251631 0.251713 0.2463 0.0130883 0.0130512 0.0157999
0.011718 0.00903324 0.203331 0.261832 0.261702 0.270376 0.0132304 0.0131735 0.0174449
0.011467 0.00866605 0.213298 0.263628 0.263888 0.246845 0.0131644 0.0130956 0.0179902
0.0113714 0.00858492 0.232761 0.263875 0.264078 0.250074 0.0126239 0.012519 0.0209049
0.0118269 0.0088055 0.260517 0.272329 0.272487 0.260168 0.0125146 0.0124579 0.0171219
0.010988 0.00836199 0.215139 0.263051 0.26325 0.249123 0.0127787 0.0127441 0.0153197
0.0109592 0.00830332 0.190081 0.269043 0.269309 0.251258 0.0125802 0.0125376 0.0158994
0.0112169 0.00842609 0.203546 0.270181 0.270327 0.260395 0.0128683 0.0128535 0.0139788
0.0110746 0.00844789 0.220453 0.275645 0.275564 0.281994 0.0135573 0.0135514 0.014043
0.0109092 0.00815538 0.214365 0.263398 0.263602 0.249385 0.0134966 0.0135199 0.0117609
0.0109166 0.00824033 0.224325 0.262688 0.262804 0.254572 0.0130447 0.0130431 0.0131706
0.0110519 0.00833606 0.210587 0.266014 0.266268 0.249652 0.0132677 0.0132789 0.0124981
0.0109256 0.0083232 0.181656 0.261246 0.260902 0.286258 0.0130396 0.0130487 0.0124465
0.0111966 0.00854032 0.19888 0.262756 0.262326 0.292989 0.0127306 0.0127165 0.0137818
0.0113827 0.00868515 0.212389 0.267198 0.266761 0.29703 0.0132675 0.0132292 0.0164752
0.0114611 0.00866307 0.207001 0.261707 0.261772 0.257403 0.0130779 0.0130728 0.013439
0.0115975 0.00876157 0.247735 0.260655 0.260142 0.297133 0.0132064 0.0131511 0.0179464
0.0115132 0.00864591 0.208484 0.256579 0.2565 0.261585 0.0133258 0.0132631 0.0181232
0.0114759 0.00868412 0.19251 0.263717 0.263349 0.289821 0.0133051 0.0132309 0.0190616
0.0121667 0.00935316 0.196112 0.27676 0.276874 0.269686 0.0135211 0.0135118 0.0141035
0.0119238 0.00921448 0.204365 0.269516 0.269201 0.290829 0.0134308 0.0134332 0.0132574
0.0115995 0.00888538 0.195406 0.259859 0.260017 0.249444 0.0132881 0.0132877 0.0133191
0.0111962 0.0085372 0.220178 0.26084 0.260568 0.279608 0.0130767 0.0130248 0.0169822
0.0111618 0.00840178 0.199292 0.268091 0.268154 0.264 0.0134096 0.0133697 0.016183
0.0110682 0.0084267 0.210703 0.275059 0.27544 0.249642 0.0137177 0.0136268 0.0210639
0.0110207 0.00841524 0.228751 0.271345 0.271426 0.265906 0.0138207 0.0137719 0.017803
0.0116556 0.00890826 0.24357 0.265417 0.265324 0.271775 0.0135398 0.0134977 0.0169985
0.0116481 0.00883462 0.187456 0.270964 0.270579 0.296658 0.0140899 0.0140459 0.017226
0.0113854 0.00860781 0.219288 0.268972 0.268867 0.276047 0.0138629 0.0138019 0.018275
0.0112471 0.00842252 0.214452 0.268262 0.267803 0.298651 0.0135188 0.0134547 0.0184241
0.0110951 0.00847803 0.19511 0.25449 0.25473 0.239455 0.0133676 0.0133215 0.0165502
0.0119389 0.00905015 0.237353 0.259652 0.259436 0.275054 0.0133877 0.0133485 0.0161529
0.0114365 0.00877202 0.217434 0.259192 0.259014 0.272311 0.0134084 0.0133805 0.0153643
0.0114917 0.00879495 0.199591 0.256843 0.25693 0.251256 0.0134812 0.0134301 0.0174652
0.0119291 0.00907351 0.207061 0.268207 0.268417 0.254828 0.013729 0.0136983 0.0159693
0.0115588 0.00875541 0.216045 0.260396 0.26008 0.282867 0.0135198 0.0135029 0.0150216
0.0111919 0.00842823 0.223041 0.260163 0.260517 0.238659 0.0136243 0.0136704 0.0103194
0.0117586 0.009004 0.225326 0.256335 0.256301 0.258525 0.0137828 0.0138415 0.00942858
0.0115901 0.00890484 0.235269 0.258413 0.257968 0.289825 0.0137597 0.013823 0.00921458
0.0120131 0.00919217 0.229755 0.263184 0.262833 0.288449 0.0140371 0.0140927 0.0101559
0.0114058 0.00874726 0.189385 0.257705 0.257779 0.252901 0.0141113 0.0142208 0.00707809
0.0112704 0.00879246 0.185859 0.255564 0.255872 0.235684 0.014112 0.0141859 0.00873549
0.0118372 0.00911603 0.172579 0.256544 0.256614 0.252328 0.0144792 0.014556 0.00957279
0.0114992 0.00886093 0.194052 0.256944 0.256549 0.282726 0.014159 0.014201 0.0110541
0.0116083 0.0088806 0.20574 0.262584 0.262479 0.269402 0.0141075 0.0141407 0.0117803
0.0113841 0.00871014 0.191284 0.255058 0.255119 0.251079 0.014149 0.0142081 0.0100523
0.011226 0.0084785 0.198129 0.255141 0.255361 0.241815 0.0136972 0.0137448 0.0104549
0.0113554 0.00854733 0.188049 0.257372 0.257802 0.231942 0.0138457 0.0139056 0.0097355
0.011194 0.00850591 0.177113 0.260494 0.261253 0.217869 0.0141871 0.0142715 0.00917646
0.0118396 0.00914157 0.193334 0.270885 0.270849 0.273117 0.0140952 0.0141414 0.0111797
0.0116366 0.0089893 0.187363 0.267626 0.267707 0.262725 0.0142902 0.0143252 0.0118694
0.0115002 0.00889751 0.181087 0.259996 0.260049 0.256823 0.0141904 0.014207 0.0131268
0.0114276 0.00879392 0.210234 0.260855 0.260575 0.279474 0.0145362 0.0145526 0.0133372
0.0116517 0.0088469 0.208147 0.275949 0.275865 0.281352 0.0146343 0.0146662 0.0122738
0.011397 0.00871827 0.191671 0.268271 0.268413 0.259198 0.0142149 0.0142655 0.0107015
0.011542 0.00891293 0.206892 0.276207 0.276514 0.256425 0.0142926 0.0144149 0.00652071
0.0113524 0.0086551 0.20603 0.272218 0.272117 0.278854 0.0140729 0.0141631 0.0077628
0.0112433 0.00848617 0.213651 0.268254 0.267986 0.286557 0.0144807 0.0145591 0.00848175
0.0118531 0.0090254 0.207532 0.276922 0.27724 0.254227 0.0145603 0.0146062 0.010967
0.0110751 0.00846176 0.184966 0.26142 0.262268 0.210439 0.0136517 0.0137342 0.00814611
0.0113488 0.00858123 0.207443 0.263118 0.263665 0.228461 0.0134799 0.0135002 0.0120394
0.0111702 0.00840672 0.182991 0.263375 0.263739 0.242104 0.0131968 0.0132063 0.0125414
0.0114306 0.00875096 0.213056 0.264718 0.265032 0.243472 0.0140354 0.0140373 0.0138875
0.011647 0.00893474 0.221761 0.265727 0.265611 0.274144 0.0143745 0.0143312 0.0178732
0.0115469 0.00881736 0.19647 0.266574 0.266687 0.259323 0.0145689 0.0145419 0.0165508
0.0114956 0.00889216 0.189659 0.251681 0.251935 0.234447 0.0142581 0.0142801 0.0127237
0.0112929 0.00871041 0.207016 0.253602 0.253817 0.238708 0.0141511 0.0141895 0.0112168
0.0114049 0.00872154 0.217617 0.256032 0.256424 0.22929 0.0143922 0.0144601 0.00926481
0.0118521 0.00915446 0.217282 0.25554 0.255823 0.235179 0.014057 0.0141165 0.00915272
0.0116195 0.00879311 0.229677 0.260978 0.261078 0.254362 0.0137856 0.01383 0.0104195
0.0112674 0.0084881 0.208996 0.254175 0.253799 0.280763 0.0131799 0.0132233 0.00992936
0.0112374 0.00837229 0.206453 0.264164 0.264251 0.258767 0.0134221 0.0134859 0.00885105
0.0113449 0.00874001 0.205489 0.266929 0.266811 0.274525 0.0143576 0.0144068 0.0106461
0.0112777 0.00854441 0.202155 0.263221 0.26354 0.244459 0.0140403 0.0140933 0.0104693
0.0114367 0.00867072 0.21114 0.260422 0.260242 0.272138 0.0139285 0.013946 0.0126015
0.0119131 0.00920606 0.194309 0.257556 0.256963 0.297185 0.0138416 0.0138509 0.0131154
0.0118685 0.00916733 0.21478 0.26259 0.26179 0.317122 0.0138994 0.0139355 0.0111888
0.0118137 0.00902772 0.211207 0.266826 0.267124 0.249012 0.0141212 0.0141817 0.0102801
0.0115994 0.00892498 0.227023 0.257124 0.256949 0.268844 0.0135156 0.0135285 0.0125771
0.0118463 0.00909114 0.218486 0.259747 0.259905 0.248924 0.0132663 0.0133033 0.0103827
0.0117262 0.00898157 0.206045 0.259049 0.259327 0.241113 0.0135002 0.0135401 0.0104326
0.0115222 0.0088816 0.197028 0.259394 0.259458 0.255029 0.0135405 0.0136028 0.00880276
0.0117812 0.00910139 0.195893 0.255199 0.255535 0.234829 0.013599 0.0136669 0.00920212
0.0118989 0.00923637 0.205734 0.255544 0.255362 0.267633 0.0131876 0.0132083 0.0116485
0.0115661 0.00881371 0.207902 0.255541 0.255593 0.252332 0.0136754 0.0137379 0.00946338
0.0117653 0.00906327 0.193083 0.261303 0.260887 0.287378 0.0137799 0.0138119 0.011552
0.0121036 0.00925626 0.201724 0.270833 0.270415 0.298026 0.0139749 0.014017 0.0110365
0.0116487 0.00898284 0.215139 0.260659 0.260052 0.304 0.0136434 0.0136314 0.0146488
0.0116419 0.00892543 0.218097 0.264953 0.264608 0.288455 0.0139279 0.0139493 0.0123722
0.0115411 0.00886602 0.213629 0.26574 0.265474 0.283347 0.0138465 0.0138926 0.0105702
0.0111625 0.00857065 0.206183 0.263862 0.264031 0.252852 0.0137497 0.0137838 0.0112148
0.0108825 0.00831394 0.207335 0.261689 0.261791 0.254988 0.013755 0.0137918 0.0109876
0.0112441 0.00836756 0.226285 0.262936 0.262738 0.276596 0.0136713 0.0137293 0.00918056
0.0107384 0.00819826 0.19639 0.256773 0.256631 0.266391 0.0135332 0.0135964 0.00905891
0.010562 0.00796535 0.214239 0.262777 0.262695 0.268397 0.0135816 0.0135709 0.014484
0.010693 0.00808424 0.210694 0.266793 0.26708 0.248515 0.0136599 0.01364 0.015191
0.0109249 0.00820767 0.201831 0.260856 0.260891 0.258551 0.013471 0.0134699 0.0135471
0.0113359 0.0086018 0.215482 0.278956 0.278422 0.313452 0.0137429 0.0137434 0.0137082
0.0109357 0.00836922 0.224891 0.27195 0.271521 0.300919 0.0135819 0.0135709 0.0145037
0.011208 0.00869258 0.197648 0.26801 0.267762 0.284065 0.0135666 0.0135902 0.0117223
0.0111357 0.00842331 0.221936 0.268673 0.268572 0.275257 0.0136882 0.0136751 0.0146901
0.0112722 0.00856707 0.236701 0.264688 0.264186 0.300534 0.0129886 0.0129857 0.0132139
0.0111667 0.00851777 0.201055 0.256551 0.256209 0.278772 0.0129314 0.0129615 0.0107307
0.0116928 0.0089106 0.222715 0.262658 0.262009 0.306065 0.0128587 0.0128725 0.0118057
0.0113795 0.0088358 0.188452 0.252087 0.251442 0.29597 0.0128728 0.0128839 0.0120523
0.0110289 0.00853131 0.203718 0.248641 0.248026 0.290806 0.0129553 0.0129985 0.00957563
0.0114202 0.00872137 0.202345 0.266464 0.266116 0.288547 0.0135811 0.0136248 0.0106059
0.011346 0.00864524 0.194245 0.256138 0.255976 0.266285 0.0132857 0.0133611 0.00888566
0.0114122 0.00877181 0.179316 0.253695 0.252939 0.304183 0.0134578 0.0135447 0.00823511
0.0118372 0.0091154 0.209329 0.265734 0.265157 0.302152 0.0140221 0.0140566 0.0115732
0.0111496 0.00871089 0.183014 0.250434 0.250295 0.259158 0.0141139 0.0142234 0.00731048
0.0110218 0.00830938 0.195981 0.243594 0.243341 0.260299 0.0133805 0.013444 0.0091087
0.0114805 0.00878685 0.222849 0.250883 0.250525 0.274905 0.0138284 0.0138857 0.00994765
0.0114163 0.00864245 0.218965 0.255611 0.255033 0.295691 0.0137438 0.0137301 0.0147032
0.0113423 0.00881275 0.170325 0.259013 0.258542 0.287409 0.0142995 0.0142866 0.0151817
0.0115076 0.00877607 0.200437 0.252537 0.251845 0.294658 0.0142458 0.0142362 0.0148824
0.011784 0.00900722 0.210361 0.249459 0.24867 0.297551 0.0139705 0.0140054 0.0115483
0.0117349 0.00914894 0.165414 0.266661 0.266629 0.26843 0.014238 0.0142723 0.0120464
0.0115222 0.00903511 0.187135 0.257415 0.257341 0.261775 0.0138758 0.013927 0.0103839
0.0111788 0.00870067 0.185063 0.261054 0.260603 0.290214 0.0138723 0.0139295 0.00994742
0.0109878 0.00839941 0.199938 0.26358 0.263689 0.256875 0.0136926 0.0137265 0.0112291
