1200 100 199
0.383695 -0.0923833
1.86377 0.0462828
3.79239 -0.169823
4.6026 -0.565473
5.25577 -1.52492
5.71527 -2.50334
5.90804 -3.00572
5.96896 -4.24278
6.01183 -4.60358
7.79942 -5.03367
8.11867 -5.3685
8.68592 -5.78522
8.39088 -5.93379
8.38019 -6.58232
8.53917 -6.94618
8.26918 -6.98666
8.54585 -6.98971
8.73288 -7.49655
8.35456 -7.78595
8.73008 -8.08031
8.61286 -8.33063
8.59038 -8.4529
8.73529 -8.3002
8.33935 -8.67409
8.35794 -8.41578
8.25863 -8.4855
8.40401 -8.47057
8.5804 -8.24698
8.12019 -8.74051
8.04557 -8.85917
8.90474 -8.30343
8.6445 -7.99767
8.72237 -8.14559
8.2917 -8.32935
8.51508 -8.20196
8.42088 -7.76679
8.24323 -8.28721
8.5171 -8.42282
8.32998 -8.48885
8.67278 -8.33678
8.57953 -8.58996
8.69107 -8.25881
8.85361 -8.63458
8.78173 -8.68366
8.52301 -8.42068
8.80267 -8.27997
9.12528 -8.04081
8.96452 -8.58664
8.90929 -8.75161
8.85852 -8.55575
8.60808 -8.50388
8.64921 -8.4795
8.49852 -8.53993
8.53361 -8.87077
9.07672 -8.74601
8.95763 -8.54333
9.17248 -8.45249
9.10745 -8.8145
9.38372 -8.8343
9.174 -8.87677
9.33814 -8.86619
9.34427 -8.84196
9.5925 -8.72011
9.32354 -8.34513
8.84256 -8.71298
9.39601 -8.92768
9.11574 -8.994
8.97837 -8.7839
9.22451 -8.63016
9.12146 -8.96341
8.76885 -8.70529
9.24426 -8.81118
9.54868 -8.6646
8.90792 -8.60967
9.35449 -8.76316
9.44828 -8.86802
9.227 -8.47362
9.01748 -8.84935
9.04765 -8.77277
9.354 -8.93595
9.01785 -8.60101
9.45603 -8.55194
9.19111 -8.99027
9.17858 -8.80426
9.16521 -8.82217
9.56502 -8.69855
8.98201 -9.09591
8.97655 -8.68868
9.10029 -8.65967
8.88938 -8.71017
9.15297 -8.60598
9.12265 -9.10626
8.98518 -8.7366
9.30889 -8.63229
9.15657 -8.64847
9.49467 -9.11909
9.04355 -8.54467
9.08108 -9.0169
9.12247 -8.67239
9.0449 -8.77202
9.35065 -8.98456
9.82272 -8.66311
9.20726 -8.69159
8.84579 -8.54606
9.58006 -8.20866
9.19238 -8.73909
9.36917 -8.80849
9.47237 -8.48155
7.98335 -9.71056
8.8599 -9.01597
8.62922 -8.96592
9.20959 -9.01108
9.40317 -9.18358
8.76088 -8.69947
9.10122 -8.80314
9.01318 -8.83097
9.07563 -8.95809
9.07257 -8.7676
9.22838 -8.02534
9.13811 -8.99082
9.24257 -8.85939
9.36097 -8.60631
9.07512 -8.88467
8.75523 -8.91048
9.09884 -8.33624
8.97672 -8.48832
8.75267 -9.05798
9.05531 -8.77742
9.12035 -8.63931
9.05942 -8.65214
8.6364 -8.49641
8.93096 -8.07579
8.99656 -8.57985
9.13761 -8.85353
9.21136 -8.45995
9.12982 -8.60787
9.46877 -8.61929
9.18788 -8.91942
9.20822 -8.99422
9.20677 -8.90717
9.14961 -8.79416
9.17364 -8.71412
9.28907 -8.20076
9.19359 -8.0998
8.84837 -8.39964
8.93798 -8.29156
9.3181 -8.1687
9.06585 -8.64129
9.16987 -8.5003
9.20143 -8.96134
9.11204 -8.86926
9.31991 -9.1341
8.82802 -8.90668
8.94515 -8.71468
8.8843 -8.79563
9.04551 -8.55847
9.30442 -8.41235
9.26434 -8.70308
9.25518 -8.66332
8.80078 -8.79796
9.17248 -8.53809
8.81064 -8.49775
9.10015 -8.53688
9.02376 -8.63243
8.74333 -8.45348
8.8024 -8.55785
9.06088 -8.7821
8.88199 -8.0935
9.14664 -8.40594
9.14306 -8.75463
9.23128 -8.43552
8.97091 -8.70412
9.26918 -8.35334
9.38066 -8.40648
9.19082 -8.33056
9.66909 -8.72213
9.27759 -8.54662
9.26059 -8.13904
8.88151 -8.7112
9.11184 -8.51226
9.28506 -8.57343
9.27298 -8.80293
9.57782 -8.75716
9.07739 -8.6184
9.30943 -9.02458
9.38715 -8.74899
9.14727 -8.77171
9.31498 -9.26999
9.28733 -9.11626
9.50377 -8.83747
8.8438 -8.83903
9.06772 -8.83332
8.96686 -9.04776
9.009 -8.63292
9.30725 -8.95334
9.55124 -8.48401
9.26655 -9.41165
9.25837 -9.15132
8.97563 -8.57001
9.1629 -9.00192 9.04943
8.22493 -8.85586 -8.42775
8.69494 -8.73765 -9.19394
8.0415 -8.90299 -8.9418
8.09178 -8.89923 -8.95014
8.33596 -8.76461 -8.69664
8.49117 -8.62613 -9.09765
8.13175 -8.55478 -8.98962
8.6536 -8.55603 -9.31488
8.1807 -8.95476 -9.07121
8.59327 -8.95774 -8.47229
8.43523 -8.85811 -8.52209
8.58018 -8.97926 -8.86945
8.38081 -8.81661 -8.70689
8.20667 -8.71671 -9.19625
8.47667 -9.06524 -9.14319
8.19937 -8.88399 -8.68303
8.50469 -8.9011 -8.52955
8.39105 -8.97341 -8.23628
8.48517 -8.78797 -8.66087
8.62921 -8.70896 -9.27685
8.20855 -8.33593 -9.23108
8.2095 -9.07016 -8.93249
8.28049 -8.77497 -8.8957
8.50339 -8.88925 -8.73284
8.95274 -8.97323 -8.90412
8.35255 -9.07087 -8.96683
8.48207 -8.76843 -9.00633
8.74222 -9.14634 -9.40185
8.5539 -8.91891 -8.75632
8.63343 -8.69561 -9.19706
8.67002 -8.87118 -8.65113
8.41235 -8.88167 -8.94764
8.35101 -8.91411 -8.90991
8.44357 -8.66142 -8.73344
8.48429 -8.88628 -8.7316
8.44429 -8.42925 -8.75389
8.47481 -9.15121 -8.65605
7.87679 -8.52695 -8.75891
8.384 -8.88126 -8.48342
8.59544 -8.90054 -9.36388
8.25836 -9.0011 -9.04523
8.51424 -9.15511 -8.80699
8.44492 -8.92277 -9.0475
8.24953 -8.97473 -8.90874
8.32951 -9.27257 -8.87265
8.32612 -8.94568 -8.85796
8.28282 -8.5687 -8.79739
8.40918 -8.38461 -8.97038
8.48347 -8.72337 -9.00995
8.25064 -8.79596 -8.83349
8.82822 -8.93906 -8.46957
8.51493 -8.88612 -8.90413
8.61058 -8.61157 -8.92516
8.17984 -8.66104 -9.15542
8.069 -8.85396 -8.3253
8.63933 -9.00362 -9.07956
8.52894 -8.94749 -9.0955
8.8829 -8.99227 -8.56154
8.51941 -8.83985 -8.52753
8.95584 -8.65431 -8.747
8.10817 -8.68511 -8.40325
8.61307 -9.17067 -9.13543
8.45859 -9.19582 -8.83444
8.33991 -9.02524 -9.06206
8.57614 -8.29193 -9.07335
8.81737 -8.7661 -9.0243
7.86388 -9.00637 -9.02934
8.52641 -9.07777 -9.02115
8.34056 -8.74824 -8.80469
8.80167 -9.33342 -8.50028
8.74227 -9.05008 -8.88
8.71625 -9.04646 -8.91702
8.29462 -9.29181 -8.95885
8.15807 -9.04139 -8.81196
8.5813 -8.30585 -9.19526
8.6201 -8.79822 -9.17166
8.47383 -9.46031 -9.00483
8.47846 -8.86059 -8.74965
8.75138 -9.33299 -9.21115
8.57104 -9.19233 -8.8692
8.23325 -9.33149 -8.84418
8.73441 -8.91894 -9.21962
8.67376 -8.97008 -9.18351
8.77465 -9.0211 -9.23249
8.76823 -9.074 -9.26139
8.70482 -9.32837 -8.7995
8.66551 -8.96692 -8.76061
8.59944 -8.50608 -8.96309
8.9121 -9.25648 -9.07763
8.37888 -8.81982 -9.01385
8.78549 -8.83628 -8.77391
8.38524 -8.70044 -9.1263
8.73452 -9.13506 -9.51821
8.63416 -8.96346 -9.21116
8.78727 -8.96622 -9.04595
8.98926 -8.82016 -8.70953
8.92574 -9.01393 -9.08573
8.64092 -8.87907 -9.23953
8.89251 -8.61092 -9.04189
8.35061 -8.9265 -8.74505
8.34967 -9.15856 -8.70693
8.70546 -8.62262 -9.20667
8.66026 -8.94418 -8.80117
8.87537 -8.83914 -8.52673
8.40393 -8.88391 -8.65656
8.63733 -9.06274 -9.35087
8.75162 -9.21765 -9.19822
8.54691 -9.33381 -8.7608
8.64937 -8.94542 -9.17469
8.42022 -9.37848 -9.07202
8.45651 -9.03218 -8.88548
9.09274 -9.23463 -9.08582
8.45966 -9.03016 -9.12858
8.80163 -9.05915 -8.96278
8.60809 -8.88012 -9.14647
8.5537 -9.28976 -9.07239
8.74088 -8.73074 -8.96995
9.06936 -8.86005 -8.71316
9.2753 -8.89454 -9.10657
8.78352 -8.97671 -9.28488
8.75959 -9.10587 -9.08774
9.00513 -9.00743 -9.04823
8.88427 -8.83869 -9.15663
8.56692 -9.18188 -8.83785
8.57291 -9.02045 -9.32915
8.55819 -8.92047 -8.91348
8.97039 -8.80538 -8.99502
8.47109 -9.09591 -8.9771
8.6419 -8.59957 -9.36195
8.65359 -8.70918 -9.48286
8.68017 -9.35845 -9.08052
8.56493 -9.19922 -9.2329
8.98877 -9.21067 -9.03336
8.6146 -9.35716 -8.95444
8.63615 -9.66074 -8.69107
8.64785 -9.34 -8.65349
8.6963 -9.00643 -9.05221
9.03748 -9.69776 -9.183
8.73595 -9.01898 -9.12479
8.73999 -9.3281 -9.19987
8.9617 -8.93545 -8.8442
9.0128 -8.90393 -8.61854
8.7326 -9.08571 -8.83532
8.71476 -8.77481 -8.726
8.59197 -9.15504 -9.48563
9.08393 -9.09925 -8.70756
9.49572 -8.79184 -9.00818
8.80521 -8.68813 -8.88952
8.78844 -9.63851 -9.38294
8.49503 -9.01719 -8.96609
9.02388 -8.8872 -8.53012
8.58385 -9.21609 -9.16541
8.93459 -9.17874 -8.93925
8.82295 -9.29798 -9.12342
8.73993 -9.0451 -9.15384
8.71762 -9.19744 -8.61585
8.29252 -9.21916 -9.41723
8.65332 -8.90536 -8.88886
8.85452 -9.01961 -9.40094
8.32707 -9.48866 -9.03129
8.97132 -9.42868 -8.87152
8.55652 -9.50771 -8.84505
8.56882 -8.93532 -8.85247
9.23665 -9.20677 -9.57383
8.61484 -9.2572 -9.29238
9.05797 -8.67101 -9.05796
8.60148 -8.94382 -9.26719
8.81777 -8.94621 -8.88083
8.7389 -8.86259 -9.09051
8.95203 -8.81991 -9.3111
9.01017 -8.9882 -8.87806
8.48214 -8.55144 -8.87052
8.68307 -9.06558 -9.3947
8.36157 -8.77354 -9.09201
8.77494 -8.95251 -9.20396
8.50688 -9.01675 -9.04817
8.67433 -9.09399 -8.80626
8.99977 -9.04472 -8.71727
9.02175 -9.21793 -9.13936
8.68465 -9.26021 -9.15938
9.11068 -9.3547 -9.08095
9.09986 -9.52896 -9.19246
8.66414 -9.03073 -8.52731
8.86526 -8.37506 -8.83296
8.63855 -8.90111 -8.74773
8.99328 -8.99733 -8.28213
8.7734 -9.21629 -8.75564
8.84391 -9.01201 -9.22454
8.35987 -9.2077 -8.61601
8.70252 -9.05117 -8.71327
8.72098 -9.1639 -8.63435
8.5673 -9.20828 -8.52654
8.75729 -9.19399 -8.75857
8.47248 -9.30833 -8.7277
8.75872 -9.09426 -9.14415
8.82392 -9.08236 -9.68594
8.92295 -9.15887 -9.2435
8.65056 -9.08766 -9.00362
8.60979 -8.98017 -9.16318
8.57575 -9.12759 -9.0045
8.34872 -9.09255 -8.88182
9.01351 -9.34798 -9.27719
9.21325 -9.06648 -9.06638
8.93207 -8.89782 -9.1156
8.62243 -8.60352 -8.68599
9.08814 -8.77476 -8.99273
8.75146 -9.31726 -8.62853
8.56488 -9.47105 -9.03782
8.26989 -8.89289 -8.85111
9.16247 -9.28625 -9.1092
8.67293 -9.43919 -9.23907
8.67624 -9.4033 -8.71311
8.75397 -9.68897 -8.99198
8.89628 -9.16232 -9.22227
8.73694 -9.24614 -9.07952
8.97198 -8.81024 -8.80589
8.56725 -9.15026 -8.90818
8.71139 -9.14425 -9.38603
9.04708 -9.03029 -8.924
8.56275 -8.7834 -8.99663
8.70032 -8.80162 -9.47093
8.71422 -8.89744 -9.25391
8.9752 -9.17346 -9.17602
8.9441 -9.05333 -9.05734
9.35206 -8.74652 -9.17987
8.91163 -8.82699 -8.96393
8.40018 -8.75032 -8.65264
8.73239 -9.35236 -9.31632
8.52444 -9.32739 -8.78162
8.95131 -9.02875 -9.13183
8.60949 -9.56189 -8.6052
9.05163 -8.95474 -8.56672
8.76426 -9.02626 -9.04187
8.829 -9.11328 -9.33764
8.42485 -8.99975 -9.04511
8.68598 -9.04653 -9.32989
8.59893 -9.25665 -9.04516
8.44607 -8.63182 -9.46935
8.77218 -8.54837 -8.77839
8.72987 -8.98357 -9.18904
8.85007 -8.57686 -8.61406
8.5025 -9.42535 -9.03258
8.73013 -9.07079 -9.27541
8.76384 -9.02261 -8.91043
8.96641 -9.07956 -8.68714
8.73281 -8.84395 -9.08854
8.66974 -9.05587 -9.51322
8.78407 -9.10976 -9.16303
8.88913 -9.1306 -8.78856
8.69225 -8.87427 -9.02705
9.16369 -9.02414 -8.87227
8.68559 -8.9059 -8.89171
8.8621 -8.90295 -9.10499
8.81253 -8.6745 -8.77873
8.68423 -8.92088 -9.04622
8.49884 -8.98292 -9.12116
8.78844 -9.00362 -8.64194
8.89336 -9.3046 -8.85174
8.72076 -8.80186 -8.79792
9.08003 -9.26936 -8.71765
8.78577 -8.91791 -8.97546
8.51953 -9.42854 -9.18017
8.62991 -9.0768 -8.37311
8.22449 -9.22247 -9.17665
8.94722 -9.56976 -9.10626
8.81575 -9.04854 -9.34821
8.62843 -9.20778 -8.99079
8.65871 -9.15893 -8.85538
9.25474 -9.01871 -9.27265
8.60099 -9.13814 -9.50689
8.70213 -9.22945 -9.16161
8.94645 -8.70027 -9.0723
9.19076 -8.99203 -9.22776
8.86027 -8.53583 -9.54318
8.81846 -9.64212 -8.713
9.01229 -9.20795 -9.19331
8.68329 -9.30057 -9.12953
9.1791 -8.96104 -9.20061
8.68675 -9.48468 -9.27674
8.25426 -9.11357 -9.0391
8.55307 -9.1305 -9.1325
8.51885 -9.17655 -9.05946
8.70984 -8.91813 -9.15134
8.6999 -8.98384 -9.09512
8.70598 -8.83267 -9.188
8.63376 -8.37772 -9.07433
8.65536 -8.68583 -8.9742
8.84798 -9.18436 -9.1392
8.91292 -9.01603 -9.10426
8.93369 -8.80949 -8.88099
8.65185 -9.16662 -9.17852
8.46702 -9.16058 -9.17169
9.13563 -9.15408 -9.23596
9.48067 -8.96007 -8.94833
9.23384 -9.02663 -9.01232
8.7314 -8.63639 -9.25706
8.51216 -8.87843 -8.81333
8.73186 -8.91961 -8.96795
8.9087 -9.6809 -8.60001
8.23966 -10.0197 -9.93173
7.97527 -9.07016 -9.18361
8.48928 -9.14518 -8.917
8.60328 -9.03986 -9.40194
8.64357 -9.07096 -8.86875
8.55724 -9.18284 -9.09324
8.83479 -8.93573 -9.31954
8.42517 -8.97927 -9.27831
8.86999 -9.07642 -9.44546
8.30975 -9.75221 -9.42345
8.82806 -9.43763 -8.70204
8.48729 -9.13562 -8.58987
8.89944 -8.92967 -8.98408
8.62629 -9.21775 -8.76004
8.47799 -8.96987 -9.3229
8.55488 -8.86576 -8.72193
8.45734 -9.06036 -8.82496
8.97922 -9.07145 -8.68919
8.72911 -9.0315 -8.65813
8.40488 -9.09172 -8.82481
8.50677 -9.08027 -8.82163
8.31989 -8.9195 -8.75682
8.40549 -9.42147 -8.93786
8.82406 -9.14191 -8.86695
8.68469 -9.16578 -8.65656
8.4538 -8.86813 -9.07908
8.32697 -9.47935 -9.08877
8.71127 -9.03055 -9.15417
8.3353 -9.07399 -9.1927
8.73268 -9.0125 -8.71418
8.10573 -8.83617 -9.31096
8.83106 -9.02317 -9.45458
8.92306 -9.03333 -9.42224
9.04613 -9.08081 -8.88331
8.51254 -8.73049 -9.30993
8.33978 -8.81108 -9.20442
8.04695 -8.75229 -9.05959
7.87351 -8.88977 -8.75351
8.57242 -8.61526 -9.43655
9.18759 -8.96231 -9.07255
8.52619 -8.83403 -9.37781
8.6136 -8.84271 -9.07948
8.66592 -8.7919 -8.89604
8.51316 -9.17857 -8.97137
8.73557 -8.67841 -9.52675
8.88836 -8.76638 -8.99456
8.84529 -8.72359 -8.9796
8.37025 -8.65234 -9.06174
8.38317 -8.53069 -9.07268
8.5645 -8.83804 -9.58225
9.05429 -9.38248 -8.9606
8.70905 -8.5768 -9.38248
8.38263 -8.87305 -9.18195
8.46025 -8.6874 -9.21778
8.53951 -8.95091 -9.20658
8.3712 -9.39427 -9.07602
8.6169 -8.80859 -9.30956
8.79761 -8.79005 -9.20164
9.18829 -8.53099 -8.93028
8.32941 -9.01531 -8.99654
8.47427 -8.59494 -8.78267
9.04759 -8.9268 -8.81863
8.72942 -8.91454 -9.06666
8.65447 -9.03862 -8.73953
8.82603 -8.59189 -8.68987
8.97273 -9.15203 -8.49187
8.38795 -9.38712 -9.74125
8.91242 -8.86636 -9.49317
8.69529 -9.12961 -9.26095
8.48561 -9.43858 -9.08512
7.94575 -9.38463 -8.95574
8.03928 -8.81151 -9.40591
8.32304 -9.08497 -8.79574
8.1242 -8.55389 -8.94924
8.1107 -8.44487 -9.37813
7.99104 -8.87361 -9.36663
8.05845 -8.99069 -9.22585
7.88293 -8.58578 -9.05401
8.26213 -9.18733 -8.98615
8.542 -8.88223 -9.17093
8.67681 -8.98261 -9.04028
8.53864 -8.81489 -9.28075
8.31104 -8.7654 -8.75313
8.28509 -8.96913 -8.81959
8.20863 -9.31168 -9.05006
8.47721 -8.62555 -8.56641
8.69738 -8.81699 -9.20532
8.40369 -8.9386 -9.0521
8.44601 -8.96863 -8.57232
8.14802 -9.04502 -8.456
8.35986 -9.33904 -8.48028
7.88973 -9.00489 -8.85998
8.27537 -9.1167 -8.99752
8.53337 -8.9447 -8.95979
8.12261 -8.95313 -8.81277
7.99704 -9.34853 -9.08992
8.13437 -8.94636 -8.91136
8.31834 -8.87295 -9.16837
8.23746 -9.1203 -8.95434
8.3678 -9.21923 -8.59535
8.56437 -8.8552 -8.35439
8.13155 -9.3564 -8.61073
8.53773 -9.26286 -8.91992
8.33234 -8.51773 -8.68984
8.20985 -8.42197 -9.03601
7.98182 -8.90464 -8.9233
8.20262 -8.75279 -9.14356
8.28282 -9.02037 -9.64255
8.27069 -9.05794 -8.86415
8.30721 -9.34215 -9.63063
8.32871 -9.21981 -8.81049
8.19543 -9.09256 -9.14555
8.21983 -8.75795 -9.22738
8.01712 -8.75048 -9.16299
8.64418 -8.99139 -9.1422
8.62416 -8.95348 -8.85926
8.38366 -8.63155 -9.3273
8.73869 -8.79402 -9.12238
8.28529 -9.02011 -9.09396
8.48059 -8.9201 -8.82598
8.46686 -9.1602 -9.01163
8.53288 -9.27966 -8.83533
8.67649 -8.77195 -8.93607
8.39704 -8.69753 -8.60988
8.68434 -9.29018 -8.52982
8.51325 -9.17706 -9.23796
8.54061 -9.06975 -8.94299
8.3763 -9.19612 -8.76388
8.66233 -9.46329 -9.33991
8.83124 -9.38191 -9.02665
8.69751 -9.06336 -9.10404
8.40915 -9.05077 -8.968
8.79339 -8.75136 -9.37032
8.24885 -8.85393 -9.07813
8.69898 -9.15332 -9.03309
8.362 -9.00821 -9.15088
8.32355 -8.61936 -9.19435
8.55717 -9.14177 -9.32764
8.41459 -9.26209 -8.89715
8.38252 -8.81497 -8.9419
8.73243 -8.75387 -8.82122
8.44366 -8.88902 -9.01163
8.15869 -9.33507 -8.88314
8.92926 -8.97295 -8.41853
8.28853 -8.61553 -8.61146
8.62992 -9.4266 -9.0249
8.7523 -8.9624 -8.8639
8.83118 -9.11769 -8.75244
8.86306 -8.78636 -8.77333
8.67982 -8.56914 -8.96473
8.77845 -9.10566 -9.01923
8.24821 -9.20167 -8.95141
8.20899 -9.07243 -9.02301
8.39191 -9.07395 -8.80566
8.81944 -9.2139 -9.02714
8.4173 -9.32399 -9.01496
8.66494 -9.05411 -8.91361
8.02295 -9.21736 -8.77288
8.97662 -8.94697 -8.70366
8.64355 -9.40342 -8.92892
8.20675 -8.9855 -9.06947
8.73035 -8.69218 -9.09246
8.89398 -9.08425 -8.71315
8.46203 -9.06195 -9.23245
8.46556 -8.91773 -9.17619
8.39823 -9.01593 -9.02527
8.60938 -8.74264 -9.0239
8.87722 -9.09031 -8.83107
9.07261 -9.02833 -9.14793
8.90167 -8.92897 -8.77551
8.98307 -9.54543 -8.93964
8.6374 -9.39018 -8.85818
9.19437 -9.19464 -9.1445
9.07023 -9.09665 -8.97305
8.59472 -8.72319 -8.99801
8.85082 -9.10627 -9.24881
8.55456 -8.8252 -9.16824
8.50199 -9.18264 -9.37492
8.48362 -9.32356 -8.9812
9.04564 -9.20448 -9.22327
9.12106 -8.91585 -9.13088
8.91745 -9.22136 -8.85387
8.88807 -9.26723 -8.65801
8.68953 -9.3092 -9.04546
8.95682 -8.68411 -9.06387
8.43448 -9.20539 -8.82363
8.54883 -8.96797 -8.46117
8.03059 -8.72995 -8.50608
8.95726 -9.15297 -8.75384
8.65631 -9.04286 -8.89369
8.7134 -8.96604 -8.96874
8.8045 -8.94166 -9.39895
8.76706 -9.26464 -8.92169
8.65783 -9.189 -9.26454
8.65564 -9.09112 -9.33871
8.21237 -8.9948 -9.06047
8.39495 -9.13567 -9.09383
8.58098 -9.13499 -8.75158
8.71913 -9.17326 -9.03637
8.8417 -8.86356 -9.23428
8.57093 -9.07063 -9.09898
8.97602 -9.10872 -9.17558
8.76432 -8.91303 -9.37098
8.74931 -8.85652 -8.97845
8.69677 -9.22534 -9.01779
8.57592 -9.26388 -9.01214
8.67317 -9.04464 -8.70886
8.45582 -9.33388 -9.13259
8.73029 -8.77346 -9.23648
8.59055 -8.52955 -8.70835
8.62229 -8.8972 -8.87074
8.23522 -9.40111 -8.92253
8.64337 -9.01837 -8.81034
8.51515 -9.10931 -9.03065
8.39223 -8.57707 -9.02203
8.80998 -8.67854 -9.31509
8.54582 -9.13703 -9.39036
8.62634 -8.67289 -9.37116
8.48374 -8.88554 -9.16668
8.48004 -8.81505 -8.97495
8.14061 -8.80372 -8.95598
8.82396 -9.1361 -8.8455
8.44071 -9.17884 -9.01498
8.4633 -9.30025 -8.98917
8.61691 -8.99748 -8.9652
8.5624 -9.43072 -8.92402
8.82681 -8.80863 -8.6595
8.24815 -9.19149 -8.97285
8.67827 -8.94577 -9.26275
8.83594 -9.35879 -8.81645
8.61582 -8.95999 -8.73675
8.56012 -8.83658 -8.86241
8.88464 -9.32789 -9.43495
8.50587 -8.72634 -9.26197
8.512 -8.86005 -9.00415
8.68657 -9.0865 -8.90349
8.33061 -9.29997 -8.86226
8.65473 -9.14969 -9.31222
8.69534 -8.92359 -9.1908
8.54615 -8.84941 -9.31905
8.50321 -9.24964 -8.96192
8.88766 -8.89968 -9.17791
8.72859 -9.40561 -8.85241
8.69773 -9.10046 -9.11513
8.60958 -9.24841 -9.03938
8.72079 -9.34888 -9.18521
8.4185 -8.87952 -9.10127
8.79751 -9.67013 -9.06123
8.69763 -8.49304 -9.16824
8.80067 -8.92442 -9.25819
8.64405 -8.80643 -8.9514
8.74526 -8.78369 -9.1279
8.45916 -9.18716 -9.16558
8.75924 -9.06278 -8.91919
8.36507 -8.50922 -9.13211
8.39064 -9.11857 -9.10645
8.90818 -8.85879 -9.34652
8.12627 -8.63844 -8.9175
8.89554 -8.77544 -9.09523
8.49953 -9.07569 -8.86443
8.7185 -9.18223 -8.94211
8.61084 -9.13033 -8.78234
8.79317 -9.15064 -8.85457
8.57143 -9.1269 -8.93876
8.50382 -9.08452 -8.92641
8.76947 -8.96797 -8.84648
8.44099 -8.82067 -8.89751
8.82139 -9.33693 -9.08609
8.51148 -9.42951 -9.15034
8.23868 -9.45811 -8.97768
9.32351 -9.09904 -9.17732
8.87618 -8.90775 -9.06672
8.50361 -9.38714 -9.0104
8.48455 -9.03865 -8.6891
8.79576 -9.03144 -8.83002
8.6596 -8.85355 -8.8509
8.844 -9.21647 -8.67944
8.9126 -8.89088 -9.29641
8.90011 -9.13012 -8.86094
8.9436 -9.4616 -9.17084
8.92097 -9.14732 -8.9487
8.24183 -9.27948 -8.72252
9.12117 -9.62513 -9.51212
8.40822 -8.86102 -9.78308
8.85211 -9.26163 -9.19957
8.62187 -9.44454 -8.94277
8.87769 -8.72307 -8.95361
8.81706 -9.20184 -9.35787
9.08485 -9.09853 -9.1564
8.34673 -9.39335 -9.40867
9.0404 -9.31536 -9.004
8.75958 -9.4411 -8.95602
8.23558 -9.25415 -9.36781
8.48262 -9.26825 -8.97287
8.70334 -8.51365 -9.00603
8.60496 -9.13586 -9.32283
8.62936 -9.30947 -9.1615
8.40346 -8.69632 -9.03852
8.7467 -9.06324 -9.03205
8.75637 -9.13844 -9.15847
8.5943 -8.9619 -9.08516
8.69458 -9.02974 -9.05652
8.73682 -8.83729 -9.15605
8.67048 -9.12204 -9.42438
8.47085 -9.11714 -9.09995
8.67582 -9.12907 -9.5502
8.49132 -9.18209 -9.22661
8.53102 -8.97823 -9.23069
8.92968 -9.29376 -9.18975
8.61279 -9.33743 -9.03484
8.80831 -8.97578 -9.0275
8.64192 -9.11494 -9.13651
8.78079 -8.81381 -8.76251
8.79915 -8.53605 -9.53096
8.3426 -8.93538 -9.04944
8.78217 -8.95398 -9.51031
8.48231 -9.07089 -8.70558
8.70376 -9.06668 -9.08364
8.95202 -8.52965 -9.25252
8.57202 -9.08388 -9.30973
8.60872 -9.1708 -9.49696
8.28665 -8.55084 -9.13788
8.6111 -8.54978 -9.50991
8.96999 -9.0499 -9.04778
8.47095 -8.80091 -9.44522
8.96991 -9.08895 -9.02308
9.02469 -8.92845 -9.27874
8.12167 -8.64824 -8.94902
8.86401 -9.03459 -8.81132
8.76755 -8.87289 -9.10913
8.58427 -8.84267 -8.96924
8.85251 -9.05632 -9.04081
8.65078 -9.08578 -8.78293
8.6885 -8.70092 -8.84898
8.16825 -8.94009 -9.15716
8.80259 -9.58361 -8.95828
8.7562 -8.85816 -9.14746
8.56714 -8.91173 -8.89779
8.52541 -9.03906 -8.76191
8.70972 -8.59528 -9.41567
8.656 -8.96644 -8.81633
8.54042 -8.57718 -9.01508
8.35006 -9.09935 -8.98459
8.60337 -8.65249 -9.10075
8.72994 -9.15858 -9.36396
7.92506 -8.93393 -9.01276
8.28319 -9.18267 -9.01678
8.7215 -9.31599 -8.84608
8.48014 -8.98721 -9.18573
9.09331 -9.0281 -9.0291
8.73194 -9.4188 -9.12566
8.57577 -9.08069 -9.23977
8.42197 -8.55407 -9.24524
8.95665 -8.81651 -8.81501
8.44487 -8.7334 -9.13416
8.39983 -8.94802 -8.91608
8.41007 -9.03971 -8.48726
8.7742 -9.2616 -8.77277
8.91614 -9.05893 -9.17523
8.7234 -9.64323 -9.31117
8.39641 -8.97695 -9.22788
8.34305 -8.86535 -8.79006
8.10387 -8.7877 -8.69272
8.38091 -9.17825 -8.78395
8.56655 -9.36491 -9.02707
8.30551 -8.96295 -9.46861
8.65567 -9.50078 -9.69032
8.34005 -9.24906 -8.85876
8.56058 -8.87964 -9.08615
9.22441 -8.66164 -8.82073
8.52573 -9.17568 -9.09306
8.61094 -8.70579 -8.66676
8.97168 -9.52023 -8.99015
8.43669 -9.48057 -8.67092
8.61605 -9.10403 -9.0256
8.65975 -9.24234 -9.22489
8.47937 -8.93123 -9.13877
8.66424 -8.75501 -9.21222
9.20855 -8.92957 -9.36685
9.03972 -9.03106 -9.14867
8.82412 -9.17683 -9.29023
8.73941 -9.23776 -9.12782
8.59866 -9.06698 -9.37361
9.23913 -9.29611 -9.32155
8.91659 -9.52124 -9.31679
8.58998 -8.85729 -9.43079
8.7641 -8.83672 -8.98361
8.83444 -8.71645 -8.91606
9.00081 -9.13791 -9.12355
9.07499 -9.37179 -9.75037
8.66863 -8.95765 -9.21846
9.01588 -8.90842 -9.02676
9.07662 -9.3678 -9.60445
8.90792 -9.29735 -9.20101
8.27181 -9.4152 -9.18678
8.89532 -9.04116 -9.0982
8.6837 -9.02555 -8.86881
9.07973 -8.94034 -8.77335
8.49131 -9.27273 -8.8284
8.46497 -9.13083 -9.40326
8.5957 -9.23767 -8.68796
8.91605 -9.20218 -8.78614
8.67847 -9.0437 -9.0024
8.66192 -9.32259 -8.79395
8.68988 -9.49708 -9.06805
8.23683 -8.91079 -9.00556
8.77559 -9.07997 -8.86599
8.87777 -8.80594 -8.72806
8.47135 -9.39606 -8.8957
9.16437 -9.42911 -9.31983
8.9873 -8.92705 -8.88234
9.01974 -9.02993 -9.2976
8.53707 -9.32791 -9.30308
8.32836 -9.30393 -9.14665
8.75733 -9.52886 -9.37246
8.76923 -9.60292 -8.9444
8.83171 -9.04508 -9.06128
8.79011 -9.59411 -8.81207
8.50897 -9.09999 -9.39104
8.92333 -9.30209 -9.14631
8.43115 -9.29421 -9.02841
8.6137 -8.96302 -8.79352
8.52998 -9.15526 -8.91282
8.85154 -9.00115 -8.77344
8.32949 -9.23109 -9.00512
8.24294 -9.66367 -8.74389
8.47629 -9.07156 -9.46782
8.70928 -8.77314 -8.67218
8.64512 -9.07792 -8.90038
8.47232 -8.98611 -9.07794
8.63529 -8.93772 -9.01569
8.37383 -8.8383 -8.69036
8.65164 -8.98583 -8.7598
8.37012 -9.22907 -8.95715
8.61761 -8.58258 -9.81156
8.39877 -9.32998 -9.46741
8.93363 -8.7598 -9.46064
8.90639 -9.04298 -8.59488
8.29951 -9.32164 -9.0551
8.76143 -9.43029 -9.20849
8.49333 -9.08843 -9.34014
8.64783 -9.05504 -9.09839
8.44548 -9.81544 -9.25852
8.59213 -9.37004 -9.42997
8.52938 -9.44301 -9.0508
8.29261 -8.56334 -9.0527
8.73915 -8.79804 -8.70053
8.6722 -8.93868 -9.19925
8.67604 -9.14783 -9.19943
8.30117 -9.60669 -9.09784
8.70229 -9.38201 -9.00636
8.46198 -9.21054 -9.33924
8.51926 -9.18988 -9.28252
8.90774 -8.97317 -9.34434
8.37896 -9.05683 -9.18789
8.60091 -8.64995 -9.21786
8.90008 -9.23002 -9.064
8.65847 -8.95366 -8.82533
8.79964 -8.85941 -8.82777
8.34778 -8.77518 -9.2526
8.95139 -8.85579 -8.94596
8.96206 -9.15815 -9.32406
8.9862 -8.93892 -8.99527
8.8674 -8.63983 -8.71181
8.56255 -9.13854 -8.97888
8.80136 -8.96867 -9.15386
8.97205 -9.15649 -8.68008
8.88156 -9.2712 -9.37674
8.82024 -9.06256 -9.20153
8.6534 -8.82088 -9.37753
8.98579 -9.03919 -9.05876
8.58544 -9.25833 -9.15543
8.75125 -8.82275 -8.72824
8.37312 -9.25541 -9.05935
8.51867 -8.87659 -8.75325
8.42065 -9.22846 -9.23574
8.75524 -8.72974 -9.1536
8.44625 -9.11268 -9.05282
8.84234 -8.83563 -8.93917
8.78254 -9.08329 -9.45274
8.94237 -9.19492 -9.30243
8.55786 -8.85994 -9.55343
8.81542 -9.3232 -9.08048
8.63897 -9.0934 -9.25501
8.64868 -8.80698 -9.202
8.8267 -8.4768 -8.80265
8.88222 -9.35808 -9.22083
8.71613 -9.33709 -8.64483
8.80757 -9.23493 -9.27857
8.79911 -9.27458 -9.19891
8.81563 -9.34391 -9.20223
8.69281 -9.2002 -9.21259
8.94008 -9.17866 -9.26155
8.56012 -9.13742 -9.1738
8.73893 -9.44244 -9.62385
8.49953 -9.36901 -9.51237
8.98026 -8.90999 -8.80021
8.72962 -9.09316 -8.98918
9.02492 -9.18308 -9.15148
8.63415 -9.04888 -9.47305
8.53407 -8.75045 -9.38325
8.75594 -8.70843 -9.39007
9.12777 -9.12756 -8.56371
8.70813 -8.97129 -9.15465
8.83257 -8.80276 -9.15381
8.70639 -8.99072 -9.02296
8.54021 -8.48833 -8.85634
8.45713 -8.96604 -8.88366
8.56318 -8.58465 -8.76259
8.87521 -8.58629 -9.36451
8.69378 -8.54621 -8.98106
8.20115 -8.82359 -8.61832
9.13558 -9.19362 -9.26552
8.98839 -8.77688 -8.85802
8.67076 -9.40872 -9.02342
8.56585 -8.82347 -9.2529
8.36081 -9.03741 -9.20617
8.82772 -9.42163 -9.45547
8.58781 -8.91882 -8.90542
8.54666 -8.95538 -8.89149
8.93191 -9.06368 -9.07532
7.95414 -9.16196 -9.10668
8.58031 -8.99193 -8.78242
8.03247 -9.77566 -9.38674
8.70632 -9.04713 -9.21606
8.60178 -9.04595 -9.2561
8.21114 -8.9487 -9.11634
8.53654 -9.12889 -8.4876
8.25622 -8.82106 -8.86429
8.19333 -8.41452 -8.80806
8.35837 -9.09395 -9.05529
8.2644 -9.07366 -9.28056
8.31914 -8.66516 -8.90158
8.6583 -8.90031 -9.12836
8.72958 -9.10291 -9.38755
8.84993 -8.94638 -8.8625
8.46558 -8.87977 -9.02038
8.17675 -8.92618 -9.32473
8.1539 -8.84604 -8.60394
8.31403 -8.53975 -9.06429
8.23812 -8.99183 -9.14552
8.62562 -8.65749 -8.52185
8.35961 -9.0954 -9.18402
8.90114 -8.92472 -8.98571
8.7044 -9.18909 -8.74629
8.53565 -8.81031 -8.69577
8.36829 -8.95071 -8.71182
8.34621 -9.02861 -8.89788
8.70236 -9.36675 -9.29887
8.4517 -9.53944 -9.21191
8.43822 -9.49492 -9.20593
8.43005 -9.21115 -9.19565
8.38753 -9.08198 -8.99485
8.33109 -8.78144 -9.15073
8.1885 -8.90654 -9.7297
8.24257 -8.66927 -9.39053
8.27785 -8.84143 -9.00448
7.84353 -8.6017 -9.04208
8.22223 -9.24648 -9.01629
7.80433 -9.38664 -9.50363
8.05453 -9.11581 -9.36244
8.31593 -9.08091 -9.36922
8.03993 -9.20461 -8.69845
8.19405 -8.97624 -9.38935
8.40285 -8.85272 -9.02873
8.30396 -8.88651 -8.58283
7.93038 -8.89375 -8.49166
8.23084 -8.97747 -9.05705
8.17618 -8.9762 -9.1651
8.87497 -9.22648 -8.89286
8.35339 -8.85876 -8.7291
8.20218 -8.83233 -9.26291
8.14677 -8.53968 -9.19965
8.25849 -8.77068 -8.93254
8.35736 -9.19747 -9.3572
8.33835 -9.24808 -9.06724
8.39822 -8.69899 -8.80723
8.49905 -9.19797 -8.86081
8.48206 -8.67809 -8.9046
8.31528 -9.02716 -8.74608
8.35547 -8.91097 -8.79432
8.50995 -9.03342 -8.90479
8.22067 -8.78405 -9.03079
8.32706 -8.93695 -9.20783
8.80418 -9.44119 -9.05003
8.52308 -9.18742 -8.81825
8.4321 -8.66704 -9.4403
8.45145 -9.15438 -9.86278
8.52272 -9.19465 -8.35618
8.35718 -9.62178 -8.91101
8.70767 -8.91127 -9.06474
8.08247 -8.79478 -9.15145
8.65621 -9.36641 -8.93119
8.76581 -8.83542 -8.90287
8.89465 -8.77718 -9.05484
8.42496 -8.77217 -8.93066
8.54031 -9.25978 -8.96414
8.41055 -9.0732 -9.47536
8.77656 -9.00495 -8.83277
8.74623 -9.05676 -9.34766
8.70371 -9.16375 -9.72163
8.32222 -8.72631 -9.00017
8.81247 -8.63897 -9.40151
8.95031 -8.90066 -8.88237
8.64963 -9.24798 -9.13592
8.77104 -9.6638 -9.17937
8.60343 -8.99582 -8.99915
8.71723 -9.51128 -9.39966
8.5792 -9.46134 -9.18993
8.71493 -9.13515 -9.54243
8.24933 -8.67456 -8.86779
8.97467 -9.02674 -9.23717
9.08577 -9.43202 -9.25904
8.70751 -9.1511 -9.28794
8.77574 -9.34852 -9.14513
8.76058 -9.3092 -8.67921
8.87929 -9.10341 -9.09021
8.77502 -8.83315 -8.7088
8.98013 -9.06295 -8.95112
8.80253 -9.07323 -8.92245
8.95418 -9.49295 -9.52308
9.27737 -8.88745 -9.39546
8.80459 -9.07663 -9.78852
9.17767 -9.34049 -9.25029
8.54248 -8.57117 -9.38558
8.74977 -8.90567 -9.28847
8.69347 -8.75179 -8.83159
8.4001 -8.7205 -8.80065
8.83031 -8.97662 -8.95117
8.77047 -9.38066 -9.09146
9.09338 -9.05302 -8.90402
8.6113 -8.69299 -8.93694
9.19183 -8.8983 -9.02733
8.78944 -9.30859 -9.15566
8.75213 -9.60903 -8.78671
8.58984 -9.05172 -9.05212
8.82879 -8.70754 -9.58891
8.80067 -9.22028 -8.96363
8.49697 -9.12007 -9.12204
8.42061 -8.94932 -9.4421
8.44057 -8.98771 -9.07107
8.99253 -8.89677 -9.25896
8.86191 -8.80588 -9.23983
8.30088 -9.28133 -9.30544
8.60148 -9.09259 -9.06661
8.61199 -9.4098 -8.99694
8.36534 -9.12802 -9.00512
8.72676 -8.90088 -8.78064
8.66709 -8.67115 -8.80499
8.6082 -9.15342 -8.70749
9.07297 -8.8736 -8.67684
8.15272 -9.00328 -9.52278
8.52157 -8.97631 -8.97881
8.57837 -9.07114 -9.12232
8.77285 -8.80073 -9.18228
9.15805 -9.03051 -9.0983
8.91615 -9.31493 -9.53021
8.38755 -9.54465 -9.15454
9.11354 -9.44943 -9.35819
8.92617 -8.9723 -8.9845
8.52865 -9.06871 -9.03199
8.38489 -9.08529 -9.43751
9.22957 -9.31385 -8.91221
9.05553 -9.13958 -8.90623
9.00463 -9.25047 -8.99446
8.67185 -8.6325 -9.52414
8.66408 -8.66086 -9.42791
8.38332 -8.5522 -9.40747
8.65437 -9.10794 -8.6488
8.53466 -9.14986 -9.10483
9.10364 -9.06008 -9.12559
9.32552 -9.18253 -8.48116
9.00361 -9.26573 -9.0247
8.78512 -9.36847 -8.63814
9.10001 -9.59953 -9.38131
8.90266 -9.37995 -8.82986
8.99309 -9.15329 -8.85433
9.07821 -8.97676 -9.35987
8.39978 -9.06856 -9.44646
8.81393 -9.25121 -9.03721
8.85832 -8.81812 -9.65539
9.00386 -8.71546 -9.0752
8.66469 -9.47932 -8.80679
8.58496 -9.30641 -8.96869
8.13081 -9.35245 -8.62331
8.42602 -9.04663 -9.08502
8.46058 -8.93678 -9.14774
8.8701 -9.20246 -8.96009
8.70979 -8.84387 -9.37924
8.60084 -8.6168 -9.23584
8.44788 -9.14759 -9.23691
8.68874 -9.00063 -9.02979
8.7188 -8.96535 -9.16003
8.51644 -9.3851 -9.09636
9.05586 -9.41521 -8.53113
8.88638 -9.48737 -9.96195
8.34169 -9.24689 -8.85266
8.54465 -9.24502 -9.21037
8.83069 -9.52438 -9.01439
9.04163 -9.41758 -9.20381
8.93162 -8.61118 -9.88153
