1200 100
0.635 0.620395
0.782 0.771247
0.774 0.723648
0.876 0.825449
0.879 0.89125
0.954 0.892777
1.005 1.01799
1.029 1.06122
1.009 1.01994
1.048 1.04474
1.107 1.16071
1.148 1.1072
1.058 0.995632
1.107 1.09465
1.163 1.14157
1.15 1.17067
1.129 1.11748
1.158 1.11215
1.115 1.1209
1.134 1.1532
1.218 1.23972
1.209 1.28861
1.172 1.1796
1.213 1.09673
1.208 1.16991
1.247 1.23523
1.221 1.27143
1.178 1.16548
1.235 1.24502
1.283 1.27218
1.3 1.28929
1.333 1.35747
1.261 1.22611
1.257 1.2522
1.264 1.21152
1.284 1.2586
1.282 1.23571
1.313 1.25429
1.296 1.36175
1.314 1.17057
1.276 1.18301
1.307 1.31006
1.351 1.24905
1.333 1.27138
1.362 1.36232
1.395 1.27025
1.343 1.36472
1.369 1.34018
1.403 1.42201
1.374 1.38951
1.381 1.33718
1.367 1.26958
1.394 1.39015
1.439 1.46975
1.413 1.35378
1.378 1.29241
1.414 1.42803
1.437 1.53757
1.459 1.54186
1.436 1.47138
1.441 1.52204
1.445 1.45643
1.423 1.39346
1.402 1.40981
1.458 1.43968
1.363 1.30654
1.411 1.34743
1.397 1.49689
1.407 1.38674
1.423 1.40948
1.408 1.39893
1.42 1.41502
1.4 1.39139
1.415 1.4262
1.402 1.3077
1.454 1.64753
1.417 1.60472
1.461 1.58006
1.427 1.57825
1.46 1.51792
1.518 1.50718
1.466 1.53438
1.472 1.62484
1.435 1.45323
1.528 1.50672
1.49 1.51542
1.467 1.53044
1.515 1.51729
1.435 1.47725
1.412 1.4397
1.48 1.50511
1.484 1.56531
1.431 1.52076
1.434 1.41306
1.389 1.26695
1.419 1.34879
1.45 1.42092
1.468 1.39637
1.512 1.4453
1.472 1.44466
1.443 1.48824
1.455 1.55753
1.457 1.54369
1.492 1.57351
1.471 1.47664
1.486 1.46727
1.464 1.43214
1.474 1.51884
1.514 1.57138
1.476 1.48291
1.475 1.40278
1.534 1.56241
1.498 1.55355
1.541 1.53385
1.534 1.43628
1.544 1.51558
1.497 1.46746
1.499 1.49549
1.516 1.51726
1.585 1.61239
1.53 1.5006
1.525 1.56494
1.46 1.44384
1.487 1.45128
1.518 1.5212
1.526 1.5769
1.547 1.52131
1.535 1.44222
1.53 1.37648
1.535 1.50428
1.568 1.48686
1.532 1.51849
1.545 1.40938
1.584 1.4544
1.545 1.50548
1.564 1.52543
1.597 1.54013
1.575 1.60798
1.56 1.52593
1.53 1.53864
1.532 1.55053
1.526 1.36669
1.544 1.62169
1.651 1.70691
1.567 1.56107
1.617 1.61993
1.602 1.59319
1.597 1.57216
1.602 1.61321
1.67 1.75485
1.619 1.67151
1.646 1.57025
1.656 1.77744
1.654 1.66395
1.666 1.78623
1.621 1.61698
1.647 1.58798
1.631 1.68252
1.568 1.61499
1.581 1.69113
1.614 1.65866
1.632 1.60218
1.626 1.73986
1.619 1.65149
1.674 1.74147
1.634 1.58363
1.597 1.62221
1.62 1.57117
1.646 1.63632
1.652 1.69059
1.621 1.65301
1.672 1.72814
1.6 1.55956
1.622 1.75087
1.674 1.73546
1.637 1.65088
1.652 1.68858
1.614 1.62863
1.627 1.70357
1.587 1.64007
1.679 1.72769
1.626 1.83196
1.637 1.86309
1.653 1.83843
1.687 1.91895
1.677 1.67635
1.6 1.67968
1.658 1.72876
1.673 1.73781
1.644 1.80307
1.699 1.84024
1.655 1.71169
1.621 1.68905
1.669 1.73718
1.646 1.79248
1.692 1.78692
1.68 1.72332
1.718 1.67415
1.663 1.64107
1.696 1.60319
2.085 2.05983
2.1 2.18018
2.151 2.21041
2.155 2.35933
2.254 2.28977
2.167 2.05717
2.277 2.29457
2.26 2.11251
2.277 2.18646
2.256 2.07454
2.361 2.30298
2.326 2.35408
2.346 2.27656
2.352 2.28838
2.324 2.33536
2.29 2.19009
2.369 2.29914
2.333 2.30241
2.368 2.43101
2.298 2.07527
2.364 2.2918
2.402 2.35275
2.362 2.32929
2.391 2.47059
2.362 2.38734
2.394 2.38115
2.446 2.38947
2.355 2.38336
2.407 2.49585
2.445 2.45943
2.431 2.48172
2.479 2.69626
2.412 2.37063
2.463 2.65529
2.452 2.5062
2.445 2.54752
2.479 2.6382
2.492 2.55849
2.481 2.48412
2.471 2.49966
2.498 2.38438
2.508 2.44838
2.523 2.44792
2.499 2.7007
2.507 2.36231
2.523 2.35182
2.477 2.45593
2.618 2.66474
2.499 2.54454
2.494 2.74671
2.5 2.43644
2.503 2.37236
2.588 2.56282
2.537 2.41505
2.506 2.55051
2.508 2.83677
2.484 2.79254
2.525 2.76214
2.545 2.70468
2.469 2.41145
2.494 2.58655
2.463 2.39102
2.482 2.38006
2.483 2.56227
2.535 2.60338
2.569 2.71796
2.494 2.36433
2.503 2.58658
2.62 2.59019
2.589 2.58266
2.581 2.53197
2.548 2.65235
2.548 2.51021
2.535 2.69147
2.547 2.52432
2.59 2.77668
2.561 2.69698
2.558 2.53117
2.556 2.64351
2.604 2.85204
2.653 2.71931
2.644 2.732
2.653 2.53312
2.628 2.64826
2.591 2.58631
2.552 2.6039
2.633 2.55086
2.542 2.54878
2.574 2.50303
2.601 2.57638
2.551 2.73814
2.55 2.71421
2.576 2.88511
2.547 2.66646
2.638 2.8398
2.619 2.89473
2.647 2.7051
2.705 2.64462
2.595 2.77575
2.633 2.65296
2.614 2.6917
2.581 2.59604
2.638 2.77773
2.696 2.78237
2.652 2.64554
2.61 2.6025
2.576 2.58881
2.566 2.54619
2.606 2.5393
2.645 2.77775
2.629 2.7381
2.58 2.64424
2.641 2.65477
2.625 2.59897
2.652 2.86977
2.619 2.60244
2.678 2.71503
2.657 2.63198
2.61 2.55846
2.629 2.55992
2.572 2.48931
2.531 2.62767
2.611 2.69037
2.555 2.60158
2.603 2.58598
2.647 2.79318
2.664 2.61772
2.651 2.5978
2.59 2.59049
2.656 2.57624
2.684 2.51065
2.679 2.66462
2.681 2.50775
2.67 2.63173
2.636 2.60811
2.59 2.63854
2.572 2.53936
2.631 2.5574
2.59 2.66056
2.553 2.69589
2.538 2.40896
2.577 2.58466
2.527 2.57585
2.581 2.51395
2.574 2.42695
2.663 2.6661
2.61 2.78068
2.667 2.65677
2.625 2.86724
2.676 2.55358
2.622 2.71183
2.66 2.87928
2.607 2.57513
2.653 2.59118
2.692 2.79593
2.718 2.67916
2.66 2.86527
2.596 2.75754
2.633 2.70502
2.609 2.68681
2.571 2.72568
2.561 2.73301
2.565 2.66644
2.642 2.65849
2.697 2.64584
2.682 2.7196
2.676 2.58761
2.617 2.52484
2.647 2.8132
2.685 2.71849
2.654 2.58487
2.658 2.64368
2.672 2.67309
2.653 2.58317
2.644 2.65992
2.707 2.68984
2.688 2.77343
2.718 2.66514
2.692 2.6658
2.616 2.69524
2.663 2.72616
2.664 3.08219
2.702 2.78999
2.636 2.72823
2.657 2.81617
2.605 2.88586
2.685 2.64042
2.639 2.63932
2.703 2.94774
2.67 2.64775
2.652 2.77968
2.621 2.68805
2.712 2.79385
2.698 2.79159
2.72 2.96657
2.775 2.87125
2.756 2.98945
2.748 2.8033
2.812 2.62328
2.789 2.83932
2.763 2.78762
2.736 2.74905
2.671 2.78354
2.739 2.77165
2.71 2.87077
2.753 2.93893
2.757 2.9469
2.771 2.70326
2.774 2.72365
2.735 2.71749
2.753 2.85284
2.745 2.95693
2.723 2.731
2.692 2.68983
2.707 2.69384
2.747 2.85384
2.716 2.79414
2.713 2.79142
2.76 2.85726
2.668 2.74652
2.723 2.67695
2.779 2.81297
2.705 2.69067
2.778 2.74947
2.708 2.73747
2.719 2.65469
2.753 2.88287
2.739 2.68957
2.686 2.68609
2.707 2.60776
2.677 2.51118
2.672 2.66508
2.739 2.86574
2.777 2.81609
2.727 2.90738
2.713 2.64728
2.677 2.81148
2.656 2.65832
2.77 2.73584
2.713 2.73737
2.758 2.87431
2.719 2.77081
2.751 2.7978
2.736 2.71902
2.752 2.86536
2.762 2.64
2.742 2.74018
2.748 2.97747
2.766 2.94619
2.797 3.07487
2.786 2.97318
2.8 3.02102
2.796 2.92131
2.771 2.95151
2.852 3.02312
2.787 2.84648
2.749 2.87087
2.703 2.86365
2.747 2.82181
2.823 2.86454
2.775 2.89727
2.797 2.95475
2.768 2.61679
2.777 2.81008
2.817 2.87038
2.704 2.75514
2.684 2.84699
2.731 2.84749
2.724 2.85268
2.774 2.84177
2.819 2.79704
2.802 2.8016
2.835 2.91869
2.742 2.74618
2.776 2.6745
2.782 2.69517
2.755 2.81179
2.818 2.97585
2.839 3.03211
2.792 2.78352
2.701 2.70831
2.794 2.97053
2.74 3.07147
2.78 2.81441
2.792 2.77751
2.81 2.91081
2.779 2.81097
2.767 2.8936
2.725 2.80418
2.789 2.93541
2.793 2.71086
2.795 2.88586
2.716 2.66801
2.828 2.82925
2.803 2.90309
2.788 2.69575
2.771 2.81938
2.79 2.96086
2.81 2.82472
2.811 2.90018
2.792 3.08983
2.851 3.08989
2.833 2.89601
2.815 2.89367
2.761 2.90679
2.78 2.94054
2.816 2.89904
2.81 2.81271
2.85 2.9965
2.856 2.84811
2.807 2.83058
2.785 2.60738
2.842 2.77781
2.817 2.72624
2.777 2.89617
2.786 2.96117
2.728 2.6867
2.834 2.9514
2.776 2.78261
2.815 2.96174
2.803 2.79298
2.809 2.81734
2.805 2.79577
2.764 2.8972
2.803 2.96916
2.781 2.6657
2.808 2.62576
2.805 2.73971
2.754 2.65013
2.743 2.81176
2.718 2.69918
2.831 2.78723
2.749 2.86887
2.729 2.6422
2.736 2.74905
2.752 2.7012
2.775 2.63901
2.724 2.60243
2.804 2.79238
2.827 2.74982
2.762 2.51787
2.798 2.64584
2.776 2.59442
2.74 2.68308
2.749 2.67868
2.793 2.76291
2.741 2.67459
2.75 2.55205
2.773 2.64211
2.781 2.79183
2.824 2.80583
2.756 2.68315
2.77 2.64775
2.76 2.57898
2.791 2.67199
2.826 2.76649
2.718 2.70518
2.734 2.78603
2.736 2.63494
2.837 2.86129
2.762 2.71407
2.792 2.94568
2.805 2.9219
2.805 2.91589
2.783 2.8888
2.779 2.88905
2.778 2.80953
2.816 2.6568
2.806 2.77514
2.763 2.81965
2.764 2.64495
2.807 2.73649
2.764 2.72103
2.672 2.44686
2.684 2.58473
2.724 2.66048
2.703 2.6094
2.696 2.8124
2.712 2.77383
2.722 2.7795
2.813 2.84287
2.685 2.68846
2.712 2.72778
2.719 2.62466
2.753 2.64263
2.712 2.50756
2.743 2.65561
2.667 2.61272
2.684 2.69083
2.783 2.75266
2.647 2.48888
2.732 2.9251
2.798 2.84004
2.715 2.61239
2.823 2.79246
2.774 2.78971
2.782 2.83731
2.758 2.81025
2.785 3.01979
2.772 2.82684
2.718 2.73121
2.703 2.75354
2.67 2.66176
2.733 2.48019
2.767 2.82754
2.732 2.825
2.665 2.61539
2.677 2.75342
2.651 2.84404
2.714 2.84705
2.756 2.95742
2.739 3.02791
2.714 2.79099
2.692 2.74188
2.749 2.88889
2.709 2.86719
2.683 2.86337
2.705 2.94292
2.799 2.90951
2.81 2.85275
2.683 2.75126
2.798 3.12232
2.788 2.90196
2.753 2.68668
2.728 2.85087
2.764 3.07138
2.759 2.77569
2.725 2.85023
2.769 2.7564
2.803 2.84103
2.78 2.80641
2.796 2.85124
2.831 3.0635
2.842 2.70774
2.811 2.85814
2.836 2.86397
2.798 2.98218
2.753 2.96496
2.784 2.81216
2.832 2.88866
2.788 3.0441
2.784 2.78813
2.794 2.86843
2.762 2.96832
2.785 2.86364
2.74 2.8953
2.757 2.9509
2.791 2.91223
2.811 3.15243
2.773 2.7242
2.855 2.90088
2.821 2.99996
2.904 3.06585
2.813 3.02105
2.821 2.92588
2.89 3.03093
2.81 2.9969
2.73 2.82993
2.824 2.976
2.772 2.85887
2.699 2.86126
2.794 2.66623
2.762 2.75811
2.766 2.74799
2.79 2.73664
2.807 2.8446
2.788 2.82188
2.794 2.69025
2.802 2.7035
2.798 2.806
2.763 2.77961
2.807 2.67843
2.738 2.52588
2.803 2.73092
2.736 2.56687
2.755 2.70368
2.793 2.74089
2.794 2.77234
2.787 2.92856
2.81 2.81872
2.818 2.97385
2.744 2.81328
2.727 2.76323
2.743 2.61356
2.725 2.76214
2.746 2.76625
2.729 2.78635
2.799 2.67327
2.845 2.91189
2.754 2.77426
2.786 2.86307
2.736 2.84515
2.7 2.71271
2.691 2.66218
2.71 2.68458
2.709 2.88921
2.748 2.63313
2.833 2.93605
2.757 2.90886
2.708 2.70344
2.751 2.74775
2.76 2.71912
2.702 2.73793
2.762 2.5439
2.771 2.66122
2.772 3.01904
2.777 2.85012
2.801 2.77417
2.743 2.79575
2.739 2.73561
2.754 2.80829
2.721 2.49966
2.78 2.74835
2.796 2.59298
2.724 2.64847
2.738 2.7481
2.726 2.72765
2.713 2.85148
2.757 2.97893
2.719 2.71475
2.688 2.71137
2.763 2.84167
2.819 2.96721
2.736 2.75306
2.772 2.85087
2.758 2.56
2.75 2.67818
2.762 2.65001
2.792 2.52726
2.739 2.64352
2.739 2.6175
2.724 2.5724
2.717 2.56548
2.744 2.533
2.668 2.63241
2.722 2.60933
2.715 2.64042
2.789 2.70118
2.77 2.77387
2.79 2.83273
2.803 2.7049
2.708 2.68943
2.748 2.73323
2.762 2.73609
2.753 2.79479
2.795 2.70368
2.782 2.77725
2.792 2.79954
2.765 2.80258
2.794 2.74231
2.708 2.70945
2.779 2.74891
2.796 2.9193
2.7 2.54254
2.704 2.615
2.719 2.82086
2.656 2.75642
2.727 3.01749
2.668 2.54832
2.664 2.62373
2.724 2.83866
2.749 2.75676
2.743 2.7477
2.745 2.81679
2.706 2.70627
2.76 2.77918
2.802 2.94574
2.779 2.69285
2.761 2.60649
2.757 2.71467
2.821 2.7457
2.809 2.7773
2.779 2.77493
2.741 2.89481
2.729 2.77433
2.764 2.86917
2.785 2.87965
2.693 2.91166
2.737 2.7706
2.816 2.72086
2.751 2.72172
2.742 2.6601
2.73 2.70781
2.713 2.63727
2.739 2.77565
2.772 2.94496
2.759 2.89381
2.822 2.70302
2.788 2.80786
2.798 2.76196
2.798 2.77797
2.77 2.87397
2.748 2.69519
2.771 2.73529
2.838 2.98474
2.786 2.56277
2.822 2.84516
2.823 2.58025
2.783 2.72864
2.809 2.9775
2.805 2.85983
2.739 2.84372
2.807 2.73649
2.784 2.82617
2.837 2.81725
2.845 2.99197
2.838 2.93869
2.825 2.81919
2.818 2.8237
2.804 2.83041
2.837 2.75519
2.77 2.56767
2.754 2.58207
2.769 2.86651
2.725 2.56794
2.768 2.69687
2.814 2.70611
2.784 2.68002
2.805 2.96994
2.753 2.90289
2.815 2.70348
2.81 2.89079
2.787 2.80243
2.815 2.85163
2.847 2.92652
2.737 2.78261
2.765 2.7225
2.847 2.92652
2.793 2.87302
2.814 2.91031
2.832 2.91269
2.809 2.86538
2.819 2.73497
2.829 2.8446
2.791 2.70603
2.76 2.55495
2.75 2.79029
2.774 2.81974
2.756 2.92539
2.752 2.87537
2.788 2.79785
2.767 2.67539
2.75 2.83834
2.75 2.75225
2.769 2.72036
2.783 3.01693
2.741 2.85477
2.73 2.66376
2.754 2.88637
2.725 2.71209
2.721 2.89205
2.768 2.78896
2.723 2.74502
2.803 2.94113
2.818 2.76564
2.764 2.80711
2.808 2.93207
2.775 2.85723
2.762 2.97633
2.781 2.69173
2.753 2.93893
2.856 2.98024
2.812 3.07373
2.81 2.99489
2.822 2.76909
2.832 2.80858
2.821 2.8438
2.843 2.99735
2.853 2.95234
2.795 2.80178
2.746 2.69818
2.809 2.93746
2.835 2.85463
2.787 2.9706
2.787 2.94057
2.841 3.10482
2.811 2.88817
2.769 2.92857
2.785 2.89967
2.803 2.97517
2.809 2.98951
2.83 3.03614
2.745 2.8248
2.727 2.77324
2.816 3.04119
2.79 2.91081
2.822 2.92524
2.873 2.93581
2.81 2.9008
2.822 2.95527
2.765 2.81059
2.79 2.82072
2.811 2.88817
2.754 2.82831
2.733 2.92063
2.775 2.95733
2.74 2.88929
2.79 2.83473
2.758 2.73417
2.781 2.82586
2.799 2.93954
2.79 2.9028
2.797 2.98678
2.8 3.0991
2.805 2.77175
2.827 2.76984
2.83 2.77788
2.841 2.86458
2.863 2.70694
2.859 2.93606
2.839 3.00208
2.831 3.00544
2.809 2.81333
2.789 2.83131
2.865 2.79957
2.855 2.85483
2.862 2.9479
2.824 3.16619
2.748 2.96546
2.835 2.74252
2.849 2.98719
2.869 2.81666
2.809 2.69922
2.848 3.03793
2.838 2.87063
2.814 2.94435
2.797 2.98878
2.858 2.82066
2.802 2.88368
2.851 3.08188
2.904 3.10589
2.88 3.1988
2.839 2.84592
2.862 3.00596
2.869 2.99884
2.851 2.75756
2.793 2.62277
2.835 2.9267
2.857 2.88944
2.862 2.69966
2.875 2.624
2.781 2.75179
2.819 2.74298
2.862 2.76572
2.86 2.65706
2.814 2.77017
2.85 2.7002
2.843 2.66301
2.829 2.84661
2.768 2.79497
2.787 2.62426
2.809 2.79732
2.796 2.82121
2.821 2.89986
2.731 2.5632
2.846 2.63292
2.857 2.82137
2.779 2.74691
2.839 2.7178
2.829 2.6444
2.82 2.81642
2.838 2.83059
2.815 2.7275
2.832 2.58036
2.853 2.76816
2.809 2.89341
2.794 2.70227
2.831 2.81325
2.829 2.80456
2.803 2.807
2.801 2.79419
2.829 2.69245
2.805 2.75373
2.775 2.65103
2.784 2.77212
2.891 2.76588
2.85 2.73223
2.885 2.83261
2.784 2.69204
2.867 3.01232
2.856 2.76403
2.831 2.71515
2.791 2.82214
2.834 2.80125
2.837 2.82325
2.781 2.91996
2.819 3.04729
2.813 3.16319
2.832 2.90468
2.84 2.87928
2.839 2.93602
2.812 3.08174
2.874 3.0732
2.889 3.21389
2.894 3.05582
2.793 2.76291
2.785 2.60938
2.822 2.82714
2.84 2.81922
2.834 2.80325
2.818 2.7236
2.748 2.82332
2.804 2.77436
2.76 2.7031
2.84 2.86927
2.729 2.77834
2.771 2.72528
2.754 2.74823
2.791 2.76609
2.771 2.95551
2.823 2.74842
2.77 2.75185
2.772 2.76478
2.833 2.89
2.832 3.10488
2.821 2.75171
2.85 2.82432
2.827 2.76984
2.787 2.81645
2.852 2.901
2.771 2.76532
2.801 2.81622
2.756 2.64511
2.741 2.73465
2.682 2.63151
2.741 2.76869
2.693 2.72147
2.795 2.73371
2.778 2.73345
2.697 2.54173
2.774 2.91984
2.809 3.06358
2.781 2.67772
2.763 2.77561
2.811 2.84212
2.785 2.94372
2.674 2.72044
2.75 2.76026
2.751 2.74975
2.693 2.70546
2.709 2.73105
2.773 2.9264
2.741 2.71063
2.766 2.88012
2.713 2.70734
2.705 2.7267
2.74 2.67708
2.729 2.79435
2.718 2.69117
2.761 2.9208
2.825 2.77315
2.759 2.94987
2.74 2.86126
2.741 2.63656
2.767 2.73144
2.738 2.77213
2.778 2.62734
2.782 2.77525
2.746 2.77626
2.848 3.02792
2.819 2.93718
2.814 2.89029
2.808 2.77191
2.826 2.82255
2.777 2.94021
2.755 2.77775
2.741 2.83075
2.798 2.62382
2.792 2.70945
2.815 2.60738
2.791 2.69001
2.741 2.86679
2.749 2.72673
2.802 2.74554
2.757 2.9449
2.791 3.05638
2.806 2.82719
2.781 2.73978
2.798 2.66786
2.833 2.94806
2.78 2.87047
2.736 2.70501
2.814 2.92233
2.826 2.7805
2.793 2.85701
2.798 2.79399
2.742 2.78022
2.79 2.67057
2.763 2.9678
2.762 2.78814
2.818 2.67755
2.803 2.72692
2.849 2.78098
2.783 2.75066
2.817 2.70622
2.871 2.96132
2.841 2.91664
2.782 2.58506
2.85 2.9004
2.882 2.83891
2.814 2.8983
2.777 2.72199
2.811 2.75203
2.86 2.83724
2.826 2.62435
2.855 2.73071
2.855 2.88686
2.83 2.99209
2.844 2.91458
2.855 2.88886
2.78 2.94254
2.819 2.759
2.895 2.79877
2.913 2.98241
2.915 2.95473
2.885 2.86064
2.868 2.78937
2.838 2.90266
2.858 2.8687
2.848 2.79769
2.824 2.90793
2.803 2.85705
2.809 2.74126
2.8 2.72272
2.758 2.72016
2.77 2.86797
2.78 2.8024
2.848 2.82772
2.816 2.94909
2.847 2.78838
2.808 2.9661
2.789 3.06755
2.784 3.08843
2.827 2.90798
2.765 2.87265
2.845 2.87585
2.836 3.01612
2.881 2.88773
2.843 2.89124
2.904 2.94573
2.821 2.86783
2.868 2.87745
2.869 3.02687
2.899 2.94775
2.805 2.87185
2.845 2.84582
2.789 3.04152
2.748 2.8053
2.727 2.77324
2.791 2.84817
2.812 3.20386
2.849 2.87107
2.845 2.9239
2.851 3.00781
2.805 2.89387
2.883 3.07639
2.889 2.84953
2.883 3.10442
2.893 3.16071
2.886 3.02403
2.87 3.0982
2.915 2.96474
2.851 3.21802
2.833 3.04616
2.884 2.93548
2.827 3.06213
2.876 2.96159
2.903 3.13673
2.893 3.22077
2.843 2.8532
2.919 2.99343
2.894 2.87164
2.92 3.12472
2.933 2.88139
2.927 3.10878
2.889 2.94963
2.852 2.73883
2.873 2.8297
2.948 3.05435
2.88 2.87648
2.879 2.97333
2.863 2.90113
2.857 2.98153
2.915 2.93871
2.821 2.91788
2.905 2.83081
2.936 2.92683
2.878 2.83996
2.855 2.90488
2.859 2.7839
2.878 2.83795
2.872 2.86048
2.885 2.79257
2.885 2.80858
2.864 2.77428
2.827 2.73981
2.877 2.85473
2.909 2.8856
2.828 2.84126
2.861 2.98066
