400 100
0.658 0.68372
0.733 0.738449
0.771 0.783342
0.837 0.843274
0.833 0.857969
0.923 0.887959
0.926 0.943467
0.955 0.997973
1.029 1.06122
0.979 0.967527
0.993 1.01997
0.994 0.968933
1.023 1.08155
1.002 1.01301
1.053 1.06726
1.055 1.14512
1.147 1.18458
1.12 1.09469
1.093 1.11346
1.152 1.18408
1.215 1.28806
1.173 1.20227
1.153 1.12672
1.177 1.07274
1.172 1.26568
1.212 1.23629
1.192 1.23037
1.172 1.06748
1.246 1.25474
1.194 1.19356
1.187 1.28932
1.223 1.18646
1.299 1.27087
1.314 1.31272
1.312 1.32598
1.328 1.36979
1.316 1.30345
1.282 1.27976
1.311 1.33161
1.343 1.28864
1.353 1.47386
1.339 1.31539
1.309 1.36088
1.294 1.29486
1.341 1.35407
1.377 1.37825
1.363 1.35258
1.367 1.3877
1.364 1.34485
1.384 1.27582
1.321 1.32328
1.356 1.30857
1.351 1.29109
1.358 1.33117
1.373 1.3292
1.392 1.37571
1.388 1.38084
1.41 1.34925
1.424 1.43166
1.404 1.3121
1.373 1.38926
1.436 1.42133
1.44 1.38579
1.453 1.46526
1.4 1.42543
1.4 1.34735
1.421 1.4372
1.461 1.46194
1.461 1.51399
1.426 1.44597
1.45 1.497
1.463 1.49012
1.489 1.53942
1.443 1.47222
1.43 1.46456
1.412 1.43369
1.499 1.55756
1.528 1.4867
1.513 1.51935
1.539 1.47996
1.527 1.50678
1.582 1.56884
1.578 1.55747
1.593 1.61096
1.588 1.49175
1.571 1.52448
1.592 1.5611
1.591 1.55928
1.594 1.67884
1.569 1.62086
1.557 1.5463
1.614 1.67668
1.586 1.64225
1.568 1.45883
1.607 1.61016
1.489 1.38927
1.523 1.51699
1.58 1.60721
1.579 1.58735
1.633 1.56988
1.564 1.4994
1.625 1.54592
1.608 1.68002
1.577 1.58566
1.601 1.66947
1.616 1.54809
1.602 1.5071
1.587 1.57401
1.573 1.45413
1.597 1.51411
1.56 1.38378
1.551 1.43083
1.528 1.4867
1.507 1.48143
1.525 1.54692
1.544 1.47954
1.58 1.52513
1.546 1.38727
1.536 1.52223
1.615 1.59837
1.561 1.49778
1.551 1.52893
1.552 1.5068
1.516 1.59334
1.535 1.47225
1.611 1.50318
1.601 1.68148
1.604 1.75093
1.581 1.63507
1.556 1.54241
1.569 1.5568
1.521 1.42498
1.556 1.57244
1.578 1.53946
1.577 1.6317
1.563 1.53156
1.605 1.7207
1.577 1.60167
1.58 1.56517
1.529 1.58074
1.586 1.68829
1.643 1.52107
1.626 1.58571
1.62 1.62923
1.654 1.59788
1.601 1.59139
1.602 1.56316
1.621 1.73109
1.637 1.69693
1.656 1.62929
1.672 1.70012
1.683 1.65817
1.651 1.73093
1.642 1.63948
1.633 1.72604
1.633 1.50181
1.621 1.641
1.702 1.62482
1.699 1.68008
1.667 1.75386
1.65 1.78929
1.669 1.72917
1.627 1.62149
1.678 1.75607
1.697 1.72692
1.68 1.75736
1.659 1.73245
1.663 1.72115
1.658 1.72876
1.666 1.80425
1.666 1.76821
1.712 1.69475
1.72 1.66927
1.705 1.63761
1.647 1.67407
1.698 1.52232
1.686 1.66107
1.656 1.75142
1.683 1.85637
1.663 1.59703
1.729 1.77533
1.69 1.74364
1.671 1.65241
1.647 1.56395
1.696 1.69328
1.673 1.80187
1.699 1.8022
1.666 1.69013
1.653 1.71631
1.662 1.81958
1.648 1.69779
1.72 1.74535
1.71 1.62152
1.704 1.73812
1.698 1.68848
1.693 1.83258
1.631 1.60444
1.706 1.49906
1.673 1.69376
1.717 1.69861
2.139 2.13982
2.211 2.2247
2.181 2.1644
2.291 2.40072
2.28 2.27187
2.298 2.39159
2.326 2.29202
2.292 2.25499
2.263 2.15999
2.298 2.27747
2.326 2.32205
2.272 2.31033
2.296 2.22461
2.337 2.27971
2.388 2.39986
2.358 2.42826
2.437 2.53256
2.395 2.53751
2.402 2.59299
2.423 2.45853
2.457 2.43859
2.485 2.6284
2.462 2.45501
2.407 2.31767
2.432 2.31169
2.458 2.44868
2.444 2.4353
2.396 2.37156
2.39 2.44434
2.462 2.443
2.463 2.40904
2.501 2.56256
2.43 2.51361
2.447 2.62782
2.46 2.35075
2.482 2.49817
2.503 2.46646
2.468 2.43141
2.467 2.45937
2.433 2.50001
2.506 2.62259
2.482 2.58826
2.505 2.64262
2.475 2.51789
2.581 2.68412
2.527 2.54782
2.576 2.61684
2.539 2.51099
2.573 2.57925
2.588 2.83109
2.568 2.76614
2.568 2.47185
2.491 2.49842
2.578 2.63255
2.593 2.77613
2.548 2.51221
2.466 2.41926
2.518 2.37805
2.532 2.41139
2.532 2.35333
2.612 2.48394
2.585 2.61539
2.57 2.47558
2.605 2.70368
2.61 2.54645
2.571 2.47744
2.56 2.41682
2.668 2.9227
2.574 2.78931
2.652 2.68959
2.563 2.60063
2.587 2.4689
2.642 2.78662
2.663 2.70414
2.659 2.93966
2.589 2.64673
2.629 2.75612
2.658 2.74578
2.668 2.80058
2.637 2.75198
2.732 2.825
2.705 2.83681
2.68 2.71231
2.595 2.70968
2.61 2.62252
2.636 2.46597
2.598 2.63703
2.613 2.57981
2.583 2.53364
2.628 2.61023
2.644 2.61988
2.651 2.65585
2.684 2.57872
2.687 2.78782
2.649 2.63844
2.678 2.69902
2.656 2.66833
2.604 2.814
2.633 2.81312
2.676 2.96199
2.646 2.84553
2.621 2.73209
2.648 2.94104
2.706 2.64821
2.643 2.76031
2.688 3.0397
2.626 2.69081
2.692 2.84598
2.648 2.65275
2.61 2.5965
2.66 2.56897
2.666 2.66511
2.681 2.68392
2.655 2.66064
2.613 2.81004
2.645 2.9259
2.691 2.73826
2.685 2.71049
2.657 2.77613
2.681 2.98022
2.658 2.93597
2.696 2.80038
2.708 2.94568
2.753 2.81481
2.676 2.93396
2.7 2.76677
2.643 2.76432
2.723 2.78706
2.714 2.80701
2.722 2.90562
2.653 2.85545
2.689 2.98727
2.738 2.8462
2.666 2.70115
2.633 2.73304
2.633 2.84916
2.688 2.79145
2.63 2.65375
2.677 2.68335
2.627 2.70658
2.705 2.70068
2.68 2.70631
2.698 2.87167
2.719 2.94498
2.711 2.81429
2.731 2.89553
2.74 2.85526
2.758 2.81025
2.746 2.88837
2.714 2.84505
2.751 2.66566
2.8 2.91291
2.77 2.7979
2.738 2.89825
2.711 3.00448
2.732 2.78096
2.745 2.89087
2.779 2.84701
2.752 2.78328
2.764 2.98129
2.757 2.7527
2.729 2.5401
2.735 2.87765
2.753 2.89088
2.816 2.90305
2.79 3.06897
2.788 3.18424
2.818 2.85373
2.816 2.88503
2.798 2.84204
2.758 2.68812
2.738 2.90026
2.683 2.82734
2.77 3.00811
2.749 2.95495
2.77 2.80791
2.714 2.84105
2.803 2.80099
2.702 2.86006
2.691 2.76028
2.634 2.53458
2.751 2.77577
2.674 2.5743
2.704 2.74513
2.67 2.65976
2.677 2.68135
2.655 2.69467
2.706 2.8364
2.69 2.73063
2.732 2.69487
2.687 2.66169
2.752 2.70921
2.76 2.7011
2.724 2.78861
2.764 2.83714
2.798 2.9061
2.791 2.75608
2.763 2.74157
2.752 2.79729
2.823 3.00868
