101 100
-0.122 0.055 0.04 0.63 -0.45 -0.21 0.36 0.01 -0.35 0.11 -0.24 0.65 
2.17695 -9.75912 -8.09569 -11.0928 -9.46874 -10.2786 -10.0563 -9.75004 -8.70058 -10.598 -9.63077 -10.0784 
3.57742 -9.63038 -9.6789 -9.36982 -8.02051 -11.6876 -8.31016 -11.0995 -8.46078 -9.96226 -9.68862 -9.98086 
3.68969 -9.10351 -11.0531 -8.27521 -8.93578 -10.978 -7.79459 -9.5335 -8.39645 -7.46377 -9.38249 -9.5 
4.488 -9.8011 -10.4128 -9.75 -8.32487 -9.3617 -10.3718 -10.1809 -8.01065 -9.47598 -10.6688 -11.0972 
4.31576 -10.15 -11.2578 -10.3122 -10.2462 -9.34286 -10.8245 -11.4842 -9.85093 -8.91071 -10.6571 -8.86307 
5.60015 -9.70216 -9.62814 -9.34732 -10.1787 -11.098 -10.8784 -9.41087 -8.72618 -10.8133 -9.34662 -7.92357 
5.60302 -9.50501 -8.90428 -9.02988 -11.4965 -9.85617 -9.1661 -9.58363 -10.1583 -8.59361 -9.81267 -8.54769 
7.24823 -10.3668 -9.0481 -9.86792 -10.8374 -10.1664 -10.8658 -10.9075 -10.8619 -9.46528 -11.947 -9.83031 
8.02748 -9.91063 -8.87994 -10.1008 -9.72947 -11.4667 -9.83944 -9.93219 -10.8139 -10.0728 -9.98209 -8.37712 
7.53861 -10.0962 -9.4166 -9.97115 -12.1826 -10.472 -9.80226 -9.24284 -9.90063 -11.1802 -9.36887 -9.82669 
7.23248 -10.293 -9.27263 -10.1449 -11.8398 -8.72174 -10.0126 -10.4667 -11.6743 -11.1489 -10.0892 -9.68984 
7.02294 -10.2952 -8.08241 -9.56254 -11.446 -9.9902 -9.85751 -10.4377 -11.7941 -10.6437 -10.4852 -10.5622 
7.24263 -10.1126 -7.61697 -8.17822 -10.1279 -11.1 -10.4858 -9.74333 -11.1847 -9.74823 -12.0754 -10.9964 
6.66115 -9.88542 -8.666 -8.33333 -9.81373 -10.2111 -10.807 -10.3578 -11.0815 -8.85802 -10.5372 -10.0552 
6.80625 -9.63297 -10.4544 -8.512 -7.95917 -11.5743 -10.8712 -10.0766 -9.85612 -9 -10.1515 -8.22691 
7.53726 -9.15456 -10.0915 -8.51219 -8.71038 -10.6922 -8.15691 -9.58779 -10.6067 -8.57895 -8.21239 -8.47097 
8.66115 -9.57504 -11.0134 -8.74186 -9.58454 -10.6343 -8.68356 -9.14779 -10.365 -10.6982 -7.97004 -8.85042 
7.75101 -9.55092 -9.5803 -9.20561 -9.56021 -10.3632 -10.4533 -10.6473 -9.25845 -11.3051 -7.94643 -7.65686 
7.48168 -9.43522 -9.88765 -8.11564 -9.43558 -10.9647 -9.10182 -9.53443 -11.0387 -10.6506 -7.56833 -8.10548 
7.25773 -9.61782 -9.6441 -8.21308 -10.1961 -10.5646 -9.19691 -10.1982 -11.5187 -9.41971 -9.46018 -7.48699 
6.70568 -9.78021 -9.44785 -9.60315 -11.3855 -10.8892 -9.36634 -8.38931 -11.8774 -10.1203 -9.00055 -7.52182 
6.97781 -9.84314 -8.27773 -9.71077 -9.01567 -10.7624 -9.38765 -9.52821 -11.5158 -11.4151 -10.9553 -7.71566 
7.1046 -9.83259 -10.3134 -8.19985 -10.1677 -7.6754 -9.90982 -9.39753 -11.8071 -11.2131 -11.1873 -8.16537 
7.12194 -9.81943 -10.9277 -8.34273 -8.90816 -10.39 -9.47455 -8.87908 -11.1878 -10.377 -11.5154 -7.95307 
7.31251 -9.91731 -11.9132 -7.38072 -9.89135 -9.66795 -10.6013 -10.279 -10.7135 -9.61009 -10.8273 -8.52171 
7.65293 -9.63895 -9.96665 -8.06033 -10.8553 -9.85508 -10.995 -11.1923 -9.76273 -7.63052 -9.75478 -8.04956 
6.33723 -9.59347 -10.454 -7.81043 -11.8701 -9.35961 -9.54516 -11.2053 -10.5495 -7.70878 -9.61595 -8.50736 
6.65542 -9.15408 -10.5186 -7.57687 -11.5255 -9.10805 -9.75692 -8.73584 -9.33019 -8.19233 -8.31615 -8.22378 
6.212 -9.56156 -11.3784 -7.79653 -10.7353 -8.44314 -11.7924 -9.81119 -10.4099 -9.4499 -8.27777 -8.1022 
7.49501 -9.74312 -10.6904 -8.30734 -10.4325 -8.49361 -10.639 -11.1015 -10.5073 -7.947 -10.6049 -8.51689 
7.6275 -9.38102 -9.96864 -8.3754 -9.81272 -8.63143 -9.97965 -9.32494 -8.5059 -10.2673 -10.3262 -8.44233 
7.29071 -9.22968 -9.18876 -9.47295 -9.60812 -9.77185 -10.2833 -8.95551 -8.46978 -9.7437 -8.96498 -7.86514 
7.51237 -9.21531 -10.6706 -7.54677 -9.05985 -9.05026 -9.81149 -11.5031 -7.34402 -11.1357 -6.713 -9.50461 
8.0744 -9.12959 -10.6218 -8.28072 -7.67593 -9.20922 -8.69445 -10.9138 -7.22689 -10.8067 -9.35706 -7.80665 
6.80945 -9.00348 -10.8358 -9.01302 -7.14412 -9.28498 -8.31468 -10.4048 -7.51856 -10.4135 -9.44892 -8.30514 
6.56629 -8.87222 -10.0263 -9.43933 -9.3 -7.95926 -8.76761 -9.8625 -7.98515 -9.77402 -8.34946 -7.15295 
6.24963 -9.32769 -10.4481 -8.50031 -8.1302 -9.90971 -8.28115 -10.2995 -8.18068 -10.3605 -10.3966 -9.06351 
5.97194 -9.30919 -10.0163 -8.7308 -8.93218 -10.6993 -8.39998 -10.5238 -8.67251 -9.62085 -9.0655 -8.52519 
5.81645 -9.45773 -8.86276 -9.1346 -10.2312 -9.67321 -8.53655 -10.5899 -8.33714 -8.99863 -10.5822 -9.40002 
6.99283 -9.17125 -7.80871 -7.52218 -9.94805 -10.1259 -8.57444 -10.9266 -8.49169 -9.3746 -9.83599 -9.10122 
6.8214 -9.27125 -8.23516 -8.50167 -10.6285 -10.0474 -8.41432 -8.76019 -8.99944 -10.314 -9.52672 -9.53714 
6.41511 -9.34305 -9.60383 -7.38808 -10.4764 -10.3594 -7.11696 -11.3134 -8.8816 -8.9526 -9.60843 -10.0017 
6.7233 -9.7051 -8.40222 -9.33095 -10.96 -9.62201 -8.31049 -10.6862 -9.84953 -10.0207 -10.622 -9.35664 
6.30792 -9.6658 -7.91234 -9.28948 -11.0638 -10.5518 -8.54541 -9.0341 -9.99039 -10.1494 -10.5297 -9.53135 
4.97214 -9.73344 -9.93211 -8.90817 -10.0144 -10.3061 -10.8818 -8.83004 -9.30839 -10.3195 -9.86408 -8.72544 
4.14444 -9.84384 -9.47401 -9.7414 -11.9009 -10.1319 -10.0621 -9.30881 -9.43528 -10.7423 -9.90281 -8.08757 
3.99235 -10.0222 -13.1423 -10.1391 -11.0293 -8.63993 -10.0507 -9.49846 -9.49657 -9.86685 -10.7012 -7.78605 
5.07605 -9.66833 -12.6078 -9.20847 -9.70837 -8.15117 -10.4212 -8.6717 -9.61117 -9.77854 -10.845 -7.68339 
5.2838 -9.94419 -10.3214 -9.22786 -9.97927 -11.2504 -9.69687 -10.7969 -9.3548 -10.573 -10.4482 -7.8515 
5.12782 -9.91261 -10.2484 -7.67927 -10.0665 -9.53667 -10.7945 -10.327 -10.6918 -10.9654 -10.9667 -8.07496 
6.8975 -9.66332 -8.96458 -8.3476 -9.91607 -10.0842 -10.4692 -8.11293 -10.9407 -11.1036 -10.3845 -7.92157 
7.52385 -9.63852 -8.97671 -7.66803 -9.64583 -11.3475 -11.0214 -8.89429 -9.30215 -10.4533 -11.3156 -7.77486 
7.58112 -9.34476 -9.03261 -7.71998 -8.37855 -10.5998 -9.54143 -8.64917 -10.184 -11.0376 -10.5769 -7.81637 
6.27538 -9.7605 -10.68 -8.23119 -9.64289 -11.2021 -8.8902 -8.64684 -11.0521 -10.7853 -10.5739 -7.73597 
5.71001 -9.47158 -9.80252 -8.81308 -10.3146 -10.3835 -8.47751 -8.49262 -11.1766 -10.9142 -8.76089 -7.81587 
6.2928 -9.38161 -9.94835 -7.24537 -10.9147 -9.37588 -8.04859 -9.86458 -10.7897 -10.7933 -8.39677 -8.21189 
6.98522 -9.28315 -9.97547 -7.3824 -10.8782 -7.80141 -8.04161 -9.96803 -11.4663 -11.009 -8.50979 -7.94563 
8.31171 -9.25314 -9.74485 -7.66196 -10.7081 -9.87721 -8.30397 -8.39771 -9.83128 -10.0291 -9.89482 -8.00841 
7.7992 -9.3845 -10.6761 -8.34869 -9.92632 -10.7574 -7.52602 -10.034 -8.95337 -9.64251 -9.77327 -7.95559 
6.94731 -9.48964 -11.1014 -8.27993 -10.046 -10.6094 -7.20157 -10.0281 -10.8351 -9.20085 -9.19097 -7.88216 
6.7385 -9.39358 -10.769 -8.56566 -9.89842 -10.1627 -7.62523 -11.0074 -9.29324 -9.24187 -9.13841 -8.21046 
7.15961 -9.40699 -8.63933 -8.29315 -10.5151 -10.2938 -7.34775 -10.451 -11.1053 -9.89862 -9.26621 -8.14782 
8.00562 -9.21865 -9.7714 -8.53808 -9.37893 -11.2656 -7.79518 -8.46749 -10.2056 -9.46114 -8.86996 -8.32841 
8.4368 -9.37677 -10.9135 -8.36249 -8.36145 -11.8161 -8.04849 -7.8409 -9.92614 -10.1787 -9.84858 -8.66006 
8.4185 -9.58664 -10.5537 -8.37235 -7.88523 -11.1192 -8.31345 -8.82428 -9.93868 -11.2147 -10.112 -8.77396 
8.69533 -9.21988 -9.27168 -8.04646 -7.82742 -10.3727 -8.13783 -9.61405 -9.31492 -9.71724 -10.1646 -9.79541 
7.64049 -8.81413 -9.91717 -8.35058 -6.95045 -10.2423 -8.01727 -8.8176 -7.78471 -9.09589 -9.48817 -9.45127 
7.5061 -9.14827 -7.96997 -8.59078 -7.83191 -8.93969 -8.18779 -8.83016 -10.2917 -10.7541 -10.0875 -10.2794 
7.40513 -8.96193 -8.35449 -9.07618 -7.65585 -9.28696 -8.33681 -9.11046 -10.2472 -8.67637 -9.74333 -9.2381 
8.11934 -9.08077 -9.96365 -9.64019 -7.64195 -9.39328 -9.57274 -8.62679 -8.99094 -8.14433 -10.1175 -8.84615 
8.04758 -9.31754 -10.8802 -8.78918 -7.9101 -8.88028 -8.49893 -8.73237 -10.0623 -10.2694 -10.9392 -8.03563 
7.47165 -8.99677 -10.5855 -8.08957 -7.76597 -10.0567 -7.23394 -7.71707 -9.74584 -8.9735 -9.9937 -9.69163 
6.86334 -9.07944 -10.1458 -9.97956 -7.681 -9.76604 -7.61733 -7.35098 -9.23347 -7.62062 -10.6918 -10.6169 
7.43002 -9.0495 -10.2483 -8.46196 -7.88446 -10.2054 -7.73749 -7.31875 -8.90206 -7.60608 -9.97294 -11.6821 
6.90263 -8.96545 -9.71848 -7.27429 -7.97987 -9.69943 -8.39047 -7.64507 -10.3888 -7.81217 -8.79593 -11.4061 
5.72948 -8.96069 -9.6009 -8.98891 -7.90187 -11.8718 -7.4212 -7.90074 -11.0249 -7.30772 -8.74347 -9.72549 
5.35343 -9.148 -9.09679 -9.6618 -7.98274 -11.5166 -7.44801 -9.17833 -11.3411 -7.446 -8.92956 -8.71821 
5.9284 -8.92601 -8.8286 -9.90647 -7.07694 -9.26936 -8.92723 -8.12286 -11.0968 -6.62128 -9.71322 -9.51066 
6.17503 -9.65828 -8.52778 -9.61111 -8.831 -12.1264 -9.24491 -9.41238 -11.4457 -8.16216 -10.6145 -8.81731 
6.41321 -9.79026 -8.39262 -10.1721 -8.63435 -10.1515 -8.0154 -10.174 -10.3981 -7.94118 -11.2611 -12.1479 
6.63076 -9.19656 -8.46141 -10.3774 -6.94746 -8.42179 -8.16134 -9.33431 -8.52317 -7.46932 -11.1313 -12.5629 
6.69473 -8.89877 -8.26803 -9.67677 -7.79844 -8.56172 -7.92478 -8.84784 -9.82368 -7.6273 -10.0526 -11.0125 
7.02903 -8.92608 -8.0001 -9.79133 -8.30648 -9.50333 -7.07662 -8.16576 -10.5395 -8.92706 -9.05224 -9.53375 
7.33693 -9.00944 -7.57008 -10.0785 -8.07813 -10.6747 -7.27681 -7.90658 -9.99364 -8.3026 -9.55228 -11.1273 
6.82752 -9.16713 -6.63898 -11.0032 -8.44256 -8.32125 -9.95894 -8.75654 -10.2041 -7.99536 -9.21611 -11.1729 
7.11118 -8.81791 -8.0232 -10.4242 -8.02167 -9.24166 -10.069 -8.74674 -7.99016 -7.56784 -9.21739 -9.1766 
6.34994 -8.97012 -6.91618 -10.5721 -9.61077 -9.41397 -10.9331 -10.1268 -7.89753 -7.98929 -7.84921 -8.53429 
6.1518 -8.90094 -8.45703 -9.64569 -9.14397 -9.34349 -9.94658 -10.0597 -8.08908 -7.60665 -7.86596 -8.56921 
6.02507 -9.06546 -8.68063 -9.65345 -10.9821 -10.0744 -8.52581 -10.8011 -8.24292 -7.80418 -7.52449 -8.57416 
5.33903 -9.08393 -8.5633 -9.61531 -9.08828 -9.74344 -10.263 -10.6784 -7.98955 -7.05864 -8.77193 -8.87111 
5.12553 -9.52973 -8.44068 -9.70075 -8.77941 -8.72899 -11.4913 -11.5059 -9.91379 -7.79826 -9.01236 -9.91847 
6.24181 -8.85506 -9.13731 -7.93233 -8.11248 -7.59233 -10.1449 -10.6991 -9.4665 -6.87612 -9.48311 -9.24755 
7.01974 -8.85392 -8.08805 -8.20309 -8.94347 -8.62284 -9.93337 -10.9651 -9.68736 -7.36443 -7.63553 -8.74317 
6.49048 -8.99085 -8.35948 -9.65842 -10.1233 -9.16451 -9.62891 -10.338 -8.67331 -7.48038 -8.13186 -8.74652 
5.40896 -9.27397 -8.57522 -9.82494 -9.59328 -9.21153 -9.61545 -9.80395 -9.59972 -8.74017 -9.37198 -8.43725 
5.7423 -9.15347 -9.40888 -9.15598 -9.4572 -9.371 -10.1179 -10.5863 -7.39485 -8.76893 -9.00506 -8.41317 
6.18851 -9.47671 -9.2101 -9.67493 -9.76256 -8.09143 -11.386 -10.9046 -6.92905 -9.43725 -9.49638 -9.64308 
4.21427 -9.86208 -9.16604 -8.35413 -11.0605 -10.1125 -10.8543 -10.0288 -8.97201 -8.82715 -10.0703 -11.067 
5.3592 -9.28978 -8.82809 -7.93365 -9.95196 -9.23682 -9.88352 -9.68459 -8.61233 -8.63387 -9.36164 -11.0904 
5.881 -9.56178 -9.14825 -10.0097 -11.6733 -9.33134 -8.79368 -9.31734 -8.79603 -8.43017 -9.8819 -10.3041 
