101 100
0.000183099
0.757553
0.782026
0.825478
0.796755
0.831499
0.853024
0.811381
0.85133
0.859003
0.831696
0.854395
0.854605
0.831294
0.808812
0.843325
0.846618
0.840696
0.850953
0.833743
0.83546
0.829699
0.826159
0.813557
0.79013
0.825617
0.814467
0.825629
0.829674
0.831359
0.846159
0.853124
0.831742
0.808533
0.796705
0.823005
0.825255
0.823876
0.778371
0.802755
0.77319
0.781914
0.785826
0.793237
0.771545
0.735315
0.69946
0.725713
0.729408
0.782981
0.75993
0.79277
0.793954
0.770133
0.786965
0.754948
0.772316
0.774116
0.791512
0.777696
0.765407
0.791644
0.774347
0.722379
0.780916
0.80021
0.781551
0.775698
0.777738
0.78241
0.772524
0.782692
0.784773
0.752433
0.746384
0.730664
0.745689
0.731762
0.754814
0.744029
0.762227
0.750675
0.721238
0.761484
0.761964
0.734461
0.743944
0.774688
0.752337
0.735241
0.746523
0.743284
0.758401
0.769124
0.75323
0.770746
0.768585
0.750915
0.747054
0.735165
0.747
