101 100 10
-4.0917 -4.06849 -4.13825 -4.0269 -4.09195 -4.0128 -4.14375 -4.06329 -4.16443 -4.22438 -4.13654 -3.68263 
-4.35487 -9.56129 -9.13848 -10.0171 -9.65863 -8.87194 -9.17779 -10.2199 -9.31982 -10.0172 -9.47206 -9.62174 
-4.6558 -9.53955 -7.76814 -10.4913 -9.86972 -9.89841 -10.4293 -9.3744 -9.81217 -8.95596 -9.83251 -8.96199 
-5.20324 -9.43115 -9.87882 -9.871 -9.39426 -9.34818 -9.49118 -8.92876 -9.35068 -9.12751 -9.11642 -9.80421 
-6.5345 -9.55411 -9.29694 -9.91102 -9.69282 -9.0676 -9.86907 -9.03855 -9.13447 -10.1411 -9.85785 -9.41983 
-7.00408 -9.89597 -9.30518 -10.7381 -9.59702 -8.82384 -9.58704 -9.04042 -10.4971 -10.0102 -10.3838 -11.0046 
-7.40936 -9.79235 -10.3516 -8.98742 -10.0048 -9.89742 -10.6232 -8.70345 -9.96525 -9.98148 -9.86758 -9.78653 
-7.56697 -10.0799 -10.4389 -9.79878 -9.70549 -9.98951 -9.95853 -10.9423 -9.69517 -10.1456 -10.8558 -9.23213 
-7.07077 -10.0533 -10.1674 -9.80371 -10.0317 -10.0508 -10.2945 -10.8153 -10.7452 -9.45136 -9.35001 -9.86636 
-7.28407 -10.2234 -9.73136 -8.9238 -10.6996 -10.9942 -10.9101 -9.56036 -11.5162 -10.2928 -9.97407 -9.89038 
-6.94684 -9.64254 -11.0392 -9.53542 -9.36383 -9.72489 -10.2353 -8.57045 -9.13955 -10.7655 -10.2055 -7.73497 
-6.64364 -9.96537 -10.5057 -9.51798 -10.1154 -9.50869 -9.52761 -10.1139 -9.58635 -9.98065 -10.3913 -10.3704 
-6.02437 -9.67021 -10.5715 -10.3262 -10.0469 -9.5164 -9.09472 -10.1152 -8.37564 -9.94901 -8.75997 -9.68784 
-5.80577 -9.26234 -9.05311 -8.79399 -9.46808 -9.92439 -8.60407 -9.54091 -9.35287 -9.72634 -8.81651 -9.3042 
-5.82555 -9.39562 -8.95414 -9.27906 -10.3714 -8.88379 -8.30339 -9.5216 -8.53939 -9.84226 -9.7563 -10.2456 
-6.07644 -9.7234 -10.3946 -9.25492 -10.0315 -9.38637 -9.63133 -9.03725 -10.1706 -10.2285 -9.02224 -10.2959 
-6.77998 -9.48901 -10.0717 -8.97155 -9.42389 -10.3983 -9.75241 -7.84338 -10.5205 -9.00829 -8.824 -10.1727 
-6.80335 -9.22158 -8.04895 -8.668 -8.92347 -9.36755 -9.96587 -9.78585 -9.40471 -9.43182 -9.13386 -9.46454 
-7.49531 -9.53015 -9.37346 -10.4721 -9.99053 -8.45391 -8.44369 -10.2091 -9.7512 -9.55459 -9.97062 -8.98222 
-7.91211 -9.58811 -9.81795 -10.423 -9.26557 -10.5342 -8.92936 -10.1245 -8.6605 -9.10482 -9.46662 -9.39819 
-7.43249 -9.55694 -10.3635 -9.54755 -7.69702 -9.24608 -9.58974 -10.3656 -8.73214 -9.48543 -10.3787 -10.1859 
-7.2871 -9.42978 -8.86151 -10.0206 -8.91362 -9.73528 -9.44332 -9.11692 -10.0079 -8.571 -9.35902 -10.5256 
-6.57245 -9.48398 -9.69219 -9.88837 -9.15858 -9.7258 -8.26311 -10.3022 -9.73607 -9.27482 -9.04068 -9.78133 
-6.25381 -9.68674 -9.47668 -9.14238 -9.90888 -10.2974 -9.42224 -9.00071 -10.8334 -9.24274 -9.87208 -9.73249 
-6.10381 -9.75169 -10.4013 -9.61207 -9.38874 -9.78609 -9.39602 -9.28756 -10.0193 -9.83079 -10.0277 -9.67466 
-7.01097 -9.50732 -9.49309 -9.17412 -9.04951 -10.0825 -9.72715 -9.71464 -8.50533 -10.3032 -9.40318 -9.53002 
-7.14552 -9.77041 -8.55581 -10.0932 -10.4131 -8.62229 -10.651 -10.7955 -9.41018 -10.1142 -10.4048 -8.71055 
-6.51321 -9.41606 -9.74953 -9.87894 -10.0015 -7.78175 -10.0108 -10.3663 -9.1357 -9.01795 -9.57104 -8.82324 
-4.67183 -8.77239 -7.49767 -8.48574 -8.11695 -9.71888 -7.73876 -9.66659 -9.51881 -9.1613 -8.27052 -9.04783 
-5.43876 -9.06373 -9.37983 -9.1783 -9.38441 -9.00238 -8.95379 -9.22025 -9.59707 -8.91294 -8.56008 -8.2111 
-6.40771 -9.45085 -10.7031 -8.45261 -9.51494 -9.10905 -9.35771 -9.95155 -9.77347 -9.61776 -9.26406 -8.95886 
-6.76134 -9.16267 -9.74968 -8.19031 -8.75904 -9.99285 -9.11729 -10.1149 -8.42205 -9.91154 -8.63829 -8.69273 
-7.16999 -9.40174 -11.1498 -8.99044 -9.35679 -9.41993 -9.49709 -9.12207 -9.17588 -8.75944 -9.43871 -8.98373 
-7.37071 -9.49273 -9.72149 -9.12164 -10.2389 -9.819 -9.49073 -9.11023 -8.88887 -10.0974 -9.40825 -8.92087 
-7.64864 -9.23855 -9.29513 -9.78959 -9.11859 -8.5424 -10.0901 -10.0176 -8.61956 -8.98469 -8.94943 -8.83707 
-7.62453 -9.4544 -9.09774 -9.08093 -9.96612 -8.72013 -10.1997 -9.3621 -10.2583 -9.40651 -9.19159 -9.42584 
-7.7771 -9.43779 -9.11613 -9.233 -9.52284 -8.3476 -10.5044 -9.85244 -9.13416 -9.47939 -8.49931 -10.8525 
-7.56045 -9.46298 -8.25661 -9.36862 -9.27687 -8.82208 -9.24994 -10.5326 -9.51353 -10.1209 -10.1746 -9.44646 
-7.19895 -9.74609 -8.09435 -9.52055 -10.153 -10.8526 -9.01873 -9.17072 -9.53829 -10.7013 -11.2772 -9.50035 
-7.57676 -9.84052 -9.98252 -9.31039 -10.4206 -10.0083 -10.5342 -9.18817 -9.36775 -9.59424 -9.64321 -10.2242 
-8.41207 -9.89505 -9.28645 -10.1547 -10.8339 -8.28974 -10.4835 -10.6168 -10.5045 -8.94985 -9.47867 -10.1658 
-8.58824 -10.0712 -10.6995 -9.97799 -10.5398 -9.708 -10.0155 -10.8989 -8.70633 -9.75867 -10.294 -9.93857 
-8.01784 -9.29587 -9.79453 -10.5349 -8.33764 -10.0136 -9.26115 -8.75429 -9.13083 -8.60718 -8.48621 -10.0402 
-7.37433 -9.47496 -9.26238 -9.65234 -9.09405 -10.3166 -8.96006 -10.492 -9.66827 -9.44348 -8.6061 -8.9811 
-7.60737 -9.57163 -10.3481 -10.238 -9.54407 -9.38739 -9.6655 -9.45299 -10.1381 -8.89343 -9.01826 -9.10449 
-7.32273 -9.43469 -8.4082 -10.1679 -9.83524 -9.33747 -8.65457 -9.63376 -10.362 -9.22503 -9.00818 -9.6908 
-7.87963 -9.65041 -9.30231 -8.76271 -8.89175 -10.3354 -9.99192 -9.48732 -10.5373 -9.23112 -10.1231 -9.60077 
-7.71253 -9.72704 -10.219 -7.7804 -9.08585 -8.98979 -9.86346 -10.3507 -9.00109 -11.3232 -9.82193 -10.5162 
-7.05378 -9.88127 -9.48827 -9.79676 -9.27717 -9.96525 -8.9232 -9.69767 -9.96332 -10.8218 -10.0023 -10.8142 
-6.93282 -9.5497 -9.23151 -8.6489 -10.4099 -8.67044 -9.52475 -9.30417 -10.125 -8.94704 -10.125 -10.8592 
-6.92216 -9.68669 -9.27445 -9.60183 -9.05891 -9.48836 -8.94571 -9.8555 -10.7947 -9.0999 -10.1024 -10.387 
-8.50881 -9.90743 -10.2953 -10.2332 -8.94042 -10.1002 -10.3679 -9.8085 -8.69078 -9.93675 -10.4424 -10.0435 
-8.05996 -10.0284 -10.5342 -9.85878 -10.0263 -10.9174 -9.93073 -10.6819 -8.0659 -9.96585 -11.1577 -9.23154 
-7.23584 -9.6505 -9.26544 -10.2485 -9.74459 -9.81703 -9.38707 -9.3842 -8.87015 -9.38506 -10.4503 -9.86467 
-7.35001 -9.75093 -9.27851 -9.83424 -9.41735 -9.33596 -10.1963 -10.3931 -8.66874 -10.4424 -10.5698 -9.36115 
-7.7533 -10.0439 -10.7969 -9.80251 -9.88418 -9.72289 -10.3434 -10.6542 -10.3987 -8.72199 -10.4096 -9.98165 
-7.97754 -10.0651 -9.7437 -10.2847 -9.3397 -9.33362 -10.0988 -10.2215 -10.2892 -10.2585 -10.6149 -10.4058 
-7.43935 -10.1258 -9.73228 -10.0645 -9.38696 -9.98845 -10.694 -10.3845 -9.11605 -10.6658 -10.2096 -11.1545 
-7.2347 -10.0004 -9.40445 -10.0749 -9.67246 -10.549 -10.3634 -9.94827 -9.52676 -10.683 -9.75358 -9.92641 
-8.07861 -9.71986 -9.18249 -8.9921 -8.69828 -9.83001 -10.2598 -10.1191 -9.77036 -9.74242 -9.92038 -10.6783 
-8.59834 -10.1598 -10.1318 -10.1317 -9.4729 -10.4612 -9.81333 -10.3149 -10.2352 -9.80463 -10.6238 -10.5432 
-9.15308 -9.92159 -9.47784 -10.1504 -9.17323 -10.75 -9.07091 -10.1915 -10.7347 -9.44856 -9.97797 -10.3561 
-8.61845 -9.98773 -10.3903 -10.78 -9.04071 -10.0128 -9.48771 -10.372 -10.2327 -9.60844 -10.4719 -9.56656 
-8.74646 -9.56141 -9.64719 -10.1308 -9.2021 -10.4962 -8.89457 -8.65549 -9.51496 -9.4658 -10.4041 -9.31478 
-8.73678 -9.71874 -9.92935 -10.1909 -10.493 -9.79638 -10.0173 -8.8802 -9.49104 -8.31021 -10.42 -9.41638 
-9.19431 -9.97281 -10.3208 -10.0386 -10.1713 -10.4995 -9.79204 -9.55194 -11.0585 -9.22109 -9.10304 -9.90994 
-9.1959 -9.6386 -9.42192 -9.99088 -9.54782 -9.99667 -9.63308 -9.68412 -9.86999 -9.04378 -8.90943 -10.122 
-9.73234 -10.0429 -10.499 -10.507 -10.2708 -10.049 -9.63178 -10.1332 -10.6768 -9.47089 -9.23689 -9.86417 
-9.69189 -10.3135 -10.2173 -10.8779 -11.6956 -10.3662 -9.38416 -10.7243 -10.7329 -10.0175 -9.55471 -9.65171 
-9.57235 -10.2903 -10.0894 -10.817 -11.1329 -9.84205 -9.24677 -10.6867 -10.4382 -10.6797 -10.4926 -9.4503 
-9.8001 -10.2776 -10.7535 -10.5848 -10.6274 -10.0371 -10.1546 -10.8375 -10.2303 -9.75588 -10.0055 -9.82111 
-9.58769 -9.87273 -10.0823 -10.1029 -9.9028 -9.54932 -9.47553 -9.75151 -10.1551 -10.4905 -9.84138 -9.42353 
-10.1804 -9.64599 -9.23653 -10.6814 -9.48146 -9.83265 -9.7498 -9.19561 -9.43688 -9.85264 -9.69269 -9.07518 
-7.54939 -7.17931 -6.83855 -7.27003 -6.76189 -7.7889 -6.79044 -7.31871 -6.64982 -7.08201 -7.79083 -7.47657 
-7.89834 -7.88335 -7.89182 -8.13281 -8.30783 -8.43176 -7.81955 -7.9725 -7.59365 -7.24471 -8.24249 -7.30067 
-8.04875 -8.70122 -8.68742 -8.77328 -9.51975 -9.00748 -8.79811 -7.79567 -8.65509 -8.33812 -8.76542 -8.68411 
-8.27084 -8.9587 -8.40071 -9.05952 -9.78575 -9.10438 -9.01445 -7.73061 -9.23099 -9.32806 -9.30791 -8.76671 
-8.34762 -8.99153 -8.9405 -9.79151 -9.97108 -8.4561 -9.18781 -8.10995 -9.13421 -8.73236 -8.98845 -8.47481 
-8.64477 -9.25021 -9.20294 -9.63369 -9.47364 -8.76452 -10.0585 -8.4941 -9.34224 -9.70656 -9.39217 -8.34573 
-8.88213 -9.51861 -9.95166 -9.64188 -9.41231 -9.58065 -9.92843 -9.23552 -8.87147 -9.30123 -9.79412 -9.57202 
-8.42749 -9.23643 -9.44307 -9.85335 -8.56899 -8.92521 -9.38048 -9.04066 -9.95735 -8.60172 -8.69825 -9.80728 
-8.62152 -9.02297 -8.4419 -8.69425 -8.52943 -9.40282 -9.50114 -9.28087 -9.16359 -8.71711 -9.20387 -9.15774 
-8.81095 -9.1539 -8.61303 -8.41564 -9.27612 -9.37195 -9.45372 -9.91287 -8.56781 -9.41175 -9.38726 -9.26317 
-8.15704 -8.6633 -9.25436 -7.2111 -8.51374 -8.9178 -8.96655 -9.18591 -8.4306 -8.62568 -9.14644 -8.49309 
-8.345 -8.68294 -8.40478 -8.57957 -8.8863 -8.84534 -9.15959 -7.86133 -8.43986 -8.41996 -9.16728 -9.21678 
-8.90247 -9.24744 -8.59575 -9.4168 -9.20602 -8.76472 -9.7922 -9.50859 -8.80189 -9.40393 -9.52272 -9.36938 
-8.87901 -9.10513 -9.31133 -8.84704 -8.89077 -9.62583 -9.78751 -8.7359 -8.56455 -8.86252 -9.21101 -9.27554 
-8.80261 -9.13235 -8.86978 -10.2137 -8.04376 -9.84151 -9.33654 -8.56434 -8.96976 -9.52021 -9.17571 -8.97113 
-8.52228 -9.38924 -9.2267 -9.90953 -8.86984 -9.59738 -9.39274 -9.12107 -9.78832 -9.8114 -9.28258 -8.76157 
-8.72606 -9.31135 -9.16597 -8.91575 -9.15234 -8.77418 -9.27228 -9.72702 -9.49368 -9.98546 -8.97494 -9.55666 
-8.67982 -9.28459 -8.33481 -9.05141 -8.23254 -9.2006 -9.83517 -9.46547 -9.73049 -9.95598 -8.99063 -9.79119 
-8.71022 -9.65059 -8.70498 -9.58509 -9.2255 -9.39995 -9.83356 -9.29544 -9.75273 -10.337 -9.97198 -10.3975 
-9.18469 -9.6258 -9.47997 -9.45669 -9.5296 -9.41445 -9.12766 -9.22884 -9.82777 -9.60606 -10.3761 -10.0512 
-9.22754 -9.47886 -8.94667 -9.7991 -9.39039 -8.47284 -8.83522 -9.65148 -9.55896 -9.72148 -10.5361 -9.86003 
-9.35667 -9.78113 -9.65556 -10.3919 -9.97489 -9.04891 -8.94016 -10.3965 -9.68805 -9.95375 -10.1433 -9.61203 
-9.45021 -9.93655 -9.76815 -10.2191 -9.84277 -9.65629 -10.1214 -10.3134 -9.53851 -9.69096 -9.65959 -10.4781 
-9.42973 -9.93026 -9.65484 -9.77203 -9.73484 -9.95186 -10.1755 -9.65965 -9.93543 -10.1278 -9.8988 -10.382 
-9.45721 -9.77956 -9.68849 -9.68418 -9.93082 -9.94708 -9.80838 -9.27318 -10.0577 -9.81257 -9.30168 -10.3179 
-8.40123 -8.76866 -9.28526 -8.67368 -8.61199 -9.01314 -8.47169 -8.25644 -9.5085 -7.93478 -8.69801 -9.22958 
-8.52972 -9.09429 -9.28216 -9.57956 -9.31248 -8.86896 -9.07964 -8.70601 -9.15668 -8.65363 -8.81314 -9.42644 
-8.69514 -8.97112 -10.1029 -9.179 -9.21697 -8.32919 -9.09718 -8.86655 -8.55154 -8.64844 -8.47447 -9.2243 
