95
0.000125063 7504
0.000375141 7367
9.14519e-06 9522
0.0110628 7934
0.000125016 9193
0.00200401 3522
0.00958424 10
0.00050025 273
0.000250063 3553
0.00212953 6234
0.000125016 6778
0.0125152 4883
0.000654689 3541
0.000361061 6358
0.000250063 4775
0.000433779 9552
0.00570117 3514
0.000745364 5161
0.000951904 886
0.000169019 542
0.000125016 3068
0.00693462 5162
0.000375141 9743
0.00410667 2463
0.000155705 4503
0.000250063 5786
0.0139106 514
0.0111577 6840
0.00577206 8025
0.000200342 509
0.00137689 6540
0.000375141 3680
0.000125016 8061
6.25626e-05 437
0.00717566 1368
0.0114785 3305
0.00998944 6651
1.05366e-06 5419
0.00447508 2603
0.000125016 2838
0.000250063 6708
0.000125016 653
0.000922441 112
0.000189227 1525
0.0179 9629
0.000640699 4997
0.000815094 4499
0.0361191 2811
0.000343613 1302
0.000677197 2113
0.00162764 5214
0.00212953 7022
0.00257096 2758
9.98442e-06 4531
0.00203008 6576
0.001001 6105
0.000125016 2735
0.000173377 5398
0.000247688 9555
0.0269261 8866
0.000125016 3703
0.000375141 3398
0.0001289 2359
0.000125016 3043
0.00100498 6975
0.0072702 8497
0.0184042 513
0.00347028 1805
0.00998221 1760
1.76888e-05 5275
0.00414209 7668
0.00328756 8600
0.000375141 2911
0.00280533 511
0.00464649 9713
0.0255341 5497
0.00652821 9600
3.72887e-05 4506
0.000125016 8964
0.000125016 5367
0.000125016 9071
0.0031348 4049
0.000250063 7663
0.000875766 5354
0.000125016 7961
0.000125016 5963
0.00125156 517
0.00125156 3186
0.00225507 237
0.00112627 5781
0.000125016 82
0.000125016 7578
0.000125016 3777
0.000125016 6410
0.000125016 689
