52 77 60 77
52 80 57 77
52 86 63 81
52 83 58 80
60 88 68 83
57 78 61 75
57 75 62 79
50 73 58 75
50 78 60 79
52 85 65 83
60 79 62 76
56 80 60 83
56 76 63 76
56 81 59 80
64 81 68 86
55 79 60 75
53 77 53 74
53 82 59 78
59 86 65 88
52 82 58 77
56 81 60 80
54 81 59 79
56 80 64 81
57 80 66 90
56 83 57 80
65 77 66 87
58 82 61 76
57 85 57 81
61 83 63 76
60 78 58 78
56 80 60 84
59 81 60 79
52 82 57 77
57 79 60 83
54 79 63 81
52 78 66 77
58 78 62 74
68 84 70 84
52 83 58 76
55 82 63 84
55 73 57 78
55 80 62 84
64 82 59 81
52 82 62 79
59 76 58 73
64 84 66 83
51 77 60 74
57 82 68 79
66 82 63 84
51 73 60 81
62 86 62 78
57 81 63 82
52 79 61 79
62 82 63 81
56 85 65 84
60 86 69 80
54 80 58 85
54 80 61 77
52 83 62 79
48 76 57 76
60 81 63 77
53 79 63 76
56 84 63 85
55 79 64 77
58 80 64 86
62 83 64 82
59 83 58 77
51 76 60 84
55 83 60 81
52 77 58 80
57 75 61 82
53 77 58 75
55 78 61 79
52 79 59 78
58 82 64 84
57 84 63 77
50 78 65 73
56 77 59 80
53 76 58 79
52 74 60 79
54 80 59 76
55 74 61 79
60 86 66 89
62 81 60 81
63 84 64 78
59 80 65 80
54 85 57 76
61 87 66 86
55 82 67 84
52 82 54 79
58 80 60 80
54 81 60 78
61 81 63 84
54 76 58 76
56 80 61 81
55 78 60 73
52 85 66 80
57 81 60 79
51 80 61 78
56 76 60 80
61 80 64 84
60 85 65 82
55 74 58 76
60 81 63 75
55 78 65 81
51 75 56 77
57 82 58 79
63 86 66 83
52 81 61 84
51 73 54 78
55 84 61 77
54 78 56 77
58 87 62 81
54 79 61 76
52 79 58 79
60 82 66 86
56 78 65 78
59 77 57 77
57 78 57 78
60 85 63 78
52 76 61 81
57 80 66 82
56 81 59 77
56 82 57 73
54 81 59 80
60 78 62 79
50 74 55 79
56 76 62 79
55 88 67 80
53 76 65 79
56 87 64 83
51 80 61 79
58 80 63 80
55 71 63 75
50 76 61 80
52 76 53 77
58 81 62 80
57 79 61 83
61 84 58 83
54 79 58 75
55 76 56 75
54 79 62 79
62 80 64 82
56 81 63 79
58 82 65 85
63 73 69 78
56 79 59 78
57 79 63 81
59 82 62 80
56 79 62 80
55 75 63 78
58 75 61 80
57 77 62 71
53 82 62 81
51 80 55 78
63 78 66 81
51 82 54 83
55 83 63 78
50 74 58 76
58 79 68 86
52 79 57 85
61 82 65 84
65 84 63 82
53 88 57 81
63 83 66 81
54 80 60 78
55 77 57 75
67 89 71 85
58 86 59 80
53 80 59 84
53 77 56 76
56 75 58 80
58 85 60 85
60 82 66 83
50 76 52 77
57 82 64 80
54 83 63 81
54 81 66 76
51 75 59 72
56 86 63 78
50 72 59 70
56 75 63 80
55 75 63 77
56 75 59 78
55 81 60 79
57 79 62 78
55 83 62 77
52 80 59 75
58 84 67 82
50 77 64 75
57 83 63 79
58 77 60 80
52 77 57 77
51 79 59 81
54 81 54 81
61 79 62 81
56 77 56 77
65 87 66 78
53 74 59 78
48 80 63 80
53 81 58 85
54 77 58 79
48 72 53 78
49 75 54 79
50 80 52 85
53 84 53 78
50 77 54 80
50 77 50 73
48 82 52 79
56 83 56 81
54 71 57 77
49 77 55 77
53 80 54 76
55 83 58 80
52 80 57 79
77 94 83 107
50 81 55 81
57 87 57 90
51 78 57 80
58 83 61 81
58 83 55 80
62 94 61 80
54 75 54 80
54 76 55 83
55 81 56 79
60 87 66 83
64 98 66 91
56 75 55 78
56 79 56 83
56 85 61 93
73 98 85 101
48 77 53 83
49 66 46 80
52 82 55 82
49 74 55 76
59 75 59 82
49 70 53 78
47 74 47 74
53 77 52 87
56 78 55 78
55 86 62 85
55 76 57 80
53 69 56 79
56 74 55 81
55 72 56 81
50 72 56 77
55 83 58 86
52 82 55 79
52 78 51 82
46 78 54 76
54 83 58 79
49 77 57 79
53 74 51 81
51 80 54 79
63 80 67 91
53 88 58 80
65 87 65 87
51 74 54 80
55 86 65 87
53 85 53 82
54 76 55 75
52 71 54 80
57 75 58 80
51 74 54 81
54 80 55 78
50 75 55 82
55 86 59 84
54 74 52 77
59 81 60 83
51 77 52 82
52 79 55 82
53 77 52 82
52 78 55 80
53 74 53 83
55 83 53 79
51 76 51 79
51 75 53 81
56 84 59 84
51 73 58 82
60 81 56 86
50 80 52 76
52 75 52 74
45 74 51 74
52 86 58 82
80 104 82 104
54 82 61 86
50 74 54 78
48 74 50 73
53 89 58 83
53 72 53 76
58 79 57 86
53 73 55 78
52 78 56 81
51 72 56 75
58 85 57 80
53 77 53 83
55 88 56 84
65 85 68 93
50 76 50 69
50 77 52 79
51 75 51 73
55 79 62 83
53 77 63 80
52 74 57 82
48 80 49 78
48 72 48 76
57 75 58 72
50 73 54 77
54 86 59 86
58 87 62 77
54 79 58 74
49 77 53 78
49 76 48 78
49 74 53 75
48 74 54 80
59 79 64 86
52 73 57 75
54 85 59 83
57 73 58 83
52 76 50 75
52 78 55 79
49 71 49 75
52 78 53 74
51 78 54 81
57 79 54 80
51 83 59 82
50 78 52 76
54 87 60 80
50 71 54 76
55 84 59 82
52 79 55 83
49 76 54 80
56 75 60 86
53 73 55 84
52 74 57 77
48 75 55 76
61 85 66 87
50 73 56 85
54 79 54 77
52 76 56 81
51 74 53 80
52 79 51 84
61 82 64 87
56 86 62 88
58 75 62 81
46 76 51 81
50 78 54 79
47 72 54 76
54 69 55 81
58 77 56 75
61 82 69 84
48 75 52 77
48 72 49 73
51 71 54 79
54 83 56 78
53 75 56 84
63 88 58 86
53 75 49 82
58 79 56 84
49 77 49 79
54 85 58 86
56 80 56 83
51 76 53 76
66 83 71 93
51 74 53 80
53 79 57 81
54 78 53 80
54 78 59 80
55 74 50 76
51 74 54 82
52 80 56 84
58 88 64 87
53 72 52 76
52 78 50 79
55 80 55 82
61 92 61 83
59 79 59 83
58 78 57 84
57 86 54 88
50 76 56 83
79 101 81 110
49 76 54 79
48 72 51 78
46 77 54 84
62 78 65 88
49 71 49 76
64 86 71 97
49 74 52 74
55 79 56 75
55 72 49 82
54 82 56 83
50 78 57 77
59 84 60 86
48 77 51 74
57 82 58 83
50 77 54 78
55 80 52 76
53 87 61 86
51 75 48 73
49 73 53 81
51 92 64 77
54 84 70 85
55 90 71 85
55 97 73 83
53 87 63 87
52 94 61 81
58 86 79 83
53 92 65 81
59 88 73 76
46 84 53 77
56 89 66 91
53 95 69 85
51 91 67 75
58 90 70 83
56 95 71 83
57 92 70 82
51 79 63 77
55 88 65 75
53 90 62 79
48 83 67 79
56 96 72 82
62 89 65 86
70 93 83 87
57 95 69 83
52 84 65 77
56 80 66 83
54 86 65 83
54 87 69 86
51 82 62 84
59 87 63 77
56 96 69 81
64 94 71 83
56 88 64 83
58 95 66 84
54 87 67 83
52 92 67 77
53 90 65 79
72 91 77 87
55 91 73 75
60 86 70 81
48 86 67 80
53 83 71 78
53 97 66 88
50 92 67 87
60 91 67 82
57 93 68 81
60 89 71 80
49 87 57 80
52 89 69 82
57 87 67 82
50 85 62 81
57 97 71 87
62 87 70 83
55 90 68 79
54 94 69 88
58 89 68 85
57 87 70 81
55 87 65 81
58 80 66 75
54 91 68 81
56 91 69 84
49 82 65 83
51 89 60 81
56 98 67 88
52 83 64 71
58 95 77 86
56 96 72 84
56 91 64 84
52 89 60 78
56 85 74 84
54 84 63 83
55 84 65 79
61 91 74 91
57 82 66 88
53 93 69 85
56 85 71 76
52 90 66 81
60 92 75 82
55 97 68 82
55 86 67 77
52 77 61 79
61 93 77 82
63 95 74 79
52 95 66 83
60 90 77 85
54 93 65 83
57 83 70 83
58 99 72 90
55 87 64 78
57 91 73 81
60 96 76 89
54 92 65 86
55 84 63 81
55 92 72 81
56 90 63 86
54 90 68 84
57 90 68 79
58 92 64 83
54 87 67 78
59 80 71 75
50 86 66 75
59 96 73 79
53 87 68 80
56 87 62 74
58 90 68 79
57 87 68 83
54 92 65 90
52 87 64 81
56 86 71 79
53 92 69 81
46 88 69 77
59 90 70 82
60 85 67 81
53 97 68 78
48 87 60 82
43 88 63 76
55 83 62 81
52 95 61 80
54 90 69 81
54 91 73 88
55 86 73 85
59 91 76 78
56 93 68 85
52 82 68 75
57 87 68 83
53 94 66 81
59 91 75 85
59 85 72 76
53 92 65 79
61 91 69 90
56 88 63 77
54 82 71 86
58 89 71 77
58 84 63 85
56 83 65 73
57 93 63 84
51 86 55 80
63 87 75 84
51 86 64 77
50 86 64 81
61 88 70 84
58 93 70 81
53 87 63 85
57 96 74 81
54 89 63 79
55 86 65 79
57 84 71 83
77 106 86 94
55 88 69 79
61 87 69 85
58 87 65 83
59 98 73 85
58 99 70 90
54 89 68 82
53 90 68 83
55 96 69 87
58 92 69 80
57 87 65 84
49 87 67 82
58 88 70 78
55 96 67 85
54 84 66 82
60 91 74 81
53 93 62 86
61 93 76 80
52 92 63 79
50 83 68 75
64 83 73 77
52 86 69 81
59 100 73 82
57 96 76 89
56 90 68 83
58 87 68 79
52 96 64 86
55 93 66 85
56 88 68 84
49 86 66 85
55 89 64 80
57 91 74 83
48 93 67 80
57 88 67 82
56 89 57 81
51 91 66 87
52 101 69 89
59 92 63 82
57 94 70 87
59 94 74 81
60 87 73 82
58 92 69 77
52 83 68 75
54 94 64 87
49 91 57 79
51 93 65 83
47 81 63 78
53 91 67 80
58 96 63 86
55 85 62 86
54 94 64 88
53 85 67 83
53 100 68 85
55 81 59 75
52 77 61 77
51 75 62 78
53 80 60 80
53 72 61 76
53 72 61 74
56 85 69 80
53 73 62 73
52 70 61 70
53 77 65 79
55 73 61 74
55 71 61 78
55 81 67 76
52 73 55 73
55 83 65 75
54 85 62 73
56 76 57 76
50 76 59 78
51 75 63 79
54 76 66 78
53 81 66 76
58 77 65 77
53 71 58 78
55 81 62 79
56 79 59 75
53 79 61 75
52 73 60 70
54 72 58 75
53 76 62 78
53 79 57 71
54 78 64 79
51 78 63 79
52 78 61 78
54 76 63 75
57 73 62 77
54 75 64 70
55 77 58 78
56 75 65 72
53 77 65 79
52 76 66 74
50 77 56 80
56 80 61 77
53 77 62 76
52 75 64 74
49 78 57 77
54 79 63 77
56 68 60 77
59 77 63 74
51 78 61 73
55 79 60 82
55 72 61 72
52 74 63 74
52 78 57 79
52 72 56 71
55 76 66 76
55 80 62 73
52 78 62 76
55 71 61 75
52 72 61 74
56 72 56 74
55 78 63 73
52 79 63 74
56 81 62 74
59 79 65 76
56 76 64 74
52 86 64 78
55 77 63 72
56 74 61 75
53 80 63 79
55 73 62 73
51 76 63 79
54 78 65 74
57 76 63 82
57 76 60 74
55 82 63 75
56 83 64 79
57 75 63 77
52 72 54 75
54 74 64 73
55 75 55 78
56 76 66 80
57 80 69 77
53 74 65 77
53 75 60 69
57 82 62 74
55 75 62 74
54 79 58 76
55 78 61 72
51 75 63 76
56 78 62 77
56 78 58 78
53 77 63 70
51 76 59 74
55 73 61 74
53 79 60 79
52 74 63 72
54 79 64 79
56 79 60 76
52 80 62 81
54 73 60 75
58 77 58 74
57 79 58 77
55 71 62 74
54 73 58 77
54 76 60 72
52 79 63 78
52 74 59 73
55 80 61 74
51 81 61 74
49 68 54 71
53 75 58 74
55 81 62 76
55 79 65 79
56 81 61 83
52 75 60 76
50 74 59 71
52 75 60 82
57 75 63 80
58 76 62 83
55 80 61 74
59 85 67 78
53 70 63 76
55 78 63 77
53 77 61 81
51 76 56 75
58 73 63 69
54 75 56 72
52 75 62 71
55 82 61 77
52 75 61 73
56 78 61 75
52 74 59 76
57 82 62 75
55 77 59 80
53 70 54 79
55 75 61 75
52 76 61 74
53 75 60 77
58 77 59 73
57 75 67 81
57 77 60 77
53 74 61 74
53 75 67 77
50 78 60 75
54 80 59 74
61 75 65 80
57 76 65 77
53 80 60 73
55 73 62 74
57 76 59 73
56 80 65 75
53 77 57 76
55 79 61 76
53 83 63 75
54 76 62 72
51 74 62 77
56 79 66 75
54 82 65 80
55 77 64 74
59 76 59 76
59 80 61 76
52 77 62 72
52 79 61 79
52 78 60 72
55 71 63 80
55 79 73 69
57 76 61 78
55 72 58 77
56 78 61 76
58 78 62 78
54 84 63 73
53 74 63 74
55 71 57 75
54 75 63 73
58 85 68 79
54 79 61 74
57 78 60 74
58 77 60 75
52 71 57 75
57 80 63 73
52 78 60 72
52 77 62 72
55 79 63 77
56 76 57 75
54 68 62 82
52 78 59 73
53 73 61 76
58 74 64 77
53 82 66 76
55 85 61 76
58 70 62 72
52 78 58 75
52 70 53 69
56 83 63 75
57 78 65 75
54 84 64 74
50 76 58 74
49 74 63 77
55 73 62 73
59 79 63 77
52 82 65 72
48 82 61 71
53 83 65 73
47 80 68 77
50 77 63 69
48 81 60 70
52 82 64 73
48 79 65 76
52 86 61 76
51 83 69 77
47 79 62 68
50 88 65 77
50 81 60 73
51 80 61 72
52 87 63 79
47 74 63 71
52 85 58 74
51 82 58 71
47 81 60 75
48 78 61 74
50 76 60 77
50 86 67 75
48 83 61 72
50 82 56 69
51 80 61 74
47 79 63 71
49 81 61 71
54 93 72 73
47 78 59 70
47 82 64 72
47 78 62 72
50 80 59 72
49 83 63 72
49 84 64 71
49 83 61 72
50 87 64 76
51 84 62 78
53 83 56 72
51 83 58 72
51 80 66 69
47 77 60 71
52 82 59 72
48 84 65 71
47 77 64 73
45 79 64 68
48 77 62 68
51 85 61 71
48 87 64 74
43 80 62 73
52 83 61 73
47 82 68 68
52 79 65 71
50 84 65 72
49 87 65 76
51 80 59 71
47 82 61 73
46 80 66 69
47 77 60 68
46 81 65 78
51 80 66 72
52 83 59 75
49 77 59 73
46 81 67 71
49 85 61 74
54 80 60 73
47 79 63 71
49 79 64 72
48 81 64 72
51 77 63 72
46 85 66 70
47 79 63 72
51 84 62 73
47 86 61 69
51 79 61 71
50 75 52 70
51 81 64 71
54 87 61 73
52 82 60 72
44 77 61 72
48 81 59 71
44 76 62 71
48 78 56 73
52 85 70 76
48 84 65 78
54 79 59 82
50 82 63 68
52 82 62 72
48 75 59 74
51 87 67 76
49 83 56 69
51 83 68 74
51 82 69 79
53 78 62 73
49 87 58 74
52 85 60 76
49 83 63 77
49 82 64 73
53 79 58 73
47 79 59 73
52 77 57 75
52 81 62 76
51 88 62 72
46 82 67 73
48 80 67 70
49 80 62 70
51 83 65 72
47 83 59 74
48 78 63 79
46 80 64 72
52 85 64 76
48 80 57 73
48 86 65 71
50 81 60 74
52 80 62 73
49 84 61 74
48 83 60 68
52 84 66 77
54 84 63 72
48 78 58 74
49 81 59 75
53 85 69 86
50 86 67 78
47 81 60 72
50 83 63 69
50 81 64 83
47 85 63 77
46 77 61 66
52 82 61 72
47 78 60 70
59 87 66 72
52 81 63 75
45 84 65 73
50 80 58 71
48 80 65 76
51 81 64 74
47 82 61 68
49 80 64 71
52 80 62 76
49 78 67 71
53 78 65 73
47 83 61 72
46 82 62 75
47 80 64 76
51 82 60 71
49 79 62 72
49 82 60 75
43 75 60 66
48 85 65 71
51 87 64 76
46 85 63 72
51 84 58 72
51 83 65 72
50 78 60 69
49 82 61 72
50 84 69 84
50 82 65 73
49 83 59 77
51 86 63 80
49 80 61 75
49 80 66 77
51 83 59 75
51 78 57 66
49 78 66 74
49 81 63 71
47 84 59 73
48 77 54 70
49 84 62 74
51 81 58 74
46 76 61 66
50 79 63 67
52 85 66 73
50 79 55 72
52 88 65 72
48 82 67 72
49 79 57 71
48 81 57 74
51 82 69 80
50 81 56 70
49 83 62 73
49 82 57 70
47 85 66 77
50 78 58 75
47 86 60 77
49 84 62 75
50 81 64 73
48 80 62 73
47 89 57 77
50 82 63 74
51 80 63 75
54 77 62 68
46 83 58 76
48 78 62 74
49 84 61 71
58 86 69 78
52 87 60 78
51 82 62 70
49 76 61 72
49 78 56 71
48 79 66 76
49 83 61 70
46 79 49 84
41 78 47 79
46 82 50 83
43 77 50 88
49 80 50 82
44 82 48 88
43 77 50 84
49 76 47 79
46 79 51 88
46 80 52 82
47 82 47 83
44 80 48 82
45 84 51 86
44 80 47 83
54 85 60 96
48 80 47 82
49 82 49 89
47 77 48 83
44 79 49 84
46 81 52 84
46 83 48 87
46 80 47 79
46 82 47 79
46 80 47 84
45 78 50 85
45 82 51 84
47 80 51 91
46 81 52 77
47 81 49 82
43 88 49 85
48 78 49 85
46 80 50 83
47 82 48 82
45 81 47 81
47 80 48 82
45 79 47 83
44 83 49 87
64 96 71 89
48 81 51 85
44 82 47 85
45 77 51 88
44 82 51 83
46 79 49 81
55 91 55 88
44 79 45 83
45 80 51 82
47 81 51 88
44 82 50 83
46 80 47 85
47 80 48 84
45 79 49 84
48 79 47 86
45 81 48 84
46 78 49 79
46 88 55 87
47 82 49 80
47 80 48 83
45 85 49 81
64 97 68 93
48 80 47 82
46 77 47 82
46 85 51 81
49 82 46 82
47 83 49 85
46 80 47 85
45 82 45 85
47 79 51 80
47 80 48 89
44 80 49 85
48 80 48 85
46 84 52 82
47 82 50 83
47 81 51 84
48 83 49 84
45 80 45 77
44 79 52 86
47 78 48 84
45 83 50 79
45 79 50 90
47 79 48 84
46 78 48 81
45 79 50 83
49 80 48 85
45 81 48 84
47 83 48 79
46 84 53 83
47 81 49 81
45 80 46 83
46 79 48 86
48 79 53 85
44 85 53 81
44 83 50 87
57 88 59 88
47 85 53 84
46 83 47 89
46 86 49 88
50 81 52 84
42 78 49 77
45 81 49 84
44 79 48 85
46 84 49 87
46 80 49 82
67 93 72 91
45 83 48 86
46 83 49 89
45 80 50 84
47 75 46 81
45 82 51 85
78 104 80 99
46 80 47 78
48 86 51 84
46 76 47 80
47 80 49 88
49 79 51 85
45 83 50 87
46 80 49 86
45 77 47 83
43 81 48 84
45 81 49 86
46 78 49 86
47 79 48 81
46 84 47 82
65 95 67 88
47 82 48 84
44 79 46 79
46 83 50 82
45 81 47 85
44 79 50 82
45 78 46 80
48 78 50 86
47 83 47 84
61 96 63 89
50 79 47 82
45 77 47 83
44 78 49 81
45 79 47 83
63 88 65 81
48 80 51 84
47 84 51 87
45 85 49 82
45 80 47 84
64 101 69 89
45 82 49 81
45 83 49 85
46 78 46 81
45 81 50 85
45 86 52 86
47 79 49 82
45 80 48 82
45 79 46 81
44 80 46 79
49 81 51 85
44 77 46 78
48 79 50 85
51 80 49 84
76 111 79 99
46 80 50 89
47 83 48 81
47 84 49 81
45 87 53 82
48 85 58 80
44 80 49 83
49 81 49 84
48 76 48 80
46 82 48 87
46 86 49 83
44 81 50 83
48 76 45 81
48 79 48 84
44 84 46 83
47 82 49 86
46 80 46 85
47 82 50 83
72 108 75 98
46 78 47 87
49 83 50 84
46 83 50 83
46 81 48 85
44 79 51 83
48 76 50 79
44 87 53 87
48 82 48 81
43 83 50 82
58 100 67 87
45 80 50 85
44 80 49 80
47 81 49 86
44 80 46 84
45 80 45 82
48 79 50 88
45 81 49 87
47 81 51 79
45 80 47 83
43 79 47 82
47 84 49 86
46 79 51 85
55 89 59 87
45 80 47 89
45 80 48 86
45 79 48 86
51 79 56 72
50 81 61 71
53 84 59 74
53 80 58 80
42 81 57 73
53 81 58 76
51 81 54 75
54 79 58 74
50 80 57 75
53 77 59 74
45 83 58 72
60 84 58 82
48 79 57 73
48 77 59 73
46 80 60 75
43 80 58 70
52 77 59 74
51 77 59 73
46 76 57 72
47 76 58 73
50 78 58 73
50 80 58 76
56 81 62 76
49 81 58 77
53 79 55 74
48 83 57 76
54 75 58 76
52 82 58 76
47 80 56 74
49 78 56 76
49 82 59 76
51 78 57 77
54 80 58 79
51 78 59 72
51 78 57 73
49 78 58 73
50 79 58 72
56 81 64 75
51 79 61 71
47 84 61 74
47 77 55 74
50 77 60 71
47 81 60 74
48 82 57 76
47 77 57 75
50 76 58 73
45 81 59 73
49 78 58 70
52 85 66 75
54 79 60 72
57 81 61 74
48 81 60 73
47 82 59 72
48 78 60 73
49 80 61 75
48 79 60 73
55 85 60 83
48 80 59 76
50 79 60 72
50 77 60 74
49 85 66 78
44 81 56 73
46 80 56 74
43 82 57 74
51 83 61 77
48 77 58 74
50 80 56 77
47 79 58 75
49 84 59 75
50 79 56 74
50 80 58 79
47 80 57 71
50 81 63 73
51 83 66 75
50 83 58 73
50 76 58 78
48 84 62 78
51 80 60 77
50 77 59 73
49 77 59 71
48 78 57 75
48 78 58 73
50 80 54 77
52 80 55 74
50 79 59 78
45 78 56 73
53 85 62 81
46 82 61 74
49 80 57 75
57 82 60 79
50 84 58 75
50 78 54 74
51 83 61 74
60 87 63 83
57 83 61 81
49 82 56 75
47 82 61 73
47 80 56 72
52 78 61 73
49 81 57 78
50 82 61 72
48 81 59 73
54 84 59 78
49 78 58 75
50 83 62 72
53 81 59 74
57 83 62 81
45 80 57 74
52 78 61 75
54 79 57 73
51 82 60 73
46 85 57 70
49 80 59 76
48 80 59 76
49 78 57 71
57 86 61 84
48 82 60 72
50 80 55 74
51 80 59 74
49 83 59 72
47 84 57 75
50 82 63 73
50 79 61 76
48 80 59 76
54 79 56 75
44 81 57 73
55 84 59 77
53 77 60 76
45 79 56 75
51 79 61 74
49 83 64 74
46 85 57 71
49 81 60 72
43 78 55 69
49 82 58 76
51 78 58 73
51 80 56 74
50 77 56 76
51 80 58 74
56 80 60 77
49 80 60 74
49 76 55 75
52 79 57 73
56 82 62 79
53 79 62 78
50 82 58 71
50 81 61 75
49 78 59 71
46 79 57 74
53 79 60 74
45 79 59 70
55 82 59 75
51 80 61 74
52 80 61 77
54 84 59 76
44 81 60 74
46 79 57 73
54 85 61 80
45 82 58 73
45 78 58 75
54 78 62 74
43 76 57 70
48 81 56 73
53 81 57 78
47 78 56 71
56 83 62 76
49 83 64 75
48 82 58 75
43 79 62 70
49 80 58 76
44 78 59 70
51 78 56 77
51 79 63 73
45 78 58 70
53 78 57 76
50 76 60 71
50 82 60 76
46 76 57 73
54 77 57 75
56 77 63 74
55 77 57 75
52 80 56 77
52 82 56 77
46 80 61 74
68 99 80 91
49 80 56 74
45 79 57 73
45 82 59 72
49 81 60 76
49 81 58 75
55 84 60 73
56 80 61 74
52 79 58 74
54 80 59 75
52 81 56 74
49 80 58 74
47 79 59 72
48 80 57 73
48 80 57 73
48 84 62 72
85 93 83 86
44 74 54 71
45 72 52 70
43 69 53 67
44 70 53 72
48 73 56 68
44 72 51 68
44 73 49 71
45 69 52 68
44 76 54 76
47 75 52 72
44 70 54 72
44 72 53 71
45 75 56 71
41 72 52 71
43 72 50 68
48 71 55 73
46 70 51 74
47 73 53 70
46 73 55 72
44 74 54 73
50 76 56 72
45 71 55 73
45 68 54 72
45 71 54 73
45 68 55 71
44 70 56 71
46 75 52 67
46 76 53 76
49 74 54 74
44 71 55 77
46 74 53 73
44 74 53 69
43 73 55 68
48 75 54 73
49 74 55 74
45 72 52 71
47 76 53 69
46 73 54 72
44 72 50 67
48 77 57 70
47 74 56 71
45 75 55 74
44 73 53 75
48 73 54 74
43 70 54 72
49 73 57 69
41 69 53 70
47 78 51 69
46 75 52 71
47 71 54 75
45 73 56 71
44 70 52 70
45 76 53 69
43 70 53 71
49 75 52 66
45 71 54 73
44 74 53 76
45 71 51 71
46 70 54 72
46 72 52 74
47 74 52 76
46 79 52 71
44 75 52 72
46 74 54 79
49 73 55 71
47 77 51 73
47 74 57 68
42 73 54 70
44 75 56 72
44 75 54 67
48 75 52 75
45 73 51 71
43 73 52 73
45 70 50 72
44 74 56 68
44 75 54 72
45 75 57 73
46 73 56 77
44 72 52 72
46 73 52 67
45 72 55 74
47 75 51 73
45 77 52 72
50 77 56 78
43 73 54 71
41 69 52 69
45 71 51 69
48 75 53 69
47 74 52 71
44 74 51 69
47 72 52 75
46 76 56 72
46 70 54 72
46 72 55 71
47 76 55 76
45 74 51 75
44 75 56 73
46 75 51 71
44 75 49 71
44 74 54 71
42 68 51 73
45 76 54 72
47 75 60 74
44 71 55 72
47 70 54 73
51 70 57 74
44 74 53 70
44 81 53 73
42 75 50 73
44 73 54 68
45 78 50 74
44 75 52 72
47 73 55 75
42 72 51 72
44 74 56 72
44 71 53 69
50 71 56 71
47 71 57 71
48 71 54 66
44 77 51 74
46 72 52 69
47 73 50 74
48 70 54 68
45 77 54 68
46 67 54 70
44 72 52 74
44 74 51 72
47 72 54 73
43 68 52 72
46 75 53 78
48 76 54 73
48 72 55 73
49 71 55 72
48 71 54 72
46 73 53 71
48 72 53 76
50 71 52 73
44 73 53 72
47 74 52 71
49 73 52 74
46 79 52 71
43 77 56 69
49 73 54 73
42 72 55 74
45 79 50 73
42 74 54 77
49 71 55 75
46 69 52 74
45 75 56 71
45 72 52 72
46 78 50 74
46 73 54 73
45 72 55 70
40 75 53 74
45 76 54 69
46 72 53 72
43 69 53 69
48 75 54 70
45 74 49 71
45 71 55 73
43 74 53 68
48 71 54 70
46 78 55 71
48 76 55 70
50 75 53 72
43 74 55 70
47 73 56 74
43 69 54 71
45 75 51 73
45 73 53 70
48 70 54 69
44 71 52 76
46 77 57 76
44 70 50 72
43 77 52 67
44 72 51 68
47 72 55 71
41 74 51 73
45 69 52 73
41 70 53 69
48 74 55 72
50 78 57 75
45 77 57 74
48 74 56 73
42 73 51 71
49 71 52 69
42 71 51 75
47 77 53 69
41 74 51 72
46 71 52 71
47 72 56 72
45 76 53 74
45 71 52 69
43 73 53 71
43 73 54 70
44 77 56 69
49 73 51 70
47 72 54 78
44 76 50 75
52 78 55 83
53 75 55 80
48 75 59 83
54 83 69 92
51 76 57 75
53 78 57 83
54 75 55 77
49 73 53 79
51 73 55 79
56 75 60 81
56 78 64 84
53 78 59 83
54 79 60 81
56 78 61 82
47 76 55 82
55 82 64 84
51 75 53 77
50 78 59 84
53 77 56 86
64 80 61 84
56 80 63 82
59 84 68 81
51 75 52 79
55 78 60 80
57 81 62 83
53 74 57 76
55 76 55 86
55 83 57 82
54 78 57 83
55 78 61 81
55 82 62 85
54 82 65 85
55 79 58 81
55 75 55 85
51 73 55 83
53 75 58 83
49 73 55 78
59 78 59 80
58 77 56 84
55 83 61 86
52 78 59 87
54 73 59 80
49 79 56 84
54 75 61 83
63 81 65 84
56 77 57 85
55 74 61 84
58 75 61 83
53 81 65 91
57 81 60 80
52 74 59 84
54 77 56 90
54 73 53 81
57 76 62 85
51 76 59 80
55 72 57 82
53 75 58 81
56 78 64 84
55 75 60 81
54 80 55 84
47 79 56 78
59 81 62 87
56 81 61 84
55 77 58 80
58 80 58 86
50 76 57 78
52 74 55 81
52 76 54 82
54 78 56 89
54 78 56 85
50 74 53 80
54 80 63 79
54 74 58 78
56 86 71 86
51 76 58 79
53 79 57 83
50 75 61 82
54 76 58 81
51 80 62 80
58 80 59 83
56 77 56 82
51 75 58 81
56 74 61 79
52 75 57 80
52 73 57 88
55 81 65 86
54 81 58 83
57 80 60 85
55 74 55 82
52 75 55 81
54 79 56 84
58 74 52 83
51 72 59 78
55 74 62 80
54 78 56 82
60 77 60 79
54 75 57 77
53 80 67 86
54 75 62 80
53 77 52 87
50 78 58 82
57 79 58 83
53 82 65 89
55 80 56 80
52 74 60 81
59 81 67 87
54 78 58 82
53 75 62 84
52 76 59 81
58 77 57 85
56 78 65 87
57 78 58 86
57 80 62 82
56 78 62 84
55 74 56 81
50 76 53 87
55 76 59 82
50 77 59 79
49 76 58 76
49 74 61 83
56 74 57 82
57 77 58 84
55 75 57 83
52 73 57 78
61 81 59 82
49 75 55 81
51 76 57 83
57 83 60 86
57 78 59 84
58 84 60 83
47 80 55 82
54 78 58 84
50 76 55 82
56 78 62 82
63 80 60 85
54 75 61 81
59 83 59 85
59 78 59 84
52 77 56 83
54 80 63 88
52 77 55 77
63 85 56 86
53 73 60 82
49 75 54 79
52 75 56 82
53 82 65 81
55 76 58 81
53 76 58 82
56 78 57 85
51 79 56 81
48 77 56 83
54 75 58 80
53 77 55 83
52 76 59 80
50 81 60 82
51 73 60 88
51 76 65 88
56 72 61 82
52 77 60 79
56 80 61 82
48 71 53 76
52 71 56 81
50 78 53 88
53 76 57 82
52 78 57 83
53 83 62 86
52 76 57 78
54 73 58 83
51 79 58 84
53 76 58 83
50 75 58 82
52 74 56 82
54 77 57 82
56 74 57 82
53 73 58 84
49 77 59 84
53 76 58 78
57 78 66 86
59 79 57 81
51 76 55 83
56 83 57 78
57 80 56 84
53 79 53 83
56 76 62 81
54 76 53 81
62 80 62 78
50 74 53 78
53 74 54 83
49 79 54 85
57 79 57 81
49 74 54 81
51 80 54 83
53 77 62 83
56 79 58 80
50 80 64 85
55 74 56 83
54 77 54 80
52 74 60 79
55 75 63 84
52 73 63 80
65 85 56 77
67 92 54 87
60 90 57 92
61 87 52 90
60 85 53 89
61 90 60 91
57 90 58 93
63 90 55 89
69 83 55 83
65 90 61 88
66 75 58 73
68 83 50 84
62 82 55 80
61 89 53 91
60 84 48 84
57 89 57 77
60 85 58 88
58 84 58 83
62 88 57 87
57 83 55 85
62 80 56 85
66 92 56 89
64 86 52 82
60 86 60 86
59 82 51 83
63 91 55 86
57 86 54 80
65 95 59 85
64 87 64 87
56 84 52 86
58 87 56 89
59 92 53 87
60 89 57 89
59 90 55 92
58 83 55 83
67 88 54 84
60 84 57 89
57 81 52 86
65 88 58 86
65 86 57 85
58 86 48 92
64 88 58 82
60 87 51 93
61 91 61 98
59 84 54 91
66 83 56 85
62 81 57 90
67 81 64 88
62 90 57 80
57 89 50 91
65 93 60 89
58 91 55 90
69 81 57 83
65 87 52 90
59 87 50 89
59 91 57 83
60 86 54 94
65 84 58 80
60 87 59 95
62 83 58 89
59 91 54 80
60 82 54 85
64 89 63 86
57 80 57 80
67 84 58 84
63 84 61 88
67 89 57 86
54 85 46 84
64 86 58 85
50 72 52 83
63 88 59 88
65 86 58 94
62 84 55 91
59 79 51 90
59 89 55 91
60 90 56 88
57 89 56 101
67 83 54 82
63 84 51 83
65 85 56 91
60 88 57 85
60 97 59 96
60 83 61 89
59 89 66 95
65 95 58 87
59 84 48 84
64 90 58 84
58 77 55 81
62 85 59 87
67 86 62 97
60 86 58 98
56 83 54 84
62 84 53 88
62 85 60 81
61 83 58 90
58 85 48 86
60 80 63 79
62 83 56 75
63 88 55 87
58 83 56 89
67 86 58 88
56 84 56 93
65 90 57 89
57 80 57 78
58 88 53 86
66 93 58 83
60 81 57 83
61 82 55 87
69 82 54 87
60 82 53 85
62 88 53 97
67 86 59 87
63 84 52 86
63 80 55 92
64 83 51 86
69 88 61 93
62 86 54 93
59 82 57 85
62 83 55 82
57 83 51 86
64 86 53 86
62 94 56 90
70 87 55 89
58 86 52 84
66 87 56 87
59 80 60 86
58 91 60 86
59 81 56 86
59 85 51 89
59 80 50 79
68 85 57 82
64 90 59 85
60 90 54 90
63 85 57 87
59 86 55 84
64 82 55 88
62 87 57 96
55 91 54 92
59 92 53 88
62 87 62 87
61 86 54 78
65 90 56 95
63 93 59 88
60 81 58 77
57 75 51 83
65 81 58 88
59 95 59 82
62 87 52 90
60 86 52 83
62 80 55 87
65 95 58 94
64 88 61 95
69 88 57 87
67 79 57 84
57 86 48 89
60 78 55 89
59 87 51 84
61 89 54 93
67 90 58 95
60 85 61 90
59 83 51 83
56 81 55 88
64 80 57 78
59 86 52 88
60 81 64 77
60 93 51 87
59 86 58 86
60 84 56 90
65 91 63 94
60 88 58 93
60 83 53 78
61 89 52 89
65 86 60 99
64 86 52 87
61 85 56 82
60 91 51 84
67 83 59 83
61 80 64 92
58 87 54 82
60 87 56 84
58 82 56 81
66 86 58 78
64 86 58 86
64 77 61 85
64 85 58 86
60 83 52 86
63 82 59 88
59 80 51 91
62 83 50 93
59 83 49 86
62 89 52 87
56 87 54 83
59 82 55 83
59 82 59 84
60 91 57 89
67 81 58 91
65 85 60 95
57 86 55 86
63 93 53 85
59 88 55 84
