51 77 55 73
51 75 59 82
84 100 92 99
70 90 88 79
73 92 75 99
93 91 91 95
85 95 84 80
85 92 92 77
77 95 77 88
78 99 79 95
77 105 93 84
94 94 87 101
78 92 84 87
85 103 83 101
82 92 96 90
82 90 84 91
85 97 85 98
85 84 90 79
86 103 90 93
82 100 93 85
81 93 83 91
77 92 101 96
86 92 89 87
73 99 84 99
79 98 84 87
78 100 86 84
78 98 78 95
84 89 80 86
72 102 77 98
80 103 93 98
73 97 85 92
84 87 93 82
87 96 83 97
77 97 85 93
81 97 88 81
77 99 87 91
84 98 81 92
82 100 80 93
78 93 82 84
80 102 77 96
83 99 84 96
84 93 88 95
78 88 88 100
83 101 87 97
75 101 76 76
92 92 92 79
80 94 84 98
73 93 79 107
87 93 84 93
80 100 84 89
88 101 74 78
71 102 89 88
80 86 80 95
79 99 82 87
74 93 91 80
79 87 96 99
74 101 86 90
80 92 81 101
74 92 86 81
77 94 87 91
84 91 79 78
83 91 76 100
86 100 95 102
78 97 85 95
75 88 90 83
80 90 84 93
91 102 94 94
83 96 82 82
73 92 76 87
84 94 81 84
80 87 86 86
80 90 90 82
75 98 96 91
77 99 92 79
79 100 85 80
81 94 85 83
80 100 84 77
78 102 92 93
76 85 87 98
76 90 85 79
74 97 87 89
74 92 80 92
73 107 91 88
82 94 86 93
83 94 87 86
81 102 83 87
83 95 84 95
83 93 87 86
88 89 81 81
87 90 86 85
81 97 92 88
78 92 95 85
78 101 91 80
82 87 76 83
91 98 90 88
71 91 81 92
83 101 87 82
80 95 81 92
77 100 87 100
81 100 95 93
77 93 98 91
75 98 85 94
80 97 87 91
81 101 91 95
81 102 83 87
90 96 91 90
85 84 84 77
85 97 86 90
76 100 84 96
69 93 79 90
85 96 92 86
82 99 86 93
90 92 89 87
86 87 87 79
71 88 85 95
84 98 91 100
75 104 81 100
76 97 83 86
86 105 85 104
72 95 79 93
84 93 93 83
77 95 92 86
76 95 88 86
78 92 86 93
82 95 96 85
77 102 84 89
83 92 85 90
71 87 91 79
78 105 80 78
81 99 90 94
85 95 87 88
82 91 85 89
78 99 91 95
73 87 86 97
85 103 95 89
86 99 90 86
85 95 90 85
85 101 99 85
87 94 88 99
80 97 84 92
79 94 87 89
80 91 90 87
84 97 88 94
80 90 82 77
80 93 93 80
81 94 88 86
75 102 79 93
76 92 88 88
75 93 88 81
88 95 88 92
83 90 90 88
80 95 87 88
76 92 91 95
81 89 86 98
81 102 86 85
86 100 85 94
88 86 102 86
85 85 88 85
77 98 92 88
84 97 91 99
82 92 85 89
78 89 87 85
84 99 83 89
78 93 84 89
84 83 98 84
87 94 89 87
79 87 93 82
86 96 91 89
79 104 97 85
84 83 83 87
84 95 81 85
86 99 98 88
79 98 83 91
85 96 91 99
78 88 82 83
80 96 85 98
73 94 73 90
76 101 77 93
76 94 83 79
88 98 92 81
93 97 88 90
75 90 92 84
82 92 87 94
83 86 86 92
86 99 81 93
87 99 86 80
82 88 83 90
66 90 78 83
79 94 83 91
87 110 86 91
81 104 94 89
80 88 86 85
76 94 86 102
78 95 97 90
92 97 86 93
78 99 86 89
74 88 92 82
84 101 75 84
86 99 84 86
69 92 76 84
76 99 86 85
79 98 78 77
81 87 92 87
75 92 96 83
81 90 87 92
80 98 83 85
78 97 99 86
89 91 96 89
72 100 87 92
71 93 83 92
78 89 89 88
84 93 83 87
77 92 87 87
78 90 90 89
88 92 84 93
86 92 81 78
83 102 89 97
84 91 92 90
79 96 87 82
78 93 83 83
80 98 84 89
87 98 90 94
77 98 85 88
78 104 78 83
80 99 78 85
78 98 94 87
87 98 86 85
77 98 89 82
75 94 89 82
80 100 88 94
84 91 86 84
80 98 81 87
81 93 84 84
71 92 86 90
73 96 88 83
86 97 87 81
87 103 86 103
86 99 93 89
90 86 87 93
81 97 89 87
81 93 87 83
78 87 93 86
85 94 86 95
78 93 82 87
82 109 84 88
69 92 92 82
82 89 79 87
75 97 84 88
86 100 86 95
81 90 92 87
90 96 86 88
91 96 89 86
79 98 83 94
73 103 86 93
82 98 82 88
78 103 84 96
69 101 84 81
72 90 84 86
79 94 89 89
72 94 94 93
80 86 92 86
74 84 77 89
94 91 88 88
88 99 86 103
73 96 75 80
85 94 79 80
86 95 95 97
72 101 89 78
84 90 82 88
80 89 89 82
74 92 84 92
79 99 90 83
68 99 83 97
85 107 100 84
83 99 80 86
79 97 86 88
83 97 89 89
76 85 91 90
79 102 84 95
87 96 93 92
75 102 78 89
86 93 83 89
85 95 90 95
86 99 82 86
79 102 84 89
81 92 87 81
83 101 85 83
84 89 93 82
78 95 86 89
81 88 82 81
77 95 80 92
77 87 92 83
79 88 93 77
91 94 79 85
79 95 83 87
88 89 91 82
84 97 89 89
76 95 89 95
81 88 92 80
84 92 92 81
85 95 80 88
79 89 91 89
82 96 88 93
79 94 92 86
78 89 93 100
71 85 78 86
82 100 94 90
84 92 87 89
87 99 87 88
83 101 83 89
72 100 86 88
80 89 92 88
89 106 96 94
80 93 82 101
86 92 85 95
85 91 98 89
76 101 99 86
81 88 86 92
78 98 94 93
96 96 87 98
79 87 95 92
79 92 83 82
70 90 86 83
90 97 82 84
78 98 84 87
82 87 86 81
85 93 91 91
81 99 82 97
78 96 89 90
88 99 85 85
79 88 88 83
74 92 86 91
87 96 90 90
78 94 80 96
79 100 85 96
86 97 86 83
78 95 86 88
76 87 80 80
78 91 96 92
77 89 94 87
74 96 87 90
86 104 95 82
68 95 87 83
80 94 85 82
81 90 89 80
82 95 92 85
84 97 85 80
78 95 93 94
79 84 86 88
88 99 76 96
88 97 93 99
83 90 94 84
72 90 91 84
75 97 84 86
82 93 82 93
85 92 86 80
80 95 91 89
77 85 83 89
83 95 91 88
73 92 81 92
77 106 85 87
91 91 86 85
85 85 92 88
80 98 87 96
84 94 95 81
79 85 87 94
83 96 77 97
66 93 90 87
76 88 78 92
78 87 89 85
77 90 84 88
72 94 77 90
71 96 84 84
77 85 80 88
82 108 83 91
87 92 88 78
80 95 89 98
79 98 80 93
67 87 92 91
87 91 83 85
85 103 84 90
89 97 86 95
71 95 80 100
75 98 95 93
87 90 83 85
88 85 76 94
91 92 85 94
81 98 98 89
92 93 85 92
82 86 77 91
77 86 79 87
82 100 88 90
76 96 86 88
82 91 80 84
83 91 84 83
75 87 87 95
78 103 91 82
74 90 87 89
74 89 88 94
75 91 85 81
82 101 97 80
87 98 92 88
85 84 85 94
81 93 80 86
90 94 92 87
77 103 78 91
84 101 90 89
94 110 91 91
81 91 77 84
75 94 80 85
85 92 84 84
82 104 79 80
77 98 86 83
83 86 70 88
81 101 85 92
74 91 84 91
74 103 79 87
73 94 88 81
84 91 88 89
78 92 89 87
76 91 96 83
76 101 88 80
73 90 88 89
90 91 84 87
75 90 87 89
82 102 81 88
87 88 87 85
78 95 89 81
75 101 77 103
68 91 72 92
78 88 90 87
81 96 90 77
77 85 85 83
83 89 88 82
83 88 90 85
85 95 79 102
89 89 86 87
79 79 88 91
74 94 89 95
80 83 84 74
76 91 85 95
82 89 85 84
76 95 94 86
73 91 82 89
86 98 80 96
86 103 80 89
83 100 85 92
75 93 85 91
80 93 87 77
77 98 81 85
74 101 94 86
77 91 87 91
87 99 91 86
73 97 81 84
83 89 89 91
77 92 90 85
74 105 100 88
84 104 86 96
68 97 87 78
83 100 86 87
74 87 81 86
79 88 89 83
90 95 85 89
80 87 89 91
80 97 96 88
81 91 94 87
86 84 89 95
85 98 86 95
76 97 88 87
85 98 89 78
78 88 90 96
87 100 88 92
97 100 92 87
80 94 83 100
86 95 94 98
74 84 79 80
75 90 89 83
81 103 92 91
93 90 94 78
84 94 88 84
86 95 91 89
75 91 88 92
78 91 91 87
73 72 75 74
77 87 95 88
79 87 83 93
86 98 88 86
79 96 86 84
80 94 84 93
76 90 84 89
87 97 82 89
79 90 94 82
90 85 82 83
78 98 86 88
85 86 87 82
86 95 89 90
79 95 89 94
80 98 80 94
79 89 88 89
77 95 83 90
92 99 95 90
86 97 93 95
81 92 80 88
72 92 83 84
84 92 86 85
80 92 78 89
84 96 88 87
85 102 81 104
93 99 86 92
87 93 86 80
78 94 85 83
79 97 89 90
86 95 86 88
83 90 91 94
92 90 90 90
77 94 71 89
82 84 86 90
80 101 87 86
85 92 93 87
74 84 92 88
75 91 95 84
85 98 85 97
78 95 86 90
86 92 84 93
74 99 83 91
79 95 91 96
83 92 87 83
74 88 78 82
73 98 79 85
84 94 88 83
76 101 94 87
77 77 86 87
81 97 87 84
79 94 80 83
84 93 95 94
84 93 86 93
78 91 91 84
79 101 86 109
73 94 83 87
82 91 88 92
80 90 82 87
84 107 81 85
79 92 88 98
82 86 99 84
82 91 86 91
78 90 89 92
70 104 86 98
79 102 87 90
84 90 81 79
76 97 82 92
86 87 86 87
76 94 81 90
83 101 94 85
79 92 86 82
76 93 102 88
86 91 88 85
83 104 91 82
79 91 82 91
80 97 89 86
78 96 89 97
86 94 78 89
85 89 86 82
75 86 80 98
78 99 98 98
77 91 92 95
85 92 91 85
74 91 92 91
73 90 81 82
78 87 90 88
83 87 82 91
85 100 92 89
83 102 86 87
77 95 93 91
85 98 89 87
81 93 91 85
74 90 77 85
76 92 92 86
76 90 90 92
72 95 94 91
72 92 84 82
78 99 89 96
83 81 89 92
81 90 88 87
82 100 90 94
75 92 91 91
84 82 89 81
77 92 101 90
78 100 95 90
83 83 87 92
82 87 80 84
74 89 96 81
78 96 88 95
86 94 90 99
83 92 82 87
77 90 84 88
83 105 87 93
82 95 91 89
85 90 85 81
79 94 78 81
97 96 92 93
85 90 86 94
77 98 86 83
85 97 82 96
73 98 84 100
81 87 89 94
86 94 90 94
84 103 92 91
76 99 77 83
86 96 85 95
80 92 91 79
74 99 89 95
83 97 102 84
84 90 84 89
89 99 82 103
71 91 81 76
81 101 86 87
73 86 87 91
82 100 87 91
82 100 74 92
81 87 98 87
82 95 91 99
73 90 88 86
86 94 80 82
79 94 93 93
80 92 91 84
85 93 82 84
74 97 93 91
74 91 81 90
82 96 82 80
69 97 88 93
69 92 83 72
78 91 78 85
84 90 84 82
84 95 87 84
84 87 91 87
84 89 91 86
85 100 85 84
84 99 86 91
75 95 82 88
81 104 78 99
79 91 80 92
84 92 82 79
85 97 87 92
90 102 86 90
81 88 87 91
80 109 93 96
79 94 88 88
82 104 93 88
78 99 82 89
79 89 90 85
86 94 91 93
73 96 89 81
89 94 84 83
78 92 83 79
88 95 81 94
75 86 80 90
79 99 91 92
83 97 81 92
78 95 90 98
84 100 85 82
72 94 84 84
80 87 85 92
76 95 75 79
80 99 91 91
83 102 96 84
79 97 93 97
75 91 86 90
76 95 94 101
82 97 82 86
82 103 96 88
80 101 84 90
73 88 82 87
84 98 87 98
79 99 88 95
83 99 76 101
80 90 81 95
73 83 85 86
76 93 89 87
71 96 90 90
90 103 92 90
78 97 87 86
79 89 85 87
72 92 89 82
87 97 90 86
79 91 85 82
76 93 93 87
71 91 87 89
86 95 83 91
79 96 91 83
88 96 81 90
86 85 85 82
81 94 85 85
77 100 88 84
75 91 84 92
78 95 85 91
76 95 91 86
72 91 85 87
80 95 96 81
88 94 88 87
77 97 86 96
73 90 82 87
87 87 85 85
78 99 104 93
86 99 86 83
91 100 90 89
76 93 91 82
87 85 79 82
85 89 88 86
77 98 82 84
71 100 93 88
78 87 91 88
82 94 89 85
79 98 85 81
82 91 88 82
83 102 92 87
86 100 89 99
77 96 89 88
65 98 77 94
76 90 92 84
80 91 76 78
79 85 81 88
72 89 84 83
85 95 88 87
91 92 84 88
81 100 97 88
84 85 79 91
80 94 97 87
77 93 86 85
74 91 97 91
83 92 88 83
87 91 81 93
81 89 93 89
76 99 80 78
80 84 82 90
85 111 85 94
90 98 98 97
77 93 77 84
85 91 83 89
85 90 87 90
87 93 87 79
78 112 75 94
72 98 97 80
77 105 89 95
80 96 86 89
78 97 96 102
70 96 83 85
74 84 73 78
75 99 89 95
86 100 91 87
85 99 99 86
78 95 84 83
73 90 79 89
82 100 93 92
85 102 85 83
82 97 78 81
89 94 84 100
74 88 88 82
81 96 81 91
80 92 87 89
79 100 95 79
78 91 90 78
87 94 96 84
80 96 81 77
77 96 88 77
81 101 85 90
79 103 84 91
81 100 85 91
80 96 96 84
80 92 85 86
78 92 87 77
80 100 87 86
79 101 82 97
75 90 90 95
80 90 79 82
82 98 85 83
77 91 94 88
82 88 87 80
84 104 93 88
83 100 78 81
81 95 94 86
84 92 82 84
76 93 94 95
79 89 85 87
81 95 92 92
78 88 82 92
77 96 93 92
83 100 93 85
83 102 90 86
85 97 91 100
80 100 92 81
74 92 89 94
84 93 95 87
81 95 87 90
73 90 88 89
88 87 87 87
82 100 83 87
76 85 94 92
82 92 84 96
91 97 89 84
85 98 95 89
79 109 90 91
74 101 83 81
81 101 100 86
72 94 88 90
75 94 82 91
86 88 82 96
80 96 93 97
78 109 91 87
74 93 85 92
72 96 81 96
80 91 88 88
71 99 94 86
80 97 87 84
74 99 95 87
82 103 85 92
84 93 85 82
84 94 92 89
81 88 88 93
75 91 83 83
82 88 83 94
84 100 88 90
78 88 90 88
79 86 89 88
88 100 84 94
77 91 78 96
76 94 83 94
79 99 77 84
88 90 82 97
71 89 74 83
77 89 81 74
77 96 94 85
78 96 88 83
75 100 83 102
84 98 82 94
84 93 91 102
81 92 95 87
86 93 100 85
76 94 80 86
72 92 75 91
87 91 85 96
72 99 84 94
81 84 86 83
81 108 85 89
76 103 94 96
76 89 90 79
75 91 85 87
88 83 94 82
77 102 84 89
85 85 87 87
82 98 95 99
91 96 92 94
85 101 83 97
88 91 83 86
85 88 88 86
89 93 82 88
85 90 91 81
77 100 82 93
74 92 88 92
79 81 82 85
88 88 88 82
71 94 86 81
79 90 90 95
82 96 96 87
90 96 82 79
85 100 74 96
85 100 90 84
83 94 85 79
82 95 90 88
84 92 83 81
89 98 95 90
85 97 95 89
71 100 90 85
75 100 89 83
69 94 88 94
74 93 91 94
75 104 82 91
77 96 89 95
86 92 86 95
87 87 91 76
81 94 85 85
81 95 86 86
83 93 88 94
79 105 93 90
85 87 82 81
85 96 90 90
82 87 91 89
83 95 87 91
80 97 95 85
79 85 77 94
74 91 95 88
85 90 86 89
75 95 79 91
78 88 82 81
80 96 85 91
81 90 88 90
87 95 84 102
82 99 83 91
84 92 90 83
86 87 88 91
74 97 94 88
82 90 89 91
75 96 97 97
78 91 90 96
77 90 83 92
89 88 80 91
78 105 92 85
75 94 86 88
81 99 96 86
87 83 90 93
83 95 93 81
82 94 86 85
74 95 87 88
72 97 82 87
75 96 88 89
72 96 86 81
74 97 91 91
81 92 78 86
81 98 83 78
79 93 80 90
75 91 83 85
84 100 91 95
77 89 88 82
75 101 96 99
82 94 77 92
88 100 88 102
81 100 88 103
84 100 83 88
85 92 84 90
77 89 89 90
78 99 93 92
82 93 87 87
95 91 82 91
82 92 95 78
90 99 82 87
88 95 89 84
83 92 92 83
77 91 84 93
82 103 78 93
83 95 89 86
85 91 88 82
83 94 89 81
80 94 89 84
76 96 80 90
84 89 89 80
75 103 88 83
86 88 88 90
76 89 83 82
76 92 83 94
75 98 84 87
76 100 90 98
72 90 81 87
82 92 83 100
78 96 93 82
84 102 85 93
79 99 88 90
83 96 76 90
76 100 81 95
78 97 84 82
70 92 79 92
76 93 90 92
76 101 82 96
85 85 77 82
84 95 80 99
78 90 86 78
76 94 82 88
74 98 82 88
80 96 84 89
68 100 82 88
81 86 82 83
81 96 82 80
69 97 89 89
86 90 93 94
84 100 92 88
80 89 94 85
78 93 87 80
80 106 87 91
91 93 89 84
72 91 82 86
81 86 90 96
88 100 92 87
77 94 93 91
78 88 86 83
73 101 92 83
84 103 95 91
77 100 82 89
82 99 95 82
77 93 91 81
80 94 89 99
89 86 92 76
80 95 85 85
78 94 95 91
82 88 86 87
83 96 86 88
80 94 87 91
73 98 88 84
72 99 88 82
66 100 87 86
85 93 97 82
77 94 88 85
82 107 88 84
85 96 84 84
84 96 84 99
75 97 84 88
83 88 87 89
83 87 76 86
85 97 86 95
74 86 83 95
80 94 83 89
87 82 79 93
76 101 80 97
87 91 82 89
85 96 92 84
78 94 85 102
76 95 90 79
78 101 90 78
73 95 100 92
80 97 80 84
82 87 79 83
71 90 88 88
77 92 82 92
78 92 92 95
81 95 86 87
79 98 93 86
82 97 82 90
82 93 93 86
81 93 84 101
76 100 88 87
79 87 80 76
89 96 91 86
78 97 85 93
82 94 86 89
78 98 95 84
86 96 92 94
76 91 91 93
75 102 94 90
99 99 86 88
76 93 81 83
83 96 80 87
86 92 78 99
80 89 85 74
84 93 81 76
81 92 97 86
84 102 97 84
80 94 81 97
89 94 87 79
84 86 82 93
85 92 92 82
82 100 91 86
74 96 81 95
80 96 77 89
81 98 77 91
79 99 81 86
83 93 81 84
85 95 89 91
94 101 88 101
86 83 77 87
73 95 88 79
74 95 92 97
77 95 101 95
75 95 85 92
81 83 89 90
78 99 86 83
77 101 86 87
82 102 88 87
79 93 80 87
73 98 92 82
67 86 82 79
79 88 89 92
84 96 84 88
82 88 95 89
76 105 90 88
82 104 90 87
77 97 79 96
74 97 90 84
81 91 85 89
84 91 85 85
78 92 95 85
85 93 83 84
84 91 89 92
79 95 85 90
82 108 86 94
80 98 79 89
75 87 100 89
81 96 85 93
82 99 89 90
84 90 81 80
79 95 96 96
86 92 91 94
79 98 84 90
78 97 99 83
73 102 96 89
78 97 86 87
74 96 79 84
78 93 90 82
78 91 89 94
85 93 91 96
75 98 86 88
79 95 78 88
82 95 83 98
76 103 86 95
76 96 87 80
74 86 85 88
76 100 87 82
84 88 92 86
76 92 83 90
74 91 82 94
83 93 81 99
89 95 91 92
88 97 87 87
73 96 82 87
77 90 83 100
82 96 84 84
87 96 88 89
89 100 95 86
84 105 78 86
87 99 91 91
86 94 89 95
78 92 90 92
82 99 92 80
81 99 82 79
84 90 93 96
83 90 87 87
84 102 90 79
76 80 91 86
77 93 86 87
86 101 94 97
76 102 84 85
76 91 83 90
78 88 84 87
82 92 83 84
83 93 88 96
93 98 91 96
80 84 80 84
84 101 92 84
82 95 79 80
78 86 81 88
87 85 98 96
86 97 88 90
78 98 90 94
76 100 84 93
80 98 84 89
76 92 86 81
81 92 83 91
84 93 82 91
75 98 83 93
72 92 81 90
72 89 87 91
76 98 89 85
85 96 87 90
85 96 86 90
79 90 86 87
79 92 89 84
80 94 85 87
66 95 99 89
84 92 93 93
79 102 93 98
78 97 97 93
76 96 84 84
71 83 80 78
82 94 81 91
87 83 88 97
78 93 89 90
78 101 104 85
77 89 91 80
79 91 84 89
72 97 85 84
83 92 92 90
82 99 88 86
78 91 91 83
74 91 92 95
73 93 77 91
78 102 90 85
77 94 85 93
86 91 83 92
77 96 91 95
81 90 85 93
77 85 87 83
69 94 86 85
84 92 86 92
78 98 81 95
89 96 94 91
79 94 90 91
87 103 83 85
85 89 83 81
88 85 102 90
86 93 78 89
74 98 91 86
81 92 88 84
85 96 83 91
86 102 79 79
77 92 90 80
89 89 88 92
78 93 85 94
83 85 88 88
90 99 94 92
75 92 92 87
81 91 89 91
81 88 79 92
72 95 95 91
86 105 87 93
77 89 85 86
78 93 86 93
82 96 92 87
79 97 86 83
80 90 85 86
82 99 91 86
82 94 81 103
73 89 86 86
77 103 96 91
86 98 98 88
75 91 84 93
76 93 88 86
76 84 85 87
87 87 87 87
76 99 83 88
73 93 93 96
74 94 82 81
83 97 88 86
78 95 87 93
85 112 92 94
81 94 90 86
75 87 87 86
76 93 79 76
87 92 95 83
80 90 94 81
80 105 93 95
78 97 83 98
82 91 93 86
79 100 82 87
85 95 81 93
84 95 87 91
85 99 76 95
68 85 90 75
73 104 90 87
84 101 92 85
91 101 87 89
70 93 101 82
74 87 94 81
71 85 79 87
77 100 86 97
72 90 78 84
87 95 94 93
92 89 89 84
87 90 87 92
73 96 95 92
74 94 92 83
81 102 96 89
81 97 89 100
86 96 101 88
79 106 88 103
79 96 82 93
81 101 90 88
71 88 85 85
75 96 92 84
85 96 89 87
77 97 85 92
84 98 80 95
82 94 83 82
81 98 91 79
81 93 87 95
83 91 94 90
85 95 97 76
80 95 80 91
83 104 92 93
76 91 84 87
84 92 76 90
79 103 89 91
80 100 87 81
82 94 83 88
81 105 72 102
87 92 83 87
75 108 86 84
84 97 92 91
82 94 82 97
80 96 89 86
85 91 89 87
77 95 90 92
70 94 81 91
83 91 77 89
80 90 94 84
77 89 93 77
89 94 91 89
83 100 92 97
83 98 82 84
81 96 79 89
86 81 82 93
84 97 91 94
78 90 91 81
81 87 90 77
82 98 89 98
83 91 81 82
92 98 90 90
80 101 84 83
76 93 84 84
81 93 86 83
77 95 85 98
75 87 92 85
88 102 87 91
87 95 87 82
91 91 90 94
85 100 96 87
91 92 90 94
69 89 86 79
82 88 93 84
86 94 83 80
87 103 74 112
73 101 85 96
75 105 80 93
83 101 86 90
87 97 90 86
90 93 94 100
78 94 96 90
86 87 88 86
70 90 83 84
83 92 81 84
89 98 90 93
74 97 79 97
87 97 106 81
82 96 91 95
73 102 79 81
85 104 89 95
84 81 89 85
77 95 90 91
82 95 84 87
74 92 88 88
71 84 82 88
83 95 82 84
84 93 80 88
81 98 82 97
89 100 97 88
80 99 77 90
78 97 81 87
87 103 92 85
77 102 104 91
77 94 83 96
74 97 88 85
84 88 86 86
81 91 73 90
83 92 90 83
83 93 95 77
71 90 78 88
75 92 91 91
74 93 83 78
72 85 80 91
85 96 79 93
84 96 86 93
84 93 87 93
83 97 79 93
88 93 82 85
79 103 93 90
78 93 82 89
83 95 86 99
77 96 92 88
87 95 83 89
82 96 98 86
76 94 90 97
90 94 90 92
74 93 87 81
79 98 93 91
86 97 89 79
72 94 93 88
73 91 89 86
74 103 88 90
84 92 86 94
75 97 83 90
80 104 93 91
75 99 93 83
88 103 93 84
90 97 95 81
86 92 91 85
92 96 93 86
81 100 92 83
77 98 79 86
80 95 90 87
88 88 84 95
81 94 97 82
77 102 85 86
84 100 93 95
83 101 91 83
83 89 87 86
81 86 83 83
83 87 79 89
76 89 90 86
84 90 92 93
76 92 84 95
79 94 90 81
84 98 82 85
79 86 83 90
80 93 90 87
87 94 83 95
82 95 81 90
75 102 88 92
77 99 88 87
77 98 86 105
80 91 89 88
79 93 80 88
82 96 87 86
85 108 80 87
82 91 74 89
77 108 92 101
81 88 97 88
87 92 81 89
80 96 89 93
74 96 85 87
80 96 92 102
80 91 90 88
76 102 90 86
83 101 93 87
81 100 90 91
79 80 88 92
82 95 74 90
73 96 83 88
82 95 90 87
87 91 91 91
80 98 88 89
79 92 93 88
75 96 84 91
81 96 82 91
79 93 93 89
85 94 87 79
87 96 82 88
68 87 85 90
80 100 88 92
79 104 79 83
83 95 77 95
95 95 82 85
77 90 94 93
89 88 88 82
83 98 80 88
64 93 89 86
80 95 97 83
92 98 98 93
86 97 80 95
83 87 87 97
84 96 87 80
83 91 90 91
78 97 89 83
83 93 82 91
76 86 94 84
64 86 80 88
82 92 83 83
73 102 78 91
80 94 91 86
75 88 84 83
70 90 79 87
83 90 87 89
74 93 91 92
82 92 100 88
78 97 90 90
92 90 89 93
72 91 84 89
82 109 87 96
77 97 86 94
76 97 78 103
85 92 92 89
84 90 82 83
85 98 82 88
82 101 84 91
84 97 88 82
91 90 79 87
76 88 82 92
83 94 86 79
76 92 93 84
82 97 88 86
85 95 89 88
79 93 92 90
82 93 86 95
84 91 85 88
90 94 87 90
84 108 89 89
72 93 84 90
71 98 93 88
79 94 89 89
87 94 88 105
83 89 82 85
75 93 91 88
80 94 92 82
89 98 82 87
85 90 91 91
73 94 90 87
87 107 89 91
75 91 87 94
80 98 83 86
83 98 84 82
77 97 92 96
79 103 90 93
78 88 87 80
73 95 85 91
82 96 82 85
90 93 86 79
72 86 88 82
88 97 87 87
81 99 88 97
78 92 81 95
78 99 80 87
77 93 98 87
80 92 88 90
84 85 81 82
85 96 93 89
78 92 87 88
81 88 85 81
76 93 83 82
77 86 78 96
73 91 76 98
72 89 89 88
84 96 83 81
78 101 85 80
78 101 85 84
83 93 89 90
79 91 84 88
72 96 89 87
86 88 91 91
79 90 90 81
69 98 88 92
82 95 96 85
81 104 89 90
76 96 80 93
75 94 88 77
85 89 89 100
75 91 95 79
72 95 86 92
85 94 85 90
88 98 90 87
83 101 93 86
79 98 86 90
79 89 93 89
85 97 90 94
77 100 88 90
85 97 82 87
75 88 99 99
77 96 90 97
83 90 89 100
84 97 95 91
70 96 93 89
64 90 93 85
76 106 93 90
76 96 85 94
88 90 86 95
81 94 87 96
85 98 84 92
84 90 91 90
87 86 88 88
87 94 88 85
74 97 97 87
65 95 90 81
81 103 95 88
80 96 81 101
79 102 86 89
83 82 94 93
88 97 85 92
91 92 88 85
70 97 81 83
81 88 93 84
76 95 82 80
84 97 82 88
76 93 77 82
76 84 90 86
85 93 87 89
78 88 94 95
87 112 86 85
69 89 73 91
80 98 88 91
85 91 98 94
87 85 87 93
83 102 88 96
76 89 86 79
91 90 85 90
79 88 86 87
79 100 85 90
91 97 87 81
86 101 94 86
76 102 92 87
80 94 82 85
72 98 92 89
78 90 94 86
73 86 86 88
81 88 84 91
81 102 90 87
74 94 85 88
78 93 84 97
72 94 80 84
83 88 83 81
83 91 93 84
85 103 91 100
86 96 88 96
84 93 95 79
71 96 82 91
86 100 89 91
82 87 96 90
87 94 92 82
83 86 78 89
77 97 83 87
72 92 79 97
74 91 90 86
90 93 91 97
84 86 83 92
85 92 89 92
69 90 88 95
76 84 85 76
90 101 81 77
74 92 90 82
82 97 83 97
73 86 84 91
67 90 77 92
77 93 83 84
88 101 82 87
89 95 88 82
86 102 88 86
86 93 91 96
77 85 87 85
75 104 91 84
79 90 85 93
83 88 83 88
79 106 94 92
80 95 84 89
79 98 84 99
77 90 77 94
83 105 88 85
76 93 80 88
79 97 88 103
75 101 86 96
85 102 97 96
72 89 86 87
85 89 88 79
72 93 92 82
77 92 79 89
83 91 91 89
77 98 88 85
83 91 80 88
82 96 90 93
66 89 85 85
75 90 83 89
83 102 84 89
83 98 85 89
84 99 95 84
73 90 93 102
82 99 83 86
73 91 93 94
81 102 89 87
81 93 86 97
72 95 81 78
78 90 84 88
71 89 83 90
80 89 89 84
68 90 80 89
86 84 90 102
78 88 85 94
84 106 87 96
86 100 95 91
84 100 87 85
79 90 95 84
74 93 87 80
78 94 87 89
87 91 81 81
77 96 92 91
75 87 89 88
81 99 84 92
80 100 93 97
78 97 81 92
80 92 80 85
83 98 83 89
79 97 80 86
79 94 87 88
82 95 89 93
81 95 85 87
84 95 81 83
77 95 91 87
83 90 89 96
79 94 90 81
71 96 75 88
84 92 82 89
86 95 77 87
82 84 92 88
87 93 86 85
77 95 85 85
80 89 93 85
75 90 82 82
84 97 96 89
75 91 85 84
88 102 83 87
78 94 76 90
86 103 94 85
79 91 95 88
80 95 81 101
74 94 85 92
91 91 93 89
82 96 80 79
77 93 80 83
85 87 84 88
88 101 93 85
83 96 92 94
81 92 75 83
77 85 91 87
84 92 91 89
81 94 80 94
76 102 88 87
78 88 87 83
82 96 85 87
78 98 89 85
83 94 90 85
90 83 89 86
86 96 85 81
75 98 89 89
75 101 86 95
88 90 88 85
87 101 88 88
74 97 80 86
84 96 85 95
83 92 75 87
76 93 89 88
85 96 86 92
76 85 93 88
75 92 88 98
76 91 89 85
77 94 87 77
82 95 95 90
74 90 79 89
81 94 84 93
86 95 88 90
82 87 82 90
78 94 94 95
83 96 99 78
87 100 94 95
88 90 84 95
89 97 95 86
87 90 87 85
83 95 91 82
83 93 91 96
83 91 87 89
73 91 82 94
76 91 85 88
75 92 100 85
76 93 86 93
79 97 82 91
80 98 89 93
89 89 85 81
84 109 77 101
70 93 74 88
79 93 93 89
76 90 88 88
71 106 77 106
84 91 83 93
79 88 86 90
83 92 85 84
84 92 93 92
82 94 84 83
79 98 93 85
74 90 76 91
89 91 87 99
82 90 91 96
81 96 96 97
69 89 82 96
79 101 92 76
77 84 82 78
83 88 87 89
82 95 89 87
80 97 85 89
74 99 87 87
80 91 82 96
81 95 85 90
73 93 93 78
86 91 81 74
77 97 87 98
78 93 92 93
81 103 83 91
86 91 92 85
81 103 79 103
83 100 89 94
81 92 93 89
81 82 80 90
75 89 85 80
81 97 85 83
81 103 87 89
77 97 82 97
78 92 88 90
77 101 79 96
73 93 97 92
81 86 93 76
86 90 83 89
80 89 84 96
86 103 86 102
78 91 83 90
88 93 81 95
85 96 87 101
75 96 99 94
72 86 92 73
75 98 87 88
80 86 86 92
80 88 89 87
77 84 85 86
81 82 87 84
84 99 100 97
84 90 81 95
85 101 91 87
81 95 88 102
77 92 90 84
88 99 85 88
84 86 86 85
78 99 84 89
76 102 100 84
90 95 89 86
77 92 94 78
74 94 84 84
84 98 86 91
73 97 74 87
79 88 71 97
80 92 82 96
86 88 86 79
74 87 85 90
78 106 89 91
76 96 88 90
87 97 103 102
79 89 85 81
87 94 95 89
78 88 85 83
85 96 85 88
89 88 85 83
79 104 82 87
83 97 92 87
80 106 87 89
76 101 91 89
84 88 87 88
68 85 87 87
74 93 94 85
74 95 87 77
85 91 93 89
81 90 88 90
85 91 99 87
78 92 90 73
73 87 86 94
71 93 84 99
86 100 90 83
81 91 84 87
83 88 76 86
85 95 94 85
73 88 100 86
83 92 83 85
83 85 85 87
80 98 85 101
79 94 83 89
80 96 92 92
82 94 84 91
82 92 90 85
86 100 88 79
89 85 82 95
85 95 82 90
82 95 80 91
79 87 88 90
86 94 75 89
77 89 87 94
81 86 90 87
75 92 94 99
74 97 93 90
86 87 91 79
75 98 94 85
77 98 90 87
84 89 97 82
80 85 85 84
88 100 82 92
75 95 77 89
79 94 88 89
84 97 86 83
82 97 83 86
85 91 87 87
77 88 85 89
74 93 88 83
79 108 90 78
82 95 86 83
86 88 91 87
81 98 84 98
83 93 82 87
80 100 87 88
75 104 91 92
80 95 89 91
81 95 84 101
82 93 81 78
76 88 87 90
82 93 83 84
82 102 90 95
79 87 82 86
88 87 83 95
78 89 82 100
79 98 88 84
74 86 79 82
76 89 86 77
89 88 79 90
81 106 94 81
81 96 83 96
84 89 84 86
82 88 88 87
80 102 86 90
84 96 75 90
72 93 87 83
77 89 89 92
89 86 79 101
79 94 85 87
67 103 83 76
83 94 86 92
81 98 82 100
84 93 96 81
74 89 78 90
80 93 89 94
81 94 86 88
73 91 80 87
88 96 88 90
76 87 78 85
78 95 93 87
72 93 91 89
85 89 87 82
78 88 85 85
79 86 83 93
85 89 83 85
81 89 86 79
81 90 82 79
77 93 87 98
73 99 92 84
81 91 86 84
83 91 96 94
90 95 89 97
81 87 97 91
84 99 92 93
85 102 82 97
82 92 85 86
80 92 94 92
76 87 90 86
74 93 87 84
76 104 92 83
78 100 93 98
81 99 89 98
82 92 85 94
77 94 89 89
77 99 92 91
79 94 92 86
80 97 90 84
80 99 92 93
82 97 89 93
81 90 85 85
78 104 91 76
73 87 89 92
79 90 83 86
78 91 89 90
87 97 95 85
75 92 80 91
79 101 83 90
79 88 76 90
83 94 82 92
80 100 94 90
75 95 92 78
87 102 84 85
79 95 86 83
74 90 91 88
72 98 90 87
89 98 81 99
75 93 90 91
84 94 92 88
74 87 94 89
84 93 86 92
80 106 90 94
81 91 78 86
78 92 90 86
82 100 93 84
74 89 73 83
82 95 93 99
85 94 87 88
73 92 83 90
81 87 84 99
83 91 88 88
79 96 94 84
81 90 97 93
70 100 94 95
85 100 88 86
68 88 81 83
84 96 83 91
84 95 97 92
78 96 91 79
87 97 82 81
76 100 95 78
85 90 84 92
67 95 84 85
77 97 97 82
80 90 77 92
82 97 87 77
79 91 88 87
81 85 88 89
82 96 87 89
80 95 88 84
86 96 87 95
81 87 85 84
74 101 86 95
71 96 83 92
82 98 100 79
76 92 82 93
76 96 91 85
83 96 82 83
83 95 98 78
82 91 93 87
78 89 86 93
70 101 92 79
76 100 77 88
78 96 86 91
