401 50
-0.009 -0.017 -0.22 -0.16 -1.06 0.22 0.54 0.2 -0.12 -0.04 -0.3 -1.36 0.42 0.2 -0.16 1.4 0.4 -0.18 0.44 0.36 -0.82 -0.1 
1.85452 -9.93746 -11.4579 -10.0659 -8.32195 -10.967 -8.50535 -9.71154 -9.06763 -9.40223 -9.13043 -9.79545 -9.5534 -11.9516 -10.6667 -7.96296 -10.3778 -9.77809 -9.48837 -10.04 -10.6207 -11.2948 
2.70757 -10.3378 -8.80039 -9.84 -8.89362 -9.32653 -11.92 -12.2261 -11.2 -10.3871 -8.87059 -10.2041 -10.8478 -10.86 -9.67347 -9.79592 -9.98291 -9.73407 -10.221 -11.1667 -11.9815 -10.5333 
3.50419 -10.1635 -9.27473 -10.4167 -11.9556 -10.0345 -9.5 -9.16505 -10.5545 -7.78182 -10 -10.2524 -11.1636 -11.9524 -12.1864 -10.3736 -10.1625 -9.19668 -9.96226 -8.65041 -10.1053 -11.2083 
3.88718 -10.1237 -9.62832 -10.3564 -9.18444 -11.2458 -11.6174 -9.21519 -11.5131 -8.36538 -9.16 -10 -9.71717 -12.2689 -11.2233 -10.2804 -10.4706 -9.97539 -9.32416 -8.12974 -10.0612 -11.7062 
5.12806 -9.96802 -8.26 -11.1282 -8.643 -12.9628 -8.00941 -10.6726 -9.8087 -9.44348 -8.43902 -9.65957 -11.2941 -9.32584 -11.5833 -9.33333 -11 -10.2925 -9.71429 -8.36538 -9.79439 -11.5892 
5.33433 -9.95567 -9.53535 -9.8427 -8.40422 -14.1869 -9.59036 -11.2933 -11.5515 -9.42 -8.95652 -9.60684 -12.1651 -9.21495 -11.3982 -8.1299 -10.0098 -10.2 -7.21839 -7.38614 -9.88188 -10.1806 
6.41878 -10.0956 -10.0212 -11.5181 -10.1255 -11.215 -8.4159 -10.5225 -10.1416 -9.0101 -9.75 -10.9989 -12.3505 -9.34615 -9.76275 -10.2857 -10.4872 -10.0381 -7.93701 -8.42666 -11.7474 -10.5347 
5.44849 -10.1374 -9.72298 -10.7333 -10.4053 -11.8218 -8.43636 -11.2121 -9.33929 -9.51538 -9.75439 -10.1296 -12.0388 -9.48673 -8.90056 -9.95833 -10.6927 -9.46237 -9.39897 -10.1124 -10.8367 -10.5823 
6.29883 -10.0437 -9.54596 -9.23263 -10.9245 -11.3333 -8.5625 -11.7322 -9.53844 -8.9894 -10 -10.4545 -12 -9.01923 -8.25 -10.3448 -10.3508 -8.93182 -9.30097 -8.97917 -11.3739 -11.6538 
6.29454 -9.67734 -7.634 -10.0198 -9.78571 -9.35 -9.96172 -9.64615 -9.77551 -8.71375 -10.16 -9.30189 -11.7805 -10.7146 -7.78824 -10.9956 -9.08676 -9.20635 -9.87387 -8.61255 -11.3725 -9.66667 
7.08029 -9.6609 -9.66322 -10.1044 -10.4301 -10.6281 -11.62 -10.4805 -10.1798 -8.27044 -8.79518 -8.32323 -12 -10.5829 -8.07273 -11.4585 -8.53696 -8.3956 -7.61539 -9.37349 -12 -7.62617 
7.37388 -10.171 -8.52452 -10.1914 -12 -10.3448 -11.7143 -10.8338 -11.6531 -7.95714 -10.048 -8 -11.7193 -11.1104 -9.16949 -10.2314 -9.86813 -10.1109 -8.47799 -10.6531 -12 -8.42134 
7.63789 -10.2621 -10.4806 -10.6897 -11.8857 -10.2927 -10.7339 -10.98 -12.0009 -8.01026 -9.80062 -7.96226 -10.4762 -11.7048 -8.35417 -9.22156 -11.3255 -10.3954 -10.576 -11.0805 -12 -7.5914 
7.82727 -9.97077 -10.8598 -10.2064 -12 -8.53603 -12.1397 -8.75288 -12 -8.22472 -10.5405 -7.82418 -9.72973 -10.9083 -7.86914 -8.71698 -10.6622 -8.56167 -11.0245 -10.466 -11.1881 -8 
8.28391 -10.0777 -11.7663 -10.3298 -12.2435 -9.30097 -10.7733 -8.84225 -12 -8.88797 -10.5703 -7.61095 -9.56604 -11.7335 -7.03636 -8.46562 -11.9318 -11.0679 -10.5079 -9.47126 -11.4694 -7.47893 
8.87757 -9.83755 -10.4717 -9.26279 -12 -9.42857 -9.39184 -9.66541 -11.7243 -8.3617 -10.5941 -8 -10.7059 -11.3115 -6.70689 -8.53687 -11.6596 -10.3688 -11.0759 -8.28409 -11.9535 -7.35671 
7.59318 -9.63225 -8.26104 -8.772 -12 -9.77143 -9.74291 -10.7691 -11 -8.60597 -11.5699 -8 -8.35938 -11.966 -8 -7.99236 -12.0047 -9.6112 -9.35669 -8 -11.7657 -7.84158 
7.29892 -9.5151 -8.93331 -8.39468 -12 -11 -9.41191 -11.4202 -10.6369 -8.61517 -10.6471 -7.42373 -8.07143 -12 -8 -7.97225 -12 -8.23853 -7.90044 -8 -12.0314 -8 
7.21587 -9.78045 -10.2549 -8.83559 -12 -10.5217 -9.59045 -11.3866 -11.2932 -8.78637 -10.4954 -7.87613 -8.35789 -12.0556 -7.99784 -8.58716 -11.8319 -9.9633 -7.56522 -7.97877 -12.1026 -7.98713 
8.18798 -9.87951 -11.5542 -8.38881 -11.9238 -9.0164 -9.826 -11.9873 -10.5844 -8.36951 -11.4118 -7.98275 -8.62366 -12 -7.94 -9.18333 -12 -10.4681 -7.89247 -8 -12.2322 -8 
8.43989 -9.65689 -10.8078 -7.83179 -11.8242 -8.44211 -8.94505 -12.0956 -10.3122 -9.17895 -11.3735 -7.99324 -8.3125 -12 -8.63265 -8.42222 -11.8545 -8.32 -8 -8 -12.1139 -8 
7.98206 -9.60037 -10.074 -8.12851 -11.9946 -8.99851 -10.7193 -10.4604 -9.89863 -9.11504 -10.466 -7.68631 -7.93182 -11.5271 -10 -9.1068 -12 -7.4898 -7.875 -8 -12.1154 -8 
8.44707 -9.60291 -10.8887 -7.87095 -11.3204 -8.45667 -10.1709 -11.3261 -8.39604 -8.67213 -9.60697 -7.99593 -8.36735 -10.7842 -11.2143 -10.7632 -12 -9.04 -8 -7.98197 -11.6973 -8 
8.06359 -9.85428 -11.1722 -8.03357 -11.0415 -8 -10.0733 -12.045 -8.62589 -9.94444 -11.2212 -7.99917 -8.78351 -10.7932 -10.4561 -10.4808 -11.8163 -9.75652 -8 -8 -11.4048 -8.09541 
7.50386 -9.75091 -11.1476 -7.80137 -11.3275 -7.62264 -9.74257 -11.4954 -8.71287 -11.2285 -9.34694 -7.92593 -9.24731 -11.447 -10.5747 -10.7138 -11.2566 -9.72549 -7.76841 -8 -11.384 -8 
8.28864 -9.61873 -10.626 -7.99962 -11.5048 -7.70874 -10.75 -10.1635 -8.29262 -11.5869 -8.65824 -7.74354 -9.01476 -12 -10.1137 -8.67442 -11.604 -10.7333 -8 -7.92079 -10.6839 -7.75758 
7.42989 -9.5474 -10.9951 -7.901 -10.1947 -8 -11.8899 -10.7905 -8.39676 -11.1181 -9.20353 -8 -9.04064 -12 -8.773 -8.2268 -11.4667 -10.9011 -7.86411 -8 -9.7855 -8 
8.61103 -9.35523 -11.1197 -7.81579 -11.4227 -7.84946 -9.9931 -9.77401 -10.129 -9.72009 -9.80357 -7.7907 -8.59551 -11.7218 -9.04122 -9.76344 -11.0426 -11.4 -8 -8 -6.59208 -7.73342 
9.95726 -9.08397 -8.40589 -7.93794 -10.1738 -7.89091 -9.87143 -8.11683 -9.54545 -8.32419 -8.72425 -7.81818 -8.75789 -11.9753 -9.61034 -9.54545 -11.5619 -10.4371 -8 -7.86106 -8.72982 -7.93098 
9.97946 -9.18291 -8.74202 -7.95515 -9.87972 -7.89437 -10.5479 -8.36178 -10.6918 -8.98148 -9.42593 -7.90753 -8.78283 -11.8656 -8.81598 -9.28448 -10.8387 -10.8338 -8.1297 -8 -9.25997 -7.92013 
9.2083 -9.5503 -10.1479 -8 -12.9368 -8 -10.8058 -10.4832 -10.3918 -10.2887 -7.95237 -7.90385 -8.44362 -11.7143 -9.07422 -9.0989 -11.4286 -11.4222 -8 -8 -9.70039 -7.79798 
8.52823 -9.557 -11.675 -7.9601 -11.901 -8 -11.008 -8.88005 -10.1121 -10.4065 -7.18261 -8 -9.39286 -12 -9.86893 -9.64286 -11.8663 -9.53378 -8.78154 -7.55848 -10.0149 -7.74713 
8.34449 -9.72501 -11.1649 -7.95231 -10.8326 -7.84883 -9.32347 -9.62486 -11.1456 -10.9509 -7.85714 -8 -9.84158 -12 -9.27781 -9.62046 -11.7918 -11.4902 -8.89402 -8 -10.29 -8.01934 
9.45526 -9.57652 -11.62 -7.90897 -10.0577 -7.99959 -9.16217 -9.34521 -10.4962 -11.1017 -7.84119 -8 -7.18696 -12 -10.3357 -10.8914 -11.5556 -11.3939 -8.12069 -8.10586 -9.89391 -8.04211 
9.4078 -9.77649 -12.1008 -7.75654 -10.5607 -8 -9.6058 -11.0123 -10.7031 -11.3104 -7.91759 -8 -6.98876 -11.8291 -10.5714 -10.8793 -12.0442 -11.6714 -7.79835 -9.65417 -8.81543 -8 
9.06737 -9.85708 -11.8149 -7.93236 -11.3721 -7.84812 -10.2691 -10.3134 -11.267 -10.9939 -8 -8.3129 -7.74312 -12 -11.0382 -10.5266 -12.1688 -11.1501 -7.83838 -10.1481 -8.34971 -7.99949 
9.06822 -9.70749 -11.9727 -7.69047 -11.3156 -7.76811 -10.7531 -10.3609 -10.3952 -11.2347 -8 -8.0498 -8 -11.3542 -10.9357 -10.5218 -12.4622 -11.8008 -8 -9.24764 -7.39464 -8 
9.70467 -9.47085 -11.3878 -7.81418 -11.8714 -7.85073 -9.65741 -8.4986 -9.93939 -11.6849 -7.72897 -8.0092 -7.6 -11.0625 -10.0221 -9.41071 -12.0784 -11.4049 -8.15696 -10.637 -7.13913 -8.02789 
9.58775 -9.42308 -10.2612 -7.70163 -11.493 -7.4609 -9.63969 -9.39459 -10.4072 -11.472 -8.16071 -7.7234 -7.40541 -11.2517 -9.40932 -9.9 -12 -10.1569 -8.24 -10.9907 -7.45011 -8 
8.19198 -9.60158 -11.9987 -7.39172 -12 -10.8391 -10.9379 -10.4626 -8.07729 -9.93596 -8.72756 -8 -8 -11.772 -9.31841 -9.62873 -11.6667 -9.35652 -7.79167 -11.8588 -7.33832 -8 
8.36024 -9.35583 -12.0636 -7.06399 -11.997 -10.3922 -10.4371 -9.90373 -9.34694 -9.58628 -8 -7.95604 -7.68516 -10.646 -7.85544 -9.41667 -11.7914 -8.20526 -8.00759 -11.6867 -7.21525 -8 
8.19204 -9.12444 -12.1098 -6.86393 -12 -9.79153 -9.83492 -9.67241 -7.6689 -9.65772 -7.9332 -7.96541 -8 -10.8062 -9.29115 -9.52941 -10.9635 -7.13684 -7.77467 -10.4348 -7.26744 -8 
8.61891 -9.17164 -11.5484 -7.01256 -11.2294 -8.3945 -9.58382 -9.80197 -9.44828 -9.32711 -7.94595 -7.93042 -7.82038 -10.9464 -9.37287 -10.0784 -9.76254 -7.98 -7.91945 -10.8319 -7.2715 -8 
8.68999 -9.23676 -10.9596 -7.77447 -11.801 -10.4846 -10.1518 -10.4667 -9.19665 -9.06004 -8.35789 -8 -8.03058 -9.5475 -8.76286 -10.1263 -8.86353 -9.48408 -7.21769 -11.5803 -7.2304 -8 
8.21894 -9.3909 -11.5664 -8.11895 -11.9867 -11.4575 -10.2724 -9.6348 -10.8462 -8.86972 -8.6748 -8.0145 -8.02643 -8.82116 -8.82815 -9.76192 -10 -9.80634 -6.73626 -10.4367 -7.42793 -7.99893 
7.54304 -9.63203 -11.5764 -8.89606 -11.9806 -12.0423 -9.44157 -9.97505 -10.8029 -11.0778 -9.06542 -7.92732 -8.92345 -8.92752 -8.6904 -9.46224 -9.45631 -10.0351 -8.33923 -11.0611 -7.21802 -7.99178 
7.80343 -9.49043 -11.0282 -7.1459 -11.5127 -11.1589 -9.58268 -12.0921 -9.99351 -10.5001 -9.35044 -7.99744 -7.89211 -7.3179 -9.37432 -8.98947 -9.92713 -11.0851 -8.0524 -10.9307 -7.1402 -8.0108 
8.24298 -9.51407 -10.2591 -7.5215 -10.955 -10.3469 -9.70016 -11.625 -10.3226 -9.32292 -10.0808 -7.82092 -7.03855 -9.8309 -9.94525 -10.1077 -10.9462 -10.8917 -8.1246 -9.74074 -7.06818 -8.16278 
8.15561 -9.36801 -9.92421 -6.67029 -10.4071 -10.253 -10.6227 -11.0045 -9.26539 -10.0438 -8.40967 -8.03776 -7.95294 -10.211 -8.76286 -10.8866 -11.4607 -9.23335 -8.09633 -10.7568 -7.0337 -8.34031 
7.85429 -9.37841 -10.0108 -6.97634 -10.94 -10.8081 -10.9599 -11.2549 -10.3186 -10.0146 -9.04788 -8 -7.9391 -9.19588 -8.76286 -9.39139 -12 -8.67482 -7.77383 -10.4691 -7.26449 -8.10627 
7.04047 -9.42362 -11.7795 -7.01988 -10.6453 -10.0909 -10.653 -11.7313 -9.86606 -9.6625 -9.27223 -7.99556 -8 -8.97542 -8.59815 -9.27822 -12.0036 -8.44187 -8.07562 -10.2484 -7.78296 -8 
6.32892 -9.59809 -11.0023 -7.61901 -11.3116 -11.0691 -10.966 -11.7009 -11.3274 -9.41834 -9.63265 -7.98964 -8 -8.52432 -8.82504 -8.84295 -11.9655 -7.93363 -8.05134 -11 -8.17382 -8 
6.88662 -9.58136 -11.4626 -8.60993 -11.1691 -12.1143 -10.2565 -11.45 -12 -8.43726 -9.71428 -7.98276 -8 -8.67642 -8.57118 -9.11905 -11.1591 -7.7949 -8.05179 -11.2449 -10.5856 -7.6452 
7.0811 -9.82775 -11.1698 -8.11324 -11.5772 -12.1802 -10.2065 -10.9278 -12.0019 -9.22459 -9.71428 -7.95297 -8 -9.21026 -8.64192 -10.3019 -10.1275 -8 -7.95802 -11.4255 -11.01 -8.00832 
7.31774 -9.66581 -11.6389 -9.01256 -12 -11.3871 -9.97959 -8.79612 -11.5434 -8.98542 -9.7057 -7.95358 -7.75135 -11 -8.76249 -8.53371 -9.39623 -8.01856 -8.08779 -11.8187 -11.2674 -8 
6.39418 -9.67541 -11.3094 -9.37545 -12.0246 -11.874 -9.27107 -10.9639 -12.2702 -8.51163 -9.71428 -7.93456 -7.84 -10.0594 -8.76286 -8.30574 -8.0854 -8 -8.08543 -12 -11.1726 -8 
6.09482 -9.72388 -11.7369 -9.91214 -11.8378 -12.1802 -11.0795 -10.4872 -11.932 -7.38469 -9.75552 -7.91963 -7.17328 -9.98242 -9.03173 -8.48691 -8 -8 -8.10365 -12 -11.1003 -7.84457 
6.06936 -9.72198 -10.9933 -10.65 -12.052 -10.9285 -9.99979 -11.28 -11.6129 -7.3372 -9.73735 -7.91894 -7.91579 -10.9805 -8.96165 -9.00895 -7.93713 -7.42481 -8.07136 -11.9412 -10.5452 -7.95673 
6.36997 -9.82738 -10.6331 -10.562 -11.9904 -10.6123 -10.4752 -12 -11.9961 -7.01259 -9.69 -7.92116 -8 -11.1002 -8.76244 -10.5532 -7.54902 -7.66197 -8.06893 -11.8196 -11.0349 -8.04872 
7.30511 -9.60431 -10.4285 -10.175 -11.1287 -11.5505 -9.35301 -11.3529 -12.006 -7.3372 -9.084 -7.15115 -7.99868 -11.0421 -8.55545 -10.8515 -6.83333 -8 -8.11499 -11.8036 -10.3338 -7.90361 
7.13051 -9.50197 -9.77808 -11.0046 -11.831 -11.9697 -9.54237 -11.4628 -10.7362 -7.3372 -9.78876 -7.54745 -8 -10.557 -8.79102 -8.91495 -7.57627 -8 -8.14749 -11.0125 -10.2183 -7.499 
7.49367 -9.32639 -9.56499 -11.0126 -11.937 -11.3925 -9.71218 -8.78948 -9.95591 -7.25366 -9.04567 -7.84606 -7.72663 -10.7242 -8.89959 -9.577 -6.98916 -7.76087 -8.01282 -11.1917 -9.73645 -8.84848 
8.08239 -9.05346 -9.17649 -11.065 -11.766 -11.5676 -10.044 -8 -8.78887 -6.89491 -9.44954 -7.85297 -8 -10.3656 -8.81853 -9.31174 -7.98701 -7.64444 -7.75979 -10.9692 -7.63668 -8 
7.88293 -9.0154 -9.46935 -11.0136 -11.1205 -11.5091 -8.69166 -7.91071 -8.02636 -6.8936 -8.98033 -7.74198 -7.78495 -10.34 -8.76286 -10.0909 -7.85321 -8 -8.06905 -10.8748 -8.52093 -8 
8.19445 -9.12801 -8.30664 -10.8495 -10.9906 -11.6848 -8.68145 -8.08451 -8.05791 -7.27546 -9.99412 -7.72191 -7.80066 -9.82854 -8.63111 -10.0877 -7.76987 -7.98362 -7.98085 -10.7358 -11.1946 -8.01007 
7.86201 -9.16046 -8.71025 -11.0126 -12.0475 -11.3231 -8.67736 -8.06162 -7.95652 -7.5959 -9.83562 -7.90162 -7.71361 -9.97851 -8.76286 -10.0604 -8 -7.74579 -8.14905 -11.1723 -11.0723 -8 
7.0446 -8.98114 -9.64246 -10.1432 -10.6158 -11.2077 -9.1543 -8.09319 -7.8344 -8.48935 -8.63512 -7.51695 -7.55372 -7.90345 -8.42041 -10.685 -8 -7.39741 -8.04579 -10.82 -11.287 -8 
7.30848 -8.88154 -10.3767 -8.87968 -8.80311 -9.39839 -9.54316 -7.51126 -7.74074 -9.72356 -9.63067 -7.83495 -7.71348 -8.9205 -8.76286 -10.5615 -8 -7.87654 -8.18865 -9.76189 -10.4583 -7.99877 
7.19282 -8.9709 -10.8686 -8.84762 -8.9194 -9.9287 -9.972 -7.6095 -8.09962 -9.88433 -9.9365 -7.90162 -7.97143 -8.64944 -8.57153 -10.3918 -8 -8 -7.72835 -10.4079 -9.56035 -8 
7.08562 -9.20173 -10.5524 -9.06864 -9.49473 -11.1066 -9.23618 -8 -8 -10.2051 -9.71428 -7.87809 -7.78758 -10.917 -8.76286 -10.2 -7.87076 -7.89027 -7.76785 -10.4848 -10.719 -8 
8.16054 -9.10116 -10.7357 -9.3762 -10.1689 -10.8699 -8.70279 -7.60913 -8 -9.39642 -9.69144 -7.80369 -8.03018 -10.9832 -8.76738 -10.6804 -6.73302 -8 -7.97801 -8.62 -11.337 -8 
7.8546 -9.17644 -11.0452 -10.1418 -8.79877 -10.7795 -8.73677 -7.60142 -8 -10.4145 -9.71428 -7.90246 -8 -10.9737 -8.76286 -10.7394 -7.69811 -8 -9.0031 -8.53608 -10.933 -7.87385 
7.77838 -9.00192 -10.8246 -8.99397 -8.58745 -9.14435 -8.78881 -8.47259 -7.73882 -9.08427 -9.71428 -7.90189 -7.72221 -11.1214 -8.69389 -10.9318 -8 -7.82633 -9.58346 -9.28155 -10.5284 -7.91116 
7.51339 -9.22445 -10.645 -9.9225 -8.755 -11.7619 -9.12924 -8.00415 -7.73246 -10.9855 -9.71428 -7.79403 -8 -11.3823 -8.76286 -11.4576 -7.98658 -7.82823 -9.92456 -8.57426 -10.0154 -7.43925 
7.41312 -9.29227 -9.33611 -10.2938 -8.8437 -11.3339 -8.14044 -8.49232 -7.88 -10.7364 -9.71708 -8.26897 -8.14025 -11.0989 -8.76624 -11.7168 -8 -8 -9.82112 -7.99603 -10.5784 -7.78022 
7.98543 -9.25936 -8.67446 -8.81022 -8 -11.7363 -8.32226 -9.64442 -8 -11.8182 -9.54112 -8.34627 -8.31485 -11.3829 -8.80515 -12 -7.90909 -8 -9.98962 -7.95506 -9.96469 -8 
8.6154 -9.33181 -9.19978 -8.21051 -7.73233 -11.996 -8.32226 -8.95158 -8 -11.78 -9.56797 -8.83495 -8.25879 -11.3823 -8.77952 -12.0006 -7.92709 -8 -9.98969 -8 -10.971 -8 
8.46428 -9.24669 -8.56108 -8.98461 -8 -10.665 -8.36761 -9.21733 -7.94059 -10.6408 -9.71428 -9.38078 -8.46649 -11.2701 -8.55132 -11.53 -8 -8 -9.98954 -8 -10.971 -8 
8.14398 -9.07583 -8.87038 -9.35894 -7.90666 -10.1683 -8.19074 -9.19188 -8 -9.65766 -9.54196 -10.6432 -8.18797 -11.4096 -7.99881 -9.75232 -7.86637 -7.99903 -9.93548 -7.99861 -10.9683 -8 
8.22756 -9.32499 -9.72492 -9.54736 -7.58242 -10.7259 -8.32236 -9.26908 -7.82596 -10.7509 -9.59108 -11.3277 -7.85011 -11.3405 -8.51543 -10.875 -8 -8 -9.54718 -8 -10.971 -8 
8.24456 -9.26198 -10.9099 -7.53478 -9.03554 -10.6037 -7.78497 -8.61941 -7.73913 -9.38282 -9.68292 -11.9016 -8.56101 -11.1292 -8.64635 -10.2359 -8 -8 -9.98954 -8 -10.971 -8 
8.79967 -9.09136 -9.7585 -7.78126 -9.1198 -10.8208 -9.38544 -8.00728 -8 -8.53975 -9.61496 -10.9484 -7.95874 -10.5334 -8.57451 -9.84762 -8 -8 -9.90655 -8 -10.971 -7.99986 
8.62902 -9.21969 -9.83633 -8.85057 -10.5078 -9.70517 -10.599 -7.82143 -7.99867 -7.65689 -9.66054 -9.84422 -8.29583 -11.0231 -8.76286 -10.9281 -8 -8 -9.98954 -8.00117 -10.971 -8 
7.90363 -9.21038 -9.33547 -8.64368 -10.2368 -8.57998 -11.0151 -8 -7.81053 -7.99419 -9.70566 -11.5724 -8.46891 -10.5894 -8.83833 -11.1395 -8 -8 -9.98954 -7.61111 -10.3009 -7.93625 
7.78664 -8.85872 -8.42872 -8.28324 -11.3122 -8.18021 -8.6713 -7.69927 -8.88877 -8.02062 -8.91133 -10.6914 -8.34264 -9.21985 -8.47161 -9.33595 -7.78846 -8 -10.2167 -7.96159 -10.8837 -8.14154 
8.00885 -9.01264 -8.94905 -8.33333 -11.8867 -8.18021 -8.67692 -8 -8.05941 -10.0412 -8.72399 -11.2929 -8.27549 -8.43728 -8.56611 -10.6809 -8 -7.85603 -9.84835 -7.81633 -11.0132 -8.23197 
8.98093 -9.0783 -7.96178 -8.73684 -11.7121 -7.99093 -8.79296 -8 -8.40909 -8.3767 -9.74135 -11.6144 -8.24946 -9.32705 -8.76286 -9.57407 -8 -8 -9.98954 -7.84854 -10.971 -8.6888 
8.84091 -9.10962 -9.37681 -8.27007 -9.32424 -7.96527 -8.82824 -8 -8.52928 -9.38244 -9.69559 -11.9016 -8.12086 -9.50509 -8.52756 -10.4314 -7.76752 -7.57895 -9.99474 -8 -10.971 -9.08059 
8.76383 -8.88853 -10.2119 -8 -8.72597 -8.10864 -8.59108 -7.79344 -7.36842 -9.24639 -9.4189 -11.9016 -8.09749 -10.3063 -8.76286 -8.75082 -7.36709 -7.74419 -9.26665 -8 -10.9541 -9.37759 
8.88857 -8.76561 -9.02087 -7.82462 -8.43561 -7.54234 -7.95852 -8 -7.36538 -10.1696 -9.61813 -11.7521 -8.19727 -9.88037 -8.76286 -7.37056 -7.99336 -7.99354 -9.10458 -8.00512 -10.951 -9.37759 
8.60733 -8.81073 -9.95458 -7.38962 -8.33931 -7.84578 -8.62279 -8 -7.59319 -9.9967 -9.41491 -10.9844 -7.76996 -8.8648 -8.68821 -9.54104 -7.91919 -8.02428 -9.32287 -7.84615 -10.971 -9.37759 
8.90879 -9.01328 -9.73218 -7.63791 -8.76297 -7.77098 -8.7911 -8 -8 -10.7322 -9.26984 -11.8237 -7.87856 -8.24028 -8.93221 -10.2095 -8.00427 -7.98889 -9.94634 -8 -10.971 -9.37759 
8.46206 -9.06216 -10.5245 -7.34638 -9.2505 -8.02786 -8.53865 -8.20225 -8 -9.85191 -8.56661 -11.3532 -8.24965 -9.67979 -8.59168 -10.5 -8 -8 -9.89725 -8 -10.9499 -9.37759 
8.56037 -8.97687 -11.0389 -7.56482 -8.99435 -8.04442 -8.5192 -7.11139 -8 -9.07399 -8.83513 -11.1907 -8.11005 -10.1164 -8.53705 -10.4935 -8 -7.7757 -9.51392 -7.57567 -10.8662 -9.37759 
8.86854 -9.0683 -11.0353 -7.82149 -8.46919 -8.06387 -8.60833 -7.85021 -7.93473 -9.0143 -8.87912 -11.9016 -8.43525 -10.4017 -8.74645 -11.3814 -8 -7.86517 -8.99658 -8.00338 -10.9219 -9.1576 
8.52627 -9.27393 -10.5094 -8 -10.7598 -7.72502 -8.95481 -7.73156 -8.18515 -9.07399 -8.90948 -11.5307 -8.60129 -10.3949 -8.40571 -11.2669 -8.08978 -8.01831 -9.87075 -8 -10.9566 -9.37759 
8.29651 -9.10263 -11.0883 -7.95043 -8.873 -6.3826 -9.00999 -7.85047 -8.56273 -9.07399 -9.43033 -11.9016 -8.30706 -9.94727 -8.76286 -11.1013 -8 -8.26966 -9.79456 -7.79378 -10.2947 -9.37759 
8.47096 -9.20223 -11.266 -8.31371 -8.59571 -8.01993 -8.69733 -8 -8.5203 -8.89414 -9.71428 -11.9016 -8.7422 -10.3263 -8.83007 -11.6621 -8.31193 -8 -9.84549 -8.41905 -8.27077 -9.36761 
8.58226 -9.21785 -10.4087 -8.62424 -8.21882 -8 -9.33323 -8 -8.41488 -8.95225 -9.71428 -11.8791 -9.51709 -9.9257 -8.26313 -12.0028 -9.33656 -8.58586 -9.86187 -7.94528 -8.88157 -9.16005 
8.22674 -9.22685 -9.7811 -8.421 -8.34055 -7.97619 -9.13478 -7.82418 -8.72708 -8.65645 -9.71428 -11.5198 -9.79546 -10.2379 -7.92622 -10.9343 -9.89247 -8.64286 -9.94546 -7.94277 -9.43102 -9.31877 
7.72122 -9.43683 -10.317 -8.99251 -8.52648 -7.97452 -9.40645 -8.01484 -8.50094 -9.07399 -9.71428 -11.6601 -9.56279 -10.1059 -8.75971 -11.8103 -11.6182 -8.02222 -9.92995 -7.94552 -9.2607 -9.35714 
7.75703 -9.37034 -9.50863 -8 -8.77457 -8.05308 -9.73818 -7.93154 -8.5086 -9.92182 -9.23963 -11.8026 -9.17223 -9.67062 -9.23065 -11.5525 -12.0476 -8 -9.94513 -7.78548 -9.52537 -9.06821 
7.42978 -9.20621 -7.95288 -7.91696 -9.14019 -8.33491 -9.14629 -8.01314 -8.66936 -10.4698 -9.70061 -11.9036 -8.44305 -9.33233 -9.3125 -10.1216 -10.6325 -7.99469 -9.95604 -7.9008 -10.3 -9.06249 
7.44684 -9.0593 -8 -8 -9.11127 -8.11443 -8.84345 -8 -8.48689 -9.22726 -11.0231 -12.0195 -9.64636 -9.20774 -8.33201 -9.60636 -9.6 -8 -9.39053 -7.81764 -10.2686 -9.29748 
7.36261 -9.08492 -7.88991 -8.05115 -9.04323 -8.65218 -8.95428 -8 -7.64039 -9.04974 -10.8819 -11.4951 -9.1388 -9.94875 -9.15096 -10.2601 -8.35827 -7.95161 -9.52485 -7.85888 -9.86005 -9.13862 
7.30069 -9.13308 -8 -8 -8.64365 -8.83034 -9.08512 -8.71845 -8.14495 -9.07399 -11.0325 -11.8551 -10.2474 -9.53137 -10.4621 -9.63355 -8.54263 -8 -9.62134 -7.85311 -10.2712 -7.97058 
7.06583 -9.18541 -7.73913 -7.99702 -9.15167 -8.73041 -9.08512 -8 -8.99672 -9.01542 -9.9692 -11.9016 -10.2528 -9.82543 -9.54927 -8.82525 -10.0081 -8.01639 -9.13356 -7.67293 -10.3697 -9.21893 
7.05616 -9.02372 -7.9646 -8.43112 -7.85849 -8.80119 -9.08512 -7.97339 -8.99672 -9.07399 -9.32014 -11.9028 -9.40833 -9.60023 -9.39124 -9.22747 -9.40521 -8 -9.78587 -7.88509 -10.3548 -8.65995 
8.54047 -9.20988 -8 -10.3579 -8.01138 -8.99966 -9.08512 -7.70506 -8.99672 -9.07399 -9.69507 -11.6412 -9.59204 -9.4457 -10.2277 -10.414 -9.58621 -7.96522 -9.98954 -7.85888 -10.3455 -8.36583 
8.37073 -9.19588 -8.39414 -9.44743 -8.17287 -8.98825 -9.41716 -7.79265 -8.99672 -9.07399 -9.79676 -11.4124 -10.2086 -9.48413 -7.69082 -9.10635 -11.0609 -8 -9.0218 -7.85888 -10.3763 -9.37759 
7.91454 -9.01636 -8 -9.32523 -8.70859 -8.98825 -8.75522 -7.88764 -8.93672 -8.88552 -9.76813 -11.3217 -9.45537 -9.09371 -7.51332 -9.05842 -10.0413 -7.87037 -9.98954 -7.79171 -10.0896 -9.41689 
8.56772 -9.18347 -8 -10.2303 -9.08524 -8.28496 -9.04512 -7.44304 -8.99672 -9.051 -9.7977 -11.6536 -10.2543 -9.512 -8.05995 -8.76286 -9.9544 -7.68421 -9.98954 -7.63666 -10.1851 -9.52246 
8.23943 -9.16055 -8.00494 -10.569 -8.70436 -8.98825 -8.87847 -8 -8.99672 -9.07399 -9.71428 -11.3016 -9.86659 -9.42542 -8.42543 -8.76286 -9.87187 -7.25353 -9.93346 -7.82014 -10.598 -9.47551 
8.252 -9.23588 -7.78237 -10.6889 -10.1822 -8.6073 -8.46926 -8 -8.27354 -9.07425 -9.31445 -11.7113 -9.83867 -9.43261 -8.99347 -8.7189 -10.7027 -7.89295 -10.051 -7.8604 -10.7613 -8.3495 
7.78994 -9.3742 -7.79167 -10.6355 -9.81939 -8.82688 -9.08512 -8 -8.99672 -9.03144 -9.20317 -11.9232 -9.75256 -9.37828 -9.50044 -8.76286 -10.4689 -8 -9.98954 -7.88086 -10.7749 -9.16358 
8.62899 -9.22184 -8.09821 -11.4545 -9.60138 -8.98825 -8.6371 -7.85047 -8.99672 -8.82399 -9.71694 -11.9117 -8.24136 -9.42542 -9.61335 -8.76286 -10.202 -7.50847 -9.87496 -7.41932 -10.8474 -8.77445 
8.22944 -9.11764 -8.04606 -11.7778 -9.3058 -8.98767 -8.67884 -7.09666 -8.82117 -8.25938 -9.2816 -11.9016 -9.05592 -9.35319 -9.53743 -8.52068 -9.22834 -8 -9.98954 -7.85888 -10.7885 -8.37182 
7.15778 -9.29087 -8.19298 -12 -9.15167 -8.75263 -8.57469 -8.4717 -8.99672 -9.07399 -8.76479 -11.2566 -10.5016 -9.42542 -8.86038 -8.76286 -9.09434 -7.82222 -10.0412 -7.85534 -10.7634 -9.30196 
6.75649 -9.3073 -8.7023 -12 -9.15167 -8.22352 -8.96317 -8.27869 -8.99241 -9.07399 -8.74743 -11.445 -9.07725 -9.42542 -9.75226 -8.764 -9.2796 -8 -10.1796 -7.81295 -10.7634 -9.37759 
6.87386 -9.30159 -8.40859 -12 -9.15167 -8.8706 -9.02389 -8.05128 -8.63308 -9.03308 -8.89945 -11.8309 -9.32584 -9.26355 -10.6466 -8.73987 -8.94444 -8 -10.8954 -7.85888 -10.7634 -9.16684 
7.91986 -9.22073 -8.63244 -11.9021 -9.15167 -8.76178 -8.94969 -7.78202 -8.99311 -8.93399 -8.79685 -10.8683 -9.7526 -9.02729 -9.86924 -8.70831 -9.8022 -7.66337 -9.33488 -7.7042 -10.1703 -9.27407 
7.83201 -9.27782 -9.11528 -10.4995 -9.0703 -8.50838 -9.25367 -7.49974 -9.09083 -9.07581 -9.08902 -10.8243 -9.89294 -9.10074 -10.4956 -8.76286 -10.3836 -8 -10.1601 -7.83741 -10.7634 -9.09401 
8.41607 -9.26262 -8.93379 -8.86879 -9.15167 -8.19969 -9.08512 -7.98175 -8.85503 -9.14646 -8.89206 -11.3002 -10.4371 -9.18329 -10.237 -8.76286 -10.5532 -8 -10.3363 -7.69046 -10.74 -9.34559 
9.20885 -9.19859 -7.95189 -9.96373 -8.62295 -8.84522 -9.11605 -7.77717 -9.33162 -8.75648 -9.67262 -10.1158 -10.3029 -9.3666 -10.0362 -8.61216 -10.1149 -7.77053 -9.76643 -7.85888 -10.4826 -9.26277 
8.58319 -9.40733 -8 -10.8081 -8.51287 -8.85798 -9.08512 -7.74138 -8.974 -8.16866 -9.95473 -10.7173 -10.4648 -9.42542 -11.4544 -8.76286 -11.5333 -7.93824 -10.2428 -7.75725 -10.7766 -9.37759 
8.72335 -9.50618 -7.7234 -10.0577 -8.94548 -8.98153 -8.45861 -8.05607 -9.4673 -8.39682 -9.69814 -11.9274 -11.008 -9.42542 -11.4401 -8.76286 -12 -8 -10.6528 -7.63034 -10.6399 -9.07967 
8.68693 -9.61302 -7.95356 -9.70175 -8.94548 -8.85355 -7.98277 -8.51546 -9.67352 -9.6071 -9.46709 -11.8942 -10.5434 -9.1505 -11.8851 -8.76286 -11.9825 -8 -10.7276 -7.85888 -10.7634 -9.37759 
8.02382 -9.72458 -7.82317 -9.61258 -9.15167 -8.96982 -8.91703 -10.2921 -9.81964 -11.3834 -9.20993 -11.5743 -10.6042 -9.65255 -11.836 -8.28369 -12.3604 -8 -10.4448 -7.8499 -10.6397 -9.05927 
7.99319 -9.59763 -8 -8.5625 -9.77426 -8.98825 -9.08512 -9.83691 -8.60375 -10.7813 -9.36734 -11.9555 -11.4781 -8.41938 -11.577 -7.95785 -12 -7.73171 -10.0748 -7.85888 -10.6419 -9.38584 
8.89353 -9.42814 -7.23336 -9.03158 -8.78112 -8.99413 -9.0657 -9.26442 -9.46338 -9.55519 -9.47036 -10.6431 -11.6245 -8.68714 -12.0123 -8.76286 -11.6667 -8 -8.79792 -7.35339 -10.7399 -9.213 
9.26312 -9.49381 -7.97778 -8.92393 -9.24807 -8.66342 -7.65566 -10.7835 -9.69126 -9.68795 -9.33005 -10.4368 -11.4992 -9.24271 -11.8645 -8.76286 -11.9298 -8 -8.67278 -7.82796 -10.8695 -9.13621 
8.52888 -9.51262 -8 -9.01932 -9.2913 -8.98825 -9.08512 -9.78237 -9.83488 -10.0901 -9.28987 -9.63458 -11.1746 -10.2189 -12.0599 -8.48003 -11.7231 -8 -8.21429 -7.85888 -10.6969 -8.95626 
7.47131 -9.37501 -8.0241 -8.79106 -8.89795 -8.81325 -9.08512 -9.7155 -10.5239 -8.42553 -8.9826 -7.77838 -11.6334 -10.3254 -12.0599 -8.76286 -10.9139 -7.70312 -8.79823 -7.81722 -10.7634 -9.13842 
8.12762 -9.28978 -8.23158 -8.23511 -8.9857 -9.1221 -9.08512 -8.85981 -8.99088 -8.09901 -9.73602 -7.92892 -11.6451 -11.5124 -11.576 -8.76286 -11.4667 -7.56076 -8.58164 -7.74317 -10.5442 -9.26997 
7.02903 -9.35148 -7.84298 -9.22646 -9.10259 -9.10711 -9.05904 -9.71439 -9.36789 -8.60417 -9.5591 -7.52573 -11.6425 -10.781 -11.6462 -8.76286 -11.3393 -7.90563 -9.17671 -8.07838 -9.856 -8.74516 
7.24825 -9.42168 -7.93333 -11.3966 -9.15414 -9.48564 -9.04898 -8.82554 -8.93161 -9.20086 -9.49419 -7.69546 -11.9487 -11.3934 -10.875 -8.62834 -10.3989 -7.78707 -8.75035 -8.02512 -10.6501 -9.3022 
7.25703 -9.4632 -7.84211 -10.1826 -8.85519 -9.4831 -8.8493 -9.00349 -10.2694 -8.58151 -10.2833 -7.93488 -11.5523 -9.40754 -10.5333 -8.76256 -11.8613 -7.56851 -8.70168 -8.65436 -10.7634 -9.37178 
7.34824 -9.38907 -8 -10.2281 -8.77727 -9.04708 -8.85757 -8 -9.20954 -8.35932 -9.56199 -7.92896 -11.6265 -8.93952 -10.6791 -8.76286 -11.7036 -7.45461 -10.3657 -11.6135 -9.12492 -9.37263 
7.95275 -9.33999 -7.83816 -9.90134 -8.88096 -8.91221 -8.24384 -8.11642 -9.67578 -8 -9.55497 -7.93215 -11.4876 -8.98267 -9.0532 -8.19924 -12 -7.45399 -10.5723 -12.2124 -10.4824 -9.101 
8.52509 -9.30318 -8 -11.062 -8.63454 -8.98825 -8.60471 -7.69092 -9.94621 -8 -9.70242 -7.9355 -11.3264 -9.27494 -9.36319 -7.6808 -11.5665 -7.29709 -10.321 -12.0411 -9.63612 -8.96872 
8.80306 -9.15425 -8.97283 -9.97207 -8.76314 -8.98825 -8.23311 -7.92791 -8.88566 -7.86804 -9.67504 -7.93488 -9.61117 -9.31776 -9.55215 -7.97609 -11.9208 -7.37289 -9.82717 -10.7785 -10.1169 -9.24869 
7.60093 -8.94374 -9.72135 -8.34043 -8.64218 -9.07481 -8.40744 -8 -8.99672 -7.81481 -9.64254 -7.69152 -7.73811 -8.64421 -9.52661 -8.76737 -11.0041 -7.38495 -9.83985 -10.9023 -10.5051 -8.69963 
7.52447 -8.92981 -10.1151 -8.10526 -8.32367 -8.70506 -8.64682 -7.71201 -8.90283 -7.84906 -9.71428 -7.53089 -8.92636 -9.29639 -8.82087 -8.38886 -10.5258 -7.41417 -10.2204 -9.95888 -10.6283 -8.73567 
8.87792 -8.12578 -8.93194 -6.84896 -7.29621 -7.9264 -7.89493 -8.08197 -9.01187 -7.01138 -8.71428 -6.61215 -9.40323 -8.4442 -6.35833 -7.22561 -9.47733 -6.29709 -8.74761 -10.5842 -9.52218 -7.99774 
9.07143 -7.92436 -8.7165 -7.01245 -7.30488 -7.98825 -8.78449 -7.0608 -8.00899 -6.78913 -8.71428 -6.44237 -9.88201 -8.12707 -7.24134 -7.55947 -9.45726 -6.29709 -8.74774 -8.12611 -9.61826 -7.56488 
8.37116 -8.04794 -8.60781 -7.01931 -7.02775 -7.97941 -9.32286 -6.99502 -7.75839 -6.9609 -8.29085 -6.84215 -10.144 -8.13109 -7.18161 -7.774 -9.76596 -6.29709 -8.26809 -9.95504 -9.85473 -7.46703 
9.37895 -8.25306 -9.84261 -6.93814 -7.03836 -7.73805 -9.97952 -7 -7.91951 -6.98805 -7.87557 -6.93488 -10.5958 -7.88333 -7.07193 -7.39069 -9.49328 -6.46602 -9.00621 -10.4006 -9.92846 -7.80968 
8.5684 -8.14833 -9.42285 -6.86884 -6.89949 -7.98825 -9.75131 -7 -7.99578 -6.95039 -8.36916 -6.93488 -9.88205 -7.94923 -6.63253 -7.66561 -8.0075 -6.67493 -9.73961 -10.5782 -10.1095 -8.08857 
9.0135 -8.30653 -10.1314 -7.10563 -7 -7.98825 -9.34914 -6.98182 -7.99672 -6.93162 -8.73726 -6.7605 -9.2048 -8.26332 -6.83352 -7.74413 -10.6823 -6.3607 -9.77652 -10.6136 -9.83564 -7.87664 
8.25593 -8.31903 -10.3722 -7.10076 -7 -7.98825 -8.81668 -6.91949 -7.99672 -6.93939 -8.8949 -6.93488 -11.5983 -7.85151 -6.99384 -7.68047 -10.1496 -6.17747 -8.53648 -10.7432 -9.60436 -7.84814 
7.59222 -8.31816 -10.7677 -7 -7 -7.98825 -8.0793 -7 -7.97885 -6.97426 -9.07051 -6.88736 -11.0383 -8.42542 -7.34252 -7.39922 -9.33406 -6.29709 -9.2898 -10.7154 -9.86057 -8.04381 
7.86668 -8.27767 -10.5071 -7 -7.00576 -7.99615 -7.94416 -6.89219 -7.98532 -6.95441 -8.74412 -6.93488 -9.70506 -8.42009 -7.49419 -7.44318 -8.51882 -6.29709 -9.87702 -10.5658 -10.4603 -7.99095 
8.72409 -8.27929 -10.7135 -7 -6.99741 -7.79949 -8.17881 -6.96631 -7.99672 -6.93407 -8.71428 -6.93488 -10.3277 -8.12813 -7.61299 -7.72275 -8.72711 -6.29709 -9.71192 -9.87007 -10.0413 -8.13993 
8.97351 -8.28866 -10.8945 -6.7245 -7 -7.98825 -7.60775 -7.09362 -7.99182 -6.92181 -8.71428 -6.93488 -9.97538 -8.66685 -8.02955 -7.71401 -8.41404 -6.27565 -9.73877 -10.0597 -9.75861 -8.52015 
9.10429 -8.21979 -10.6997 -6.69189 -6.72581 -8.17762 -7.77561 -7.14537 -7.99672 -6.7874 -8.38436 -6.86201 -10.7408 -9.07813 -8.30434 -7.70596 -8.8155 -6.08819 -9.49377 -9.97277 -9.4923 -8.00734 
9.02027 -8.10698 -10.3981 -6.81768 -6.87097 -7.98825 -7.76286 -7.07936 -7.97129 -7 -8.45709 -6.20873 -10.3363 -9.41885 -8.56571 -7.39175 -7.86906 -6.31508 -9.60318 -9.19093 -8.66843 -8.43447 
8.82371 -8.36985 -10.5408 -7.01056 -7 -7.98825 -7.76286 -7.24535 -7.96202 -7 -8.72183 -6.92785 -10.243 -9.82464 -8.8398 -7.69773 -8.79157 -6.29709 -10.002 -9.66804 -7.95205 -8.85069 
8.50169 -8.53192 -10.9138 -7.00519 -7.15834 -7.98825 -7.76286 -7.38769 -7.76948 -7.0106 -8.80554 -7.00681 -10.4284 -9.45099 -8.97705 -7.47689 -10.9452 -6.21233 -9.60141 -9.895 -9.33161 -8.85954 
8.13517 -8.46478 -10.9833 -7 -6.97973 -7.98998 -8.1408 -7.46496 -7.96861 -6.93601 -8.9499 -6.09881 -10.5898 -9.55261 -9.07536 -7.13822 -9.74523 -6.23502 -9.61769 -10.3773 -9.49592 -9.19137 
7.87477 -8.4735 -11.0895 -6.99941 -7.05311 -8.05653 -7.65493 -7.57861 -7.62662 -6.84958 -9.04746 -6.93488 -10.2552 -9.28556 -8.87507 -7.45777 -10.3691 -6.29709 -9.83483 -10.0398 -9.45189 -9.25318 
7.88819 -8.52005 -11.0623 -7 -6.98316 -8.48986 -7.76286 -7.54733 -7.5159 -6.67352 -9.04467 -6.93488 -10.3351 -9.41286 -8.87744 -7.25215 -10.8003 -6.29709 -9.84082 -10.4718 -9.40098 -9.19851 
8.37471 -8.47601 -10.9369 -6.81132 -7.17546 -8.09099 -7.76286 -7.54733 -7.99672 -6.87577 -9.04972 -6.93488 -10.5406 -9.2629 -8.96436 -8.26682 -11.2873 -6.31323 -9.54163 -8.2926 -8.8646 -9.04861 
8.46395 -8.41783 -11.1751 -7 -7.13199 -7.77459 -7.76286 -7.54733 -7.99672 -6.87888 -7.88063 -6.93488 -10.4535 -9.30494 -8.88741 -8.28469 -11.0907 -6.14156 -9.69211 -9.36167 -9.0699 -9.27754 
8.78678 -8.47345 -11.1268 -7 -7.25791 -7.96517 -7.89947 -7.36063 -7.99672 -6.88915 -8.92444 -6.80186 -10.3048 -9.60467 -8.43033 -8.50208 -10.1587 -6.29443 -9.84082 -8.5511 -9.16767 -9.54951 
7.88583 -8.56161 -10.8022 -7 -7.30639 -7.98825 -8.48774 -7.65809 -8.18604 -6.98256 -8.83073 -6.65097 -9.96056 -9.7761 -8.38882 -8.91269 -10.9959 -6.26186 -9.88756 -8.84833 -9.33202 -9.49884 
6.99844 -8.6412 -11.1806 -6.77023 -7.87532 -7.85849 -8.00914 -7.21317 -9.06345 -6.85921 -8.57562 -6.89117 -10.2583 -9.67209 -9.7508 -8.92679 -10.8661 -6.24921 -9.77451 -9.23998 -9.30735 -8.85993 
6.92261 -8.70691 -10.9374 -6.56727 -8.12355 -7.71974 -8.65758 -7.54733 -10.252 -6.84721 -8.06051 -6.75951 -10.2526 -9.92822 -8.59699 -9.05326 -10.6495 -6.29709 -9.84082 -9.24954 -9.23825 -9.72663 
7.00995 -8.6102 -10.71 -6.86957 -8.45652 -7.54513 -8.16003 -7.54733 -10.6671 -6.01977 -8.51311 -6.93488 -8.82859 -9.7181 -9.77779 -9.27466 -10.5509 -6.30083 -9.85881 -9.10886 -8.27394 -9.66006 
7.94966 -8.74661 -10.9501 -7.28071 -10.3677 -7.54722 -7.8713 -7.54733 -9.50683 -6.50142 -8.82831 -6.93488 -9.12761 -9.76114 -10.1132 -8.63789 -10.0851 -6.29709 -9.8246 -10.0029 -9.39182 -10.0236 
8.02318 -9.22906 -11.018 -8.48889 -11.0935 -9.63181 -8.37816 -7.50612 -9.65254 -6.36352 -9.45719 -7.32618 -9.91541 -9.85889 -8.95704 -9.06037 -10.037 -6.29709 -9.84082 -10.4626 -9.4177 -10.0919 
8.69555 -9.21865 -10.3333 -9.71811 -11.135 -10.3485 -8.14662 -7.74727 -9.23357 -6.40156 -9.42391 -8.13918 -10.2045 -9.96215 -9.33096 -9.11878 -10.6868 -6.188 -9.84082 -9.33428 -9.1576 -9.94591 
7.85942 -9.46191 -10.5413 -11 -11.2087 -10.8815 -7.74091 -8.88372 -9.42017 -6.37252 -9.42797 -10.3304 -10.1202 -9.60816 -9.22411 -8.20837 -11 -6.27581 -9.61993 -10.1416 -9.21167 -9.86413 
8.52281 -9.24411 -10.4754 -9.79245 -11.2087 -9.6333 -7.76286 -9.38606 -10.3284 -6.30563 -9.24248 -9.23791 -10.0906 -8.46554 -9.12363 -7.60578 -11 -6.29709 -9.45247 -10.2478 -8.65985 -9.87286 
8.93742 -9.17231 -11 -8.84091 -10.7299 -9.5789 -7.72375 -8.69831 -9.70022 -6.19869 -9.06108 -10.025 -10.3517 -8.57476 -9.83433 -7.69773 -10.6914 -6.33987 -9.8949 -10.8405 -7.51929 -9.5898 
9.13019 -9.22375 -11 -8.74419 -11.5666 -10.933 -7.62186 -9.93115 -8.01339 -5.90811 -8.37967 -10.9281 -10.6198 -7.4869 -9.6386 -7.69773 -11.1341 -6.29709 -9.85644 -10.4878 -8.58532 -9.67038 
9.08562 -9.29503 -10.91 -9.78363 -11.2382 -10.8792 -7.63596 -10.2871 -8.60127 -6.43784 -9.38806 -10.7437 -10.6451 -7.88372 -9.45744 -7.76401 -10.8113 -6.29709 -9.77264 -9.6906 -8.85796 -9.79922 
7.48388 -9.62526 -11.334 -10.6535 -11.2874 -10.7313 -7.76286 -10.9693 -10.6679 -6.70258 -9.20599 -10.9349 -10.1798 -9.00962 -9.51809 -8.27629 -9.92056 -6.29709 -9.84082 -10.6114 -8.77122 -9.60954 
8.44927 -9.66566 -10.9551 -10.8476 -11.3515 -11.5372 -7.77526 -10.9788 -11.4516 -9.11201 -9.29436 -10.9349 -10.5785 -9.64705 -10.4162 -7.96291 -9.27273 -5.82807 -9.34834 -9.28787 -8.46271 -8.41465 
9.0597 -9.8485 -10.9659 -10.7142 -11.2775 -11.4549 -7.76286 -10.7893 -10.9698 -9.04994 -9.15633 -10.987 -10.6451 -9.79127 -10.5182 -8.25469 -10.1277 -6.15423 -9.78677 -9.92195 -8.74674 -9.37701 
9.43123 -9.68588 -11 -10.9776 -10.3529 -11.5466 -7.76286 -10.4105 -10.8927 -9.19483 -9.32179 -10.7903 -10.6394 -9.78384 -10.9359 -8.16124 -9.12069 -6.22484 -9.22563 -9.3885 -9.09938 -9.76487 
9.11105 -9.44693 -11 -11 -9.11596 -11.5129 -7.76286 -9.51965 -10.2126 -9.73876 -7.54001 -10.9349 -9.995 -9.67284 -10.8724 -7.58031 -8.36 -5.68205 -9.28229 -10.6655 -9.04578 -9.62687 
8.22232 -9.53638 -9.99058 -11 -9.80237 -11.5408 -7.63904 -10.4549 -9.71025 -10.1784 -9.10815 -10.9349 -8.19166 -9.58632 -10.5293 -7.69773 -10.5361 -6.29709 -9.59937 -10.7225 -8.5601 -9.56482 
7.64563 -9.6891 -9.79835 -11 -9.40827 -11.7795 -7.76286 -11.5506 -9.59924 -9.54017 -9.03994 -10.7989 -10.0974 -8.9397 -10.7163 -7.56522 -10.8428 -6.29709 -10.0716 -10.6036 -8.73524 -9.51583 
7.8939 -9.77371 -10.7859 -11 -10.6474 -11.9099 -7.76286 -10.7362 -9.7621 -10.5126 -9.11707 -10.5675 -10.0812 -9.35672 -10.8724 -7.50764 -9.84186 -7.17128 -9.05625 -10.8589 -8.80135 -9.15848 
7.95748 -9.55019 -10.8697 -10.1398 -9.67162 -11.959 -7.71894 -9.49752 -10.1177 -11.3026 -9.11812 -10.5322 -10.2794 -9.41286 -10.4727 -7.73767 -10.0195 -6.81563 -7.8396 -10.2589 -8.55739 -9.1921 
8.30806 -9.64205 -10.1708 -9.86335 -10.6371 -11.7327 -7.63386 -9.59667 -10.1177 -11.3474 -9.06426 -10.1557 -10.353 -9.25857 -10.8724 -7.4898 -11 -7.29027 -8.70352 -10.8589 -8.41528 -8.58262 
7.92453 -9.59101 -10.9185 -9.02305 -10.324 -11.0123 -7.76076 -9.81599 -9.51216 -11.0905 -8.7092 -10.8675 -10.37 -9.79654 -10.8459 -7.6544 -10.853 -6.12678 -10.0031 -10.8589 -7.73364 -8.15781 
7.6611 -9.64152 -10.6334 -9.9538 -9.71129 -11.242 -7.79066 -9.53894 -9.84325 -11.279 -8.99386 -10.2156 -10.4173 -9.94477 -10.7959 -7.15106 -10.2422 -7.9075 -10.1032 -10.8589 -8.4003 -8.22636 
8.01627 -9.69979 -9.45833 -10.542 -10.862 -10.5164 -7.63224 -9.582 -10.1177 -10.9555 -9.10815 -10.1474 -10.6451 -9.95286 -10.6365 -7.32337 -10.2682 -8.04992 -9.5967 -10.6143 -8.4003 -8.87726 
7.70199 -9.94897 -10.3535 -11.4131 -11.2418 -11.3297 -7.73601 -9.92024 -9.90639 -11.1605 -9.10815 -9.3645 -10.4796 -10.8326 -10.8733 -6.86564 -10.8025 -8.08911 -9.69284 -10.8589 -8.4003 -9.26779 
8.10309 -9.69748 -10.9452 -11.2386 -11.2029 -10.8313 -7.80975 -9.17568 -9.63303 -11.3788 -9.17458 -8.98929 -9.79405 -11.1351 -10.8724 -7.38248 -11.2002 -8.32239 -8.24044 -10.5533 -7.78977 -9.29923 
8.58117 -9.81499 -11.1321 -11.0713 -11.2087 -10.1489 -7.36229 -8.50971 -10.1502 -10.9512 -9.61977 -10.1633 -8.94534 -11.1321 -10.8724 -8.02236 -10.0385 -9.95414 -8.3187 -10.8589 -8.4003 -9.29397 
8.86974 -9.84521 -11.0011 -9.93925 -11.1574 -10.9653 -7.57954 -8.98601 -8.75192 -11.0979 -9.39236 -10.182 -9.15272 -11.0903 -10.5546 -9.51493 -9.53846 -10.4019 -10.0365 -10.8589 -8.3093 -9.29397 
9.24603 -10.0785 -11 -10.4357 -10.8452 -9.93335 -7.86845 -8.97743 -10.1187 -11.3853 -9.31519 -10.324 -10.7602 -10.6039 -10.3859 -10.7001 -9.77083 -10.966 -9.97632 -10.6391 -8.50619 -8.74409 
9.34641 -9.91303 -10.9967 -11.0105 -10.6173 -9.26913 -7.14867 -9.14497 -10.2396 -9.14515 -9.66855 -9.9346 -10.1983 -10.5606 -9.18573 -11.1343 -10.802 -9.83597 -10.042 -10.8571 -8.37891 -10.4331 
9.17221 -9.77915 -10.8359 -11 -10.6834 -8.89774 -8.4501 -9.06448 -9.82631 -8.8284 -10.0666 -10.139 -10.3214 -9.29576 -9.74767 -9.18448 -11 -9.34323 -10.0004 -10.7714 -7.95267 -9.64061 
8.37361 -9.83791 -11 -10.9863 -10.603 -7.99095 -9.036 -9.06292 -10.1455 -8.52637 -10.1825 -9.7071 -10.845 -9.41286 -9.87749 -11.2774 -10.2978 -9.36723 -10.2024 -10.6411 -7.89785 -9.98726 
8.44972 -9.83093 -10.6129 -10.7778 -10.5243 -8.29138 -9.33673 -9.01383 -10.3263 -9.27767 -9.40843 -10.0338 -10.835 -9.41286 -9.84148 -9.87132 -11.3366 -9.54331 -9.94931 -10.6609 -8.05253 -9.69503 
7.56748 -9.70184 -10.7284 -11.0522 -10.8491 -8.21682 -9.4376 -9.00259 -10.3263 -8.25524 -10.1793 -8.33406 -10.47 -9.41286 -9.17741 -8.71797 -12.1556 -9.10723 -9.67306 -10.7363 -8.17412 -9.97384 
7.95208 -9.61231 -10.5682 -11.0611 -11.0965 -7.77478 -9.67986 -9.00116 -10.3263 -7.78301 -10.5469 -9.10965 -9.82938 -8.65399 -10.1491 -8.64157 -11.6451 -8.08637 -10.1109 -10.8446 -7.89691 -9.65232 
7.88955 -9.49442 -10.6775 -10.9969 -11.2087 -7.83743 -10.7801 -8.5813 -10.3263 -7.77172 -10.8942 -8.53255 -9.84929 -9.04764 -9.55199 -8.96325 -8.79993 -9.78765 -9.20289 -10.8589 -7.59139 -8.92258 
7.92408 -9.71947 -11 -11 -11.2087 -7.8913 -9.82806 -9.05571 -11.4525 -7.47608 -10.9072 -8.56142 -9.52674 -9.51749 -10.0473 -10.0844 -9.25793 -9.54008 -8.75668 -10.6159 -8.74323 -10.2009 
8.01937 -9.74268 -11 -11 -11.1565 -7.9986 -9.23928 -8.99387 -10.3263 -7.58551 -11.1668 -9.29903 -9.35502 -9.82696 -9.99188 -9.51883 -8.36819 -10.0667 -9.43909 -10.7344 -9.15698 -10.2461 
7.32035 -9.58391 -11 -11.026 -10.5661 -8.02698 -9.09104 -9.0259 -10.3263 -7.56328 -11.297 -7.83871 -8.7302 -9.91121 -10.2991 -10.2909 -8.21392 -9.55426 -9.24385 -10.8536 -9.31306 -9.68366 
7.215 -9.7525 -11 -11 -11.1127 -8.01998 -8.95954 -9.00116 -10.3204 -7.58493 -10.8059 -8.55644 -9.67843 -9.36181 -12.4835 -8.19998 -9.34706 -10.2963 -9.74639 -10.6945 -8.88648 -9.4477 
6.92873 -9.8398 -11 -11 -11.3818 -8.32138 -9.37537 -9.01703 -10.3241 -7.5217 -9.89637 -7.79537 -9.87858 -9.56332 -12.4672 -9.467 -9.13858 -10.3578 -10.3339 -10.8589 -9.83239 -9.3232 
6.5903 -9.64129 -10.935 -11 -10.9974 -8.2895 -9.92785 -9.00116 -9.26217 -7.5316 -10.4036 -9.92811 -8.70456 -9.13424 -11.4312 -9.48873 -8.52083 -9.08051 -9.50267 -10.5284 -9.95501 -9.31763 
6.304 -9.63579 -11 -10.78 -10.8998 -8.64605 -10.0953 -8.90325 -8.76487 -7.10892 -10.5679 -10.2812 -8.73663 -9.15735 -13.0503 -9.39327 -7.60923 -8.86833 -9.5016 -10.2589 -9.65816 -8.85209 
7.1225 -9.59909 -10.9946 -10.996 -11.2002 -8.71653 -9.19559 -8.9673 -9.75488 -7.23542 -10.714 -9.87799 -9.47858 -9.37517 -10.9265 -9.70242 -7.94386 -8.42879 -9.22319 -10.769 -9.08174 -9.67563 
8.12425 -9.59797 -10.4931 -10.9921 -10.1109 -8.71916 -9.4044 -8.83088 -10.3263 -6.88013 -11.0681 -10.1888 -9.70797 -9.2589 -10.1351 -10.0202 -8.04842 -8.75914 -9.06501 -10.0508 -10.02 -9.7965 
7.97001 -9.68447 -10.9684 -10.9804 -10.6753 -9.32674 -9.36928 -8.75898 -10.3263 -7.1689 -11.127 -9.95519 -9.94764 -9.45597 -9.35757 -8.92117 -8.23168 -9.179 -9.69663 -10.2256 -10.2374 -9.75543 
8.04139 -9.81489 -10.8771 -11 -10.9758 -9.68189 -9.00308 -9.33615 -9.5686 -6.87223 -11.127 -9.69335 -10.5329 -9.576 -9.53315 -10.488 -8.42681 -8.88886 -8.90358 -10.9835 -10.8826 -9.64638 
8.5512 -9.79143 -10.9512 -11 -11.0106 -10.6354 -9.1946 -9.04116 -9.84049 -6.93451 -10.3505 -10.6947 -10.1973 -9.67347 -9.58423 -10.2201 -8.09082 -8.86996 -9.07992 -10.9641 -9.74415 -10.0694 
8.85581 -9.95544 -11.1487 -10.9856 -10.8824 -10.5243 -10.1755 -9.00116 -9.64381 -7.53728 -9.39993 -10.9419 -9.68888 -10.0899 -9.5077 -10.5461 -8.59681 -8.90402 -9.51897 -10.939 -10.0649 -10.3905 
8.40362 -9.81908 -11.158 -10.8794 -9.35596 -10.8716 -10.1876 -9.00116 -9.37449 -7.62404 -10.1574 -10.6834 -10.2873 -9.96314 -9.29302 -10.4323 -8.28659 -8.89264 -10.0557 -10.8577 -9.02738 -10.0947 
8.21954 -9.91494 -10.9412 -11 -9.96145 -10.8948 -10.3384 -8.1537 -10.2559 -7.12212 -10.2381 -10.1691 -10.5819 -10.2296 -9.56355 -10.3436 -8.67035 -8.99407 -10.2012 -10.7968 -9.6383 -10.676 
8.26735 -9.78744 -11.0437 -11 -11.7174 -10.2375 -10.203 -8.18875 -8.90375 -7.15217 -11.1038 -10.8563 -10.6209 -9.3894 -9.58423 -10.4399 -7.89215 -8.89348 -10.2012 -9.73489 -9.55363 -9.95076 
8.69161 -9.88702 -10.7077 -10.7337 -11.7763 -10.8562 -9.30712 -8.96124 -10.3443 -7.61788 -9.91992 -10.7211 -10.6165 -10.0049 -9.36994 -10.2081 -8.63651 -8.78646 -10.1798 -8.05471 -11.4114 -10.0104 
8.00298 -9.85096 -9.75162 -10.75 -11.1951 -10.5733 -10.1535 -9.53059 -10.142 -7.61822 -10.6922 -10.7432 -10.5037 -10.134 -9.17515 -9.94062 -7.02249 -8.82508 -10.2164 -8.99594 -11.7277 -9.95076 
8.63436 -9.77062 -7.86 -9.78766 -11.3746 -9.95092 -9.97343 -9.90565 -10.0193 -7.54113 -11.127 -11.3289 -10.5767 -9.41035 -9.48375 -10.357 -7.9168 -8.86996 -10.2012 -7.71808 -11.7341 -9.95076 
8.69257 -9.64992 -9.2831 -10.3241 -11.1046 -11.0116 -9.88397 -7.90719 -9.29048 -7.61788 -10.8863 -11.2296 -9.50748 -9.14547 -9.47732 -10.4159 -7.48799 -8.80996 -10.1937 -7.38475 -11.663 -9.95076 
8.48187 -9.65734 -10.1922 -10.0752 -10.735 -11.2748 -9.83002 -8.66755 -9.00724 -7.50901 -10.8626 -11.1815 -9.94267 -8.84618 -9.44401 -10.4159 -7.98763 -8.86996 -10.159 -6.83384 -11.5996 -9.95076 
7.79469 -9.63609 -10.7756 -10.5245 -11.2297 -11.3516 -9.82445 -8.9041 -9.82897 -7.51995 -11.127 -11.2771 -9.09691 -7.06343 -9.44243 -10.0531 -7.9231 -8.55717 -10.3133 -7.3501 -11.3437 -9.93103 
6.77909 -9.5574 -10.6245 -11 -11.038 -11.2663 -9.83002 -8.85876 -9.21869 -6.92436 -10.9959 -11.4114 -8.85195 -7.88632 -9.38966 -10.1142 -7.86151 -8.95355 -10.2881 -6.67707 -11.089 -9.95076 
7.22688 -9.47244 -10.6308 -9.78497 -10.7628 -11.138 -9.83002 -8.97212 -8.99445 -7.54444 -11.1147 -11.3413 -8.69785 -8.59348 -9.31091 -10.192 -7.51769 -9.45679 -10.2012 -7.24841 -9.54794 -8.79935 
6.84533 -9.44829 -9.18096 -10.4566 -11.0157 -10.6509 -9.73605 -8.29638 -8.54496 -8.03288 -10.9231 -11.4326 -8.53441 -8.722 -8.81645 -10.074 -7.20725 -9.35422 -10.1122 -7.2623 -10.8973 -9.43313 
7.37496 -9.54115 -8.93418 -10.6851 -10.0482 -9.31951 -8.72912 -9.04325 -8.94136 -9.96835 -11.127 -11.3552 -8.20134 -9.52588 -8.60716 -10.4159 -7.58542 -8.25444 -10.0181 -7.49884 -11.5481 -9.55479 
7.82241 -9.70823 -9.62225 -10.888 -10.1106 -12.0247 -9.64915 -8.38351 -9.73224 -9.39019 -10.4307 -11.2566 -8.34158 -10.3054 -9.07964 -10.4272 -7.25929 -8.77154 -9.63835 -7.82294 -11.3189 -9.6741 
8.29424 -9.57532 -9.3073 -11 -9.69765 -8.75465 -9.58283 -9.00116 -8.47306 -10.443 -11.1836 -11.0879 -8.48391 -10.4096 -9.44694 -9.79475 -6.62946 -9.23805 -10.0872 -8.36928 -11.0242 -9.18617 
7.96053 -9.42962 -8.52409 -10.9936 -8.65515 -8.69419 -9.2779 -9.00116 -9.57029 -8.88196 -10.98 -11.0359 -8.89725 -10.3416 -9.37658 -8.63369 -6.25756 -9.53038 -10.2404 -9.37276 -11.0039 -8.73691 
6.90496 -9.56543 -8.31285 -11 -9.24192 -8.25633 -9.72259 -9.00116 -9.55291 -10.7187 -10.6522 -10.6619 -8.80466 -10.1025 -9.40598 -9.09356 -7.36494 -10.1183 -9.57333 -8.60061 -11.244 -9.70184 
7.3148 -9.63964 -8.62995 -11 -8.32357 -7.81276 -10.0672 -9.48357 -9.74894 -11.2011 -11.1824 -9.68626 -8.76589 -10.2922 -9.37658 -9.57778 -7.56215 -10.1882 -9.24667 -8.86417 -11.4124 -9.93733 
6.84585 -9.46506 -9.41035 -10.8502 -8.47906 -8.94321 -10.0168 -8.43581 -8.33532 -11.3969 -11.1737 -6.67932 -8.10977 -10.4096 -9.24741 -10.262 -7.60514 -10.0269 -9.6577 -8.60655 -11.6586 -10.0111 
7.47936 -9.61802 -8.12139 -10.7775 -8.75824 -8.43059 -10.1322 -9.60215 -9.50952 -11.3858 -10.9869 -9.67982 -8.65834 -10.4082 -9.47193 -9.11307 -7.5216 -9.39451 -9.82879 -8.95115 -11.4541 -9.83123 
7.72228 -9.85237 -10.8378 -10.3262 -8.22609 -10.4371 -9.10011 -8.75848 -9.75005 -11.6179 -11.3462 -9.70092 -8.6103 -10.4096 -9.16201 -10.0803 -7.60791 -10.0685 -10.146 -9.46005 -11.6481 -9.99447 
7.72506 -9.82275 -8.57515 -10.1376 -7.51587 -9.18689 -10.0108 -8.88307 -10.4624 -11.6179 -11.127 -9.97251 -8.54787 -10.4096 -9.38286 -10.4321 -7.66111 -9.67151 -10.1717 -10.7041 -11.6481 -10.7522 
7.94882 -10.0858 -10.2773 -10.7808 -10.2747 -8.45582 -10.3916 -10.3366 -10.1919 -11.6179 -10.7829 -9.83932 -8.66503 -10.4096 -9.37658 -9.4751 -7.82573 -9.51805 -9.83849 -11.2191 -11.6373 -10.5531 
8.62267 -10.0332 -9.86548 -11 -11.012 -9.42434 -10.061 -10.0481 -9.20274 -11.3734 -10.3855 -10.2401 -8.90762 -9.61001 -9.25152 -10.4159 -7.45688 -9.51695 -9.88822 -11.3848 -11.6481 -10.2431 
8.20009 -10.0894 -10.4712 -10.8183 -10.6764 -9.59622 -10.0219 -9.71777 -9.74066 -11.0657 -11.114 -10.8489 -8.81038 -9.89086 -9.12678 -10.1986 -7.52059 -9.50865 -10.0991 -11.3848 -11.4363 -10.1239 
7.76213 -10.0426 -10.2537 -10.8178 -10.0474 -9.19824 -9.93224 -9.86602 -9.69662 -11.7972 -10.6687 -10.6998 -8.86589 -9.73866 -8.72352 -10.1719 -7.61137 -9.37794 -10.2012 -11.3848 -11.589 -10.1342 
6.8271 -9.79578 -10.4539 -11 -9.39217 -9.93397 -9.87853 -9.58372 -9.63824 -10.898 -9.9732 -10.4678 -8.90527 -8.81695 -8.10385 -9.25909 -7.60791 -9.49272 -10.2012 -11.1809 -10.8055 -10.1661 
7.23341 -9.69346 -10.0152 -11 -10.2591 -9.11784 -10.3411 -8.69135 -9.92601 -8.68764 -9.88431 -10.016 -8.44122 -9.87187 -8.13874 -9.46598 -7.96256 -9.49272 -10.2012 -11.1435 -11.3543 -10.0715 
8.17859 -9.82121 -10.5828 -10.3396 -10.1058 -10.1879 -10.9592 -9.4854 -10.1846 -8.47738 -7.6441 -9.64758 -8.54359 -10.4096 -8.75187 -10.4388 -8.79704 -9.50566 -10.2412 -10.4143 -11.5984 -9.56211 
8.58466 -9.73505 -10.0357 -9.58572 -9.98374 -10.4806 -8.87703 -9.1214 -11.1097 -9.30724 -7.51592 -9.65292 -8.6575 -10.4096 -9.35859 -9.8397 -8.33291 -10.0908 -9.55279 -11.2306 -11.2314 -10.0652 
7.29118 -9.78652 -9.42955 -10.9968 -9.80966 -10.7125 -9.5332 -10.9004 -10.7911 -8.8485 -7.27461 -8.63776 -8.75958 -10.0965 -9.31973 -10.2971 -8.20227 -9.738 -9.51794 -11.34 -11.4185 -10.1661 
8.08184 -9.63774 -9.12741 -10.9097 -10.0258 -10.6643 -9.01607 -9.85037 -9.65667 -8.40138 -7.02155 -9.29208 -8.58763 -9.50847 -9.21713 -9.98058 -8.08146 -9.47552 -10.2462 -11.3013 -11.6776 -10.0671 
8.47061 -9.64117 -9.00829 -10.8132 -9.89263 -10.7125 -9.81627 -7.36543 -10.3208 -8.15534 -9.65055 -10.0327 -8.78451 -9.47315 -9.23022 -9.73761 -8.21778 -9.77053 -10.2012 -10.0547 -11.6481 -9.73535 
8.33784 -9.91948 -11.0464 -10.2331 -10.0559 -10.7125 -10.0041 -8.62558 -11.1284 -8.00563 -9.37326 -10.1251 -8.81804 -9.83045 -9.37658 -10.4159 -8.44326 -9.18 -10.2012 -10.4366 -11.6276 -10.1661 
8.23923 -9.93005 -10.1626 -11.0247 -9.82564 -10.7125 -9.9831 -9.40165 -10.7764 -8.28454 -9.94194 -10.7662 -8.40758 -10.3626 -9.37658 -10.4159 -8.66312 -8.79327 -10.229 -10.253 -11.4431 -9.96737 
8.75609 -10.0235 -11.4222 -10.8507 -9.43529 -10.7125 -9.57547 -9.93354 -9.91344 -10.0148 -9.24688 -10.7675 -8.65696 -10.0595 -9.22356 -10.4064 -8.22003 -9.35523 -10.2082 -10.7482 -11.6481 -10.1661 
8.85913 -9.81704 -10.6248 -10.7143 -9.3296 -10.6014 -10.2725 -8.80281 -9.82711 -8.45567 -10.4654 -10.7675 -8.42406 -10.2131 -9.37836 -9.81037 -8.54926 -9.27032 -9.28284 -10.0191 -11.5226 -9.26931 
8.16673 -9.66981 -10.7899 -10.6044 -9.3296 -10.7043 -10.4225 -9.90275 -9.9849 -8.28727 -10.803 -10.3818 -8.5728 -10.108 -9.39141 -8.29052 -8.68146 -8.80593 -9.64795 -9.75038 -9.48288 -9.83874 
8.24655 -9.54105 -11.3405 -10.2312 -9.16798 -10.7125 -10.6576 -9.30953 -10.584 -7.83274 -9.77885 -9.72749 -8.79529 -9.58298 -9.40607 -8.68755 -7.9533 -8.50241 -9.83928 -9.10786 -10.1125 -10.159 
7.93989 -9.51545 -7.94597 -10.6416 -9.34545 -10.1069 -10.6663 -9.04707 -9.7468 -7.63506 -10.1425 -9.73307 -8.45517 -9.79498 -9.3852 -10.0592 -8.24171 -8.81663 -10.189 -9.59197 -10.7401 -10.0297 
8.3695 -9.5954 -7.99697 -10.2487 -9.00702 -10.7125 -10.8279 -10.3847 -9.9904 -7.61788 -9.79036 -9.65886 -8.49863 -10.351 -9.25519 -10.2282 -8.93155 -8.26732 -10.1734 -8.7204 -10.7454 -10.1756 
8.25765 -9.54448 -8.27725 -10.399 -9.3296 -10.4103 -10.8929 -11.0487 -10.1302 -7.37094 -9.66705 -10.1044 -8.69354 -10.4096 -9.36818 -10.286 -8.96337 -9.11207 -9.62681 -7.0391 -9.87885 -9.99779 
7.97268 -9.69684 -8.22904 -10.7081 -9.25544 -10.4008 -10.3002 -9.37767 -9.77153 -7.85158 -10.0789 -10.1109 -8.69354 -10.4096 -9.22201 -10.1536 -8.91428 -8.90895 -10.1724 -9.53673 -11.2992 -10.0689 
7.59873 -9.65572 -8.07243 -10.7452 -9.35553 -10.0693 -10.2219 -11.295 -9.56304 -7.59803 -10.3445 -10.8638 -8.69354 -10.1138 -9.03039 -9.94995 -8.72693 -8.57202 -10.0291 -10.7099 -10.0562 -9.49314 
7.42855 -9.80843 -7.54571 -10.7685 -9.3296 -10.6154 -9.40553 -10.7323 -9.85794 -7.963 -10.3901 -10.3049 -8.69354 -10.2985 -9.28964 -9.34097 -8.79397 -9.49272 -10.0217 -10.9138 -11.1503 -9.98375 
8.08844 -9.71041 -7.79704 -10.7751 -9.3296 -10.2212 -9.16034 -11.0838 -9.74839 -7.52473 -10.2942 -8.9028 -9.6709 -10.4096 -9.37658 -9.1147 -9.05 -9.49272 -10.0145 -11.3827 -10.536 -9.96129 
8.26853 -9.54927 -7.85331 -10.5311 -9.3296 -8.88395 -9.62845 -11.3665 -9.96898 -7.61788 -10.5433 -8.24776 -9.9567 -10.411 -9.37658 -9.03371 -8.95426 -9.2818 -10.0829 -9.86607 -9.16589 -10.3227 
8.01401 -9.52734 -7.77292 -10.7515 -9.31531 -9.21062 -9.4731 -11.4372 -9.82577 -7.61845 -10.3766 -9.05887 -9.91259 -10.4384 -9.29132 -9.35015 -9.04687 -8.31383 -9.73742 -10.6358 -10.0872 -9.55912 
8.14401 -9.6068 -7.65183 -10.6876 -9.3296 -8.61584 -9.42887 -12.0135 -9.82082 -7.61788 -10.3203 -11.0831 -10.2861 -10.2564 -9.33447 -9.22801 -9.19298 -7.84972 -9.79111 -9.95722 -9.61041 -9.76985 
8.4082 -9.50734 -7.94059 -10.7257 -9.07697 -8.13154 -9.5975 -12.0654 -9.80731 -7.4589 -10.3766 -9.78311 -9.67227 -10.4678 -9.19291 -8.08987 -9.30385 -8.80643 -9.9753 -9.05136 -11.4102 -9.43632 
8.09287 -9.38305 -7.70486 -10.7313 -8.5696 -8.30058 -9.90242 -10.7029 -8.80731 -7.58521 -10.3766 -7.52606 -10.2552 -10.4438 -9.20246 -9.30813 -9.36649 -8.97694 -10.4211 -8.68002 -11.1771 -9.67997 
7.98294 -9.36239 -7.73908 -10.1723 -9.14308 -8.53153 -8.13383 -8.60886 -9.50979 -7.61788 -10.0828 -8.46996 -10.4182 -10.494 -9.4695 -9.20462 -9.313 -9.32978 -10.2997 -8.89723 -11.6517 -9.5764 
8.197 -9.3004 -7.55249 -9.87461 -8.85516 -8.94495 -7.63942 -11.2835 -9.61981 -7.61788 -10.3852 -7.73906 -10.339 -10.6217 -9.47044 -9.09615 -9.50451 -9.70143 -10.2012 -8.42641 -9.91744 -9.30364 
8.47268 -9.47704 -7.73908 -10.71 -9.03869 -9.28591 -10.4497 -10.4574 -9.79426 -7.15634 -10.6536 -7.60075 -9.66889 -10.5188 -9.48906 -9.55136 -9.4807 -9.39932 -10.0708 -9.18173 -10.2713 -9.81288 
8.10324 -9.25301 -7.73239 -10.7379 -9.07756 -8.44164 -9.54447 -9.69417 -9.51844 -7.57089 -10.0486 -7.4923 -9.56908 -10.4696 -9.48682 -9.20035 -9.45824 -9.03028 -10.2859 -9.3059 -9.24498 -9.79404 
7.87115 -9.08462 -7.76292 -9.59341 -9.44545 -8.51435 -10.4198 -8.56087 -8.61826 -7.93747 -10.1905 -7.58799 -8.76629 -10.3069 -9.47243 -9.20875 -9.5907 -9.2407 -10.1259 -8.97843 -8.80157 -9.0656 
8.54341 -9.12948 -7.67506 -9.01071 -9.58279 -7.89213 -10.7071 -9.97408 -8.87207 -7.2055 -11.4018 -7.58799 -8.79502 -10.4593 -9.4955 -7.42202 -9.28 -9.21851 -10.591 -9.07648 -9.28016 -9.12863 
7.51103 -9.04336 -7.73908 -9.87612 -9.4272 -8.12707 -10.0347 -10.6419 -9.54765 -7.43761 -9.42145 -7.49965 -8.64139 -10.6446 -9.50335 -7.64131 -8.47799 -9.10947 -10.4947 -9.18189 -9.61723 -8.46571 
8.01379 -9.31409 -7.95106 -10.673 -9.3296 -8.26297 -9.16759 -11.2791 -9.63827 -7.61788 -9.86989 -7.63152 -8.56602 -10.8333 -9.2577 -9.33508 -9.01344 -8.5309 -11.2125 -8.74182 -9.00861 -9.18743 
8.2229 -9.15739 -8.11781 -10.7283 -9.3296 -7.72341 -7.70878 -11.7603 -9.02343 -5.84521 -10.1661 -7.5771 -8.83148 -10.0539 -9.24959 -9.17025 -9.28387 -9.2056 -10.0289 -9.39853 -9.43138 -10.1837 
7.87211 -9.20541 -7.73546 -10.3416 -9.3296 -7.01476 -8.40414 -10.1638 -9.75406 -7.79522 -10.5354 -7.52647 -8.48385 -8.89699 -8.58971 -9.40726 -9.28917 -9.22469 -10.825 -9.53233 -9.92137 -10.4409 
8.16734 -9.33837 -7.73908 -10.5966 -9.33803 -7.372 -8.83596 -10.8 -9.36103 -9.56165 -9.92522 -7.55293 -8.69354 -9.97176 -9.55899 -9.49016 -9.36494 -9.43969 -10.3917 -9.77194 -9.935 -9.46211 
7.89496 -9.37144 -7.73908 -10.731 -7.86087 -7.72962 -8.64287 -10.8568 -9.39795 -9.43817 -11.0871 -7.34347 -9.4745 -10.2411 -9.32984 -9.33328 -9.06974 -9.33806 -11.1059 -9.71774 -9.72405 -9.88429 
9.27872 -9.53895 -7.73908 -10.4443 -8.90367 -7.99184 -9.29448 -11.192 -8.91473 -9.93887 -10.5532 -7.36685 -10.4296 -9.36844 -9.32916 -9.21987 -9.10405 -9.84326 -11.0108 -9.488 -10.0074 -9.51455 
8.09193 -9.35507 -7.31204 -10.7408 -9.3296 -8.20132 -9.323 -9.65256 -9.12311 -9.38223 -10.4981 -7.58799 -10.905 -9.51843 -9.50335 -9.52727 -8.81598 -9.99684 -11.0469 -8.56751 -9.9161 -8.30687 
7.8226 -9.09878 -7.01159 -10.7345 -9.3296 -8.09492 -8.58664 -9.80291 -8.93925 -9.46565 -10.007 -7.42229 -9.3073 -8.18131 -9.35052 -9.45559 -9.09761 -10.0174 -10.7404 -8.52471 -9.94135 -8.38159 
7.61202 -9.18062 -8.39966 -11.06 -9.13605 -8.09343 -9.34278 -9.49523 -9.20736 -9.43403 -10.1433 -7.53695 -8.97354 -9.12028 -9.36003 -9.31893 -8.73371 -9.38613 -10.7019 -8.18081 -9.854 -8.30423 
8.55631 -8.9487 -9.18223 -10.7357 -9.3296 -7.87206 -8.40166 -8.08234 -9.21063 -8.40111 -9.21096 -7.58874 -9.47997 -9.67005 -9.06853 -9.40726 -8.54719 -8.34459 -10.6749 -8.14003 -9.61423 -8.04333 
8.74969 -8.95197 -8.8102 -10.7014 -9.23163 -7.80573 -9.1383 -7.05689 -9.49306 -7.95835 -9.22204 -7.67098 -9.09757 -9.81443 -9.15711 -9.32588 -9.35537 -9.27477 -11.1784 -7.50075 -9.68428 -7.95109 
9.01595 -8.84447 -8.761 -10.4161 -9.3132 -8.09014 -9.78666 -6.59857 -9.54298 -7.54359 -8.91319 -6.7781 -9.37691 -9.01484 -9.13202 -8.24488 -9.42133 -9.82882 -11.1543 -8.30371 -9.5564 -7.82692 
8.624 -8.85982 -9.11667 -10.723 -9.3296 -7.77731 -8.41913 -7.61475 -8.26935 -8.53707 -9.04733 -5.83483 -9.29906 -10.1331 -9.05935 -8.81288 -8.77095 -10.0963 -11.1539 -8.24337 -9.6897 -7.95694 
7.9197 -8.82614 -9.11667 -10.7313 -8.96471 -8.14789 -8.15957 -6.34727 -8.3487 -10.9073 -7.20413 -6.71212 -8.0139 -10.0914 -9.47037 -8.28535 -9.26254 -10.1411 -11.2443 -8.38646 -9.94144 -7.93798 
7.24127 -9.15816 -9.15603 -10.7313 -9.3296 -8.11804 -8.07692 -8.84416 -9.80731 -10.0675 -8.60029 -6.26378 -9.00757 -10.8815 -9.33049 -9.02697 -9.50451 -10.0082 -11.1657 -8.38053 -9.19428 -7.97602 
8.19484 -9.13095 -8.74387 -10.4956 -9.08327 -8.60737 -8.23564 -8.14041 -9.79428 -9.03596 -8.49774 -6.74347 -9.26118 -11.0795 -8.89139 -9.528 -9.50451 -10.2252 -11.2912 -8.3899 -9.30314 -7.53058 
8.08945 -9.20221 -9.45941 -10.7578 -9.15282 -8.39927 -8.10638 -8.4594 -9.55814 -10.7558 -9.53562 -7.01936 -7.21925 -11.0283 -8.90246 -9.43809 -9.5165 -9.69727 -10.7255 -8.54808 -9.88999 -7.66812 
7.8696 -9.19857 -9.31162 -10.772 -9.65379 -8.41955 -7.78061 -7.76934 -9.94891 -11.4585 -8.61969 -6.97138 -7.23819 -11.0855 -9.48305 -9.21168 -9.58656 -10.1764 -10.7734 -8.31059 -9.05147 -7.615 
7.99988 -9.17363 -8.57007 -11.2059 -9.76168 -8.19238 -8.73922 -8.72169 -9.98172 -10.8778 -9.10128 -7.43454 -7.37552 -11.0415 -9.19627 -9.18032 -9.03264 -10.1119 -10.8171 -8.03393 -8.79552 -7.02473 
8.60921 -9.00669 -9.31483 -10.9469 -9.95683 -7.81183 -8.25281 -8.58344 -9.74545 -9.89202 -8.76558 -7.11398 -8.05504 -10.7024 -8.34166 -9.12878 -8.27899 -10.2931 -9.83644 -8.47049 -9.94144 -7.50854 
7.74297 -8.9855 -9.41685 -11.1446 -9.91901 -8.09014 -8.13434 -8.78227 -9.80731 -9.58456 -8.15049 -7.09451 -7.95094 -11.0303 -9.1085 -9.38103 -8.41153 -9.76241 -9.01262 -8.24521 -9.31399 -7.52497 
8.44475 -8.95946 -9.30584 -11.2149 -9.03494 -8.09014 -8.11287 -8.74519 -9.75572 -8.76361 -7.76989 -7.0892 -8.42095 -11.0855 -8.7183 -9.15253 -8.94863 -9.98803 -10.1344 -8.53644 -9.46188 -7.69036 
8.06639 -9.08708 -8.72118 -11.1868 -10.0022 -7.61834 -8.17282 -8.71072 -9.69945 -10.1226 -8.68036 -7.29831 -8.28029 -10.3643 -9.00847 -9.05737 -9.30061 -9.97481 -9.33731 -8.64281 -9.50481 -7.81681 
9.09332 -8.99261 -7.77915 -10.3162 -9.652 -8.79683 -8.25811 -8.46902 -9.72836 -8.56634 -8.88101 -7.70672 -8.10837 -11.1164 -9.15335 -9.40726 -10.0831 -9.38344 -9.03783 -7.70662 -9.88832 -7.87827 
8.96811 -9.20336 -7.77536 -10.9088 -10.0806 -9.0022 -8.2325 -8.58487 -9.72079 -9.37341 -9.49798 -8.66944 -8.72625 -11.0855 -9.38314 -8.90239 -9.46294 -9.41725 -9.9498 -7.72813 -10.2625 -7.54945 
9.16293 -9.48491 -8.70637 -10.7312 -9.93614 -9.23583 -8.13726 -8.28796 -9.76573 -10.8583 -9.0975 -10.8044 -9.81412 -11.0855 -9.30608 -9.41402 -9.46073 -10.0437 -9.30897 -7.89616 -10.0758 -7.6686 
10.8045 -8.70226 -8.64422 -9.71146 -9.01862 -7.51613 -7.16725 -7.1875 -8.51251 -10.3205 -9.22741 -9.95414 -11.4956 -10.0855 -8.50335 -8.28109 -8.53128 -9.16915 -7.61528 -7.32465 -8.96243 -7.10866 
9.73362 -8.89141 -9.93706 -8.3372 -8.46307 -7.42965 -7.23564 -7.15402 -8.71516 -11.0069 -9.41262 -9.9912 -11.1513 -10.0855 -8.45404 -8.19211 -8.69941 -9.29311 -8.47089 -7.39297 -9.01686 -8.13791 
9.38077 -8.89724 -10.9808 -9.66456 -8.8077 -7.08204 -6.92689 -7.65699 -8.70361 -9.6625 -8.91933 -9.88525 -11.1015 -9.88421 -8.40526 -8.41632 -9.61246 -9.18067 -8.52743 -7.44078 -8.74966 -7.83844 
9.65414 -8.87545 -10.0956 -9.76578 -8.89186 -8.05447 -7.3862 -7.54378 -9.19444 -9.59968 -9.23522 -9.86033 -9.38979 -10.3613 -8.33623 -8.3061 -9.27513 -9.45457 -7.78196 -7.25548 -8.24741 -9.31154 
9.35142 -9.05347 -9.96134 -9.69828 -9.1719 -11.2603 -7.21589 -7.65699 -8.92329 -9.16634 -9.16595 -9.55525 -8.84177 -9.92017 -8.26199 -8.3195 -9.80309 -9.56997 -9.11627 -7.38129 -8.9508 -9.64614 
9.71706 -8.86959 -8.82405 -9.63825 -9.13084 -12.1815 -7.27215 -7.4155 -8.79291 -8.38116 -9.23522 -9.40098 -8.98498 -9.96803 -8.33503 -7.96338 -8.84152 -9.85607 -8.75805 -7.10086 -8.06813 -9.24845 
9.42367 -8.85373 -7.85721 -9.71146 -9.24073 -11.7186 -7.19934 -7.65699 -8.83155 -10.2855 -9.16047 -8.04609 -8.6806 -10.3493 -8.63259 -8.02536 -9.01779 -9.17281 -8.08453 -6.77328 -8.50149 -9.39334 
9.36398 -8.93496 -8.78373 -9.42016 -9.08616 -9.95432 -6.99012 -7.65699 -9.63512 -8.17975 -9.01527 -8.71425 -9.15116 -9.56386 -8.50335 -8.14612 -8.37066 -10.7071 -8.39436 -9.56933 -8.99614 -9.55739 
9.69782 -8.9737 -9.10176 -9.40219 -8.75648 -9.70491 -6.81798 -7.40145 -10.5467 -7.57698 -9.23522 -9.09103 -8.88157 -9.27735 -8.47124 -8.01569 -8.43938 -9.97947 -8.505 -10.6287 -10.0026 -9.75387 
9.25457 -8.77447 -8.28036 -7.74315 -8.41411 -10.2198 -6.24535 -7.66773 -10.7992 -6.88563 -9.25005 -9.49431 -8.86898 -9.20516 -8.32536 -7.56295 -8.27349 -9.31515 -8.46532 -10.8828 -10.3348 -10.1656 
10.2645 -8.8877 -8.23884 -9.20183 -8.1433 -10.0872 -7.93219 -7.58256 -9.65821 -6.971 -9.22832 -9.68608 -9.00232 -8.98527 -8.55019 -7.71454 -8.37812 -8.83825 -8.27095 -10.5501 -9.94439 -12.4222 
9.91906 -8.78733 -8.39181 -9.45258 -8.22196 -9.40272 -6.77548 -6.11813 -9.04474 -7.087 -9.23522 -10.1491 -8.86898 -9.23307 -8.55269 -7.71454 -8.22463 -9.35278 -7.99539 -9.73386 -9.93821 -12.1153 
10.1873 -8.52007 -8.39181 -9.47212 -9.07749 -8.70408 -6.57057 -6.87305 -9.32545 -7.0531 -9.1819 -9.07064 -8.05477 -9.68216 -8.50335 -7.71454 -8.43938 -8.60819 -8.08752 -10.3801 -8.06585 -10.3138 
10.2837 -8.53106 -8.28285 -9.48985 -11.0786 -8.75869 -7.02218 -6.3811 -7.51549 -6.95992 -8.6635 -8.41475 -8.94976 -10.0807 -8.47233 -7.72029 -8.30213 -9.38379 -8.12459 -9.69758 -7.75451 -9.60999 
10.015 -8.87771 -8.21388 -9.56078 -11.2159 -8.82603 -7.13342 -8.55927 -10.0129 -7.52349 -8.79291 -8.44302 -9.16225 -9.69838 -8.61977 -7.46684 -8.54653 -9.32077 -8.12459 -9.74783 -8.91374 -9.3601 
9.62615 -8.80195 -8.39181 -9.29314 -10.7885 -8.88724 -7.23564 -7.94647 -10.0701 -7.06634 -8.67415 -9.12673 -8.59012 -9.47982 -8.41623 -7.82249 -8.3705 -9.97069 -8.15028 -9.8384 -9.52735 -9.2384 
9.58102 -8.81454 -8.39181 -9.35903 -11.274 -8.76254 -7.23564 -7.59694 -10.1073 -7.06634 -8.81397 -9.27126 -8.80609 -8.53474 -8.44268 -7.54966 -8.17889 -10.1918 -8.10604 -9.86125 -9.79496 -9.03339 
9.25327 -8.82589 -8.26921 -9.58036 -11.9726 -8.88724 -7.09847 -7.55267 -10.106 -7.06634 -8.82373 -8.3097 -8.60078 -10.0553 -8.67427 -7.71454 -8.2557 -9.13277 -8.09474 -9.20349 -9.92812 -9.32374 
8.49279 -8.80309 -8.39181 -8.66807 -12.0935 -8.4423 -7.00572 -8.16482 -9.41569 -7.0626 -7.51215 -9.11634 -8.74954 -10.1843 -9.33541 -7.68415 -8.66238 -9.54995 -8.00403 -9.40175 -9.76426 -8.96696 
8.10171 -9.12828 -8.39181 -9.34069 -12.0703 -8.42471 -8.94734 -10.356 -9.96303 -7.06634 -6.84485 -9.33437 -8.94367 -10.2081 -9.01342 -7.7029 -8.44833 -9.64959 -8.13542 -10.3624 -9.76426 -9.3601 
8.26423 -9.15501 -8.33406 -9.46434 -12.1921 -7.70843 -11.2267 -10.3975 -10.106 -6.8859 -6.72789 -8.93541 -8.03223 -10.3034 -8.826 -7.42192 -8.43938 -9.59556 -8.12356 -10.3937 -9.76426 -9.93853 
7.66481 -9.09706 -8.39521 -9.41716 -11.7633 -8.36822 -11.2245 -9.54487 -10.0305 -6.83044 -7.18726 -8.8138 -8.02744 -10.2907 -9.03909 -7.47388 -8.3816 -9.79489 -7.88232 -10.1416 -9.76426 -9.57817 
7.85345 -9.22791 -8.39181 -8.93462 -12.3785 -8.14409 -11.2723 -10.3841 -9.84228 -6.7727 -7.20905 -9.23698 -8.66444 -10.1581 -8.92297 -7.5543 -8.42245 -9.81211 -8.89263 -10.3116 -9.85762 -9.21612 
8.41082 -9.26799 -8.39389 -9.21082 -12.4285 -7.96452 -11.8563 -10.9128 -8.90245 -6.83703 -8.18404 -9.10839 -7.86895 -9.92993 -9.97588 -7.6665 -8.39356 -9.7575 -9.00362 -9.99403 -9.52693 -8.9088 
8.04918 -9.29089 -8.67033 -9.1827 -12.3467 -8.76647 -10.977 -9.17285 -9.62967 -7.04088 -8.74218 -10.0875 -8.89424 -9.98856 -10.1141 -7.73821 -8.35139 -9.48187 -7.80701 -9.2241 -9.39454 -9.68871 
8.47896 -9.19924 -8.14445 -9.40322 -10.9241 -8.96749 -10.3402 -9.92078 -9.63982 -7.06634 -7.77621 -10.9209 -8.75181 -10.1154 -10.1844 -7.21606 -8.3218 -9.32415 -9.1611 -10.3882 -9.19486 -9.32866 
10.5917 -9.15069 -8.03054 -8.86853 -9.97332 -8.88759 -11.1234 -9.68828 -9.53665 -7.06634 -8.97924 -10.1783 -9.26385 -10.0706 -10.0713 -7.46737 -7.30904 -9.22969 -9.2593 -10.3897 -8.61175 -9.21872 
10.5269 -9.3218 -8.29731 -8.93191 -11.0535 -8.87817 -10.0297 -9.56658 -9.63681 -6.99276 -10.2301 -10.1826 -9.21638 -10.7263 -9.62741 -7.0275 -8.02546 -9.79106 -9.35154 -9.99318 -8.56147 -9.32488 
10.3668 -9.27149 -8.13498 -8.3724 -12.6761 -8.56381 -9.3361 -10.0328 -9.67123 -7.45989 -10.4794 -8.87573 -11.3076 -10.333 -8.70769 -7.65504 -7.70972 -8.90508 -9.22605 -10.2345 -8.86753 -9.13583 
10.3332 -9.1483 -8.39181 -8.66968 -11.4791 -8.88724 -8.72097 -9.90121 -9.19869 -7.07176 -11.0642 -8.1937 -9.50503 -10.3664 -9.17163 -7.7701 -7.99727 -8.71272 -9.22894 -10.3897 -9.41467 -9.25689 
9.18766 -8.95081 -8.39181 -8.54411 -11.299 -8.30174 -8.44601 -9.94653 -9.54023 -7.08252 -10.1545 -7.50443 -8.03831 -9.82332 -10.0338 -7.71934 -8.29827 -8.40322 -9.05465 -10.2368 -8.76241 -8.86036 
9.18132 -9.10162 -8.39181 -8.78602 -12.4899 -8.88958 -9.76777 -9.87675 -9.76519 -7.08505 -9.47303 -7.94742 -9.35701 -10.6389 -10.1662 -7.65273 -8.02275 -8.17715 -8.65654 -10.3897 -8.19896 -7.31993 
8.26274 -8.89759 -8.29192 -8.68151 -12.2936 -8.928 -10.9583 -9.04139 -9.18098 -7.15625 -8.92061 -7.90928 -9.05711 -10.3157 -8.78235 -7.88815 -6.63107 -8.28036 -9.2171 -9.17606 -8.17238 -8.44042 
8.76727 -8.9474 -8.38328 -7.10542 -11.329 -8.71205 -9.6637 -9.71507 -9.10337 -7.13073 -8.74661 -7.9178 -10.1275 -10.1728 -8.69814 -8.265 -7.8337 -7.9294 -9.07291 -10.8544 -8.62599 -9.40761 
8.48075 -8.85838 -8.08833 -8.90897 -10.7637 -8.37738 -8.3055 -9.39084 -9.30608 -7.21056 -8.87174 -7.83506 -8.73364 -10.8141 -8.01444 -7.89544 -8.14332 -8.21401 -8.8417 -10.6474 -8.66566 -9.62402 
8.41923 -9.04915 -8.60795 -9.03408 -10.1756 -9.30043 -8.75032 -9.53914 -9.64471 -7.58667 -9.13686 -7.56536 -8.86874 -10.3381 -9.7809 -8.01543 -8.0295 -8.09783 -8.84621 -10.5574 -8.66566 -9.71865 
8.04467 -8.98157 -8.61768 -8.76172 -11.2275 -9.29658 -8.96763 -8.77921 -9.24357 -7.94718 -9.35968 -7.33664 -8.96131 -10.0184 -10.0264 -7.63357 -7.77905 -7.68919 -9.10668 -9.9081 -8.66566 -9.76932 
7.80039 -9.0916 -8.6481 -8.74098 -9.99998 -10.6102 -8.34636 -9.09446 -9.42338 -7.64001 -9.20725 -7.51739 -8.85604 -10.4673 -10.1662 -7.75883 -9.44921 -7.98552 -9.20991 -9.42025 -8.67488 -9.77324 
8.21012 -8.84383 -8.68216 -8.96653 -9.60603 -10.3247 -7.35546 -9.90849 -7.35424 -8.04047 -9.44425 -7.87177 -8.38355 -9.46068 -10.0546 -7.76507 -8.60439 -8.09783 -9.20551 -10.4181 -7.97951 -9.72984 
8.2275 -9.06879 -8.61488 -8.17186 -9.99553 -10.378 -8.15603 -9.91521 -9.64078 -8.68107 -9.34644 -7.98034 -8.80163 -10.0417 -10.0892 -7.73848 -8.32249 -8.09783 -9.06449 -10.5009 -7.78806 -9.69525 
6.95289 -9.19492 -8.56979 -8.46229 -10.209 -11.1208 -8.82477 -9.49965 -9.56139 -9.52385 -10.0057 -7.91367 -8.87368 -10.2993 -9.9138 -7.69936 -8.29269 -7.69479 -8.93226 -10.4873 -8.16003 -9.7668 
7.45274 -9.13427 -8.49891 -7.89182 -9.15026 -10.8653 -10.5787 -9.70318 -9.88262 -8.87479 -9.56733 -7.91367 -8.88552 -9.8447 -9.57848 -7.52162 -8.29827 -7.79679 -8.93007 -10.482 -8.66566 -9.76932 
6.92976 -9.1106 -8.47044 -7.82273 -8.74877 -10.4321 -9.47362 -9.79251 -10.4208 -8.85702 -9.82892 -7.91367 -9.51044 -10.0271 -9.55547 -7.79924 -8.29827 -8.10909 -8.883 -10.3539 -8.66566 -9.76932 
7.26322 -9.07375 -8.29664 -8.13067 -9.77108 -11.2551 -7.84702 -9.8592 -9.83957 -8.85593 -9.61047 -7.7723 -9.01952 -9.70165 -10.1451 -7.7463 -8.29827 -7.79286 -8.91882 -10.0331 -8.66566 -9.76932 
9.10992 -9.28514 -8.36246 -9.1116 -10.9255 -12.0871 -7.7421 -9.55864 -10.1784 -8.75056 -9.93097 -8.19501 -8.93558 -9.10344 -10.1662 -9.10463 -8.23201 -7.71088 -9.03723 -10.373 -8.66566 -9.74495 
8.41858 -9.14883 -8.39453 -9.00469 -10.0887 -10.8884 -7.48685 -9.72747 -9.02129 -8.85702 -10.2728 -7.93289 -8.67481 -8.93663 -10.1662 -9.06723 -8.29827 -7.59909 -9.17623 -10.0772 -8.65318 -9.77385 
8.22728 -9.1277 -8.39181 -8.94886 -9.31213 -11.5504 -8.44877 -9.85888 -9.50572 -8.85702 -10.8783 -7.88338 -7.42546 -9.19913 -10.1662 -8.91009 -8.29827 -8.43065 -8.66703 -9.66479 -8.64371 -9.76932 
7.92027 -9.03353 -8.41305 -8.30346 -10.1276 -10.0378 -8.09703 -9.85888 -9.30259 -8.65247 -10.706 -7.6833 -7.52125 -9.64525 -9.52558 -8.74507 -8.10528 -8.60177 -8.87576 -10.3511 -8.67716 -9.56247 
7.28068 -9.16942 -8.24462 -9.13496 -9.55311 -10.8343 -8.60312 -9.51791 -10.1329 -8.23296 -10.9903 -7.80526 -8.56158 -9.21355 -10.0378 -8.89148 -8.35962 -7.84105 -8.93596 -10.4742 -8.61672 -9.46265 
7.80305 -9.19986 -8.5491 -9.47193 -9.25481 -10.2822 -8.4331 -9.77018 -10.1902 -9.10328 -11.1147 -7.20882 -8.14003 -9.45059 -10.3791 -9.13272 -7.88562 -8.29207 -8.71653 -10.4132 -8.87858 -9.73489 
8.82987 -8.95733 -8.98988 -9.18694 -9.54022 -9.94695 -8.94861 -9.57059 -8.94436 -7.95401 -11.1143 -7.34315 -8.42111 -8.32022 -8.92424 -8.91153 -7.67303 -8.06717 -8.50422 -10.3499 -8.74403 -9.57336 
8.36273 -9.18704 -8.3555 -9.70993 -9.61543 -10.962 -9.15864 -9.85888 -8.60154 -9.34094 -10.9934 -7.9309 -8.9287 -8.9133 -9.71441 -9.17431 -7.39795 -8.04667 -8.72935 -10.3988 -8.5822 -9.43241 
7.85945 -9.24259 -8.40969 -9.9272 -9.25738 -10.1845 -9.08923 -9.73616 -9.02074 -10.2637 -10.0423 -8.12359 -8.93446 -8.77909 -10.1081 -9.17591 -8.09128 -8.49247 -8.71653 -10.3897 -8.3735 -9.67909 
6.76127 -9.29434 -8.39181 -9.70577 -9.83768 -10.2193 -9.52528 -9.62069 -9.965 -11.3721 -10.4363 -8.1267 -8.94956 -8.82751 -10.0586 -9.19082 -8.25028 -8.0084 -8.79983 -9.6944 -8.39622 -9.05818 
6.16028 -9.39098 -8.33551 -9.59068 -10.0292 -9.40001 -8.93988 -9.71411 -10.5119 -10.3531 -9.44935 -8.14858 -8.45944 -11.1522 -9.9844 -9.03496 -8.8561 -8.97346 -8.9218 -10.3167 -7.99867 -9.55396 
6.48905 -9.22588 -8.25248 -9.54707 -9.69795 -9.57382 -9.20555 -7.91338 -10.3938 -9.20931 -8.90917 -8.28835 -8.72662 -11.2726 -10.0728 -9.26261 -8.31481 -9.06525 -8.93096 -10.1637 -8.15417 -9.67131 
6.72875 -9.34957 -8.45892 -9.73015 -9.29854 -9.0969 -8.74794 -8.84655 -10.835 -10.6684 -9.41081 -8.07011 -8.83753 -10.5327 -9.74198 -8.95686 -8.29827 -9.10957 -8.79052 -10.2056 -9.02736 -9.86397 
6.88742 -9.48747 -8.37742 -10.1251 -10.0046 -9.65237 -8.34418 -9.44722 -10.608 -9.20555 -9.98884 -8.05372 -9.29619 -11.1198 -9.49233 -9.19158 -8.2575 -8.92888 -8.72276 -10.3897 -9.55245 -11.1564 
6.75544 -9.38037 -8.23846 -10.1381 -10.0389 -10.159 -8.56751 -8.56227 -10.4508 -7.11613 -10.3107 -8.46165 -8.50167 -11.0035 -9.62841 -9.81318 -8.30537 -9.2411 -8.71653 -10.3897 -8.70375 -11.285 
6.87551 -9.45471 -8.36976 -10.3427 -10.1435 -9.58465 -9.34422 -8.66974 -10.3879 -8.00639 -10.4031 -8.18379 -8.91993 -9.75072 -9.79569 -9.38629 -8.28389 -9.37895 -8.72435 -10.3897 -8.45968 -11.7448 
6.88282 -9.447 -8.41409 -10.8638 -10.1435 -9.21679 -8.70703 -9.41065 -9.51364 -8.72829 -10.6515 -8.28799 -8.89344 -9.73696 -9.81557 -9.95734 -8.10874 -9.42501 -8.51408 -10.5101 -8.32789 -11.776 
6.28989 -9.61536 -8.39181 -11.1562 -10.1348 -9.58204 -9.47914 -9.01454 -10.1082 -8.86815 -10.6333 -8.74528 -8.91332 -10.1887 -9.75327 -9.40344 -8.74428 -9.39497 -8.889 -10.5633 -8.2334 -11.7586 
6.86395 -9.60716 -8.12346 -11.2212 -10.3157 -9.61553 -9.87566 -9.23215 -10.1082 -8.88082 -10.6492 -8.60014 -8.8991 -10.4726 -9.78322 -9.30919 -8.59039 -9.44976 -8.89854 -10.6263 -8.5772 -11.5482 
7.55062 -9.54602 -8.02088 -10.5093 -10.399 -9.54625 -9.61664 -9.72513 -10.0406 -8.88842 -10.6739 -8.24843 -8.90987 -9.89097 -9.73472 -9.25526 -9.22912 -8.75379 -8.5553 -10.6934 -8.42554 -11.9663 
8.10363 -9.63018 -8.36477 -10.2725 -10.3502 -9.41933 -9.72347 -9.73948 -10.1082 -8.95933 -10.5116 -7.95835 -8.90839 -9.95666 -10.1662 -8.7056 -10.4282 -9.02416 -8.69505 -10.8819 -8.82811 -11.7781 
8.63805 -9.62803 -9.18886 -10.3642 -10.4572 -9.48128 -10.5849 -9.85888 -10.1082 -8.92778 -7.99749 -9.15049 -7.85815 -10.2346 -9.82777 -8.95553 -11.6479 -9.07604 -8.57652 -10.8117 -8.68906 -11.4804 
9.10189 -9.77991 -8.31482 -9.68644 -10.402 -9.55514 -11.2421 -9.85888 -10.1064 -8.95283 -10.2076 -8.65591 -8.33433 -10.6033 -10.18 -8.79173 -12.0203 -8.92708 -8.77154 -10.2504 -8.69285 -11.3385 
8.5867 -9.62469 -8.41547 -10.3171 -9.94417 -9.43831 -10.2621 -9.04801 -9.34181 -8.87496 -9.81515 -9.57496 -8.31942 -10.6452 -10.2815 -9.19082 -11.9448 -8.09865 -8.71502 -9.96399 -8.66982 -11.3933 
8.61643 -9.56871 -8.25488 -10.5537 -10.3698 -9.56495 -11.145 -9.78126 -8.76034 -8.89228 -9.73355 -9.17861 -8.86898 -10.5199 -10.2619 -8.86451 -10.6127 -8.13461 -8.17738 -9.58671 -8.56362 -10.557 
7.99548 -9.50473 -8.3603 -10.4816 -10.1268 -9.4281 -12.797 -9.85888 -8.66381 -8.87504 -10.0594 -8.65131 -8.44824 -10.1797 -9.60703 -8.02158 -10.6381 -8.66919 -8.52407 -10.2564 -8.45088 -9.70986 
7.67925 -9.32816 -8.35076 -10.4548 -10.0153 -9.71985 -12.7401 -9.74124 -9.60031 -8.87078 -9.43034 -9.01832 -8.12553 -7.69589 -9.69436 -7.85657 -11.2402 -7.81309 -8.18594 -9.94219 -8.18327 -9.54681 
7.54564 -9.20253 -8.05816 -10.4347 -9.93236 -9.46251 -12.7915 -9.72555 -6.68594 -7.83528 -9.7373 -9.50057 -7.92775 -9.21741 -9.49869 -7.68925 -9.7014 -8.9243 -8.90202 -10.3648 -8.47069 -9.15022 
8.44054 -9.38705 -8.34987 -10.4347 -9.88584 -9.13743 -12 -9.82801 -6.10816 -8.74551 -9.74241 -9.05055 -8.46225 -9.93648 -9.97259 -9.192 -10.8505 -8.98121 -8.63763 -10.2896 -8.52747 -9.0216 
8.6557 -9.20927 -8.38886 -10.4347 -10.3636 -8.31384 -11.4221 -9.77786 -5.53004 -8.84396 -9.67297 -9.04764 -8.65066 -9.50227 -9.62554 -9.4757 -10.3841 -8.31239 -8.75764 -10.3287 -8.2956 -9.10699 
7.27276 -9.3741 -8.43855 -10.4347 -10.2154 -8.67198 -11.413 -9.85888 -7.07328 -8.84793 -9.7504 -8.84256 -8.9126 -10.4634 -9.54736 -8.66714 -11.0519 -8.49989 -8.88204 -10.2245 -8.20951 -9.05937 
7.02678 -9.181 -8.40235 -10.5446 -9.2996 -8.42774 -12.3468 -9.68568 -7.63496 -8.85702 -9.7504 -8.4319 -8.875 -9.66284 -8.27741 -9.59467 -8.52876 -8.90384 -8.02701 -10.1666 -8.11866 -9.33186 
7.35767 -9.12204 -7.84903 -10.4871 -7.97644 -8.60595 -10.5503 -9.87756 -8.05639 -8.85702 -9.7504 -8.64474 -9.24261 -10.7013 -9.82583 -9.40415 -8.37898 -8.70528 -8.12387 -10.0232 -8.2206 -9.12362 
7.74814 -9.19115 -8.45675 -10.4347 -7.71982 -8.59302 -9.926 -9.90545 -8.28684 -8.85702 -9.7504 -8.88541 -8.47208 -10.9109 -9.4754 -9.21807 -10.4216 -8.6311 -9.7409 -9.27429 -7.8123 -8.82815 
7.93622 -9.24764 -8.2982 -10.3999 -8.51382 -9.46061 -8.64124 -9.69643 -7.98599 -8.807 -9.7504 -9.04105 -7.93427 -10.8686 -10.1611 -8.58127 -9.93923 -8.46564 -9.74157 -10.1134 -8.40444 -9.21048 
7.96511 -9.5471 -8.09561 -10.5921 -10.413 -9.03828 -9.18527 -9.85888 -8.10021 -8.85702 -9.7504 -9.17869 -8.555 -10.8405 -11.2067 -10.0996 -12.3193 -8.54648 -9.37484 -9.279 -8.66566 -9.20712 
7.66309 -9.45158 -8.14771 -9.75902 -10.6092 -9.26612 -8.43927 -9.74612 -7.78316 -8.68379 -9.75366 -8.99728 -8.83816 -10.8188 -11.427 -10.121 -10.9126 -8.82502 -9.16521 -10.2883 -8.13516 -8.74932 
6.46641 -9.66741 -7.61715 -10.4661 -10.9081 -9.06255 -8.01913 -9.66969 -7.95802 -10.8623 -9.74317 -9.59664 -8.80288 -10.8521 -11.585 -10.5 -10.6062 -8.86853 -9.5472 -10.2332 -8.53855 -9.43499 
6.74957 -9.47386 -8.01062 -10.4347 -10.9875 -8.50497 -8.30177 -9.85888 -7.36609 -9.73188 -9.89642 -9.28614 -8.81354 -10.6689 -11.5948 -10.5136 -10.3153 -8.95992 -9.59696 -9.04026 -9.73178 -8.75543 
6.97787 -9.61867 -7.82784 -10.4347 -10.8189 -8.7205 -8.97776 -9.76398 -7.31281 -9.14122 -10.2492 -9.72309 -8.67373 -10.5091 -11.307 -10.4895 -8.92147 -8.94772 -9.62885 -11.2709 -10.2833 -9.69575 
7.98164 -9.51226 -7.41902 -10.4347 -9.54905 -8.81821 -8.2621 -9.85888 -7.69302 -9.93318 -10.4281 -8.59328 -9.87602 -10.45 -11.7192 -10.8152 -8.31834 -8.85467 -9.09831 -11.5853 -9.35363 -9.49628 
7.80275 -9.52983 -7.38929 -10.465 -8.29221 -9.49533 -8.88873 -9.8262 -8.02141 -7.82373 -10.4034 -10.2463 -8.63856 -10.2224 -11.853 -11.0553 -7.84673 -9.03543 -9.55291 -11.97 -10.6621 -9.40402 
8.66124 -9.3258 -6.80383 -10.4347 -8.47517 -8.45713 -9.56933 -9.85888 -7.85993 -8.54932 -8.73192 -10.7151 -8.70697 -9.34027 -11.6239 -10.8362 -8.31623 -8.38986 -9.7842 -11.3854 -10.2866 -9.09835 
9.077 -9.5624 -7.94067 -10.2735 -9.19847 -8.59922 -9.38671 -9.85888 -8.394 -8.89499 -7.79859 -9.74684 -8.71015 -9.6235 -11.556 -10.8451 -8.31834 -9.16788 -9.56365 -12.0269 -10.8376 -9.80881 
8.79432 -9.71026 -7.69748 -10.7785 -9.98368 -8.16462 -8.66933 -9.8624 -8.65622 -10.0373 -9.22529 -10.8965 -8.72787 -9.73376 -11.7402 -10.3327 -7.89851 -9.2139 -9.57072 -12.0741 -11.9429 -9.65903 
9.59073 -9.51982 -7.87281 -10.6504 -9.94209 -7.77894 -9.50232 -9.85888 -8.78861 -9.98893 -9.7504 -8.69579 -7.64242 -9.92549 -11.649 -9.37632 -7.37281 -8.8508 -9.55881 -12.1149 -11.8701 -9.35003 
9.83169 -9.57277 -7.32176 -10.2306 -9.78541 -8.31635 -9.23541 -9.85888 -9.31689 -9.71485 -9.86469 -9.17697 -8.72787 -10.1817 -11.7915 -10.4537 -7.67188 -8.86876 -9.36455 -12.1537 -10.7061 -9.35566 
9.91818 -9.36157 -7.98448 -9.35429 -8.31761 -8.27423 -8.79025 -9.58161 -9.0985 -9.82551 -9.93705 -9.6831 -8.72787 -10.1175 -11.7388 -10.0264 -6.74783 -8.90791 -9.23624 -11.8307 -9.80726 -9.35566 
9.78533 -9.27769 -7.97109 -10.103 -7.74304 -8.37159 -9.11942 -9.07109 -8.91678 -9.95806 -9.7504 -8.14246 -8.7072 -9.04853 -11.2836 -10.4335 -7.3698 -9.4222 -8.82164 -11.8471 -10.2139 -9.22533 
9.69527 -9.36632 -7.92238 -9.95933 -9.19969 -9.14368 -8.95781 -9.21168 -7.61899 -9.9968 -9.55067 -9.28969 -8.72787 -10.0557 -10.7505 -10.2777 -8.31834 -9.4222 -8.93627 -11.0837 -10.2175 -8.97671 
9.53662 -9.18997 -7.67038 -9.63681 -8.27401 -8.72209 -9.23541 -8.86443 -7.57877 -9.43068 -9.75766 -9.49975 -8.71978 -8.93101 -10.0776 -10.1063 -7.94743 -9.17625 -8.74208 -11.797 -9.79811 -9.27345 
9.20161 -9.22633 -7.92636 -9.1399 -8.58131 -10.072 -8.38014 -9.44291 -8.25958 -8.61153 -9.7504 -9.49171 -8.72787 -9.39946 -9.99629 -9.74819 -8.31834 -9.4222 -9.45185 -12.047 -8.27067 -9.35566 
8.83222 -9.27836 -8.73152 -8.46436 -9.70608 -9.52507 -9.05317 -9.8404 -8.30621 -7.90796 -9.7504 -9.49171 -8.72787 -9.42372 -11.0468 -9.88719 -8.31834 -8.81687 -9.55881 -11.2418 -8.94957 -8.80465 
9.74346 -9.40887 -8.8298 -9.62084 -9.81581 -9.09554 -9.13513 -9.86976 -8.26856 -8.68562 -8.89903 -9.48447 -8.58617 -10.3387 -11.7422 -9.74573 -8.24142 -9.04795 -9.69756 -10.2062 -9.56306 -8.90622 
9.14385 -9.30912 -9.10959 -10.3261 -9.09119 -9.31599 -8.71481 -9.69636 -8.0984 -8.63542 -9.56406 -9.48803 -8.65812 -9.80419 -11.7422 -10.3036 -8.31834 -8.97683 -9.59564 -9.29427 -8.53578 -9.35566 
9.15174 -9.23883 -9.05862 -10.3272 -8.62813 -9.95397 -7.82196 -9.67685 -8.24667 -8.68717 -9.74469 -8.70692 -7.60482 -9.75735 -11.594 -10.8176 -8.31834 -9.17773 -9.46117 -8.93905 -9.20933 -9.35566 
9.00136 -9.44885 -9.48691 -9.25028 -9.4633 -10.488 -8.34337 -9.44416 -8.14788 -8.50653 -9.55431 -8.86482 -8.67333 -9.30727 -11.3714 -10.7674 -8.31834 -9.05429 -9.39724 -11.3462 -9.55454 -9.35236 
8.44115 -9.52917 -9.56416 -10.0415 -9.85118 -10.6008 -8.82516 -9.45367 -8.26167 -8.44591 -9.38298 -8.09332 -8.72787 -9.30093 -11.035 -10.7744 -8.31834 -9.47379 -9.60408 -11.2869 -9.60735 -9.33504 
