307
0.193144 500
0.193144 500
0.315416 1501
0.315416 1501
0.040967 2502
0.040967 2502
0.149408 3503
0.149408 3503
0.213511 4504
0.213511 4504
0.217483 5505
0.217483 5505
0.0485146 9445
0.0156059 6928
0.0222336 819
0.00050025 4380
0.333406 8508
0.333406 8508
0.0562101 9509
0.0562101 9509
0.0248527 7599
0.174796 7211
0.0125951 2700
0.0265784 2179
3.99995e-05 5734
0.0083041 3179
0.0262989 4063
0.0115288 2375
0.0318586 7834
0.018855 2013
0.00692259 4303
0.0393658 8283
0.0255096 4333
0.000250063 3446
0.000234362 8775
0.00137689 4798
0.0248527 9513
0.00175307 5695
0.000184801 4728
0.0867831 759
0.0496188 7909
0.0223785 2929
0.00764956 6571
0.000534199 7490
0.0221618 2350
0.000750563 147
0.0251079 2619
0.0269576 4601
0.15931 4402
0.0041506 9000
0.0227563 8882
0.0288066 5159
0.0107391 1896
0.0238922 878
0.0200512 1846
0.0245287 9366
0.000286245 6901
0.000125016 2626
0.00187852 1279
0.0312977 3155
0.00883295 9984
0.00338643 7317
0.0226598 6203
0.0175846 65
0.0149145 6329
0.00140223 584
0.0280559 8853
0.0251079 8922
0.0676179 4650
0.00505753 1773
0.131971 9805
0.00452034 2330
0.00273519 8953
0.0565305 8714
0.0238384 6705
0.0747651 5029
0.00123064 9115
0.00414209 6981
0.0272214 7007
0.00820546 2504
0.00288329 3341
0.0262038 9326
1.96854e-05 2323
0.0188444 5196
0.0241984 2188
0.0273533 778
0.012709 4512
0.0205964 3551
0.00300903 5972
0.0118897 9408
0.00209085 6690
0.00225507 3295
0.0133161 2296
0.050586 1557
0.000457226 9586
0.0269576 3425
0.0274852 5495
0.00628165 7815
0.0195927 2441
0.0520332 9182
0.566677 4489
0.00275758 9054
0.000125016 7568
0.00465566 8282
0.0326767 5488
0.115161 6309
0.0217114 2296
0.00137689 4961
0.00119689 1658
0.0260357 7342
0.0288066 167
0.0251079 1224
0.00784723 1948
0.0374403 8016
0.0107391 9857
0.00837965 3425
0.000125016 1318
0.0138651 9338
0.0268881 5993
0.00183357 6173
0.00546599 9114
0.0728348 8506
0.0659473 4501
0.00679587 3819
0.0227563 6388
0.0217999 1174
0.0222336 424
0.104922 7541
0.00109394 9898
0.0165184 6650
0.0426104 4734
0.015744 9423
0.000697685 7683
0.128992 9514
0.000671119 9332
0.0175641 4160
0.00635847 6117
0.0272214 1265
0.00781053 1715
0.00482374 6636
0.133973 1701
0.116514 847
0.000125016 3851
0.0032606 2233
0.0265784 4674
0.0274852 2263
0.0269576 3911
0.0248527 9717
0.0051514 9542
0.0198878 1418
0.0534392 9508
0.0219372 9964
0.033019 1661
0.000250063 7623
0.025834 9720
0.00589168 6396
0.00615494 6837
0.000224211 3824
0.0159383 7100
0.0973701 9432
0.000375141 9307
0.0123584 9322
0.00190378 761
0.181999 4043
0.0032025 9929
0.00619921 6276
0.110704 1840
0.00250627 2024
0.157215 849
0.0399064 6604
0.0269576 3518
0.0666959 534
0.0165721 6488
0.0587612 8531
0.00527771 1267
0.00512613 7051
0.0016298 1158
0.0658283 546
0.000375141 7212
0.0695972 8527
0.0274852 5511
0.19851 1079
0.000125016 2421
0.00819156 266
0.0255096 5120
0.00426814 673
0.0140771 9635
0.00819156 2335
0.0446592 621
0.00125156 6024
0.0248527 2
0.106024 5642
0.00717613 2790
0.0217114 4366
0.0248527 9674
0.0146153 7318
0.0373902 6130
0.0248527 9047
0.0115907 324
0.0279191 8649
0.0479101 9938
0.0648167 22
0.0264306 9766
0.00768359 6416
0.00316464 5815
0.00590972 3035
0.000125016 234
0.0262038 8014
0.0217114 7609
0.0265623 5744
0.0262038 7482
0.0272214 7585
0.001001 4118
0.000118428 9353
0.000152517 6974
0.00921696 4817
0.000131579 6013
0.00325968 4877
0.0118897 6252
0.00908408 8807
3.58698e-06 8887
0.0534633 8101
0.0265784 8242
0.000375141 7793
0.000125016 9864
0.088341 772
0.0391889 4084
0.0224949 1484
0.0156947 5660
0.0195442 6072
0.109039 3378
0.0400416 4616
0.0577073 8423
0.014456 389
0.0189785 145
0.0051514 1468
0.0270895 8396
0.000250063 7541
0.000125016 2360
0.0174234 9280
0.000250063 3772
0.018377 6397
0.0255096 1772
0.0158671 7017
0.00351229 9801
0.0276803 3398
0.021148 5473
0.0896723 3828
0.000125016 2342
0.0262038 5489
0.0968214 4327
0.000375141 3444
0.022529 5054
0.00477267 5295
0.00883851 7550
0.000250063 6973
0.020278 909
0.0272214 1407
0.00050025 5245
0.000334172 8834
0.018719 5134
0.000125016 4699
0.0272214 4548
0.000125016 7814
0.000271529 5683
0.024459 3119
0.0139532 3175
0.0206308 4098
0.0157314 1448
0.0166476 1391
0.0193811 8882
0.0278813 1464
0.00540405 6692
0.000375141 60
0.000625391 4168
0.00125156 3354
0.000250063 4618
0.000125016 6508
0.000875766 3202
0.000125016 7116
0.00338643 8242
0.000375141 3391
0.000250063 483
0.000750563 1988
0.000250063 9937
0.001001 8156
0.000750563 9588
0.000250063 6899
0.000875766 2098
0.00150225 3809
0.001001 4677
0.001001 5289
0.000250063 627
0.000125016 7767
0.000125016 6017
0.000250063 4872
0.000125016 2109
0.000125016 7803
0.00150225 7887
0.000250063 8043
0.000125016 5986
0.001001 8581
0.000125016 5910
0.000125016 6674
0.000125016 5389
0.000125016 1227
0.00162764 6146
