500 100 199
0 0
0.00441604 0.00191358
-0.000279434 -0.00371003
-5.46798e-05 0
1.18111 0.041745
3.65709 0.137404
3.65396 0.219624
3.71407 0.156127
3.68552 0.0534878
3.81093 -0.116863
3.98816 -0.323624
4.43834 -0.420828
5.26547 -0.536858
6.12718 -0.575227
6.59202 -0.911892
6.67092 -0.986167
6.42558 -1.4177
6.86652 -2.29375
6.77822 -3.17575
7.53816 -3.6037
7.91228 -4.00403
8.63169 -4.84208
8.23975 -4.96512
7.83347 -5.18515
8.08951 -5.55743
8.01216 -5.8471
8.31974 -6.25783
8.27695 -6.30628
8.59211 -6.43705
8.00974 -6.68828
8.01938 -6.79899
8.12177 -7.31379
8.45408 -7.06229
8.55648 -7.21108
8.26617 -7.35549
8.50463 -7.12654
8.66538 -7.60316
9.00342 -8.22209
8.59065 -7.90595
8.63895 -7.84367
8.4355 -8.27809
8.844 -8.30101
9.09901 -8.36845
8.85293 -8.32442
8.68793 -7.53864
8.32869 -7.9594
8.49866 -7.58729
8.52997 -7.99338
8.36228 -8.0193
8.60484 -7.95071
8.92682 -8.1914
9.04257 -7.98915
8.72836 -7.46936
8.9818 -7.92218
8.89883 -8.25807
8.73353 -8.23482
8.83916 -8.46383
8.90923 -8.32402
8.54245 -8.51074
8.87547 -8.45021
8.89806 -8.52177
8.48755 -8.41067
8.46939 -8.42806
8.79005 -7.90729
9.03285 -8.1633
8.81773 -8.38111
9.0188 -8.47724
8.83181 -8.29239
8.67745 -8.06508
8.74229 -8.37265
8.30803 -8.34359
8.81218 -8.14094
8.58245 -7.96665
8.84519 -8.60204
9.27966 -8.61925
8.80135 -8.93306
8.93993 -8.24461
8.75089 -8.37253
8.23921 -8.63726
9.0832 -8.36032
9.05141 -8.2065
9.05726 -8.56073
9.2527 -8.20415
9.04247 -8.20018
8.61412 -8.46845
9.23941 -8.06545
9.25276 -8.42714
8.99981 -8.23129
8.78329 -8.4721
9.01028 -8.65144
8.72534 -8.43365
8.59576 -8.2042
8.32987 -8.33735
8.44483 -8.57844
8.66437 -8.34625
8.78274 -8.32386
8.83995 -8.22367
9.05071 -8.26938
9.04568 -8.32008
9.22741 -7.96531
8.90725 -8.3861
8.6018 -8.23845
8.63185 -8.65949
8.6673 -8.2954
8.78515 -8.03469
8.93707 -7.9862
8.95923 -8.48437
8.7215 -8.53024
9.19717 -8.48057
8.82616 -8.64915
8.85193 -8.4054
8.89934 -8.44694
8.83179 -8.42903
8.78448 -8.37036
8.95669 -8.28202
8.71865 -8.22268
8.71313 -8.45369
8.57148 -8.57252
9.13189 -8.41741
9.14728 -8.42936
8.8968 -8.50333
8.83065 -8.22366
9.12041 -8.12089
9.02725 -8.14782
9.14765 -8.31712
8.73504 -8.5753
9.14911 -8.38019
9.20229 -8.37405
9.06415 -8.60418
9.31829 -8.78091
9.20347 -8.52634
9.05058 -8.30796
9.08302 -8.56473
9.10978 -8.45197
9.30991 -8.42575
9.2078 -8.35675
8.82777 -8.43293
9.25704 -8.77695
8.67664 -8.92748
9.0304 -8.63225
8.88028 -8.55611
8.95151 -8.57879
8.76025 -8.90131
9.43017 -8.45712
8.85626 -8.8707
9.25932 -8.95872
9.27983 -8.84773
9.21304 -8.93546
8.82827 -8.37795
8.93641 -8.92041
9.40267 -8.87204
8.83786 -8.52079
8.7967 -8.14457
8.67058 -8.2374
9.15617 -8.61082
8.99989 -8.51684
8.90157 -8.49726
9.39163 -8.55908
8.96053 -8.45779
8.53927 -8.46839
8.82113 -8.72927
8.89582 -9.21765
9.03332 -8.72444
9.13934 -8.85871
8.71856 -8.37975
9.27289 -8.31231
9.24686 -8.51605
9.05875 -8.30965
9.00453 -8.69249
9.02061 -8.71129
9.2595 -8.5009
9.3552 -8.47683
9.07539 -8.56206
9.16308 -8.44835
9.02717 -8.43437
8.98453 -8.36332
9.31739 -8.51342
8.86542 -8.81347
9.04836 -8.86973
9.3263 -8.76027
8.84988 -8.58344
8.95792 -8.59398
8.667 -7.99737
9.0697 -8.27444
9.12351 -8.2381
9.62835 -8.745
9.22247 -8.32141
9.17166 -8.7261
9.00195 -8.51946
8.86423 -8.63927
8.80561 -8.8749
8.72036 -8.48751
9.26928 -8.53474
9.47772 -9.01178
9.06099 -8.60709
9.03965 -8.55332
8.92017 -8.51574
9.35961 -8.73806
9.10184 -8.70213
9.13418 -8.66591 8.988
8.88547 -8.30945 -9.21455
8.83369 -8.72116 -10.0979
8.66698 -8.63475 -10.3186
9.05933 -8.67921 -10.0656
8.70109 -8.7803 -9.95446
8.94601 -8.56557 -9.83581
8.83325 -8.82985 -10.2148
9.31692 -8.60705 -10.111
9.17592 -8.70934 -10.1457
9.74901 -9.35226 -10.1343
9.31054 -8.95427 -10.2002
9.22967 -8.9365 -10.1989
9.08991 -8.64669 -10.1238
9.45166 -9.02523 -10.0681
9.29104 -8.8939 -9.99413
9.13756 -8.87263 -10.0459
9.22056 -8.66416 -9.98201
9.24711 -8.62908 -10.0038
9.17196 -8.87094 -10.0498
9.31445 -8.95819 -9.99294
8.98892 -9.05846 -10.0172
9.27842 -8.35106 -10.032
9.07383 -8.44071 -10.0755
8.95007 -8.2327 -10.1187
8.85473 -8.6146 -10.076
9.59636 -8.89073 -10.0446
9.52049 -8.65956 -10.0891
9.5228 -8.85927 -10.0541
9.32742 -8.64419 -10.0051
9.04768 -8.53651 -10.0099
8.98897 -8.8497 -9.9709
9.15477 -8.6404 -9.92782
9.13068 -8.73693 -9.97263
8.85569 -8.77348 -9.97615
8.97557 -8.69822 -9.97677
8.73775 -9.1982 -9.96684
9.13134 -9.18634 -10.0094
9.16273 -9.11464 -10.0136
9.01339 -8.7864 -10.0546
9.04167 -8.71307 -10.0171
9.52749 -9.08661 -9.97454
9.29545 -8.82927 -9.95808
9.02774 -8.90397 -9.89992
9.21316 -8.82385 -9.9384
9.26989 -8.92027 -9.94797
9.10061 -8.64473 -10.0032
9.05807 -8.69406 -10.0078
9.27117 -8.82895 -10.0015
9.31829 -9.10065 -10.008
9.27698 -8.7034 -10
9.10666 -8.94205 -10.0211
9.43992 -8.58658 -10.0236
9.2376 -8.63335 -10.0223
9.22833 -8.88551 -10.0131
8.88307 -9.04296 -10.0279
9.2795 -8.69119 -10.0376
8.92895 -8.89275 -10.0241
9.4269 -9.02294 -10.0394
8.90087 -8.4129 -10.0218
9.16398 -9.17862 -10.0341
9.19232 -8.96302 -10.0506
8.98244 -8.94026 -10.0405
8.92371 -8.74114 -10.0356
8.80033 -8.66987 -10.0262
8.87612 -8.94046 -10.0165
9.48786 -9.27923 -10.0384
9.06452 -8.82064 -10.0084
9.55508 -8.98503 -10.0453
8.77273 -8.73335 -10.0221
9.08434 -8.74163 -10.0066
9.4384 -8.98278 -9.93723
8.87936 -8.80162 -10.0162
8.96121 -8.90595 -9.9606
9.39406 -8.90935 -10.0258
9.18997 -9.03229 -9.98799
8.93726 -9.2383 -9.96572
9.32365 -8.8372 -9.94554
9.27291 -8.70226 -9.93025
9.05889 -9.02889 -9.91069
9.02787 -8.72625 -9.94207
8.88217 -8.98792 -9.90714
9.22156 -8.86206 -9.92421
8.95602 -8.87893 -9.98435
8.96928 -8.71828 -9.9999
9.307 -8.92471 -9.97548
9.02832 -8.44182 -10.0009
8.90313 -8.44097 -9.98223
8.83762 -8.65586 -10.004
9.1298 -8.89628 -9.98867
9.36148 -9.15611 -9.99514
8.77207 -8.50577 -9.99303
9.4792 -8.46706 -9.96164
8.84978 -8.76762 -10.0083
9.342 -8.69753 -9.98876
9.07941 -8.89158 -9.96742
9.04129 -9.13578 -9.94688
8.9251 -8.53262 -9.95647
8.84481 -8.37696 -9.91759
9.03499 -8.28008 -9.95948
9.33431 -8.95428 -9.95072
9.26508 -8.81678 -9.94953
9.27407 -8.58425 -9.95743
9.22793 -8.5095 -9.96581
9.31617 -8.7113 -9.9708
9.11559 -8.87167 -9.96791
9.54125 -8.67933 -9.97282
9.52662 -8.76291 -9.91359
8.92175 -8.83387 -9.97283
9.081 -8.78464 -9.96235
8.91368 -8.73859 -9.96385
9.22633 -8.83754 -9.95407
9.22144 -8.81485 -9.96182
8.86271 -8.62346 -9.96083
8.75773 -8.49509 -9.96505
9.01574 -8.8838 -9.91945
8.86304 -8.47614 -9.91496
8.95373 -8.61867 -9.95333
8.9023 -8.57921 -9.95573
9.11431 -8.47433 -9.95058
9.17269 -8.39274 -9.96136
9.07993 -9.12038 -9.97654
9.45402 -8.55401 -9.96299
9.10285 -8.96036 -10.0035
9.23699 -8.32669 -9.99153
9.14212 -8.62373 -9.94806
9.41568 -8.88592 -9.97585
9.15228 -8.83464 -9.95626
8.82269 -8.53919 -9.9887
9.27113 -8.89576 -9.94252
9.26392 -9.03858 -9.9887
9.73726 -9.09863 -9.98671
9.34339 -8.8879 -9.94228
8.84545 -9.02006 -9.84851
9.33762 -8.38168 -9.85307
8.80154 -8.64497 -9.86956
8.99895 -8.74658 -9.90225
9.25574 -8.77741 -9.91612
9.05406 -9.23233 -9.99573
9.03542 -8.67763 -10.0043
8.74467 -8.69049 -9.99693
8.71821 -8.23004 -10.0259
9.22066 -8.71645 -9.99644
8.49335 -8.84446 -10.0246
9.13766 -8.76424 -10.0129
8.94961 -8.67635 -9.96543
9.23494 -8.9379 -9.99863
9.1349 -8.68134 -10.0103
8.76179 -8.74635 -10.01
9.2375 -8.69379 -9.9887
9.31708 -8.82592 -9.97346
9.22798 -8.59619 -9.99142
9.15426 -8.89617 -10.0091
9.15647 -8.72065 -10.013
9.24497 -8.51346 -10.0324
8.71735 -8.47425 -10.0638
9.25179 -8.90878 -9.97907
8.9699 -8.85369 -10.0159
9.28729 -8.84133 -10.0752
8.76677 -8.91996 -10.1668
9.3707 -8.8168 -10.1255
9.53043 -8.97541 -10.0476
9.12496 -8.75805 -10.0408
9.22963 -8.59545 -10.0221
9.16171 -8.25977 -10.1026
8.98224 -8.96485 -10.0336
8.89907 -8.76306 -10.0036
9.36114 -8.47871 -9.985
9.03321 -8.51623 -9.98028
8.99596 -8.66672 -9.99187
9.06056 -8.7218 -9.98566
9.02731 -8.7932 -10.011
9.06953 -8.31037 -9.95657
8.81182 -8.71886 -9.9843
9.25176 -8.80283 -9.99297
8.89638 -8.33235 -9.98762
8.8033 -8.2198 -9.96247
8.89918 -8.36237 -9.93619
9.36847 -8.63026 -9.94204
9.09595 -8.53586 -9.94749
9.45097 -8.66921 -9.93251
8.92518 -8.74442 -9.90243
8.93001 -8.77299 -9.87663
9.15331 -8.47976 -9.88255
9.17734 -8.64301 -9.92234
8.70936 -8.91909 -9.89942
9.53296 -8.97745 -9.89996
9.47571 -8.69737 -9.91299
8.7644 -8.43752 -9.96462
9.01151 -8.83493 -9.94169
9.16872 -8.78681 -9.95057
9.32754 -8.65813 -9.92007
8.84835 -8.63627 -9.94308
8.90217 -8.61809 -9.97044
9.09312 -9.06704 -9.91834
9.49079 -8.9784 -9.93617
8.88489 -9.0342 -9.96549
9.22046 -8.96551 -9.93926
9.16314 -8.84877 -9.93588
9.10058 -8.82694 -9.97485
9.54058 -8.564 -9.98406
