1200 100 199
-0.00269508 -0.0135572
1.15321 0.0296519
3.16095 -0.322396
4.18678 -0.303647
4.28154 -0.594546
4.25789 -0.920093
4.24268 -1.34336
4.27308 -1.80892
4.1324 -2.12902
4.2847 -2.72333
4.28554 -2.96984
4.2701 -3.26266
5.74361 -3.65182
7.96638 -4.44576
8.13507 -4.6703
8.34291 -4.87855
8.3604 -5.48922
8.97316 -5.82286
9.14818 -6.24343
9.20252 -6.79868
9.28841 -6.94226
8.84007 -7.16166
9.52773 -7.01157
9.15172 -7.33085
9.05928 -7.61816
9.13109 -7.93726
9.13823 -8.12535
9.64421 -8.41493
9.70663 -8.32367
9.82759 -8.20348
9.99424 -8.26723
10.3436 -8.2614
9.97368 -8.42397
9.67365 -8.35229
9.57638 -8.1911
9.30586 -8.28461
9.69905 -8.46055
9.66808 -8.67689
9.83087 -8.56647
9.79409 -8.64664
10.0181 -8.74097
9.98462 -8.57028
9.77062 -8.94414
9.70698 -8.60135
10.0798 -9.0928
9.86869 -9.30126
9.56076 -9.02666
9.80045 -9.1692
9.79608 -9.10904
9.90668 -9.0793
10.0323 -9.16274
9.9602 -9.06079
9.96125 -8.96657
9.94135 -8.89891
10.0503 -9.04424
9.94197 -9.15841
10.1163 -9.14159
9.92886 -8.94348
9.65309 -9.08351
10.0227 -9.08255
9.8533 -9.05608
9.42862 -8.98213
9.57012 -9.04629
9.79748 -8.94764
9.772 -9.03353
10.1373 -9.15341
10.1661 -9.24124
9.62432 -9.30583
10.166 -9.058
9.96164 -9.16919
10.2262 -9.18928
10.4559 -9.25962
10.0626 -9.12918
10.091 -9.21077
10.1595 -9.2341
9.9875 -9.049
9.90526 -9.33986
9.99538 -9.31697
10.1172 -9.29914
10.3354 -9.41505
10.1299 -9.21107
10.3136 -9.43609
10.0434 -9.11936
10.2203 -9.38061
10.4836 -9.25813
10.3639 -9.20738
10.4322 -9.30497
10.1323 -9.20095
9.86785 -9.43672
10.2497 -9.71072
10.3284 -9.48868
10.2989 -9.21494
10.3851 -9.13816
9.94066 -9.28257
10.0121 -9.31092
9.87291 -9.3956
9.94703 -9.31814
10.0191 -9.34847
10.4059 -9.43475
10.2846 -9.51622
10.1998 -9.31348
10.0589 -9.21511
10.093 -9.34374
9.98952 -9.34916
9.84847 -9.23809
10.0752 -9.32665
9.98977 -9.19027
10.1447 -9.23488
9.99676 -9.02328
10.0095 -9.20701
10.3897 -9.27447
10.2504 -9.16743
10.1107 -9.1503
10.1897 -9.40443
10.131 -9.29193
10.15 -8.92627
10.2197 -8.87993
10.1526 -9.10504
10.1208 -9.07436
10.2142 -9.02609
10.4731 -8.77389
10.142 -8.95873
9.84147 -9.04075
9.7107 -8.872
10.0679 -8.91411
10.1171 -8.92306
9.91799 -8.94873
10.0621 -9.18677
9.71346 -9.29382
9.93035 -9.19153
9.58496 -9.16248
9.76691 -9.23719
9.6276 -9.23788
9.54576 -9.06053
9.79269 -9.09827
9.71891 -9.20518
9.98466 -9.21124
10.029 -9.2572
9.79018 -9.06272
9.99183 -9.20842
9.64289 -9.17423
9.86389 -9.14159
9.99354 -9.14815
10.0773 -9.09571
10.2115 -9.34275
9.9462 -9.17502
9.84348 -9.23215
9.78407 -9.04054
10.0509 -9.47543
9.95205 -9.33313
10.1319 -9.34102
10.1495 -9.40229
10.1369 -9.23908
10.0555 -9.35934
10.2015 -9.43843
9.9689 -9.60345
10.1631 -9.50997
10.1373 -9.65279
10.084 -9.1882
10.0819 -9.56437
10.2338 -9.42791
10.1385 -9.39211
9.80204 -9.48789
9.93525 -9.56017
10.001 -9.43987
10.0211 -9.48739
9.86523 -9.75301
9.70733 -9.60286
9.98514 -9.54319
9.85778 -9.65372
9.79234 -9.3831
9.75973 -9.52709
9.56814 -9.38412
9.45022 -9.30348
9.4344 -9.30746
9.67726 -9.25808
9.98496 -9.30162
9.59661 -9.30247
9.81033 -9.25999
10.148 -9.32135
9.92125 -9.23124
9.8259 -9.34353
9.85655 -9.45317
9.96437 -9.31295
9.77908 -9.14917
9.80887 -9.33483
9.82426 -9.38949
9.63571 -9.28668
9.6633 -9.3512
9.87772 -9.50348
9.90597 -9.45543
10.0265 -9.49365
9.94875 -9.46084
9.93674 -9.57171
9.7421 -9.397
9.72644 -9.47935
9.60369 -9.35751
9.83842 -9.29645
9.65347 -9.35327
10.1645 -9.4953 10.1587
10.2941 -9.67516 0.616227
10.1392 -9.64846 0.407883
9.98283 -9.71548 -0.0381182
10.0204 -9.61453 0.0371936
10.0185 -9.63132 -0.0149652
9.7507 -9.74411 -0.706127
9.82337 -9.65383 -0.674952
9.9077 -9.58886 -1.9625
9.96958 -9.54589 -2.04634
10.1988 -9.64191 -2.3021
10.212 -9.65541 -2.23641
10.0199 -9.67235 -2.41498
10.1926 -9.65964 -2.50262
10.4356 -9.64702 -3.02171
10.4494 -9.63448 -3.11948
10.677 -9.64954 -3.15657
10.5613 -9.61047 -3.29966
10.5565 -9.64992 -3.28348
10.421 -9.68747 -3.41566
10.2788 -9.72536 -3.53242
10.1517 -9.71274 -3.49089
10.2515 -9.70918 -3.44558
10.371 -9.66465 -3.59948
10.3255 -9.66848 -3.89346
10.4056 -9.63607 -3.84986
10.4318 -9.63451 -3.7813
10.3702 -9.59657 -3.91596
10.3775 -9.6549 -3.94949
10.378 -9.60913 -3.80959
10.3483 -9.63559 -4.08684
10.3689 -9.66101 -4.45015
10.4519 -9.65823 -4.45484
10.4174 -9.61366 -4.49296
10.3866 -9.68726 -5.10568
10.3557 -9.74894 -5.08925
10.3506 -9.69259 -5.04816
10.3275 -9.62652 -5.00919
10.3442 -9.64056 -5.03161
10.3078 -9.65181 -5.02582
10.3491 -9.65033 -5.11794
10.3701 -9.63404 -5.37295
10.2969 -9.63529 -5.42421
10.3101 -9.64521 -5.5133
10.342 -9.64887 -5.55319
10.2062 -9.65688 -5.53914
10.2885 -9.65241 -5.47503
10.2784 -9.61766 -5.48068
10.195 -9.69044 -5.54471
10.0228 -9.67152 -5.42854
9.97494 -9.64153 -5.44328
9.98041 -9.66764 -5.79186
10.0739 -9.66293 -5.81012
10.1113 -9.69155 -5.85531
10.137 -9.69718 -5.7732
10.0609 -9.65548 -5.96846
10.0572 -9.71446 -5.93663
10.0835 -9.74652 -5.81034
10.1987 -9.67294 -5.86406
10.2115 -9.69877 -5.86915
10.1725 -9.66081 -6.03431
10.0475 -9.68377 -5.94771
10.0937 -9.62418 -5.96015
10.1293 -9.65543 -6.0079
10.0839 -9.63068 -6.01716
10.0735 -9.63078 -5.95307
10.0404 -9.61102 -6.01411
9.8905 -9.63107 -6.05232
9.99836 -9.64224 -6.01684
9.84953 -9.61092 -6.00614
9.85029 -9.59103 -5.93675
9.75601 -9.62757 -5.91888
9.93162 -9.61232 -5.83808
9.90523 -9.6086 -5.99063
9.9044 -9.62661 -6.06948
9.93398 -9.64191 -6.02566
9.97735 -9.62769 -6.05449
9.92807 -9.63618 -5.89443
9.96908 -9.59529 -5.96344
9.90744 -9.61251 -6.08781
9.86643 -9.61552 -6.22588
9.84713 -9.59249 -6.33671
9.8367 -9.59411 -6.33659
9.87534 -9.59947 -6.25653
9.72096 -9.63142 -6.30938
9.62176 -9.63439 -6.31098
9.5559 -9.62505 -6.34855
9.58378 -9.62704 -6.40207
9.51431 -9.57262 -6.42384
9.52705 -9.62867 -6.50348
9.34533 -9.67165 -6.53429
9.41786 -9.68109 -6.67699
9.44993 -9.71381 -6.66854
9.41843 -9.69256 -6.77515
9.33585 -9.73567 -6.59387
9.38012 -9.67859 -6.71481
9.42462 -9.68495 -6.70154
9.42212 -9.69189 -6.7966
9.41657 -9.67072 -6.81881
9.43256 -9.69543 -6.69317
9.42729 -9.6393 -6.98527
9.44023 -9.65552 -6.88487
9.43806 -9.65127 -7.05964
9.402 -9.68109 -7.03122
9.43802 -9.64361 -7.18772
9.44889 -9.63108 -7.2395
9.48397 -9.59225 -7.3684
9.49974 -9.60578 -7.30672
9.51115 -9.6575 -7.40465
9.49762 -9.61237 -7.34315
9.47952 -9.60385 -7.30029
9.46636 -9.62209 -7.37796
9.47017 -9.61101 -7.36855
9.4851 -9.6453 -7.50176
9.49738 -9.70029 -7.4255
9.50693 -9.65577 -7.44614
9.49653 -9.68934 -7.46127
9.46795 -9.69561 -7.45945
9.4626 -9.69167 -7.41666
9.4826 -9.69234 -7.44847
9.46905 -9.671 -7.44445
9.47391 -9.66431 -7.43995
9.53389 -9.6595 -7.45367
9.50417 -9.6768 -7.47156
9.41684 -9.59279 -7.54693
9.40027 -9.56841 -7.63553
9.52731 -9.58426 -7.71477
9.53089 -9.60784 -7.84964
9.5379 -9.60983 -7.9447
9.53666 -9.71578 -8.1053
9.59454 -9.67543 -8.03043
9.59824 -9.694 -8.15563
9.61367 -9.58969 -8.10964
9.61969 -9.64421 -8.12637
9.61311 -9.63416 -8.19802
9.55355 -9.7366 -8.22906
9.6721 -9.68773 -8.36588
9.6907 -9.62869 -8.33932
9.68287 -9.60359 -8.45863
9.65802 -9.58726 -8.60615
9.72152 -9.61747 -8.47557
9.71889 -9.60962 -8.57545
9.72859 -9.60782 -8.63485
9.73479 -9.53728 -8.58579
9.75798 -9.5492 -8.71701
9.76418 -9.51394 -8.68308
9.75946 -9.52261 -8.69225
9.74298 -9.5426 -8.5339
9.72071 -9.55365 -8.52552
9.71707 -9.55157 -8.48354
9.72286 -9.5716 -8.44023
9.72462 -9.56917 -8.41225
9.72108 -9.539 -8.45892
9.71513 -9.61972 -8.39989
9.69521 -9.64583 -8.4214
9.71014 -9.59382 -8.48726
9.71143 -9.58256 -8.43415
9.71074 -9.53317 -8.47219
9.71068 -9.5649 -8.47385
9.71916 -9.56734 -8.58607
9.69797 -9.55588 -8.58461
9.70164 -9.60963 -8.55388
9.68619 -9.61704 -8.61106
9.69788 -9.68032 -8.5763
9.67201 -9.56434 -8.59537
9.66625 -9.59559 -8.61671
9.66656 -9.54026 -8.63188
9.6588 -9.56404 -8.59659
9.66818 -9.56907 -8.64827
9.65785 -9.57945 -8.59041
9.64184 -9.54376 -8.57316
9.62543 -9.62575 -8.58835
9.64266 -9.60948 -8.56413
9.64567 -9.61754 -8.61152
9.64439 -9.60643 -8.67788
9.63753 -9.56676 -8.68288
9.64624 -9.59903 -8.64465
9.64679 -9.4934 -8.61603
9.64568 -9.46752 -8.6037
9.6417 -9.45852 -8.52959
9.64137 -9.48557 -8.71427
9.63564 -9.52904 -8.70432
9.62881 -9.4824 -8.74321
9.63266 -9.48121 -8.74997
9.6237 -9.42086 -8.65994
9.65732 -9.43398 -8.73032
9.65486 -9.43709 -8.73455
9.64548 -9.47811 -8.72904
9.64624 -9.55735 -8.71223
9.64553 -9.55991 -8.75819
9.63965 -9.59084 -8.77117
9.63943 -9.5761 -8.76984
9.64162 -9.6133 -8.71631
9.65248 -9.65662 -8.75975
9.65516 -9.64004 -8.71254
9.65726 -9.65958 -8.72935
9.66351 -9.70329 -8.72837
9.69885 -9.67148 -8.73448
9.70165 -9.68796 -8.72108
9.63508 -9.69597 -8.73337
9.62554 -9.67267 -8.75651
9.71194 -9.66663 -8.82654
9.66461 -9.67187 -8.78494
9.6862 -9.63239 -8.74513
9.65214 -9.59535 -8.82437
9.66346 -9.60266 -8.80525
9.64725 -9.58213 -8.9945
9.65681 -9.54218 -9.05261
9.64819 -9.63144 -9.09341
9.64624 -9.67827 -9.15605
9.6678 -9.5862 -8.91769
9.68197 -9.68683 -9.01635
9.64579 -9.72733 -9.09196
9.64686 -9.68207 -9.17255
9.64529 -9.67814 -9.23711
9.67 -9.65332 -9.29072
9.6485 -9.67547 -9.42702
9.64983 -9.66401 -9.30301
9.65637 -9.66483 -9.31653
9.67094 -9.67486 -9.27646
9.69779 -9.66033 -9.32843
9.71059 -9.6513 -9.28484
9.68848 -9.63673 -9.26564
9.69323 -9.65578 -9.30287
9.68106 -9.66804 -9.29832
9.64634 -9.66536 -9.31448
9.64624 -9.65833 -9.25729
9.65466 -9.67181 -9.22074
9.62781 -9.64538 -9.30568
9.62522 -9.6458 -9.26705
9.64527 -9.6406 -9.24594
9.63731 -9.6556 -9.28217
9.6426 -9.68238 -9.34681
9.61536 -9.67898 -9.37542
9.63628 -9.67681 -9.35382
9.64803 -9.71156 -9.41292
9.64775 -9.6678 -9.58953
9.64221 -9.67611 -9.51514
9.6369 -9.64235 -9.59168
9.62673 -9.70399 -9.56394
9.61182 -9.66217 -9.61679
9.60725 -9.65241 -9.67661
9.65355 -9.69632 -9.68372
9.6373 -9.70708 -9.6806
9.62042 -9.69224 -9.69838
9.61715 -9.69212 -9.66704
9.59921 -9.69697 -9.68175
9.5893 -9.69119 -9.69118
9.64081 -9.65203 -9.68933
9.65348 -9.65707 -9.70774
9.68976 -9.6809 -9.71383
9.56063 -9.68179 -9.69337
9.50635 -9.69424 -9.67773
9.57284 -9.66832 -9.71971
9.61986 -9.71694 -9.71433
9.63135 -9.69272 -9.74864
9.64295 -9.67525 -9.71121
9.64612 -9.71508 -9.753
9.65331 -9.68333 -9.75082
9.6618 -9.64485 -9.73802
9.67241 -9.68762 -9.7274
9.78514 -9.66602 -9.7209
9.6868 -9.69857 -9.76157
9.65995 -9.79091 -9.71156
9.65302 -9.82616 -9.71122
9.64624 -9.65969 -9.65929
9.64826 -9.70716 -9.65491
9.64639 -9.72892 -9.6868
9.64618 -9.68021 -9.66789
9.64719 -9.70322 -9.5595
9.64639 -9.71917 -9.55378
9.67703 -9.67406 -9.59412
9.66764 -9.69965 -9.59932
9.69785 -9.69227 -9.57793
9.68956 -9.66144 -9.61754
9.71822 -9.67522 -9.62619
9.67383 -9.70676 -9.58539
9.65145 -9.71839 -9.52482
9.66062 -9.69024 -9.51127
9.64905 -9.71044 -9.51714
9.66435 -9.73778 -9.5079
9.65368 -9.71474 -9.52989
9.68185 -9.70537 -9.50525
9.71635 -9.71028 -9.48888
9.72248 -9.73246 -9.53311
9.75056 -9.69925 -9.58073
9.74633 -9.70111 -9.53355
9.69975 -9.73042 -9.5193
9.69695 -9.70308 -9.54466
9.66722 -9.71134 -9.59073
9.66855 -9.70073 -9.57506
9.64482 -9.67223 -9.55096
9.68486 -9.68759 -9.54107
9.68301 -9.67622 -9.60923
9.71009 -9.71386 -9.72843
9.69905 -9.66331 -9.63077
9.66422 -9.68227 -9.59282
9.66478 -9.72663 -9.47758
9.66964 -9.60891 -9.40327
9.69137 -9.68314 -9.40666
9.65908 -9.6783 -9.27803
9.64958 -9.69536 -9.32566
9.64474 -9.71236 -9.31779
9.65181 -9.6984 -9.33642
9.64894 -9.67973 -9.31811
9.64289 -9.66905 -9.28963
9.64036 -9.7026 -9.29996
9.6463 -9.6537 -9.31023
9.64603 -9.69003 -9.37789
9.64624 -9.70828 -9.31539
9.64741 -9.68496 -9.29586
9.64499 -9.72056 -9.29195
9.64336 -9.70539 -9.31398
9.65299 -9.69366 -9.32347
9.63281 -9.68978 -9.31667
9.63255 -9.71313 -9.29581
9.63765 -9.68676 -9.31904
9.63935 -9.67764 -9.31135
9.62824 -9.62698 -9.28411
9.63063 -9.66648 -9.29527
9.62003 -9.60723 -9.29027
9.62883 -9.59352 -9.10745
9.62994 -9.64901 -9.32499
9.61112 -9.62793 -9.61259
9.62763 -9.71046 -9.62064
9.58955 -9.68602 -9.59353
9.60527 -9.66688 -9.45079
9.61096 -9.65116 -9.51068
9.60112 -9.63855 -9.52161
9.58745 -9.66135 -9.48124
9.58117 -9.6132 -9.33025
9.60071 -9.62837 -9.32947
9.57531 -9.65866 -9.33148
9.63425 -9.64682 -9.33033
9.62331 -9.61424 -9.33488
9.67754 -9.61682 -9.3104
9.54682 -9.60881 -9.3563
9.51173 -9.59459 -9.3393
9.52387 -9.60934 -9.33228
9.43826 -9.57293 -9.35477
9.53381 -9.57664 -9.34512
9.5781 -9.60309 -9.331
9.61244 -9.59633 -9.34855
9.62282 -9.60655 -9.41507
9.61436 -9.63823 -9.45372
9.6343 -9.60092 -9.50265
9.61932 -9.591 -9.55273
9.62443 -9.61869 -9.44624
9.63079 -9.6218 -9.60168
9.63098 -9.63718 -9.51506
9.63128 -9.58642 -9.58124
9.64838 -9.62262 -9.48846
9.62421 -9.60416 -9.41961
9.61155 -9.56447 -9.41232
9.62082 -9.59281 -9.33173
9.62932 -9.59854 -9.35003
9.63036 -9.59702 -9.38456
9.64108 -9.56584 -9.41732
9.62863 -9.61263 -9.40235
9.60512 -9.61271 -9.37285
9.63894 -9.58902 -9.36787
9.64541 -9.59158 -9.37299
9.66726 -9.57294 -9.32613
9.67309 -9.56757 -9.3234
9.63932 -9.62286 -9.48878
9.61417 -9.63288 -9.46549
9.59261 -9.55791 -9.40998
9.59832 -9.5999 -9.48839
9.60697 -9.55869 -9.41714
9.70884 -9.57268 -9.4263
9.72343 -9.59975 -9.42103
9.75541 -9.59905 -9.44963
9.64014 -9.54045 -9.456
9.72312 -9.54407 -9.43358
9.63013 -9.53405 -9.47634
9.64629 -9.48434 -9.43799
9.61627 -9.55207 -9.46085
9.61291 -9.56611 -9.45331
9.62718 -9.52442 -9.4824
9.6142 -9.51965 -9.49132
9.66528 -9.55437 -9.44233
9.6007 -9.55524 -9.46808
9.61617 -9.58935 -9.47716
9.60852 -9.5481 -9.43454
9.6109 -9.59412 -9.4723
9.64126 -9.61549 -9.45409
9.64275 -9.61371 -9.45478
9.6314 -9.61445 -9.46249
9.61257 -9.55462 -9.46982
9.62449 -9.52869 -9.47283
9.64529 -9.52278 -9.50213
9.65151 -9.47468 -9.49124
9.63068 -9.48562 -9.49457
9.63562 -9.43577 -9.5141
9.626 -9.47268 -9.47759
9.62512 -9.43294 -9.47414
9.59457 -9.43841 -9.49736
9.59594 -9.42738 -9.44668
9.58014 -9.44928 -9.42555
9.58651 -9.41056 -9.48219
9.60748 -9.42818 -9.42422
9.67366 -9.45919 -9.46312
9.71414 -9.4883 -9.45645
9.59826 -9.54166 -9.39223
9.56312 -9.49268 -9.39776
9.60418 -9.43701 -9.40907
9.60131 -9.4272 -9.46522
9.5848 -9.42223 -9.48147
9.53501 -9.46135 -9.53595
9.56113 -9.42394 -9.5167
9.58417 -9.52416 -9.48451
9.5228 -9.44284 -9.54293
9.56962 -9.43789 -9.54711
9.59845 -9.42296 -9.57402
9.53636 -9.4489 -9.72738
9.55844 -9.4355 -9.67816
9.56011 -9.42951 -9.59901
9.57852 -9.43895 -9.58536
9.55681 -9.38579 -9.52627
9.5542 -9.38615 -9.56513
9.4771 -9.38571 -9.54848
9.45752 -9.34057 -9.5361
9.48717 -9.36559 -9.54006
9.53354 -9.37447 -9.55334
9.49161 -9.35949 -9.50851
9.4652 -9.33872 -9.51165
9.42304 -9.34746 -9.52583
9.43726 -9.34569 -9.51923
9.46482 -9.38234 -9.51971
9.48625 -9.34447 -9.5093
9.54346 -9.38923 -9.51224
9.58575 -9.35805 -9.51445
9.57202 -9.35259 -9.50782
9.56904 -9.31609 -9.54242
9.53534 -9.32982 -9.54543
9.56569 -9.29537 -9.50285
9.58746 -9.33195 -9.56242
9.51676 -9.30293 -9.51265
9.49153 -9.33389 -9.52823
9.51436 -9.3733 -9.54775
9.48558 -9.3605 -9.52572
9.53641 -9.36598 -9.53383
9.59795 -9.36833 -9.46691
9.55922 -9.34133 -9.50504
9.61822 -9.26618 -9.51168
9.59478 -9.30192 -9.47361
9.59295 -9.2936 -9.49466
9.59318 -9.30036 -9.47601
9.59995 -9.27592 -9.47073
9.59206 -9.2802 -9.50862
9.59363 -9.30713 -9.51323
9.63402 -9.31493 -9.48883
9.59768 -9.2811 -9.51257
9.59745 -9.2932 -9.52216
9.59482 -9.29099 -9.49269
9.5944 -9.28679 -9.49031
9.58318 -9.25428 -9.49136
9.59411 -9.32508 -9.49938
9.58572 -9.33369 -9.47007
9.56036 -9.43374 -9.50525
9.59187 -9.45424 -9.51439
9.59491 -9.5437 -9.50174
9.60423 -9.73731 -9.5134
9.59509 -9.74728 -9.50188
9.59426 -9.62924 -9.51911
9.61219 -9.47806 -9.50751
9.5905 -9.34064 -9.52343
9.63353 -9.31511 -9.48329
9.66513 -9.29345 -9.47116
9.64927 -9.25791 -9.52296
9.74855 -9.29807 -9.5242
9.82038 -9.3105 -9.50017
9.80353 -9.35946 -9.58415
9.83067 -9.46425 -9.66995
9.78496 -9.53735 -9.73209
9.70104 -9.52946 -9.67233
9.79853 -9.55445 -9.71093
10.0219 -9.40314 -9.59144
9.93677 -9.47851 -9.48566
9.909 -9.45338 -9.56304
9.99314 -9.39284 -9.5559
10.0209 -9.4036 -9.60255
10.071 -9.48686 -9.6462
10.0876 -9.51333 -9.63511
10.094 -9.57247 -9.60192
10.0702 -9.5853 -9.60082
10.0407 -9.58428 -9.61221
10.0127 -9.58048 -9.59576
10.0356 -9.55664 -9.65736
10.0308 -9.56211 -9.6099
10.1417 -9.55185 -9.61839
10.1476 -9.6194 -9.62105
9.9242 -9.56641 -9.62646
9.98358 -9.58058 -9.62504
9.83149 -9.57269 -9.60287
9.72799 -9.60564 -9.64866
9.63881 -9.58592 -9.62151
9.63885 -9.56359 -9.71502
9.60522 -9.57178 -9.64056
9.59539 -9.6008 -9.63928
9.58566 -9.59361 -9.66068
9.59657 -9.60624 -9.64348
9.599 -9.56843 -9.64935
9.6328 -9.5614 -9.65074
9.59399 -9.60099 -9.62772
9.59139 -9.63359 -9.59373
9.59264 -9.6409 -9.60729
9.57353 -9.60402 -9.60053
9.58187 -9.53975 -9.64396
9.5951 -9.57068 -9.64814
9.59876 -9.55959 -9.65285
9.65958 -9.58143 -9.62205
9.73318 -9.57326 -9.61832
9.74441 -9.52432 -9.63156
9.73011 -9.56884 -9.62712
9.89961 -9.55384 -9.67014
10.0942 -9.57079 -9.70268
10.0986 -9.56495 -9.61042
10.1633 -9.5927 -9.67117
10.1433 -9.60103 -9.68997
10.0582 -9.59391 -9.70429
9.96576 -9.58814 -9.73014
9.9779 -9.56858 -9.7501
9.87045 -9.5516 -9.74509
9.9962 -9.56198 -9.76396
10.0643 -9.56923 -9.75616
10.0233 -9.56883 -9.78514
10.0531 -9.55451 -9.74728
10.0338 -9.56592 -9.78187
9.96169 -9.56656 -9.75734
10.0342 -9.55435 -9.82163
9.97848 -9.55841 -9.82465
9.95585 -9.55577 -9.83379
9.86401 -9.53215 -9.82549
9.96791 -9.54629 -9.81093
9.97522 -9.55267 -9.81951
10.0831 -9.50949 -9.80786
9.92151 -9.53024 -9.83803
9.78858 -9.52532 -9.83849
9.77052 -9.56779 -9.85284
9.81939 -9.5539 -9.8126
9.75744 -9.53304 -9.83484
9.68157 -9.53414 -9.81844
9.67685 -9.58234 -9.80962
9.64014 -9.52573 -9.8283
9.64572 -9.52629 -9.84354
9.62746 -9.50837 -9.84463
9.59588 -9.45369 -9.84057
9.59723 -9.45211 -9.84327
9.59832 -9.51079 -9.84437
9.61167 -9.47505 -9.82512
9.58244 -9.51756 -9.84192
9.59746 -9.49757 -9.81806
9.60458 -9.45168 -9.83263
9.59993 -9.48359 -9.83361
9.60004 -9.49044 -9.829
9.59579 -9.54974 -9.82896
9.5965 -9.5856 -9.84929
9.61123 -9.5833 -9.77428
9.59641 -9.66792 -9.87132
9.5977 -9.63921 -9.84575
9.59763 -9.5982 -9.82946
9.58918 -9.58431 -9.82845
9.59472 -9.61178 -9.78509
9.59116 -9.60061 -9.78442
9.58807 -9.61117 -9.73405
9.55373 -9.60661 -9.75774
9.4702 -9.62877 -9.77904
9.50898 -9.65314 -9.79372
9.52106 -9.60808 -9.76313
9.52277 -9.59627 -9.77462
9.49161 -9.58704 -9.72664
9.47346 -9.55958 -9.71013
9.49762 -9.58218 -9.78141
9.51405 -9.54456 -9.74297
9.49358 -9.514 -9.74328
9.51827 -9.53558 -9.75536
9.56021 -9.50459 -9.74007
9.57536 -9.52736 -9.73066
9.57946 -9.55544 -9.70978
9.63958 -9.52228 -9.75483
9.58722 -9.5217 -9.7091
9.59195 -9.51229 -9.71218
9.57564 -9.52888 -9.74903
9.58023 -9.49524 -9.74185
9.57932 -9.52841 -9.76524
9.595 -9.52244 -9.75295
9.59735 -9.50247 -9.75615
9.59286 -9.5198 -9.74295
9.60058 -9.48514 -9.66769
9.59476 -9.48561 -9.71833
9.59686 -9.55862 -9.70329
9.59439 -9.51157 -9.71224
9.59425 -9.53995 -9.77749
9.59434 -9.59124 -9.86731
9.58799 -9.52402 -9.84116
9.57758 -9.48311 -9.85192
9.5944 -9.47206 -9.8741
9.59324 -9.53006 -9.82139
9.59265 -9.4788 -9.87112
9.5959 -9.44036 -9.84258
9.59423 -9.47993 -9.88104
9.59494 -9.50035 -9.83522
9.58515 -9.5256 -9.83502
9.59639 -9.44745 -9.84012
9.59708 -9.46999 -9.84585
9.59024 -9.45069 -9.83852
9.59861 -9.50704 -9.88257
9.518 -9.47442 -9.8419
9.5843 -9.43116 -9.8292
9.59489 -9.43017 -9.84261
9.57158 -9.52283 -9.88151
9.54255 -9.66374 -9.85546
9.58884 -9.6856 -9.84682
9.58447 -9.79912 -9.87774
9.59388 -9.79979 -9.85159
9.58825 -9.76283 -9.84958
9.59757 -9.7497 -9.8673
9.5909 -9.7693 -9.83785
9.59106 -9.72721 -9.8166
9.59489 -9.74011 -9.84789
9.59489 -9.76283 -9.84535
9.61768 -9.78654 -9.85421
9.65471 -9.83538 -9.86436
9.6171 -9.79026 -9.89097
9.65439 -9.79658 -9.83965
9.67296 -9.73998 -9.87282
9.71023 -9.76975 -9.85808
9.76181 -9.85629 -9.81855
9.74714 -9.81455 -9.88319
9.86371 -9.83786 -9.90097
9.69088 -9.76558 -9.89259
9.61727 -9.84248 -9.91457
9.59254 -9.73667 -9.87196
9.58913 -9.86066 -9.89329
9.61015 -9.76778 -9.88018
9.59601 -9.72703 -9.88551
9.59152 -9.78978 -9.87814
9.60056 -9.73435 -9.90042
9.55562 -9.717 -9.84018
9.57676 -9.71152 -9.84545
9.56209 -9.77013 -9.90298
9.6398 -9.73378 -9.91496
9.58887 -9.71001 -9.94529
9.58005 -9.73568 -9.95635
9.58502 -9.74764 -9.94026
9.59501 -9.72942 -9.93289
9.59446 -9.77166 -9.94536
9.59389 -9.79935 -9.98241
9.57777 -9.78581 -9.95992
9.57537 -9.77694 -9.91765
9.54394 -9.78782 -9.92748
9.59493 -9.82152 -9.93171
9.59212 -9.76664 -9.87023
9.59489 -9.80866 -9.92105
9.58731 -9.79859 -9.91936
9.60022 -9.81476 -9.90243
9.59603 -9.81347 -9.93314
9.572 -9.86225 -9.96414
9.57763 -9.80736 -9.92715
9.59194 -9.85687 -9.94045
9.60663 -9.82367 -9.93266
9.59837 -9.82866 -9.92392
9.59368 -9.84777 -9.96261
9.59 -9.83315 -9.91798
9.59489 -9.83111 -9.91562
9.57804 -9.82472 -9.92981
9.58168 -9.88084 -9.89613
9.58783 -9.89482 -9.92317
9.58596 -9.88706 -9.86565
9.59405 -9.90638 -9.89522
9.59434 -9.90246 -9.90198
9.58769 -9.91805 -9.88535
9.58711 -9.89976 -9.89375
9.60154 -9.95622 -9.84175
9.59231 -9.94975 -9.85681
9.59573 -9.95578 -9.82711
9.60028 -9.95732 -9.85724
9.59416 -10.0068 -9.85046
9.59512 -9.94799 -9.91605
9.59489 -9.95255 -9.92695
9.58544 -9.96366 -9.89862
9.6122 -9.99463 -9.8961
9.59596 -9.95758 -9.9117
9.57285 -9.94164 -9.89777
9.57817 -9.94697 -9.87569
9.58741 -9.94755 -9.91273
9.59385 -9.96765 -9.88537
9.5854 -9.97707 -9.86954
9.58722 -10.0168 -9.90869
9.57226 -9.92406 -9.88445
9.59405 -9.94404 -9.90406
9.60594 -9.91698 -9.85584
9.59489 -9.92219 -9.87709
9.58955 -9.91964 -9.88638
9.59371 -9.97281 -9.90693
9.58621 -9.97821 -9.88989
9.5934 -9.92382 -9.88927
9.56633 -9.9742 -9.89232
9.57924 -9.86543 -9.89329
9.59367 -9.89574 -9.88761
9.59741 -9.90044 -9.89365
9.59546 -9.91725 -9.85621
9.59489 -9.88543 -9.90968
9.60987 -9.93262 -9.9224
9.58827 -9.93837 -9.91174
9.58765 -9.94571 -9.91229
9.59457 -9.92535 -9.93072
9.57668 -9.9178 -9.8756
9.57995 -9.93295 -9.91056
9.60781 -9.92704 -9.9383
9.65364 -9.96543 -9.90253
9.63429 -9.90739 -9.86582
9.60478 -9.9052 -9.8423
9.57676 -9.89248 -9.8171
9.59399 -9.93902 -9.89792
9.61129 -9.94174 -9.87801
9.63589 -9.92192 -9.83185
9.65789 -9.94367 -9.85562
9.65656 -9.94764 -9.84445
9.71079 -9.93573 -9.85384
9.60758 -9.93185 -9.85437
9.60359 -9.93058 -9.82865
9.60945 -9.92171 -9.80369
9.62007 -9.93301 -9.74105
9.61659 -9.92747 -9.73407
9.58596 -9.92653 -9.7755
9.58001 -9.93548 -9.67219
9.56668 -9.97041 -9.72837
9.60917 -9.96157 -9.78961
9.61631 -10.0004 -9.84709
9.6191 -9.93644 -9.84246
9.63941 -9.94808 -9.87289
9.59012 -9.94853 -9.85674
9.57502 -9.90122 -9.84434
9.5747 -9.92866 -9.84801
9.59339 -9.93652 -9.85953
9.61395 -9.98474 -9.86448
9.64862 -9.98271 -9.84554
9.60975 -9.95296 -9.84136
9.58726 -10.0033 -9.86223
9.6349 -9.99747 -9.87912
9.61361 -9.93148 -9.86541
9.5619 -9.9371 -9.90291
9.54628 -9.89557 -9.86868
9.6004 -9.99147 -9.86767
9.61225 -9.94371 -9.86507
9.60556 -9.94258 -9.81474
9.66038 -9.93855 -9.86408
9.60556 -9.94762 -9.89482
9.60847 -9.95249 -9.90784
9.60619 -9.94498 -9.91176
9.57623 -9.93717 -9.96745
9.59954 -9.92616 -9.89136
9.59245 -9.95327 -9.92436
9.60626 -9.97286 -9.93092
9.59857 -9.94611 -9.92383
9.5794 -9.93278 -9.89132
9.60033 -9.92868 -9.89739
9.59497 -9.85801 -9.92971
9.63487 -9.8989 -9.92627
9.641 -9.83095 -9.88041
9.62707 -9.82441 -9.92385
9.62448 -9.82239 -9.90066
9.59269 -9.78998 -9.90176
9.59544 -9.83094 -9.8968
9.63949 -9.8454 -9.9097
9.61073 -9.80615 -9.90315
9.61376 -9.81037 -9.91454
9.61529 -9.82629 -9.90925
9.59336 -9.81704 -9.93876
9.59315 -9.80516 -9.96955
9.57671 -9.82147 -9.96974
9.4864 -9.81735 -9.92989
9.50419 -9.80907 -9.92731
9.53427 -9.78894 -9.92945
9.51227 -9.8905 -9.94432
9.51403 -9.83064 -9.96377
9.55303 -9.76199 -9.89767
9.58361 -9.8427 -9.90083
9.48206 -9.82607 -9.88556
9.51039 -9.81214 -9.84184
9.48358 -9.79404 -9.77444
9.51396 -9.76583 -9.78899
9.51603 -9.77138 -9.77239
9.54892 -9.75982 -9.81871
9.56198 -9.69997 -9.83046
9.58661 -9.76526 -9.82022
9.61408 -9.70166 -9.80165
9.57593 -9.76643 -9.82843
9.57489 -9.71389 -9.75384
9.55697 -9.68668 -9.76664
9.58257 -9.7158 -9.79447
9.56616 -9.71775 -9.78472
9.57235 -9.70268 -9.81443
9.52832 -9.64033 -9.77821
9.54068 -9.71276 -9.81553
9.57439 -9.72032 -9.84648
9.6111 -9.73926 -9.86588
9.61052 -9.7811 -9.79505
9.60868 -9.80641 -9.80763
9.58884 -9.77831 -9.81345
9.59134 -9.75284 -9.78881
9.61143 -9.75674 -9.85763
9.58468 -9.69266 -9.79642
9.58976 -9.69508 -9.79285
9.627 -9.70465 -9.77174
9.62444 -9.65376 -9.80866
9.65204 -9.67238 -9.85206
9.59196 -9.63395 -9.81794
9.62177 -9.66925 -9.82317
9.59299 -9.68646 -9.919
9.60189 -9.69877 -9.99521
9.59904 -9.68108 -10.0683
9.61125 -9.67373 -10.0835
9.66517 -9.73918 -10.0762
9.68014 -9.73075 -10.0914
9.76078 -9.70166 -10.0798
9.79424 -9.74569 -10.0747
9.77324 -9.74016 -10.0991
9.7803 -9.74865 -10.1075
9.65937 -9.77791 -10.1008
9.62662 -9.7357 -10.0517
9.60039 -9.7695 -10.1291
9.58712 -9.74835 -10.0846
9.59045 -9.7855 -10.0749
9.61321 -9.77974 -10.0206
9.60623 -9.7056 -10.101
9.61941 -9.78309 -10.1479
9.63894 -9.73466 -10.1694
9.74553 -9.72886 -10.1928
9.74131 -9.76552 -10.1631
9.75799 -9.7542 -10.1534
9.67578 -9.77207 -10.0872
9.71457 -9.70685 -10.1381
9.83294 -9.74755 -10.1158
9.82824 -9.75696 -10.147
9.87868 -9.7612 -10.1182
9.83011 -9.75035 -10.159
9.90148 -9.73816 -10.1385
9.83118 -9.74597 -10.1745
9.74103 -9.76276 -10.1409
9.73232 -9.72545 -10.1117
9.72106 -9.78787 -10.1705
9.70027 -9.82462 -10.1179
9.69101 -9.73233 -10.1286
9.71684 -9.74219 -10.148
9.72427 -9.7154 -10.085
9.7213 -9.74627 -10.0589
9.72047 -9.73159 -10.089
9.77274 -9.75704 -10.0803
9.77423 -9.72237 -10.1359
9.78901 -9.72572 -10.072
9.82619 -9.75138 -10.1128
9.8559 -9.71863 -10.1283
9.85039 -9.77799 -10.1131
9.82594 -9.78709 -10.2322
9.87668 -9.75727 -10.1626
9.79276 -9.71858 -10.0857
9.78487 -9.71724 -10.097
9.85284 -9.7415 -10.1179
9.84476 -9.74669 -10.0926
9.80807 -9.74369 -10.1571
9.72617 -9.75541 -10.1049
9.84554 -9.71918 -10.0996
9.91869 -9.73623 -10.0547
9.78264 -9.74558 -10.1355
9.74546 -9.73641 -10.1299
9.65205 -9.71191 -10.0791
9.65796 -9.7434 -10.1116
9.57739 -9.73527 -10.0848
9.5548 -9.67973 -10.1175
9.55359 -9.63637 -10.1026
9.55249 -9.67773 -10.1022
9.57278 -9.75267 -10.0991
9.60095 -9.72962 -10.0846
9.66779 -9.75745 -10.0883
9.69952 -9.74354 -10.1425
9.60872 -9.7626 -10.0836
9.60587 -9.75606 -10.0933
9.66695 -9.76741 -10.1587
9.64843 -9.76174 -10.1444
9.70878 -9.78809 -10.0999
9.77202 -9.79516 -10.1883
9.67278 -9.7711 -10.0972
9.73207 -9.77624 -10.1012
9.77749 -9.77799 -10.076
9.78297 -9.79187 -10.0677
9.78979 -9.75259 -10.0163
9.83292 -9.7438 -10.0221
9.74899 -9.75879 -10.0361
9.71722 -9.78137 -10.0322
9.80593 -9.80737 -10.057
9.8052 -9.74277 -10.0788
9.85133 -9.7251 -10.07
9.92738 -9.77291 -10.0778
9.83781 -9.70486 -10.0187
9.77889 -9.71203 -10.0216
9.73779 -9.74454 -10.0719
9.84616 -9.71392 -10.1018
9.99329 -9.71412 -10.0849
9.94229 -9.67706 -10.1218
9.98027 -9.73149 -10.0964
10.091 -9.61877 -10.0754
10.2329 -9.63889 -10.0496
10.2091 -9.64186 -10.0974
10.1316 -9.66371 -10.0348
10.1392 -9.70791 -10.0512
10.0944 -9.71872 -10.1022
10.0618 -9.72842 -10.1334
10.09 -9.67924 -10.0648
9.89377 -9.63256 -10.1024
9.91353 -9.63467 -10.1009
10.0126 -9.67151 -10.153
10.0759 -9.66202 -10.0913
10.1756 -9.68674 -10.102
10.113 -9.66382 -10.1102
10.1479 -9.71789 -10.108
10.1779 -9.70925 -10.1366
10.2439 -9.67192 -10.1551
10.3468 -9.64194 -10.1687
10.3383 -9.68975 -10.1598
10.2477 -9.65232 -10.142
10.1867 -9.6644 -10.1802
10.1422 -9.68517 -10.128
10.243 -9.64387 -10.0509
10.1794 -9.66308 -10.0494
10.0383 -9.64872 -10.0996
10.0291 -9.68739 -10.0692
10.0787 -9.62413 -10.1135
9.98278 -9.63153 -10.0944
10.1023 -9.6624 -10.0824
10.0701 -9.64988 -10.043
10.0346 -9.61976 -10.0266
9.95796 -9.64762 -10.041
9.85584 -9.66638 -10.0398
9.81806 -9.65483 -10.0412
9.75796 -9.67285 -10.0587
9.64447 -9.66231 -10.1766
9.71665 -9.68078 -10.032
9.7798 -9.63469 -9.98873
9.74623 -9.70671 -9.98789
9.76468 -9.71645 -9.93358
9.76983 -9.80044 -9.95187
9.75661 -9.83427 -9.96264
9.81101 -9.95566 -9.974
9.82112 -10.0095 -9.88251
9.77297 -10.0069 -9.97773
9.83204 -9.99751 -10.0118
9.79504 -10.0509 -10.0265
9.7796 -10.0304 -10.0204
9.82204 -10.0519 -10.0171
9.7693 -10.016 -10.0227
9.74689 -9.95143 -9.95113
9.75746 -10.0057 -10.0043
9.77081 -9.88916 -9.99388
9.76462 -9.88255 -10.0182
9.76391 -9.96692 -10.0066
9.78189 -9.94371 -9.99967
9.75465 -9.92473 -10.0498
9.75403 -9.91229 -10.0479
9.80395 -9.8668 -10.0545
9.86648 -9.86443 -10.0168
9.84148 -9.83078 -10.0331
9.79202 -9.87935 -9.99436
9.87865 -9.84817 -10.0026
9.83346 -9.88283 -10.0055
9.81427 -9.91068 -9.98297
9.81283 -9.84888 -10.0496
9.88864 -9.78492 -10.0341
9.85313 -9.7609 -10.0747
9.79241 -9.7586 -10.0687
9.77394 -9.75417 -10.1091
9.81396 -9.75472 -10.0864
9.82259 -9.73819 -10.0401
9.789 -9.76841 -10.0531
9.77324 -9.81148 -10.0049
9.79191 -9.88261 -10.0154
9.77069 -9.87864 -10.0519
9.77354 -9.87687 -9.99579
9.76474 -9.88788 -10.0207
9.7885 -9.8001 -10.0135
9.78492 -9.85109 -10.021
9.74288 -9.80208 -10.002
9.7584 -9.81719 -10.0753
9.82372 -9.77464 -10.0354
9.85441 -9.83657 -10.0405
9.84158 -9.81346 -10.0871
9.75409 -9.73701 -10.0605
9.74085 -9.74326 -10.0447
9.80685 -9.73307 -10.0397
9.76526 -9.73276 -9.99895
9.76923 -9.74368 -9.93806
9.80051 -9.72136 -9.96283
9.76402 -9.71776 -10.0301
9.79675 -9.72896 -10.0737
9.78509 -9.73906 -10.0721
9.79176 -9.73195 -10.1371
9.79916 -9.75985 -10.1185
9.78882 -9.77201 -10.1685
9.80475 -9.75596 -10.2383
