1200 100
0.61 0.624525
0.732 0.704881
0.817 0.792303
0.843 0.771122
0.865 0.795571
0.886 0.963968
0.926 0.911435
0.972 1.02024
0.997 1.01601
0.996 1.04103
0.985 0.961737
1.016 1.04479
1.044 1.04911
1.028 1.16638
1.064 1.13104
1.078 1.03295
1.055 1.15713
1.122 1.12224
1.149 1.22402
1.142 1.17501
1.244 1.25972
1.245 1.21419
1.228 1.30933
1.213 1.17681
1.273 1.20968
1.323 1.29396
1.329 1.4402
1.275 1.3287
1.287 1.38201
1.322 1.26158
1.352 1.28538
1.331 1.28873
1.374 1.46159
1.374 1.33346
1.39 1.38729
1.394 1.35412
1.43 1.45055
1.439 1.43371
1.372 1.33295
1.428 1.43825
1.49 1.59349
1.495 1.50748
1.488 1.55141
1.487 1.54137
1.514 1.5994
1.446 1.60068
1.5 1.71772
1.511 1.6215
1.498 1.52953
1.545 1.7217
1.574 1.71624
1.576 1.69992
1.564 1.56347
1.619 1.70955
1.621 1.70306
1.612 1.60907
1.604 1.77095
1.681 1.71896
1.651 1.68889
1.682 1.80268
1.72 1.72933
1.725 1.80918
1.703 1.69449
1.706 1.68925
1.677 1.68436
1.713 1.72636
1.692 1.63877
1.715 1.78956
1.702 1.72292
1.72 1.76537
1.705 1.79977
1.694 1.65802
1.683 1.66418
1.763 1.78862
1.721 1.68084
1.775 1.79217
1.71 1.64354
1.708 1.68042
1.775 1.83821
1.738 1.72108
1.811 1.74903
1.79 1.70561
1.809 1.84436
1.825 1.81419
1.759 1.70663
1.727 1.61409
1.738 1.71707
1.848 1.81471
1.847 1.84944
1.857 1.70225
1.823 1.69737
1.821 1.85281
1.839 1.74282
1.884 1.88443
1.865 1.85863
1.874 1.83796
1.82 1.94354
1.854 1.85053
1.829 1.71547
1.839 1.74683
1.891 1.82895
1.883 1.9913
1.914 1.92653
1.902 1.9023
1.916 1.81476
1.954 1.84173
1.936 1.82573
1.896 1.89108
1.92 1.94555
1.889 1.86254
1.941 1.82134
1.972 1.85908
1.962 1.93649
1.925 1.9213
1.956 1.85992
2.029 1.88004
1.978 1.87739
2.021 2.00256
1.989 2.03692
2.027 1.97425
1.998 1.96796
2.086 2.18479
2.032 1.95493
1.997 2.01501
2.025 1.87225
2.045 1.85283
2.099 2.04324
2.056 1.9368
2.044 1.96002
2.01 1.88779
2.064 1.92383
2.058 1.95459
2.057 1.99975
2.082 2.16945
2.085 1.99577
2.095 2.1241
2.04 2.06046
2.07 2.06917
2.151 2.08829
2.108 2.10644
2.092 2.04158
2.139 2.13782
2.181 2.14038
2.089 2.17325
2.133 2.17949
2.155 2.17715
2.091 2.10883
2.113 2.10233
2.09 2.00991
2.153 2.15374
2.144 2.17344
2.129 2.21057
2.122 2.09922
2.11 1.99389
2.146 1.96865
2.117 2.00532
2.13 2.05516
2.149 2.15095
2.159 2.15387
2.177 2.31398
2.187 2.31835
2.152 2.17507
2.15 2.35986
2.104 2.27746
2.15 2.34184
2.133 2.16548
2.114 2.27328
2.136 2.1997
2.197 2.32051
2.205 2.18916
2.246 2.35184
2.17 2.24935
2.195 2.20118
2.262 2.27563
2.241 2.12504
2.205 2.21719
2.199 2.16757
2.209 2.23956
2.159 2.1859
2.23 2.2033
2.262 2.37173
2.255 2.15413
2.239 2.2241
2.194 2.2346
2.238 2.27763
2.24 2.35075
2.243 2.23819
2.314 2.34575
2.271 2.37794
2.264 2.18249
2.356 2.40767
2.324 2.42345
2.365 2.38816
2.336 2.40151
2.306 2.28064
2.338 2.26802
2.305 2.20018
2.271 2.26983
2.337 2.29773
2.394 2.32909
2.691 2.56008
2.828 2.87729
2.8 2.78278
2.839 2.77786
2.892 2.84118
2.88 2.89249
2.922 2.90082
2.973 2.97925
2.987 2.91174
3.022 3.03655
3.059 2.84637
3.081 2.83127
3.077 2.94802
3.099 3.15836
3.115 3.01079
3.125 3.04842
3.167 3.17829
3.194 3.14551
3.215 3.07385
3.246 3.19268
3.266 2.93818
3.274 3.13406
3.351 3.31311
3.347 3.32992
3.354 3.07776
3.396 3.16435
3.42 3.30691
3.461 3.17766
3.483 3.53525
3.439 3.1194
3.449 3.3968
3.561 3.45373
3.529 3.52869
3.592 3.48903
3.619 3.61545
3.664 3.52463
3.653 3.81841
3.695 3.54752
3.696 3.63922
3.709 3.66398
3.716 3.79914
3.774 3.63656
3.841 3.95167
3.875 3.80318
3.905 3.63161
3.85 3.63313
3.884 3.89644
3.904 3.54633
3.957 3.66281
3.925 3.73711
4.015 3.61239
3.949 3.64605
3.984 3.78553
4.053 3.62181
4.076 3.9742
4.119 4.30715
4.14 4.07648
4.131 4.18402
4.191 4.22274
4.144 4.25552
4.22 4.23584
4.232 4.16234
4.255 4.33431
4.252 4.11661
4.309 3.9815
4.327 4.13621
4.355 4.31729
4.291 4.37469
4.366 4.30635
4.364 4.21972
4.38 3.99359
4.404 4.25104
4.39 4.35626
4.417 4.24936
4.379 4.17553
4.424 4.0723
4.502 4.27027
4.501 4.34434
4.501 4.35636
4.567 4.63214
4.655 4.25423
4.613 4.4717
4.717 4.57549
4.736 4.66697
4.717 4.59551
4.764 4.51482
4.826 4.59432
4.764 4.73304
4.839 4.49157
4.821 4.52749
4.911 4.76985
4.82 4.65826
4.845 4.74772
4.849 4.8991
4.954 5.10899
4.979 4.70326
5.053 5.04323
5.047 5.19799
5.006 4.83079
5.026 5.13846
5.072 5.03585
5.05 4.97447
5.05 5.08058
5.043 4.91607
5.124 5.06169
5.154 5.29158
5.242 5.13657
5.136 5.01852
5.198 5.17397
5.242 5.30674
5.317 5.37589
5.386 5.20421
5.331 5.05249
5.326 5.0728
5.346 5.40569
5.355 5.06804
5.42 5.15075
5.386 4.998
5.488 5.42728
5.477 5.36684
5.532 5.10208
5.466 5.36621
5.518 5.27695
5.572 5.45627
5.571 5.55652
5.641 5.51363
5.672 5.53595
5.667 5.75587
5.679 5.42739
5.744 5.91838
5.712 5.78084
5.723 5.77004
5.759 6.03295
5.727 5.57004
5.753 5.75975
5.846 5.79007
5.849 5.42963
5.884 5.57212
5.864 5.75926
5.81 5.76567
5.934 5.54719
5.903 5.76536
5.94 5.96837
5.967 5.96788
5.96 5.77217
5.988 5.82568
6.015 5.94072
6.03 5.7969
6.075 6.04742
6.168 6.11789
6.13 6.11121
6.102 5.75535
6.154 5.99027
6.122 6.01914
6.206 6.46203
6.168 6.26204
6.194 6.50086
6.2 6.39039
6.235 6.3241
6.279 6.51567
6.264 6.16647
6.301 6.61902
6.322 6.52284
6.326 6.38411
6.381 6.57842
6.386 6.50951
6.366 6.52457
6.434 6.43408
6.501 6.84084
6.557 6.68343
6.499 6.46246
6.482 6.41409
6.485 6.73251
6.484 6.73248
6.521 6.86843
6.56 6.2987
6.596 6.80359
6.654 7.0193
6.623 6.80167
6.64 6.87327
6.594 6.7399
6.615 7.01779
6.667 7.09721
6.678 7.00732
6.663 6.89433
6.736 7.12543
6.726 6.86779
6.722 7.20392
6.802 7.01982
6.765 7.1269
6.768 7.28546
6.841 7.55527
6.837 7.08351
6.815 7.14392
6.953 7.31811
6.894 7.30006
6.895 7.19117
7.004 7.34133
7.012 7.33719
7.06 7.54995
7.069 7.62386
7.04 7.53594
7.087 7.58101
7.13 7.97908
7.122 7.91703
7.121 7.56793
7.226 7.50443
7.196 7.77736
7.208 7.45419
7.217 7.3893
7.286 7.62983
7.282 7.59807
7.32 7.44905
7.268 7.67785
7.291 7.38971
7.458 7.99623
7.409 7.86358
7.476 7.48291
7.463 7.6723
7.459 8.21654
7.49 7.64354
7.542 8.10434
7.548 8.11982
7.617 8.12043
7.641 7.94206
7.618 7.8239
7.616 8.1567
7.626 7.88401
7.604 7.84503
7.642 7.85569
7.727 8.10858
7.765 8.05183
7.721 7.84701
7.693 8.11487
7.798 8.23343
7.792 7.94068
7.902 8.1025
7.886 8.34535
7.861 7.94362
7.877 8.24812
7.874 7.9801
7.903 8.60219
7.948 8.44774
7.895 8.53251
7.955 8.18316
7.978 8.1857
8.003 8.5055
8.042 8.43267
8.062 8.60876
8.098 8.48888
8.121 8.27664
8.172 8.43885
8.193 8.6484
8.24 8.84925
8.217 8.69661
8.2 8.94294
8.224 9.12695
8.226 8.51944
8.297 8.98778
8.362 8.96392
8.33 8.99009
8.337 9.1666
8.428 9.02584
8.398 8.9065
8.417 9.12624
8.438 9.22138
8.531 8.962
8.425 8.98736
8.546 9.36125
8.573 9.26994
8.632 9.50208
8.596 8.80159
8.713 9.71034
8.734 9.78103
8.605 9.34832
8.72 8.54214
8.683 9.14165
8.805 9.45643
8.835 9.7255
8.83 8.9961
8.749 9.67968
8.791 9.4768
8.864 9.6972
8.837 9.42986
8.893 9.1507
8.888 9.66512
8.903 9.65124
8.927 9.07875
8.964 9.58229
8.989 9.5204
9.011 9.96284
9.047 9.39819
8.972 9.6889
9.047 9.58037
9.103 9.9103
9.111 9.83652
9.149 9.94074
9.139 9.59527
9.154 9.92821
9.155 10.053
9.139 10.0878
9.288 9.92498
9.239 9.67756
9.353 10.0785
9.362 9.68064
9.439 9.94623
9.435 10.3241
9.471 10.4076
9.463 9.89853
9.431 9.90715
9.531 9.92296
9.5 10.2503
9.552 10.0053
9.553 9.9131
9.621 10.3097
9.597 9.84644
9.596 10.0929
9.606 9.83059
9.638 10.1251
9.669 10.2477
9.71 9.85175
9.682 9.84872
9.741 10.3523
9.709 10.0644
9.717 10.2231
9.737 10.0158
9.768 10.0823
9.778 10.1268
9.777 9.89517
9.801 10.0094
9.878 9.89701
9.887 10.0823
9.92 10.1337
9.935 9.81459
9.951 9.99259
9.971 10.5207
9.942 10.1848
9.967 10.3062
9.986 9.81362
10.002 10.0761
10.058 9.92256
10.084 9.78673
10.057 9.83759
10.119 10.3212
10.189 10.0613
10.174 10.0618
10.109 9.83495
10.155 10.5936
10.142 10.3162
10.137 10.0763
10.148 10.4786
10.21 10.5945
10.323 10.6353
10.348 10.6796
10.335 10.7635
10.345 10.6206
10.405 10.6416
10.355 11.0781
10.454 10.8007
10.474 10.8462
10.437 11.1071
10.495 10.7647
10.525 10.8082
10.521 10.5922
10.566 11.0067
10.607 10.5711
10.555 10.9359
10.6 11.1151
10.621 11.0264
10.605 11.2282
10.603 11.0204
10.657 11.4488
10.69 11.4654
10.76 11.1596
10.718 11.1897
10.719 10.7047
10.79 11.0169
10.772 11.0391
10.793 11.0212
10.866 10.8529
10.835 10.3902
10.802 10.5433
10.837 10.8052
10.867 11.0444
10.884 10.9175
10.915 11.1309
10.96 10.8573
11.042 11.2555
11.022 11.2007
11.014 11.155
11.052 11.5208
11.096 11.5984
11.116 11.7783
11.127 11.8227
11.193 11.8536
11.169 11.568
11.159 11.7515
11.132 11.416
11.172 11.4799
11.176 11.4805
11.264 11.672
11.255 11.7237
11.248 11.6902
11.285 11.4632
11.285 11.7896
11.334 11.6461
11.329 11.5263
11.387 11.817
11.421 11.4432
11.456 11.7158
11.44 11.3317
11.531 11.0221
11.572 11.3281
11.506 11.6917
11.527 11.1905
11.461 11.3138
11.497 11.0711
11.593 11.0324
11.588 11.2295
11.594 11.4006
11.627 11.2972
11.693 11.256
11.702 11.6248
11.715 11.4732
11.741 11.6816
11.693 11.8166
11.784 11.7531
11.729 11.2628
11.806 11.3277
11.819 11.5658
11.837 11.6601
11.823 11.6834
11.886 11.5385
11.88 11.9435
11.856 11.3927
11.93 11.7989
11.959 11.663
11.991 11.8147
11.986 11.7516
12.023 11.8523
12.077 11.6227
12.17 12.0592
12.114 12.2573
12.023 12.0745
12.082 11.6269
12.102 11.2609
12.157 11.9503
12.193 11.8136
12.154 12.3506
12.22 11.9696
12.177 12.1298
12.256 12.3648
12.191 12.465
12.217 12.4003
12.251 12.4164
12.304 12.46
12.32 12.2539
12.354 12.1508
12.35 12.2277
12.47 12.4115
12.492 12.4464
12.495 12.3203
12.464 12.1168
12.456 12.0882
12.494 12.1902
12.528 12.5618
12.51 12.5324
12.543 12.4726
12.629 12.5139
12.554 12.3194
12.597 12.1127
12.598 12.615
12.634 12.7228
12.722 12.3911
12.753 12.3904
12.74 12.7211
12.784 12.2996
12.761 13.121
12.776 12.5384
12.844 13.0247
12.907 12.7311
12.858 12.2421
12.921 12.5873
12.96 12.7712
12.859 12.6017
12.892 12.5929
12.901 12.4496
12.921 12.8716
12.946 12.7078
12.976 12.9243
13.055 13.017
13.025 13.0034
13.093 12.685
13.092 12.7723
13.111 12.7114
13.158 12.8759
13.271 12.8464
13.207 13.2274
13.214 13.3716
13.255 13.037
13.21 13.129
13.301 13.2116
13.307 13.1879
13.297 13.4783
13.309 13.7072
13.352 13.1272
13.418 13.5969
13.378 12.9861
13.457 13.6178
13.458 13.1354
13.476 13.0265
13.408 13.0586
13.549 13.1307
13.589 13.5276
13.598 13.4959
13.598 13.5399
13.601 13.3692
13.627 13.3632
13.71 13.6696
13.684 13.6138
13.691 13.2127
13.66 13.638
13.665 13.2781
13.717 13.2301
13.788 13.919
13.741 13.4133
13.816 13.3235
13.846 13.7821
13.862 13.9069
13.919 13.7842
13.981 13.6783
13.961 13.4689
13.955 13.7567
14.019 13.7023
14.069 13.5298
14.023 13.6822
14.038 13.2278
14.065 13.6024
14.072 13.3181
14.117 13.3527
14.204 13.4598
14.113 13.5198
14.131 13.7976
14.138 14.089
14.207 13.7119
14.239 13.5735
14.218 13.2177
14.348 13.12
14.308 13.5607
14.313 13.3324
14.349 13.2805
14.387 13.5328
14.294 13.2788
14.398 13.6953
14.341 13.5122
14.362 13.1201
14.473 13.6009
14.501 13.5035
14.519 13.7774
14.526 13.717
14.487 13.8597
14.585 13.5343
14.587 13.4038
14.596 13.4502
14.624 13.4581
14.653 13.4
14.707 13.3345
14.647 13.2917
14.687 13.8509
14.756 13.7502
14.824 14.3274
14.841 14.1619
14.787 13.8695
14.818 13.6685
14.911 14.1592
14.946 14.1833
14.898 14.2038
14.916 14.103
14.967 14.1941
14.972 14.0873
15.003 14.4755
14.992 14.3763
14.981 14.1428
15.05 14.0796
15.127 14.5634
15.06 14.2206
15.138 14.5415
15.113 13.9762
15.156 14.6423
15.267 14.6764
15.275 14.4218
15.193 14.5003
15.307 14.7195
15.298 14.7119
15.351 15.1409
15.302 14.7295
15.31 14.7587
15.295 14.6306
15.274 14.2712
15.445 14.2312
15.458 14.1864
15.408 14.502
15.421 14.1119
15.395 14.3954
15.533 15.1421
15.488 14.8007
15.499 14.6887
15.57 15.5306
15.564 15.0009
15.543 15.2034
15.607 15.7563
15.651 15.6529
15.655 15.2252
15.66 14.9614
15.657 15.1165
15.671 15.1459
15.712 14.908
15.746 14.6962
15.751 14.6396
15.811 15.0483
15.818 15.0039
15.84 15.3698
15.856 15.3586
15.858 15.2171
15.914 15.4501
15.874 15.5577
15.986 15.5654
15.965 14.8746
15.95 15.2848
16.002 15.0631
16.031 15.1872
15.998 15.4174
16.06 15.7281
16.039 15.8013
16.082 15.5628
16.105 16.2002
16.081 15.6201
16.069 15.4517
16.184 15.808
16.224 16.3282
16.23 15.5627
16.202 15.5527
16.24 15.9163
16.241 15.9028
16.309 15.8013
16.325 15.4568
16.375 16.1465
16.4 16.0921
16.381 15.7996
16.482 15.9696
16.436 16.2141
16.492 16.094
16.498 15.7598
16.543 15.2874
16.478 15.3008
16.52 15.6152
16.545 15.1691
16.607 15.7543
16.621 15.8953
16.617 15.9583
16.677 15.8165
16.655 16.2242
16.773 16.1937
16.721 15.6428
16.737 15.4873
16.772 15.984
16.771 15.6382
16.768 15.9041
16.842 15.8709
16.857 16.0186
16.834 15.7502
16.866 16.2423
16.949 16.4428
16.847 15.9976
16.953 16.3251
16.949 16.5509
16.961 16.3779
16.977 16.8313
16.933 16.6652
16.993 16.5075
16.945 16.9089
17.037 16.8645
17.107 16.7723
17.093 16.667
17.219 16.4215
17.146 16.5332
17.209 17.0684
17.181 16.9172
17.227 16.7702
17.256 16.2527
17.282 16.1046
17.347 16.8074
17.254 17.1767
17.421 17.5113
17.4 17.1692
17.41 17.131
17.412 17.2615
17.426 17.1196
17.436 17.1571
17.495 17.065
17.48 17.3089
17.468 17.7387
17.579 17.1029
17.585 17.3181
17.614 16.4134
17.54 16.9233
17.572 16.7055
17.681 17.2685
17.674 17.3771
17.739 17.2802
17.705 17.3513
17.702 17.5227
17.786 17.3496
17.756 17.7022
17.809 17.6241
17.769 17.2969
17.85 17.525
17.901 17.2805
17.955 16.9439
17.912 16.8671
17.886 17.1421
17.921 17.4162
17.965 17.3351
18.02 17.0226
18.001 17.4144
18.059 17.5651
18.082 17.7891
18.089 18.1933
18.057 17.9497
18.105 18.3223
18.154 18.1344
18.165 18.1319
18.207 17.9481
18.23 18.0792
18.251 18.038
18.289 17.529
18.35 18.4339
18.27 17.8129
18.322 17.68
18.371 18.2256
18.307 17.6284
18.366 17.94
18.33 18.1893
18.371 18.2796
18.394 17.9547
18.438 18.1483
18.477 18.2737
18.539 17.9785
18.537 18.4671
18.557 18.227
18.565 18.1419
18.607 18.2768
18.653 18.4651
18.603 17.9013
18.597 17.7483
18.662 18.232
18.72 17.9375
18.758 18.6561
18.804 18.4661
18.82 18.5481
18.779 17.7659
18.856 18.8261
18.885 18.268
18.807 18.5703
18.808 18.4156
18.864 18.5641
18.908 18.4139
18.877 18.5384
18.958 19.0673
18.982 18.4942
19.013 18.9978
19.075 18.4538
19.023 18.529
19.038 18.3269
19.116 18.2688
19.137 18.4847
19.082 18.6419
19.093 18.2906
19.219 18.5796
19.136 18.7903
19.163 18.7232
19.256 18.6912
19.272 18.6367
19.245 19.068
19.286 18.8691
19.327 18.6527
19.351 19.0308
19.296 19.2596
19.325 18.8082
19.35 18.8564
19.405 18.8839
19.423 18.2423
19.507 18.5425
19.459 18.7911
19.498 18.5746
19.571 19.6106
19.645 18.988
19.598 19.1295
19.637 18.756
19.546 19.2491
19.643 19.1207
19.641 18.919
19.704 19.0935
19.755 19.4865
19.725 19.4308
19.661 19.7438
19.732 19.4436
19.775 19.6901
19.849 19.4897
19.859 19.2984
19.794 19.2828
19.895 19.2592
19.856 19.7951
19.877 19.4353
19.785 19.8626
19.85 20.512
19.931 19.786
19.927 19.8976
19.979 19.7443
20.005 20.4254
19.982 20.2119
20.123 19.9398
20.057 19.7755
20.081 20.2807
20.131 20.3001
20.091 20.3711
20.132 20.6172
20.219 20.7037
20.229 19.9185
20.235 20.4082
20.239 20.7867
20.245 20.5155
20.255 20.3183
20.311 19.9702
20.339 20.2423
20.359 19.832
20.315 20.188
20.349 20.6378
20.418 20.6019
20.422 21.1691
20.416 20.3913
20.571 20.045
20.439 20.2705
20.568 20.1796
20.497 20.0981
20.553 20.3215
20.618 20.2083
20.614 20.5055
20.664 20.2233
20.639 20.6233
20.648 20.2984
20.634 20.4845
20.664 20.5296
20.73 20.0532
20.753 20.7427
20.764 20.5168
20.804 21.2488
20.847 20.7043
20.859 20.926
20.916 21.2902
20.901 20.772
20.914 20.6713
20.906 21.2424
20.868 20.2528
20.956 20.7248
20.964 20.9997
21.035 20.7846
21.074 20.6912
21.05 21.527
21.007 21.3023
21.061 21.1504
21.167 20.914
21.172 21.7502
21.129 21.4518
21.177 21.6533
21.139 21.8175
21.214 21.5217
21.215 21.4262
21.184 21.8019
21.265 21.3341
21.233 21.1178
21.268 21.3715
21.317 21.7623
21.307 21.6864
21.284 21.0864
21.353 21.3157
21.378 21.877
21.411 21.5696
21.431 21.3906
21.513 21.181
21.44 21.2857
21.464 21.0538
21.501 20.9069
21.615 21.5243
21.598 21.1896
21.587 21.4439
21.575 21.7962
21.591 22.0358
21.689 22.1765
21.676 21.9109
21.676 21.6487
21.762 22.4999
21.735 22.0408
21.731 21.34
21.815 22.0548
21.836 22.0411
21.778 22.6253
21.851 22.4753
21.82 22.0276
21.875 21.6811
21.804 21.7653
21.894 21.8246
21.96 22.0945
21.898 21.5171
21.891 22.0352
21.986 21.9598
21.907 22.0664
21.962 22.2908
22.038 21.5421
22.058 22.2529
22.078 21.9939
22.097 22.0817
22.162 21.8736
22.143 22.0026
22.183 22.1857
22.161 21.897
22.165 22.1479
22.281 22.2002
22.237 22.2351
22.309 22.1677
22.335 22.5573
22.307 22.1689
22.377 22.7416
22.391 22.9571
22.364 23.0486
22.421 22.4302
22.518 22.5743
22.544 22.6968
22.556 22.2651
22.5 22.5966
22.546 22.4543
22.52 22.3259
22.545 22.0801
22.529 22.2894
22.583 22.6818
22.62 22.5081
22.61 22.4243
22.63 22.5677
22.719 22.7428
22.787 22.0977
22.78 22.1698
22.805 22.2552
22.766 22.0953
22.879 22.5369
22.916 21.9409
22.861 21.8575
22.891 22.5056
22.953 22.5173
22.957 21.9791
22.968 21.985
22.966 22.131
23.088 22.0964
23.019 22.2289
23.069 22.1444
23.048 21.8656
23.1 21.6296
23.061 21.6589
23.148 22.5627
23.167 22.7659
23.228 22.7448
23.233 22.6293
23.205 22.4694
23.263 22.9928
23.232 23.1393
23.265 23.2801
23.291 22.9032
23.316 23.1993
23.306 22.8832
23.296 23.2917
23.278 23.3621
23.328 23.3638
23.3 23.3994
23.372 23.5171
23.447 23.9772
23.463 23.8084
23.425 23.66
23.559 23.8344
23.449 23.2506
23.532 23.8869
23.534 23.6385
23.516 23.0328
23.584 23.3983
23.627 23.125
23.611 23.0187
23.731 23.2579
23.673 23.924
23.699 23.7882
23.563 23.5576
23.631 23.9308
23.623 23.2381
