400 100 199
-0.000351117 -8.11553e-05
-0.000131849 -0.00379461
-0.00272225 -0.0370663
-0.0434249 -0.347106
-0.0496611 -0.519805
0.490839 -0.791993
4.22546 -1.11519
4.24438 -1.41041
4.16027 -1.87882
4.14421 -2.36951
4.19361 -2.80013
4.11748 -3.3048
4.0657 -4.24763
4.24909 -4.85408
4.654 -5.11361
4.852 -5.09262
5.17618 -5.32949
5.37657 -5.84502
5.34687 -5.69027
5.67079 -6.13561
6.06224 -6.33182
6.37943 -6.55295
6.66446 -6.67945
6.95805 -7.19
6.80762 -7.04431
7.13207 -6.85716
7.23086 -6.74527
7.08643 -6.90003
6.95325 -7.30005
7.34471 -7.06036
7.26857 -7.65608
7.20749 -7.27565
7.36489 -7.62763
7.29772 -7.30378
7.11957 -7.7854
6.99341 -7.8974
7.30868 -7.62934
7.14505 -7.55457
7.26114 -7.70329
7.35224 -7.76242
7.291 -7.84326
7.34895 -7.86162
7.43582 -7.96139
7.22293 -8.70051
7.39175 -8.19794
7.35127 -7.99203
7.51194 -8.01087
7.67406 -8.21648
7.40543 -8.52451
7.40165 -8.34935
7.68846 -8.45771
7.4156 -8.47573
7.47745 -8.41687
7.7136 -8.35496
7.44461 -8.27661
7.66446 -8.26218
7.74751 -8.51504
7.61509 -8.61784
7.82029 -8.59448
7.79488 -8.8537
7.94356 -8.36634
8.0195 -8.65393
7.90296 -8.43773
8.16735 -8.3572
8.2387 -8.11997
8.27275 -8.09018
8.27581 -8.89252
8.43669 -8.56071
8.60416 -8.59638
8.59549 -8.56732
8.81833 -8.40758
8.4752 -8.92167
8.55833 -8.3522
8.57073 -8.55461
8.39958 -8.47613
8.39628 -8.20662
8.51541 -8.52767
8.43344 -8.28159
8.56356 -8.5323
8.39224 -8.88909
8.6441 -8.97354
8.88846 -8.94948
8.81019 -8.87211
9.03787 -8.9772
8.87705 -8.86248
8.42705 -8.78693
8.53608 -8.35125
8.21199 -8.57542
8.49178 -8.54125
8.7298 -8.40724
8.57725 -8.67533
8.71831 -8.63094
8.54605 -8.41878
8.58105 -8.58239
8.5286 -8.77251
8.51085 -8.25152
8.52685 -8.74925
8.67126 -8.28505
8.50112 -8.61886
8.72585 -8.59905
8.47186 -8.36954
8.19427 -8.79252
8.79518 -8.60413
8.8521 -8.80314
8.65694 -8.36232
8.80276 -8.52517
8.72029 -8.5702
8.38658 -8.34919
8.81458 -8.61544
8.8371 -8.47972
8.92592 -8.84884
8.96721 -8.19724
8.57771 -8.37542
8.99562 -8.8348
8.72755 -8.35952
9.15427 -8.66824
8.63512 -8.74146
7.83656 -9.24606
8.09688 -8.75614
8.03708 -8.51938
8.16354 -8.57649
8.40088 -9.05553
8.11609 -8.93985
8.10094 -8.94705
8.37771 -8.5671
8.10818 -8.65516
8.20926 -8.34921
8.15129 -8.5189
8.23204 -8.4207
8.43809 -8.83271
8.32897 -8.56657
8.27106 -8.77565
8.43476 -8.55883
8.33511 -8.36239
8.49352 -8.52906
8.29247 -8.74969
8.50781 -8.65611
8.37367 -8.73793
8.28771 -8.59206
8.64433 -8.63134
8.48355 -8.89571
9.01248 -8.68491
8.63337 -8.76936
8.78078 -8.47806
8.8429 -8.56627
8.62941 -8.48907
8.68912 -8.72646
8.69727 -8.45945
8.79231 -8.77846
8.92564 -8.79303
8.53183 -8.8968
8.74028 -9.20028
8.60857 -8.65508
9.07457 -8.62022
8.71634 -8.87702
8.93369 -8.90651
8.72445 -8.71748
8.87001 -8.49644
8.83221 -8.7183
8.80115 -8.84793
8.77247 -9.17796
8.91964 -8.7603
8.88431 -8.66501
8.97612 -8.69504
8.91702 -8.62266
8.81819 -8.73122
8.94005 -8.82041
8.59498 -9.08234
8.60097 -8.81564
8.47988 -8.52871
8.90767 -8.76347
9.03466 -8.93036
8.8816 -8.98357
8.80296 -8.5109
8.66105 -8.83819
8.9073 -9.09413
8.83124 -8.61319
8.53001 -8.7449
8.43411 -8.69537
8.3284 -8.50638
8.85633 -8.23849
9.07425 -8.88136
8.75195 -8.6465
8.61889 -8.4998
8.78412 -8.94139
8.70958 -8.47581
8.99551 -8.59438
8.69907 -8.71557
8.58849 -8.67175
8.55261 -9.19425
8.76603 -8.91619
8.59556 -8.52056
9.04036 -8.64664
8.9589 -8.99169
8.78371 -8.72163
8.50361 -9.16947
8.76826 -9.04762
8.84868 -8.95
8.42628 -8.71687
8.77501 -8.74115 8.73976
7.89934 -8.95396 -9.13899
7.94961 -9.30536 -9.31318
7.87039 -8.82079 -9.67665
8.22986 -8.89339 -9.14179
7.92727 -9.09194 -9.06795
7.64214 -9.0944 -8.86422
7.78548 -8.89977 -8.92832
7.99149 -9.02653 -9.05537
7.73622 -8.91841 -8.87546
7.67028 -8.81933 -8.55759
7.83973 -8.56421 -8.64741
7.81245 -8.84876 -8.80588
7.97938 -9.11299 -8.76187
8.10412 -8.87244 -9.46028
8.39112 -9.07491 -9.3864
8.60663 -8.90738 -9.09715
8.29741 -8.96901 -9.05596
8.72875 -8.35315 -9.27437
8.38393 -8.89161 -8.88707
8.20936 -8.98918 -9.34995
8.19081 -9.05799 -9.12079
8.65719 -9.15137 -8.50846
8.34888 -9.0771 -8.95079
8.8976 -9.00464 -9.17338
8.87229 -9.14736 -9.33804
8.38113 -9.48662 -9.12671
9.2036 -8.77864 -9.43204
8.61011 -9.13021 -9.02371
9.14025 -9.23862 -9.23721
8.40111 -9.24095 -8.76883
8.65668 -9.50016 -8.85444
8.91398 -9.20639 -8.64928
8.55034 -9.01765 -9.45029
8.39815 -9.38326 -8.65398
8.95215 -9.2714 -9.2378
8.69886 -9.09428 -8.8649
8.61801 -9.18649 -9.24751
8.62385 -9.2654 -9.01141
8.66254 -9.12606 -9.63777
8.99493 -8.85208 -9.33125
8.49018 -9.19212 -8.97896
8.75451 -9.21681 -9.22045
8.51671 -9.18271 -9.49393
8.71154 -9.30506 -9.35865
8.63855 -8.91877 -9.15914
8.51918 -8.67686 -9.16146
8.36762 -9.32618 -9.73632
8.67401 -9.2838 -9.25448
8.44468 -9.13492 -9.42657
8.44209 -9.26142 -9.42835
8.53533 -8.91751 -9.23567
8.32872 -8.89668 -8.69632
8.33196 -8.81571 -8.7684
8.23645 -9.19389 -9.0485
8.42592 -9.15734 -9.30053
7.87171 -9.70211 -9.01045
8.46876 -9.62414 -9.19591
8.71764 -8.824 -9.04375
8.05171 -8.85016 -9.0275
8.54349 -9.21058 -9.26952
8.64968 -9.06027 -9.19079
8.4463 -9.25327 -8.977
8.52879 -8.95124 -9.12179
8.46803 -8.94809 -8.69084
8.43641 -9.02386 -9.25687
8.9601 -9.541 -9.19977
8.63602 -9.17393 -9.20728
8.8611 -9.39264 -8.89611
8.83641 -9.24507 -9.43173
8.6148 -8.74269 -9.40743
8.79615 -9.29127 -9.11773
8.72868 -8.78163 -8.88599
8.84645 -9.0703 -9.31377
8.60795 -9.4359 -8.97759
8.5893 -9.11099 -8.77572
8.72962 -9.07943 -9.35925
8.29145 -9.03694 -9.25882
8.92393 -9.2619 -8.91799
8.7365 -9.43411 -8.78785
8.74876 -9.33449 -9.18292
8.97863 -9.27841 -8.84375
8.83938 -8.82644 -9.11861
9.05694 -9.23979 -9.08882
8.78374 -9.71359 -8.96477
8.57775 -8.76201 -8.88305
8.84135 -8.69553 -8.98852
8.61077 -9.49665 -8.9171
9.0201 -9.44144 -8.96373
8.68912 -9.02616 -8.64551
8.80579 -9.4514 -8.87171
8.65474 -8.71642 -9.14294
8.67448 -9.23581 -9.22695
8.80428 -9.02016 -9.2043
8.89649 -9.26524 -9.09622
8.86805 -9.1317 -9.25967
8.77156 -8.94338 -9.1349
8.71923 -9.01541 -9.03347
8.82893 -8.92032 -8.92903
9.08777 -9.70122 -9.1019
8.69268 -9.02584 -9.4441
8.50904 -9.09597 -9.64203
9.079 -9.40704 -9.01082
9.1958 -9.44033 -9.16614
8.52012 -9.14251 -9.54285
8.50387 -8.64715 -8.94527
8.54152 -9.27399 -9.1646
8.59063 -8.98123 -8.85281
8.5839 -9.20655 -9.53996
8.93356 -8.29864 -8.99896
8.83842 -8.63677 -9.28244
8.94925 -9.26237 -8.90035
8.51421 -8.98367 -9
8.58582 -9.27669 -8.67138
8.81218 -9.0373 -9.34929
8.77225 -9.18064 -9.24001
9.14173 -8.9468 -8.92252
8.68932 -8.99817 -9.08322
8.49665 -9.35603 -9.41311
8.65571 -9.31075 -8.78761
8.94434 -9.2343 -9.26823
8.69354 -9.37331 -9.32002
8.95042 -9.13606 -9.26412
8.89146 -8.95625 -9.1313
8.7732 -9.39032 -9.09335
8.65408 -9.05026 -8.97852
8.33803 -8.98821 -8.5787
8.80183 -9.15463 -8.83308
8.54918 -9.16573 -9.25839
9.11669 -9.43619 -9.2292
8.34476 -9.16132 -8.89299
8.74971 -9.25587 -8.87811
8.64658 -9.81804 -9.36183
8.77745 -9.4804 -9.17433
8.54287 -9.35781 -8.99501
8.65979 -9.18653 -9.72048
8.87294 -8.98768 -9.34539
9.15056 -9.24505 -9.28649
9.04243 -9.57772 -9.16627
8.96141 -8.98019 -9.29458
9.0887 -9.01177 -9.22223
8.94305 -9.28608 -9.47094
8.77556 -9.22798 -9.16112
8.60387 -8.77295 -9.1206
8.66239 -9.57204 -9.04024
8.17929 -9.22682 -9.21827
9.20221 -9.09779 -9.15211
8.68492 -9.25345 -9.10869
8.0094 -10.0086 -9.57554
9.21412 -9.48139 -8.98692
8.71347 -8.96227 -9.69955
8.74599 -8.99488 -9.30542
8.7287 -9.32321 -8.85569
9.16646 -8.56439 -8.96528
8.69386 -9.56662 -9.16674
8.72871 -8.96896 -8.97515
8.69154 -8.92263 -9.57826
8.4477 -9.24318 -9.55644
8.83389 -8.8315 -9.12359
8.545 -8.68737 -9.59099
8.91005 -8.98643 -9.36626
8.41336 -8.96071 -9.1418
9.1846 -8.78953 -8.96111
8.69534 -9.15109 -9.14973
8.7819 -9.02069 -9.06889
8.60699 -9.05098 -9.15602
8.87894 -9.04279 -9.54339
8.56047 -9.17758 -9.08573
8.74958 -9.12486 -9.14699
8.38963 -9.43228 -9.24433
8.88117 -8.8761 -9.21021
8.86367 -8.78697 -9.26902
8.97234 -9.45534 -8.6441
8.84194 -9.26109 -8.82918
8.6986 -9.07722 -9.03651
8.68971 -9.11042 -8.9428
8.35067 -9.35351 -8.77015
8.95859 -9.1751 -9.13653
9.17098 -8.72219 -9.08018
8.39816 -9.15522 -8.87942
8.51952 -9.34927 -9.1277
8.87261 -9.08021 -8.99497
8.86791 -8.91441 -9.18339
9.041 -9.51043 -8.72616
8.38111 -9.41768 -9.31728
8.93639 -8.93197 -9.18786
8.57373 -9.25893 -8.87478
8.84418 -9.06863 -9.39303
8.96188 -9.20649 -9.63112
8.57341 -8.91021 -8.77264
8.51424 -8.91826 -8.56422
8.89597 -8.90949 -9.14774
8.74446 -8.54144 -9.16751
8.46869 -9.27191 -9.19172
8.89701 -8.76972 -9.62615
8.88943 -9.3673 -9.1767
8.93861 -9.07714 -9.46613
8.67211 -9.35835 -9.07007
8.62221 -9.2857 -8.98572
8.62919 -9.0229 -9.18553
8.66682 -9.36671 -8.73266
