400 100 199
0.034855 0.00163388
0.552154 -0.0972998
2.26197 -0.052945
2.75061 -0.138831
4.5131 -0.649725
5.20666 -0.904913
5.56138 -1.39812
5.63096 -1.85939
5.82344 -2.46243
5.82175 -3.01372
5.96339 -3.88317
6.63852 -4.98199
7.07016 -5.56186
7.32701 -5.61931
7.16548 -5.74893
7.39337 -6.121
7.35342 -6.58196
7.7154 -6.92346
7.5965 -7.35362
7.6583 -7.20403
7.90851 -7.62032
8.03361 -7.56935
8.02524 -7.72457
7.99779 -8.40991
7.99235 -7.98957
8.25408 -7.66588
7.57236 -7.65447
8.00637 -7.9548
8.03731 -7.95223
8.03927 -7.8086
8.10314 -7.97944
7.83045 -8.28895
8.1913 -8.33132
8.52312 -8.18377
8.4557 -8.67104
8.40304 -8.55065
8.27488 -8.24018
7.86495 -8.30949
8.38628 -8.33767
8.52812 -8.30568
8.36 -8.38972
8.50182 -8.36575
8.29413 -8.26105
8.41021 -8.11654
8.47836 -8.58766
8.16557 -8.15838
7.99914 -8.64719
8.42054 -8.71738
8.36279 -8.53244
8.35846 -8.63901
8.20884 -8.25299
8.29793 -8.34831
8.01013 -8.81356
8.0575 -8.31033
8.19581 -8.52089
8.19867 -8.21125
8.41529 -8.4235
8.14794 -7.95205
8.17105 -8.06713
8.34616 -8.85155
8.51675 -8.39206
8.45914 -8.64435
8.15344 -8.71362
8.42918 -8.29527
8.31121 -8.14504
8.82814 -7.62769
8.5291 -8.22564
8.5579 -8.35157
8.65974 -8.74767
8.13057 -8.32199
8.43242 -8.51731
8.38392 -8.61457
8.10344 -8.49158
8.65235 -8.5352
8.65154 -8.1386
8.52526 -8.36254
8.57781 -8.04353
8.29647 -8.35077
8.44498 -8.39848
8.5065 -8.35294
8.59523 -8.28808
8.35938 -8.17654
8.18009 -8.77019
8.37794 -8.57335
8.3524 -8.57421
8.84698 -8.94185
8.26272 -8.75989
8.80911 -8.85554
8.82441 -8.78511
8.89334 -9.06043
8.7597 -8.78801
8.89361 -8.98353
9.29169 -8.85985
8.7112 -8.76683
8.66853 -8.4647
8.39401 -8.64519
8.70793 -9.00349
8.6467 -8.47951
8.74289 -8.61532
8.70286 -8.75187
8.6591 -8.57172
8.70188 -8.21566
8.84421 -8.66248
8.492 -8.72668
8.65188 -8.77353
8.74434 -8.2508
8.96746 -8.95158
8.79863 -8.90024
8.4919 -8.92098
8.63905 -8.51313
9.28909 -8.44814
8.33535 -8.75538
8.70052 -9.06732
8.56253 -8.91888
8.62918 -8.48214
8.58631 -8.34525
8.98361 -8.67898
9.08208 -8.76973
8.89415 -8.75158
8.51291 -8.55822
8.43258 -8.78892
8.76941 -8.79224
8.62791 -8.78803
8.58273 -8.66144
8.95162 -8.56863
8.77301 -8.61042
8.7295 -8.50211
8.66806 -8.58326
8.54594 -9.00835
9.01524 -8.49408
8.86189 -8.49965
8.50592 -8.41855
8.50298 -8.32602
8.67513 -8.29521
8.96189 -8.52819
8.76605 -8.66554
8.58961 -8.77556
8.84199 -9.27416
8.75979 -8.43064
8.77253 -8.63363
8.55859 -8.46332
8.57031 -8.55317
8.77676 -8.61047
8.57187 -8.70543
8.56507 -8.59096
9.00341 -8.57273
8.72787 -8.8795
8.67064 -8.51196
8.80977 -8.79553
8.89282 -8.73029
8.37404 -8.71904
8.76694 -9.04052
8.87904 -8.45719
8.67371 -8.48858
9.04715 -8.92433
8.75676 -8.34333
9.12476 -8.84396
9.20391 -8.67532
9.19627 -8.33698
8.88767 -8.70279
8.97503 -8.48312
9.10296 -8.33331
9.22159 -8.8825
9.14126 -8.95909
8.9169 -8.78349
9.03963 -8.76292
9.40757 -8.92756
9.09672 -8.8145
8.91362 -8.48549
8.98292 -8.47085
9.42695 -8.98859
8.86262 -9.54297
9.30344 -8.51166
8.95783 -8.32748
8.97953 -8.43756
9.40628 -8.18151
9.10087 -8.35413
8.82325 -8.78076
8.86212 -8.73235
9.06657 -8.42153
8.55678 -8.28485
9.07382 -8.66756
9.35453 -8.8002
9.32588 -9.04527
9.35056 -9.42411
8.92296 -8.90835
8.8791 -8.7765
9.15119 -8.43959
9.09805 -9.03416
9.16479 -8.98221
9.18979 -8.66922
9.10459 -8.08233
8.8023 -8.92949
9.11631 -8.87227
9.45126 -8.66346
9.14926 -8.58487
9.39564 -8.74554
9.16033 -9.18223
8.90109 -9.13454
8.99742 -8.82232 8.97699
8.35173 -8.69348 -8.94147
8.38407 -8.79993 -9.4563
8.19077 -9.07282 -9.37639
8.1629 -8.8233 -9.34945
8.11192 -8.78435 -9.32602
8.0022 -8.79369 -8.6806
7.90581 -8.61039 -8.88358
7.89184 -8.66258 -9.25583
8.15511 -8.72903 -8.83141
8.32647 -9.01454 -8.94793
8.47917 -8.45095 -9.10205
8.25761 -8.71904 -8.89223
8.25332 -8.6474 -8.5843
8.41434 -8.95588 -8.30126
8.21849 -8.84235 -9.00768
8.22683 -8.7102 -8.98203
8.70634 -8.98175 -8.99027
8.32932 -9.54997 -8.70439
8.36487 -9.19508 -8.58
7.9194 -9.10951 -9.61645
7.91305 -8.94868 -8.8831
7.97525 -8.95243 -8.92156
7.87099 -8.73362 -9.25797
7.75781 -9.16893 -8.92492
7.72365 -8.81503 -8.8842
7.75935 -9.02613 -9.09241
7.75693 -8.88472 -8.7324
7.90833 -8.73666 -8.74434
7.40885 -9.09211 -8.80514
7.68137 -9.69821 -8.38529
7.67481 -9.11354 -8.60033
7.96481 -9.10975 -8.76201
7.94093 -8.90427 -9.23854
7.82698 -9.1065 -9.07468
7.7983 -8.82773 -8.43134
7.87923 -9.12162 -8.72779
8.11349 -8.89913 -8.88321
7.92446 -8.83853 -8.74609
7.92123 -8.69663 -9.10828
8.00237 -9.16064 -8.61141
7.28481 -8.53906 -8.28461
8.2343 -8.88716 -8.51876
7.97542 -8.43633 -9.07718
8.09673 -8.91991 -8.68139
7.75255 -8.85302 -9.22709
8.06338 -9.12028 -9.26387
7.82842 -8.9119 -8.92405
8.01192 -8.63816 -8.90927
8.0637 -8.89523 -9.11533
8.75376 -8.7848 -9.47146
8.09667 -8.90178 -8.90877
7.95309 -8.6452 -8.66826
8.73158 -9.4651 -9.15133
8.31826 -8.83394 -8.96145
8.80235 -8.72961 -9.45787
8.76842 -9.12342 -9.18067
8.62124 -9.2637 -9.31248
8.65443 -9.33886 -9.06162
9.23957 -9.32293 -9.78669
8.5158 -9.12553 -9.27935
8.86606 -8.77978 -9.21952
8.62673 -9.14573 -9.09174
9.30789 -9.35391 -8.97367
8.95367 -8.58277 -9.4135
8.79861 -8.79387 -8.92938
8.90413 -8.67496 -8.91815
8.90098 -9.4255 -9.29583
8.5584 -9.55566 -9.80268
9.15445 -8.84203 -8.74492
8.27381 -9.32689 -9.22428
9.01284 -8.97154 -8.93937
9.05414 -9.34302 -8.83774
7.99123 -9.13072 -8.70144
9.08867 -9.21729 -8.89952
8.91805 -9.29572 -9.39547
8.21678 -9.10552 -9.51064
8.70362 -8.30464 -9.58763
8.33917 -8.46266 -9.06934
8.26299 -8.52566 -8.9339
8.86275 -8.83634 -8.92787
8.60113 -8.9882 -9.04394
8.19904 -9.24593 -9.22277
8.66905 -8.8734 -9.33198
8.96917 -9.23351 -9.22851
8.7207 -9.42147 -9.13777
8.75132 -9.31539 -8.8993
8.88341 -9.45619 -8.82372
8.30748 -9.23574 -9.14731
8.66877 -9.2683 -8.97795
8.92798 -9.13623 -8.74506
8.51143 -9.30704 -9.15725
8.87669 -9.25497 -8.85717
8.38048 -9.11156 -9.697
8.83034 -9.31191 -9.1124
8.41807 -8.90451 -9.1706
8.37474 -8.51963 -8.95294
9.04848 -9.08222 -9.16824
8.7712 -9.17022 -9.10946
8.45649 -9.40883 -9.04289
8.90824 -9.51869 -8.99438
8.86234 -9.27031 -9.0679
8.92142 -9.27637 -8.98829
8.87019 -9.29747 -8.72482
8.73217 -8.77238 -8.67689
9.0092 -8.38727 -8.93402
8.65989 -9.08235 -9.31148
9.28078 -9.18603 -9.40528
8.76345 -9.2051 -9.2198
8.96389 -9.35418 -9.09393
8.8269 -8.87688 -9.50373
8.74278 -9.13708 -8.93459
8.58307 -8.96868 -9.19859
8.50674 -8.78513 -8.56913
8.81497 -9.34344 -9.22644
9.04719 -9.16272 -8.86731
8.96676 -8.71776 -9.17422
8.65299 -9.3321 -9.0059
9.1224 -8.68707 -8.84181
8.7247 -9.30817 -9.17353
8.54627 -8.96494 -8.36639
8.76911 -9.33253 -9.25413
9.15343 -9.14454 -9.37257
9.0166 -8.89912 -9.06596
8.92569 -8.8802 -9.35761
8.41168 -9.19702 -8.623
8.64467 -9.16505 -9.01707
9.00899 -8.91866 -8.81701
8.67698 -9.05224 -8.95425
8.65321 -9.44585 -9.15513
8.48602 -9.29146 -9.72162
8.90523 -9.31453 -9.23102
8.41664 -8.92587 -9.20114
8.82764 -9.17786 -8.97847
8.85828 -9.25138 -8.78328
8.71138 -9.30383 -9.12892
8.32877 -8.77889 -8.89235
8.43808 -8.91276 -9.08944
8.7321 -8.97131 -9.04291
8.63869 -8.95445 -8.94971
8.65004 -9.0828 -8.98072
9.20774 -9.02921 -9.22416
8.47091 -9.35188 -9.16726
8.80132 -9.23045 -8.88923
8.91957 -8.9516 -8.97381
8.46665 -8.82987 -9.1623
8.74194 -9.28912 -8.95495
8.56209 -9.60136 -8.78753
9.08163 -9.62361 -8.59976
8.79844 -9.23803 -8.96126
8.70882 -8.78456 -8.93691
8.56041 -8.97243 -9.06253
8.63878 -9.16793 -8.98617
8.77484 -8.99837 -9.77482
8.80719 -8.85216 -9.06275
8.84966 -9.35328 -9.37079
8.81821 -9.1747 -8.78024
8.78571 -8.99793 -8.85615
8.92645 -9.40144 -8.86223
8.76171 -9.31122 -8.78984
8.71949 -9.34202 -9.1181
8.90847 -9.64507 -8.84804
8.80208 -9.2637 -9.18849
8.28763 -8.93009 -8.83566
8.78041 -8.89394 -8.96316
8.83249 -9.12619 -8.66553
8.47569 -9.05031 -8.63964
8.73415 -9.22362 -8.9749
8.53374 -9.28736 -9.3561
8.58369 -9.2373 -9.02328
8.76284 -9.24231 -9.26528
7.95443 -9.45887 -9.47803
8.33755 -9.05136 -9.25218
8.51755 -8.91566 -9.04182
7.82172 -8.95567 -9.45631
8.1848 -9.3223 -9.09211
8.10749 -8.86529 -9.55645
8.32238 -9.24577 -9.44724
8.20083 -9.09679 -9.01876
8.04708 -9.05567 -9.15357
8.08667 -9.13447 -9.15898
8.39091 -9.59347 -9.01891
8.15831 -9.34085 -8.87741
8.36967 -9.27465 -9.14773
8.21732 -8.91956 -8.89045
8.156 -9.1577 -8.93987
8.67395 -9.21706 -9.00138
8.24043 -9.41564 -9.18524
8.51592 -9.42018 -8.48943
8.76109 -8.57627 -8.6632
7.92483 -8.94041 -8.58672
8.30178 -8.87794 -8.47883
7.99496 -8.88599 -8.81568
8.18413 -9.00357 -8.4875
8.15603 -8.86054 -8.93762
8.22288 -8.88323 -9.19574
8.19983 -8.79372 -9.29694
8.31503 -8.95687 -9.00762
8.03124 -9.10589 -8.56353
8.26129 -8.81306 -8.82905
8.0013 -8.91867 -8.8235
