0.026581
0.0262682
0.0265932
0.026581
0.0261823
0.0265573
0.026581
0.0262682
0.026581
0.0265883
0.026581
0.026225
0.026581
0.0265883
0.026225
0.026581
0.026581
0.026581
0.026581
0.026581
0.026225
0.0259265
0.026581
0.0265573
0.026581
0.026581
0.0262279
0.026581
0.0265573
0.0258072
0.026225
0.0265883
0.026225
0.026581
0.0258072
0.0261823
0.0261823
0.026225
0.026581
0.0265705
0.0258701
0.026581
0.026225
0.0262682
0.026225
0.0261823
0.0261823
0.026225
0.0261823
0.0258701
0.0261823
0.026225
0.0265803
0.0261374
0.0261823
0.0259265
0.0261823
0.026225
0.026581
0.0265883
0.026225
0.0265883
0.0263088
0.026225
0.026225
0.0262279
0.0259265
0.0262682
0.0258659
0.026581
0.0258701
0.026225
0.0265705
0.0258701
0.026225
0.026581
0.0265705
0.0262682
0.026225
0.0265803
0.0265705
0.026581
0.026225
0.0262279
0.0259225
0.0265803
0.0261823
0.026581
0.026581
0.0262682
0.0265705
0.0265705
0.0265932
0.0259265
0.0265705
0.0261823
0.0258701
0.0265892
0.0265705
0.0258701
0.026581
0.026581
0.026225
0.0259351
0.0262682
0.026225
0.0263088
0.0265883
0.0265883
0.0265883
0.0258659
0.0262682
0.0265883
0.0265705
0.0265705
0.026225
0.0265883
0.0265705
0.0265705
0.026225
0.0262682
0.0265883
0.0262682
0.0258701
0.0261754
0.026581
0.0259265
0.0265573
0.0265705
0.026225
0.026581
0.026225
0.0258072
0.026225
0.026225
0.026581
0.0261823
0.0258701
0.0258701
0.0265883
0.0265932
0.0265883
0.0265883
0.0262682
0.026581
0.0261823
0.026581
0.026581
0.0265705
0.0261823
0.0262279
0.0261823
0.026581
0.026581
0.026581
0.0265705
0.026581
0.026581
0.0261823
0.0262682
0.026225
0.0265883
0.0265883
0.0259807
0.0265803
0.026581
0.026581
0.0261823
0.026225
0.0258072
0.0259265
0.0265803
0.0265883
0.026225
0.026225
0.0258072
0.026225
0.0258701
0.026225
0.026225
0.026581
0.0265705
0.026225
0.026581
0.0265932
0.0258701
0.0265871
0.0259265
0.026581
0.0265932
0.0265883
0.0262682
0.026581
0.0261823
0.0259265
0.0259265
0.0265705
0.0258659
0.0265883
0.0262279
0.0258701
0.0265803
0.0261823
0.0262682
0.026225
0.0265803
0.0265883
0.026225
0.0265883
0.0261823
0.0261823
0.026581
0.0265803
0.026225
0.0261823
0.0262682
0.026225
0.0265705
0.0265932
0.0262682
0.0262682
0.026225
0.0258701
0.026225
0.026225
0.0265705
0.0265803
0.0258593
0.0265932
0.026225
0.0262682
0.0262682
0.026225
0.026225
0.0263088
0.0261823
0.0259807
0.026225
0.0261823
0.026225
0.0258701
0.026225
0.0265803
0.0261823
0.0265573
0.0265883
0.0262682
0.026581
0.0261823
0.0265932
0.0261823
0.0262682
0.0262279
0.0265705
0.0261823
0.0265883
0.0261823
0.026581
0.026225
0.0265932
0.0261823
0.0265883
0.0265705
0.026225
0.0265883
0.026225
0.026225
0.026225
0.0265705
0.0261823
0.026225
0.026581
0.0265705
0.026581
0.0261823
0.026581
0.026581
0.0265705
0.026581
0.026581
0.026581
0.026581
0.0262279
0.0258701
0.0265883
0.0258701
0.0265883
0.0265883
0.0261854
0.026581
0.026581
0.0261374
0.026581
0.0261854
0.0265803
0.0265883
0.026581
0.0261823
0.0258072
0.026581
0.0265883
0.026225
0.0265883
0.0261823
0.026225
0.026225
0.0261823
0.0258701
0.0258072
0.0261823
0.0265883
0.0259265
0.026225
0.0265883
0.0261823
0.0259265
0.0261823
0.0258701
0.026581
0.0258659
0.026225
0.0259265
0.0265883
0.0261823
0.0265803
0.0261823
0.0259265
0.026225
0.026581
0.0259265
0.026581
0.026581
0.0261823
0.026225
0.026581
0.026581
0.0261823
0.0265573
0.0262682
0.0265705
0.026225
0.0261823
0.026225
0.0265883
0.0258701
0.026581
0.0265892
0.0261823
0.026225
0.0265705
0.0258701
0.0265883
0.026581
0.0262279
0.0265705
0.0258659
0.0265803
0.026581
0.0265705
0.026581
0.0262682
0.026225
0.026581
0.026581
0.0265803
0.0265883
0.0261823
0.0258701
0.026225
0.0262682
0.0265883
0.0261823
0.0259265
0.0265705
0.0265883
0.0257418
0.0265883
0.0262279
0.0259265
0.0265803
0.026225
0.0263088
0.0261823
0.0262682
0.026225
0.0261823
0.026581
0.026581
0.026225
0.0265705
0.0261823
0.0261823
0.026225
0.0265803
0.0258701
0.026225
0.0265883
0.0261823
0.0265705
0.0261823
0.0265883
0.026581
0.0261823
0.0265883
0.026225
0.0265803
0.0265883
0.026225
0.0265705
0.026225
0.026225
0.0265883
0.0262279
0.0258701
0.026581
0.0261823
0.0262682
0.026225
0.0258701
0.0261854
0.0265803
0.026225
0.0259265
0.0258701
0.0261823
0.026225
0.026581
0.026581
0.0265705
0.026225
0.0262279
0.0261823
0.0265705
0.0265883
0.026225
0.0262279
0.0265883
0.0262682
0.0262279
0.026581
0.0261823
0.0261823
0.026581
0.0261823
0.026225
0.0258701
0.026225
0.026581
0.026225
0.0265705
0.0265573
0.0265705
0.026225
0.026225
0.0261823
0.0261823
0.026581
0.026225
0.0265883
0.026225
0.026581
0.0262279
0.0262682
0.0261823
0.0265883
0.0261823
0.0265705
0.026225
0.0261823
0.0258701
0.026581
0.026225
0.026581
0.0262682
0.0261823
0.026581
0.026581
0.0259807
0.0265883
0.0265705
0.026581
0.026581
0.026225
0.0259265
0.026581
0.0265573
0.0265705
0.0265803
0.0262682
0.026581
0.0265705
0.026225
0.0258701
0.0265883
0.0261823
0.026225
0.0265705
0.0262682
0.026225
0.026581
0.0261268
0.026225
0.0265705
0.0261823
0.0265883
0.0265705
0.026225
0.026225
0.0262682
0.026581
0.0261823
0.026225
0.0262682
0.026581
0.0265705
0.0262682
0.0262682
0.0261823
0.0262682
0.0265883
0.0262682
0.026581
0.0258701
0.0265883
0.026581
0.026225
0.0265803
0.0265932
0.026581
0.026581
0.0258072
0.026581
0.0265883
0.0265705
0.0265883
0.026225
0.0258701
0.0265883
0.0262682
0.026225
0.0262161
0.0259807
0.026225
0.026225
0.0258072
0.0265883
0.0265883
0.026581
0.026225
0.0261823
0.026225
0.0265932
0.0261823
0.0265705
0.0261823
0.0258072
0.0265705
0.026581
0.026581
0.0263088
0.0262279
0.0259265
0.026225
0.026225
0.0265573
0.0262682
0.0262682
0.0261754
0.0262682
0.0258072
0.026225
0.0262682
0.0265883
0.0262682
0.0258701
0.0258072
0.0261823
0.026581
0.026225
0.0263088
0.0258701
0.026225
0.0262682
0.0265803
0.0265883
0.0265803
0.026581
0.026581
0.0262682
0.0258701
0.0265883
0.0258072
0.0265932
0.026225
0.026581
0.0265705
0.026225
0.026581
0.0265883
0.0261823
0.0261823
0.0265705
0.0258659
0.0265883
0.0262279
0.026225
0.026581
0.026581
0.026581
0.026581
0.0261374
0.026581
0.0258659
0.026581
0.026225
0.0265883
0.026225
0.0262279
0.0265932
0.0265705
0.026581
0.0258072
0.0265803
0.0259351
0.026581
0.0261823
0.0262682
0.026581
0.026225
0.0265883
0.0265705
0.0262682
0.0262682
0.026581
0.026225
0.0265883
0.026581
0.0262279
0.026225
0.026225
0.026581
0.026225
0.0259265
0.026225
0.0258701
0.0265883
0.0262279
0.026581
0.026225
0.0262682
0.026581
0.0265705
0.0262279
0.026581
0.0265883
0.026581
0.026225
0.026581
0.0261374
0.0265803
0.026225
0.026581
0.0265883
0.0258072
0.0262682
0.026225
0.0261823
0.0262682
0.026581
0.0258072
0.026225
0.0265883
0.0262279
0.0261823
0.0262682
0.026225
0.0261823
0.0261823
0.026225
0.026581
0.026225
0.026225
0.0265705
0.026225
0.0261823
0.0261823
0.026581
0.0265705
0.0262279
0.0262682
0.0258701
0.0265883
0.0265803
0.0265883
0.0265803
0.026581
0.0259265
0.0265883
0.026225
0.0265895
0.026225
0.0258701
0.0265883
0.0265883
0.0265883
0.0265573
0.0265705
0.026225
0.026581
0.0261823
0.0262279
0.026225
0.026581
0.0258659
0.026225
0.026225
0.026581
0.026225
0.026581
0.0262279
0.0258659
0.0265883
0.0258072
0.026225
0.026581
0.0265883
0.0261823
0.0265932
0.026225
0.0262279
0.026581
0.0261823
0.026271
0.0265705
0.026225
0.026225
0.026225
0.026225
0.026225
0.0257418
0.026225
0.0262682
0.0265883
0.0262279
0.026225
0.0262279
0.026581
0.026225
0.0261823
0.0265883
0.0265705
0.026581
0.026225
0.0265883
0.026225
0.0263088
0.0262682
0.026225
0.0265883
0.026225
0.0265883
0.0265883
0.0258823
0.0265705
0.0265803
0.0261823
0.0265883
0.0265705
0.0265878
0.026581
0.0265883
0.026225
0.0261823
0.026581
0.0259265
0.0265705
0.0265932
0.0265705
0.0265883
0.0265883
0.026581
0.0262682
0.0263088
0.026581
0.0261823
0.0261823
0.026581
0.026581
0.026581
0.0265803
0.0265883
0.026581
0.026581
0.026225
0.0265883
0.026225
0.0258701
0.026581
0.0261823
0.0261823
0.0262682
0.0261823
0.0258072
0.0265883
0.0265705
0.0262682
0.0261823
0.0257418
0.0265705
0.0259265
0.0265705
0.026225
0.026581
0.0262682
0.0261374
0.0262682
0.0261823
0.0263088
0.0265803
0.0265803
0.0258701
0.026581
0.0265883
0.0259265
0.0262682
0.0265705
0.026581
0.0258072
0.026225
0.0265883
0.026225
0.0265932
0.026225
0.026581
0.0258701
0.0265883
0.0261823
0.0265878
0.0259265
0.026271
0.026581
0.0265883
0.0261823
0.0258701
0.0262279
0.0265932
0.0262682
0.0261374
0.0265705
0.0265705
0.026581
0.0263088
0.0261823
0.026581
0.026225
0.026225
0.0261823
0.0265883
0.026581
0.0261823
0.026225
0.0262279
0.0259265
0.026225
0.0265705
0.0262682
0.026581
0.0265883
0.0262682
0.0265883
0.0262327
0.0261823
0.0265573
0.0265705
0.0263088
0.0265883
0.0265705
0.0259265
0.0262682
0.026581
0.026225
0.0265883
0.026581
0.0262592
0.026581
0.0257418
0.026225
0.026225
0.026581
0.0262682
0.0265803
0.0261823
0.026225
0.026581
0.0258701
0.026225
0.026581
0.0261823
0.0261823
0.0265883
0.026581
0.0261823
0.0258701
0.0258072
0.0265705
0.0262279
0.0258701
0.0261823
0.0262279
0.0265803
0.026225
0.026581
0.026225
0.0265705
0.026225
0.0258701
0.0262279
0.026581
0.0265883
0.026225
0.0258701
0.026581
0.0258072
0.026581
0.026581
0.0265573
0.0265705
0.0261823
0.026581
0.026581
0.0265705
0.0261823
0.0262682
0.0265803
0.0265705
0.0258072
0.0265883
0.0261823
0.026225
0.0261823
0.026581
0.0257418
0.0262682
0.026581
0.026225
0.0261823
0.0265883
0.026581
0.0265883
0.0262279
0.0265883
0.026225
0.026225
0.026581
0.026225
0.0262682
0.0261823
0.0258701
0.0259807
0.026225
0.0262682
0.0261823
0.0257418
0.0258659
0.0265883
0.0265883
0.0262682
0.0265883
0.0261823
0.0265705
0.026581
0.0265883
0.0265883
0.0258659
0.0265883
0.0262161
0.0259265
0.0261374
0.026581
0.0262279
0.0258072
0.026225
0.0258701
0.0265932
0.026581
0.0265705
0.026225
0.0261854
0.0261823
0.0265883
0.026581
0.026225
0.0261823
0.026581
0.0265932
0.026581
0.0265883
0.0265883
0.026581
0.0262279
0.0258701
0.0265892
0.0259265
0.0262279
0.026581
0.0259807
0.0258701
0.0265883
0.0265878
0.0261823
0.0262682
0.0262682
0.0265878
0.0262279
0.0261823
0.0265883
0.026225
0.026581
0.0265803
0.0258701
0.0262682
0.0265573
0.0258701
0.0265705
0.0261823
0.0261823
0.026581
0.0258701
0.026581
0.0262279
0.0265705
0.0258701
0.0261374
0.0258701
0.0262682
0.0262682
0.0265883
0.0265883
0.0262682
0.0265883
0.0265883
0.026581
0.0262682
0.0265883
0.026225
0.0262682
0.0263088
0.026581
0.0258072
0.0259265
0.0265705
0.0265878
0.0265705
0.0261374
0.026581
0.0265705
0.0258701
0.026581
0.0265883
0.0262279
0.026581
0.0265705
0.026225
0.0263088
0.0258701
0.0265803
0.0265705
0.0265705
0.026225
0.0265705
0.0261374
0.026225
0.0261823
0.026225
0.026225
0.0265705
0.0261823
0.0265705
0.0258701
0.0265892
0.0265705
0.0258701
0.0258701
0.026581
0.026581
0.0265883
0.026225
0.0261823
0.0265705
0.0265705
0.0265705
0.0265883
0.0265705
0.0265705
0.0258701
0.0265883
0.0258701
0.0262279
0.026581
0.0265803
0.026225
0.0265705
0.0258659
0.0263088
0.0262682
0.0262682
0.026581
0.026225
0.0261823
0.0261823
0.026581
0.026581
0.026225
0.026225
0.0265705
0.0259265
0.0265803
0.026581
0.0265883
0.0265883
0.026581
0.026581
0.026225
0.0262682
0.026225
0.0258701
0.0258072
0.026225
0.0258701
0.0262279
0.026581
0.0263088
0.026581
0.0265883
0.026581
0.0265705
0.026581
0.026225
0.0265573
0.0258701
0.026225
0.0262279
0.0261374
0.026581
0.0265705
0.0265883
0.026581
0.0265883
0.026581
0.026581
0.0265705
0.0265803
0.026225
0.0265705
0.026581
0.0261823
0.0262682
0.0258072
0.026581
0.026581
0.0265729
0.0265883
0.0261823
0.026225
0.0262279
0.0258701
0.026581
0.026225
0.0258072
0.026581
0.026225
0.026225
0.026225
0.0265883
0.026225
0.026581
0.026225
0.026225
0.0265803
0.0261823
0.0262279
0.026225
0.0265705
0.0262682
0.0265705
0.0265883
0.026581
0.026581
0.0258701
0.026225
0.0261823
0.0265932
0.0258072
0.026225
0.0263088
0.026581
0.0265883
0.0265705
0.026581
0.026225
0.026225
0.0265883
0.026581
0.026581
0.0265883
0.0265705
0.0262279
0.026581
0.0262682
0.0261854
0.026225
0.0265883
0.0261823
0.0265803
0.026225
0.0265803
0.0258072
0.026225
0.026581
0.026581
0.026581
0.0261823
0.026581
0.0265932
0.0261823
0.026581
0.026581
0.0265705
0.0259265
0.026225
0.0261823
0.0265705
0.0262682
0.026225
0.026225
0.0261374
0.026225
0.0265932
0.0265883
0.0259265
0.026225
0.0262279
0.026581
0.0262682
0.0259807
0.0262682
0.026581
0.026581
0.026581
0.0258701
0.026225
0.026581
0.0265697
0.026225
0.026225
0.026581
0.0261823
0.026581
0.0262682
0.0265883
0.026225
0.0259265
0.0265705
0.0262682
0.026581
0.0265705
0.026225
0.0265883
0.0258701
0.0263088
0.026225
0.0262682
0.0258659
0.0258701
0.0265883
0.0261823
0.0265803
0.0258701
0.0261823
0.026225
0.0265883
0.026225
0.0259265
0.0258701
0.0258701
0.026581
0.0265883
0.0265883
0.0258701
0.0259807
0.026581
0.0259265
0.0261823
0.0262682
0.0261823
0.026225
0.0258072
0.0261823
0.0265705
0.026581
0.0265705
0.0265883
0.026225
0.0265573
0.026581
0.0258659
0.026225
0.0258072
0.0265803
0.026581
0.026225
0.0265705
0.026225
0.026581
0.026225
0.0259265
0.0265883
0.0259265
0.026581
0.026581
0.026581
0.0258701
0.0258072
0.026581
0.0262161
0.026225
0.0261823
0.0265883
0.0265705
0.0258701
0.026225
0.026581
0.0261854
0.0263088
0.0261823
0.0265932
0.026225
0.0262279
0.0265705
0.0258072
0.0265883
0.0265883
0.0262279
0.026225
0.0265803
0.026225
0.026225
0.0258701
0.0265883
0.026225
0.0265705
0.026225
0.0262279
0.026225
0.0265883
0.0265705
0.0258701
0.0265705
0.0265883
0.026581
0.026225
0.026225
0.0265932
0.0265803
0.026581
0.026581
0.026581
0.026581
0.0265883
0.0258659
0.0265883
0.0259265
0.0258701
0.026225
0.0265883
0.0258701
0.0258072
0.0258701
0.026581
0.026581
0.0265803
0.026225
0.0262682
0.0262682
0.026225
0.026225
0.0261823
0.026225
0.026225
0.026225
0.0265883
0.026225
0.0265883
0.0258701
0.0262682
0.0261854
0.0261823
0.026225
0.0258701
0.026271
0.026225
0.026581
0.0265883
0.0265883
0.0262279
0.0265883
0.026581
0.026225
0.026581
0.0261823
0.0265883
0.0262279
0.0258659
0.026225
0.0259265
0.0261823
0.026225
0.0261823
0.026225
0.026581
0.0259265
0.0265883
0.0265573
0.0265883
0.0265803
0.0265932
0.026581
0.026225
0.0261823
0.0262682
0.026581
0.026225
0.026225
0.026225
0.0261823
0.0259265
0.026581
0.0259265
0.0262682
0.0262682
0.026225
0.026225
0.0265883
0.0261823
0.0265883
0.0265705
0.0258029
0.0265705
0.026225
0.0265705
0.0265883
0.026581
0.0265883
0.0262682
0.026581
0.026581
0.0259265
0.0258701
0.0265883
0.0261823
0.026581
0.0261823
0.026581
0.0261374
0.0262682
0.026225
0.0261823
0.0265883
0.0258072
0.0265883
0.026581
0.026581
0.0265705
0.0265705
0.0258701
0.026225
0.026225
0.0261823
0.026225
0.0259265
0.026581
0.026581
0.0265705
0.026225
0.026581
0.0265705
0.0259351
0.026581
0.026581
0.0265573
0.026225
0.0259265
0.0265705
0.0265883
0.0265883
0.026581
0.026581
0.026225
0.0263088
0.0265803
0.026581
0.0265803
0.0265705
0.0265705
0.0262682
0.0265573
0.0258701
0.0265883
0.026581
0.0265883
0.026225
0.0262682
0.026581
0.026225
0.026581
0.0265883
0.026581
0.026581
0.0265883
0.026225
0.026581
0.0265705
0.026225
0.0265932
0.026581
0.0261823
0.0259265
0.0258072
0.0261823
0.026581
0.0261854
0.0262682
0.0261823
0.026581
0.0261823
0.0263088
0.0261823
0.0265803
0.0265883
0.0258072
0.0258701
0.026225
0.026581
0.026225
0.026225
0.0262279
0.026225
0.026225
0.0261823
0.026225
0.0258701
0.026581
0.0259265
0.0265871
0.0258701
0.0258072
0.0261823
0.0265705
0.0265883
0.026225
0.0258701
0.026581
0.0265883
0.026581
0.026581
0.026225
0.0265697
0.026581
0.026225
0.026225
0.0259265
0.026225
0.026225
0.0265705
0.026225
0.026581
0.0265705
0.026581
0.026225
0.026225
0.026225
0.026225
0.026225
0.0265803
0.0262682
0.0265883
0.0265705
0.0261823
0.026225
0.0262682
0.026581
0.0265883
0.026581
0.0265705
0.0258072
0.0265803
0.0259265
0.0265705
0.0262279
0.0265705
0.026225
0.026581
0.026225
0.0259265
0.0265803
0.0261823
0.0265883
0.0265883
0.026225
0.026225
0.026581
0.026225
0.0262279
0.0261823
0.026225
0.0258701
0.0265883
0.0258701
0.026225
0.0265705
0.0262279
0.0265803
0.0262279
0.026581
0.0262682
0.0263088
0.026225
0.0261374
0.026581
0.0265883
0.0259265
0.0261823
0.0258072
0.026225
0.0261823
0.0265883
0.026581
0.0259265
0.026225
0.0261823
0.0261823
0.026581
0.0259265
0.0265705
0.0262682
0.026225
0.026581
0.026225
0.026581
0.0261374
0.0265705
0.0262682
0.0265932
0.026581
0.0261823
0.026581
0.026225
0.026225
0.0261374
0.026581
0.0259265
0.026225
0.0259265
0.026225
0.026581
0.026581
0.0265705
0.0265883
0.026225
0.0265883
0.026225
0.026581
0.026581
0.0265705
0.0261823
0.0265705
0.0262682
0.0261823
0.026581
0.026225
0.0265883
0.0265697
0.0261823
0.0265705
0.0265705
0.0265573
0.0262682
0.026225
0.0259265
0.0265705
0.0262682
0.026581
0.0262682
0.0259265
0.026581
0.0262279
0.026581
0.0262682
0.0265883
0.0261823
0.0261823
0.0265705
0.0258072
0.026581
0.0262279
0.0265883
0.0262682
0.0261823
0.026225
0.0265705
0.0262279
0.0261823
0.0262682
0.0265883
0.0259928
0.0261823
0.026581
0.026581
0.026225
0.026225
0.0265883
0.026581
0.0265883
0.0262279
0.026581
0.0261823
0.026581
0.0265803
0.0258701
0.026225
0.026225
0.0265803
0.0265697
0.0261823
0.0258701
0.0258701
0.0265883
0.0265705
0.0262682
0.0262279
0.0258701
0.026581
0.0262279
0.0261823
0.026581
0.0258072
0.026581
0.0259265
0.026581
0.026225
0.0265573
0.026581
0.026225
0.026225
0.0261823
0.0258659
0.0259265
0.0265697
0.026581
0.026581
0.0258072
0.0265883
0.026225
0.026581
0.026225
0.0265803
0.0258701
0.0261823
0.026581
0.0259265
0.0265932
0.0262682
0.0258701
0.0265883
0.0261823
0.0265573
0.0265803
0.026581
0.026581
0.026581
0.0261823
0.0265705
0.0265705
0.0258701
0.026581
0.0262682
0.026225
0.026225
0.026225
0.026225
0.026225
0.0262682
0.026581
0.0262682
0.0261823
0.0265573
0.0265803
0.026581
0.0261823
0.026581
0.0261374
0.026225
0.0265705
0.026225
0.0261823
0.026581
0.026225
0.0261823
0.0262682
0.0258701
0.0262682
0.026581
0.026581
0.0265797
0.0258072
0.026581
0.0258701
0.026225
0.0265705
0.0262682
0.0261823
0.026581
0.0261823
0.0265883
0.0265705
0.0265883
0.0265828
0.026581
0.026581
0.0261823
0.026581
0.0265705
0.026581
0.026225
0.0265932
0.0265803
0.0265883
0.026581
0.0265803
0.0257418
0.0263088
0.026581
0.0265705
0.0262279
0.0258072
0.026581
0.026225
0.026581
0.0259265
0.026581
0.0261374
0.0265883
0.0261823
0.0261823
0.026581
0.0259265
0.0258701
0.0265705
0.026581
0.0265883
0.0258701
0.0262682
0.0259265
0.0265883
0.0262682
0.0265803
0.0261823
0.026581
0.0259265
0.0265883
0.0265705
0.0262682
0.026581
0.0265705
0.026581
0.026225
0.0262682
0.0265705
0.026581
0.0265705
0.026225
0.0265883
0.0265705
0.0265803
0.0265705
0.0259265
0.026225
0.026581
0.0265883
0.026225
0.025879
0.0265883
0.0261754
0.0265705
0.026581
0.0265705
0.026225
0.0265705
0.0262279
0.0265883
0.026225
0.0265878
0.026581
0.0258072
0.0265932
0.0261823
0.0259265
0.0265883
0.0265883
0.0262682
0.0265883
0.0261823
0.026581
0.026581
0.026225
0.0262682
0.0265883
0.0262682
0.0259265
0.026225
0.0265705
0.026225
0.0265883
0.026225
0.026581
0.026225
0.026225
0.0261823
0.026581
0.026581
0.0258701
0.026225
0.0265932
0.0265705
0.0258701
0.0262682
0.0262682
0.026225
0.0265883
0.026581
0.0265883
0.0261823
0.026581
0.0261823
0.0265705
0.026225
0.026225
0.026225
0.0262682
0.026225
0.0261823
0.026581
0.026581
0.026225
0.026581
0.0262682
0.0258701
0.0265705
0.0265803
0.026581
0.0265705
0.0261854
0.026581
0.026225
0.0265705
0.0265705
0.026581
0.026581
0.026581
0.026225
0.0265705
0.0261823
0.0261823
0.0258072
0.026581
0.026581
0.0258072
0.026581
0.0261823
0.0261823
0.0265705
0.0265803
0.0262682
0.0265705
0.0259265
0.0259265
0.0258701
0.0265883
0.0262682
0.026225
0.026225
0.0261823
0.0265883
0.026581
0.0261823
0.026581
0.0265705
0.0262682
0.0261823
0.0265932
