8000 5
0.000256601 
NAN 
0.00040682 
9.00459e-06 
6.13463e-05 
0 
6.67972e-05 
0.000255531 
0.000137111 
3.22509e-07 
1.44379e-05 
0.000646567 
0.00108927 
0.00106261 
0.000430334 
5.04036e-05 
1.52498e-05 
0.000248012 
1.82342e-05 
5.5425e-05 
1.88847e-05 
0 
2.86475e-06 
9.07682e-05 
7.40224e-06 
3.24032e-05 
1.77242e-06 
1.84499e-05 
9.53294e-06 
4.17281e-05 
4.87191e-05 
3.10077e-05 
2.4063e-05 
2.726e-05 
3.38641e-05 
5.63179e-05 
2.26686e-05 
1.0635e-05 
1.3871e-06 
2.58904e-05 
0.00027742 
0.000158669 
0.000185686 
0.000324447 
0.000195294 
0.000186995 
0.000239753 
0.000128192 
0.000206041 
0.000380045 
0.000103794 
0.00027218 
0.000172191 
0.000250806 
9.05512e-05 
7.42065e-05 
0.000125006 
0.000248449 
0.000244836 
0.000274519 
0.000642807 
0.00090328 
0.000825601 
0.000932506 
0.00102163 
0.00218767 
0.00214271 
0.00234758 
0.00185756 
0.00125702 
0.00109219 
0.00140529 
0.00172107 
0.00180383 
0.00198474 
0.00306434 
0.00410492 
0.00504808 
0.00533832 
0.00623684 
0.00912919 
0.0100871 
0.0108745 
0.0108724 
0.00812858 
0.0092171 
0.00844954 
0.00951426 
0.0131922 
0.0137637 
0.0175895 
0.0180331 
0.0132088 
0.0102949 
0.0119452 
0.0120671 
0.0121407 
0.0111557 
0.0100144 
0.0107216 
0.0093676 
0.0142091 
0.01014 
0.00888549 
0.0089968 
0.00966377 
0.0143217 
0.0163852 
0.0193527 
0.0170987 
0.0156057 
0.0174592 
0.0233476 
0.0277646 
0.0294968 
0.0391966 
0.0355108 
0.0362429 
0.0252517 
0.0357607 
0.0295034 
0.0321529 
0.0288186 
0.0312375 
0.0286991 
0.0304614 
0.0248596 
0.0279103 
0.0301458 
0.0296643 
0.0245869 
0.0251953 
0.024544 
0.0265605 
0.0229275 
0.018935 
0.0202983 
0.0179696 
0.0190138 
0.0183563 
0.0155808 
0.0199268 
0.0194069 
0.0196101 
0.0190447 
0.0195506 
0.0230934 
0.027384 
0.0228437 
0.0252636 
0.0285221 
0.0213387 
0.0329818 
0.0327912 
0.0362128 
0.0361609 
0.0360711 
0.0375634 
0.0464164 
0.0406772 
0.0504229 
0.0471209 
0.0368749 
0.0325097 
0.0358211 
0.045706 
0.0448559 
0.0364182 
0.0398052 
0.0446558 
0.0421977 
0.0394371 
0.0383981 
0.0361903 
0.0337647 
0.0407566 
0.0312573 
0.0299381 
0.0291084 
0.0307593 
0.0338868 
0.0359815 
0.0308821 
0.0366852 
0.0347539 
0.0294389 
0.0286117 
0.029326 
0.0286946 
0.0340599 
0.0341459 
0.0340778 
0.028152 
0.0311634 
0.0307102 
0.026375 
0.0293813 
0.0293555 
0.0264185 
0.0309513 
0.0325807 
0.0342535 
0.0379686 
0.0405812 
0.0391302 
0.0357497 
0.0345433 
0.0387386 
0.0333524 
0.036873 
0.0383717 
0.0348591 
0.0310338 
0.0336044 
0.0330269 
0.0327128 
0.0361416 
0.0457704 
0.0422613 
0.0388037 
0.0439309 
0.045613 
0.0417125 
0.041089 
0.03991 
0.0419903 
0.0409676 
0.0373099 
0.0359394 
0.0323854 
0.0377225 
0.036788 
0.0436791 
0.047251 
0.0408828 
0.0406591 
0.036956 
0.0327208 
0.0358631 
0.0390292 
0.043309 
0.0414538 
0.0411637 
0.0380147 
0.0388911 
0.0378052 
0.0402232 
0.0347133 
0.0401184 
0.0437915 
0.0447425 
0.0485465 
0.043129 
0.0434193 
0.0444306 
0.0451554 
0.0475948 
0.0456497 
0.0479513 
0.042808 
0.0452911 
0.0485486 
0.0466347 
0.0532309 
0.0473981 
0.0419436 
0.0497924 
0.0477843 
0.0493374 
0.0475995 
0.0512024 
0.0502792 
0.0508178 
0.0519365 
0.0487731 
0.0438139 
0.0379408 
0.0434486 
0.0444733 
0.0482092 
0.0459764 
0.044854 
0.0449486 
0.048157 
0.0623554 
0.0642361 
0.0548762 
0.0523142 
0.0519272 
0.0500771 
0.0452428 
0.0456135 
0.0480524 
0.0497464 
0.0465097 
0.0445085 
0.0407899 
0.0435821 
0.0428579 
0.0439948 
0.041254 
0.0440597 
0.0476212 
0.0501532 
0.0479933 
0.0482311 
0.0574472 
0.0469267 
0.0504141 
0.0531811 
0.057189 
0.0576034 
0.0552577 
0.0534211 
0.0569054 
0.0583652 
0.0575022 
0.0563218 
0.0487687 
0.0581384 
0.0631487 
0.05723 
0.0580999 
0.0619612 
0.0621379 
0.0626692 
0.0642114 
0.0573815 
0.0537559 
0.0529894 
0.0619137 
0.0582908 
0.0525179 
0.0478412 
0.0492417 
0.0521743 
0.051848 
0.0505325 
0.0452527 
0.0540247 
0.0474069 
0.0446153 
0.0471015 
0.049848 
0.0511833 
0.0496187 
0.0449539 
0.0498461 
0.051437 
0.0462445 
0.0529343 
0.0483049 
0.0402921 
0.0381481 
0.0427613 
0.0455686 
0.0412232 
0.048375 
0.0480205 
0.0457683 
0.0435483 
0.0466363 
0.0475107 
0.0481954 
0.0492554 
0.0445572 
0.0477931 
0.0512959 
0.0481326 
0.0482314 
0.0407846 
0.0463829 
0.0488353 
0.0510135 
0.051624 
0.0451915 
0.0413794 
0.0430086 
0.041768 
0.0444536 
0.0458421 
0.0476865 
0.0535459 
0.04862 
0.0513566 
0.0490341 
0.0512497 
0.0539197 
0.0572516 
0.058332 
0.0540266 
0.0498682 
0.0455992 
0.039883 
0.0391288 
0.0423272 
0.0462923 
0.0469439 
0.0496736 
0.0405509 
0.0456983 
0.0498761 
0.0493575 
0.0505694 
0.0588085 
0.0646398 
0.0642209 
0.0553516 
0.0724028 
0.0613044 
0.0592074 
0.0508643 
0.0570545 
0.0578735 
0.0509644 
0.0482125 
0.0526228 
0.0489879 
0.0476423 
0.0428698 
0.0406699 
0.0506784 
0.0425495 
0.0449626 
0.0455937 
0.044295 
0.0426415 
0.0480347 
0.0528709 
0.0497992 
0.0519913 
0.0520854 
0.047867 
0.0529748 
0.0493706 
0.0523883 
0.0527758 
0.0568485 
0.0558336 
0.0535519 
0.0461599 
0.0543392 
0.0524724 
0.0489729 
0.0471952 
0.0485779 
0.0485286 
0.0455224 
0.0468078 
0.0475224 
0.0451423 
0.0470585 
0.0458297 
0.0455003 
0.0425004 
0.0497781 
0.0476769 
0.0470044 
0.0458495 
0.0516179 
0.050894 
0.0518121 
0.0497857 
0.047283 
0.051005 
0.0456913 
0.0455436 
0.0501818 
0.0465071 
0.0489664 
0.0510866 
0.054914 
0.0478854 
0.0480603 
0.0452109 
0.0490205 
0.0455842 
0.0445809 
0.0528379 
0.0507561 
0.0618067 
0.05566 
0.0492682 
0.0467004 
0.0473775 
0.0433523 
0.0480097 
0.0462228 
0.0482285 
0.0444191 
0.0415019 
0.0488612 
0.0483437 
0.0512485 
0.048405 
0.0508501 
0.047143 
0.050371 
0.0506512 
0.0543664 
0.0525702 
0.0518493 
0.0560995 
0.0499595 
0.05185 
0.0534344 
0.0495131 
0.0504369 
0.0497225 
0.0556768 
0.0526813 
0.0563675 
0.0626007 
0.0530551 
0.058475 
0.0601239 
0.058218 
0.0499837 
0.0529247 
0.04745 
0.0453894 
0.0416193 
0.0406797 
0.0440122 
0.0453405 
0.0440877 
0.0439687 
0.0422453 
0.0518113 
0.0517695 
0.0535519 
0.0563641 
0.0580514 
0.0580229 
0.0515189 
0.0500921 
0.0508613 
0.0518655 
0.0477957 
0.0494391 
0.0500717 
0.0606256 
0.0556707 
0.0614232 
0.0539282 
0.0527419 
0.059447 
0.063956 
0.0609982 
0.0630873 
0.0664066 
0.0681097 
0.0570323 
0.0654385 
0.06404 
0.0594672 
0.06223 
0.0609685 
0.0623496 
0.0558515 
0.058899 
0.0653835 
0.0485007 
0.0522692 
0.0550482 
0.0617692 
0.0547558 
0.0578398 
0.0536224 
0.0564731 
0.0484267 
0.0515954 
0.0480984 
0.0505199 
0.0582912 
0.0546018 
0.0558354 
0.0548063 
0.0579674 
0.0531751 
0.0497685 
0.0513805 
0.054199 
0.0555538 
0.0601597 
0.0649347 
0.0612157 
0.0499467 
0.0552498 
0.0570756 
0.0619945 
0.0634951 
0.0664072 
0.0608365 
0.060171 
0.0615297 
0.0620974 
0.0626924 
0.0619217 
0.0562274 
0.0575323 
0.0592222 
0.0626788 
0.0720199 
0.0705093 
0.0778521 
0.0801058 
0.0789888 
0.0696161 
0.0591423 
0.0616661 
0.0660881 
0.0721463 
0.0719638 
0.07262 
0.0599105 
0.0709773 
0.0671111 
0.0724111 
0.066985 
0.0686538 
0.064305 
0.0701038 
0.069544 
0.060473 
0.0692014 
0.0727568 
0.0682815 
0.0692083 
0.0641525 
0.0622029 
0.0649795 
0.066169 
0.0691639 
0.066512 
0.0642305 
0.0606377 
0.0582228 
0.0609867 
0.0653044 
0.0619019 
0.0651843 
0.0627641 
0.0596351 
0.0671467 
0.0672668 
0.0621315 
0.0667016 
0.0597249 
0.057207 
0.0625778 
0.0604782 
0.0625491 
0.0616438 
0.0619336 
0.0620462 
0.0725289 
0.0680182 
0.0619623 
0.0662031 
0.0724684 
0.0808676 
0.0701714 
0.0754406 
0.0780021 
0.0743403 
0.0757714 
0.0640971 
0.0643741 
0.0614912 
0.0581628 
0.0585025 
0.0598678 
0.059486 
0.0576055 
0.0556242 
0.0587356 
0.0587682 
0.0673975 
0.0683878 
0.0670949 
0.0691595 
0.0726495 
0.0760133 
0.0728419 
0.0693173 
0.0770343 
0.0777439 
0.0766984 
0.0843567 
0.0827938 
0.0739681 
0.0745657 
0.0681394 
0.0699164 
0.077411 
0.075806 
0.0852412 
0.0739071 
0.073936 
0.064945 
0.0599231 
0.060808 
0.0657042 
0.0664331 
0.0697151 
0.0649032 
0.0658054 
0.0681202 
0.0718808 
0.0655242 
0.0636346 
0.0724841 
0.0684291 
0.063334 
0.0614517 
0.0768135 
0.071405 
0.0673036 
0.075113 
0.0635374 
0.0624504 
0.0687357 
0.0754793 
0.061179 
0.0645658 
0.0708042 
0.0641929 
0.0569362 
0.0663727 
0.0638513 
0.0633691 
0.0699755 
0.0649558 
0.0692162 
0.0649716 
0.064264 
0.0664339 
0.067819 
0.0597448 
0.058591 
0.0638714 
0.0594426 
0.0607617 
0.058645 
0.0650523 
0.07172 
0.0658088 
0.0591428 
0.0643516 
0.0591493 
0.0528968 
0.0545037 
0.0628573 
0.0686187 
0.0644892 
0.0733652 
0.0629524 
0.0643224 
0.0677655 
0.0671298 
0.0632465 
0.0561438 
0.055521 
0.0548863 
0.0642171 
0.0616765 
0.0580121 
0.0572217 
0.0558964 
0.0633704 
0.0581303 
0.0606301 
0.0482158 
0.0542272 
0.0506285 
0.0519839 
0.0492584 
0.0528452 
0.0517342 
0.0563143 
0.0576921 
0.0577053 
0.0598302 
0.059265 
0.0683368 
0.0691976 
0.0626581 
0.0635157 
0.0637899 
0.0640818 
0.0702341 
0.0668482 
0.0569123 
0.0600001 
0.0532689 
0.0536012 
0.0535372 
0.0629653 
0.0648136 
0.0628819 
0.0682633 
0.0627011 
0.0611507 
0.0578054 
0.0620883 
0.0583505 
0.0578653 
0.0494652 
0.0502887 
0.0486626 
0.0448321 
0.05346 
0.0474136 
0.0513372 
0.0529527 
0.0541431 
0.0546273 
0.0468693 
0.0435855 
0.051456 
0.0497722 
0.0520495 
0.0570099 
0.0566968 
0.0513042 
0.0511957 
0.0514563 
0.0538669 
0.057893 
0.0560023 
0.0555521 
0.0517612 
0.0569469 
0.0546604 
0.0579292 
0.0618314 
0.0611361 
0.056726 
0.0596041 
0.0741943 
0.0673173 
0.0591288 
0.0641539 
0.0636758 
0.0691664 
0.063176 
0.0636236 
0.0663377 
0.0637102 
0.0720583 
0.0564385 
0.0548247 
0.0627844 
0.054877 
0.0572392 
0.0497479 
0.0564348 
0.0574755 
0.059011 
0.056714 
0.065343 
0.066448 
0.0698937 
0.0661304 
0.0691022 
0.0635728 
0.0652502 
0.0679117 
0.0698958 
0.0680432 
0.0720571 
0.0701641 
0.0660132 
0.0617389 
0.0634196 
0.0634846 
0.0718924 
0.0720057 
0.0683643 
0.0677864 
0.0661066 
0.0626981 
0.0598981 
0.066414 
0.0646651 
0.068978 
0.0732792 
0.0689578 
0.0701866 
0.0710814 
0.0747782 
0.0616396 
0.070175 
0.0712541 
0.0707466 
0.0723425 
0.0740147 
0.0687989 
0.0694943 
0.0703272 
0.0774774 
0.0751734 
0.0711343 
0.0655659 
0.066264 
0.064839 
0.0759584 
0.064037 
0.0657184 
0.0618551 
0.0659883 
0.0657744 
0.0647083 
0.0663122 
0.0568845 
0.0573934 
0.0605451 
0.0609994 
0.0585964 
0.0703768 
0.0675558 
0.0634088 
0.0697778 
0.062275 
0.0624126 
0.0606006 
0.0526344 
0.0614882 
0.0552656 
0.0657598 
0.0676286 
0.0615097 
0.0622678 
0.0628232 
0.0648795 
0.0636149 
0.0685361 
0.0642436 
0.0669443 
0.0591604 
0.0632049 
0.0662155 
0.0708424 
0.0742835 
0.0674058 
0.0681719 
0.05964 
0.0625065 
0.0638836 
0.0574166 
0.0584741 
0.0516938 
0.0515989 
0.0529225 
0.0594066 
0.0574644 
0.0539662 
0.0485476 
0.0513586 
0.0535823 
0.0512229 
0.0488344 
0.0455755 
0.0513472 
0.0548304 
0.0498941 
0.0503689 
0.046114 
0.0561671 
0.0532674 
0.0561347 
0.0608962 
0.0571075 
0.0619642 
0.0616191 
0.056068 
0.054626 
0.0579776 
0.0633477 
0.062321 
0.0658645 
0.0622176 
0.0614113 
0.0612681 
0.0578657 
0.0678721 
0.0659326 
0.0612768 
0.0632813 
0.0666166 
0.069069 
0.0646628 
0.071387 
0.0682404 
0.0588773 
0.0573168 
0.0585139 
0.0619469 
0.0714386 
0.065827 
0.0742284 
0.0651999 
0.0638886 
0.0632186 
0.0677338 
0.053925 
0.0555454 
0.0605317 
0.0582613 
0.0554198 
0.0569743 
0.051822 
0.06181 
0.0669197 
0.0667862 
0.0679871 
0.0678784 
0.0662319 
0.067251 
0.0658938 
0.0605773 
0.0682501 
0.0598835 
0.0605282 
0.0589406 
0.0634088 
0.0654038 
0.0631676 
0.0630324 
0.0612899 
0.0627907 
0.0683541 
0.0713012 
0.078695 
0.0778196 
0.0732157 
0.0773392 
0.0764936 
0.0721466 
0.0677971 
0.0721037 
0.071747 
0.0688563 
0.068751 
0.0728938 
0.0722543 
0.0642107 
0.0628802 
0.067202 
0.07525 
0.0641941 
0.0713296 
0.0768326 
0.0764285 
0.0742317 
0.0776277 
0.0711199 
0.0687263 
0.0656872 
0.0648409 
0.0620076 
0.067756 
0.0655748 
0.0637885 
0.0680933 
0.062126 
0.0606905 
0.0651778 
0.0639581 
0.0613016 
0.0624579 
0.0622252 
0.055274 
0.0607826 
0.0567939 
0.0633713 
0.0612599 
0.0515201 
0.0542827 
0.0421678 
0.0557708 
0.0536404 
0.0523632 
0.058031 
0.0601608 
0.0633324 
0.0561646 
0.0620987 
0.0629051 
0.0642787 
0.067431 
0.0703916 
0.0681368 
0.0704598 
0.0649682 
0.0660181 
0.0629561 
0.0618607 
0.0701081 
0.0713786 
0.0761527 
0.072049 
0.0679292 
0.0614511 
0.0717349 
0.0702425 
0.075153 
0.0771911 
0.0649607 
0.0641937 
0.0620372 
0.0633839 
0.0612922 
0.0584862 
0.056086 
0.047034 
0.0531257 
0.0551306 
0.0582905 
0.0557878 
0.0614746 
0.0701624 
0.0665619 
0.0694565 
0.0715068 
0.0642223 
0.0696666 
0.0630434 
0.0557225 
0.054908 
0.0601632 
0.0562047 
0.0620653 
0.0572388 
0.0619502 
0.0673958 
0.0575304 
0.0589537 
0.064066 
0.059026 
0.0665691 
0.0632619 
0.0658764 
0.068909 
0.0791403 
0.0811916 
0.0698781 
0.0718907 
0.0791409 
0.0670378 
0.0665004 
0.0620426 
0.0699668 
0.0797063 
0.0721607 
0.0664874 
0.0739413 
0.0787257 
0.0858618 
0.076453 
0.0766034 
0.082806 
0.086149 
0.0821451 
0.0846042 
0.0820456 
0.0837718 
0.0735496 
0.0674636 
0.0709791 
0.078782 
0.0733655 
0.064402 
0.0697575 
0.0792159 
0.0721801 
0.0751 
0.0782773 
0.0697429 
0.0758804 
0.080285 
0.0767119 
0.0703426 
0.078261 
0.0794391 
0.0766469 
0.0708726 
0.0684009 
0.0721849 
0.0652959 
0.0734944 
0.0828168 
0.0845837 
0.0810482 
0.0733921 
0.085646 
0.0860766 
0.0683883 
0.0771091 
0.0666344 
0.0779586 
0.0774994 
0.0763772 
0.0807974 
0.0761695 
0.0706094 
0.064411 
0.0701555 
0.0707105 
0.0666809 
0.0673825 
0.0711771 
0.0684128 
0.0768377 
0.0721275 
0.074253 
0.069822 
0.0654329 
0.0732121 
0.0646263 
0.0606387 
0.063966 
0.0605709 
0.0650831 
0.0681724 
0.0656787 
0.0613307 
0.0617588 
0.0665647 
0.062605 
0.0671789 
0.0698893 
0.0796621 
0.0744013 
0.0704224 
0.0754377 
0.0777033 
0.0808389 
0.0846599 
0.0839755 
0.0841015 
0.0849598 
0.0922598 
0.0942397 
0.0827366 
0.0892218 
0.0876495 
0.0870509 
0.0956689 
0.0888319 
0.0822701 
0.0845357 
0.0812603 
0.0902821 
0.0681156 
0.0844328 
0.0880849 
0.0919659 
0.0900875 
0.0915697 
0.0854037 
0.0830233 
0.0926324 
0.0938359 
0.0966438 
0.0894971 
0.089086 
0.0880234 
0.0937823 
0.0944949 
0.0939486 
0.0997054 
0.0858737 
0.0860515 
0.0760017 
0.0865691 
0.0841432 
0.086589 
0.0939 
0.0941428 
0.080148 
0.0980807 
0.0859804 
0.0821466 
0.0800965 
0.0773387 
0.0777116 
0.0879014 
0.0926824 
0.0823757 
0.0780498 
0.0787054 
0.0796381 
0.0787092 
0.0748044 
0.0818158 
0.0876315 
0.0772348 
0.0853779 
0.0806087 
0.0789533 
0.0781434 
0.0751723 
0.0719992 
0.0648706 
0.0643048 
0.0619407 
0.0708138 
0.0716866 
0.0750699 
0.0733361 
0.0635157 
0.0663418 
0.0737324 
0.0693893 
0.069123 
0.0813776 
0.0806002 
0.0747976 
0.0823162 
0.0707638 
0.0841189 
0.0804735 
0.0820779 
0.0741143 
0.0847128 
0.0835367 
0.0766907 
0.0674576 
0.0714817 
0.0664867 
0.0703372 
0.068047 
0.0773745 
0.0697191 
0.0697145 
0.0624934 
0.0616443 
0.0682427 
0.0597784 
0.0600384 
0.0652343 
0.0767601 
0.0734283 
0.0774707 
0.0766023 
0.0614731 
0.0724757 
0.0750549 
0.0687702 
0.0648864 
0.0666699 
0.0676518 
0.0741365 
0.0653435 
0.0744965 
0.0709406 
0.0652468 
0.0726226 
0.0769867 
0.0781869 
0.0860197 
0.0761266 
0.0827071 
0.0793315 
0.0741553 
0.0830646 
0.0861043 
0.0983489 
0.089019 
0.0832951 
0.0741932 
0.0782879 
0.0808123 
0.0761646 
0.0804835 
0.0738348 
0.0749474 
0.0694485 
0.0772494 
0.0789735 
0.0810487 
0.0730328 
0.0820756 
0.0827647 
0.0657334 
0.0681636 
0.0765056 
0.0689932 
0.0819389 
0.0776948 
0.0828568 
0.0848421 
0.0744236 
0.0814757 
0.0873469 
0.0758546 
0.0762663 
0.0750496 
0.0741629 
0.0782612 
0.0764792 
0.0761918 
0.0749704 
0.075951 
0.0728591 
0.0796221 
0.0732508 
0.0791457 
0.0802178 
0.0842773 
0.0839829 
0.0857464 
0.0741098 
0.0822097 
0.0779122 
0.0766127 
0.0793606 
0.0784358 
0.0781777 
0.0751397 
0.0843781 
0.0844866 
0.0863834 
0.0825761 
0.0868362 
0.0947654 
0.0953044 
0.0895513 
0.0972867 
0.100314 
0.0906309 
0.085079 
0.0962526 
0.0859608 
0.0918151 
0.0810869 
0.0929223 
0.0913221 
0.102288 
0.0901804 
0.0753079 
0.0729428 
0.0834858 
0.0946552 
0.0832685 
0.0829105 
0.0901475 
0.0920779 
0.0785121 
0.0893671 
0.100738 
0.088604 
0.0912329 
0.086206 
0.0887129 
0.100416 
0.108098 
0.109059 
0.0970871 
0.0920203 
0.0757806 
0.0733308 
0.0711795 
0.0696617 
0.0731299 
0.0714369 
0.0693573 
0.0762629 
0.0643576 
0.0636913 
0.0595008 
0.0569971 
0.0543617 
0.0560916 
0.0725403 
0.0705977 
0.0709276 
0.0750728 
0.0758528 
0.0782663 
0.0805592 
0.0695281 
0.0743151 
0.0836224 
0.0837936 
0.0663977 
0.0647144 
0.0591321 
0.0606478 
0.0553741 
0.0700839 
0.064118 
0.064936 
0.0718497 
0.0669519 
0.073066 
0.0724111 
0.0776888 
0.0715403 
0.0673862 
0.0717669 
0.0715355 
0.066283 
0.0641011 
0.059887 
0.0675817 
0.0653808 
0.0611263 
0.0615085 
0.0584401 
0.0564331 
0.0619131 
0.0675469 
0.0625625 
0.0658979 
0.0669962 
0.0672254 
0.0674607 
0.063356 
0.0654759 
0.0651055 
0.0647008 
0.0691426 
0.0668884 
0.068009 
0.0697715 
0.066692 
0.074652 
0.0756704 
0.0751185 
0.085656 
0.0810757 
0.0702147 
0.0692544 
0.0654738 
0.0629919 
0.0659282 
0.0698347 
0.0754612 
0.0840873 
0.0773771 
0.0832246 
0.0835432 
0.094034 
0.093359 
0.0956847 
0.093264 
0.100132 
0.104106 
0.112915 
0.106627 
0.094136 
0.085588 
0.0857052 
0.0771458 
0.0856927 
0.0771415 
0.0915838 
0.0848671 
0.0853715 
0.0960989 
0.0893399 
0.0816948 
0.0862557 
0.0913018 
0.0852996 
0.0886909 
0.0922068 
0.0890276 
0.0872595 
0.0894196 
0.0864327 
0.0840047 
0.0754889 
0.0759607 
0.0703018 
0.0724147 
0.0773095 
0.0674352 
0.0724931 
0.0753834 
0.0824096 
0.0876414 
0.083459 
0.0801931 
0.0777466 
0.0766492 
0.0812509 
0.0926492 
0.0801012 
0.105657 
0.0830233 
0.0780865 
0.0739021 
0.0771913 
0.0842494 
0.0928309 
0.0885884 
0.0778058 
0.0808932 
0.0834056 
0.0890959 
0.0935767 
0.0855939 
0.0809425 
0.0787976 
0.0820985 
0.0817316 
0.0784044 
0.0928888 
0.0855384 
0.0754403 
0.0825523 
0.0826698 
0.0843357 
0.0844804 
0.0843576 
0.0867062 
0.0826696 
0.099851 
0.0885214 
0.0923385 
0.0871025 
0.1 
0.102836 
0.103325 
0.0852459 
0.096522 
0.0921872 
0.0698593 
0.0814442 
0.0824396 
0.0815611 
0.0648298 
0.0641124 
0.0631938 
0.0670755 
0.0705103 
0.0627948 
0.0715713 
0.0697 
0.0721637 
0.0654355 
0.0771704 
0.0787938 
0.0900476 
0.0879315 
0.0815564 
0.0784219 
0.0808297 
0.0837432 
0.0822391 
0.0822288 
0.0905048 
0.091382 
0.0790141 
0.0860673 
0.0820419 
0.0877142 
0.0871142 
0.0855268 
0.0837804 
0.0973636 
0.0961914 
0.0827465 
0.0829298 
0.0798349 
0.0800823 
0.0819557 
0.0844181 
0.0922932 
0.0903198 
0.0897151 
0.073125 
0.0803051 
0.0796316 
0.0766822 
0.08341 
0.0807599 
0.0862665 
0.0768259 
0.0698499 
0.0768695 
0.0717272 
0.0691519 
0.0695617 
0.071471 
0.0642426 
0.0611125 
0.0679928 
0.0722619 
0.07087 
0.069152 
0.0713041 
0.0755245 
0.0803037 
0.0738245 
0.0765073 
0.0623786 
0.0806385 
0.0736175 
0.0678695 
0.0847651 
0.0796538 
0.0746941 
0.0822337 
0.0849047 
0.078695 
0.0794616 
0.0744798 
0.069421 
0.0695311 
0.062224 
0.0684467 
0.0702884 
0.0685825 
0.074808 
0.0576677 
0.0676782 
0.0695167 
0.0717815 
0.0641959 
0.0708931 
0.0785301 
0.0787375 
0.0806016 
0.0785928 
0.077174 
0.0769594 
0.0816842 
0.0749921 
0.0785788 
0.0858905 
0.0798175 
0.0723943 
0.0701029 
0.0748894 
0.0721328 
0.0799744 
0.0846873 
0.0764145 
0.0812697 
0.0806256 
0.0763909 
0.0788674 
0.0747518 
0.0669655 
0.066519 
0.0674012 
0.0734801 
0.0675504 
0.0682356 
0.0672861 
0.0763211 
0.0695368 
0.0698179 
0.0658015 
0.0666352 
0.0701267 
0.0681272 
0.0677215 
0.0677766 
0.0727805 
0.0663684 
0.0641865 
0.0676203 
0.070365 
0.0634937 
0.0732709 
0.0746268 
0.0746101 
0.077784 
0.0763691 
0.0708481 
0.0778947 
0.0835409 
0.0806489 
0.0789872 
0.087158 
0.086869 
0.0941719 
0.0877548 
0.083702 
0.0817113 
0.0885569 
0.0862539 
0.086796 
0.0963351 
0.0943665 
0.0814563 
0.0848756 
0.0841768 
0.0851878 
0.0806268 
0.0778554 
0.0815143 
0.079653 
0.0709927 
0.0766435 
0.0741945 
0.0739728 
0.0745241 
0.0737939 
0.0773461 
0.0901663 
0.0745789 
0.064352 
0.0737042 
0.0791092 
0.0879386 
0.0829214 
0.0816284 
0.0921181 
0.0914977 
0.0935292 
0.0883644 
0.076899 
0.086466 
0.0880214 
0.0784707 
0.0871514 
0.0831885 
0.0933569 
0.0833574 
0.0819358 
0.0801966 
0.0805758 
0.082307 
0.0747363 
0.0790405 
0.079179 
0.0774327 
0.0756454 
0.077138 
0.0837298 
0.0928136 
0.0926112 
0.0965071 
0.0934604 
0.0990176 
0.0842554 
0.0883826 
0.0765005 
0.0938688 
0.0917369 
0.0986647 
0.0944324 
0.0923635 
0.110329 
0.0953093 
0.0881162 
0.0924866 
0.0798492 
0.0749615 
0.0788402 
0.0729369 
0.0787727 
0.0919243 
0.0873851 
0.0903075 
0.0881789 
0.0814032 
0.0763925 
0.0824751 
0.0825589 
0.076282 
0.0775552 
0.0922915 
0.0919135 
0.0852697 
0.0808977 
0.0783046 
0.0863949 
0.0844229 
0.0886239 
0.0828692 
0.0841523 
0.0900945 
0.084794 
0.0734688 
0.0681604 
0.0703886 
0.0666144 
0.0657653 
0.0724026 
0.0681565 
0.0655025 
0.0725747 
0.0763193 
0.079947 
0.0812278 
0.0819611 
0.0920878 
0.0952449 
0.0825156 
0.0855066 
0.0879483 
0.0859288 
0.0780228 
0.0833179 
0.0786998 
0.0780153 
0.0795779 
0.0879866 
0.0870995 
0.102562 
0.0837325 
0.0752512 
0.0882779 
0.0890599 
0.0870711 
0.0822891 
0.0757674 
0.0737437 
0.0708277 
0.071762 
0.0746465 
0.061765 
0.0755049 
0.0823389 
0.0798057 
0.0948508 
0.0871318 
0.0813078 
0.0823246 
0.0922934 
0.0751084 
0.0695125 
0.0761211 
0.0806309 
0.0698076 
0.0707701 
0.0716276 
0.0714092 
0.0653536 
0.0589644 
0.0622471 
0.0621031 
0.061026 
0.0669967 
0.0681905 
0.0686976 
0.0695263 
0.076483 
0.0856594 
0.075028 
0.077113 
0.079953 
0.0776762 
0.0785349 
0.0730854 
0.0743925 
0.0743645 
0.0806822 
0.0853665 
0.0727449 
0.0766496 
0.0765674 
0.0762373 
0.0832554 
0.0799173 
0.0764533 
0.0808803 
0.0844633 
0.080039 
0.0758766 
0.0686016 
0.0739952 
0.077419 
0.0791201 
0.0703265 
0.0751257 
0.0744263 
0.0697125 
0.0689005 
0.065341 
0.0733411 
0.0717453 
0.077405 
0.0861203 
0.0869809 
0.0816976 
0.082232 
0.0775551 
0.0773037 
0.0701394 
0.0707359 
0.0740435 
0.088341 
0.104544 
0.100312 
0.0947211 
0.0979838 
0.0913146 
0.0782168 
0.0776827 
0.08467 
0.0796314 
0.0866103 
0.0911556 
0.0925251 
0.0774791 
0.0694977 
0.0738161 
0.0713657 
0.0773266 
0.0783697 
0.0702273 
0.0740274 
0.0785993 
0.0795553 
0.0732376 
0.0763434 
0.0739311 
0.0730351 
0.0827632 
0.0862333 
0.097545 
0.106608 
0.0873974 
0.092165 
0.101309 
0.106255 
0.0968959 
0.0867696 
0.0832554 
0.0864114 
0.0825356 
0.086441 
0.0888268 
0.0838646 
0.0843469 
0.0983945 
0.112178 
0.101548 
0.0956729 
0.0986222 
0.0851283 
0.0924087 
0.0867987 
0.0799203 
0.0848558 
0.0841048 
0.0862811 
0.085847 
0.0779094 
0.0804184 
0.0930928 
0.101235 
0.0861233 
0.0813993 
0.0932954 
0.0902413 
0.086987 
0.0982157 
0.0874582 
0.0877622 
0.0826539 
0.0810029 
0.0784499 
0.0747667 
0.0794405 
0.0849291 
0.0798367 
0.0824982 
0.0751985 
0.0795328 
0.0791072 
0.0707516 
0.0712818 
0.0732119 
0.0673582 
0.0649153 
0.0663625 
0.0678833 
0.0696288 
0.0736516 
0.0699978 
0.0725661 
0.0710735 
0.0743348 
0.0701888 
0.0767657 
0.0780434 
0.0782737 
0.0786606 
0.0822897 
0.0876439 
0.0836389 
0.0771822 
0.0825715 
0.0779872 
0.0811798 
0.0823425 
0.0809418 
0.0818912 
0.0780724 
0.0805527 
0.0739363 
0.0724375 
0.076464 
0.0755809 
0.0731207 
0.071447 
0.0712556 
0.0712978 
0.0756076 
0.0674009 
0.0725259 
0.0902794 
0.0874206 
0.08433 
0.0692355 
0.082619 
0.0796602 
0.0838316 
0.0869461 
0.0858446 
0.0839258 
0.0915522 
0.093686 
0.0849096 
0.0946512 
0.0869858 
0.0912026 
0.0888735 
0.0872309 
0.0889731 
0.0826481 
0.0844103 
0.0938454 
0.083859 
0.0861784 
0.0774721 
0.0776967 
0.0814792 
0.0859388 
0.0857479 
0.0847687 
0.0726891 
0.0796031 
0.0833959 
0.0936886 
0.106865 
0.0999502 
0.083836 
0.0882595 
0.0858841 
0.0925508 
0.0893885 
0.091649 
0.0973004 
0.0903602 
0.0819639 
0.0953005 
0.0936768 
0.0922191 
0.106386 
0.107757 
0.105906 
0.0927315 
0.102986 
0.099744 
0.0876538 
0.0802946 
0.0912485 
0.0890925 
0.0891382 
0.0863311 
0.089562 
0.097609 
0.0842207 
0.10086 
0.0981475 
0.0895029 
0.0897308 
0.0956329 
0.101871 
0.0910936 
0.0886404 
0.0904226 
0.0924606 
0.0939128 
0.0840704 
0.0783612 
0.0862308 
0.0849615 
0.088956 
0.0845796 
0.0895688 
0.0886855 
0.0805657 
0.0782443 
0.0955547 
0.093866 
0.0969736 
0.107457 
0.0936566 
0.0908385 
0.0889213 
0.0848539 
0.0834285 
0.0841174 
0.0883552 
0.080191 
0.0820896 
0.0873426 
0.0814874 
0.0743161 
0.070328 
0.0683495 
0.0762433 
0.0724299 
0.0707464 
0.0762813 
0.0797648 
0.0882126 
0.0886004 
0.0777079 
0.0824882 
0.0788033 
0.072445 
0.0738255 
0.0761341 
0.0657183 
0.0696296 
0.0772251 
0.0628703 
0.0647911 
0.0724698 
0.0724287 
0.0708138 
0.0763558 
0.0811136 
0.0824815 
0.0855133 
0.0972761 
0.0844684 
0.106304 
0.09576 
0.0896434 
0.0816888 
0.0810831 
0.0735519 
0.0779931 
0.0793426 
0.0724628 
0.0767519 
0.0652756 
0.0588087 
0.0642876 
0.0623233 
0.061685 
0.0666856 
0.0714608 
0.0785992 
0.0724463 
0.0756537 
0.0780864 
0.0802648 
0.0764053 
0.0766259 
0.0789078 
0.0853495 
0.0746745 
0.0657957 
0.0755866 
0.0619119 
0.0678291 
0.0729821 
0.0671359 
0.0599643 
0.0655764 
0.0611062 
0.0741547 
0.0718135 
0.0825387 
0.0835682 
0.0764704 
0.0765104 
0.0698188 
0.0834214 
0.0842109 
0.0690959 
0.0680299 
0.0777035 
0.0767335 
0.0762686 
0.0761461 
0.0835958 
0.0765644 
0.0713035 
0.0871351 
0.097941 
0.0851775 
0.0791998 
0.0904394 
0.0841638 
0.0941193 
0.0947368 
0.100068 
0.100199 
0.0976322 
0.102477 
0.0893141 
0.0957157 
0.0966091 
0.0948315 
0.0938468 
0.0895368 
0.0790166 
0.0878878 
0.0793221 
0.0879156 
0.0878754 
0.0869817 
0.0816664 
0.0904254 
0.0986899 
0.092178 
0.0908963 
0.0885818 
0.0966659 
0.102919 
0.104102 
0.119408 
0.103837 
0.105838 
0.0968062 
0.108048 
0.0955086 
0.0833865 
0.0967577 
0.0984453 
0.0972319 
0.10199 
0.0865311 
0.0843943 
0.0950734 
0.0928189 
0.106939 
0.0959805 
0.100295 
0.100183 
0.106195 
0.107737 
0.0948866 
0.103762 
0.0893047 
0.088975 
0.0889734 
0.0913569 
0.0890953 
0.095402 
0.0863688 
0.0844065 
0.0981369 
0.0871146 
0.0863301 
0.0860766 
0.0936139 
0.0890416 
0.0984842 
0.0860167 
0.0795471 
0.0754356 
0.077157 
0.089699 
0.0808462 
0.0892646 
0.0842634 
0.0810169 
0.0895985 
0.0755172 
0.0825937 
0.0848841 
0.0779645 
0.0828314 
0.0878525 
0.0906279 
0.093058 
0.0862291 
0.0784604 
0.0872723 
0.0822861 
0.0940342 
0.0950393 
0.091184 
0.0889554 
0.0828619 
0.0779584 
0.0721092 
0.0805369 
0.0785641 
0.0798441 
0.0785 
0.0770616 
0.0807735 
0.0813445 
0.0930765 
0.0894117 
0.0936127 
0.100649 
0.103713 
0.0924537 
0.0873604 
0.0937344 
0.0926555 
0.0860797 
0.0803052 
0.0834561 
0.0806159 
0.0897455 
0.0930789 
0.0950252 
0.0913812 
0.0927613 
0.080972 
0.0828509 
0.08569 
0.0849534 
0.0873111 
0.0902998 
0.0871974 
0.0892137 
0.0850047 
0.0794039 
0.0774708 
0.0808669 
0.0851744 
0.0945693 
0.0967263 
0.0966972 
0.0965997 
0.0965073 
0.0964748 
0.0825902 
0.0917242 
0.0920767 
0.0962122 
0.097999 
0.0888132 
0.0910952 
0.0903929 
0.0811164 
0.0906342 
0.0823867 
0.0809172 
0.0773924 
0.0787158 
0.0852635 
0.0825474 
0.0838932 
0.0796965 
0.0758894 
0.0607682 
0.0682063 
0.0711215 
0.0793262 
0.0705227 
0.085598 
0.0790005 
0.0872711 
0.0807519 
0.0775233 
0.0786421 
0.070731 
0.070765 
0.0726406 
0.070492 
0.0704826 
0.0745711 
0.081296 
0.0760743 
0.0838796 
0.0840064 
0.0836545 
0.0882031 
0.0916707 
0.0874101 
0.0818601 
0.0831075 
0.0850973 
0.0863839 
0.0832352 
0.076436 
0.0763789 
0.0793449 
0.0751092 
0.0719271 
0.0782152 
0.0777324 
0.0864834 
0.0910287 
0.0916554 
0.0956014 
0.0785409 
0.0922648 
0.0894609 
0.0907913 
0.0961698 
0.103061 
0.0965433 
0.0860383 
0.0881797 
0.0881381 
0.0854249 
0.0909898 
0.0792625 
0.0836862 
0.095057 
0.101986 
0.095816 
0.0937128 
0.100548 
0.104529 
0.0947062 
0.102949 
0.0895263 
0.0867346 
0.0823963 
0.0901485 
0.0819826 
0.0794361 
0.0725759 
0.0817479 
0.0835017 
0.0949241 
0.0862239 
0.0820341 
0.0827417 
0.0856906 
0.0880334 
0.0976598 
0.0976445 
0.0894001 
0.0935121 
0.0947465 
0.0824638 
0.078665 
0.0763541 
0.0787064 
0.0963225 
0.0949706 
0.0836331 
0.0787768 
0.0881102 
0.0882137 
0.079625 
0.0752878 
0.0800117 
0.083176 
0.072356 
0.073739 
0.0735375 
0.0662696 
0.0723085 
0.0694321 
0.0826609 
0.085764 
0.0816276 
0.0838381 
0.0778635 
0.086198 
0.0853306 
0.0703771 
0.0678354 
0.0777173 
0.0870264 
0.0861821 
0.0865302 
0.0851811 
0.0819577 
0.097561 
0.0911501 
0.0736533 
0.079733 
0.0857213 
0.0888034 
0.0892136 
0.0871959 
0.0907264 
0.0909535 
0.0877168 
0.0821133 
0.0826957 
0.0734702 
0.0726723 
0.0782086 
0.0823825 
0.0855706 
0.0832973 
0.0869312 
0.0954112 
0.0833046 
0.0771161 
0.0834347 
0.090358 
0.0804543 
0.077039 
0.0820067 
0.0868384 
0.0922278 
0.0864009 
0.0854167 
0.0923203 
0.0835664 
0.0863171 
0.0878583 
0.0910637 
0.0786366 
0.093814 
0.0878548 
0.0870689 
0.0854046 
0.0801165 
0.0861737 
0.0739901 
0.0745074 
0.0796518 
0.0770122 
0.0712558 
0.0679809 
0.0697223 
0.0647569 
0.0734508 
0.0679541 
0.0706578 
0.0732158 
0.0782685 
0.0744113 
0.0794237 
0.0727525 
0.077252 
0.0762736 
0.0842894 
0.0754855 
0.0820003 
0.0830632 
0.084458 
0.0723194 
0.076165 
0.0792174 
0.0835151 
0.0802755 
0.0831205 
0.077498 
0.0735313 
0.0733907 
0.068961 
0.0615767 
0.0692124 
0.0729109 
0.0647139 
0.0681549 
0.0726562 
0.0727739 
0.0711965 
0.0771572 
0.0760664 
0.0660628 
0.0630503 
0.0700708 
0.0733261 
0.0657823 
0.0670526 
0.067933 
0.0765432 
0.0755482 
0.0764098 
0.0801822 
0.0794214 
0.0672455 
0.0740773 
0.0814735 
0.0715238 
0.0674279 
0.0708491 
0.0806451 
0.0799669 
0.0751524 
0.0730714 
0.0668127 
0.0697493 
0.0749362 
0.0711712 
0.0752572 
0.0813703 
0.0929641 
0.0877373 
0.0841881 
0.0831888 
0.078739 
0.0750919 
0.0845502 
0.0778723 
0.0743343 
0.0786268 
0.0839337 
0.0873276 
0.0792509 
0.0702326 
0.0653399 
0.0707887 
0.0721761 
0.0730273 
0.071586 
0.0763847 
0.0770659 
0.0823829 
0.0789164 
0.089921 
0.0757168 
0.0900567 
0.0740024 
0.0765227 
0.0821288 
0.0861043 
0.0895791 
0.0732463 
0.0866499 
0.0773087 
0.0716327 
0.0709113 
0.0647177 
0.0692145 
0.0704782 
0.0703227 
0.0633927 
0.0692828 
0.0752379 
0.0665533 
0.0863544 
0.0813118 
0.0767927 
0.0762852 
0.0663353 
0.0691422 
0.0615681 
0.0664699 
0.0729229 
0.0686618 
0.0725678 
0.0676692 
0.0679378 
0.06908 
0.0649757 
0.0658106 
0.0631628 
0.0632186 
0.061815 
0.0595491 
0.0669699 
0.0684058 
0.0751615 
0.0716331 
0.0734671 
0.0670956 
0.0638743 
0.0701226 
0.0675799 
0.0702894 
0.0715733 
0.0708877 
0.0627253 
0.0700415 
0.0704359 
0.0720586 
0.0631608 
0.0693748 
0.0704301 
0.072142 
0.0706221 
0.0660581 
0.0543576 
0.071445 
0.0706708 
0.0638573 
0.0654128 
0.0655476 
0.0699801 
0.0687597 
0.0760648 
0.0825329 
0.0772863 
0.0654182 
0.0639122 
0.0725484 
0.070756 
0.0771912 
0.0818476 
0.0800089 
0.0827506 
0.0888432 
0.0890801 
0.0912804 
0.0870414 
0.0819087 
0.0855911 
0.0951754 
0.0984425 
0.0924655 
0.0982441 
0.103093 
0.097825 
0.0918485 
0.0960885 
0.0841395 
0.0892988 
0.101675 
0.098764 
0.0980446 
0.0938103 
0.0896678 
0.0973669 
0.0846335 
0.0777964 
0.0581576 
0.0781999 
0.0805957 
0.0819206 
0.0990598 
0.0762544 
0.0885693 
0.0851084 
0.0930639 
0.0947859 
0.0894023 
0.0890966 
0.0918155 
0.07763 
0.0941749 
0.101766 
0.0967669 
0.0909195 
0.0840021 
0.100884 
0.103951 
0.108237 
0.0857105 
0.0921072 
0.0995778 
0.0971553 
0.0947507 
0.117728 
0.119583 
0.117382 
0.121307 
0.117138 
0.115073 
0.112784 
0.10653 
0.102513 
0.0879302 
0.0921877 
0.0950344 
0.0836406 
0.0805469 
0.0891448 
0.0948205 
0.100223 
0.0872354 
0.0898093 
0.0924068 
0.0823207 
0.0955991 
0.0895478 
0.0937263 
0.0863112 
0.0784778 
0.081834 
0.0905577 
0.092246 
0.0925853 
0.0907436 
0.0940657 
0.0882656 
0.0815647 
0.0918337 
0.103174 
0.108165 
0.115708 
0.102153 
0.0925582 
0.0745933 
0.0895608 
0.086293 
0.0822544 
0.0906455 
0.0884734 
0.0899282 
0.0775061 
0.0837325 
0.0676576 
0.0612796 
0.0652317 
0.0710759 
0.0628386 
0.0595194 
0.0590957 
0.063539 
0.0720263 
0.069351 
0.0793426 
0.0815172 
0.0729155 
0.0790657 
0.071623 
0.0754476 
0.0793557 
0.0738953 
0.0810593 
0.0772352 
0.0860635 
0.0800339 
0.0746912 
0.0800005 
0.0778555 
0.0889428 
0.0909838 
0.0862627 
0.0729239 
0.0724647 
0.0642321 
0.0637984 
0.0637315 
0.0655508 
0.0653735 
0.0732427 
0.0746098 
0.0740508 
0.0666344 
0.0756029 
0.0765993 
0.0674498 
0.0727528 
0.06559 
0.0637349 
0.0686341 
0.0749174 
0.0632755 
0.0580906 
0.0673969 
0.0682565 
0.0704697 
0.0693808 
0.0628452 
0.0582546 
0.0613058 
0.0637858 
0.0661213 
0.0674471 
0.0615345 
0.0658877 
0.0580526 
0.0606839 
0.0650167 
0.0621481 
0.0612275 
0.0602187 
0.0605625 
0.0595167 
0.0633069 
0.0658543 
0.0636064 
0.0651671 
0.0787699 
0.0801761 
0.0840677 
0.0840834 
0.0798459 
0.0798215 
0.0791844 
0.0749436 
0.0772507 
0.088 
0.085386 
0.0857567 
0.0797449 
0.0874935 
0.0895085 
0.0903613 
0.0857395 
0.0833479 
0.0897247 
0.0831833 
0.0835111 
0.0816911 
0.071933 
0.0822242 
0.0777979 
0.0878468 
0.0801317 
0.0793542 
0.0697065 
0.0738034 
0.0728439 
0.0756188 
0.0722174 
0.0679705 
0.0695728 
0.080812 
0.0813228 
0.0800091 
0.0924195 
0.0854103 
0.0928294 
0.106998 
0.0990293 
0.0911237 
0.0920552 
0.102728 
0.105827 
0.0969275 
0.0954076 
0.10176 
0.0959251 
0.115775 
0.109309 
0.109722 
0.0994784 
0.0996496 
0.0955109 
0.0948116 
0.0894579 
0.0882101 
0.0789086 
0.0864159 
0.0920508 
0.0947125 
0.0971285 
0.0928453 
0.0859766 
0.0925137 
0.0981524 
0.10955 
0.113458 
0.112333 
0.111596 
0.106002 
0.0943305 
0.100732 
0.0945091 
0.110988 
0.10758 
0.0933648 
0.0937471 
0.0980723 
0.0952951 
0.0976755 
0.0980659 
0.0993923 
0.0796706 
0.0827075 
0.0934427 
0.0898865 
0.090191 
0.103479 
0.0970041 
0.0895783 
0.0873601 
0.0706982 
0.0784098 
0.0677452 
0.0757174 
0.0840819 
0.0757064 
0.0811379 
0.0778923 
0.0853483 
0.0908063 
0.0870107 
0.0930714 
0.088759 
0.0930547 
0.0890715 
0.087126 
0.0930909 
0.0953995 
0.0951948 
0.0911477 
0.10588 
0.0980686 
0.133505 
0.113857 
0.102324 
0.0984687 
0.0951894 
0.104761 
0.0915684 
0.0878556 
0.0943426 
0.0934113 
0.0929627 
0.0961182 
0.0981215 
0.0822329 
0.0906313 
0.0893121 
0.0946585 
0.0897815 
0.0998541 
0.0956961 
0.0931234 
0.0923214 
0.0943606 
0.104534 
0.111434 
0.10626 
0.122085 
0.0924671 
0.0885209 
0.0886376 
0.0814304 
0.0832007 
0.0861238 
0.0889209 
0.0932433 
0.0938493 
0.101835 
0.0939101 
0.0797493 
0.0880453 
0.0941257 
0.0784911 
0.0821477 
0.0848695 
0.077523 
0.0832303 
0.0786111 
0.0864134 
0.0793324 
0.0702069 
0.0736339 
0.0894284 
0.0980085 
0.101644 
0.0862212 
0.0959852 
0.0935152 
0.073363 
0.0774898 
0.078627 
0.0943293 
0.092779 
0.0891463 
0.0933045 
0.0885375 
0.0967287 
0.0943845 
0.0973546 
0.0855183 
0.0945072 
0.103872 
0.0931796 
0.0925241 
0.0823243 
0.0882056 
0.0921753 
0.105455 
0.107256 
0.105175 
0.0969931 
0.0983263 
0.1026 
0.0954081 
0.0976942 
0.1098 
0.103003 
0.1126 
0.110333 
0.109532 
0.0883778 
0.0906437 
0.0984702 
0.105316 
0.106546 
0.109694 
0.107636 
0.0859722 
0.0821842 
0.0838865 
0.0821466 
0.0772519 
0.075149 
0.0956763 
0.095011 
0.088601 
0.0958065 
0.0916682 
0.0895546 
0.0934513 
0.0910856 
0.0949346 
0.0923779 
0.0996132 
0.0961953 
0.0863524 
0.0876366 
0.102377 
0.094477 
0.0929865 
0.117367 
0.113809 
0.114114 
0.116615 
0.0974414 
0.116708 
0.109839 
0.101292 
0.0931752 
0.0950591 
0.111087 
0.11355 
0.117468 
0.0988319 
0.0884798 
0.102829 
0.0992117 
0.0964248 
0.0894904 
0.0791824 
0.0817716 
0.0791883 
0.0830098 
0.0789384 
0.0869252 
0.0898772 
0.0917617 
0.10626 
0.0954915 
0.0942513 
0.0886489 
0.0870662 
0.0971901 
0.0947016 
0.0890405 
0.0854165 
0.083673 
0.0785978 
0.0787587 
0.0729389 
0.0847343 
0.0865235 
0.0865487 
0.0928026 
0.100648 
0.0856255 
0.0889525 
0.0908192 
0.085913 
0.0895047 
0.085212 
0.109368 
0.107359 
0.0919292 
0.0941694 
0.0857945 
0.093061 
0.0941028 
0.0914989 
0.0812987 
0.0766995 
0.0783 
0.076392 
0.0782258 
0.0751128 
0.0762081 
0.0683048 
0.0707938 
0.0711091 
0.0803714 
0.0668644 
0.0717819 
0.078437 
0.0757463 
0.0776324 
0.0777667 
0.0872603 
0.0842031 
0.0843714 
0.0799528 
0.0855224 
0.0792146 
0.0837719 
0.0797068 
0.0903286 
0.0813406 
0.0722339 
0.0762254 
0.0855685 
0.0809993 
0.0826882 
0.0916179 
0.0912734 
0.093024 
0.0819036 
0.0842756 
0.0897695 
0.0930205 
0.0975721 
0.087815 
0.0865851 
0.0911909 
0.0889938 
0.0926807 
0.093832 
0.0792872 
0.0882222 
0.0882064 
0.0828806 
0.0812951 
0.0804844 
0.0781772 
0.0934641 
0.095892 
0.0915749 
0.0902222 
0.0811835 
0.0913831 
0.0896298 
0.0907755 
0.0967609 
0.0858455 
0.0927297 
0.0892905 
0.0902359 
0.087924 
0.0909646 
0.106943 
0.100483 
0.113882 
0.110129 
0.110263 
0.121922 
0.112543 
0.123339 
0.109708 
0.118788 
0.12485 
0.114599 
0.12474 
0.0958267 
0.0919229 
0.106114 
0.103547 
0.106869 
0.0989593 
0.103949 
0.104577 
0.095189 
0.113069 
0.128207 
0.111967 
0.105702 
0.103878 
0.106239 
0.121279 
0.106659 
0.11776 
0.116001 
0.124123 
0.113599 
0.113653 
0.108813 
0.121749 
0.107936 
0.120188 
0.109435 
0.0992391 
0.114127 
0.120569 
0.108388 
0.111261 
0.106578 
0.106027 
0.117327 
0.115829 
0.105803 
0.1004 
0.110522 
0.106491 
0.116339 
0.118271 
0.107569 
0.107019 
0.10461 
0.10877 
0.110235 
0.111899 
0.116399 
0.103214 
0.0953968 
0.0956357 
0.10861 
0.116138 
0.110649 
0.102237 
0.096165 
0.0888598 
0.0957202 
0.097432 
0.0820443 
0.0906483 
0.0834317 
0.0887923 
0.0899198 
0.0938579 
0.0893841 
0.087161 
0.0930587 
0.0948304 
0.100336 
0.0936424 
0.107422 
0.112607 
0.113012 
0.114473 
0.109476 
0.104897 
0.10912 
0.102396 
0.11329 
0.115677 
0.100504 
0.120666 
0.113706 
0.107876 
0.115574 
0.116536 
0.11574 
0.113523 
0.107907 
0.114183 
0.121138 
0.114987 
0.134402 
0.124499 
0.121742 
0.115073 
0.115842 
0.107174 
0.0967054 
0.11253 
0.106561 
0.109717 
0.117212 
0.103444 
0.130693 
0.127771 
0.125006 
0.138576 
0.161128 
0.133361 
0.127719 
0.14094 
0.132554 
0.136671 
0.110276 
0.107644 
0.100663 
0.123505 
0.121417 
0.127152 
0.124854 
0.135769 
0.128828 
0.150105 
0.145118 
0.117028 
0.111065 
0.111169 
0.111219 
0.118495 
0.0991173 
0.112399 
0.0992398 
0.101143 
0.112479 
0.108214 
0.108491 
0.10573 
0.111947 
0.130249 
0.133157 
0.126365 
0.114491 
0.0986006 
0.0953871 
0.10105 
0.0809129 
0.0733988 
0.0809066 
0.0948327 
0.104973 
0.104119 
0.096809 
0.0896426 
0.100157 
0.0950093 
0.0932274 
0.109134 
0.0986333 
0.103409 
0.0939141 
0.120322 
0.116922 
0.129783 
0.110121 
0.107289 
0.116986 
0.0927093 
0.113458 
0.114567 
0.132019 
0.116463 
0.142545 
0.126094 
0.121897 
0.118587 
0.110888 
0.12204 
0.133258 
0.149272 
0.148836 
0.16186 
0.154489 
0.155117 
0.144577 
0.125594 
0.124673 
0.115356 
0.124415 
0.10772 
0.113175 
0.119235 
0.116678 
0.108051 
0.0912667 
0.0989065 
0.102572 
0.101083 
0.111947 
0.132556 
0.13645 
0.140093 
0.121995 
0.133107 
0.118672 
0.117745 
0.135225 
0.149702 
0.13937 
0.131457 
0.12919 
0.133005 
0.105742 
0.115553 
0.122475 
0.116882 
0.115384 
0.110144 
0.101748 
0.0951049 
0.122505 
0.114356 
0.111055 
0.116983 
0.0958241 
0.119796 
0.126388 
0.119919 
0.130494 
0.123404 
0.128407 
0.12861 
0.116851 
0.121575 
0.123575 
0.126872 
0.109652 
0.108625 
0.114864 
0.123602 
0.110115 
0.118343 
0.125364 
0.117088 
0.108128 
0.111291 
0.104868 
0.0937127 
0.0943879 
0.0814075 
0.0805303 
0.0702847 
0.083233 
0.0902935 
0.0917918 
0.0868695 
0.0800503 
0.0729784 
0.0849173 
0.0903282 
0.0831524 
0.108546 
0.115252 
0.114947 
0.121445 
0.153911 
0.132814 
0.141681 
0.126442 
0.12346 
0.127112 
0.0976027 
0.116946 
0.12261 
0.110685 
0.104497 
0.114124 
0.127494 
0.116539 
0.103483 
0.118383 
0.12871 
0.111151 
0.124012 
0.126092 
0.10718 
0.110308 
0.101239 
0.0983974 
0.0962237 
0.0989724 
0.0918956 
0.0989636 
0.0906571 
0.0894006 
0.0816672 
0.110624 
0.103912 
0.1066 
0.122538 
0.110814 
0.109615 
0.112327 
0.125584 
0.118483 
0.124338 
0.113935 
0.112055 
0.111001 
0.121711 
0.119342 
0.12544 
0.113457 
0.128656 
0.117602 
0.123619 
0.120138 
0.0983856 
0.112066 
0.107846 
0.0927908 
0.112733 
0.122726 
0.12915 
0.0987403 
0.0912754 
0.0871378 
0.0888972 
0.0785277 
0.0879045 
0.0749581 
0.0715207 
0.0852376 
0.0894294 
0.0801805 
0.0818853 
0.0749388 
0.0909439 
0.0878465 
0.0847568 
0.0813703 
0.0816902 
0.0973129 
0.0986309 
0.111847 
0.112324 
0.108386 
0.111276 
0.0952585 
0.10188 
0.100357 
0.122237 
0.111551 
0.106829 
0.112272 
0.108473 
0.113502 
0.0997452 
0.108821 
0.104149 
0.0940627 
0.0814014 
0.0884368 
0.0892395 
0.0858148 
0.0740189 
0.0796425 
0.0862642 
0.0845966 
0.0862896 
0.0986587 
0.0980559 
0.0891451 
0.0909449 
0.0757641 
0.0701451 
0.0733653 
0.0724989 
0.071161 
0.0708153 
0.0790882 
0.0744248 
0.0720522 
0.083704 
0.0874575 
0.0846893 
0.0789479 
0.0751981 
0.0703087 
0.0788536 
0.0759483 
0.0780038 
0.0775552 
0.0756592 
0.0766162 
0.0789703 
0.0729833 
0.0798897 
0.0700047 
0.0702177 
0.0773344 
0.0830282 
0.0768958 
0.0906465 
0.0812022 
0.0821088 
0.0837519 
0.0750632 
0.0684737 
0.0616021 
0.0831062 
0.081811 
0.0851743 
0.0974586 
0.108698 
0.0966913 
0.0927415 
0.0980173 
0.10045 
0.109822 
0.0987474 
0.112328 
0.0996706 
0.118703 
0.111824 
0.11376 
0.123792 
0.114523 
0.102783 
0.0863199 
0.0936547 
0.102135 
0.0998955 
0.1071 
0.103123 
0.102178 
0.093857 
0.104569 
0.0951757 
0.118284 
0.103515 
0.0905318 
0.0901735 
0.0999689 
0.104877 
0.102183 
0.112256 
0.131305 
0.115934 
0.127979 
0.115241 
0.109079 
0.104421 
0.101922 
0.111667 
0.095178 
0.106673 
0.100583 
0.104139 
0.119175 
0.115731 
0.110357 
0.106137 
0.105206 
0.111764 
0.117755 
0.126876 
0.121365 
0.120401 
0.1403 
0.122147 
0.115477 
0.113046 
0.112818 
0.116162 
0.108461 
0.105702 
0.102611 
0.124409 
0.104653 
0.109261 
0.109222 
0.110729 
0.120908 
0.120332 
0.114663 
0.103603 
0.118166 
0.100038 
0.131305 
0.11913 
0.11667 
0.103554 
0.110446 
0.114271 
0.0988639 
0.105818 
0.0960996 
0.0914647 
0.0813269 
0.0879738 
0.0904794 
0.0899273 
0.105289 
0.108028 
0.112504 
0.0976089 
0.118089 
0.117943 
0.103465 
0.115056 
0.103731 
0.0987142 
0.0909758 
0.0951852 
0.103617 
0.101375 
0.112239 
0.117728 
0.0962198 
0.10749 
0.135546 
0.137994 
0.118814 
0.128151 
0.113846 
0.108928 
0.112378 
0.104192 
0.0977522 
0.112064 
0.109533 
0.100492 
0.100609 
0.107629 
0.0958715 
0.0937597 
0.0891621 
0.093099 
0.0943702 
0.0994234 
0.101467 
0.101824 
0.115985 
0.113864 
0.133829 
0.124978 
0.134986 
0.139481 
0.117192 
0.12812 
0.114065 
0.121051 
0.136409 
0.124034 
0.115034 
0.137234 
0.137807 
0.120741 
0.108872 
0.125001 
0.114607 
0.106067 
0.114755 
0.104182 
0.117966 
0.122696 
0.132305 
0.124908 
0.120575 
0.133225 
0.125042 
0.13062 
0.116457 
0.101807 
0.121627 
0.10904 
0.126886 
0.113039 
0.123312 
0.115576 
0.128774 
0.106372 
0.106898 
0.11 
0.105898 
0.117331 
0.116457 
0.107895 
0.0960486 
0.0907909 
0.0846488 
0.105036 
0.104216 
0.102649 
0.109167 
0.103225 
0.101829 
0.0992555 
0.0916507 
0.0844667 
0.0919987 
0.0930557 
0.0930997 
0.0985612 
0.114158 
0.104199 
0.105461 
0.110012 
0.111207 
0.117394 
0.0956023 
0.0956189 
0.0865916 
0.0978683 
0.103647 
0.0956276 
0.0810741 
0.0769442 
0.0846971 
0.0750173 
0.0763623 
0.0847304 
0.0939301 
0.0912795 
0.0934567 
0.0833888 
0.100093 
0.100782 
0.113166 
0.13197 
0.124642 
0.109366 
0.125417 
0.148066 
0.139425 
0.12679 
0.141916 
0.137519 
0.131269 
0.134309 
0.133899 
0.127804 
0.122161 
0.12364 
0.11856 
0.125029 
0.124342 
0.139992 
0.144475 
0.142957 
0.141091 
0.131529 
0.135061 
0.116906 
0.125525 
0.14749 
0.133926 
0.119911 
0.132955 
0.133604 
0.134233 
0.127431 
0.111635 
0.122101 
0.128315 
0.124824 
0.130688 
0.118664 
0.112927 
0.117357 
0.118114 
0.124126 
0.118488 
0.111722 
0.126339 
0.114516 
0.114523 
0.118115 
0.106862 
0.102628 
0.0902618 
0.12554 
0.141624 
0.120659 
0.113548 
0.105393 
0.114127 
0.107182 
0.114067 
0.111659 
0.092625 
0.0951849 
0.0946175 
0.101859 
0.0996868 
0.083947 
0.0869314 
0.0878626 
0.0830088 
0.0956635 
0.111539 
0.106057 
0.107244 
0.112209 
0.0935658 
0.103877 
0.0870938 
0.0899024 
0.0788435 
0.0863207 
0.0913929 
0.106582 
0.106714 
0.0893182 
0.0831729 
0.0869659 
0.0843189 
0.0939432 
0.0899362 
0.0881828 
0.0815444 
0.0760582 
0.0822574 
0.0874321 
0.0774202 
0.0871269 
0.0897648 
0.0835165 
0.0805848 
0.0834789 
0.0821888 
0.0878105 
0.0899694 
0.0892308 
0.0949545 
0.0799493 
0.100073 
0.0839681 
0.092797 
0.120079 
0.114441 
0.11225 
0.104987 
0.108138 
0.0918999 
0.0979679 
0.101157 
0.103924 
0.1074 
0.110623 
0.103245 
0.0910682 
0.0846047 
0.0919271 
0.102128 
0.112303 
0.120143 
0.11193 
0.112228 
0.101253 
0.0982021 
0.111125 
0.0984494 
0.0887409 
0.0946256 
0.0921127 
0.104549 
0.0976142 
0.115088 
0.10977 
0.108909 
0.103861 
0.107012 
0.092804 
0.106714 
0.108101 
0.118217 
0.0980576 
0.0848217 
0.0923337 
0.0995838 
0.117991 
0.13231 
0.12741 
0.137117 
0.103776 
0.112573 
0.102597 
0.097534 
0.0855201 
0.0894525 
0.10065 
0.106694 
0.0985417 
0.100896 
0.0974882 
0.101764 
0.109337 
0.103225 
0.108365 
0.116639 
0.107537 
0.0906245 
0.0966514 
0.0915936 
0.118426 
0.101204 
0.112009 
0.115087 
0.102559 
0.113616 
0.113817 
0.115822 
0.0972055 
0.100855 
0.0906565 
0.091293 
0.0786194 
0.087415 
0.106646 
0.124309 
0.109152 
0.113927 
0.11399 
0.0992476 
0.106738 
0.100584 
0.103097 
0.0947731 
0.0997343 
0.0953002 
0.0877132 
0.096126 
0.0918063 
0.0836496 
0.0903682 
0.0976937 
0.0931312 
0.0774657 
0.0819149 
0.0788333 
0.0773831 
0.0816172 
0.0972918 
0.0846113 
0.0829884 
0.0872101 
0.0867198 
0.0928069 
0.10135 
0.117555 
0.0875012 
0.0941225 
0.0944161 
0.116286 
0.112536 
0.105354 
0.0980992 
0.0963458 
0.0922566 
0.091891 
0.0968684 
0.0967912 
0.0955923 
0.102244 
0.100053 
0.105668 
0.100802 
0.0954964 
0.095089 
0.109109 
0.102784 
0.0835966 
0.0796326 
0.0777633 
0.0835171 
0.100879 
0.0810895 
0.0838923 
0.0836188 
0.0950279 
0.0956008 
0.0908832 
0.089188 
0.104595 
0.112727 
0.127569 
0.114814 
0.11176 
0.118321 
0.113351 
0.124082 
0.116826 
0.0961116 
0.0850608 
0.10785 
0.102353 
0.105464 
0.101708 
0.102126 
0.0963992 
0.108016 
0.117637 
0.115245 
0.115504 
0.113866 
0.127576 
0.12358 
0.153925 
0.134225 
0.135842 
0.141572 
0.120132 
0.111291 
0.119853 
0.0954144 
0.103735 
0.113868 
0.128849 
0.119613 
0.10905 
0.130567 
0.111414 
0.108065 
0.111382 
0.10365 
0.114242 
0.10555 
0.113885 
0.102694 
0.0902937 
0.091553 
0.0813867 
0.0907578 
0.0966729 
0.0910637 
0.100771 
0.095843 
0.0899452 
0.0950114 
0.0925189 
0.107045 
0.109089 
0.0999103 
0.0976248 
0.100222 
0.0995182 
0.108952 
0.112392 
0.109801 
0.114383 
0.108787 
0.133711 
0.130901 
0.116854 
0.1125 
0.11404 
0.100737 
0.126297 
0.118486 
0.141691 
0.126823 
0.118083 
0.103493 
0.101186 
0.0986099 
0.0949703 
0.0991758 
0.112666 
0.0843409 
0.108196 
0.104323 
0.117031 
0.109941 
0.121502 
0.103872 
0.102926 
0.10401 
0.104745 
0.107658 
0.113443 
0.112351 
0.104829 
0.103736 
0.1011 
0.100339 
0.0987092 
0.0953681 
0.102711 
0.096647 
0.108349 
0.115758 
0.10085 
0.107494 
0.0916568 
0.106734 
0.110438 
0.105939 
0.0944114 
0.0980226 
0.133293 
0.128859 
0.143841 
0.148202 
0.13175 
0.108025 
0.0995065 
0.111059 
0.115571 
0.110803 
0.122699 
0.118201 
0.0989575 
0.0936365 
0.0989955 
0.105001 
0.101892 
0.0970142 
0.0892006 
0.0800832 
0.0915867 
0.098271 
0.0974593 
0.092142 
0.0790301 
0.0996075 
0.0961188 
0.106105 
0.110904 
0.113881 
0.121041 
0.121358 
0.0960858 
0.100634 
0.0907491 
0.105063 
0.102025 
0.10112 
0.115642 
0.131492 
0.12379 
0.109696 
0.142429 
0.144704 
0.191967 
0.176071 
0.17096 
0.178388 
0.140679 
0.13735 
0.147767 
0.138935 
0.123497 
0.118884 
0.121277 
0.122516 
0.113937 
0.110221 
0.133251 
0.14667 
0.156885 
0.155951 
0.154518 
0.15305 
0.138729 
0.142494 
0.150712 
0.132793 
0.156187 
0.155955 
0.142019 
0.142977 
0.129062 
0.129169 
0.138275 
0.150513 
0.147874 
0.147699 
0.160982 
0.132929 
0.138025 
0.128541 
0.146744 
0.155125 
0.138938 
0.175307 
0.150708 
0.145461 
0.153822 
0.135666 
0.150656 
0.156072 
0.170746 
0.177645 
0.164367 
0.136649 
0.127813 
0.140431 
0.173377 
0.148788 
0.115454 
0.127486 
0.148664 
0.155996 
0.112764 
0.129302 
0.109957 
0.128144 
0.108371 
0.105388 
0.115076 
0.113112 
0.103996 
0.129393 
0.117347 
0.12847 
0.185101 
0.155015 
0.139713 
0.157302 
0.137523 
0.160866 
0.137894 
0.14424 
0.125672 
0.114521 
0.137662 
0.134596 
0.139248 
0.118897 
0.115024 
0.125131 
0.122568 
0.12791 
0.136449 
0.12166 
0.123565 
0.115782 
0.117258 
0.133469 
0.120138 
0.133248 
0.110187 
0.128072 
0.134504 
0.112683 
0.118149 
0.116762 
0.105846 
0.110493 
0.103069 
0.128841 
0.130428 
0.127977 
0.127359 
0.125182 
0.13529 
0.160773 
0.126216 
0.125647 
0.113877 
0.108211 
0.119452 
0.106475 
0.107 
0.102311 
0.0899852 
0.104246 
0.109398 
0.109674 
0.125574 
0.127323 
0.103366 
0.108229 
0.117548 
0.120417 
0.0974319 
0.102722 
0.122986 
0.11317 
0.10301 
0.108818 
0.122728 
0.143104 
0.116782 
0.139645 
0.132641 
0.129281 
0.140957 
0.109759 
0.130673 
0.125221 
0.121538 
0.128673 
0.124077 
0.114309 
0.128563 
0.13757 
0.105619 
0.108733 
0.130408 
0.13574 
0.130151 
0.121716 
0.137205 
0.122768 
0.116547 
0.0964174 
0.103783 
0.106804 
0.115427 
0.111404 
0.115941 
0.110725 
0.109363 
0.101078 
0.10943 
0.117572 
0.100683 
0.105568 
0.111449 
0.0912877 
0.092411 
0.0948829 
0.10233 
0.126183 
0.11634 
0.146535 
0.143497 
0.126577 
0.113221 
0.108903 
0.104636 
0.0985606 
0.0966926 
0.0944052 
0.10121 
0.105943 
0.093261 
0.0864963 
0.089276 
0.0925697 
0.108958 
0.0979181 
0.0926529 
0.0928668 
0.0947793 
0.100616 
0.113173 
0.104867 
0.120482 
0.10391 
0.114183 
0.104818 
0.114386 
0.110571 
0.114135 
0.0953275 
0.101809 
0.103328 
0.0919334 
0.0883982 
0.0964773 
0.0982478 
0.106081 
0.0933116 
0.0891707 
0.085483 
0.0804154 
0.0895779 
0.0794812 
0.0833159 
0.0921906 
0.0788112 
0.0742422 
0.0982752 
0.0982632 
0.11738 
0.112166 
0.10488 
0.102583 
0.102764 
0.104555 
0.104867 
0.0888326 
0.105466 
0.110149 
0.0858084 
0.0912165 
0.106898 
0.080677 
0.0861003 
0.0902598 
0.0886223 
0.101183 
0.0940693 
0.0958705 
0.089813 
0.0890749 
0.0878125 
0.0895717 
0.106859 
0.108335 
0.102248 
0.0969639 
0.121156 
0.120722 
0.126962 
0.113009 
0.115608 
0.101119 
0.105885 
0.097009 
0.105167 
0.11179 
0.107354 
0.104195 
0.105486 
0.110394 
0.100841 
0.0938264 
0.0838808 
0.0854394 
0.103871 
0.0976319 
0.113038 
0.110415 
0.104637 
0.103081 
0.0854138 
0.0975345 
0.101497 
0.112084 
0.0976597 
0.103727 
0.0928829 
0.124697 
0.129147 
0.124388 
0.121332 
0.118903 
0.106653 
0.121221 
0.144739 
0.138636 
0.121059 
0.131277 
0.12069 
0.131229 
0.122116 
0.131721 
0.126287 
0.134431 
0.128194 
0.133138 
0.141478 
0.119983 
0.106844 
0.134028 
0.121202 
0.120689 
0.119416 
0.115127 
0.118035 
0.107392 
0.113451 
0.121845 
0.113704 
0.0942117 
0.094377 
0.0897582 
0.109028 
0.102459 
0.0919363 
0.101503 
0.115632 
0.127045 
0.120955 
0.106238 
0.108175 
0.119142 
0.101901 
0.102634 
0.107183 
0.0899188 
0.109995 
0.118622 
0.122015 
0.0959097 
0.118518 
0.142647 
0.167438 
0.164656 
0.161671 
0.136359 
0.139114 
0.116854 
0.107802 
0.122229 
0.131048 
0.119002 
0.110794 
0.110017 
0.0994919 
0.0946389 
0.0951024 
0.103798 
0.100756 
0.103 
0.109248 
0.0996589 
0.0870987 
0.0877584 
0.0782821 
0.083085 
0.0985038 
0.115591 
0.100941 
0.100083 
0.0990779 
0.118881 
0.0923694 
0.0936742 
0.107941 
0.114422 
0.114563 
0.112362 
0.0951206 
0.103204 
0.099719 
0.0800125 
0.085631 
0.0834493 
0.0901793 
0.0819096 
0.0812903 
0.0859954 
0.0995052 
0.106842 
0.109288 
0.0970977 
0.0840298 
0.117425 
0.120401 
0.10848 
0.106084 
0.0894237 
0.096443 
0.09418 
0.0884633 
0.11361 
0.099055 
0.114656 
0.121739 
0.130956 
0.122228 
0.113849 
0.111525 
0.125513 
0.134663 
0.129043 
0.126137 
0.144062 
0.176053 
0.165914 
0.160245 
0.157413 
0.13858 
0.111093 
0.118403 
0.118361 
0.117411 
0.129343 
0.121739 
0.136132 
0.138992 
0.127281 
0.121555 
0.117049 
0.0998615 
0.117451 
0.0984383 
0.10183 
0.101961 
0.12062 
0.119221 
0.101825 
0.100944 
0.0939973 
0.0917964 
0.112954 
0.10544 
0.0957477 
0.0917368 
0.103801 
0.109218 
0.0808388 
0.0798885 
0.0867688 
0.0920144 
0.101674 
0.103815 
0.0814533 
0.0912253 
0.105111 
0.108429 
0.101985 
0.1113 
0.103086 
0.0923089 
0.0854792 
0.10355 
0.0843972 
0.0913258 
0.0958348 
0.0935091 
0.103139 
0.104541 
0.0928752 
0.0938496 
0.0880869 
0.0774027 
0.0840174 
0.0914763 
0.0964745 
0.103198 
0.0872227 
0.106869 
0.0962018 
0.0798059 
0.0672966 
0.0939259 
0.0903238 
0.0831547 
0.100937 
0.0906185 
0.101822 
0.106415 
0.110899 
0.107899 
0.108724 
0.101738 
0.126821 
0.133782 
0.120109 
0.128036 
0.103437 
0.124581 
0.112384 
0.114888 
0.127685 
0.125589 
0.109907 
0.108134 
0.103199 
0.103162 
0.0798148 
0.0853879 
0.0880784 
0.0888116 
0.0888956 
0.0882671 
0.0949239 
0.0927875 
0.0863201 
0.113743 
0.104929 
0.110467 
0.0992068 
0.0999368 
0.0885884 
0.0918998 
0.111186 
0.108035 
0.102501 
0.100543 
0.0933189 
0.0818306 
0.0805844 
0.0889761 
0.0863961 
0.0789859 
0.088846 
0.0808093 
0.0965866 
0.0964626 
0.100898 
0.0854515 
0.0833614 
0.0850793 
0.0927125 
0.0974403 
0.107009 
0.104537 
0.0989857 
0.100438 
0.0969413 
0.106099 
0.0937266 
0.113235 
0.0973602 
0.114838 
0.120444 
0.116668 
0.0985387 
0.108398 
0.123054 
0.105175 
0.124501 
0.090565 
0.11344 
0.105921 
0.101594 
0.0841904 
0.0903807 
0.0925088 
0.0906179 
0.0913137 
0.0953855 
0.0847003 
0.0839953 
0.104921 
0.100076 
0.102885 
0.0989524 
0.0911212 
0.0907431 
0.0880474 
0.0855679 
0.096404 
0.0914789 
0.0897128 
0.0980756 
0.0977673 
0.106394 
0.0901908 
0.0934817 
0.0924642 
0.0792077 
0.0724463 
0.079146 
0.0804577 
0.0882174 
0.0832452 
0.0890904 
0.0845538 
0.0912845 
0.088663 
0.0914085 
0.0955259 
0.0813118 
0.0986893 
0.0869003 
0.0918109 
0.101162 
0.0903261 
0.0926565 
0.110401 
0.124541 
0.112082 
0.124354 
0.112894 
0.108378 
0.104812 
0.10084 
0.113217 
0.11327 
0.11081 
0.0912586 
0.106881 
0.0949645 
0.0904647 
0.101984 
0.0931093 
0.0954195 
0.0877934 
0.089852 
0.104773 
0.123915 
0.122085 
0.149992 
0.120976 
0.14351 
0.130755 
0.12119 
0.132142 
0.123216 
0.121149 
0.103429 
0.0912489 
0.0907726 
0.092383 
0.111425 
0.111602 
0.100706 
0.111639 
0.117873 
0.115021 
0.125143 
0.125779 
0.116881 
0.106851 
0.0947879 
0.109179 
0.100245 
0.086498 
0.0853799 
0.0932393 
0.100816 
0.11325 
0.108046 
0.11089 
0.10109 
0.106947 
0.102306 
0.0889958 
0.0907365 
0.0953994 
0.0977722 
0.119132 
0.104861 
0.093394 
0.106701 
0.0915265 
0.108415 
0.0997714 
0.103654 
0.0946218 
0.0939699 
0.0943641 
0.0996403 
0.102184 
0.0968357 
0.0992195 
0.0839176 
0.0796712 
0.0856193 
0.0929448 
0.0929707 
0.0763501 
0.0786659 
0.0766284 
0.0699563 
0.0795039 
0.0866879 
0.0850179 
0.0836512 
0.0885708 
0.0949375 
0.102859 
0.121937 
0.112828 
0.114773 
0.103908 
0.107626 
0.100526 
0.111922 
0.106498 
0.114023 
0.10595 
0.10846 
0.112705 
0.106742 
0.0992834 
0.0902165 
0.0882321 
0.0996145 
0.0930143 
0.0934097 
0.0948832 
0.0883661 
0.0790932 
0.0829665 
0.0901069 
0.0825219 
0.0887047 
0.0862352 
0.0899751 
0.111842 
0.10948 
0.111324 
0.112087 
0.0924541 
0.101486 
0.0967673 
0.106683 
0.114525 
0.104874 
0.101389 
0.107843 
0.091997 
0.107846 
0.111008 
0.111946 
0.115889 
0.119041 
0.0966763 
0.0993337 
0.0969211 
0.0933127 
0.0884774 
0.0902549 
0.0827608 
0.100201 
0.104848 
0.103962 
0.095172 
0.0884173 
0.0933872 
0.0974049 
0.102955 
0.0966929 
0.0856646 
0.0855868 
0.094381 
0.0921342 
0.0893939 
0.0872906 
0.0958977 
0.110953 
0.100075 
0.0936217 
0.0908295 
0.0969301 
0.107197 
0.100344 
0.105093 
0.103936 
0.0938089 
0.0979514 
0.0905644 
0.0957688 
0.0917672 
0.0991863 
0.100662 
0.0986938 
0.0912743 
0.0856956 
0.0818504 
0.0832774 
0.0877919 
0.0876576 
0.097437 
0.0932034 
0.0946288 
0.0945786 
0.0930063 
0.0941661 
0.0829277 
0.0924536 
0.0858144 
0.0944075 
0.0908728 
0.0978464 
0.0958112 
0.101871 
0.0969541 
0.10609 
0.11231 
0.121809 
0.118023 
0.118956 
0.109344 
0.113025 
0.134381 
0.116764 
0.113289 
0.105004 
0.115257 
0.107736 
0.100096 
0.110002 
0.101038 
0.0884459 
0.103412 
0.104905 
0.0949509 
0.1002 
0.0933852 
0.0888298 
0.097485 
0.089938 
0.0822002 
0.103392 
0.093187 
0.091409 
0.0886647 
0.0948527 
0.0842493 
0.088151 
0.0889095 
0.0904198 
0.0908029 
0.0914628 
0.0839949 
0.0901757 
0.0850709 
0.0956407 
0.107074 
0.11314 
0.105936 
0.103269 
0.115976 
0.10577 
0.0912564 
0.0936766 
0.088815 
0.0914144 
0.0913754 
0.10699 
0.113892 
0.114583 
0.104924 
0.106779 
0.0986821 
0.0963497 
0.11159 
0.10711 
0.111117 
0.103504 
0.110867 
0.124196 
0.123069 
0.120921 
0.125287 
0.127036 
0.127298 
0.103843 
0.0878952 
0.0946839 
0.087305 
0.0827069 
0.0825711 
0.0847207 
0.0910148 
0.0902937 
0.0874339 
0.0969193 
0.0887893 
0.0851507 
0.0879463 
0.0982884 
0.0989517 
0.0871552 
0.100324 
0.0805139 
0.0884778 
0.0775033 
0.0753078 
0.0743253 
0.0793258 
0.0880799 
0.0937868 
0.0968983 
0.104859 
0.10128 
0.0980023 
0.111307 
0.0955221 
0.0988927 
0.110168 
0.0969076 
0.0951882 
0.0970738 
0.113051 
0.100182 
0.107875 
0.102414 
0.0998285 
0.0907957 
0.0939401 
0.0986319 
0.0851042 
0.0896747 
0.107177 
0.107886 
0.0964659 
0.108135 
0.0962657 
0.0953227 
0.0903493 
0.111159 
0.101866 
0.0997757 
0.0965353 
0.0843944 
0.0861712 
0.0878884 
0.0936941 
0.0960529 
0.0724634 
0.0767954 
0.0807604 
0.0919393 
0.0729708 
0.101816 
0.0856389 
0.0737759 
0.0739543 
0.0651951 
0.0745849 
0.0984635 
0.116057 
0.112998 
0.109095 
0.114692 
0.10705 
0.116898 
0.115023 
0.124267 
0.113706 
0.113786 
0.0833646 
0.0880518 
0.102322 
0.0944116 
0.0814251 
0.0875442 
0.0956841 
0.0945425 
0.0835459 
0.0892056 
0.0871734 
0.100538 
0.10126 
0.0941899 
0.10475 
0.0975041 
0.110209 
0.124052 
0.104798 
0.104815 
0.101387 
0.0957931 
0.0980518 
0.092419 
0.0965244 
0.0982738 
0.0952353 
0.112912 
0.112082 
0.10172 
0.115676 
0.125621 
0.122133 
0.118064 
0.111283 
0.114491 
0.12213 
0.136166 
0.134055 
0.104394 
0.108809 
0.118436 
0.110625 
0.101893 
0.10135 
0.127485 
0.111786 
0.108845 
0.111639 
0.0991425 
0.114759 
0.126688 
0.131711 
0.113365 
0.108672 
0.0938421 
0.0854051 
0.120517 
0.113708 
0.0961685 
0.0986282 
0.110572 
0.0885802 
0.0940289 
0.089416 
0.0991555 
0.102234 
0.100317 
0.0950931 
0.0892959 
0.0830141 
0.0966347 
0.0824733 
0.10816 
0.109571 
0.0970477 
0.0845471 
0.0871272 
0.0916501 
0.0893797 
0.0850117 
0.0810068 
0.0807665 
0.0830856 
0.0896002 
0.0915758 
0.098243 
0.0898999 
0.0857484 
0.0878157 
0.0862039 
0.0941146 
0.0811589 
0.0793591 
0.0746864 
0.076238 
0.0752892 
0.0827393 
0.0945255 
0.0947296 
0.10188 
0.101259 
0.0980481 
0.105494 
0.109322 
0.0863587 
0.106197 
0.101666 
0.107427 
0.105354 
0.0982666 
0.0946355 
0.104247 
0.0965867 
0.0881936 
0.0896556 
0.0908052 
0.0960417 
0.0856305 
0.086015 
0.0834014 
0.0885458 
0.0955458 
0.0910126 
0.0826018 
0.0800263 
0.0848364 
0.0819785 
0.0835083 
0.0785856 
0.0938268 
0.107617 
0.0874589 
0.0915005 
0.0938441 
0.0875667 
0.0930533 
0.0922646 
0.0923552 
0.0862628 
0.104025 
0.0965458 
0.0995688 
0.0897819 
0.0947149 
0.102127 
0.098042 
0.0963562 
0.0954307 
0.0878827 
0.0872784 
0.0926746 
0.0821267 
0.0780206 
0.074662 
0.0812571 
0.0759526 
0.0770268 
0.0816209 
0.0925498 
0.10203 
0.0991624 
0.0983784 
0.0998031 
0.100682 
0.0929223 
0.0938878 
0.0853998 
0.0924603 
0.107484 
0.105631 
0.112261 
0.106812 
0.0837862 
0.0965309 
0.0829322 
0.0927691 
0.0736702 
0.071265 
0.092805 
0.10515 
0.1034 
0.0976685 
0.115391 
0.114059 
0.117793 
0.103256 
0.122104 
0.127952 
0.122134 
0.117552 
0.0961412 
0.122007 
0.128351 
0.108555 
0.118676 
0.124849 
0.104063 
0.110739 
0.125521 
0.141607 
0.118839 
0.119293 
0.114883 
0.100875 
0.144065 
0.132246 
0.125293 
0.127371 
0.128471 
0.0950203 
0.115487 
0.0988791 
0.12317 
0.14074 
0.151298 
0.12223 
0.116155 
0.111644 
0.125655 
0.140021 
0.14244 
0.147007 
0.134533 
0.141806 
0.14295 
0.124222 
0.116606 
0.123006 
0.100722 
0.11703 
0.113069 
0.125572 
0.107303 
0.104539 
0.109978 
0.102828 
0.0967653 
0.112371 
0.147166 
0.136056 
0.11775 
0.124356 
0.118504 
0.103193 
0.113488 
0.114815 
0.12936 
0.111554 
0.0983313 
0.106262 
0.12998 
0.133543 
0.123602 
0.136225 
0.140112 
0.124826 
0.109967 
0.124453 
0.124164 
0.105185 
0.144225 
0.145481 
0.163026 
0.139937 
0.146945 
0.132531 
0.143566 
0.137174 
0.117004 
0.127341 
0.113408 
0.14155 
0.161076 
0.139913 
0.119336 
0.111454 
0.102027 
0.09936 
0.105334 
0.11691 
0.133126 
0.127032 
0.115657 
0.11281 
0.107205 
0.0939005 
0.101125 
0.0991651 
0.124782 
0.110736 
0.112956 
0.130766 
0.125894 
0.132383 
0.120804 
0.139388 
0.160652 
0.159027 
0.158924 
0.159258 
0.1726 
0.141809 
0.14711 
0.134209 
0.109437 
0.117527 
0.117973 
0.128224 
0.113701 
0.102596 
0.101611 
0.108688 
0.106608 
0.11278 
0.107377 
0.110724 
0.0939321 
0.0951944 
0.115712 
0.109689 
0.133921 
0.122415 
0.113395 
0.118061 
0.102418 
0.113363 
0.12557 
0.114951 
0.0960299 
0.115373 
0.132106 
0.120825 
0.126638 
0.124058 
0.116038 
0.108156 
0.111374 
0.097105 
0.104394 
0.104515 
0.103094 
0.0952482 
0.11051 
0.105089 
0.127135 
0.0974336 
0.0881161 
0.0872396 
0.0878053 
0.0898108 
0.08684 
0.0955339 
0.0916105 
0.11121 
0.11223 
0.0958312 
0.127393 
0.117325 
0.112175 
0.136058 
0.137252 
0.127772 
0.12299 
0.125086 
0.127839 
0.105365 
0.0978433 
0.126625 
0.114888 
0.115376 
0.133417 
0.116845 
0.11432 
0.123037 
0.105194 
0.10899 
0.129359 
0.136774 
0.0929159 
0.111048 
0.118011 
0.115059 
0.122267 
0.135162 
0.148765 
0.152767 
0.161749 
0.138228 
0.145644 
0.146657 
0.132007 
0.125211 
0.126724 
0.132406 
0.135322 
0.127019 
0.116665 
0.122151 
0.121682 
0.142884 
0.138081 
0.120514 
0.120256 
0.127015 
0.142339 
0.158513 
0.141621 
0.144179 
0.128489 
0.131327 
0.13193 
0.161874 
0.144238 
0.140714 
0.129808 
0.167376 
0.131812 
0.154698 
0.131176 
0.138085 
0.138671 
0.137708 
0.142227 
0.149881 
0.119219 
0.1093 
0.109168 
0.113375 
0.124222 
0.111942 
0.125041 
0.129388 
0.117878 
0.110086 
0.136547 
0.134151 
0.130373 
0.139319 
0.147938 
0.125747 
0.119757 
0.14509 
0.142167 
0.135666 
0.131565 
0.117121 
0.125336 
0.127244 
0.127926 
0.110568 
0.118339 
0.12142 
0.101669 
0.123051 
0.12057 
0.0942246 
0.0853034 
0.0828124 
0.0809933 
0.0915663 
0.0837677 
0.106743 
0.0805131 
0.107345 
0.109425 
0.0961694 
0.0972414 
0.0965611 
0.0968277 
0.107744 
0.110735 
0.0906353 
0.0852745 
0.0994308 
0.0917025 
0.0909091 
0.0833353 
0.0823567 
0.0818253 
0.0970137 
0.0940691 
0.113707 
0.094723 
0.117644 
0.108761 
0.106783 
0.0985191 
0.099895 
0.0964344 
0.0978151 
0.0956991 
0.0973805 
0.121013 
0.108765 
0.11213 
0.121723 
0.110976 
0.112545 
0.123601 
0.137225 
0.12472 
0.130444 
0.121656 
0.115228 
0.131711 
0.13844 
0.116648 
0.132163 
0.132218 
0.119066 
0.137804 
0.157282 
0.150434 
0.156711 
0.149684 
0.139725 
0.125687 
0.145039 
0.145423 
0.149453 
0.166704 
0.161494 
0.15703 
0.1317 
0.171955 
0.151896 
0.123178 
0.130527 
0.132675 
0.136952 
0.153772 
0.142788 
0.133405 
0.124954 
0.118955 
0.140989 
0.150309 
0.151072 
0.124416 
0.103235 
0.116467 
0.11697 
0.127358 
0.136213 
0.111492 
0.102546 
0.108959 
0.108054 
0.110117 
0.100892 
0.11013 
0.112661 
0.105656 
0.12716 
0.131289 
0.113116 
0.12925 
0.111326 
0.117508 
0.0921056 
0.114261 
0.121318 
0.118779 
0.109747 
0.0978295 
0.101698 
0.113068 
0.114018 
0.111458 
0.113347 
0.11084 
0.116055 
0.132073 
0.11033 
0.119629 
0.111307 
0.107609 
0.118723 
0.119613 
0.136684 
0.133482 
0.125013 
0.11741 
0.104448 
0.112176 
0.105197 
0.118078 
0.127228 
0.139849 
0.163638 
0.125658 
0.11937 
0.134498 
0.106329 
0.104207 
0.112462 
0.104397 
0.102253 
0.119361 
0.12492 
0.120312 
0.124417 
0.122188 
0.110009 
0.119033 
0.12292 
0.113018 
0.110515 
0.0990247 
0.110144 
0.0758059 
0.0932136 
0.0931927 
0.095817 
0.10565 
0.106327 
0.1157 
0.104264 
0.120457 
0.0987823 
0.112414 
0.104547 
0.11571 
0.120572 
0.147028 
0.171044 
0.162516 
0.135649 
0.127224 
0.121693 
0.130531 
0.12294 
0.123839 
0.100914 
0.121643 
0.116366 
0.110811 
0.113696 
0.102883 
0.104213 
0.108601 
0.0964985 
0.134144 
0.134347 
0.13575 
0.116947 
0.10944 
0.122961 
0.11631 
0.128764 
0.114162 
0.120049 
0.129323 
0.119966 
0.114908 
0.0930441 
0.107299 
0.118203 
0.118382 
0.121727 
0.125455 
0.135965 
0.10225 
0.118834 
0.111488 
0.107476 
0.0996549 
0.126003 
0.105519 
0.114519 
0.114313 
0.123999 
0.130129 
0.135862 
0.150615 
0.153966 
0.128153 
0.148806 
0.112912 
0.105213 
0.145195 
0.142494 
0.124654 
0.104336 
0.102432 
0.0927039 
0.0865697 
0.103569 
0.126319 
0.118195 
0.114123 
0.142113 
0.128419 
0.145059 
0.0956976 
0.0951374 
0.134863 
0.117831 
0.132244 
0.127795 
0.132977 
0.117044 
0.120154 
0.102948 
0.107936 
0.101389 
0.100445 
0.0983659 
0.105991 
0.13165 
0.137458 
0.116641 
0.148556 
0.129409 
0.111635 
0.140257 
0.132325 
0.147715 
0.130021 
0.153507 
0.116351 
0.129421 
0.130949 
0.115126 
0.0926296 
0.12318 
0.127424 
0.133356 
0.130697 
0.129974 
0.130555 
0.139531 
0.137109 
0.131619 
0.109819 
0.0968424 
0.100626 
0.114731 
0.110521 
0.124089 
0.125035 
0.105618 
0.110466 
0.107307 
0.106022 
0.10508 
0.100754 
0.0980672 
0.112392 
0.101326 
0.111254 
0.102618 
0.0983189 
0.0955351 
0.095654 
0.0966958 
0.0992816 
0.0911655 
0.0952738 
0.102391 
0.110291 
0.0937926 
0.105559 
0.0979629 
0.115887 
0.12984 
0.118767 
0.097166 
0.0951785 
0.124566 
0.129454 
0.137123 
0.11939 
0.103997 
0.104874 
0.116533 
0.103434 
0.110455 
0.105176 
0.0996982 
0.113768 
0.103101 
0.115193 
0.112192 
0.100901 
0.104608 
0.108668 
0.114194 
0.115494 
0.0991695 
0.124399 
0.122486 
0.123769 
0.106874 
0.104568 
0.124674 
0.115423 
0.118684 
0.120111 
0.0974182 
0.0974226 
0.102216 
0.0956457 
0.0824019 
0.0831576 
0.0937583 
0.0968538 
0.0846824 
0.0995914 
0.0980971 
0.103295 
0.107722 
0.119794 
0.118512 
0.118826 
0.107212 
0.10341 
0.126465 
0.105386 
0.108957 
0.105224 
0.121211 
0.13779 
0.122532 
0.124448 
0.125925 
0.125978 
0.137308 
0.146876 
0.145723 
0.12194 
0.126311 
0.11502 
0.109067 
0.120827 
0.121788 
0.124455 
0.120683 
0.140854 
0.132515 
0.120649 
0.123417 
0.127461 
0.130498 
0.139054 
0.12548 
0.118209 
0.134464 
0.120968 
0.104421 
0.0913019 
0.0984135 
0.111552 
0.119638 
0.121685 
0.125693 
0.104866 
0.115559 
0.102713 
0.0906878 
0.0985045 
0.0877333 
0.0869864 
0.0775483 
0.0790118 
0.0956296 
0.0906996 
0.0881194 
0.096464 
0.0965939 
0.0919383 
0.080326 
0.1022 
0.108222 
0.0857074 
0.0997734 
0.0992292 
0.108918 
0.106033 
0.0809608 
0.0917624 
0.0846501 
0.0764932 
0.088117 
0.0925036 
0.0990002 
0.109501 
0.10661 
0.110961 
0.126568 
0.114074 
0.115659 
0.129284 
0.108461 
0.114896 
0.111664 
0.102376 
0.0974186 
0.099693 
0.102206 
0.0976796 
0.0895866 
0.0878131 
0.108429 
0.0904149 
0.0966594 
0.102176 
0.106369 
0.102374 
0.10328 
0.104098 
0.0896874 
0.0935869 
0.0985131 
0.0952184 
0.0871984 
0.0990531 
0.106638 
0.112914 
0.128937 
0.125894 
0.0996253 
0.11563 
0.126228 
0.124437 
0.117935 
0.128031 
0.128568 
0.143047 
0.137437 
0.121967 
0.110503 
0.109246 
0.119171 
0.125209 
0.122365 
0.114939 
0.121825 
0.114512 
0.0972344 
0.118805 
0.105572 
0.094721 
0.120169 
0.136466 
0.129447 
0.132694 
0.124875 
0.114089 
0.105771 
0.0952279 
0.106033 
0.107879 
0.098373 
0.0968644 
0.122427 
0.123642 
0.11302 
0.129172 
0.152006 
0.156072 
0.145517 
0.122594 
0.118548 
0.110304 
0.112351 
0.0949065 
0.0970338 
0.0997245 
0.105183 
0.103169 
0.104594 
0.110677 
0.0914142 
0.0982782 
0.0916163 
0.0908989 
0.0904137 
0.0991139 
0.102062 
0.109054 
0.0961407 
0.119041 
0.12586 
0.126434 
0.133357 
0.14082 
0.123737 
0.125799 
0.104224 
0.10214 
0.106652 
0.113677 
0.110751 
0.106818 
0.10528 
0.112337 
0.0974578 
0.0958616 
0.0889186 
0.087712 
0.10381 
0.0976434 
0.113846 
0.106319 
0.109241 
0.108641 
0.124009 
0.131955 
0.116285 
0.125528 
0.130958 
0.127931 
0.122713 
0.120042 
0.135296 
0.119731 
0.113539 
0.117832 
0.110977 
0.111764 
0.110199 
0.122314 
0.110901 
0.130814 
0.125452 
0.11813 
0.136453 
0.141344 
0.156566 
0.122507 
0.123508 
0.132108 
0.118319 
0.110296 
0.103099 
0.0988156 
0.10976 
0.110255 
0.0847767 
0.113015 
0.111844 
0.112519 
0.106125 
0.100943 
0.112558 
0.110927 
0.100387 
0.0897519 
0.0909878 
0.102559 
0.106216 
0.0998022 
0.102042 
0.10243 
0.102777 
0.0863011 
0.0739956 
0.0951197 
0.0980767 
0.0925489 
0.0977019 
0.120981 
0.11849 
0.147616 
0.137246 
0.142762 
0.138878 
0.131236 
0.121285 
0.105062 
0.116636 
0.113325 
0.115326 
0.109835 
0.114782 
0.109772 
0.104566 
0.115516 
0.132123 
0.127223 
0.130676 
0.132856 
0.133154 
0.1241 
0.130144 
0.116848 
0.121392 
0.125385 
0.11086 
0.108149 
0.100872 
0.116157 
0.103044 
0.107747 
0.103328 
0.0973125 
0.102843 
0.0940663 
0.0906071 
0.0986087 
0.0893043 
0.106559 
0.100563 
0.0973394 
0.0877033 
0.0925976 
0.0861487 
0.0892193 
0.0911458 
0.0995114 
0.0809857 
0.0831619 
0.0889803 
0.0929327 
0.0971029 
0.0958044 
0.0883448 
0.100356 
0.0937065 
0.0910305 
0.104867 
0.104153 
0.0955445 
0.0909224 
0.0788835 
0.080799 
0.0864782 
0.0971828 
0.100088 
0.0851307 
0.091568 
0.0957609 
0.0979577 
0.0974843 
0.0947265 
0.0826903 
0.0924801 
0.0870523 
0.0951941 
0.0794182 
0.0846379 
0.0900518 
0.0809293 
0.0939623 
0.0881163 
0.0807748 
0.0934409 
0.0936015 
0.0893158 
0.0888792 
0.0915029 
0.092522 
0.104145 
0.0946228 
0.0781343 
0.100885 
0.0896757 
0.0828592 
0.0801706 
0.0759357 
0.082528 
0.077516 
0.0923736 
0.0875441 
0.0933745 
0.0805907 
0.0751963 
0.0748241 
0.0718698 
0.0710908 
0.0787841 
0.0800648 
0.0770261 
0.0834945 
0.0846108 
0.0948542 
0.101865 
0.0927871 
0.0948347 
0.0894588 
0.0888689 
0.0930612 
0.0995298 
0.0939138 
0.099768 
0.0987638 
0.0853152 
0.0838031 
0.0796872 
0.0765303 
0.0854594 
0.0917503 
0.0930167 
0.088772 
0.0869873 
0.0915167 
0.0808297 
0.104568 
0.102354 
0.105195 
0.090751 
0.0921755 
0.0970808 
0.112538 
0.108941 
0.128548 
0.134237 
0.135244 
0.147538 
0.123578 
0.142334 
0.113902 
0.127709 
0.115395 
0.109299 
0.0987713 
0.0885832 
0.0937204 
0.0988354 
0.107303 
0.129903 
0.113457 
0.11934 
0.133325 
0.145677 
0.156335 
0.130363 
0.140599 
0.115714 
0.145521 
0.143951 
0.143837 
0.142173 
0.119559 
0.110801 
0.110824 
0.120805 
0.140431 
0.12282 
0.144496 
0.149674 
0.139775 
0.134835 
0.124929 
0.122021 
0.104923 
0.113162 
0.101377 
0.0917422 
0.0988699 
0.109015 
0.118169 
0.0902821 
0.106024 
0.0972943 
0.114202 
0.107457 
0.10787 
0.0992287 
0.109508 
0.109164 
0.118177 
0.113013 
0.117897 
0.0927909 
0.102004 
0.113515 
0.105723 
0.118755 
0.108002 
0.105936 
0.0994425 
0.108084 
0.104175 
0.108325 
0.107537 
0.114372 
0.121469 
0.116964 
0.119933 
0.111475 
0.106259 
0.116154 
0.10997 
0.118178 
0.112184 
0.125182 
0.131845 
0.123976 
0.131406 
0.141211 
0.157664 
0.15444 
0.127228 
0.15426 
0.137307 
0.116394 
0.124934 
0.13846 
0.15095 
0.151803 
0.149692 
0.130469 
0.133117 
0.134331 
0.135644 
0.103601 
0.115964 
0.110492 
0.124398 
0.125195 
0.121026 
0.137502 
0.150043 
0.122884 
0.128304 
0.089586 
0.108271 
0.112088 
0.117126 
0.0937601 
0.136427 
0.113396 
0.145627 
0.142024 
0.144665 
0.14767 
0.166792 
0.155774 
0.147541 
0.150393 
0.132048 
0.0945075 
0.102618 
0.120323 
0.10797 
0.134364 
0.135369 
0.124105 
0.118198 
0.119317 
0.119927 
0.107955 
0.0971374 
0.0999838 
0.11252 
0.106027 
0.102852 
0.110446 
0.0953657 
0.125108 
0.113587 
0.111206 
0.11837 
0.143558 
0.143009 
0.157656 
0.168674 
0.150415 
0.1324 
0.135773 
0.142524 
0.134605 
0.122261 
0.142367 
0.11789 
0.118666 
0.139965 
0.139612 
0.119824 
0.131176 
0.127744 
0.130206 
0.138314 
0.140659 
0.120611 
0.129807 
0.136038 
0.121482 
0.133181 
0.131625 
0.127322 
0.112057 
0.142404 
0.141015 
0.127027 
0.120968 
0.136435 
0.11484 
0.109124 
0.116813 
0.124327 
0.111055 
0.124644 
0.127272 
0.132148 
0.135056 
0.113152 
0.129665 
0.110268 
0.120665 
0.109417 
0.112136 
0.119991 
0.121227 
0.116195 
0.118114 
0.110474 
0.110624 
0.1035 
0.099796 
0.0900212 
0.0905225 
0.101377 
0.105395 
0.119111 
0.118743 
0.123146 
0.0976512 
0.102638 
0.0916463 
0.0994557 
0.0973734 
0.089137 
0.0872998 
0.0769241 
0.0756638 
0.0895531 
0.0920647 
0.101346 
0.0960919 
0.111521 
0.109709 
0.121635 
0.103579 
0.107029 
0.0925924 
0.0907174 
0.0900032 
0.0904727 
0.0962185 
0.0862501 
0.0895605 
0.0838485 
0.0860278 
0.109666 
0.110518 
0.0981405 
0.100399 
0.116193 
0.122657 
0.115376 
0.099139 
0.112436 
0.12738 
0.119647 
0.11131 
0.132452 
0.130352 
0.119434 
0.113115 
0.1193 
0.0993947 
0.0999724 
0.0920069 
0.0981624 
0.0830264 
0.097563 
0.120375 
0.108993 
0.109583 
0.108499 
0.106201 
0.0963779 
0.115081 
0.11598 
0.109949 
0.107947 
0.133477 
0.118243 
0.11641 
0.114865 
0.100542 
0.111133 
0.0944533 
0.0935969 
0.0864897 
0.101263 
0.099594 
0.10264 
0.10616 
0.1117 
0.100006 
0.110639 
0.0992454 
0.0975644 
0.0731794 
0.0789048 
0.0933245 
0.0856598 
0.0812144 
0.0987932 
0.0958033 
0.110021 
0.106884 
0.0902642 
0.0987598 
0.120344 
0.105372 
0.110236 
0.0949986 
0.0965658 
0.0915012 
0.0969396 
0.109341 
0.121462 
0.104332 
0.0975871 
0.105451 
0.102007 
0.0977294 
0.0966443 
0.111368 
0.094108 
0.0915121 
0.115504 
0.115252 
0.0997244 
0.0982716 
0.0949941 
0.0864564 
0.0803996 
0.0899008 
0.0864537 
0.0909727 
0.0816858 
0.0881282 
0.0986601 
0.100182 
0.105018 
0.10361 
0.114034 
0.105387 
0.106517 
0.102349 
0.0913468 
0.0852092 
0.107674 
0.10539 
0.096206 
0.0873671 
0.0794019 
0.0860342 
0.0656433 
0.0886999 
0.08966 
0.0823848 
0.0734163 
0.0886515 
0.0864138 
0.0873579 
0.0808128 
0.0820629 
0.0847721 
0.0880614 
0.0805134 
0.0965286 
0.0936732 
0.115507 
0.106788 
0.11081 
0.101819 
0.0936258 
0.10959 
0.10514 
0.112298 
0.108799 
0.114181 
0.107069 
0.0970772 
0.098073 
0.105654 
0.0969731 
0.0893421 
0.0965842 
0.112128 
0.112539 
0.092641 
0.0998576 
0.101774 
0.106119 
0.110223 
0.0964436 
0.104556 
0.122956 
0.100747 
0.116098 
0.111329 
0.121749 
0.137657 
0.116344 
0.137831 
0.121649 
0.131882 
0.124034 
0.125918 
0.1076 
0.124596 
0.151314 
0.144183 
0.14085 
0.117049 
0.0994231 
0.121765 
0.120971 
0.142918 
0.128668 
0.139157 
0.138415 
0.135025 
0.131139 
0.13857 
0.129887 
0.129884 
0.113803 
0.120728 
0.108649 
0.126332 
0.147689 
0.133647 
0.159362 
0.140678 
0.150912 
0.128388 
0.117313 
0.0959914 
0.103436 
0.113733 
0.115094 
0.129379 
0.121933 
0.108603 
0.100624 
0.0911494 
0.110155 
0.127871 
0.105637 
0.0989489 
0.0985538 
0.100641 
0.0935175 
0.105283 
0.113503 
0.102139 
0.10357 
0.0945364 
0.105449 
0.129498 
0.122551 
0.119483 
0.127191 
0.132409 
0.12792 
0.128204 
0.123928 
0.116195 
0.117118 
0.0963949 
0.10782 
0.117813 
0.140992 
0.118401 
0.106343 
0.0929017 
0.108462 
0.113278 
0.108381 
0.116271 
0.122994 
0.129347 
0.154173 
0.136827 
0.109526 
0.125523 
0.102832 
0.118308 
0.131699 
0.129494 
0.142414 
0.152925 
0.158543 
0.160469 
0.137674 
0.14334 
0.13806 
0.136957 
0.127253 
0.145837 
0.140245 
0.12134 
0.11776 
0.118046 
0.120242 
0.112332 
0.110019 
0.112635 
0.0962596 
0.0904025 
0.0967873 
0.0970893 
0.12647 
0.118903 
0.128777 
0.13495 
0.123631 
0.110003 
0.0936729 
0.1023 
0.102447 
0.103279 
0.108171 
0.112883 
0.116646 
0.0986014 
0.105848 
0.0986431 
0.120772 
0.125519 
0.120375 
0.126636 
0.120913 
0.114592 
0.119879 
0.109247 
0.0976636 
0.0956959 
0.0987006 
0.0858672 
0.0849601 
0.082822 
0.0834088 
0.0992989 
0.0893546 
0.0921928 
0.0977331 
0.0851492 
0.0830203 
0.0840569 
0.107216 
0.0984292 
0.105079 
0.105499 
0.106893 
0.108121 
0.12067 
0.112718 
0.102812 
0.0954074 
0.116648 
0.104696 
0.118715 
0.119805 
0.125688 
0.124032 
0.123211 
0.107545 
0.0948552 
0.104981 
0.106725 
0.101005 
0.0864673 
0.0909312 
0.0943782 
0.101776 
0.107974 
0.10118 
0.0883471 
0.0801426 
0.0872728 
0.0878133 
0.0854872 
0.0808582 
0.0805554 
0.0898604 
0.0841613 
0.095984 
0.0754348 
0.076084 
0.0700904 
0.0666958 
0.0699182 
0.0701444 
0.0768863 
0.0735545 
0.0836029 
0.0865834 
0.0824413 
0.0898277 
0.0889371 
0.104211 
0.100628 
0.0943344 
0.0977743 
0.097118 
0.0973582 
0.100877 
0.0899146 
0.0822794 
0.0843019 
0.0790744 
0.0877645 
0.0870215 
0.0945879 
0.118553 
0.13062 
0.100493 
0.111482 
0.106746 
0.0950795 
0.107196 
0.111371 
0.100065 
0.0806266 
0.0860428 
0.103907 
0.103719 
0.0970134 
0.0939417 
0.0865441 
0.0858619 
0.100354 
0.0918734 
0.104904 
0.0886273 
0.0954874 
0.102605 
0.106374 
0.105074 
0.114934 
0.117868 
0.0979102 
0.106374 
0.0979601 
0.0937261 
0.091603 
0.0881725 
0.109588 
0.104607 
0.0838698 
0.0783218 
0.0859217 
0.0983829 
0.110862 
0.112539 
0.105006 
0.108809 
0.102094 
0.0994246 
0.106528 
0.126265 
0.145092 
0.136308 
0.13545 
0.118729 
0.113524 
0.111567 
0.107639 
0.110377 
0.136621 
0.118221 
0.113134 
0.0963168 
0.0930573 
0.115726 
0.11301 
0.0944752 
0.112228 
0.120391 
0.128107 
0.117649 
0.114061 
0.107931 
0.118575 
0.104617 
0.114209 
0.106754 
0.102247 
0.0831897 
0.107377 
0.0901945 
0.095197 
0.101276 
0.0794778 
0.0947538 
0.0942483 
0.104353 
0.109197 
0.114524 
0.100758 
0.102996 
0.0950083 
0.108685 
0.113622 
0.110799 
0.104315 
0.105458 
0.0953652 
0.0938135 
0.103847 
0.105468 
0.102285 
0.0987386 
0.0981849 
0.103516 
0.11211 
0.119935 
0.109689 
0.11796 
0.107734 
0.0981254 
0.0988516 
0.097126 
0.102742 
0.104064 
0.0947609 
0.0947616 
0.0944691 
0.0941195 
0.0936806 
0.0894722 
0.0974124 
0.0871298 
0.0960499 
0.0973937 
0.0838489 
0.0883037 
0.0882856 
0.0852174 
0.0872181 
0.0832631 
0.0751521 
0.0758387 
0.0773763 
0.0747702 
0.0682134 
0.0700256 
0.0888685 
0.0936857 
0.088928 
0.0867863 
0.086914 
0.0834868 
0.100065 
0.100378 
0.104785 
0.103216 
0.111386 
0.108654 
0.0959375 
0.0866178 
0.0814181 
0.0762379 
0.079146 
0.0660733 
0.0702266 
0.0695094 
0.0713354 
0.0764597 
0.0994965 
0.0987537 
0.0976519 
0.094747 
0.0908012 
0.0948853 
0.085373 
0.0767977 
0.079065 
0.0797735 
0.0716749 
0.0774379 
0.0784125 
0.0769728 
0.0684314 
0.0739191 
0.0750485 
0.0730977 
0.0707282 
0.0824935 
0.0884429 
0.100777 
0.0947816 
0.0894937 
0.110716 
0.121204 
0.121026 
0.104131 
0.104153 
0.10172 
0.100819 
0.0883321 
0.0866834 
0.100825 
0.108093 
0.113508 
0.0960059 
0.105352 
0.0985844 
0.0969922 
0.0886674 
0.0922655 
0.0975712 
0.0936713 
0.104517 
0.0955616 
0.0987894 
0.101676 
0.0984036 
0.100533 
0.0978468 
0.0797879 
0.0793424 
0.0794404 
0.100928 
0.10563 
0.102876 
0.0964275 
0.107884 
0.102322 
0.108737 
0.106382 
0.105456 
0.0939579 
0.0940781 
0.11054 
0.110657 
0.0965056 
0.101827 
0.0976941 
0.0892348 
0.0887445 
0.0954046 
0.10259 
0.100719 
0.10558 
0.12363 
0.102286 
0.0992109 
0.097527 
0.0931478 
0.0895751 
0.0992496 
0.0992453 
0.0906853 
0.0933329 
0.114944 
0.106026 
0.105244 
0.120177 
0.115976 
0.106947 
0.0999261 
0.0908886 
0.0950509 
0.0931536 
0.0859703 
0.0912915 
0.084674 
0.0841353 
0.0948206 
0.0982591 
0.0745144 
0.0848807 
0.102107 
0.0996754 
0.113938 
0.107326 
0.12171 
0.113629 
0.106689 
0.126572 
0.122373 
0.114466 
0.113995 
0.106568 
0.099313 
0.104557 
0.0958363 
0.09409 
0.0984833 
0.0895526 
0.0840739 
0.0907234 
0.102379 
0.0843552 
0.085521 
0.0878192 
0.0823373 
0.0860838 
0.0833674 
0.0764299 
0.0857159 
0.0858943 
0.0821609 
0.0824528 
0.085633 
0.0811524 
0.0824786 
0.0860637 
0.0901199 
0.104807 
0.0956348 
0.0960801 
0.0928558 
0.0869151 
0.0893272 
0.0814539 
0.0902303 
0.092586 
0.090304 
0.0793936 
0.0828601 
0.0772962 
0.0816265 
0.0744009 
0.0929004 
0.0986053 
0.11437 
0.113887 
0.116367 
0.122831 
0.125812 
0.134546 
0.132406 
0.137563 
0.145563 
0.152976 
0.15876 
0.155841 
0.140242 
0.129807 
0.143008 
0.125746 
0.127393 
0.132376 
0.129339 
0.147088 
0.123955 
0.107017 
0.114674 
0.129777 
0.130475 
0.117974 
0.115485 
0.125129 
0.10895 
0.118093 
0.120386 
0.139706 
0.124299 
0.115466 
0.111685 
0.111354 
0.111056 
0.132643 
0.116279 
0.109478 
0.118473 
0.112106 
0.095135 
0.103241 
0.10871 
0.109396 
0.0974448 
0.0973856 
0.120297 
0.11517 
0.120455 
0.123139 
0.119063 
0.125169 
0.117704 
0.112046 
0.104624 
0.0970555 
0.109738 
0.105336 
0.109172 
0.102074 
0.096739 
0.08037 
0.0799843 
0.0956461 
0.0969586 
0.0902439 
0.0904832 
0.090977 
0.101896 
0.099411 
0.119423 
0.134745 
0.123209 
0.123762 
0.118924 
0.120872 
0.122312 
0.140482 
0.130805 
0.105555 
0.0960938 
0.0850343 
0.091376 
0.0769326 
0.0867321 
0.102171 
0.0936085 
0.093874 
0.0830586 
0.0945844 
0.0830144 
0.0825732 
0.0942704 
0.0945782 
0.095493 
0.0997041 
0.0991848 
0.100565 
0.106873 
0.0903798 
0.0800059 
0.0999341 
0.0885842 
0.0941499 
0.0908933 
0.0991114 
0.106514 
0.119872 
0.120483 
0.11787 
0.10357 
0.103199 
0.0988817 
0.0850177 
0.0748464 
0.0921541 
0.0908354 
0.0974383 
0.0891429 
0.0996831 
0.0851712 
0.095023 
0.0934906 
0.0871022 
0.0830913 
0.0817923 
0.0868283 
0.0875549 
0.0863447 
0.0948861 
0.075077 
0.086382 
0.0831635 
0.0802434 
0.072729 
0.0722536 
0.0777051 
0.0813379 
0.0734338 
0.0777292 
0.0798299 
0.0808291 
0.0806098 
0.101901 
0.102324 
0.0881268 
0.0979278 
0.0783937 
0.0690373 
0.0768111 
0.0812373 
0.0855221 
0.0906467 
0.100045 
0.0981868 
0.0931104 
0.0866268 
0.0805838 
0.0960313 
0.0955009 
0.0910326 
0.0770317 
0.0830624 
0.076565 
0.0680127 
0.0683346 
0.0813417 
0.0986555 
0.0888503 
0.0942836 
0.0909346 
0.0974543 
0.105764 
0.109504 
0.101675 
0.0970725 
0.100835 
0.109902 
0.099961 
0.118055 
0.117913 
0.1185 
0.102918 
0.124944 
0.12451 
0.120418 
0.0997588 
0.0976149 
0.106132 
0.0936075 
0.0960065 
0.0975766 
0.0888804 
0.0921776 
0.0924784 
0.0970786 
0.096179 
0.104373 
0.0991575 
0.103371 
0.0940225 
0.095199 
0.0941798 
0.0863202 
0.0960908 
0.100498 
0.10185 
0.0886112 
0.0973323 
0.0999698 
0.0979646 
0.100268 
0.107135 
0.111006 
0.108972 
0.105514 
0.103833 
0.10118 
0.102093 
0.08489 
0.0825619 
0.0874105 
0.0819561 
0.0955924 
0.0889887 
0.097917 
0.0819187 
0.091883 
0.0780052 
0.0851389 
0.0873924 
0.0920416 
0.0824429 
0.0833323 
0.0892323 
0.0918952 
0.0890066 
0.0892812 
0.0858205 
0.0797042 
0.0799812 
0.0805726 
0.0852279 
0.0895502 
0.0716191 
0.0732372 
0.0843888 
0.0868334 
0.0863769 
0.0915074 
0.0790474 
0.0924341 
0.0952251 
0.0856716 
0.0826716 
0.0903122 
0.0909863 
0.0823272 
0.0818769 
0.0916947 
0.0917682 
0.0823588 
0.0745946 
0.0814522 
0.0809437 
0.0871927 
0.0833914 
0.0879059 
0.0899033 
0.0821776 
0.0920249 
0.0828676 
0.092378 
0.0814279 
0.073518 
0.0805117 
0.0835933 
0.0961465 
0.0881891 
0.0893032 
0.0820426 
0.0816355 
0.0848949 
0.0788152 
0.0740187 
0.0871747 
0.0959289 
0.0883224 
0.0937024 
0.0785892 
0.0858244 
0.0903235 
0.0888602 
0.0889691 
0.0911561 
0.0955133 
0.0812069 
0.0770187 
0.0685333 
0.0752969 
0.0695865 
0.0776781 
0.0850989 
0.0815741 
0.0821905 
0.0745436 
0.0720215 
0.0855968 
0.0885215 
0.0848589 
0.0834865 
0.0950221 
0.0900044 
0.0952912 
0.0862581 
0.101983 
0.100023 
0.0968667 
0.0919087 
0.0855553 
0.0907731 
0.0824706 
0.0848891 
0.0810336 
0.0805259 
0.0907167 
0.092359 
0.0941985 
0.0803215 
0.086942 
0.084297 
0.081727 
0.0881077 
0.0870791 
0.10035 
0.0808255 
0.0971997 
0.080484 
0.074898 
0.0770274 
0.0726632 
0.0811103 
0.0762191 
0.076365 
0.0672125 
0.0894902 
0.0843459 
0.084901 
0.0776497 
0.100108 
0.0904201 
0.0840013 
0.0934758 
0.0894023 
0.0927866 
0.0902465 
0.0924827 
0.10662 
0.0902141 
0.0918174 
0.121616 
0.0991804 
0.10053 
0.0997315 
0.0972833 
0.105682 
0.093105 
0.0971356 
0.093223 
0.0959964 
0.104234 
0.110284 
0.113145 
0.094094 
0.0888086 
0.0962388 
0.0944222 
0.095364 
0.0900032 
0.0882747 
0.100083 
0.10189 
0.0904557 
0.106466 
0.108267 
0.114566 
0.126218 
0.100985 
0.112707 
0.115418 
0.102191 
0.0982123 
0.0995978 
0.104235 
0.0915376 
0.0991047 
0.0888072 
0.084594 
0.0881645 
0.0957227 
0.0985537 
0.0978977 
0.0950249 
0.101054 
0.10153 
0.103631 
0.101621 
0.111421 
0.099902 
0.109731 
0.113088 
0.101651 
0.100772 
0.09534 
0.0923092 
0.0807608 
0.0820242 
0.0736578 
0.0820351 
0.0799199 
0.0775698 
0.0779382 
0.0866623 
0.0949381 
0.0846084 
0.0912312 
0.0808539 
0.0798003 
0.0774375 
0.0886508 
0.0747839 
0.0756915 
0.0777575 
0.0929972 
0.0878271 
0.090822 
0.0904056 
0.0933639 
0.0886875 
0.0978894 
0.0913733 
0.079493 
0.0737545 
0.0729616 
0.080154 
0.0909864 
0.0913135 
0.0943822 
0.096614 
0.101122 
0.102361 
0.0904838 
0.0915655 
0.0950059 
0.0993293 
0.108412 
0.115625 
0.104879 
0.102246 
0.0938098 
0.0979113 
0.0859869 
0.0861302 
0.0945308 
0.0976382 
0.0988154 
0.0938052 
0.0857513 
0.0893587 
0.0989162 
0.0888396 
0.0957863 
0.0979112 
0.0960028 
0.0799453 
0.0962858 
0.0775836 
0.0732986 
0.100674 
0.0983341 
0.102751 
0.101501 
0.0963407 
0.0954196 
0.0945866 
0.077849 
0.0859414 
0.103563 
0.114244 
0.0994717 
0.102582 
0.0977431 
0.087203 
0.101251 
0.102139 
0.104359 
0.100154 
0.101854 
0.0969943 
0.0946454 
0.108594 
0.104333 
0.101537 
0.120379 
0.114668 
0.109328 
0.108496 
0.0931073 
0.0897619 
0.093491 
0.100775 
