4000 5 10
0 0
0 0
0 0
0 0
0 0
0 0
0 0
0 0
0 0
0 0
0 0
0 0
0 0
0 0
0 0
0 0
0 0
0 0
0 0
0 0
0 0
0 0
0 0
0 0
0 0
0 0
0 0
0 0
0 0
0 0
0 0
0 0
0 0.000467052
0 0.00280231
0 0.0112092
0 0.0126104
0.000467052 0.00980809
0 0.0107422
0 0.0102751
0.00140116 0.00607167
0 0.00934104
0 0.0107422
0 0.00233526
0 0.00840693
0 0.0107422
0 0.00887399
0 0.00840693
0 0.00747283
0 0.00280231
0 0.00467052
0 0
0 0
0 0
0 0
0 0
0 0
0 0
0 0
0 0
0 0
0 0
0 0
0 0
-0.0025927 0
0.00671867 0
0 0
0 0
0 0
0 0
0 0
0 0
0 0
0 0
0 0
0 0
0 0
0 0
0 0
0 0
0 0
0 0
0 0
0 0
-0.00241988 0
-0.0032265 -0.000806626
0 -0.00403313
0 -0.0104861
0 -0.0177458
-0.00161325 -0.0112928
-0.00161325 -0.0112928
-0.00161325 -0.00564638
0 -0.00161325
0 0
0 0
0 0
0 0
0 0
0 0
0 0
0 0
0 0
0 0
0 0
0 0
0 0
0 0
0 0
0 0
0 0
0 0
0 0
0 0
0 0
0 0
0 0
0 0
0 0
0 0
0 0
0 0
0 0
0 0
0 0
0 0
0 0
0 0
0 0
0 0
0 0
0 0
0 0
0 0
0 0
0 0
0 0
0 0
0 0
0 0
0 0
0 0
0 0
0 0
0 0
0 0
0 0
0 0
0 0
0 0
0 0
0 0
0 0
0 0
0 0
0 0
0 0
0 0
0 0
0 0
0 0
0 0
0 0
0 0
0 0
0 0
0 0
0 0
0 0
0 0
0 0
0 0
0 0
0 0
0 0
0 0
0 0
0 0
0 0
0 0
0 0
0 0
0 0
0 0
0 0
0 0
0 0
0 0
0 0
0 0
0 0
0 0
0 0
0 0
0 0
0 0
0 0
0 0
0 0
0 0
0 0
0 0
0 0
0 0
0 0
0 0
0 0
0 0
0 0
0 0
0 0
0 0
0 0
0 0
0 0
0 0
0 0
0 0
0 0
0 0
0 0
0 0
0 0
0 0
0 0
0 0
0 0
0 0
0 0
0 0
0 0
0 0
0 0
0 0
0 0
0 0
0 0
0 0
0 0
0 0
0 0
0 0
0 0
0 0
0 0
0 0
0 0
0 0
0 0
0 0
0 0
0 0
0 0
0 0
0 0
0 0
0 0
0 0
0 0
0 0
0 0
0 0
0 0
0 0
0 0
0 0
0 0
0 0
0 0
0 0
0 0
0 0
0 0
0 0
0 0
0 0
0 0
0 0
-0.0016214 0
0 0
0 0
0 0
0 0
0 0
0 0
0 0
0 0
0 0
0 0
0 0
0 0
0 0
0 0
0 0
0 0
0 0
0 0
0 0
0 0
0 0
0 0
0 0
0 0
0 0
0 0
0 0
0 0
0 0
0 0
0 0
0 0
0 0
0 0
0 0
0 0
0 0
0 0
0 0
0 0
0 0
0 0
0 0
0 0
0 0
0 0
0 0
0 0
0 0
0 0
0 0
0 0
0 0
0 0
0 0
0 0
0 0
0 0
0 0
0 0
0 0
0 0
0 0
0 0
0 0
0 0
0 0
0 0
0 0
0 0
0 0
0 0
0 0
0 0
0 0
0 0
0 0
0 0
0 0
0 0
0 0
0 0
0 0
0 0
0 0
0 0.00116758
0 0
0 0
0 0
0 0
0 0
0 0
0 0
0 0
0 0
0 0
0 0
0 0
0 0
0 0
0 0
0 0
0.0017184 0
0 0
0 0
0 0
0 0
0 0
0 0
0 0
0 0
0 0
0 0
0 0
0 0
0 0
0 0
0 0
0 0
0 0
0 0
0 0
0 0
0 0
0 0
0 0
0 0
0 0
0 0
0 0
0 0
0 0
0 0
0 0
0 0
0 0
0 0
0 0
0 0
0.000842567 0
0.00337027 0
0.0025277 0
0.000842567 0
0 0
0 0
0 0
0 0
0 0
0 0
0 0
0 0
0 0
0 0
0 0
0 0
0 0
0 0
0 0
0 0
0 0
0 0
0 0
0 0
0 0
0 0
0 0
0 0
0 0
0 0
0 0
0 0
0 0
0 0
0 0
0 0
0 0
0 0
0 0
0 0
0 0
0 0
0 0
0 0
0 0
0 0
0 0
0 0
0 0
0 0
0 0
0 0
0 0
0 0
0 0
0 0
0 0
0 0
0 0
0 0
0 0
0 0
0 0
0 0
0 0
0 0
0 0
0 0
0 0
0 0
0 0
0 0
0 0
0 0
0 0
0 0
0 0
0 0
0 0
0 0
0 0
0 0
0 0
0 0
0 0
0 0
0 0
0 0
0 0
-0.00047578 0
0 0
0 0
0 0
0 0
0 0
0 0
0 0
0 0
0 0
0 0
0 0
0 0
0 0
0 0
0 0
0 0
0 0
0 0
0 0
0 0
0 0
0 0
0 0
0 0
-0.0028459 0
0 0
0 0
0 0
0 0
0 0
0 0
0 0
-0.000253947 0
0 0
0 0
0 0
0 0
0 0
0 -0.0106089
0 -0.0106089
0 0
0 0
0 0
0 0
-0.00326138 0
-0.00203836 0
-0.00184526 0
-0.000407672 0
0 0
0 0
-0.0017499 0
-0.00699962 0
-0.00874952 0
0 0
0 0
0 0
0 0
0 0
0 0
0 0
0 0
-0.00558125 0
-0.00697656 0
-0.00418594 0
-0.00837188 0
-0.00139531 0
0 0
0 0
0 -0.00106997
0 0
0 0
0 0
0 0
0 0
0 0
0 0
0 0
0 0
0 0
0 0
0 0
0 0
0 0
0 0
0 0
0 0
0 0
0 0
0 0
0 0
0 0
0.0026392 0
0.0052784 0
0 0
0 0
0 0
0 0
0 0
0 0
0 0
0 0
0 0
0 0
0 0
0 0
0 0
0 0
0 0
0 0
0 0
0 0
0 0
0 0
0 0
0 0
0 0
0 0
0 0
0 0
0 0
0 0
0 0
0 0
0 0
0 0
0 0
0 0
0 0
0 0
0 0
0 0
0 0
0 0
0 0
0 0
0 0
0 0
0 0
0 0
0 0
0 -0.0242833
0 -0.0971333
0 -0.0323778
0 0
0 0
0 0
0 0
0 0
0.00174776 0
0 0
0 0
0 0
0 0
0 0
0 0
0 0
0 0
0 0
0 0
0 0
0 0
0 0
0 0
0 0
0 0
0 0
0 0
0 0
0 0
0 0
0 0
0 0
0 0
0 0
0 0
0 0
0 0
0 0
0 0
0 0
0 0
0 0
0 0
0 0
0 0.0501812
0 0.0627265
0 0.0516537
0 0.0125453
0.0125453 0.0125453
0 0
0 0
0 0
0 0
0 0
0 0
0 0
0 0
0 0
0 0
0 0
0 0
0 0
0 0
0 0
0 0
0 0
0 0
0 0
0 0
0 0
0 0
0 0
0 0
0 0
0 0
0 0
0 0
0 0
0 0
0 0
0 0
0 0
0 0
0 0
0 0
0 0
0 0
0 0
0 0
-0.0040277 0
0 0
0 0
0 0
0 0
0 0
0 0
0 0
0 0
0 0
0 0
0 0
0 0
0 0
0 0
0 0
0 0
0 0
0 0
0 0
0 0
0 0
0 0
0 0
0 0
0 0
0 0
0 0
0 0
0 0
0 0
0 0
0 0
0 0
0 0
0 0
0 0
0 0
0 0
0 0
0 0
0 0
0 0
0 0
0 0
0 0
0 0
0 0
0 0
0 0
0 0
0 0
0 0
0 0
0 0
0 0
0 0
0.000613998 0
0.00184199 0
0.00184199 0
0 0
0 0
0 0
0 0
0 0
0 0
0 0
0 0
0 0
0 0
0 0
0 0
0 0
0 0
0 0
0 0
0 0
0 0
0 0
0 0
0 0
0 0
0 0
0 0
0 0
0 0
0 0
0 0
0 0
0 0
0 0
0 0
0 0
0 0
0 0
0 0
0 0
0 0
0 0
0 0
0.00123979 0
0.00495915 0
0.00619894 0
0 0
0 0.000630966
0 0.00126193
0 0.00126193
0 0.00252386
0 0.00378579
0 0.00252386
0 0.00946448
0 0.00504773
0 0.00126193
0 0.00441676
0.000630966 0.0113574
0 0.0201909
0 0.018929
0 0.0132503
0 0.00252386
0 0
0 0
0 0
0 0
0.00251758 0
0 0
0 0
0 0
0 0
0 0
0 0
0 0.00224245
0 0
0 0
0 0
0 0
0 0
0 0
0 0
0 0
0 0
0 0
0 0
0 0
0 0
0 0
0 0
0 0
0 0
0 0
0 0
0 0
0 0
0 0
0 0
0 0
0 0
0 0
0 0
0 0
0 0
0 0
0 0
0 0
0 0
0 0
0 0
0 0
0 0
0 0
0 0
0 0
0 0
0 0
0 0
0 0
0 0
0 0
0 0
0 0
0 0
0 0
0 0
0 0
0 0.00396824
0 0
0 0
0 0
0 0
0 0
0 0
0 0
-0.00382509 0
0 0
0 0
0 0
0 0
0 0
0 0
0 0
0 0
0 0
0 0
0 0
0 0
0 0
0 0
0 0
0 0
0 0
0 0
0 0
0 0
0 0
0 0
0 0
0 0
0 0
0 0
0 0
0 0
0 0
0 0
0 0
0 0
-0.00774308 0
0 0
0 0
0 0
0 0
0 0
0 0
0 0
0 0
0 0
0 0
0 0
0 0
0 0
0 0
0 0
0 0
0 0
0 0
0 0
0 0
0 0
0 0
0 0
0 0
0 0
0 0
0 0
0 0
0 0
0 0
0 0
0 0
0 0
0 0
0 0
0 0
0 0
0 0
0 0
0 0
0 0
0 0
0 0
0 0
0 0
0 0
0 0
0 0
0 0
0 0
0 0
0 0
0 0
0 0
0 0
0 0
0 0
0 0
0 0
0 -0.00208217
0 0
0 0
0 0
0.00264731 0
0 0
0 0
0 0
0 0
0 0
0 0
0 0
0 0
0 0
0 0
0 0
0 0
0 0
0 0
0 0
0 0
0 0
0 0
0 0
0 0
0 0
0 0
0 0
0 0
0 0
0 0
0 0
0 0
0 0
0 0
0 0
0 0
0 0
0 0
0 0
0 0
0 0
0 -0.00316864
0 -0.00422486
0 -0.00316864
0 0
0 0
0 0
0 0
0 0
0 0
0 0
0 0
0 0
0.00100146 0
0.00400582 0
0.00100146 0
0 0
0 0
0 0
0 0
0 0
0 0
0 0
0 0
0 0
0 0
0 0
0 0
0 0
0 0
0 0
0 0
0 0
0 0
0 0
0 0
0 0
0 0
0 0
0 0
0 0
0 0
0 0
0 0
0 0
0 0
0 0
0 0
0 0
0 0
0 0
0 0
0 0
0 0
0.00160517 0
0.00642067 0
0.0048155 0
0 0
0 0
0 0
0 0
0 0
0 0
0 0
0 0
0 0
0 0
0 0
0 0
0 0
0 0
0 0
0 0
0 0
0 0
0 0
0 0
0 0
0 0
0 0
0 0
0 0
-0.000260389 -4.63626e-05
0 0
0 0
0 0
0 0
0 0
0 0
0 0
0 0
0 0
0 0
0 0
0 0
0 0
0 0
0 0
0 0
0 0
0 0
0 0
0 0
0 0
0 0
0 0
0 0
0 0
0 0
0 0
0 0
0 0
0 0
0 0
0 0
0 0
0 0
0.00409257 0
0.0409257 0
0.0409257 0
0.0695736 0
0.0900364 0
0.135055 0.00409257
0.130962 0.0122777
0.180073 0.00409257
0.204628 0.00818513
0.180073 0.0163703
0.28648 0.0163703
0.405164 0.065481
0.6057 0.0695736
0.703921 0.0163703
0.871716 0.0572959
0.974031 0.0245554
1.08044 0.0327405
1.29325 0.0532034
1.40375 0.0695736
1.45695 0.0613885
1.53062 0.0450182
1.62475 0.0613885
1.6534 0.065481
1.67386 0.094129
1.67386 0.118684
1.70251 0.122777
1.78027 0.0818513
1.8171 0.102314
1.79254 0.15961
1.74753 0.180073
1.80073 0.261924
1.8703 0.290572
1.89895 0.220999
1.88258 0.216906
1.79664 0.253739
1.84575 0.229184
1.93169 0.102314
1.9808 0.151425
1.91941 0.266017
1.90304 0.233276
1.89895 0.233276
1.91941 0.139147
1.89077 0.163703
1.89895 0.139147
1.83347 0.0695736
1.79454 0.130962
1.80482 0.106407
1.8171 0.122777
1.87849 0.155517
1.90304 0.130962
1.92249 0.102314
1.89844 0.0695736
1.84165 0.028648
1.93169 0.0736662
1.87849 0.0736662
1.80073 0.163703
1.84575 0.139147
1.87849 0.135055
1.85393 0.225091
1.84575 0.167795
1.83347 0.200536
1.82119 0.163703
1.85393 0.135055
1.91941 0.14324
1.98489 0.139147
2.00126 0.0982216
1.96443 0.167795
1.95215 0.12687
1.94806 0.122777
1.93988 0.14324
1.94397 0.14324
1.96034 0.290572
1.94397 0.220999
1.94806 0.241461
1.94397 0.261924
1.89077 0.184165
1.89077 0.14324
1.84575 0.0777587
1.84165 0.106407
1.88667 0.200536
1.86621 0.282387
1.89486 0.274202
1.96443 0.257832
1.89077 0.12687
1.96034 0.216906
1.93169 0.200536
1.90695 0.122777
1.90229 0.196443
1.84908 0.188258
1.84556 0.204251
1.78436 0.204628
1.81301 0.225091
1.78027 0.163703
1.89895 0.110499
1.86212 0.184165
1.88258 0.17598
1.85802 0.171888
1.8171 0.094129
1.84575 0.155517
1.91532 0.0613885
1.87849 0.0818513
1.88667 0.0613885
1.89077 0.0368331
1.85393 0.0777587
1.84984 0.0900364
1.82528 0.0613885
1.84575 0.0532034
1.90304 0.171888
1.89895 0.130962
1.82938 0.094129
1.85802 0.180073
1.89486 0.212813
1.8744 0.192351
1.87849 0.17598
1.9276 0.167795
1.95215 0.200536
1.8703 0.233276
1.94806 0.356053
1.94397 0.450182
1.89895 0.368331
1.96443 0.380609
1.94806 0.437905
1.96034 0.360146
1.98899 0.225091
2.00536 0.15961
1.95625 0.208721
1.9276 0.372423
1.95215 0.33559
1.9276 0.433812
1.95215 0.380609
1.92351 0.392886
1.9276 0.261924
1.89486 0.278294
1.88667 0.270109
1.87849 0.278294
1.80482 0.306942
1.9276 0.278294
1.93988 0.204628
1.88667 0.139147
1.8703 0.0245554
1.93578 0.0695736
1.94397 0.204628
1.88667 0.17598
1.84165 0.220999
1.76799 0.206562
1.84575 0.275687
1.82938 0.200311
1.91532 0.188258
1.9276 0.196443
1.91123 0.15961
1.97671 0.192351
1.95341 0.196443
1.94397 0.253739
1.87849 0.30285
1.92351 0.184165
1.84984 0.376516
1.82528 0.237369
1.89895 0.184165
1.92351 0.233276
1.93578 0.233276
1.89895 0.204628
1.91532 0.257832
1.90304 0.15961
1.89486 0.12687
1.91532 0.172581
1.91532 0.212813
1.95215 0.196443
1.95215 0.180073
1.94806 0.163703
1.96034 0.233276
1.96034 0.257832
1.93578 0.270109
1.96382 0.171888
2.00126 0.253739
2.02173 0.405164
1.9808 0.327405
2.00945 0.278294
1.96034 0.257832
1.98899 0.266017
2.01354 0.196443
2.00945 0.14324
1.98899 0.0736662
1.96443 0.122777
1.96034 0.0777587
1.92351 0.14324
1.87849 0.114592
1.87849 0.102314
1.82938 0.094129
1.84165 0.114592
1.88667 0.147332
1.89486 0.094129
1.90714 0.028648
1.8703 0.0450182
1.93578 0.094129
1.93169 0.147332
1.95625 0.139147
1.9808 0.184165
1.89895 0.192351
1.91415 0.118684
1.89486 0.180073
1.97671 0.196443
1.91123 0.184165
1.85802 0.14324
1.91532 0.171888
1.84984 0.249646
1.82528 0.135055
1.93578 0.188258
1.82938 0.147332
1.93988 0.15961
1.9808 0.130962
1.87849 0.118684
1.93988 0.114592
1.92351 0.0777587
1.89486 0.15961
1.93578 0.155517
1.84575 0.135055
1.82938 0.0982216
1.77208 0.0736662
1.87849 0.0900364
1.91532 0.110499
1.91034 0.220999
1.91924 0.212813
1.87849 0.065481
1.8171 0.028648
1.89077 0.0736662
1.86621 0.0900364
1.82119 0.0491108
1.9276 0.122777
1.93988 0.203477
1.93578 0.188258
1.91123 0.282387
1.90714 0.327405
1.96852 0.380609
1.95625 0.298757
1.96852 0.33559
1.94397 0.28648
1.96852 0.327405
1.91941 0.278294
1.96034 0.220999
1.90714 0.118684
1.97671 0.196443
2.00945 0.151425
1.93169 0.102314
1.94397 0.171888
1.94806 0.17598
1.93578 0.192351
1.90236 0.249646
1.81301 0.331498
1.85393 0.31922
1.90714 0.315128
1.90304 0.327405
1.98489 0.229184
1.93578 0.229184
1.88258 0.282387
1.8744 0.30285
1.84165 0.212813
1.89077 0.229184
1.83347 0.135055
1.8703 0.135055
1.85802 0.0900364
1.8703 0.180073
1.86621 0.14324
1.90714 0.118684
1.96852 0.130962
1.96852 0.155517
1.96852 0.180073
1.92351 0.180073
2.01354 0.14324
1.94397 0.282387
1.86212 0.257832
1.90714 0.30285
1.9276 0.364238
1.94806 0.298757
1.9276 0.200536
1.93578 0.229184
1.94806 0.216906
1.91941 0.266017
1.94806 0.241461
1.91941 0.200536
1.91532 0.106407
1.94806 0.110499
1.85802 0.139147
1.90304 0.12687
1.90304 0.0859439
1.96852 0.114592
1.93169 0.212813
1.9808 0.151425
1.90714 0.118684
1.92351 0.147332
1.93578 0.114592
1.97262 0.114592
1.99539 0.15961
2.04271 0.15961
2.03401 0.151425
2.02991 0.266017
2.00126 0.28648
2.01763 0.298757
1.97902 0.311035
2.00536 0.229184
1.9808 0.282387
1.91993 0.274202
1.95855 0.364238
1.95855 0.339683
1.96495 0.192351
1.95037 0.249646
1.97953 0.282387
1.97902 0.380609
1.97723 0.360146
1.97492 0.372423
1.98489 0.31922
1.98541 0.32846
1.97492 0.21796
1.98489 0.266017
1.93988 0.241461
1.97775 0.217425
1.96034 0.268842
1.97596 0.368331
1.92864 0.266017
1.8767 0.122777
1.78182 0.220999
1.89463 0.233276
1.89999 0.24786
1.89768 0.272415
1.93452 0.253739
1.9276 0.227397
1.88079 0.237369
1.93861 0.274202
1.88079 0.249646
1.88079 0.151425
1.8767 0.102314
1.80943 0.135055
1.84217 0.229184
1.89359 0.184165
1.93838 0.130962
1.95043 0.12687
2.02133 0.130962
2.06531 0.130962
1.98294 0.186471
1.92178 0.163703
1.93533 0.133268
1.85884 0.135055
1.90541 0.12687
1.90547 0.149638
1.90213 0.143759
1.897 0.0818513
1.91031 0.100528
1.9159 0.0491108
1.87037 0.0572959
1.92484 0.0555093
1.93049 0.0900364
2.00415 0.14324
2.00168 0.147332
1.98866 0.180073
1.9845 0.155517
1.9679 0.098741
2.01246 0.130962
1.97667 0.17598
2.01535 0.220999
2.02331 0.157823
2.05368 0.245554
2.1074 0.229184
2.15635 0.216906
2.23677 0.212813
2.26415 0.229184
2.23238 0.206934
2.17837 0.0946484
2.30318 0.157076
2.32543 0.162727
2.3772 0.248442
2.50991 0.216449
2.45953 0.135865
2.2885 0.204919
2.33657 0.220542
2.47146 0.29882
2.4521 0.415198
2.53891 0.322565
2.56035 0.26423
2.64671 0.237888
2.6813 0.247112
2.74386 0.246073
2.68247 0.276799
2.79799 0.228436
2.80543 0.135574
2.82463 0.209531
2.89784 0.250457
2.9171 0.327696
2.92966 0.24919
2.91226 0.284984
2.86198 0.308272
2.91144 0.221872
2.83824 0.215933
2.96799 0.335137
2.99618 0.326201
3.04744 0.271678
2.95682 0.204754
3.02132 0.218818
3.06484 0.270235
3.01239 0.313986
3.07355 0.324477
3.12652 0.258185
3.08738 0.40126
3.09349 0.280269
3.07326 0.340453
3.01359 0.260554
2.9767 0.199685
2.97335 0.232426
3.00817 0.157721
2.97826 0.149473
3.04662 0.199166
3.03821 0.236746
3.08099 0.204982
3.07153 0.222911
3.04363 0.188383
2.95935 0.256981
2.82417 0.422242
2.87334 0.303266
2.85132 0.224925
2.95503 0.220605
2.95964 0.175295
3.03343 0.153565
2.974 0.209366
2.85197 0.198875
2.91849 0.168812
2.94691 0.301437
2.84574 0.209023
2.93399 0.300107
2.79552 0.377224
2.8892 0.206021
2.86649 0.28995
2.88643 0.241421
2.77766 0.207122
2.73546 0.162104
2.65193 0.236227
2.62501 0.299922
2.69637 0.208327
2.71222 0.267929
2.71764 0.213458
2.81621 0.309665
2.82037 0.251558
2.82475 0.363679
2.85986 0.349614
2.91612 0.258248
2.92788 0.264875
3.02934 0.276177
3.06468 0.251558
3.03165 0.281017
3.0705 0.220896
3.05747 0.1738
3.03873 0.19501
3.05078 0.239509
3.02697 0.119495
2.99492 0.178349
2.98004 0.235873
2.92343 0.273974
2.87523 0.182898
2.9006 0.299568
2.82272 0.279624
2.87137 0.263254
2.79533 0.328216
2.80813 0.189297
2.81891 0.297033
2.84964 0.315419
2.8358 0.267056
2.81222 0.282159
2.79585 0.308501
2.803 0.195695
2.75106 0.211318
2.80381 0.179845
2.76162 0.236912
2.76899 0.222328
2.77643 0.24919
3.00028 0.313923
2.94984 0.368165
2.90602 0.333867
2.91265 0.253802
2.96257 0.274036
2.9767 0.413183
2.8753 0.247923
2.8346 0.318763
2.83281 0.218527
2.90401 0.105722
2.87017 0.140083
2.88861 0.173343
2.90602 0.181237
2.92983 0.206021
2.88072 0.214434
2.93957 0.182442
2.89807 0.229054
2.91421 0.380215
2.90193 0.377452
2.99134 0.26689
2.9816 0.190918
2.90885 0.172013
2.8689 0.13437
2.8625 0.153565
2.85454 0.253636
2.86117 0.163018
2.87737 0.160483
2.83541 0.244641
2.91658 0.207807
2.88614 0.212648
2.82515 0.0949395
2.94327 0.14405
2.93116 0.223887
2.96286 0.283032
2.95802 0.237203
2.92528 0.227979
2.96471 0.202448
3.03896 0.246947
3.06559 0.25052
3.10168 0.264584
3.11269 0.160712
3.04893 0.217779
3.01025 0.19553
3.03717 0.194491
2.96903 0.206021
2.86711 0.163994
2.87507 0.180655
2.85789 0.146128
2.82456 0.199622
2.9183 0.258996
2.89323 0.38518
2.93168 0.352605
2.8904 0.241067
2.90008 0.244121
2.88014 0.138462
2.8561 0.110271
2.92142 0.0883126
2.88049 0.131544
2.95779 0.111081
2.95808 0.178577
2.87744 0.19956
2.84804 0.176043
2.94552 0.238699
2.97445 0.302913
2.99751 0.288848
2.9054 0.28193
2.85548 0.265332
2.93278 0.274327
3.02415 0.258933
2.98322 0.304242
3.02668 0.18348
2.9752 0.279168
2.92684 0.295766
2.92759 0.218236
2.9284 0.155289
2.80394 0.266599
2.82739 0.220313
2.89576 0.151488
2.87991 0.118431
2.85454 0.137943
2.77666 0.193972
2.83148 0.274556
2.78779 0.319637
2.93577 0.261302
2.91034 0.33341
2.81528 0.318369
2.90291 0.329089
2.95283 0.269487
2.97566 0.248276
2.97693 0.306611
2.97774 0.32321
2.92655 0.320904
2.95704 0.31785
2.9066 0.325516
3.01486 0.257666
2.84249 0.240776
2.98258 0.222163
2.91911 0.197088
2.96211 0.244412
3.00437 0.305281
2.99774 0.285566
2.96754 0.239509
3.06 0.185039
3.06588 0.214206
3.06121 0.131316
3.04149 0.142264
2.98079 0.134826
3.00437 0.0511884
3.05533 0.142783
3.08427 0.187054
3.0502 0.180883
2.99492 0.19368
3.0502 0.213624
3.04968 0.190336
3.05176 0.266827
2.95981 0.241752
3.01538 0.211318
2.99053 0.262506
3.01509 0.21057
2.96315 0.159901
2.85893 0.27225
2.90475 0.210798
2.92009 0.203652
3.00408 0.242272
3.01613 0.189816
2.92216 0.135346
2.93288 0.119723
2.97618 0.0915947
2.9918 0.211318
2.99259 0.231781
3.05287 0.216449
2.99537 0.309831
3.00765 0.196506
2.98384 0.21859
3.05147 0.252888
2.99128 0.229891
2.84941 0.280498
2.71677 0.423737
2.79644 0.336755
2.88988 0.223139
2.79286 0.221872
2.73931 0.156391
2.72599 0.192642
2.64995 0.228727
2.77822 0.199103
2.86169 0.174548
2.85506 0.204006
2.87449 0.16227
2.90245 0.164056
2.98235 0.164056
2.92632 0.106241
2.89433 0.201181
2.92661 0.246427
2.89173 0.258705
2.85132 0.152007
2.87357 0.169125
2.88504 0.185495
2.92268 0.153274
2.96085 0.11131
2.90833 0.176043
2.90937 0.190855
2.98644 0.183418
2.86987 0.143011
2.91057 0.125602
2.94113 0.0992604
2.81218 0.098741
2.81702 0.179845
2.78779 0.179845
2.89069 0.151197
2.88338 0.0875021
2.9246 0.106698
3.00859 0.145546
3.02824 0.142492
2.94633 0.0846767
2.99774 0.183418
2.96851 0.184976
2.93191 0.325453
2.84204 0.275823
2.89703 0.33422
2.9107 0.349323
3.00439 0.358485
2.94292 0.440045
2.8738 0.39457
2.90741 0.356407
2.85012 0.280954
2.92304 0.383559
2.80549 0.342841
2.93756 0.413994
2.91144 0.335487
2.97699 0.336235
3.04899 0.351276
3.01314 0.320031
2.97088 0.251558
2.87825 0.337274
2.94045 0.330813
2.86769 0.297324
2.84694 0.250748
2.87864 0.285566
2.87241 0.334158
2.94315 0.433127
2.83713 0.408052
2.9168 0.415198
2.84152 0.347411
2.81235 0.30366
2.88302 0.128947
2.89397 0.161688
2.88504 0.168086
2.91271 0.178058
2.95854 0.158115
2.83979 0.175004
2.89865 0.181403
2.85126 0.128199
2.86844 0.100071
2.82596 0.0967261
2.98131 0.117189
2.9944 0.153046
2.97082 0.18884
2.9752 0.117937
2.86308 0.189816
2.87916 0.191603
2.8866 0.138399
2.78445 0.318244
2.75873 0.291154
2.66892 0.344963
2.65151 0.285374
2.68403 0.282042
2.72063 0.277444
2.74138 0.290698
2.78871 0.272541
2.75424 0.28326
2.86429 0.21859
2.85045 0.161231
2.86792 0.246947
2.75545 0.273871
2.76935 0.283323
2.90706 0.167692
2.91034 0.193515
2.81592 0.170455
2.85662 0.191437
2.89836 0.227751
2.98443 0.241815
2.94298 0.219566
2.9473 0.142035
3.00391 0.0967261
2.8636 0.137714
2.97803 0.185786
2.99826 0.21674
2.99745 0.330875
2.96159 0.159444
3.0374 0.255651
3.00362 0.178121
2.93571 0.192933
2.96338 0.177082
2.97722 0.128199
2.91421 0.163537
2.88556 0.17247
2.86734 0.221061
2.88192 0.130505
2.85708 0.156328
2.92009 0.185267
2.98667 0.158634
2.91703 0.107737
2.97566 0.129589
2.92106 0.184457
2.92827 0.181403
2.91086 0.145317
2.89829 0.225673
2.87731 0.228208
2.86987 0.397333
2.82427 0.369204
2.82456 0.223949
2.85217 0.22879
2.98511 0.206249
2.9436 0.253864
2.95594 0.202676
2.94032 0.323729
2.95185 0.308626
2.96592 0.260491
3.05994 0.187054
3.05741 0.160192
3.04357 0.144341
3.07407 0.186534
3.0984 0.214954
3.135 0.187864
3.09171 0.247757
3.08323 0.28459
3.05764 0.204463
3.07966 0.325225
3.00154 0.299402
3.04023 0.275303
2.99232 0.179907
2.96004 0.20654
2.91444 0.184
2.9157 0.182213
2.99589 0.171203
3.03763 0.201181
2.99716 0.225217
2.8771 0.242563
2.92856 0.187573
2.84353 0.219794
2.79598 0.16763
2.87432 0.171431
2.85253 0.244121
2.81488 0.323438
2.91986 0.259453
2.96806 0.263545
2.93093 0.290926
3.01469 0.377389
3.08047 0.435205
3.01798 0.439817
3.04126 0.471062
2.99566 0.49435
3.04484 0.371282
3.07631 0.377161
3.01636 0.398434
3.01739 0.253408
2.90804 0.225217
2.87523 0.35514
2.97179 0.277153
2.9639 0.244932
2.89524 0.353707
2.93288 0.343507
2.94925 0.32454
2.97543 0.367771
2.92522 0.437117
2.99232 0.440752
2.96263 0.383394
2.94724 0.307359
2.87702 0.386676
2.78127 0.303848
2.78744 0.255942
2.94851 0.221706
2.91398 0.22424
2.88757 0.277506
2.87991 0.321486
2.89755 0.310538
2.95312 0.281371
2.97312 0.325122
2.91248 0.30362
2.88637 0.295954
2.93168 0.337171
3.01054 0.282347
3.00005 0.285983
2.93883 0.331977
2.83772 0.282866
2.74681 0.268054
2.73862 0.316874
2.73492 0.281536
2.73683 0.246781
2.82693 0.228105
2.82008 0.206894
2.76555 0.190004
2.81108 0.256587
2.82722 0.32587
2.83898 0.222745
2.80416 0.291799
2.80871 0.332725
2.82538 0.213505
2.89628 0.235023
2.80283 0.28108
2.91957 0.278774
2.96673 0.257945
2.91317 0.215009
2.95721 0.175284
2.96488 0.157431
2.96338 0.278783
2.97082 0.255423
3.00742 0.275594
3.05153 0.282512
3.04893 0.393365
3.03383 0.297907
3.07452 0.244184
3.01457 0.256753
2.99255 0.284653
2.93519 0.346914
2.82911 0.379655
2.79891 0.299819
2.80888 0.342822
2.80709 0.302581
2.82405 0.425421
2.83177 0.398497
2.91928 0.330481
2.89017 0.295435
2.95243 0.403691
2.99774 0.502141
2.99433 0.594381
3.02178 0.64856
3.03204 0.620722
3.06686 0.494766
3.04201 0.455918
3.04097 0.417527
3.12295 0.558523
3.11246 0.592303
3.06813 0.453903
3.06507 0.448252
3.08248 0.537832
3.00846 0.442602
3.03665 0.437014
3.00005 0.513505
3.02126 0.360522
3.04507 0.413983
2.99924 0.435227
2.97179 0.491712
2.96049 0.411876
2.97767 0.47339
2.95565 0.416322
2.89777 0.409861
2.87525 0.455981
2.87012 0.418015
2.84047 0.328073
2.8688 0.375459
2.9194 0.335608
2.80885 0.462254
2.75775 0.378222
2.81876 0.359546
2.85607 0.348535
2.81499 0.3449
2.84831 0.504863
2.87673 0.365071
2.90469 0.336195
2.9831 0.350779
2.97283 0.354061
2.89478 0.43344
2.86481 0.335967
2.77545 0.322359
2.73424 0.366921
2.73631 0.315504
2.72063 0.387966
2.69936 0.394592
2.76237 0.466763
2.7916 0.474886
2.75291 0.43263
2.83558 0.429639
2.83528 0.409404
2.73567 0.363867
2.75233 0.380757
2.83938 0.361041
2.8614 0.287832
2.85627 0.34922
2.86348 0.368707
2.72697 0.403234
2.62014 0.314922
2.74051 0.273996
2.81401 0.313363
2.91057 0.315607
2.79517 0.307131
2.75165 0.321195
2.7445 0.326098
2.70663 0.350134
2.79806 0.32402
2.84827 0.299984
2.90183 0.281599
3.01827 0.210696
2.97354 0.292373
3.01424 0.360397
3.03977 0.374689
3.00391 0.417921
2.95117 0.392555
2.88822 0.404833
2.90771 0.338541
2.90482 0.325516
2.84908 0.308107
2.879 0.242335
2.89819 0.266433
2.86538 0.290989
2.80623 0.213458
2.88899 0.264875
2.96933 0.242964
2.9692 0.291091
2.92762 0.249835
2.99228 0.187345
3.059 0.176106
3.1417 0.28459
3.18979 0.424894
3.18446 0.347828
3.23325 0.297454
3.1816 0.209822
3.21566 0.252826
3.14742 0.164379
3.15256 0.223705
3.20562 0.199906
3.24119 0.136156
3.19461 0.1976
3.19423 0.261011
3.20439 0.284858
3.18906 0.241296
3.13857 0.276342
3.21831 0.351692
3.27357 0.36896
3.26209 0.317314
3.25973 0.315716
3.24937 0.219517
3.18632 0.236871
3.29627 0.25532
3.23103 0.18451
3.24324 0.196174
3.2793 0.161202
3.28347 0.269895
3.3448 0.288389
3.48434 0.229574
3.51246 0.296936
3.46927 0.226135
3.67882 0.165172
3.80434 0.150534
3.89775 0.152045
3.96362 0.218706
4.18927 0.327851
4.20419 0.50394
4.1477 0.36924
4.22306 0.369201
4.34767 0.347944
4.42167 0.314913
4.44542 0.338776
4.42022 0.302784
4.44942 0.319548
4.53832 0.357899
4.43858 0.438451
4.46105 0.384108
4.42562 0.313496
4.45292 0.483274
4.65069 0.413732
4.66394 0.401793
4.57185 0.438782
4.74061 0.412803
4.7266 0.414723
4.74367 0.556772
4.91587 0.584381
4.97647 0.473584
4.92346 0.406513
4.8246 0.377181
4.86196 0.443276
4.78636 0.366871
4.79639 0.445967
4.81432 0.420799
4.94441 0.386729
4.79616 0.305295
4.73226 0.220343
4.87139 0.368862
4.95317 0.261221
4.82406 0.28931
4.89317 0.246166
4.80095 0.240665
4.80952 0.37512
4.80915 0.463157
4.87699 0.378654
4.90871 0.340121
5.02986 0.421901
4.84369 0.383919
4.77401 0.367415
4.8084 0.333116
4.84975 0.197197
4.79959 0.244245
4.82315 0.294694
4.74472 0.260057
4.87735 0.378748
4.95937 0.319564
4.94817 0.358364
5.02811 0.426308
4.86118 0.463747
4.9184 0.41078
4.98361 0.387916
4.86999 0.264282
4.86834 0.302524
4.93999 0.315856
4.93986 0.247577
4.88047 0.332345
4.83046 0.32442
4.80792 0.254815
4.81602 0.276474
4.80029 0.275994
4.76918 0.3943
4.90703 0.304792
4.93441 0.397558
4.87166 0.303705
4.84168 0.317525
4.96819 0.249928
4.81599 0.332503
4.85984 0.270005
4.99205 0.270918
4.94188 0.311127
4.79146 0.292041
4.84302 0.258073
4.74266 0.283605
4.77659 0.312922
4.98696 0.306368
4.9959 0.48199
5.01021 0.334793
5.08652 0.295568
5.1022 0.427654
5.09377 0.446842
5.0734 0.397038
5.02174 0.333053
4.91457 0.289539
4.91434 0.27383
4.88701 0.401367
4.78416 0.278866
4.60774 0.232943
4.64286 0.236666
4.59346 0.290161
4.58808 0.312497
4.56355 0.245418
4.68143 0.248653
4.74127 0.288131
4.73775 0.390019
4.72983 0.362221
4.69059 0.327922
4.63945 0.406027
4.72361 0.444733
4.69868 0.337335
4.78859 0.374923
4.7893 0.281819
4.91842 0.383683
4.80842 0.358309
4.82195 0.307475
4.83353 0.342057
4.77904 0.316124
4.73837 0.411748
4.75366 0.438766
4.77333 0.454893
4.84052 0.482942
4.79257 0.404555
4.86312 0.411481
4.91395 0.393088
4.93498 0.278158
4.80629 0.28757
4.87235 0.314101
4.79498 0.375386
4.69616 0.441261
4.74749 0.462431
4.73287 0.494684
4.72708 0.491732
4.65763 0.463557
4.78021 0.294284
4.78741 0.315896
4.73195 0.343969
4.65723 0.30986
4.56228 0.299007
4.5773 0.222366
4.64218 0.309962
4.65923 0.28418
4.59642 0.229796
4.6978 0.315282
4.69571 0.245323
4.73951 0.330669
4.79586 0.466572
4.76209 0.422585
4.78711 0.548241
4.83031 0.464305
4.85396 0.493056
4.83722 0.353697
4.80734 0.469634
4.78829 0.401414
4.84874 0.417501
4.81467 0.341427
4.65449 0.452554
4.69435 0.485577
4.74061 0.541944
4.67765 0.353136
4.66952 0.464027
4.80817 0.368342
4.8051 0.332501
4.80506 0.332061
4.75676 0.361323
4.84763 0.382399
4.76031 0.303319
4.63482 0.325781
4.65385 0.233282
4.72689 0.300517
4.71357 0.344261
4.72181 0.313535
4.79733 0.495684
4.95927 0.378646
4.94629 0.313905
4.87876 0.285871
5.01042 0.41477
4.95744 0.482573
4.81931 0.369052
4.77616 0.32671
4.7588 0.366423
4.70799 0.37456
4.86833 0.443795
4.89773 0.393748
4.84829 0.376441
4.74372 0.371594
4.86685 0.61602
4.92788 0.416832
4.99512 0.452171
4.9716 0.553743
5.0974 0.400832
5.09703 0.419139
5.05868 0.398212
5.05101 0.300494
4.99069 0.285344
4.9398 0.492678
4.95877 0.422593
4.98985 0.291986
4.92143 0.289539
4.86737 0.34445
4.87861 0.379582
4.85523 0.325018
4.94374 0.355743
4.92928 0.327591
4.89065 0.317156
4.94471 0.338288
4.96344 0.346094
5.00523 0.318989
4.98905 0.285832
4.97136 0.356012
4.88902 0.377851
4.95112 0.419619
4.996 0.380567
4.90044 0.535863
4.82073 0.574609
4.84289 0.581055
4.87601 0.549549
4.88109 0.439515
4.95365 0.337854
4.94242 0.370931
4.98857 0.485247
4.99178 0.358654
4.92661 0.451138
4.80984 0.477716
4.8073 0.397558
4.83433 0.333052
4.76916 0.295574
4.82284 0.216911
4.81346 0.24796
4.84056 0.313535
4.79273 0.274027
4.88707 0.238603
4.84856 0.363015
4.93001 0.323987
5.0698 0.400494
4.89426 0.394363
4.84475 0.360733
4.76614 0.335611
4.71009 0.467108
4.83297 0.521963
4.97282 0.47615
4.89631 0.517264
4.93136 0.403602
5.02904 0.397432
4.96519 0.26607
4.93744 0.381952
4.89045 0.242884
4.82831 0.266967
4.91163 0.244435
4.82754 0.230213
4.82104 0.248094
4.82857 0.320508
4.69387 0.256941
4.75405 0.348346
4.75156 0.257216
4.72484 0.325727
4.71899 0.318989
4.74882 0.36392
4.84988 0.305263
4.81853 0.304846
4.87227 0.34016
4.88859 0.328748
4.87073 0.367375
4.82494 0.330134
4.88455 0.281802
4.81452 0.325733
4.80724 0.370758
4.72983 0.412093
4.7822 0.414132
4.70923 0.376212
4.72353 0.468798
4.84465 0.633782
4.88012 0.458063
4.79967 0.549272
4.89933 0.582437
4.81808 0.496281
4.78359 0.458984
4.80924 0.429997
4.77884 0.441952
4.82207 0.405033
4.88145 0.419334
4.86381 0.439088
4.74206 0.312338
4.71331 0.324339
4.73819 0.425999
4.79229 0.4519
4.75592 0.430502
4.8214 0.299808
4.77521 0.430116
4.81191 0.313637
4.84014 0.235682
4.82687 0.206562
4.90802 0.336775
4.90141 0.420885
4.98192 0.4311
4.92231 0.497336
4.79642 0.543487
4.87075 0.415532
4.81079 0.295432
4.84038 0.255869
4.83859 0.32977
4.81061 0.423057
4.79772 0.47984
4.80981 0.331802
4.79339 0.335044
4.89888 0.242332
4.82412 0.17638
4.84138 0.195481
4.88182 0.174963
4.87808 0.173413
4.77285 0.182669
4.87737 0.161073
4.79959 0.116803
4.69565 0.17354
4.72161 0.146584
4.72746 0.0953559
4.87398 0.120525
4.80989 0.072587
4.78533 0.121981
4.72903 0.188217
4.75723 0.179984
4.78921 0.180079
4.82368 0.204256
4.84636 0.282817
4.7748 0.312409
4.82505 0.34995
4.85628 0.271294
4.72661 0.36392
4.80078 0.342237
4.94903 0.417689
4.81447 0.468075
4.85045 0.457725
4.74427 0.327558
4.96281 0.486986
4.7422 0.348076
4.88678 0.200832
4.97246 0.147621
5.00281 0.136006
4.9208 0.217108
5.02521 0.311756
5.10219 0.213811
4.98155 0.188737
4.97571 0.165354
4.86735 0.258734
4.92188 0.180267
4.87583 0.120006
4.93939 0.0789856
4.82422 0.124192
4.87786 0.107208
4.98024 0.0971896
4.99205 0.163284
5.00154 0.1487
4.94254 0.157641
4.91592 0.167329
4.86735 0.173303
4.86001 0.0871707
4.82496 0.189437
4.80714 0.280889
4.82634 0.272468
4.86604 0.287476
4.86295 0.342984
4.93046 0.310244
4.89981 0.272703
4.87752 0.2783
4.78902 0.400707
4.89329 0.366739
4.9671 0.281881
4.99393 0.304508
4.93943 0.458804
4.81385 0.260427
4.98173 0.293073
4.99016 0.290578
4.91247 0.383297
4.89907 0.216392
4.82501 0.183604
4.82698 0.19659
4.71349 0.186241
4.61121 0.270209
4.66927 0.37013
4.74328 0.188359
4.66744 0.165401
4.65012 0.160789
4.75237 0.178569
4.75962 0.2075
4.84012 0.205949
4.961 0.120336
4.957 0.130355
4.79792 0.21056
4.96373 0.224719
4.89908 0.175515
4.91814 0.164882
4.92623 0.195883
4.94321 0.226554
4.86263 0.21249
4.98739 0.19593
4.92839 0.319273
4.88742 0.166621
4.95356 0.173586
4.80771 0.22298
4.84606 0.290908
4.7241 0.385225
4.7238 0.242818
4.62962 0.224908
4.63234 0.244529
4.67488 0.187178
4.73364 0.182102
4.84196 0.150393
4.86162 0.204257
4.89244 0.218085
4.94456 0.282014
5.04008 0.144324
4.96941 0.165165
4.97262 0.214229
4.72749 0.21023
5.0103 0.155241
4.95139 0.104855
4.91788 0.153548
4.78407 0.188122
4.87258 0.250502
4.63278 0.202753
4.62351 0.188783
4.60752 0.193907
4.68265 0.156468
4.56364 0.165596
4.50349 0.2342
4.58712 0.250995
4.65229 0.208535
4.58703 0.225631
4.55195 0.346274
4.7094 0.265761
4.64461 0.18939
4.73848 0.172083
4.7448 0.214417
4.82665 0.233801
4.85676 0.319698
4.80761 0.160742
4.91022 0.290774
4.83459 0.216865
4.84174 0.152376
4.91237 0.09597
4.89295 0.24434
4.91447 0.182763
4.91135 0.20746
4.92035 0.282116
4.84017 0.229614
4.89028 0.204445
4.9627 0.209057
4.93391 0.223263
4.88112 0.197016
4.93834 0.200919
5.00656 0.140468
4.903 0.146489
4.90595 0.150723
4.94788 0.105563
4.98809 0.138776
5.1022 0.239728
5.02866 0.148512
4.95417 0.196213
4.9274 0.252241
4.9671 0.238601
5.0797 0.197818
5.0191 0.219123
4.97261 0.309498
5.01307 0.321161
4.96734 0.176931
4.82144 0.0937583
5.05844 0.108909
4.95037 0.151203
4.91752 0.301887
4.94684 0.334816
4.99478 0.316518
4.90933 0.389531
5.01246 0.353445
5.03433 0.275955
5.0589 0.343363
5.03322 0.357529
4.92429 0.339758
4.96075 0.257805
4.85873 0.280007
4.95703 0.267587
4.95332 0.371042
4.96015 0.417334
4.95192 0.389144
4.90473 0.316651
4.85274 0.306491
4.95954 0.389797
4.99713 0.266777
4.92819 0.371554
4.87014 0.298487
5.01529 0.185069
4.95831 0.157365
4.78154 0.184785
4.84416 0.194718
4.88129 0.179993
4.87461 0.157554
4.87464 0.257137
4.87348 0.165637
4.91468 0.0915937
4.88248 0.116432
4.70683 0.097331
4.68005 0.194521
4.66523 0.282399
4.68951 0.33989
4.67305 0.364083
4.75115 0.287963
4.75554 0.415225
4.55785 0.415832
4.62363 0.367508
4.57151 0.212551
4.60819 0.156098
4.53838 0.13281
4.38834 0.168887
4.57 0.105516
4.53176 0.103304
4.62212 0.184454
4.68281 0.12335
4.83021 0.175097
4.73372 0.198236
4.89136 0.23244
4.86069 0.188359
4.89084 0.196402
4.81956 0.264282
4.88053 0.249936
4.86637 0.245702
5.02211 0.362977
5.08558 0.212631
4.89524 0.279709
4.85938 0.273689
4.93551 0.266353
4.8129 0.336068
4.8464 0.29844
4.86474 0.354987
4.71228 0.34271
4.85495 0.351706
4.70734 0.286738
4.79431 0.241901
4.7916 0.245615
4.69726 0.204784
4.78272 0.288288
4.83448 0.239547
4.97163 0.267313
4.97242 0.308663
4.90554 0.28436
4.84403 0.251565
4.8597 0.295906
4.7839 0.202195
4.77409 0.270068
4.84263 0.319233
4.90064 0.341947
4.93217 0.204823
4.88129 0.17161
4.80913 0.244244
4.86422 0.19278
4.85171 0.27271
4.89105 0.254081
4.79915 0.325212
4.61674 0.329918
4.73168 0.312792
4.83435 0.259441
4.88534 0.202941
4.76264 0.233895
4.6891 0.248384
4.52165 0.26861
4.55396 0.17763
4.5952 0.164739
4.53932 0.182478
4.57828 0.257796
4.52634 0.198801
4.43388 0.258591
4.47173 0.241371
4.58109 0.222278
4.62692 0.196543
4.60714 0.232392
4.46612 0.327377
4.65706 0.25634
4.58698 0.220161
4.68379 0.18262
4.51932 0.262125
4.65388 0.193772
4.80318 0.178953
4.95992 0.172224
4.99252 0.111922
4.94396 0.129513
4.71394 0.112151
4.7071 0.131016
4.75011 0.1599
4.7948 0.294489
4.80445 0.180598
4.92999 0.213386
4.90988 0.220957
4.93063 0.290908
4.84793 0.226325
4.99412 0.196969
4.88501 0.155107
4.67391 0.226608
4.63622 0.273459
4.66464 0.137879
4.84475 0.127624
4.85407 0.151289
4.91019 0.20609
4.91465 0.152923
4.97187 0.126687
4.96034 0.124003
5.0733 0.144797
4.99435 0.227402
5.01801 0.165448
4.91733 0.188878
5.0128 0.189815
4.94962 0.171658
4.96058 0.224767
4.93226 0.198094
4.78383 0.245371
4.82066 0.22919
4.80706 0.346094
4.9021 0.445676
4.9692 0.250785
4.93343 0.260001
4.91301 0.198471
4.90548 0.212772
4.79777 0.17006
4.76403 0.154957
4.69694 0.173869
4.6362 0.113324
4.74126 0.144702
4.74705 0.104855
4.74756 0.0660942
4.77867 0.0929551
4.81161 0.175844
4.80389 0.214748
4.85387 0.233423
4.91142 0.194285
4.90483 0.175798
4.96659 0.143246
4.99374 0.148748
4.80518 0.266731
4.81764 0.151195
4.8624 0.147197
4.82225 0.203415
4.64566 0.17335
4.66762 0.179984
4.6942 0.212866
4.55635 0.149314
4.51278 0.14268
4.51668 0.130449
4.61968 0.215645
4.60368 0.233849
4.60702 0.141838
4.53151 0.126404
4.55565 0.0845815
4.52328 0.154777
4.59673 0.0682117
4.64776 0.0854318
4.55743 0.129136
4.60263 0.119203
4.55741 0.245371
4.61476 0.32431
4.6891 0.265416
4.64975 0.42781
4.50977 0.288932
4.67244 0.273293
4.58756 0.185864
4.68477 0.0928609
4.7567 0.167282
4.60769 0.106831
4.82173 0.185628
4.91377 0.171233
4.79953 0.15886
4.93056 0.247015
4.86637 0.109089
4.92014 0.216534
4.80722 0.272042
5.00799 0.266824
4.89005 0.350744
4.98993 0.269926
4.96871 0.253792
4.95827 0.26193
4.93822 0.181157
5.06652 0.217195
5.0372 0.227214
4.92879 0.26466
4.93591 0.225332
4.84638 0.360905
4.96051 0.252666
4.98013 0.22997
4.95345 0.271175
4.82306 0.287331
4.92983 0.292371
4.98121 0.335933
4.92664 0.317068
4.70196 0.252571
4.81235 0.242411
4.87031 0.149889
4.93402 0.134613
4.88077 0.0866513
4.90259 0.132566
4.87521 0.242553
5.01406 0.197063
5.04075 0.20435
4.98617 0.256239
4.90525 0.209151
4.7439 0.248526
4.8835 0.210655
4.86378 0.246267
4.92457 0.326158
4.90999 0.315045
4.78023 0.248202
4.6635 0.277363
4.68971 0.240719
4.76366 0.200731
4.80695 0.329528
4.89723 0.442103
4.81922 0.466894
4.76379 0.436971
4.8235 0.488961
4.90354 0.559384
4.82995 0.420183
4.76746 0.41934
4.72897 0.287104
4.86458 0.286129
4.89168 0.392684
4.798 0.330534
4.90768 0.327566
4.92183 0.299107
4.83658 0.226041
4.65396 0.227079
4.77348 0.29548
4.66927 0.271625
4.71491 0.230039
4.74333 0.326528
4.7154 0.3746
4.65268 0.415298
4.93065 0.301918
4.82719 0.249369
4.92414 0.15836
4.88106 0.181441
4.90398 0.237091
4.78232 0.221099
4.74793 0.190192
4.69518 0.189814
4.76391 0.212071
4.76329 0.282684
4.71778 0.213677
4.7279 0.156665
4.57282 0.187761
4.6339 0.25509
4.56543 0.36414
4.5386 0.262905
4.52435 0.241561
4.48126 0.243339
4.56373 0.326558
4.70052 0.377504
4.71345 0.390537
4.59788 0.451641
4.6831 0.351107
4.74432 0.371074
4.64941 0.476072
4.76288 0.345024
4.57817 0.396385
4.60077 0.304752
4.59415 0.261859
4.79024 0.280912
4.7686 0.327812
4.70965 0.291128
4.69535 0.326962
4.74706 0.253658
4.65064 0.272012
4.53226 0.16936
4.6545 0.235218
4.77632 0.16969
4.81815 0.178151
4.74151 0.222091
4.79317 0.193671
4.63519 0.221193
4.69528 0.195694
4.59093 0.134164
4.58666 0.13026
4.4512 0.220391
4.71704 0.274255
4.71882 0.429118
4.82201 0.35291
4.80478 0.29345
4.86038 0.316643
4.75997 0.367069
4.67318 0.343505
4.89007 0.363826
4.78844 0.181866
4.81494 0.189626
4.73397 0.119864
4.86445 0.229614
4.95543 0.216048
4.88862 0.133622
4.90532 0.303414
4.90384 0.35912
4.9378 0.268558
5.01976 0.310139
5.05618 0.288262
4.98378 0.234262
4.98477 0.300998
4.97032 0.329718
4.96704 0.202031
4.81769 0.128579
4.97456 0.123942
5.00207 0.193451
4.95182 0.250899
4.89782 0.187031
4.89217 0.121781
4.94102 0.19089
4.93655 0.257384
4.75727 0.232326
4.81272 0.290941
4.91301 0.371835
4.82093 0.388973
4.90684 0.408663
4.84073 0.235777
4.83532 0.167152
4.86138 0.227655
4.86415 0.163536
4.71571 0.170399
4.86439 0.200785
4.84114 0.186532
4.86942 0.314487
4.82561 0.281266
4.65295 0.33927
4.60816 0.362881
4.61661 0.335698
4.56059 0.210608
4.49293 0.177725
4.44113 0.322333
4.49988 0.203508
4.44594 0.296982
4.58182 0.353813
4.63498 0.272521
4.73723 0.39196
4.70743 0.424661
4.70527 0.354987
4.60525 0.271814
4.42803 0.388436
4.49497 0.38768
4.74178 0.354467
4.59509 0.377237
4.56637 0.367548
4.55413 0.387208
4.63961 0.39393
4.65871 0.460961
4.78052 0.345245
4.79384 0.287099
4.84357 0.335879
4.88879 0.316825
4.79607 0.380575
4.90371 0.273508
4.77964 0.275436
4.77283 0.28669
4.85206 0.247732
4.82929 0.220682
4.7996 0.160042
4.85615 0.19556
4.85243 0.215787
4.66505 0.257515
4.70532 0.299384
4.80689 0.253044
4.91702 0.28517
4.91372 0.318052
4.94769 0.30705
4.92308 0.355263
4.98749 0.204398
4.95423 0.254925
4.75196 0.239963
4.7332 0.244292
4.86347 0.269037
4.81933 0.262119
4.83219 0.146017
4.79169 0.181131
4.84312 0.195789
4.93201 0.214276
4.94556 0.224956
4.84125 0.204304
4.83311 0.109467
4.9569 0.152652
4.90048 0.219029
5.01754 0.199786
4.85166 0.29726
4.88935 0.224956
4.95431 0.304454
5.00183 0.203077
5.09651 0.183417
5.0251 0.243207
4.99454 0.140846
4.95789 0.136423
4.99497 0.158228
4.89974 0.170731
4.90541 0.304271
4.94726 0.334611
5.00691 0.376999
5.00029 0.311519
4.93361 0.304035
4.87127 0.208868
4.90153 0.190711
4.89423 0.324828
4.85894 0.285075
4.85225 0.217241
4.928 0.24274
4.92819 0.238082
4.89386 0.282447
5.01731 0.252666
4.85531 0.20642
4.95098 0.277268
5.10112 0.268375
5.0609 0.22985
4.84227 0.120383
4.75568 0.194284
4.78278 0.117794
4.79699 0.190239
4.8533 0.118218
4.88101 0.188594
4.88121 0.177867
4.96303 0.204776
5.03383 0.265975
5.01408 0.274869
4.99234 0.349801
4.98608 0.239869
4.87381 0.207318
4.86412 0.234974
4.94528 0.225805
5.01799 0.207688
4.91466 0.173492
4.83241 0.150581
4.80784 0.131299
4.63639 0.153501
4.6601 0.195655
4.56173 0.18606
4.59339 0.216353
4.68853 0.278922
4.70881 0.321783
4.75594 0.358285
4.76513 0.291766
4.7904 0.289546
4.7792 0.24001
4.7584 0.142073
4.76269 0.160985
4.87633 0.135486
4.88941 0.205814
4.89838 0.283431
4.87815 0.265558
4.76852 0.284652
4.79553 0.183369
4.95244 0.216495
5.02385 0.316416
4.99454 0.242231
4.96103 0.244906
4.90221 0.223318
4.96484 0.215047
4.95123 0.0877451
4.89408 0.116307
4.80488 0.178395
4.84821 0.135164
4.92278 0.153423
4.96068 0.241624
4.88849 0.378849
4.66354 0.282408
4.7343 0.333077
4.88175 0.230653
4.89806 0.279811
4.888 0.260443
4.71934 0.251691
4.66942 0.207279
4.57951 0.178009
4.7104 0.1885
4.79391 0.200731
4.81498 0.206232
4.69707 0.244947
4.53387 0.246646
4.57655 0.247299
4.7805 0.1861
4.65369 0.111112
4.53551 0.235824
4.67533 0.275994
4.57064 0.22058
4.72527 0.208727
4.78899 0.249841
4.83116 0.120572
4.75337 0.219454
4.79177 0.128144
4.68469 0.165118
4.65346 0.0867932
4.7307 0.0870293
4.8064 0.140893
4.73207 0.201809
4.86776 0.181299
4.95748 0.20402
5.02302 0.306948
4.97837 0.140468
5.06987 0.143758
4.99285 0.162293
4.92458 0.183605
5.04272 0.173681
4.92213 0.073949
4.90609 0.0965288
4.91126 0.183605
4.75434 0.253509
4.63779 0.164599
4.64791 0.219642
4.59244 0.146442
4.63493 0.187981
4.66593 0.240011
4.77729 0.182149
4.70012 0.150912
4.80556 0.185438
4.97009 0.15284
4.97514 0.165212
4.81912 0.361661
4.86787 0.289357
4.87075 0.33927
5.06426 0.252855
4.96268 0.167659
5.09611 0.170248
4.97346 0.211079
4.91092 0.294441
4.97787 0.266305
4.91449 0.221712
4.95449 0.204586
4.94399 0.221193
4.94446 0.13647
4.84622 0.187606
4.75813 0.179465
4.85713 0.195835
4.75857 0.324922
4.7973 0.260851
4.88025 0.239641
4.93916 0.297259
4.90903 0.262354
4.85508 0.237374
4.78516 0.257743
4.79612 0.196449
4.78258 0.327788
4.78751 0.398352
4.79922 0.354743
4.77339 0.27327
4.66674 0.204728
4.69992 0.236201
4.79575 0.227457
4.84684 0.191221
4.83756 0.215077
4.87206 0.230322
4.88731 0.192592
4.90236 0.186949
4.96726 0.230039
4.82554 0.232109
4.80226 0.178434
4.83124 0.150211
4.75986 0.183612
4.59854 0.248478
4.65635 0.300792
4.57748 0.200069
4.67253 0.218981
4.60313 0.286626
4.6907 0.222137
4.75108 0.288137
4.77953 0.28362
4.86009 0.282589
4.85242 0.214518
4.69352 0.244677
4.80606 0.264762
4.87593 0.376055
4.73349 0.249935
4.62961 0.338939
4.61869 0.33014
4.58272 0.451414
4.61149 0.35738
4.65958 0.39633
4.83064 0.302431
4.79437 0.17716
4.78961 0.173114
4.67082 0.338232
4.66503 0.356011
4.59069 0.329197
4.71621 0.201951
4.77087 0.168785
4.77826 0.232809
4.76175 0.176175
4.60762 0.120099
4.7886 0.176829
4.64713 0.210702
4.65541 0.165685
4.65954 0.145647
4.71519 0.220115
4.73025 0.391875
4.82712 0.410402
4.88432 0.450855
4.86676 0.378456
4.81777 0.171279
4.7561 0.148794
4.84679 0.19005
4.98285 0.190239
4.87215 0.225569
4.82539 0.218792
4.86717 0.272798
4.87932 0.272657
4.84955 0.243679
4.75218 0.316314
4.75748 0.38565
4.7344 0.198236
4.65447 0.187225
4.66603 0.13388
4.72828 0.166251
4.74475 0.370554
4.72225 0.359921
4.80736 0.430957
4.85309 0.457307
4.88205 0.494477
4.94792 0.474195
4.95973 0.430168
4.9849 0.636218
4.93146 0.410934
4.98836 0.434593
5.04979 0.620802
5.01893 0.533442
4.96879 0.510749
4.80625 0.470486
4.94773 0.538936
4.95191 0.422718
5.04974 0.377577
4.98772 0.189932
4.97008 0.263287
4.90825 0.252755
4.96038 0.2783
4.91565 0.289358
4.8256 0.198661
4.86844 0.146914
4.80686 0.164693
4.74349 0.14268
4.63876 0.0582395
4.83821 0.175609
4.89491 0.173114
4.76816 0.134683
4.78419 0.183557
4.75502 0.171657
4.70614 0.204303
4.60479 0.183274
4.61136 0.145033
4.68667 0.0412556
4.59099 0.128143
4.81364 0.111018
4.73657 0.163048
4.66566 0.252053
4.62182 0.279709
4.61922 0.228482
4.65615 0.262072
4.64679 0.203737
4.56383 0.173775
4.5771 0.239255
4.6034 0.2409
4.58299 0.197622
4.54314 0.142302
4.61474 0.258262
4.65101 0.261363
4.55657 0.26607
4.53901 0.288933
4.55042 0.275664
4.52738 0.148181
4.58555 0.220438
4.517 0.111915
4.66131 0.183699
4.68587 0.264519
4.80024 0.206751
4.71918 0.204917
4.58369 0.184124
4.5064 0.159246
4.53459 0.298156
4.42352 0.230227
4.6348 0.193064
4.72434 0.16799
4.6932 0.163331
4.79146 0.16766
4.82269 0.35583
4.78685 0.378645
4.86424 0.303233
4.95401 0.306247
4.76886 0.297921
4.61543 0.267526
4.5618 0.280559
4.60094 0.239074
4.79604 0.185297
4.88087 0.212866
4.85227 0.302579
4.93085 0.299848
4.82239 0.384053
4.8429 0.256995
4.9072 0.276096
4.81921 0.284934
4.83917 0.310442
4.83448 0.180976
4.86676 0.213386
4.89297 0.28066
4.73728 0.348353
4.81167 0.308459
4.78626 0.249227
4.91387 0.259954
5.00844 0.262213
5.08188 0.299113
5.07567 0.301258
5.0034 0.17422
4.90131 0.181933
4.90962 0.245002
4.84878 0.280823
4.88938 0.257137
4.80935 0.215834
4.61817 0.236154
4.64757 0.15609
4.62598 0.173499
4.63882 0.160986
4.71947 0.176601
4.71266 0.146315
4.62374 0.0709472
4.66743 0.12882
4.72251 0.162591
4.78852 0.0965439
4.56331 0.204555
4.38471 0.286272
4.5306 0.250423
4.50114 0.372318
4.64244 0.380166
4.77639 0.342718
4.82513 0.202006
4.88196 0.184416
4.75828 0.365951
4.70106 0.421601
4.61364 0.378653
4.66412 0.360543
4.63396 0.451153
4.66627 0.248864
4.82403 0.198818
4.71756 0.291175
4.73356 0.358252
4.7531 0.306419
4.7055 0.351003
4.71022 0.426605
4.8229 0.446777
4.71352 0.41835
4.71214 0.369144
4.75547 0.408832
4.64709 0.521466
4.62391 0.558771
4.6507 0.381092
4.64464 0.388805
4.74211 0.437397
4.68485 0.305019
4.78176 0.148417
4.8881 0.201249
4.95092 0.2705
4.90745 0.174908
4.75325 0.216919
4.79306 0.234895
4.65262 0.272294
4.65817 0.270272
4.68363 0.347283
4.57409 0.205815
4.64322 0.209947
4.66985 0.241515
4.83993 0.168226
4.78634 0.177631
4.68092 0.139389
4.65857 0.125797
4.51163 0.141223
4.4198 0.150911
4.70012 0.136328
4.67698 0.143057
4.68301 0.222818
4.85205 0.289485
4.80233 0.186726
4.84522 0.26172
4.68893 0.202243
4.73602 0.175789
4.80462 0.234797
4.8194 0.303925
4.88997 0.388133
4.9092 0.277735
4.8678 0.277443
4.87236 0.232383
4.84742 0.250443
4.87199 0.181395
4.80878 0.137735
4.88915 0.157952
4.81732 0.248949
4.88446 0.226495
4.82524 0.0840581
4.82683 0.177598
4.80283 0.0411943
4.74708 0.155629
4.68723 0.089303
4.65693 0.00755316
4.7506 -0.0462863
4.80322 -0.0391552
4.77357 0.122428
4.59057 0.0957706
4.70769 0.0718922
4.73234 0.0884894
4.78617 0.190041
4.7026 0.281781
4.65936 0.313769
4.70885 0.224537
4.66486 0.173367
4.60019 0.238406
4.69447 0.197808
4.67974 0.09673
4.64272 -0.0168934
4.83489 -0.00578244
4.80111 -0.0554453
4.7384 -0.0310515
4.77805 -0.0552031
4.70736 -0.045844
4.63263 -0.0162858
4.54045 -0.0293547
4.56658 -0.0811829
4.67903 0.06522
4.64726 0.0387788
4.69554 0.136677
4.76979 0.125507
4.77824 0.15475
4.87402 0.122801
4.87301 0.0604672
4.7794 0.143999
4.8417 0.243102
4.90019 0.258882
4.92141 0.202086
4.97689 0.290939
4.91503 0.229335
4.96428 0.209871
4.82023 0.256925
4.76801 0.0978761
4.76275 0.129574
4.67787 0.158987
4.81056 0.155205
4.80853 0.177181
4.62692 0.20104
4.77352 0.206458
4.82981 0.198674
4.8794 0.0820394
4.72868 0.121156
4.5471 0.168112
4.44369 0.0990736
4.60604 0.108609
4.56634 0.0845362
4.48073 0.237161
4.59977 0.241378
4.66884 0.0372621
4.80478 0.0848384
4.93149 0.111331
4.92994 0.118896
4.80418 0.198131
4.76224 0.121666
4.70687 0.14325
4.66754 0.121402
4.7198 0.196321
4.76719 0.228242
4.57077 0.224074
4.62898 0.127389
4.71065 0.255913
4.5393 0.253335
4.51407 0.178103
4.56404 0.19592
4.52392 0.213359
4.51382 0.137738
4.48544 0.151926
4.6081 0.173884
4.60362 0.24126
4.74086 0.12046
4.70186 0.128918
4.64279 0.194644
4.54395 0.210546
4.63143 0.185119
4.42671 0.0560651
4.58831 0.145524
4.70244 0.167973
4.75181 0.0321256
4.83965 0.123924
4.91435 0.114053
4.9733 0.0807893
4.93222 0.0998964
4.89856 0.218475
4.83441 0.220006
4.80838 0.279117
4.8205 0.176483
4.73449 0.129124
4.7689 0.101474
4.65634 0.0708956
4.71777 0.057088
4.63913 0.0257025
4.7533 -0.0446083
4.78868 -0.0410149
4.82442 -0.00804072
4.81965 -0.107298
4.77791 -0.11017
4.74809 -0.158355
4.67917 -0.147551
4.63114 -0.019595
4.65813 -0.0775646
4.64621 -0.0200335
4.74304 -0.120837
4.74693 -0.126689
4.75828 -0.0271881
4.86264 -0.054823
4.80584 0.0744981
4.83651 -0.0204846
4.6272 0.0212934
4.67904 -0.00929816
4.6968 0.0402897
4.54015 -0.0670536
4.70377 -0.0878283
4.74262 -0.0563814
4.72712 -0.0773651
4.68302 -0.0659389
4.6579 0.0514826
4.77324 -0.0541245
4.77599 -0.0915217
4.77274 -0.153097
4.7338 -0.0356733
4.7736 0.0232685
4.70633 0.0632785
4.72708 -0.0130849
4.70041 0.0538551
4.79005 -0.0413244
4.78318 -0.0634358
4.98309 -0.0649189
4.9183 -0.0303896
4.91139 -0.138182
4.93953 0.0375029
4.9343 0.0796076
4.73651 0.178754
4.61405 -0.079344
4.56889 -0.158644
4.53081 -0.110385
4.6546 -0.169757
4.56694 -0.276431
4.63099 -0.182662
4.60824 -0.176385
4.77311 -0.141485
4.84837 -0.106128
4.77481 -0.0317657
4.65795 -0.0652112
4.52213 -0.0538012
4.46192 -0.0574328
4.27746 -0.058301
4.52541 -0.194106
4.67978 -0.187876
4.51891 -0.140968
4.5612 -0.0576489
4.62215 -0.00638398
4.6839 -0.0642542
4.72302 0.0611283
4.63475 0.0567632
4.64578 -0.0622148
4.71473 -0.0242062
4.75291 -0.0383316
4.75947 -0.0773812
4.71191 -0.0568306
4.61723 -0.101469
4.71555 -0.0959761
4.94469 -0.0636789
4.96282 -0.115751
4.90336 -0.00362543
4.83994 -0.0920206
4.85529 -0.141985
4.91643 -0.112588
4.91238 -0.0202981
4.93678 -0.045615
4.92486 0.0222408
4.8322 -0.0959355
4.93638 -0.0686921
5.02948 -0.103345
4.99091 0.00645551
4.95632 -0.183156
5.05243 -0.189532
4.99698 -0.188732
5.08621 -0.176077
4.98585 -0.165309
4.86091 -0.180144
4.91305 -0.0779264
4.83656 0.0414514
4.82442 -0.0255628
4.85653 -0.0628029
4.89854 -0.0577167
4.87611 0.0222578
4.92164 0.0351357
4.94703 0.0731235
4.91707 0.0802611
4.93104 0.116126
4.85703 0.0764574
4.75452 0.077162
4.81337 0.0421868
4.98452 0.0725226
4.91605 0.0456973
4.95875 0.014688
4.97352 -0.00218315
5.02089 -0.00802515
4.90096 0.0213624
4.94939 0.139271
5.00608 0.113879
5.09739 0.108325
5.05645 -0.00446406
5.03026 -0.083043
5.06691 -0.0998326
4.93887 -0.0648714
4.96991 0.00363131
4.88984 -0.0421337
4.92419 -0.0830562
4.84431 -0.122611
4.93685 -0.100389
4.95122 -0.114645
4.8044 -0.139509
4.91987 -0.24375
4.87619 -0.166425
4.8084 -0.138917
4.79321 -0.0965992
4.68498 -0.0652347
4.72009 -0.00434993
4.732 -0.0626882
4.84105 0.0129795
4.74149 -0.0850222
4.68014 -0.164399
4.83076 -0.0340844
4.90955 -0.017457
5.00443 0.0348653
5.00136 0.0275721
4.97152 0.0641089
4.75982 -0.0435145
4.85011 -0.0953539
4.8542 -0.140076
4.90743 -0.162276
4.76402 -0.15888
4.61482 -0.105528
4.5139 -0.11041
4.77487 -0.199392
4.78415 -0.220774
4.76189 -0.203519
4.70863 -0.188545
4.61833 -0.155831
4.65985 -0.202886
4.70672 -0.120455
4.87364 -0.136888
4.97747 -0.0875504
5.00241 -0.0789975
5.01449 -0.172987
4.95984 -0.169512
4.98812 -0.217649
5.04797 -0.286681
4.9877 -0.190128
4.97551 -0.226196
4.99859 -0.190312
4.89586 -0.111601
5.00365 -0.0554101
4.84405 -0.175295
4.90026 -0.0701241
4.88883 -0.185934
4.9494 -0.14224
4.88116 -0.0489928
4.9164 -0.151039
4.87336 -0.0763903
4.82764 -0.0716324
4.78463 -0.0535932
4.81945 -0.00412762
4.80349 0.0344776
4.72092 -0.049108
4.7177 -0.111601
4.90172 -0.233303
4.83144 -0.243965
4.95022 -0.259875
4.9214 -0.260537
4.83093 -0.251878
4.92606 -0.197944
4.9487 -0.172588
4.93274 -0.084453
4.83074 -0.215458
4.79649 -0.158613
4.86145 -0.229068
4.945 -0.186248
4.82796 -0.193355
4.86567 -0.0989719
4.87131 -0.0634021
5.00233 -0.151574
4.94319 -0.19536
4.86363 -0.0893494
4.73134 -0.0205987
4.68219 -0.201885
4.78823 -0.148114
4.77324 -0.015569
4.68673 -0.193967
4.75824 -0.00558142
4.6687 -0.10407
4.71832 -0.172918
4.84087 -0.167569
4.82834 -0.179004
4.82796 -0.202092
4.7652 -0.161304
4.64812 0.0111116
4.57124 -0.0373182
4.45 0.0974555
4.55248 0.0611751
4.55794 0.117918
4.70707 -0.0360962
4.6558 -0.0976727
4.64397 0.00716383
4.8704 -0.0587718
4.91363 0.00554957
4.85192 0.0723449
4.92259 0.0264254
4.95001 0.0575773
4.94851 -0.0209616
4.94554 0.00206385
4.82344 0.0482412
4.84165 0.00470138
4.94069 -0.0731581
4.97347 -0.0104149
4.95381 -0.138028
4.96284 -0.106742
4.99414 -0.203547
4.92658 -0.0740312
4.89133 -0.128926
4.98504 -0.193251
4.92633 -0.16744
4.93599 -0.213392
4.92925 -0.114394
4.82798 -0.22114
4.80933 0.0055663
4.91636 -0.112609
4.98729 -0.10257
4.99426 -0.131825
4.91583 -0.189923
4.81873 -0.0689063
4.75123 -0.061153
4.81369 -0.0884457
4.81433 0.010556
4.80275 -0.115914
4.87465 -0.09239
4.96007 -0.141298
5.01959 0.0330339
4.94509 0.00705522
4.78282 -0.0329464
4.88322 -0.138192
4.98934 -0.049385
5.01308 -0.0403169
4.96533 -0.137085
4.88702 0.0573985
5.11999 0.0238453
5.05113 0.0226168
5.10555 -0.0656214
4.98745 -0.111865
4.95015 -0.0357132
4.98429 -0.0995129
5.0135 -0.0336933
4.97587 0.110147
4.92064 -0.0098385
4.90451 0.0136292
4.85404 0.153967
4.75787 0.0444286
4.70841 0.0415848
4.80683 0.0740635
4.63469 0.0268411
4.73569 -0.0403441
4.73844 -0.0329781
4.67801 -0.0564745
4.53361 -0.0666108
4.73315 -0.138794
4.71327 -0.143513
4.82099 -0.0872696
4.56644 -0.115931
4.42038 -0.0360837
4.48771 -0.120631
4.46539 -0.145824
4.51649 -0.113432
4.68583 -0.030507
4.67571 -0.0826965
4.52105 -0.131328
4.44275 -0.209159
4.57492 -0.104941
4.69914 -0.0350721
4.7653 -0.13783
4.75214 -0.099087
4.8375 0.0327854
4.86564 -0.108551
4.90108 -0.0854847
4.91411 -0.104267
4.80015 -0.0695443
4.7951 -0.126105
4.73674 -0.145959
4.74017 -0.221191
4.75624 -0.155024
4.76694 -0.142422
4.72798 -0.0296102
4.66738 -0.116842
4.76639 -0.0999518
4.8178 -0.137105
4.64355 -0.144638
4.82478 -0.173676
4.83528 -0.019152
4.97262 -0.165751
4.96324 -0.180803
4.85221 -0.232946
4.85234 -0.183478
4.91657 -0.251828
4.90984 -0.110875
5.01206 -0.161443
4.92655 -0.180216
4.90721 -0.0585044
4.87638 -0.105641
4.90206 -0.0265195
4.99255 0.0422208
5.03303 0.0544768
5.02172 -0.055679
4.97841 -0.0842477
4.87848 -0.0260205
4.85273 -0.134316
4.89898 -0.198508
4.78265 -0.234494
4.83533 -0.24815
4.77781 -0.219322
4.87105 -0.183614
4.93801 -0.0773792
5.02845 -0.181675
5.01788 -0.133434
4.97119 -0.186977
4.94418 -0.17126
4.7941 -0.20029
4.71845 -0.197079
4.90234 -0.108126
4.87715 -0.139746
4.84363 0.0321119
4.90511 0.0812191
4.89524 -0.048051
4.92389 -0.144813
5.01943 -0.119199
4.90497 -0.158796
4.9013 -0.144557
4.87055 -0.148705
4.75528 -0.217939
4.87077 -0.16247
4.69395 -0.200687
4.671 -0.139115
4.6462 -0.228896
4.5664 -0.205507
4.75596 -0.158031
4.79608 -0.180024
4.82935 -0.171964
4.95896 -0.0332788
4.94729 -0.116746
4.95627 -0.0965705
4.82923 -0.0563887
4.70196 -0.149653
4.83568 0.049385
4.67237 -0.0958492
4.63495 -0.124477
4.65748 -0.0765356
4.76406 -0.110559
4.74947 -0.0591301
4.70895 -0.0680896
4.78126 -0.0783114
4.80986 -0.10123
4.76528 -0.113185
4.82456 -0.140594
4.85858 -0.110394
4.88729 -0.0878073
4.89617 -0.0691792
4.80906 -0.0666973
4.82584 -0.0993296
4.74049 -0.162201
4.53941 -0.138253
4.78714 -0.162324
4.83466 -0.0898534
4.93572 -0.148421
5.04419 -0.149197
4.95979 -0.189252
4.76747 -0.27325
5.01911 -0.138706
4.95464 0.0184235
4.87376 -0.0169564
4.74914 -0.066699
4.7251 -0.13952
4.59102 -0.0665021
4.87654 -0.176343
4.63216 -0.101047
4.79905 -0.269039
4.86266 -0.212831
4.81744 -0.142957
4.89482 -0.194875
4.84799 -0.071312
4.87868 -0.182254
4.95854 -0.0932941
4.90416 -0.225281
4.88962 -0.191693
4.89541 -0.151203
4.98202 -0.152713
5.01047 -0.240556
4.8302 -0.136422
4.94039 -0.108112
5.02949 -0.113447
5.03327 0.00278781
4.961 0.0262629
4.84166 -0.103354
4.8176 -0.160628
4.80828 -0.135951
5.08466 -0.0568343
5.18353 -0.0660571
5.14874 0.00464269
4.99516 -0.0784588
5.02534 -0.162725
5.03657 -0.0647024
5.19766 -0.167308
5.25609 -0.121287
5.16886 -0.0983558
5.27198 -0.138815
5.30889 -0.0429553
5.16361 -0.0583544
5.21851 -0.0485759
5.15939 -0.00099813
5.18767 -0.105188
5.22044 -0.193967
5.20599 -0.0801416
5.13808 -0.100576
5.16204 -0.229664
5.13177 -0.176275
5.27288 -0.196688
5.11352 -0.0550557
5.10169 -0.0496175
5.07565 -0.0876734
5.10629 -0.0599162
5.12525 -0.165539
5.04563 -0.207809
5.23216 -0.102236
5.17008 -0.0282777
5.29073 -0.101522
5.21551 -0.175332
5.28645 -0.0726417
5.09157 -0.111454
5.13458 -0.15618
5.08733 -0.208627
5.13931 -0.205059
5.2862 -0.215427
5.23585 -0.18469
5.24873 -0.128203
5.06981 0.00210763
4.99359 -0.224069
4.86724 -0.196063
4.86769 -0.228275
4.85931 -0.154083
4.87567 -0.206369
4.87941 -0.21477
4.88675 -0.167617
4.95403 -0.190288
5.13666 -0.188786
5.19719 -0.176079
5.08035 -0.109089
5.06911 -0.201097
5.13945 -0.26439
5.15064 -0.299067
4.91118 -0.234227
