400 100 199
1.56703 -0.00432938
3.37199 -0.00729004
3.37574 -0.181072
3.43928 -0.227549
3.60254 -0.234004
3.85351 -0.242198
4.29856 -0.242792
4.68432 -0.263037
5.92182 -0.835624
6.64711 -1.14978
7.24205 -1.19033
8.11313 -1.18813
8.59549 -1.21165
8.9279 -1.17593
8.94611 -1.26466
8.87907 -1.23375
8.97557 -1.25202
8.98449 -1.57807
8.99762 -1.65727
8.97496 -1.61336
8.96381 -2.09349
8.99153 -2.26377
8.97256 -2.23103
8.96615 -2.37476
8.96761 -2.45184
8.98742 -2.40114
8.97882 -2.51519
8.98762 -2.67254
8.99038 -2.63189
8.97908 -2.61023
9.00718 -2.61543
8.99615 -2.65036
8.9641 -2.60903
8.9936 -2.59789
9.01536 -2.68988
9.03381 -2.71175
9.01336 -2.91934
9.07961 -2.94441
9.03244 -3.24601
9.05359 -3.68707
9.14912 -3.74344
9.19843 -3.90459
9.12361 -3.93765
9.39375 -3.87703
9.46274 -3.91682
9.31963 -3.89254
9.19023 -3.92166
9.14481 -4.04543
9.16416 -3.98938
9.31942 -3.93452
9.29875 -3.92473
9.32687 -3.89815
9.27961 -4.09678
9.389 -3.96187
9.34152 -4.15979
9.36058 -4.24643
9.30433 -4.45291
9.30815 -4.34995
9.30631 -4.36773
9.45663 -4.51693
9.46597 -4.56149
9.68171 -4.47861
9.6639 -4.53699
9.81552 -4.53799
9.66883 -4.54098
9.58138 -4.56975
9.61358 -4.60785
9.60655 -4.71748
9.67558 -4.84033
9.59455 -4.93552
9.76812 -4.87215
9.81279 -4.77422
9.74079 -4.89424
9.85469 -5.13036
9.71345 -5.17219
9.86277 -5.1623
10.0223 -5.55656
10.1003 -5.6612
10.1097 -5.69721
9.92179 -5.81672
9.89325 -5.72415
9.84941 -5.82687
9.69485 -5.86921
9.54437 -5.90171
9.65925 -5.88262
9.84597 -5.94487
9.87685 -6.04738
9.68555 -6.13754
9.74637 -6.21697
9.73162 -6.22992
9.67744 -6.18696
9.56755 -6.27837
9.58486 -6.27998
9.64384 -6.28728
9.86469 -6.43939
9.89986 -6.45607
9.858 -6.50469
9.88229 -6.40402
9.79656 -6.40892
9.6707 -6.44628
9.93307 -6.45202
9.80244 -6.43908
10.0088 -6.517
10.0881 -6.54963
10.1065 -6.52334
10.1784 -6.61324
9.88825 -6.63385
9.74461 -6.57173
9.65387 -6.64244
9.80974 -6.61438
9.82911 -6.55752
9.90149 -6.64247
9.97022 -6.60306
9.76306 -6.63832
9.77904 -6.66904
10.0269 -6.61959
9.63422 -6.70903
9.79508 -6.72988
9.64193 -6.69749
9.74835 -6.79137
9.61724 -6.88508
9.55826 -6.83426
9.52154 -6.86355
9.53553 -7.01294
9.50565 -6.97592
9.53667 -6.98785
9.59057 -7.00339
9.58646 -7.01108
9.56997 -7.01682
9.58513 -7.01013
9.60134 -7.041
9.58173 -7.04348
9.61496 -7.09333
9.64439 -7.05005
9.64497 -7.11117
9.63787 -7.13612
9.64509 -7.3076
9.62901 -7.24352
9.63057 -7.55169
9.64181 -7.57391
9.63749 -7.52016
9.63977 -7.59833
9.65005 -7.62512
9.65288 -7.57092
9.62855 -7.59685
9.64843 -7.66499
9.64345 -7.73918
9.63263 -7.85576
9.60847 -7.83888
9.63335 -7.80601
9.63309 -7.84547
9.63014 -7.83611
9.63047 -7.98186
9.64617 -7.90718
9.64178 -7.94777
9.64732 -7.98176
9.63692 -8.07362
9.70461 -8.06966
9.6694 -8.07066
9.65595 -8.18598
9.6328 -8.13786
9.62746 -8.19592
9.62713 -8.14608
9.6303 -8.20085
9.61102 -8.20572
9.6307 -8.20282
9.63294 -8.20683
9.63129 -8.17279
9.63044 -8.22259
9.63317 -8.18302
9.63187 -8.22186
9.6312 -8.17592
9.63231 -8.13653
9.64316 -8.19064
9.63212 -8.24844
9.58736 -8.23048
9.61062 -8.21221
9.61682 -8.11002
9.60125 -8.18421
9.62656 -8.16924
9.61732 -8.20287
9.62482 -8.23874
9.63276 -8.19433
9.62629 -8.19674
9.62112 -8.1891
9.63566 -8.20673
9.66702 -8.20643
9.63745 -8.2245
9.63328 -8.19175
9.6334 -8.23386
9.63427 -8.18404
9.62139 -8.18209
9.63862 -8.20125
9.65938 -8.21111
9.67114 -8.18116
9.69941 -8.11847
9.75098 -8.22257
9.74918 -8.17448
9.71285 -8.20418
9.67615 -8.13347 9.67617
9.67878 -8.18265 8.96705
9.67942 -8.12593 8.69047
9.6795 -8.02749 8.64178
9.65831 -8.19079 8.55909
9.62729 -8.1399 8.51189
9.63401 -8.233 8.2747
9.63952 -8.24048 8.28919
9.6063 -8.22094 7.57329
9.6224 -8.3007 7.5424
9.63419 -8.39169 7.42845
9.6342 -8.32988 7.47962
9.63944 -8.36781 7.06798
9.64044 -8.41858 6.71316
9.62987 -8.4249 6.45914
9.61418 -8.43804 6.31274
9.62545 -8.57519 6.37559
9.6267 -8.62181 6.1542
9.6086 -8.67047 6.04327
9.55553 -8.67714 6.02895
9.60923 -8.72046 6.01071
9.62101 -8.62492 5.98625
9.6285 -8.69223 5.55621
9.63223 -8.73024 5.35627
9.6315 -8.70259 5.34062
9.63317 -8.6821 5.24297
9.62872 -8.72852 5.01155
9.63233 -8.65868 4.95179
9.63309 -8.65376 4.95754
9.63317 -8.73033 4.55339
9.63123 -8.67846 4.34971
9.63317 -8.71474 4.20338
9.6252 -8.67582 4.18799
9.63109 -8.68773 4.0272
9.63156 -8.68359 3.8472
9.64171 -8.73599 3.89547
9.63461 -8.8212 3.42483
9.63503 -8.80618 3.21297
9.63279 -8.79784 3.28745
9.62553 -8.83719 3.137
9.63317 -8.79008 2.84004
9.63712 -8.72476 2.86076
9.61507 -8.85078 2.6702
9.63117 -8.88354 2.51592
9.63328 -8.80659 2.35804
9.66159 -8.88296 2.33355
9.59426 -8.84194 2.27207
9.59337 -8.89106 2.15815
9.63991 -8.87238 1.84613
9.6512 -8.86074 1.44966
9.6584 -8.86806 1.32668
9.65946 -8.88183 1.59457
9.65359 -8.82974 1.52741
9.63908 -8.89605 0.975136
9.65294 -8.88789 1.26255
9.64114 -8.91539 0.975603
9.62976 -8.90563 0.720347
9.64806 -8.86995 0.709376
9.6648 -8.92019 0.674641
9.64506 -8.86719 0.447025
9.64596 -8.88523 0.518812
9.63397 -8.91295 0.53699
9.63237 -8.90801 0.293433
9.64359 -8.87076 0.175392
9.66357 -8.83846 -0.0963481
9.64611 -8.91721 0.0180457
9.66362 -8.84711 0.0343003
9.64751 -8.89665 -0.0357419
9.64553 -8.8459 0.286945
9.69779 -8.89859 -0.237824
9.67909 -8.86021 -0.136836
9.64988 -8.90104 -0.124043
9.68646 -8.84507 -0.113115
9.61261 -8.88365 -0.472742
9.69201 -8.85919 -0.810108
9.756 -8.83755 -0.847721
9.90449 -8.81233 -0.868858
9.94967 -8.81807 -0.831855
9.76976 -8.92271 -0.564556
9.7899 -8.83798 -0.994847
9.78058 -8.93713 -1.00088
9.77036 -8.93952 -0.893692
9.85196 -8.92391 -1.18099
9.82458 -8.93 -1.41482
9.86482 -8.90635 -1.76968
9.92304 -8.94005 -1.55399
9.93873 -8.8948 -2.0227
9.90161 -8.84962 -1.93428
9.8333 -8.88055 -2.0945
9.79553 -8.96293 -2.17556
9.8361 -8.90434 -2.92749
9.88227 -8.95521 -3.08377
9.90271 -8.93641 -3.08364
9.80318 -8.95018 -3.32547
9.74155 -8.9083 -3.3712
9.64766 -8.90906 -3.4567
9.58494 -9.19164 -3.64515
9.62462 -9.30862 -3.62081
9.65419 -9.31189 -3.63142
9.70245 -9.33855 -3.74666
9.6558 -9.3299 -3.967
9.6872 -9.34508 -4.24746
9.73456 -9.32531 -4.04441
9.70123 -9.29812 -4.3697
9.72498 -9.31355 -4.75793
10.0091 -9.3422 -4.81405
10.161 -9.33954 -4.63911
10.1139 -9.32331 -4.98886
10.1614 -9.3184 -5.25209
10.033 -9.3209 -5.13652
10.084 -9.33886 -5.12553
10.059 -9.32194 -5.23285
9.88758 -9.3294 -5.36547
9.95133 -9.30866 -5.51102
9.97701 -9.333 -5.51317
10.0019 -9.32448 -5.61403
9.99984 -9.32214 -5.69099
10.0272 -9.34647 -5.82599
10.0531 -9.3178 -5.86329
10.0298 -9.29129 -5.99473
10.1226 -9.32925 -5.91596
10.1215 -9.33012 -5.97204
10.0701 -9.31757 -5.907
10.0947 -9.31477 -5.94105
10.0492 -9.33404 -5.99574
9.98376 -9.3395 -5.93966
9.98851 -9.31422 -5.92037
9.88485 -9.3212 -6.1561
9.94862 -9.31967 -6.12831
9.94492 -9.33474 -6.07072
9.96236 -9.37173 -6.15047
10.0054 -9.3417 -6.0409
9.89694 -9.33198 -6.05704
9.94907 -9.34134 -6.10107
9.90032 -9.33606 -6.02455
9.92965 -9.38034 -6.11229
9.96772 -9.33065 -6.21955
10.0226 -9.34785 -6.25246
9.97483 -9.31525 -6.29849
9.93166 -9.33504 -6.29944
10.0357 -9.34452 -6.2339
9.97632 -9.34188 -6.18815
10.0365 -9.33409 -6.22298
9.99824 -9.3304 -6.26727
9.96585 -9.29254 -6.34423
10.0335 -9.32881 -6.32504
10.17 -9.32468 -6.26751
10.1684 -9.3113 -6.29209
10.1823 -9.3354 -6.60339
10.2293 -9.34411 -6.69015
10.1793 -9.36688 -6.77967
10.191 -9.32407 -6.89123
10.1392 -9.32423 -7.31914
10.0575 -9.32036 -7.30578
10.0119 -9.36026 -7.31516
10.0583 -9.32348 -7.40231
10.106 -9.36358 -7.38825
10.1113 -9.34549 -7.37129
10.0535 -9.29567 -7.40752
10.1206 -9.33085 -7.42378
10.1685 -9.32147 -7.4963
10.1827 -9.33957 -7.27694
10.225 -9.29869 -7.50084
10.1308 -9.31552 -7.50067
10.2002 -9.35186 -7.48248
10.128 -9.3325 -7.43238
10.0797 -9.36422 -7.4718
10.1637 -9.37247 -7.45454
10.0615 -9.35654 -7.52118
10.0275 -9.33705 -7.63758
10.092 -9.3755 -7.38266
10.1185 -9.3215 -7.44584
10.2289 -9.34544 -7.51464
10.1813 -9.3218 -7.54654
10.0912 -9.334 -7.4997
10.1669 -9.35672 -7.63788
10.2199 -9.33413 -7.49108
10.2118 -9.36102 -7.54259
10.2731 -9.36502 -7.71205
10.2682 -9.36761 -7.75917
10.277 -9.34635 -7.67036
10.1695 -9.363 -7.74025
10.1852 -9.30882 -7.71136
10.1633 -9.35337 -7.65885
10.2593 -9.37106 -7.7175
10.2567 -9.32801 -7.5896
10.3401 -9.35179 -7.71788
10.2651 -9.3054 -7.86354
10.1978 -9.31908 -7.84826
10.2158 -9.346 -7.91636
10.2222 -9.35638 -7.87
10.2778 -9.3083 -7.83907
10.2542 -9.32057 -7.86244
10.2928 -9.34305 -7.82062
10.3101 -9.37276 -7.87124
10.2583 -9.34519 -7.7944
10.167 -9.37197 -7.90508
10.135 -9.35837 -7.81534
10.1595 -9.34017 -7.88785
10.1056 -9.35659 -7.85319
10.1972 -9.37388 -7.83138
