101 100
-0.039 0.083 -0.38 0.21 0.14 0.03 0.14 0.33 -0.38 0.5 0.34 -0.1 
1.66921 -10.6396 -11.3301 -9.70492 -10.0558 -11.4141 -10.1416 -10.7795 -9.86362 -10.7374 -11.134 -11.3187 
5.33374 -9.90537 -9.24271 -9.52177 -10.5888 -10.3541 -9.06863 -9.21178 -10 -10.9841 -11.1509 -9.04091 
7.1189 -9.82861 -10.2727 -8.76923 -8.68783 -10.0591 -9.56566 -10 -10.2264 -10.7401 -9.0582 -10.3941 
7.34939 -9.49359 -9.87817 -8.64157 -10.2051 -9.22951 -8.85137 -8.91757 -9.75758 -10.3183 -9.73109 -9.67368 
8.10363 -10.4157 -11.1907 -10.6582 -9.30006 -11.5652 -9.25532 -9.11416 -11.2308 -11.0319 -10.0844 -10.92 
6.77967 -10.1297 -10.4954 -9.67746 -10.7935 -9.97994 -8.6493 -8.09991 -11.1813 -10.7921 -9.90002 -11.9102 
7.24336 -9.95336 -11.2283 -10.066 -11.1107 -10.4548 -8.53552 -8.31193 -11.0273 -8.8259 -9.34788 -10.9961 
7.61612 -9.70694 -9.67535 -9.27926 -10.046 -10.4141 -9.60795 -8.38144 -11.5444 -10.6164 -8.47955 -9.24402 
8.11528 -9.45023 -9.94123 -9.75183 -10.47 -9.27451 -8.38954 -9.28155 -10.4097 -8.31334 -8.93069 -9.76289 
9.00822 -9.89139 -9.73248 -8.77914 -9.35197 -9.53935 -10.4379 -10.4394 -11.2646 -10.9801 -8.53766 -9.87435 
8.26046 -10.2172 -9.84084 -9.15392 -10.0222 -10.2025 -12 -9.96499 -10.8447 -10.2812 -9.81281 -10.0306 
8.36646 -10.0005 -9.06513 -10.2667 -9.07285 -9.98901 -11.2762 -10.3514 -9.98881 -9.08778 -10.3823 -10.6084 
7.37619 -9.93593 -8.82008 -9.82979 -9.83938 -10.5844 -9.43 -10.7998 -9.28867 -10.2255 -9.32039 -11.7263 
7.39134 -9.96803 -9.39501 -9.33636 -10.3777 -10.1929 -10.3723 -10.6949 -10.1333 -10.0279 -8.95923 -10.1803 
7.54011 -9.92013 -9.34887 -9.24634 -10.7179 -10 -8.57791 -10.8223 -10.0388 -9.66679 -9.84834 -10.52 
7.07928 -10.1424 -10.3519 -10.1464 -10.5367 -10.1117 -8.95556 -9.49522 -11.2092 -10.3152 -9.89067 -10.3269 
8.01281 -9.85901 -9.37942 -9.7441 -10.7846 -10.4215 -7.96774 -9.81053 -10.7459 -10.223 -9.9396 -9.78491 
9.35514 -9.72561 -10.0877 -10.5923 -9.98113 -9.60577 -7.89667 -10.1538 -8.64253 -10.7141 -9.40704 -10.2121 
9.90334 -9.87728 -8.87209 -10.8365 -10.3786 -8.07221 -7.71421 -11.2681 -8.68599 -11.6239 -10.7945 -10.4019 
8.78982 -9.67021 -8.39048 -11.2353 -10.7642 -7.79419 -7.77392 -10.3072 -9.94258 -10.816 -10.7251 -9.20538 
8.89165 -9.45702 -8.0177 -11.4283 -10.4881 -7.34372 -8.39194 -10.3708 -10.8921 -9.06536 -9.15957 -8.93741 
7.61227 -9.65664 -8.62414 -11.2422 -10.0355 -9.66886 -7.81341 -10.9333 -9.34343 -10.1231 -8.17801 -10.7802 
8.08977 -9.89222 -9.68271 -11.5757 -9.75695 -9.69668 -8.85878 -11.3026 -9.18447 -10.9604 -8.80159 -9.38797 
8.50625 -9.99543 -10.4109 -11.6813 -9.65294 -8.92486 -9.3382 -10.1077 -8.93127 -11.5934 -10.874 -9.43779 
7.84884 -9.85049 -10.2427 -10.3492 -9.9113 -7.88121 -9.24879 -9.07123 -10.4029 -11.3769 -10.8503 -9.54094 
7.49709 -10.1579 -10.6328 -10.4657 -10.6575 -8.05175 -9.08203 -9.76263 -10.5969 -11.3074 -11.403 -9.55663 
8.31231 -9.66465 -9.45028 -8.25433 -10.999 -8.2863 -8.56674 -10.0215 -9.53469 -11.0006 -10.5624 -9.42594 
8.04282 -10.0006 -10.8914 -8.2161 -10.668 -8.18119 -9.57138 -9.53574 -11.287 -10.1877 -10.3864 -10.8622 
8.56251 -10.0309 -10.8686 -9.58551 -10.7374 -8.58356 -9.10985 -10.1493 -10.6079 -10.0852 -10.2605 -10.1339 
8.8165 -9.87665 -9.95254 -8.58793 -9.65027 -7.80876 -9.38106 -10.3177 -11.7641 -10.7522 -10.9064 -9.90026 
8.77812 -9.96532 -8.57609 -8.58129 -10.1707 -8.0724 -9.28132 -10.2713 -11.8558 -11.4205 -10.6739 -11.0128 
9.37721 -9.7622 -9.74894 -9.23853 -8.80508 -7.5689 -9.03511 -10.4838 -11.4369 -9.25104 -10.8358 -11.0733 
8.21301 -9.6563 -9.72025 -9.16907 -8.54557 -7.91895 -9.29784 -10.3623 -11.039 -10.2727 -9.93551 -9.91898 
8.71361 -9.74958 -9.96563 -9.84983 -8.89097 -7.94736 -9.39364 -10.4603 -10.392 -9.73535 -10.4645 -10.4077 
8.23293 -9.55674 -8.47393 -9.08309 -9.37794 -8.3231 -9.42089 -10.7224 -10.6769 -8.63123 -11.5533 -9.45631 
7.59133 -10.0368 -9.34343 -9.48214 -9.58254 -9.62202 -9.22741 -10.2452 -11.6531 -9.2024 -11.7125 -10.1562 
8.50943 -9.79188 -10.0034 -9.06792 -9.78794 -10.2886 -8.48039 -9.2616 -10.5775 -9.59649 -11.53 -9.5562 
7.98695 -10.3135 -11.1567 -9.55418 -10.5479 -10.3889 -9.11185 -10.1736 -10.838 -9.88153 -11.6551 -9.95999 
7.78822 -10.2847 -11.2433 -8.67676 -10.8034 -9.34754 -9.4379 -9.50587 -10.881 -11.3093 -11.5153 -10.1169 
8.41296 -10.0185 -10.2272 -8.80676 -9.13937 -8.74948 -9.23185 -10.207 -11.172 -10.8244 -11.7128 -10.3398 
8.98023 -9.54417 -10.4267 -9.27712 -8.74909 -8.78941 -8.99301 -9.80044 -9.83478 -10.2455 -9.9241 -9.4849 
8.80705 -9.31364 -10.3466 -9.18183 -8.37686 -8.354 -9.08203 -9.57842 -9.76154 -9.91089 -9.54662 -8.9952 
8.65852 -9.84739 -10.5715 -9.12681 -8.9202 -9.70421 -9.48979 -9.54624 -10.8076 -9.77591 -10.1465 -10.4194 
9.51196 -9.27078 -9.23166 -8.20812 -8.45292 -8.77595 -9.2647 -9.06997 -9.4112 -10.8834 -9.52405 -10.0449 
9.32506 -9.7491 -11.1135 -9.48616 -8.61224 -9.5702 -9.10449 -9.43408 -10.2007 -9.51759 -10.0653 -10.2825 
9.02067 -10.143 -10.8793 -11.3948 -9.86131 -8.63805 -9.77236 -9.59453 -9.93473 -10.8473 -10.3106 -10.3747 
8.75045 -9.84876 -10.3502 -10.0224 -9.8458 -7.9809 -9.70245 -9.43828 -10.3695 -9.65546 -10.1202 -11.1608 
7.42351 -9.74477 -10.6145 -8.33596 -9.57026 -7.87833 -9.66493 -9.82838 -9.74481 -11.1016 -10.4808 -10.2681 
8.58244 -9.59174 -10.8197 -8.98463 -8.92469 -7.58403 -10.1672 -9.54866 -10.3097 -10.3153 -8.75546 -10.847 
8.09175 -9.96225 -10.8266 -10.9964 -10.2509 -7.79739 -10.8988 -9.67644 -8.92766 -9.40997 -9.83779 -10.9195 
8.44299 -9.87328 -11.52 -11.8347 -9.80228 -8.08383 -10.1988 -9.47375 -9.92217 -8.76923 -8.91204 -10.3169 
8.41513 -10.3284 -11.2725 -10.4885 -9.19297 -9.359 -9.95219 -10.6388 -10.3558 -11.3541 -9.71445 -10.8742 
9.30018 -9.74194 -10.6024 -9.17009 -10.0974 -8.87691 -9.66452 -10.9005 -8.89773 -9.38479 -9.84269 -9.99053 
8.53796 -9.68468 -9.13619 -9.62382 -10.2247 -8.97988 -10.3642 -9.80139 -9.21885 -10.5061 -9.17282 -9.81393 
8.87953 -9.07706 -7.91834 -11.0289 -9.36949 -7.88978 -8.84031 -9.8285 -9.50809 -9.81206 -7.501 -9.28753 
7.67949 -9.34373 -7.75283 -10.2949 -8.82095 -8.81873 -10.3403 -9.24645 -9.35127 -10.1322 -7.6016 -10.417 
7.1991 -9.34819 -7.53606 -10.1681 -9.07999 -8.80534 -10.6749 -9.28444 -10.3162 -10.2569 -6.97544 -10.0368 
8.07783 -9.33648 -7.69171 -10.3607 -9.21196 -8.8712 -10.1984 -9.39436 -9.85784 -9.90133 -7.40956 -10.6565 
7.97574 -9.4427 -7.73382 -11.1521 -8.5809 -8.70566 -10.3667 -9.24256 -9.45202 -9.45467 -8.98908 -10.2245 
8.31064 -9.31181 -7.74249 -10.1276 -9.12763 -9.05029 -9.93114 -10.3159 -9.26907 -9.43614 -7.68638 -10.3908 
8.88622 -9.44432 -7.60237 -9.65915 -9.07421 -9.07797 -9.96233 -9.61508 -9.85414 -10.1807 -9.42695 -10.2909 
8.25384 -9.28017 -7.53929 -9.33157 -8.76079 -9.24832 -9.08489 -9.32755 -9.87198 -10.2231 -10.2822 -9.36277 
9.29307 -9.55549 -7.63525 -10.5372 -9.12267 -9.37176 -10.2511 -9.7237 -9.51328 -9.64924 -10.1063 -9.56353 
8.1299 -9.37699 -7.57608 -10.5877 -9.09333 -8.83608 -9.74965 -10.4426 -7.74899 -9.15035 -10.4155 -10.3485 
9.46211 -9.35504 -7.75516 -10.4231 -9.08453 -9.72533 -10.1045 -9.67103 -8.30615 -8.76297 -8.99752 -10.8348 
9.02114 -9.38167 -7.16738 -9.43009 -8.80138 -10.107 -10.0914 -9.79038 -8.3245 -9.61635 -10.0082 -10.7566 
8.98451 -9.47529 -7.76567 -10.1696 -8.82315 -9.90219 -10.8332 -9.24973 -8.25568 -9.25278 -9.88917 -10.7361 
9.18213 -9.61303 -8.1196 -10.8403 -8.70184 -9.14084 -10.7568 -10.8981 -8.21601 -9.53379 -9.10217 -10.7117 
8.78834 -9.51276 -8.46131 -10.7544 -8.97507 -9.38803 -10.3038 -10.2995 -8.35305 -9.62457 -8.21506 -10.6277 
8.99064 -9.63126 -8.39173 -10.0892 -9.12763 -9.44992 -10.2542 -10.2816 -8.41523 -9.55614 -10.1079 -10.6092 
10.096 -9.51289 -10.2452 -9.5462 -8.91779 -9.42543 -9.59274 -9.43405 -8.34722 -9.5245 -10.531 -9.8836 
8.93732 -9.56915 -11.0562 -9.12678 -9.10935 -9.1505 -9.4686 -9.01659 -8.15412 -9.48983 -10.9581 -9.98743 
9.36418 -9.85927 -10.9357 -10.6481 -8.99278 -9.39626 -9.52396 -9.04538 -8.60998 -9.68882 -10.8699 -10.9864 
9.09633 -9.67767 -10.9632 -10.44 -8.67868 -9.00399 -9.4417 -9.43646 -8.16332 -9.97913 -10.0674 -10.6877 
10.009 -9.83441 -10.7131 -9.91225 -9.15272 -9.47069 -10.5716 -9.44991 -9.91065 -9.28488 -9.13827 -10.7323 
8.96329 -10.227 -10.9084 -11.3154 -9.1182 -8.81707 -10.7391 -9.94891 -11.9937 -9.14387 -9.28609 -10.4466 
8.7244 -10.0068 -10.9474 -11.0888 -8.82312 -10.1007 -10.5234 -9.39652 -11.4866 -9.17447 -9.1724 -9.20759 
8.90418 -9.72297 -10.8867 -9.97001 -8.67034 -9.76685 -9.78189 -8.80077 -10.8586 -9.28449 -9.99527 -9.59781 
9.51177 -9.64021 -10.9709 -9.54823 -9.12763 -8.60185 -9.69552 -8.92962 -9.92576 -9.48652 -10.5147 -9.74329 
8.18838 -9.7199 -10.5436 -8.81115 -9.12763 -8.93805 -9.69487 -9.17193 -11.3317 -9.64374 -10.5089 -9.46254 
8.84165 -9.55631 -10.9477 -8.51315 -8.68946 -9.19242 -9.53812 -8.72406 -10.1603 -9.46935 -10.0251 -10.4364 
8.4143 -9.71078 -9.55113 -9.23171 -9.12763 -9.42388 -9.59136 -8.80786 -10.4052 -9.61814 -10.1089 -10.9172 
8.54592 -9.97794 -10.4835 -9.14804 -8.80862 -9.24782 -9.17056 -9.02573 -11.5442 -10.7017 -10.6016 -10.6855 
9.20538 -10.0616 -11.3322 -9.56262 -8.95781 -9.1911 -9.69325 -10.1481 -9.27946 -10.6274 -11.1119 -10.8266 
9.12683 -9.99524 -11.1031 -10.2701 -8.91414 -9.68182 -9.77435 -9.91766 -9.23323 -10.3641 -10.4264 -10.2515 
7.70558 -9.81086 -11.0091 -10.345 -8.24043 -10.0625 -10.3098 -10.1315 -8.40713 -9.90568 -9.38181 -10.4269 
7.22505 -9.74081 -10.0978 -9.85708 -8.88755 -9.846 -10.3738 -10.2872 -8.80884 -9.23944 -9.00752 -10.667 
5.91071 -9.355 -9.11729 -8.54858 -8.97854 -9.39567 -9.98898 -9.57735 -8.69944 -9.26213 -9.80573 -10.1623 
7.21851 -9.54309 -11.0945 -10.0849 -9.03777 -9.3135 -9.49814 -9.73548 -8.77725 -9.45905 -9.44211 -8.89606 
6.87833 -9.24719 -10.2003 -9.48212 -8.97916 -8.83376 -9.45556 -8.9766 -8.63107 -9.49503 -9.32877 -8.95524 
6.2055 -9.78216 -10.5345 -10.5123 -8.93188 -9.51464 -9.75851 -9.50258 -8.57432 -10.412 -10.6575 -9.48466 
6.37635 -9.70664 -10.0122 -10.3549 -9.90202 -10.2249 -9.51118 -9.63014 -8.42769 -10.3972 -9.14281 -9.53451 
7.07137 -9.55634 -9.81034 -9.85552 -9.76895 -9.40574 -9.27441 -9.38554 -8.68821 -10.898 -8.9302 -9.48732 
7.85487 -9.65754 -10.3924 -9.63407 -10.2638 -9.28662 -9.61331 -10.6149 -8.91367 -10.833 -7.94306 -9.30089 
8.62105 -9.9589 -9.95892 -10.0142 -10.1624 -9.43757 -9.41785 -10.728 -8.86858 -11.3964 -10.2249 -9.46234 
8.67492 -9.73501 -10.5519 -10.0023 -9.99916 -9.83762 -9.40962 -9.43802 -8.8418 -10.0275 -10.2346 -9.1474 
7.66757 -9.59744 -9.98645 -9.76608 -8.97109 -9.67182 -8.94359 -9.58388 -8.73572 -10.2812 -10.8169 -9.3027 
7.11371 -9.84079 -10.7575 -10.0377 -9.42345 -9.81881 -9.61447 -10.0747 -8.6305 -8.84071 -11.5428 -9.55545 
8.25937 -9.92117 -9.21773 -10.1958 -9.95956 -9.35347 -8.93202 -11.0404 -9.10203 -10.5291 -11.0192 -9.47503 
8.82479 -9.64082 -9.64742 -10.1592 -8.99551 -8.85044 -9.65921 -10.0389 -8.85623 -10.1992 -11.1929 -8.91357 
