225
0.0274653 500
0.0274653 500
0.460827 1501
0.460827 1501
0.00831863 5773
0.000125016 3336
0.128656 3503
0.128656 3503
0.46023 4504
0.46023 4504
0.528431 5505
0.528431 5505
0.293544 6506
0.293544 6506
0.208784 7507
0.208784 7507
0.233765 8508
0.233765 8508
0.250408 9509
0.250408 9509
0.0166544 5980
0.0100609 3940
0.0310447 8348
0.0195819 4427
0.0134841 3
0.0335651 1256
0.0280134 8532
0.00382078 1335
0.00365523 6894
0.000458393 5454
0.0190798 2417
0.00112627 3908
0.0141628 4367
0.0198878 1384
6.28553e-05 7191
0.0371034 7110
0.0292826 588
0.108177 2728
0.000250063 6964
0.0143369 3609
0.0139358 8450
0.00050025 1003
0.0241552 9592
0.0468464 5681
0.0223642 3626
0.0230403 1160
0.0205487 7545
0.039501 2135
0.0660323 950
0.0628604 3178
0.00192507 2416
0.0244278 5338
0.0468464 3892
0.041445 6767
0.0338318 2802
2.03008e-05 8387
0.00959112 917
0.00540405 4658
0.0123081 8295
0.019876 3692
0.000375141 8764
0.000125016 5148
0.0397532 5601
0.0225531 5278
0.001001 7230
0.00655636 5019
0.00908174 9646
0.000125016 9309
0.0306622 5128
0.0239345 2625
0.00778048 9134
0.0436206 9894
0.0494556 2423
0.00810744 2500
0.0732737 6623
0.0321249 2723
0.000125016 7774
0.0447949 1526
0.00161842 6012
0.00275758 1896
0.0468464 239
0.0935026 1636
0.000125016 5187
0.00137689 5578
0.0121316 7918
0.000125016 4833
0.000125016 4865
0.0279191 446
0.0181282 9372
0.00050025 3395
0.09983 8281
0.0119594 3493
0.000924275 8783
0.00112627 1480
0.0257725 2066
0.0136096 4480
0.000375141 677
8.63881e-05 7543
0.0359135 407
0.0305878 8315
0.0828519 9409
0.0518012 7271
0.00162764 7902
0.0356041 2562
0.011645 454
0.00203008 7974
0.00755668 8744
0.00537741 2697
0.0443328 4919
0.167022 5690
0.192316 3859
0.0264485 4987
0.227018 1643
0.00142018 9789
0.00125156 8518
0.0226932 9768
0.00112627 7827
0.000250063 7142
0.0153921 2116
0.00125156 4374
0.04436 8803
0.00268354 110
0.00125156 4524
0.0223338 8881
0.000866238 1619
0.00147372 3772
0.0124297 3632
0.116096 9600
0.043569 3911
0.0500066 2083
0.0498501 9435
0.0134735 4320
0.00150225 7375
0.0504202 562
0.00946372 4294
0.0425048 4208
0.0191083 8256
6.95945e-05 7775
0.00674907 5889
0.00238065 5610
0.0255341 5395
0.0064159 1517
0.00125156 1752
0.00565682 1299
0.001001 9987
0.0464525 9125
0.00275758 7526
0.0164468 771
0.0480729 7761
0.0523546 5211
0.009846 1856
0.23429 9913
0.0136041 9566
0.000375141 1124
0.00162764 6518
0.000302669 8452
0.0102286 6394
3.03922e-05 5362
0.00645652 6944
0.00415774 4248
0.00692259 1387
0.053149 1793
0.00452034 2692
0.000375141 5618
0.0185893 8089
0.00175307 1474
0.001001 4447
0.0793308 6116
0.0342599 6208
0.0399791 927
0.00997349 6245
0.0274183 5835
0.00050025 3372
0.000375141 8835
0.000125016 3095
0.00175307 1556
0.000375141 6010
0.0530473 8788
0.00275758 6946
0.00125156 3263
0.000375141 894
0.0106114 5216
0.0418171 3284
0.0124019 3076
0.000250063 7148
0.000375141 9451
0.0163019 7200
0.000125016 156
0.0340353 4731
0.130784 372
0.000625391 4375
0.00452034 6180
0.0401768 6137
0.00162764 8610
0.0167768 2463
0.000125016 949
0.0361352 6476
0.030891 7146
0.000125016 6047
0.00050025 5000
0.000250063 1835
0.000375141 4964
0.000375141 7253
0.000625391 8221
0.000125016 1510
0.000125016 9048
0.000375141 3217
0.000250063 7920
0.000375141 9040
0.000125016 1566
0.000750563 899
0.00050025 9665
0.00050025 5419
0.000375141 2576
0.000125016 1311
0.000625391 4442
0.000125016 157
0.000375141 1306
0.000125016 6852
0.000125016 1522
0.000125016 7891
0.000125016 3008
0.000125016 6621
0.000125016 3358
0.000125016 9359
