201 100 10
-11.2629 -11.251 -11.4018 -11.1604 -11.2738 -11.4881 -11.0555 -10.8077 -11.0391 -11.3497 -11.3004 -11.6333 
9.64644 -8.91171 -8.93183 -8.77289 -7.9823 -9.22774 -9.2543 -9.5709 -8.33875 -7.91745 -9.78864 -9.26791 
10.1078 -9.29664 -8.4658 -10.1577 -9.23789 -9.90505 -9.1 -8.19247 -9.70914 -9.3628 -9.8826 -8.91782 
9.7665 -9.93796 -9.51361 -10.9138 -9.57046 -8.95616 -9.42419 -10.6631 -9.35555 -9.56832 -10.9217 -10.5264 
9.98401 -9.26724 -9.55572 -10.6915 -8.34971 -9.44916 -9.12812 -8.42234 -10.1088 -9.56137 -8.96582 -8.59192 
9.4367 -9.25654 -9.48157 -8.43022 -8.72461 -8.60207 -9.99572 -8.72819 -9.81808 -9.21528 -9.21887 -10.678 
9.67171 -9.18715 -9.69153 -9.90209 -9.52873 -9.2835 -7.446 -9.08669 -8.27698 -10.0529 -9.73411 -8.90646 
9.29988 -9.32714 -10.529 -8.72582 -7.56615 -8.20789 -9.2864 -9.38256 -10.6584 -9.03565 -9.53205 -10.3039 
9.67362 -9.56935 -10.5036 -10.025 -8.80208 -9.76338 -9.88692 -7.95927 -9.17514 -9.93751 -9.97577 -10.0211 
9.59165 -9.68799 -10.2159 -9.80335 -9.12569 -10.3285 -10.1511 -9.47865 -9.30837 -8.18784 -10.5763 -9.66347 
9.59049 -9.51122 -8.89661 -9.63738 -9.95072 -9.08454 -10.5557 -8.69077 -9.16046 -10.278 -8.49055 -10.3703 
8.73017 -10.6188 -11.1704 -10.7395 -9.83324 -10.5961 -10.4409 -11.2902 -11.1698 -10.3409 -10.6199 -9.75436 
9.31364 -9.27497 -9.94548 -10.1598 -8.10218 -8.11928 -9.78882 -8.9611 -8.83109 -9.8579 -8.48377 -10.7538 
9.53546 -9.09548 -8.75547 -8.87061 -8.34867 -8.42413 -9.56468 -7.87133 -10.628 -9.7063 -9.33618 -9.71123 
9.82985 -9.2792 -10.9875 -8.36092 -9.67191 -9.02697 -9.54769 -8.84199 -9.3062 -10.5131 -7.92553 -8.81426 
9.3964 -9.65037 -10.7549 -10.2046 -9.68089 -8.42012 -8.9871 -9.99485 -9.52545 -10.8634 -7.6163 -10.3114 
8.9819 -9.40851 -9.20143 -10.3363 -9.32112 -8.8646 -8.78541 -9.69926 -9.28783 -10.2028 -8.70568 -9.86118 
9.36343 -9.12829 -9.39223 -9.52175 -9.44847 -6.59624 -11.1153 -8.55772 -7.99659 -10.0098 -9.26173 -9.37711 
9.32605 -9.27302 -9.9674 -9.77099 -8.55556 -9.23408 -9.6293 -10.9928 -9.25606 -8.12436 -8.37347 -8.63081 
9.75117 -8.86424 -8.79466 -9.44849 -8.41355 -8.79303 -8.62301 -8.56231 -9.29902 -9.57448 -7.99328 -9.21383 
9.73345 -9.23451 -8.78958 -8.9973 -8.3442 -9.22592 -8.87023 -10.5073 -9.44569 -9.1901 -9.13971 -9.79119 
9.26978 -8.80328 -7.96393 -9.67435 -7.53437 -8.69586 -9.24908 -9.86268 -9.38703 -9.54561 -7.64827 -8.2137 
8.63917 -9.80403 -10.6629 -8.91247 -9.96269 -8.03161 -10.2677 -9.62253 -10.7763 -9.67599 -10.9488 -9.21322 
10.0136 -9.06888 -9.03695 -9.53402 -8.05528 -8.81793 -9.17129 -8.48393 -10.303 -9.38954 -8.54755 -9.3821 
8.99072 -9.06641 -8.87669 -9.45625 -8.98884 -8.56913 -9.9903 -7.77917 -9.65945 -9.01353 -8.3636 -9.78764 
9.03679 -9.17267 -8.60203 -9.65271 -8.5415 -8.77907 -9.18412 -9.60935 -9.5192 -9.83664 -8.31786 -9.47077 
9.73716 -9.0394 -9.70059 -7.54953 -9.87421 -8.50941 -10.2199 -9.08453 -8.60285 -9.31251 -8.43291 -8.98284 
9.34137 -9.07696 -9.088 -8.11496 -8.63974 -9.73644 -9.4467 -8.51582 -9.10377 -8.54832 -8.49624 -10.8879 
9.38198 -9.24369 -9.16355 -8.08301 -9.35622 -9.04595 -7.82597 -9.2334 -10.0544 -9.36757 -10.1295 -10.2336 
9.38357 -8.83285 -8.76297 -8.76954 -10.0265 -9.02894 -8.31903 -8.81515 -8.83181 -8.42389 -8.07204 -9.34706 
9.55303 -9.26043 -9.56418 -9.16598 -9.13846 -8.97813 -9.1183 -9.06071 -9.1883 -10.8146 -9.07915 -8.72789 
9.51434 -9.51483 -9.73177 -8.93169 -9.7719 -10.2541 -9.67942 -8.69504 -10.2367 -10.282 -8.97017 -8.53447 
8.99877 -9.50877 -9.28599 -8.96034 -8.40905 -11.0693 -9.85165 -8.98964 -9.97071 -9.90725 -8.65096 -10.2275 
8.97014 -9.01601 -8.51815 -7.58511 -9.01878 -9.31261 -9.45147 -7.92645 -11.6328 -9.16916 -9.24339 -8.22412 
9.29947 -9.39071 -10.5177 -8.76588 -9.67537 -9.59266 -9.22741 -9.04955 -9.59648 -9.46753 -8.61862 -9.36079 
9.34406 -9.31921 -10.3504 -9.72797 -9.99179 -9.74785 -8.35387 -9.24327 -9.49386 -8.44928 -8.96391 -8.92221 
9.54723 -8.89103 -9.92197 -8.09115 -9.99335 -9.19569 -8.51488 -8.93268 -9.53018 -8.19132 -8.57134 -8.28139 
9.57872 -9.27121 -8.67688 -9.20351 -10.0871 -8.65183 -8.34521 -9.88375 -10.0361 -9.63373 -9.48589 -8.75685 
9.39461 -9.06191 -10.3348 -8.86296 -9.04016 -9.77683 -8.09824 -9.17224 -8.86278 -9.10982 -9.7346 -7.73043 
8.8646 -8.96923 -9.94325 -9.32136 -8.82396 -9.69702 -7.65181 -9.46386 -8.83508 -9.3198 -8.72799 -7.9947 
8.90489 -8.93179 -9.92211 -9.04787 -9.24703 -8.45284 -8.14374 -9.13117 -9.34849 -8.81406 -8.238 -8.75873 
9.32292 -9.10761 -9.14016 -7.77537 -8.63121 -9.33541 -8.77753 -8.69697 -9.95424 -8.84421 -9.65521 -10.1212 
9.22061 -9.2168 -8.08821 -9.65865 -8.66132 -9.81828 -8.28376 -8.70791 -10.2825 -8.76418 -10.6274 -9.47353 
9.63588 -8.9246 -8.17631 -9.06288 -7.90633 -8.71528 -8.68618 -8.66424 -9.95853 -10.1424 -8.82345 -9.31667 
8.99244 -9.09333 -10.3272 -9.77301 -7.79126 -9.96679 -9.66035 -9.0498 -9.99751 -8.08913 -8.3148 -8.00952 
8.95386 -8.90509 -9.90295 -9.87076 -8.98994 -9.98526 -8.94877 -8.03737 -9.77847 -8.25278 -7.71267 -7.91871 
9.03644 -8.97251 -8.50704 -8.60524 -9.01418 -9.63587 -9.33372 -9.12364 -8.51123 -9.39295 -9.29657 -8.27098 
9.06076 -8.97673 -8.45567 -7.67426 -7.81133 -9.81622 -8.63321 -8.93458 -11.0375 -9.28543 -8.74656 -9.23621 
9.27238 -8.95322 -10.4283 -8.65863 -8.06212 -9.19587 -9.21022 -8.03625 -8.5618 -9.91167 -8.95239 -8.74585 
9.10435 -8.6043 -10.4847 -8.52278 -8.97958 -8.0294 -8.85894 -7.33083 -8.96845 -8.72986 -7.63063 -8.5203 
9.13361 -9.69301 -10.2868 -8.91433 -11.9578 -10.1508 -9.54568 -9.33018 -7.78232 -9.53205 -9.7617 -9.23621 
8.90924 -9.54765 -10.0715 -10.854 -9.6163 -10.4265 -10.0702 -8.333 -10.0588 -9.47111 -8.40795 -8.16812 
9.38224 -9.37515 -9.38521 -9.67828 -11.3336 -9.1068 -9.60184 -8.2544 -10.0433 -8.37561 -8.84099 -8.90599 
9.00847 -8.51142 -9.77191 -8.27105 -8.88304 -8.96722 -8.81389 -8.49139 -8.50863 -7.58433 -7.35208 -8.56225 
9.42146 -8.7023 -8.97067 -9.25697 -8.99506 -8.88874 -10.0884 -8.78796 -9.35661 -7.61812 -6.67665 -8.329 
9.44498 -9.07718 -8.41433 -10.6552 -8.948 -9.37949 -10.8101 -8.98337 -9.56315 -9.25057 -6.99533 -7.99919 
9.50467 -9.01918 -8.66205 -8.314 -9.47245 -9.55591 -8.63388 -8.8765 -10.161 -9.57854 -7.53309 -9.23836 
9.15087 -9.05848 -8.09784 -10.4238 -8.87621 -8.90448 -10.0167 -8.56311 -8.91198 -8.60451 -8.63462 -9.47009 
9.62727 -8.82192 -9.09555 -9.77364 -9.40883 -8.24242 -9.3357 -9.11677 -7.91573 -10.0642 -7.82247 -7.54188 
9.00588 -9.1902 -8.27706 -10.4973 -10.0718 -8.75773 -9.88455 -9.07353 -8.19642 -9.56869 -9.05209 -8.51913 
8.79921 -9.05953 -9.57584 -10.0051 -8.28707 -8.08801 -9.27252 -8.35766 -8.93191 -9.91803 -9.12485 -8.93956 
9.21368 -9.0825 -9.63445 -9.93308 -8.98275 -8.24383 -7.63605 -9.72565 -9.44292 -9.05774 -9.61381 -8.57818 
9.4205 -9.17919 -9.04809 -11.1994 -9.31447 -8.58947 -9.34594 -8.84937 -8.444 -8.97404 -8.90397 -9.06843 
9.14642 -8.86801 -8.65247 -8.88308 -10.0476 -9.37705 -8.48019 -7.23347 -9.58025 -9.33661 -9.06233 -8.06517 
9.14669 -9.06264 -9.14075 -10.0532 -9.74679 -8.75644 -8.44529 -7.99271 -9.39491 -9.2386 -9.2362 -8.69877 
9.16281 -9.38366 -9.6115 -10.3572 -9.87486 -8.84218 -8.5776 -8.92999 -8.289 -9.13917 -11.2968 -9.12759 
9.17343 -9.57658 -9.25265 -9.25223 -9.87685 -10.5482 -7.67815 -9.46938 -9.88828 -9.34758 -11.3273 -9.11171 
9.1923 -9.41893 -8.85891 -8.7922 -9.78686 -9.72618 -9.19712 -9.22071 -9.81613 -8.96634 -9.97596 -9.74344 
9.22771 -9.16382 -9.14393 -8.58733 -9.3987 -9.37947 -9.22477 -8.01681 -9.72816 -9.81067 -9.37649 -8.7648 
9.28229 -8.81909 -9.19931 -8.95772 -9.01716 -7.56392 -9.25756 -8.4932 -8.33671 -9.33589 -8.92698 -9.03576 
9.42095 -8.76516 -8.51577 -7.2293 -7.68269 -9.27897 -9.54938 -8.62485 -8.74124 -9.48706 -9.44285 -8.88077 
9.57534 -9.33721 -8.47961 -8.59843 -7.77305 -9.07654 -9.84659 -10.1727 -10.1028 -9.38171 -9.14993 -10.6036 
9.00506 -9.44591 -8.32727 -8.15836 -8.76719 -10.2582 -9.7008 -9.41053 -10.4589 -9.8199 -9.4321 -10.1267 
9.55866 -9.27012 -8.84707 -9.56042 -8.52413 -8.48882 -9.59887 -8.96913 -10.0171 -8.93029 -8.95113 -10.7083 
9.23974 -9.15918 -8.60373 -8.89169 -8.87058 -8.97553 -8.77448 -8.73735 -9.47731 -10.2668 -8.93938 -9.94455 
9.4948 -9.21101 -9.90566 -8.76698 -9.7828 -8.44407 -9.56301 -8.92414 -9.25981 -9.47762 -9.49859 -8.35367 
9.39052 -9.03041 -7.85114 -8.1189 -9.48799 -9.29817 -9.31815 -9.50753 -8.53318 -11.1101 -8.23151 -9.14029 
9.18991 -8.99287 -8.0234 -8.30189 -9.03659 -9.11436 -9.52238 -9.71583 -9.13508 -9.90177 -8.99685 -8.24103 
9.62998 -8.53001 -8.77045 -7.9778 -9.22085 -8.93323 -8.75155 -8.54943 -7.81333 -8.5133 -8.76747 -8.0165 
9.45605 -8.72964 -7.97095 -8.51936 -8.85895 -9.37549 -9.93334 -9.28925 -9.62369 -7.42123 -7.75234 -8.68806 
9.33294 -8.97683 -9.5971 -9.5851 -8.25784 -8.74043 -9.69353 -8.3069 -9.9178 -9.69366 -8.07936 -7.73841 
9.26511 -8.68128 -8.21285 -8.45408 -8.39297 -8.2198 -9.76411 -7.91726 -9.65739 -9.4948 -8.04257 -8.50056 
9.57046 -8.88612 -8.44724 -8.58571 -7.35172 -8.79783 -10.0563 -9.01828 -9.37569 -10.1028 -8.71797 -8.26799 
9.76891 -9.05647 -8.12012 -7.51669 -8.31951 -9.40024 -10.3082 -9.13568 -9.41993 -10.4747 -9.02627 -8.95431 
9.59243 -8.90463 -8.3413 -8.27267 -8.53689 -9.11982 -10.4988 -8.4253 -9.05988 -8.78107 -8.67236 -9.24247 
9.06086 -9.14053 -9.27135 -8.84276 -8.33548 -10.2677 -9.72204 -10.0044 -9.99483 -9.31886 -8.13222 -7.03701 
9.25036 -8.99911 -8.80085 -8.97836 -9.0146 -9.04313 -9.31417 -8.90055 -8.63415 -11.4943 -7.88894 -8.36667 
9.04466 -8.8931 -8.70973 -8.56413 -9.21155 -9.27749 -9.66645 -8.57936 -9.06391 -8.6888 -8.89956 -8.31351 
9.30441 -8.96246 -8.14482 -8.28558 -9.76133 -9.39381 -8.93189 -9.22433 -9.16036 -8.72957 -9.14224 -8.75102 
9.21828 -9.52427 -10.4064 -10.2147 -10.0178 -8.83717 -9.73137 -9.11405 -9.71585 -10.7286 -8.40281 -8.29186 
9.01482 -9.51793 -9.31343 -8.54811 -9.74213 -9.02516 -9.60284 -9.24623 -11.4452 -9.92279 -9.63667 -8.79636 
9.14476 -9.04194 -8.68131 -7.68047 -9.43121 -10.7575 -9.49288 -8.12023 -10.5784 -8.91298 -9.13555 -7.86584 
9.42179 -8.97001 -8.74412 -8.39474 -10.3125 -8.48524 -9.33171 -7.21675 -9.47966 -10.2148 -8.49574 -9.05657 
9.1801 -8.87466 -8.20931 -7.94012 -9.59857 -9.02688 -10.6812 -7.70138 -9.41855 -9.89891 -7.81142 -8.42447 
9.23584 -8.94632 -9.48247 -8.54582 -10.6808 -8.96651 -8.99095 -8.35986 -8.573 -9.74586 -8.31452 -7.85036 
9.48634 -9.47144 -10.1803 -8.72984 -10.0128 -9.63184 -8.36381 -8.96659 -9.73203 -10.5436 -9.37571 -8.82721 
9.49297 -8.99206 -8.95678 -8.81052 -10.0777 -8.42274 -8.97626 -7.24537 -9.66225 -9.20578 -8.67794 -9.85121 
9.41786 -8.71955 -8.12234 -8.73898 -9.37743 -8.95147 -8.95718 -8.66502 -9.13491 -9.10658 -7.80107 -8.31255 
9.51636 -8.90434 -7.96896 -8.58865 -10.459 -10.2151 -8.69498 -8.56703 -8.57406 -9.1725 -7.84827 -8.72514 
9.40812 -8.86671 -9.50447 -8.30798 -9.20753 -9.74629 -9.04449 -9.03332 -8.40555 -7.62742 -8.08951 -9.48395 
9.35419 -8.71777 -8.8628 -7.89323 -8.72948 -9.39388 -9.03081 -7.87787 -8.56358 -8.62063 -8.80909 -9.26258 
9.40978 -9.12983 -9.56461 -8.38279 -9.05867 -9.56058 -8.71316 -8.94439 -9.27901 -8.72311 -9.59697 -9.39864 
9.29945 -8.83956 -9.36937 -7.87017 -6.8813 -9.4417 -9.56706 -9.28605 -8.65678 -9.08166 -9.36063 -8.81727 
9.39619 -8.95608 -9.23006 -8.26536 -8.86855 -10.3762 -9.20556 -8.38448 -8.66402 -9.70712 -8.9013 -7.97075 
9.33831 -9.29655 -9.52929 -8.54779 -9.04366 -10.0519 -9.44453 -9.06367 -9.46587 -8.56336 -10.152 -9.09906 
9.05912 -9.06249 -9.18564 -8.50743 -9.92303 -8.15479 -10.114 -8.58939 -8.79924 -9.42444 -9.70681 -7.88937 
9.07822 -9.15693 -8.35599 -9.80243 -10.4802 -11.1526 -8.64384 -8.19611 -9.09641 -8.87869 -8.5158 -8.93622 
9.30607 -9.33885 -9.6479 -9.24866 -9.44611 -8.33585 -8.94713 -8.57686 -9.98341 -10.2095 -9.63121 -9.38404 
8.8711 -9.27779 -8.71517 -9.02035 -9.3826 -10.7169 -9.52866 -8.32719 -8.42348 -9.45588 -9.64377 -9.7723 
9.1546 -8.84171 -8.20114 -9.07204 -10.8816 -9.02726 -8.67508 -7.53951 -8.7108 -8.49932 -8.49698 -9.21274 
9.2288 -9.06521 -8.3156 -8.90598 -9.01354 -10.1873 -8.96817 -8.80733 -10.3446 -9.94896 -8.20033 -7.78161 
9.08892 -9.26198 -8.58515 -8.68244 -9.83894 -9.019 -9.1049 -9.74656 -10.1766 -10.0088 -8.94148 -8.68954 
9.37969 -9.0876 -10.0221 -8.93478 -9.29807 -8.36295 -8.26303 -10.144 -10.1683 -9.20059 -8.8468 -7.93264 
9.34745 -9.61353 -9.09773 -10.0427 -9.09941 -10.3105 -10.025 -9.25717 -9.72013 -9.34563 -9.27867 -9.91083 
9.51541 -9.20356 -8.84429 -9.38743 -8.9092 -9.15355 -9.96014 -8.91477 -11.0241 -8.90051 -8.33735 -8.66971 
8.12929 -8.97562 -9.22189 -8.51279 -9.47578 -9.09909 -8.9956 -8.46431 -8.2267 -9.66099 -8.91221 -9.38868 
8.59284 -9.37927 -10.1917 -9.15944 -10.1777 -8.79468 -9.35127 -9.33076 -10.2654 -8.45304 -8.24425 -10.0319 
8.75507 -9.23781 -9.5105 -7.83097 -9.33657 -8.64004 -9.18462 -9.01879 -10.2889 -9.75656 -8.7454 -9.99137 
9.02247 -8.97316 -9.55828 -8.51299 -9.22403 -8.1537 -8.00088 -10.0358 -8.40926 -9.66971 -9.15277 -8.86889 
9.13004 -9.13014 -9.37834 -8.66915 -11.5979 -9.38257 -8.72488 -7.19648 -10.0039 -9.42058 -8.42406 -8.41878 
9.08397 -8.80808 -8.841 -8.30591 -8.08741 -8.78754 -8.21696 -9.3783 -9.79144 -8.54389 -9.14801 -8.82144 
8.92755 -8.85454 -8.2687 -9.05888 -8.54801 -8.90537 -8.0086 -10.0267 -8.93776 -8.67297 -9.53114 -8.2774 
8.73638 -8.74766 -7.7983 -8.61399 -9.23103 -8.1152 -8.0435 -9.55398 -9.54457 -8.7704 -9.29845 -8.66119 
9.26947 -9.00288 -7.83315 -10.0256 -8.88272 -8.80278 -8.66571 -10.8625 -8.93045 -8.37842 -9.14639 -8.28886 
8.73837 -8.94931 -7.92322 -10.1354 -9.59942 -8.79777 -8.43502 -9.07335 -9.93893 -7.87792 -8.73896 -8.95933 
8.77782 -8.75128 -8.28271 -8.35892 -9.8346 -8.06841 -8.5274 -9.2306 -8.99698 -9.48643 -7.96229 -8.85406 
8.63226 -9.19634 -9.72783 -9.12367 -10.6833 -8.00252 -9.01403 -9.6392 -8.50116 -10.0167 -7.62938 -9.54345 
8.86457 -8.62115 -9.31549 -8.0489 -9.30413 -8.70726 -8.12043 -9.32759 -8.32139 -8.64413 -8.09421 -8.49761 
9.02701 -9.11919 -10.5183 -9.08167 -9.28473 -9.14541 -9.43573 -8.96918 -8.80215 -9.03624 -8.53095 -8.33229 
9.04527 -8.99168 -10.3933 -8.99482 -8.52406 -7.70336 -9.96419 -9.18808 -8.59057 -8.82965 -9.36625 -8.32162 
9.30263 -9.46813 -10.1641 -9.54481 -9.34414 -8.77719 -9.36517 -10.424 -9.18566 -9.2864 -9.81215 -8.57189 
9.21905 -9.6992 -8.60474 -9.47099 -10.4385 -9.41812 -10.8208 -9.61098 -10.1073 -10.2398 -8.54515 -9.76209 
9.30975 -9.02822 -7.68483 -8.27378 -9.5021 -9.75756 -8.43224 -8.78571 -10.0433 -9.86686 -9.44385 -8.58058 
9.15012 -8.59561 -8.40369 -7.23769 -8.56683 -8.40826 -7.81306 -9.4856 -9.51486 -9.64486 -8.37247 -8.22101 
9.16289 -8.69328 -7.83508 -7.6171 -8.20423 -8.44433 -9.95977 -9.45227 -9.05558 -8.97132 -8.81414 -8.74351 
8.81083 -9.00868 -8.55746 -7.08326 -8.40474 -9.39679 -10.9505 -8.37326 -9.42349 -10.2888 -8.76624 -8.92471 
9.09088 -8.31301 -8.65435 -7.64064 -7.15473 -9.076 -9.29545 -8.10856 -8.93274 -8.6039 -8.09032 -7.55321 
8.91002 -8.94945 -8.79264 -7.92413 -9.61515 -8.58148 -10.5201 -9.70076 -9.43286 -9.07706 -8.10857 -7.70756 
8.67811 -9.13455 -7.94122 -9.12952 -10.531 -10.6145 -10.1331 -10.1057 -8.42217 -9.8315 -7.04861 -7.68118 
9.0057 -8.81442 -8.37838 -8.38337 -9.69193 -10.5495 -10.452 -7.6267 -8.69633 -9.31865 -7.3136 -7.65353 
9.31327 -8.71242 -8.3342 -8.67625 -9.96566 -10.6027 -8.22562 -8.61684 -9.05898 -8.36831 -7.74083 -7.42601 
9.05412 -9.33709 -7.4272 -9.86964 -9.70077 -10.337 -10.534 -9.10972 -8.64844 -9.82078 -8.38895 -9.36527 
8.82593 -9.0602 -7.749 -7.96287 -9.8033 -10.6007 -10.1838 -8.42722 -9.91399 -9.20408 -8.31742 -8.41651 
8.92667 -9.24698 -8.00465 -9.90956 -11.1919 -9.67443 -10.0918 -8.29229 -8.77767 -9.78086 -8.61159 -8.06452 
9.38292 -8.62749 -9.33107 -8.65593 -8.60616 -8.17937 -9.41359 -8.5226 -8.48799 -7.8687 -9.309 -7.86531 
9.08277 -8.77023 -8.06995 -9.31905 -8.46947 -9.07762 -8.3378 -8.77187 -8.99865 -9.41482 -9.72242 -7.42606 
9.53384 -8.90636 -8.46752 -8.75048 -8.2601 -8.4765 -9.09018 -9.6939 -9.49853 -9.44054 -9.35394 -7.96838 
9.15732 -9.04161 -8.67113 -8.51625 -8.89388 -9.21674 -8.80483 -9.70383 -9.24789 -9.95308 -10.0877 -7.44885 
9.28619 -8.6435 -6.86047 -8.26259 -9.26601 -7.69056 -10.5467 -8.8532 -8.70527 -9.33803 -9.87745 -7.01807 
9.11257 -8.85082 -8.12245 -8.36923 -8.46006 -8.30599 -9.34772 -9.41401 -8.73599 -9.91412 -9.56122 -8.51404 
9.53457 -9.11644 -9.04293 -8.57523 -10.296 -8.11188 -10.8301 -9.61944 -7.90214 -9.40024 -8.91659 -8.49316 
9.05404 -9.31608 -9.8659 -8.37995 -9.7757 -9.75617 -10.6542 -9.96348 -10.4965 -7.59115 -8.16698 -8.282 
9.05416 -8.95719 -9.98206 -8.21923 -10.0154 -9.61889 -9.27954 -8.60226 -9.28209 -8.26428 -8.02204 -8.06539 
9.30872 -9.02661 -10.2899 -8.13116 -9.58286 -9.27292 -8.62457 -10.1489 -9.09692 -8.03129 -8.57091 -8.29977 
9.05171 -9.06858 -9.69995 -9.44837 -9.36611 -8.8248 -9.27016 -8.30977 -10.1712 -7.83629 -8.31997 -9.48915 
9.23944 -9.13001 -9.62892 -9.47902 -9.9592 -8.65869 -7.69865 -9.58885 -9.884 -7.79141 -8.4518 -10.0379 
9.14259 -8.49672 -8.02915 -7.93478 -10.0921 -9.37693 -8.26803 -7.66894 -8.89465 -8.5214 -7.35928 -8.78724 
9.23222 -9.0074 -8.65742 -7.23763 -10.1511 -8.80658 -10.2294 -7.99137 -9.43473 -8.21959 -8.86717 -10.1431 
9.38109 -9.08605 -9.36821 -8.17637 -9.43086 -9.24367 -8.78299 -7.7896 -9.33497 -9.49954 -8.64381 -10.2919 
9.46795 -8.62827 -8.32242 -8.37892 -8.54738 -9.17979 -8.89293 -8.27674 -8.71053 -7.80291 -9.90568 -8.19299 
9.45789 -8.59071 -8.14017 -9.09665 -9.5713 -9.09614 -8.69729 -7.8105 -9.16772 -7.74007 -8.97877 -7.64317 
9.81354 -8.83465 -9.07476 -8.91007 -8.21794 -8.9038 -9.17842 -7.72838 -10.1985 -7.6842 -8.99422 -9.7195 
8.80568 -8.51861 -9.32206 -7.54621 -9.09701 -8.21163 -9.61296 -8.23994 -8.34417 -8.13262 -8.88862 -7.91685 
9.17104 -8.56535 -9.74403 -8.27405 -10.2298 -8.48961 -8.67698 -8.96898 -8.77606 -7.52959 -7.48913 -7.46123 
8.98086 -8.37746 -8.72199 -8.0474 -9.05646 -9.65765 -9.20743 -7.88061 -8.43764 -8.25056 -6.1146 -8.66314 
9.11071 -8.62528 -9.48151 -8.45332 -8.70518 -9.10706 -8.58311 -8.7324 -8.55617 -8.65111 -8.7095 -7.17111 
9.0982 -8.49008 -9.38554 -7.72179 -9.22796 -8.20759 -8.59696 -8.38316 -8.74443 -8.37451 -7.62171 -8.52973 
8.97911 -8.65391 -8.84618 -8.1173 -8.32917 -8.73391 -8.56397 -7.58096 -9.71141 -10.2006 -7.45085 -9.08793 
9.18563 -8.70336 -8.79373 -7.4739 -8.97378 -8.85728 -8.65785 -8.18457 -9.67137 -9.66476 -8.89782 -7.83208 
9.24249 -8.58325 -9.1276 -6.99125 -8.91094 -8.80942 -8.8686 -9.97315 -8.96962 -8.73652 -7.43615 -8.24079 
9.17092 -8.72388 -9.96837 -7.59531 -8.8034 -8.54255 -9.40464 -7.38595 -9.85425 -9.10706 -8.59 -7.90805 
9.52128 -8.50905 -8.93789 -8.72948 -9.34639 -8.73127 -8.62231 -8.28764 -8.47489 -7.87524 -8.17508 -7.77359 
9.48308 -8.52038 -9.37799 -7.33686 -9.65256 -7.58263 -10.8046 -7.34969 -9.58955 -8.33179 -8.33517 -6.64784 
9.40272 -8.53586 -9.31313 -9.16639 -8.14107 -7.74069 -8.40488 -8.95831 -9.88247 -8.12229 -9.11281 -6.60812 
9.17488 -8.67632 -9.52515 -9.32887 -7.96772 -8.49086 -9.92596 -7.69833 -9.39752 -7.31668 -9.51272 -7.74878 
9.23644 -8.68918 -10.1989 -8.96784 -9.07051 -7.87355 -8.12916 -8.32817 -9.41024 -7.86379 -8.23068 -8.47702 
9.14719 -8.87297 -8.92803 -8.76271 -9.49131 -7.89045 -10.8184 -8.69135 -8.56641 -8.12548 -8.50938 -8.94656 
9.15013 -8.77073 -10.2873 -7.26358 -9.13036 -8.36225 -8.86629 -8.66187 -8.65828 -8.19046 -9.80418 -8.57477 
9.17594 -8.43879 -9.84153 -8.34806 -8.45765 -8.2394 -9.64176 -7.63375 -7.67166 -8.0267 -8.05669 -8.28413 
9.51388 -8.55461 -9.28019 -9.59697 -9.29441 -8.78677 -10.6994 -7.74744 -7.62719 -6.9064 -8.83822 -7.36903 
9.0557 -8.96876 -10.4984 -8.44272 -9.09465 -8.20147 -9.29364 -8.73219 -8.65171 -9.68591 -8.13297 -8.99215 
9.40804 -8.98853 -9.83794 -8.79587 -9.15825 -8.61974 -9.55287 -7.80304 -8.45299 -10.3329 -8.02703 -9.09165 
9.2691 -8.84782 -8.83366 -8.61152 -8.90302 -8.82651 -8.78497 -9.02363 -7.69013 -9.89016 -9.2421 -8.62641 
9.37703 -8.60321 -7.7905 -8.84753 -9.18018 -7.74445 -7.99124 -8.73296 -8.53919 -10.5351 -8.31755 -8.50542 
9.03432 -8.90794 -9.16296 -10.0516 -9.41133 -7.75922 -9.35831 -8.20586 -8.80261 -9.63761 -8.18316 -8.73332 
9.63329 -8.88394 -10.4737 -9.75498 -9.67415 -7.702 -9.00695 -8.156 -8.737 -8.21078 -8.91127 -7.94191 
9.68133 -9.02889 -10.3099 -9.6368 -9.60748 -8.88644 -8.12895 -8.56113 -8.88697 -10.8155 -8.11474 -7.54912 
9.04538 -9.57608 -9.04772 -10.1687 -9.47383 -10.0342 -9.93044 -8.45626 -9.07456 -10.7481 -9.72517 -8.97216 
9.10255 -8.91592 -10.0723 -9.23752 -8.3028 -8.21424 -9.19032 -7.9606 -8.38517 -8.9757 -8.62184 -9.92164 
9.04522 -9.33166 -10.0827 -8.69506 -9.08928 -9.1506 -10.1287 -8.89154 -8.71413 -9.56629 -9.52043 -9.51692 
9.06282 -9.29564 -9.56861 -8.35219 -9.69073 -8.02666 -9.8407 -9.09301 -8.84437 -11.6996 -9.01641 -9.03631 
8.55377 -8.96502 -9.00947 -8.56372 -8.59725 -9.25615 -8.14865 -8.98606 -9.12917 -9.29639 -10.0712 -8.45159 
8.93159 -9.26401 -10.4276 -9.18769 -9.97014 -8.28428 -9.12149 -8.09971 -10.2057 -9.40008 -8.57324 -9.30863 
9.06695 -9.47029 -10.5853 -8.71524 -9.22542 -8.99396 -9.82119 -10.1915 -9.37323 -9.97558 -8.74942 -9.16981 
9.12241 -9.34688 -10.7745 -8.67618 -8.63918 -9.39154 -10.3254 -9.55918 -10.2358 -8.91094 -8.28528 -8.71427 
9.13565 -9.25158 -9.81758 -8.00902 -9.57751 -8.11852 -10.436 -10.126 -9.14633 -9.50257 -9.79681 -7.85523 
8.87081 -8.94349 -8.46823 -8.70738 -9.78051 -10.015 -8.63137 -9.71304 -8.18892 -8.79964 -9.53303 -7.81916 
8.98248 -9.38476 -9.86673 -8.85945 -9.23648 -10.1451 -9.96001 -9.34863 -9.25161 -9.29746 -9.22486 -8.52541 
9.23653 -8.97746 -10.7992 -8.96686 -9.98342 -8.90702 -7.78824 -9.72086 -7.86434 -9.04675 -8.4 -8.36845 
9.52569 -9.20582 -9.02208 -8.60519 -9.39484 -9.98121 -9.65734 -9.00759 -8.26608 -9.87282 -9.16495 -8.97647 
9.34058 -8.93905 -8.82665 -7.975 -9.61004 -9.66879 -8.7975 -9.8668 -8.58586 -8.33046 -8.44645 -9.05704 
