201 100
0.000146454 0.00228 0.00227567 0.000174016 0.00013228 0.00219262 0.0023212
0.00432769 0.0461784 0.00644001 0.00128719 0.030624 0.0249452 0.156768
0.00550131 0.0736698 0.00602427 0.00206667 0.0397549 0.0414684 0.265984
0.00571363 0.0874008 0.00674685 0.00245101 0.0404714 0.053537 0.311805
0.00556514 0.0948377 0.00654834 0.00277631 0.039341 0.0585128 0.373833
0.00604976 0.109562 0.00725276 0.00340318 0.0380661 0.0733685 0.403638
0.0057463 0.109967 0.0072063 0.00336863 0.035705 0.0741165 0.419182
0.00610308 0.115474 0.00698565 0.00365812 0.0397815 0.0834195 0.420449
0.00649063 0.132995 0.0071958 0.00408427 0.040078 0.099885 0.454841
0.00707301 0.144865 0.00739831 0.00458015 0.0410635 0.113505 0.431465
0.00685903 0.13905 0.00713032 0.00432266 0.0449413 0.108061 0.463981
0.0074841 0.149019 0.00758733 0.00471923 0.0488369 0.120702 0.438433
0.00707716 0.145658 0.00696678 0.00445057 0.0460747 0.116687 0.453167
0.00747156 0.138326 0.00786688 0.00481805 0.0514152 0.109293 0.467365
0.00734838 0.143479 0.00779429 0.00451795 0.0510806 0.116595 0.452858
0.00725686 0.142372 0.00759481 0.00475125 0.0506496 0.117743 0.447017
0.00759083 0.146791 0.00767379 0.00506685 0.0515633 0.122317 0.452522
0.00737873 0.146072 0.0076257 0.00491323 0.052553 0.125737 0.416104
0.00780396 0.146132 0.00806294 0.00498099 0.0579344 0.126373 0.404621
0.00753703 0.149604 0.00754828 0.00495633 0.0539898 0.130299 0.410232
0.0078697 0.162992 0.0083068 0.00534744 0.0499575 0.143359 0.407481
0.00727856 0.157269 0.00741482 0.00525003 0.0454881 0.137715 0.443385
0.00803822 0.1561 0.00738621 0.00565494 0.0530471 0.136282 0.449945
0.00776982 0.161456 0.00751966 0.00534527 0.0531714 0.141481 0.454879
0.00731672 0.161018 0.00743149 0.00538316 0.0458632 0.143342 0.420475
0.00767395 0.154452 0.00773491 0.00557582 0.0522218 0.136627 0.437434
0.00769696 0.152363 0.00835803 0.00555443 0.0545648 0.134797 0.438117
0.00817043 0.165984 0.00772972 0.00595316 0.0566337 0.147831 0.474579
0.00831815 0.178167 0.00715625 0.00611522 0.0536619 0.161571 0.441592
0.00771835 0.169246 0.00754134 0.00557983 0.0552451 0.153697 0.426907
0.0080216 0.179677 0.00793846 0.00571745 0.0586732 0.164335 0.448432
0.00829614 0.177312 0.00845549 0.00615788 0.0523173 0.161175 0.481775
0.00844751 0.180907 0.00802246 0.00649019 0.0536109 0.164726 0.466972
0.00845509 0.185746 0.00769539 0.00659179 0.0497091 0.171208 0.429406
0.00819148 0.185597 0.0075083 0.00621535 0.0551062 0.1707 0.471626
0.00825992 0.177559 0.00860911 0.00628606 0.0595802 0.165358 0.41792
0.00820878 0.180061 0.00769824 0.00636072 0.0567294 0.166924 0.452377
0.00789299 0.17892 0.00869907 0.00587561 0.054941 0.166251 0.419382
0.00812547 0.18858 0.00764984 0.00603044 0.0617336 0.174411 0.48171
0.00795165 0.188604 0.00809652 0.00606039 0.0590157 0.174249 0.493421
0.00823204 0.192578 0.00850376 0.00617127 0.0585624 0.178053 0.479515
0.00841182 0.193535 0.00806671 0.00630824 0.0606441 0.179198 0.489718
0.0083205 0.192863 0.00870489 0.00629827 0.0627557 0.178752 0.494099
0.00839736 0.189645 0.00815598 0.00649493 0.0604365 0.176127 0.482943
0.00762567 0.18768 0.00839366 0.00595305 0.0521306 0.173155 0.491183
0.00801634 0.191885 0.00904306 0.00620463 0.0508714 0.178121 0.460151
0.00803353 0.188104 0.00777107 0.00610301 0.055796 0.173412 0.477049
0.00826887 0.191281 0.00868902 0.0064424 0.0548089 0.176182 0.498616
0.0090036 0.192883 0.00872607 0.00699219 0.0625574 0.177765 0.500702
0.00850555 0.189535 0.0079175 0.00648363 0.0635607 0.17631 0.465329
0.00832479 0.182778 0.00800601 0.00611543 0.0715498 0.170488 0.453428
0.00875036 0.194635 0.00804558 0.00669104 0.0658967 0.183922 0.415729
0.00898051 0.196535 0.00919935 0.0068967 0.0658512 0.18581 0.426031
0.00846402 0.191832 0.00860501 0.00667602 0.0591368 0.181743 0.410769
0.00830319 0.190338 0.00831427 0.00633823 0.0693064 0.178898 0.457628
0.008132 0.19949 0.00783718 0.00617009 0.0648186 0.188707 0.443418
0.00815297 0.191886 0.00841827 0.00608184 0.0667489 0.182351 0.413353
0.00878065 0.191534 0.00810263 0.00665841 0.067673 0.182833 0.381846
0.00861528 0.196467 0.00828167 0.00659328 0.062535 0.186651 0.416134
0.00841453 0.186575 0.00882944 0.00656885 0.0606103 0.177895 0.387156
0.00826951 0.181699 0.00818042 0.00641225 0.062014 0.173904 0.360639
0.00818014 0.18026 0.00828419 0.00618276 0.0666991 0.171302 0.390082
0.00887272 0.195818 0.00790809 0.00666272 0.0776911 0.186611 0.413364
0.00821408 0.196453 0.00849412 0.00614686 0.0656743 0.188064 0.378816
0.00796338 0.200761 0.00838168 0.00591123 0.0740139 0.190754 0.448752
0.00879516 0.196266 0.00791682 0.00658312 0.0721269 0.186712 0.416871
0.00878208 0.204135 0.00835491 0.00658333 0.0759439 0.193626 0.453604
0.00886144 0.195601 0.00843441 0.00689057 0.0691524 0.184791 0.459137
0.00843966 0.198296 0.00823285 0.0066342 0.0651475 0.18749 0.465834
0.00936724 0.200961 0.00858377 0.00761031 0.0660384 0.191058 0.459189
0.00859195 0.1992 0.00927232 0.00669973 0.0641104 0.189392 0.456413
0.00909416 0.196841 0.00905999 0.00710539 0.0697086 0.187848 0.419005
0.00907372 0.205557 0.00893623 0.00713983 0.0685516 0.193722 0.535694
0.00907558 0.203356 0.00785416 0.00705672 0.0793319 0.192979 0.478622
0.00926211 0.207522 0.00867763 0.00745615 0.0767657 0.196694 0.514526
0.00836641 0.196214 0.00829593 0.00652527 0.0663419 0.187326 0.433159
0.00856491 0.19846 0.00837966 0.00670136 0.0741073 0.190521 0.437693
0.00794303 0.196437 0.00848216 0.00618285 0.0774235 0.188178 0.441589
0.00871816 0.204702 0.00811263 0.00671412 0.0774421 0.197075 0.411598
0.00850069 0.204841 0.00885294 0.00657919 0.0734198 0.196294 0.433939
0.00838231 0.20891 0.00786267 0.00653102 0.0754453 0.198482 0.523479
0.00848336 0.193682 0.00862604 0.00671463 0.0725999 0.184176 0.473989
0.00889538 0.217483 0.00827221 0.00706339 0.0696919 0.206967 0.501429
0.00945134 0.215675 0.00902811 0.00739419 0.0777385 0.205189 0.489333
0.00904248 0.216431 0.00886454 0.00728176 0.0708397 0.205784 0.510818
0.00854103 0.208598 0.0091767 0.00693288 0.0636669 0.198326 0.491066
0.00846037 0.20064 0.00858465 0.0068344 0.0612863 0.191933 0.437007
0.00873561 0.203127 0.00955234 0.00708635 0.0673446 0.194445 0.448023
0.00909801 0.205337 0.00806073 0.00734008 0.0713289 0.195351 0.482133
0.00920637 0.204984 0.00884788 0.00734693 0.0833828 0.194865 0.531381
0.00876017 0.201809 0.00920219 0.00704037 0.0640181 0.192525 0.488362
0.00906159 0.202218 0.00893834 0.00727651 0.0740385 0.19353 0.468028
0.00894437 0.209961 0.00810647 0.00715847 0.0731027 0.201375 0.466397
0.00835013 0.205887 0.00808317 0.00661019 0.0782859 0.197413 0.472363
0.00832842 0.210159 0.0084294 0.00652376 0.0762116 0.202777 0.431431
0.00884749 0.20734 0.00933737 0.00701677 0.0691362 0.199076 0.460401
0.00800121 0.199974 0.00781567 0.00622764 0.0771249 0.192074 0.470415
0.00820387 0.206227 0.00889095 0.00648478 0.0734411 0.199643 0.398358
0.0085132 0.204446 0.00898368 0.00665762 0.0775872 0.197323 0.429275
0.00908498 0.223996 0.00815071 0.00726155 0.0789513 0.216471 0.467
0.00892612 0.213301 0.00857294 0.00731346 0.0740864 0.206185 0.44751
0.00913981 0.219071 0.00869046 0.00738469 0.0711126 0.211687 0.432058
0.00890766 0.215319 0.00981529 0.00726866 0.0703702 0.207929 0.437833
0.00890688 0.212966 0.00831278 0.00711606 0.0804883 0.205068 0.460286
0.00906229 0.222664 0.00818399 0.00729204 0.0767046 0.216805 0.397477
0.00939749 0.212998 0.00898115 0.00770932 0.0699246 0.207032 0.386947
0.00855346 0.203835 0.00887499 0.00687778 0.0723968 0.197378 0.410437
0.00905251 0.214519 0.00822229 0.00724935 0.077857 0.208038 0.420497
0.00918827 0.216367 0.00901585 0.00745011 0.0821912 0.208984 0.464797
0.00879321 0.207055 0.0081532 0.00712819 0.0800654 0.201079 0.412806
0.00816835 0.205042 0.00887466 0.00643716 0.080605 0.198376 0.429162
0.00909472 0.222965 0.00949737 0.00735084 0.0797679 0.215292 0.483641
0.00961271 0.21129 0.00916455 0.00770952 0.0941145 0.204492 0.445917
0.00999604 0.21462 0.00925088 0.00796447 0.0958712 0.208199 0.439175
0.00945853 0.212468 0.00907327 0.00754736 0.0889529 0.206147 0.438545
0.00977425 0.211485 0.00917361 0.00807372 0.0765871 0.205684 0.415544
0.00904655 0.209453 0.00800183 0.00721708 0.0874521 0.202004 0.479841
0.00894882 0.215549 0.00851328 0.00703952 0.0909396 0.208947 0.443898
0.00966309 0.214031 0.0082874 0.00759827 0.0902455 0.208358 0.407081
0.00918976 0.208802 0.0087041 0.00721864 0.0891238 0.2031 0.416253
0.0100118 0.215426 0.00881197 0.00820539 0.0872854 0.209253 0.438402
0.009598 0.224677 0.00877306 0.00779804 0.0793014 0.219241 0.399498
0.00902013 0.218096 0.00950442 0.0073481 0.0791547 0.212485 0.406682
0.0099086 0.223171 0.00831169 0.00803411 0.0929217 0.217384 0.440095
0.00953549 0.218534 0.00900855 0.00783168 0.0946191 0.212711 0.453692
0.0100839 0.22862 0.00836615 0.00830216 0.102439 0.22212 0.510918
0.0091817 0.211542 0.00935653 0.00739338 0.0967532 0.204885 0.493365
0.0094108 0.210844 0.00874845 0.00763235 0.0928363 0.205066 0.433383
0.00922758 0.215611 0.00839062 0.0072045 0.100861 0.2103 0.432117
0.00925761 0.212223 0.00869511 0.00732712 0.107152 0.205929 0.490043
0.00982436 0.230376 0.00915846 0.00782677 0.0980611 0.224228 0.460548
0.00954618 0.227457 0.00855326 0.00764814 0.0866358 0.22086 0.468229
0.0100777 0.241882 0.00966552 0.00814263 0.0944462 0.234435 0.531362
0.00995663 0.236149 0.00889061 0.00819621 0.0931232 0.229285 0.506284
0.00964371 0.230882 0.00831548 0.00783586 0.104315 0.223552 0.547597
0.00933762 0.227954 0.00880434 0.00770948 0.0798904 0.221684 0.474109
0.00874154 0.223073 0.0085796 0.00715344 0.081981 0.217331 0.435175
0.00917935 0.225561 0.0087613 0.00747292 0.0848646 0.218618 0.47696
0.00903093 0.216877 0.009632 0.00749721 0.0756852 0.210559 0.449409
0.0093908 0.215634 0.0098118 0.00780526 0.0803436 0.210088 0.433092
0.00991965 0.220333 0.00846693 0.00825546 0.0775969 0.214355 0.441161
0.0101839 0.223547 0.00827508 0.00842844 0.091712 0.217815 0.432585
0.0102739 0.22709 0.00967486 0.00859818 0.0847495 0.221124 0.44609
0.00975593 0.216525 0.00845315 0.00803432 0.0931527 0.2105 0.461296
0.0100086 0.218504 0.00876106 0.00822475 0.0976356 0.212845 0.451084
0.00936251 0.220499 0.0092526 0.00764378 0.0834536 0.215268 0.41635
0.00961402 0.226833 0.00869923 0.00784979 0.0862389 0.220952 0.462622
0.00922029 0.225442 0.00929497 0.00751224 0.0977638 0.219159 0.492242
0.00973498 0.228195 0.00877669 0.00804837 0.0938543 0.221798 0.499659
0.0095823 0.228526 0.00893362 0.00788719 0.0888037 0.222413 0.487746
0.0101782 0.238066 0.00873836 0.00837771 0.0941145 0.231337 0.521335
0.00994085 0.236167 0.00926753 0.00827419 0.0873689 0.229722 0.504762
0.00976856 0.23175 0.00864818 0.00818286 0.0832093 0.225479 0.484376
0.00986842 0.227111 0.00859714 0.00833408 0.0814125 0.221206 0.469559
0.00988117 0.229599 0.00896138 0.00839215 0.0788442 0.224419 0.436641
0.00919802 0.230872 0.00945002 0.00769475 0.0793505 0.225568 0.429996
0.00923371 0.232359 0.00930608 0.00784479 0.0728153 0.22616 0.485961
0.0093442 0.240157 0.00856808 0.00787549 0.083927 0.234463 0.462218
0.00983858 0.236288 0.00834022 0.00820956 0.0866424 0.23113 0.441794
0.00956265 0.225751 0.00864139 0.00793861 0.0934547 0.219584 0.505382
0.00985016 0.220338 0.00870572 0.00837902 0.0875451 0.214462 0.492647
0.01013 0.235804 0.00859349 0.0084721 0.0801994 0.230477 0.430026
0.00958506 0.230382 0.00921481 0.00819054 0.0800523 0.224506 0.474546
0.00922437 0.230317 0.00940557 0.00782816 0.0813909 0.224016 0.506501
0.00881147 0.23133 0.00836132 0.00744813 0.0800462 0.223648 0.591
0.00907152 0.227408 0.00908756 0.00769636 0.0880247 0.22059 0.552482
0.00893149 0.224737 0.0102377 0.00765379 0.0812065 0.218353 0.525873
0.00931711 0.238137 0.00903742 0.0079776 0.0794033 0.232503 0.468934
0.00918212 0.237525 0.00955428 0.00775213 0.083311 0.2311 0.52332
0.00912666 0.233101 0.00964403 0.00776963 0.0785542 0.226588 0.522596
0.00931097 0.238547 0.00818175 0.00796946 0.0768477 0.232941 0.476067
0.00936922 0.232212 0.0088404 0.00794798 0.0854054 0.226055 0.524975
0.00926397 0.239839 0.0089103 0.00783502 0.0885465 0.233984 0.516552
0.0098123 0.241288 0.0101273 0.00834696 0.0878175 0.235793 0.513091
0.00871879 0.227002 0.00962483 0.00733369 0.086714 0.222002 0.473855
0.00935414 0.240728 0.00924274 0.00789006 0.0941662 0.235914 0.456685
0.00917059 0.230002 0.00826892 0.00773769 0.0871676 0.224725 0.486025
0.00925341 0.226384 0.00814355 0.00780117 0.0871592 0.220928 0.482022
0.00934353 0.230007 0.0094177 0.00793259 0.0840322 0.224726 0.469302
0.00998027 0.237807 0.0104018 0.00850203 0.0931182 0.231987 0.511775
0.00989899 0.244953 0.00921537 0.00851291 0.0866878 0.23985 0.481339
0.00969421 0.234435 0.00875801 0.00828021 0.0864153 0.229545 0.453054
0.0102914 0.239437 0.0097266 0.00884874 0.0916263 0.234491 0.47702
0.00980573 0.237141 0.00884815 0.00839936 0.0847519 0.232412 0.459894
0.0094563 0.230906 0.00888859 0.00810955 0.0880325 0.226591 0.438475
0.00997869 0.23123 0.00868108 0.00843374 0.103362 0.22634 0.47668
0.00958366 0.227155 0.00912998 0.0080031 0.106524 0.223127 0.431507
0.0100437 0.234386 0.008812 0.00857344 0.0929878 0.229628 0.477419
0.00922097 0.239798 0.00855257 0.00789302 0.0861507 0.235556 0.43769
0.0091575 0.232408 0.00949903 0.00769727 0.0965625 0.227994 0.447896
0.00920673 0.242742 0.0100224 0.00763828 0.0838004 0.238604 0.42273
0.00902237 0.239704 0.00900026 0.00754649 0.0980127 0.235496 0.446571
0.00920427 0.235689 0.00871263 0.00767241 0.101513 0.231458 0.447524
0.00928433 0.229273 0.00890643 0.00769112 0.105821 0.224274 0.484036
0.00963488 0.225984 0.00921645 0.00805357 0.103101 0.221686 0.439915
0.00951061 0.227511 0.00934603 0.00804667 0.0787758 0.224426 0.359506
0.00912966 0.234537 0.0102733 0.00767174 0.0804352 0.230782 0.400938
0.00913508 0.230147 0.00898194 0.00756027 0.101374 0.225872 0.427568
0.00926803 0.222505 0.00932501 0.00775169 0.103449 0.217713 0.460336
0.00953681 0.228914 0.008586 0.00794609 0.107867 0.2235 0.496616
0.00961447 0.226321 0.00863338 0.00803687 0.118535 0.2213 0.503723
