389
0.0575116 35033
0.00115171 65007
0.00128493 94984
0.000125016 74972
1.21082e-05 74962
0.00301544 94995
4.0916e-05 55021
0.00097057 75013
0.0750968 64994
9.35971e-05 24972
0.00427494 95021
0.00305595 15040
1.99302e-05 45044
0.00145612 64952
0.0131243 64953
0.00299445 75024
0.0409986 85031
0.00548034 34986
0.00810429 15005
0.00112979 65012
0.00495443 74993
0.00154147 64972
0.0079571 4983
0.0158993 74950
0.00209652 34997
0.00346383 14966
1.01773e-06 75033
0.00557071 44966
0.0137952 75032
0.00315112 45028
0.00386419 14951
0.00796323 65034
0.0255986 34959
0.000180474 15023
0.00145397 94965
0.00289034 45002
0.00940933 14957
0.000552908 44968
0.00326538 65006
0.00031534 85030
0.000588395 15044
6.44197e-06 65007
0.00161578 34958
0.00230182 14980
0.015508 44958
0.0118828 65008
0.00322147 64961
2.08391e-05 84960
9.89109e-05 25030
0.00470548 15031
0.000736926 24962
0.00773002 95001
0.0152779 15020
0.00216769 24984
0.00093225 15004
0.00072906 5031
0.000244018 24985
0.000157884 35024
0.000278219 25002
0.0147744 94987
0.00253944 84978
0.00172174 35044
0.00583794 25038
0.000579655 45023
0.000933848 4965
0.0223556 94959
0.000487942 64958
0.00014013 15016
4.66057e-05 94967
1.24235e-06 55006
0.000289667 5002
0.000742964 5029
0.0270878 84954
0.00742633 14957
0.0276202 55044
0.00300443 55005
0.0398798 74976
0.0298283 24963
0.0057558 94979
0.000765926 8542
0.00364908 50079
0.00054432 61930
0.000125016 95858
0.0013826 14740
0.000625391 37575
0.001001 86191
0.00102033 14919
0.000225141 57388
0.000125016 7526
0.000125016 72035
0.00112627 73825
0.001001 99720
0.00118427 14107
1.25628e-05 25611
0.000375141 86380
0.00491304 73090
0.000125016 33213
0.000125016 6668
0.000487259 5732
0.00209081 20965
0.000517898 50656
0.0022343 30757
0.000125016 18983
0.00263191 95364
0.000665259 2099
0.000750563 78592
0.00250627 95048
0.000125016 46949
0.000125016 45305
7.3686e-06 47134
0.00178044 12383
0.000897333 19948
0.000125016 71534
0.000494105 34684
0 68321
0.000125016 49394
0.00014119 6406
0.000125016 24141
0.00512466 11627
0.000125016 93965
0.000125016 82246
0.000375141 74113
0.000125016 99970
0.000250063 80552
0.000375141 64824
0.000250063 64787
0.00125156 89728
0.000125016 92407
0.000125016 9276
0.000625391 22346
0.000125016 78545
0.000125016 69843
0.000125016 14294
0.000921722 46073
0.000250063 1337
0.000125016 29690
0.000125016 36471
0.000375141 23194
0.000125016 6863
0.00050025 27175
0.000125016 48555
0.000125016 66334
0.000250063 1593
0.000125016 71073
0.000250063 22247
0.000125016 73478
0.000125016 57592
0.000125016 13937
0.000250063 17983
0.000250063 8379
0.000250063 44867
0.000125016 85816
0.000125016 92751
0.000250063 7659
0.00050025 54855
0.00050025 82538
0.000625391 69934
0.000125016 72389
0.000125016 43909
0.000875766 27130
0.000750563 52954
0.000250063 48663
0.000125016 71164
0.000125016 93581
0.000125016 88002
0.000250063 8356
0.000375141 72265
0.00263191 6521
0.000125016 90404
0.000375141 37855
0.00050025 20945
0.000125016 64323
0.000250063 4839
0.000250063 52177
0.000125016 50337
0.000125016 48954
0.000250063 72263
0.000125251 39946
0.000250063 24349
0.000125016 84951
0.000125016 69927
0.000125016 8089
0.000875766 84425
0.000125016 20350
0.000375141 7764
0.000125016 3563
0.000125016 45806
0.000625391 61742
0.000625391 19440
0.000250063 46898
0.00050025 87977
0.000125016 10020
0.000125016 84304
0.000125016 37676
0.000125016 19106
0.00050025 60364
0.000875766 88182
0.000250063 22416
0.000125016 23402
0.001001 6403
0.00050025 62160
0.000750563 84060
0.000750563 59976
0.000125016 38620
0.000250063 12444
0.000375141 4904
0.000125016 47803
0.000125016 23535
0.000875766 54833
0.000250063 60223
0.000125016 92203
0.000750563 65428
0.000375141 20905
0.000125016 42913
0.00050025 70038
0.000375141 68602
0.000250063 42322
0.000375141 99775
0.000125016 23282
0.000125016 36299
0.000250063 13165
0.000125016 66865
0.000875766 93316
0.000125016 92066
0.00050025 92861
0.000375141 62673
0.000125016 61801
0.000250063 34126
0.000375141 64886
0.001001 46446
0.000125016 15759
0.00050025 16943
0.000125016 52132
0.000125016 77457
0.000875766 42177
0.000125016 43045
0.000250063 10916
0.000125016 11476
0.000125016 62165
0.000250063 42767
0.000125016 67313
0.000225141 95060
0.000125016 84356
0.000250063 65374
0.000875766 17465
0.000125016 62924
0.00112627 11992
0.000125016 36419
0.000125016 83880
0.000125016 60360
0.000625391 70577
0.000125016 39570
0.000750563 30833
0.000250063 61992
0.000375141 67282
0.000250063 92933
0.000125016 61753
0.00187852 46115
0.000125016 88285
0.000750563 66808
0.000125016 24283
0.00050025 88367
0.000125016 84295
0.000125016 98240
0.000125016 93037
0.000875766 17162
0.000250063 12430
0.000375141 35660
0.000250063 83674
0.000125016 62217
0.000250063 4355
0.000375141 80520
0.000125016 34859
0.000125016 61133
0.000125016 3901
0.000125016 23352
0.000250063 57791
0.000125016 49776
0.000125016 84037
0.000250063 8603
0.00050025 32296
0.000125016 53035
0.000250063 53947
0.000625391 99775
0.000125016 43741
0.00050025 60369
0.000125016 79536
0.000125016 41484
0.000625391 52118
0.000125016 77432
0.000125016 10662
0.000125016 77658
0.000250063 84838
0.000125016 78262
0.00187852 4527
0.000125016 76053
0.000125016 96210
0.000125016 40049
0.000125016 97052
0.000125016 84610
0.000375141 34734
0.000125016 86114
0.000250063 53475
0.000875766 5887
0.000375141 51723
0.000250063 6547
0.000125016 75868
0.000125016 1636
0.000125016 78197
0.001001 6436
0.000125016 19809
0.000125016 19528
0.000125016 38295
0.000625391 50099
0.000250063 45993
0.000125016 30541
0.000250063 5195
0.000125016 53499
0.000125016 68084
0.00050025 62168
0.000125016 74619
0.000125016 3168
0.000125016 69046
0.000125016 21205
0.000250063 2367
0.000625391 65582
0.00050025 13582
0.000125016 34870
0.00050025 5718
0.000250063 90269
0.000125016 12412
0.000125016 82373
0.000125016 84105
0.000125016 31235
0.000250063 22926
0.000375141 55763
0.000125016 65001
0.000875766 75637
0.000750563 74835
0.000125016 32377
0.000375141 68991
0.000750563 246
0.000375141 15668
0.000125016 72603
0.001001 74239
0.000125016 66191
0.000125016 95628
0.000375141 61856
0.000125016 78637
0.000250063 93701
0.00050025 50461
0.000125016 94330
0.000250063 46762
0.000125016 44820
0.000375141 28682
0.000125016 28575
0.000125016 21942
0.000125016 6547
0.000250063 45534
0.000125016 94145
0.000125016 95749
0.000125016 15529
0.000125016 78213
0.000125016 32721
0.000125016 69949
0.000125016 30311
0.000125016 86529
0.000250063 74583
0.000125016 59087
0.000250063 50780
0.000375141 31475
0.000125016 2656
0.000250063 60420
0.000125016 63842
0.000125016 12158
0.000250063 51254
0.000125016 1391
0.000125016 70057
0.000125016 92800
0.000250063 76593
0.000125016 73651
0.000125016 35113
0.000250063 85551
0.000125016 871
0.000125016 38177
0.000250063 35753
0.000375141 46276
0.000125016 52573
0.000125016 70430
