2000 5 10
0 0
0 0
0 0
0 0
0 0
0 0
0 0
0 0
0 0
0 0
0 0
0 0
0 0
0 0
0 0
0 0
0 0
0 -0.000147884
0 0
0 0
0 0
0 0
0 -0.000720931
0 0
0 0
0 0
0 0
0 0
0 0
-0.00283611 0
-0.000405158 0
-0.000186642 0
0 0
0 0
0 0
0 0
0 0
0 0
0.00414529 0
0.00414529 0
0.00414529 0
0.00829059 0
0 0
0.00414529 0
0 0
0 0
0 0
0 0
0 0
0 0
0 0
0 0
0 0
0 0
0 0
0 0
0 0
0 0
0 0
0 0
0 0
0 0
0 0
0 0
0 0
0 0
0 0
0 0
0 0
0 0
0 0
-0.00506423 0
0 0
0 0
0 0
0 0
0 7.8719e-05
0 0
0 0
0 0
0 0
0.000173373 0
0 0
0 0
0 0
0 0
0 0
0 0
0 0
0 0
0 0
0 0
0 0
0 0
0 0
0 0
0 0
0 0
0 0
0 0
0 0
0 0
0 0
0 0
0 0
0 0
0 0
0 0
-0.000861827 0
0 0
0 0
0 0
0 0
0 0
0 0
0 0
0 0
0 0
0 0
0 0
0 0
0 0
0 0
0 0
-0.00350291 0
0 0
0 0
0 0
0 0
0 0
0 0
0 0
0 0
0 0
0 0
0 0
0 0
0 0
0 0
0 0
0 0
0 0
0 0
0 0
0 0
0 0
0 0
0 0
0 0
0 0
0 0
0 0
0 0
0 0
0 0
0 0
0 0
0 0
0 0
0 0
0 0
0 0
0 0
0 0
0 0
0 0
0 0
0 0
0 0
0 0
0 0
0 0
0 0
0 0
0 0
0 0
0 0
0 0
-0.00285932 0
0 0
0 0
0 0
0 0
0 0
0 0
-0.00254008 0
0 0
0 0
0 0
0 0
0 0
0 0
0 0
0 0
0 0
0 0
0 0
0 0
0 0
0 0
0 0
-0.00179385 0
0 0
0 0
0 0
0 0
0 0
0 0
0 0
0 0
0 0
0 0
0 0
0 0
0 0
0 0
0 0
0 0
0 0
0 0
0 0
0 0
0 0
0 0
0 0
0 0
0 0
0 0
0 0
-0.00377233 0
0 0
0 0
0 0
0 0
0 0
0 -0.00403266
0 0
0 0
0 0
0 0
0 0
0 0
0 0
0 0
0 0
0 0
0 0
0 0
0 0
0 0
0 0
0 0
0 0
0 0
0 0
0 0
0 0
0 0
0 0
0 0
0 0
0 0.0020775
0 0.0145425
0 0.00623249
0 0.0020775
0 0
0 0
0 0
0 0
0 0
0 0
0 0
0 0
0 0
0 0
0 -0.00909938
0 0
0 0
0 0
0 0
0 0.00263785
0 0
0 0
0 0
0 0
0 0
0 0
0 0
0 0
0 0
0 0
0.00104754 0
0 0
0 0
0 0
0 0
0 0
0 0
0 0
0 0
0 0
0 0.000626807
0 0.000940211
0 0
0 0
0 0
0 0
0 0
0 0
0 0
0 -0.00101385
0 0.0052129
0 0
0 0
0 0
0 0
0 0
0.000301468 0.00253573
0 0
0 0
0 0
0 0
0 0
0 0
0 0
0 0
0 0
0 0
0 0
0 0
0 0
0 0
0 0
0 0
0 0
0 0
0 0
0 0
0 0
0 0
0 0
0 0
0 0
0 0
0 0
0 0
0 0
0 0
0 0
0 0
0 0
0 0
0 0
0 0
0 0
0 0
0 0
0 0
0 0
0 0
0 -0.00107144
-0.000482621 0
-0.000241311 -0.000241311
-0.000844587 0
-0.000844587 0
-0.000844587 0
-0.000723932 0
-0.00313704 0
-0.00265442 0
-0.00120655 0
-0.00193049 0
-0.000603277 0
-0.00229245 0
-0.00253376 0
-0.00494687 -0.000241311
-0.00289573 -0.000241311
-0.00241311 -0.000361966
-0.00253376 0
-0.0010859 -0.000120655
-0.000723932 -0.000482621
-0.0010859 -0.00156852
-0.00193049 -0.00120655
-0.0010859 -0.000120655
-0.00144786 -0.000482621
-0.000241311 -0.000844587
-0.000241311 -0.000120655
-0.000120655 0
-0.000482621 0
-0.000723932 0
-0.0021718 0
-0.000965243 -0.000120655
-0.000965243 0
-0.000361966 0
-0.00144786 0
-0.00132721 0
-0.000723932 -0.000603277
-0.000603277 0
-0.000241311 0
0 0
0 0
0 0
0 0
0 0
0 0
0 0
0 0
0 0
0.000253077 0
0 0
0 0
0 0
-0.000486147 0
0 0
0 0
0 0
0 0
0 0
0 0
0 0
0 0
0 0
0 0
0 0
0 0
0 0
0 0
0 0
0 0
0 0.000501786
0 0.000501786
0 0
0 0
0 0
0 0
0 0
-1.62054e-05 0
0 0
0 0
0 0
0 0
0 0
0 0
0 0
0 0
0 0
0 0
0 0
0 0
0 0
0 0
0 0
0 0
0 0
0 0
0 0
0 0
0 0
0 0
0 0
0 0
0 0
0 0
0 0.000158982
0 0.000476945
0 0.000794908
0 7.94908e-05
0 0
0 0
0 0
0 0
0 0
0 0
0 0
0 0
0 0
0 0
0 0
0 0
0 0
0 0
0 0
0 0
0 0
0.000150951 0
0 0
0 0
0 0
0 0
0 0
-0.000826265 0
0 0
0 0
0 0
0 0
0 0
0 0
0 0
0.00540904 0
0.00540904 0
0 0
0.00540904 0
0 0
0 0
0.00540904 0
0 0
0 0
0 0
0 0
0 0
0 0
0 0
0 0
0 0
0 0
0 0
0 0
0 0
0 0
0 0
-0.00288626 0
0 0
0 0
0 0
0 0
0 -0.00138673
0 0
0 0
0 0
0 0
0 0
0 0
0 0
-0.000288893 0
0 0
0 0
0.00206831 0
0.00206831 0
0 0
0 0
0 0
0 0
0 0
0 0
0 0
0 0
0 0
0 0
0 0
0 0
0 0
0 0
0 0
0 0
0 0.000102121
0 0
0 0
0 0
0 0
0 0
0 0
0 0
0 0
0 0
0 0
0 0
0 -0.00655714
0 -0.0098357
0 -0.0131143
0 -0.0524571
0 -0.0426214
0 -0.0459
-0.00327857 -0.0754071
0 -0.0393428
0 -0.0098357
0 0
0 0
0 0
0 0
0 0
0 0
0 0
0 0
0 0
0 0
0 0
0 0
0 0
0 0
0 0
0.00107078 0.000357902
0 0
-0.00250297 0
-0.00500594 0.000357902
-0.00375445 0.000357902
0 0
0 0
0 0
0 0
0 0
0 0
0 0
0 0
0 0
0 0
-0.00120946 0
0 0
0 0
0 0
0 0
0 0
0 0
0 0
0 -0.0132392
0 -0.00567394
0 -0.00189131
0 0
0 0
0 0
0 0
0 0
0 0
0 0
0 0
0 0
0 0
0 0
0 0
0 0
0 0
0 0
0 0
0 0
0 0
0 0
0 0
0 0
0 0
0 0
0.00121598 0
0.00060799 0
0.00060799 0
0 0
-0.000127217 0
-0.000254433 0
0 0
0 0
0 0
0 0
0.00140469 0
0.00227995 0.00280938
0 0.00140469
0 0
0 0
0 -0.000399958
0 0
0 0
0 0
0 0
0 0
0 0
0 0
0 0
0 0
0 0
0 0
0 0
0 0
0 0
0 0
0 0
0 0
0 0
0 0
0 0
0 0
0 0
0 0
0 0
0 0
0 0
0 0
0 0
0 0
0 0
0 0
0 0
0 0
0 0
0 0
0.000529538 0
0.000264769 0
0.000264769 0
0.00105908 0
0 0
0 0
0.000564573 0
0 0
0 0
0 0
0 0
0 -0.000656453
0 -0.000875271
0 0
0 0
0 0
0 0
0 0
0 0
0 0
0 0
0 0
0 0
0 0
-0.00303212 0
0 0
0 0
0 0
0 3.09898e-05
0 0
0 0
0 -0.00257555
-0.000745005 0
0 -0.000638076
-0.000668816 0
0 0
0 0
0 0
0 0
0 0
0 0
0 0
0 0
0 0
0 0
0 0
0 0
0 -0.0065986
0 0
0 0
0 0
-0.00340163 0
0 0
0 0
0 0
-0.000513958 0
0 0
0 0
0 0
0.00354134 0
0.00708269 0
0.00708269 0
0.0023609 0
0 0
0 0
0 0
0 0
0 0
0 0
0 0
0 0
0 0
0 0
0 0
0.000213979 0
0.000213979 0
0 0
0.00840216 0
0 0
0.000427958 0
0.000213979 0
0 0
-0.000118915 -0.00157616
0 0
9.50641e-05 0
-0.00023783 0
0.000213979 0
-0.00023783 0
0.000855917 0
0.00228067 0
0.000427958 0
0.000855917 0
0.00171183 0
0.000213979 0
0.000641937 0
0 0.000213979
0.000213979 0
0 0
0 0.000213979
0.000641937 0
0.000855917 0
0.000641937 0
0.0010699 0
0.000641937 0
0 0.000213979
0.000213979 0
0.000855917 0.000213979
0.000213979 0
0.000855917 0.000427958
0.000427958 0.000855917
0.000641937 0
0.0010699 0.000213979
0.00261658 0
0.00424583 0
0.00699381 0
0.00459122 0.000641937
0.0036039 0.0010699
0.000641937 0
0.00150293 0
0 0.000213979
0 0
0.00128895 0.000213979
0.00257791 0
0 0.000855917
0 0.0010699
0.00257791 0.00342367
0.00644477 0.00278173
0.00300587 0.000855917
0.00515582 0.00321984
0.00300587 0.00515582
0.00816168 0.0244901
0.00515582 0.0219122
0 0.0167564
0.00128895 0.0244901
0.00386686 0.028357
0.00644477 0.0386686
0.00257791 0.0395113
0.00386686 0.0298284
0.0154674 0.0333809
0.0193343 0.047673
0.0244901 0.039197
0.0180454 0.0429634
0.0219122 0.0348879
0.0193343 0.0206233
0.0141785 0.0399576
0.00515582 0.0401715
0.00644477 0.0367326
0.00257791 0.0229821
0.00515582 0.0126705
0.00773372 0.0180403
0.0116006 0.0158903
0.0141785 0.0124514
0.00386686 0.00214487
0.00902268 0.000855917
0.00902268 0.00128895
0.0141785 0.000213979
0.0079477 0.000427958
0.00773372 0.000641937
0.00515582 0.00149785
0.00386686 0.00299571
0.0116006 0.0040656
0.0167564 0.00299571
0.0167564 0.00342875
0.00773372 0.00923158
0.00515582 0.00794262
0.0141785 0.00343382
0.00923666 0.00213979
0.00386686 0.00278173
0.00773372 0.00622063
0.0128895 0.00428466
0.00644477 0.00235377
0.00773372 0.0010699
0.00515582 0.00149785
0.00644477 0.0038567
0.00386686 0.00213979
0.00257791 0.00278173
0.00386686 0.00171183
0.0116006 0.00192581
0.00902268 0.00128387
0.0232012 0.000427958
0.0261406 0.00149785
0.0360907 0.00429482
0.0335128 0.00257791
0.0296459 0.00408084
0.0335128 0
0.0257791 0.000427958
0.0296459 0.00128895
0.027068 0.000427958
0.0141785 0.00150293
0.0141785 0
0.00589612 0.000427958
0.0116006 0.000213979
0.00515582 0.000213979
0.00257791 0
0.00386686 0
0 0
-0.000342901 0
0.00128895 0.00128895
0.00128895 0.00128895
0.00128895 0
0.00128895 0.00128895
0.00128895 0
0.00515582 0
0.00515582 0
0 0
0 0
0.00128895 0
0 0
0 0
0 0
0 0
0 0
0 0
0 0
0 0
0 0
0 0
0 0
0 0
0 0
0 0
0 0
0 0
0 0
0 0
0 0
0 0
0 0
0 0
0 0
0 0
0 0
0 0
0 0
-0.00110225 0
0 0
0 0
0 0
0 0
0 0
0 0
0 0
0 0
0 0
0 0
0 0
0 0
0 0
0 0
0 0
0 0
0 0
0 0
0 0
0 0
0 0
0 0
0 0
0 0
0 0
0 0
0 0
0 0
0 0
0 0
0 0
0 0
0 0
0 0
0 0
0 0
0 0
0 0
0 0
0 0
0 0
0 0
0 0
0 0
0 0
0 0
0 0
0 0
0 -0.00539421
0 -0.00719228
0 -0.0131898
0 -0.0107884
0 -0.00539421
-0.00719228 0
-0.00359614 0
-0.00719228 0
-0.00719228 0
-0.00719228 0
-0.00179807 0
0 0
0 0
0 0
0 0
0 0
0 0
0 0
0 0
0 0
0 0
0 0
0 0
0 0
0 0
0 0
0 0
0 0
0 0
0 0
0 0
0 0
0 0
0 0
0 0
0 0
0 0
0 0
0 0
0 0
0 0
0 0
0 0
0 0
0 0
0 0
0 0
0 0
0 0
0 0
0 0
0 0
0 0
0 0
0 0
0 0
0 0
0 0
0 0
0 0
0 0
0 0
0 0
0 0
0 0
0 0
0 0
0 0
0 0
0 0
0 0
0 0
0 0
0 0
0 0
0 0
0 0
0 0
0 0
0 0
0 0
0.00167806 0
0 0
0 -0.00435372
0 0
0 0
0 0
0 0
0 0.000784543
0 0
0 0
0 0
0 0
0 0
0 0
0 0
0 0
0 0
0 0
0 0
0 0
0 0
0 0
0 0
0 0
0 0
0 0
0 0
0 0
0 0
0 -0.00677877
0 -0.00254204
0 0
0 0
0 0
0 0
0 0
0 0
0 0
0 0
0 0
0 0
0 0
0 0
0 0
0 0
0 0
0 0
0 0
0 0
0 0
0 0
0 0
0 0
0 0
0 0
0 0
0 0
0 0
0 0
0 0
0 0
0 0
0 0
0 0
0 0
0 0
0 0
0 0
0 0
0 0
0 0
-0.0021585 0
0 0
0 0
0 0
0 0
0 0
0 0
0 0
0 0
0 0
0 0
0 0
0 0
0 0
0 0
0 0
0 0
0 0
0 0
0 0
0 0
0 0
0 0
0 0
0 -0.00094701
0 -0.00189402
0 -0.00757608
0 -0.0123111
0 -0.0189402
0 -0.0160992
0 -0.00473505
0 -0.00284103
0 -0.00189402
0 0
0 0
0 0
0 0
0 0
0 0
0 0
0 0
0 0
0 0
0 0
0 0
0 0
0 0
0 0
0 0
0 -0.00142524
0 0
0 0
0 0
0 0
0 0
0 0
0 0
0 0
0 0
0 0
0 0
0 0
0 0
0 0
0 0
0 0
0 0
0 0
0 0
0 0
0 0
0 0
0 0
0 0
0 0
0 0
0 0
0 0
0 0
0 0
0 0
0 0
0 0
0 0
0 0
0 0
0 0
0 0
0 0
0 0
0 0
0 0
0 0
0 0
0 0
0 0
0 0
0 0
0 0
0 0
0 0
0 0
0 0
0 0
0 0
0 -0.0057265
0 -0.0373313
0 -0.022906
0 -0.045812
0 -0.0515385
0 -0.0973505
0 -0.0858975
0 -0.137436
-0.00685729 -0.286325
0 -0.24624
-0.0057265 -0.22906
-0.0057265 -0.24624
0 -0.286325
0 -0.332137
0 -0.294774
0 -0.24624
0 -0.234787
0 -0.206154
0 -0.286325
0 -0.314958
0 -0.332137
-0.0057265 -0.240513
0 -0.263419
-0.0057265 -0.206154
0 -0.22906
-0.0057265 -0.257693
0 -0.280599
-0.011453 -0.223334
-0.0057265 -0.332137
-0.011453 -0.269146
-0.011453 -0.274872
-0.0171795 -0.280599
-0.0057265 -0.320684
0 -0.297778
-0.0057265 -0.263419
0 -0.274872
-0.0057265 -0.320684
0 -0.22906
0 -0.200428
-0.011453 -0.286325
-0.0057265 -0.223334
-0.0057265 -0.240513
0 -0.297778
0 -0.303505
0 -0.211881
0 -0.309231
0 -0.326411
0 -0.274872
-0.0057265 -0.24624
-0.0057265 -0.240513
0 -0.280599
0 -0.257693
-0.0057265 -0.297778
-0.0057265 -0.188975
0 -0.332137
0 -0.320684
0 -0.280599
0 -0.251966
0 -0.234787
0 -0.309231
0 -0.309231
0 -0.309231
0 -0.34359
0 -0.263419
0 -0.314958
0 -0.395129
0 -0.406582
0 -0.4753
-0.0057265 -0.406582
-0.0057265 -0.516863
-0.011453 -0.481026
-0.0171795 -0.612736
0 -0.584103
-0.011453 -0.595556
-0.011453 -0.532565
0 -0.58983
-0.011453 -0.498206
-0.0171795 -0.469573
-0.0171795 -0.532565
-0.0057265 -0.503932
-0.0171795 -0.469573
-0.034359 -0.544018
-0.034359 -0.544018
-0.0858975 -0.641368
-0.057265 -0.670001
-0.0286325 -0.790257
-0.0400855 -0.795984
-0.0973505 -0.910514
-0.120257 -0.778804
-0.0629915 -0.881881
-0.0858975 -0.973505
-0.034359 -1.0365
-0.125983 -0.996412
-0.0629915 -1.01359
-0.091624 -0.962052
-0.034359 -0.939146
-0.068718 -1.05368
-0.057265 -1.15675
-0.0286325 -1.2541
-0.0400855 -1.33428
-0.0057265 -1.35718
-0.034359 -1.32282
-0.0335727 -1.28437
-0.0286325 -1.47948
-0.022906 -1.45044
-0.0286325 -1.52447
-0.034359 -1.57479
-0.0280521 -1.64351
-0.00913128 -1.7065
-0.0274717 -1.69504
-0.0171795 -1.71795
-0.0171795 -1.63548
-0.0400855 -1.66984
-0.057265 -1.70077
-0.0515385 -1.72368
-0.091624 -1.63205
-0.045812 -1.76949
-0.091624 -1.60915
-0.0744445 -1.57479
-0.0629915 -1.59197
-0.080171 -1.60342
-0.103077 -1.60342
-0.0858975 -1.69504
-0.0744445 -1.7294
-0.080171 -1.7065
-0.0973505 -1.74086
-0.0858975 -1.83821
-0.0515385 -1.77522
-0.125983 -1.70077
-0.022906 -1.71222
-0.0286325 -1.5347
-0.0286325 -1.66641
-0.0515385 -1.71795
-0.034359 -1.85539
-0.068718 -1.83821
-0.0858975 -1.76949
-0.0973505 -1.82675
-0.0629915 -1.86684
-0.11453 -1.89547
-0.0629915 -1.86684
-0.11453 -1.72368
-0.13171 -1.88402
-0.200428 -1.96992
-0.11453 -1.82675
-0.13171 -1.95846
-0.120257 -1.87829
-0.091624 -1.88975
-0.0629915 -1.83821
-0.091624 -1.7924
-0.137436 -1.9241
-0.0744445 -1.90693
-0.0744445 -1.84966
-0.0613247 -1.8153
-0.071111 -1.82675
-0.059658 -1.72368
-0.0718371 -1.87257
-0.143163 -1.67214
-0.148889 -1.91265
-0.143163 -1.82103
-0.103077 -1.78094
-0.160342 -1.82675
-0.143163 -1.84903
-0.120257 -1.76949
-0.0973505 -1.7924
-0.0400855 -1.93556
-0.080171 -1.86684
-0.0858975 -1.92983
-0.103077 -2.02146
-0.103077 -1.96419
-0.0858975 -1.99282
-0.0744445 -1.94716
-0.0515385 -2.04436
-0.068718 -2.03864
-0.057265 -2.11881
-0.0973505 -2.08445
-0.0286325 -2.14744
-0.068718 -2.00428
-0.034359 -2.13026
-0.0400855 -2.11308
-0.045812 -2.20376
-0.0515385 -2.12359
-0.080171 -2.07825
-0.080171 -2.0897
-0.158931 -2.1818
-0.0830756 -2.02146
-0.102136 -2.12453
-0.0629915 -2.04436
-0.0858975 -2.02146
-0.057265 -2.00428
-0.0629915 -2.17607
-0.091624 -2.07872
-0.103077 -1.94701
-0.0629915 -2.10735
-0.091624 -2.13026
-0.0858975 -2.10163
-0.108804 -2.09017
-0.0858975 -2.07299
-0.057265 -2.07299
-0.0629915 -2.02146
-0.022906 -2.05009
-0.0629915 -2.13026
-0.13171 -1.98137
-0.0744445 -2.04436
-0.057265 -2.13599
-0.057265 -1.94128
-0.045812 -2.09017
-0.045812 -2.12453
-0.057265 -2.11308
-0.0400855 -2.17607
-0.0629915 -2.0959
-0.0515385 -2.09017
-0.0515385 -2.15889
-0.022906 -1.93556
-0.0508867 -2.00428
-0.0680662 -2.11881
-0.0973505 -2.14171
-0.0858975 -2.13599
-0.0629915 -2.2047
-0.022906 -2.09017
-0.13171 -2.03864
-0.103077 -2.09017
-0.045812 -2.19898
-0.057265 -2.17034
-0.0515385 -2.06727
-0.0744445 -2.07872
-0.0858975 -2.07299
-0.0308948 -2.10163
-0.0400855 -2.2047
-0.0515385 -2.15889
-0.0286325 -2.02146
-0.022906 -2.22073
-0.011453 -2.11308
-0.0171795 -2.05575
-0.0171795 -2.12789
-0.034359 -2.24467
-0.0286325 -2.121
-0.0515385 -2.17254
-0.034359 -2.11186
-0.0629915 -1.96176
-0.045812 -1.83011
-0.0629915 -1.89529
-0.057265 -1.94921
-0.0400855 -2.11406
-0.057265 -2.08543
-0.034359 -2.09578
-0.0286325 -2.0694
-0.057265 -2.05905
-0.0160223 -2.06649
-0.0286325 -2.04083
-0.057265 -1.91028
-0.0286325 -1.96754
-0.0400855 -2.03846
-0.0274753 -1.95146
-0.0618343 -2.05679
-0.0618343 -2.0797
-0.068718 -2.17583
-0.0265518 -2.06801
-0.0455302 -2.0956
-0.0792476 -2.23414
-0.0477965 -2.27989
-0.0750861 -2.29412
-0.0503813 -2.35769
-0.0709729 -2.43329
-0.0664036 -2.41964
-0.0961933 -2.59028
-0.057265 -2.48251
-0.045812 -2.49744
-0.0629915 -2.61532
-0.0389283 -2.59918
-0.0515385 -2.60387
-0.0400855 -2.53277
-0.0480669 -2.495
-0.0755422 -2.41489
-0.0377711 -2.45729
-0.0618343 -2.52705
-0.0721301 -2.5993
-0.106489 -2.60387
-0.0835831 -2.53399
-0.127081 -2.53058
-0.0434976 -2.56482
-0.0159627 -2.56494
-0.0457524 -2.5488
-0.0342994 -2.61977
-0.0709133 -2.65888
-0.020532 -2.55805
-0.0777374 -2.48702
-0.0949765 -2.49726
-0.0262585 -2.39138
-0.0628723 -2.49622
-0.0983886 -2.53052
-0.106489 -2.56262
-0.145358 -2.58992
-0.167166 -2.5901
-0.125923 -2.65638
-0.0857783 -2.59114
-0.109901 -2.63481
-0.0869952 -2.59473
-0.0652464 -2.56609
-0.103077 -2.57048
-0.11453 -2.53399
-0.0847403 -2.6587
-0.140848 -2.68623
-0.146575 -2.61977
-0.0973505 -2.59125
-0.0961337 -2.62544
-0.15687 -2.55903
-0.0881524 -2.60051
-0.125983 -2.59704
-0.0904668 -2.53034
-0.0858975 -2.55105
-0.142005 -2.52601
-0.175237 -2.51017
-0.240513 -2.50195
-0.188975 -2.70926
-0.119099 -2.69329
-0.162597 -2.69567
-0.171795 -2.68422
-0.0744445 -2.59947
-0.13171 -2.63256
-0.154616 -2.58235
-0.183248 -2.63499
-0.263419 -2.61336
-0.263419 -2.74623
-0.22906 -2.62019
-0.251966 -2.53325
-0.176364 -2.53441
-0.137436 -2.63529
-0.137436 -2.69828
-0.0858975 -2.70401
-0.0744445 -2.56773
-0.11453 -2.51844
-0.057265 -2.48524
-0.034359 -2.53453
-0.057265 -2.56432
-0.034359 -2.58838
-0.0744445 -2.59295
-0.057265 -2.6376
-0.0515385 -2.46922
-0.11453 -2.48183
-0.057265 -2.58144
-0.0973505 -2.59405
-0.120257 -2.56657
-0.0744445 -2.62384
-0.125983 -2.61013
-0.183248 -2.64217
-0.137436 -2.51966
-0.108804 -2.47385
-0.120257 -2.50248
-0.200428 -2.61701
-0.166069 -2.62274
-0.154616 -2.50821
-0.183248 -2.47385
-0.080171 -2.54829
-0.125983 -2.62846
-0.091624 -2.5712
-0.034359 -2.71436
-0.0515385 -2.61701
-0.0629915 -2.69718
-0.0515385 -2.66855
-0.045812 -2.70291
-0.045812 -2.51966
-0.057265 -2.62274
-0.0629915 -2.60556
-0.091624 -2.67428
-0.068718 -2.71436
-0.0512356 -2.69146
-0.045812 -2.69718
-0.045812 -2.72009
-0.034359 -2.71436
-0.0400855 -2.6571
-0.0515385 -2.73154
-0.11453 -2.56547
-0.0973505 -2.47958
-0.0858975 -2.60556
-0.0515385 -2.60556
-0.103077 -2.65137
-0.091624 -2.61129
-0.109149 -2.41086
-0.0629915 -2.63419
-0.0515385 -2.61129
-0.045812 -2.62846
-0.0515385 -2.57693
-0.057265 -2.51393
-0.080171 -2.49676
-0.0744445 -2.59411
-0.057265 -2.63419
-0.0629915 -2.47385
-0.068718 -2.67428
-0.068718 -2.61129
-0.125983 -2.63419
-0.171795 -2.58265
-0.177522 -2.63419
-0.080171 -2.7659
-0.120257 -2.73154
-0.0629915 -2.71436
-0.0858975 -2.5712
-0.080171 -2.58838
-0.108804 -2.62846
-0.120257 -2.62274
-0.091624 -2.57693
-0.0515385 -2.59983
-0.108804 -2.59983
-0.0973505 -2.67428
-0.103077 -2.69718
-0.177522 -2.66855
-0.183248 -2.68
-0.108804 -2.58838
-0.057265 -2.62846
-0.11453 -2.55975
-0.160342 -2.59983
-0.143163 -2.70291
-0.068718 -2.54829
-0.0858975 -2.54257
-0.0858975 -2.55402
-0.11453 -2.50821
-0.068718 -2.43376
-0.091624 -2.38223
-0.0744445 -2.53111
-0.068718 -2.55402
-0.080171 -2.53684
-0.125983 -2.55975
-0.091624 -2.4853
-0.057265 -2.55402
-0.068718 -2.6571
-0.0515385 -2.66282
-0.057265 -2.65137
-0.0744445 -2.71436
-0.0629915 -2.65137
-0.091624 -2.62846
-0.0744445 -2.74299
-0.068718 -2.59411
-0.108804 -2.58838
-0.148889 -2.77163
-0.160342 -2.73727
-0.177522 -2.72582
-0.148889 -2.62846
-0.13171 -2.63419
-0.160342 -2.49676
-0.22906 -2.63419
-0.103077 -2.4624
-0.132144 -2.49676
-0.154616 -2.39368
-0.206154 -2.29633
-0.11453 -2.26197
-0.045812 -2.4853
-0.068718 -2.61129
-0.0515385 -2.61701
-0.045812 -2.58838
-0.057265 -2.68
-0.057265 -2.60556
-0.080171 -2.77735
-0.211881 -2.76437
-0.177522 -2.70291
-0.154616 -2.65137
-0.120257 -2.66548
-0.194701 -2.67231
-0.120257 -2.58795
-0.125983 -2.66548
-0.171795 -2.71436
-0.0858975 -2.64564
-0.103077 -2.70291
-0.11453 -2.69718
-0.0973505 -2.69718
-0.091624 -2.68
-0.0629915 -2.55975
-0.0858975 -2.62846
-0.120257 -2.62274
-0.160342 -2.66855
-0.11453 -2.63992
-0.11453 -2.66855
-0.183248 -2.59411
-0.188975 -2.72009
-0.177522 -2.76017
-0.137436 -2.73154
-0.0744445 -2.68
-0.0629915 -2.74872
-0.0858975 -2.69146
-0.0629915 -2.59411
-0.0515385 -2.57693
-0.0629915 -2.50248
-0.0629915 -2.54257
-0.0744445 -2.70864
-0.108804 -2.69146
-0.0744445 -2.74872
-0.125983 -2.76017
-0.160342 -2.70864
-0.103077 -2.63419
-0.0744445 -2.61701
-0.148889 -2.61129
-0.109686 -2.73154
-0.164317 -2.73727
-0.127312 -2.65137
-0.0972976 -2.67428
-0.100878 -2.69474
-0.104841 -2.72009
-0.0876615 -2.73154
-0.091624 -2.73727
-0.103077 -2.73727
-0.148889 -2.68
-0.240513 -2.69718
-0.309231 -2.57693
-0.177522 -2.55402
-0.160342 -2.55975
-0.125983 -2.63992
-0.125983 -2.71436
-0.068718 -2.78308
-0.080171 -2.66855
-0.080171 -2.71436
-0.0515385 -2.61129
-0.108804 -2.60556
-0.125983 -2.74299
-0.154616 -2.78308
-0.183248 -2.71633
-0.0973505 -2.72009
-0.166069 -2.70864
-0.183248 -2.75445
-0.143163 -2.7659
-0.183248 -2.8341
-0.0973505 -2.86899
-0.11453 -2.86119
-0.160342 -2.81224
-0.183248 -2.74249
-0.200428 -2.7248
-0.21032 -2.84662
-0.150126 -2.73366
-0.113034 -2.73839
-0.0843369 -2.84506
-0.122862 -2.79196
-0.143163 -2.86276
-0.103077 -2.9099
-0.125983 -2.86859
-0.0885027 -2.97734
-0.045812 -2.88076
-0.0744445 -3.00449
-0.057282 -3.07999
-0.0786104 -2.94911
-0.0557044 -2.91477
-0.0812155 -2.86197
-0.0929351 -2.89557
-0.103077 -2.98253
-0.0510223 -3.02205
-0.08226 -2.98187
-0.106727 -2.84269
-0.0887693 -2.98256
-0.068718 -2.9187
-0.0784439 -3.15797
-0.080171 -2.92966
-0.080171 -3.05975
-0.103077 -2.94714
-0.123128 -3.002
-0.107277 -3.08544
-0.0471401 -3.15705
-0.0827932 -3.18532
-0.0926855 -3.33913
-0.123991 -3.29198
-0.112737 -3.40316
-0.160105 -3.11819
-0.138481 -3.27757
-0.0932195 -3.44749
-0.0802675 -3.34835
-0.120341 -3.43674
-0.0971519 -3.31976
-0.197028 -3.53069
-0.113122 -3.1891
-0.213299 -3.41127
-0.20163 -3.34839
-0.193463 -3.37979
-0.134502 -3.57854
-0.13764 -3.39258
-0.126187 -3.66168
-0.0888542 -3.57247
-0.107362 -3.77714
-0.126051 -3.58827
-0.0955403 -3.45399
-0.160376 -3.52721
-0.11453 -3.5918
-0.0624753 -3.56592
-0.121068 -3.47672
-0.182817 -3.68569
-0.174253 -3.74274
-0.125869 -3.78985
-0.167249 -3.65857
-0.126296 -3.55792
-0.205287 -3.18181
-0.291196 -3.15897
-0.1415 -3.43634
-0.170666 -3.36574
-0.102396 -3.52868
-0.104206 -3.49304
-0.0870779 -3.51016
-0.138735 -3.49957
-0.148378 -3.4806
-0.0867603 -3.37558
-0.080256 -3.43371
-0.106244 -3.49809
-0.0596206 -3.32374
-0.0973505 -3.50096
-0.112986 -3.30169
-0.118446 -3.4863
-0.111926 -3.55339
-0.136154 -3.3558
-0.0851487 -3.28157
-0.0944958 -3.44257
-0.128356 -3.60434
-0.120308 -3.45508
-0.121153 -3.66903
-0.170121 -3.64595
-0.102578 -3.60436
-0.174185 -3.66797
-0.187266 -3.65182
-0.168895 -3.46711
-0.191931 -3.41608
-0.178685 -3.57635
-0.118548 -3.54877
-0.199231 -3.67266
-0.175297 -3.59718
-0.162635 -3.63188
-0.156891 -3.75491
-0.125234 -3.97598
-0.095075 -3.79899
-0.11642 -3.82089
-0.11642 -4.03179
-0.129485 -3.95913
-0.106562 -3.9081
-0.0987635 -3.92821
-0.126863 -3.68073
-0.243596 -3.88712
-0.127907 -3.99813
-0.103128 -4.02696
-0.118764 -4.0775
-0.114683 -4.00584
-0.103162 -3.87574
-0.12293 -3.95973
-0.159979 -3.94304
-0.197794 -3.88872
-0.250609 -3.87937
-0.227754 -3.91263
-0.189304 -3.8773
-0.172159 -3.93669
-0.171165 -3.89452
-0.100903 -3.7945
-0.109434 -3.84234
-0.128402 -3.78318
-0.0778615 -3.59061
-0.057316 -3.59572
-0.0401025 -3.57084
-0.0682528 -3.66881
-0.103923 -3.60538
-0.105501 -3.78023
-0.12323 -3.91003
-0.131545 -3.91973
-0.101516 -4.09988
-0.189195 -4.13616
-0.192135 -4.03147
-0.172692 -4.11601
-0.0958238 -4.05558
-0.13121 -4.0335
-0.159644 -4.25387
-0.177442 -3.87946
-0.167334 -3.92159
-0.151999 -3.83862
-0.169144 -3.82375
-0.145938 -3.9749
-0.0972368 -3.88767
-0.10449 -3.86649
-0.140495 -4.09309
-0.149752 -4.07138
-0.122981 -4.07715
-0.120341 -4.07639
-0.135745 -4.15691
-0.134552 -4.11472
-0.148458 -4.2585
-0.0943481 -4.19934
-0.184496 -4.06155
-0.26624 -4.2091
-0.172658 -3.86857
-0.173242 -3.75928
-0.200263 -4.01034
-0.162567 -4.11646
-0.177032 -4.04888
-0.107513 -3.97294
-0.123298 -4.01342
-0.192067 -4.12328
-0.125552 -4.09204
-0.091675 -3.99989
-0.0745125 -4.08047
-0.120443 -4.2986
-0.0912267 -3.96484
-0.108956 -4.16025
-0.28902 -3.9782
-0.203833 -4.18447
-0.133582 -3.88388
-0.192431 -3.7686
-0.164417 -3.77573
-0.0966697 -3.6579
-0.105852 -3.8951
-0.15377 -3.70705
-0.159848 -3.70783
-0.070148 -3.77961
-0.0969702 -3.8083
-0.0802899 -3.81386
-0.0716747 -3.89171
-0.0918109 -3.9314
-0.0570834 -4.01181
-0.0953756 -3.95463
-0.171977 -3.96454
-0.0985819 -3.99755
-0.143827 -4.01233
-0.105251 -3.83129
-0.14902 -3.92129
-0.118248 -3.74795
-0.108922 -3.73264
-0.106051 -3.83413
-0.0598872 -3.79034
-0.0544442 -4.03743
-0.0372987 -3.88249
-0.0658972 -3.95744
-0.131896 -3.83951
-0.19751 -4.06471
-0.140478 -3.86099
-0.105869 -3.7936
-0.150421 -3.81018
-0.123247 -3.9827
-0.111845 -3.92749
-0.114666 -3.84196
-0.14617 -3.87788
-0.186324 -3.86454
-0.266614 -4.11665
-0.169144 -3.91369
-0.203605 -4.06382
-0.154751 -4.12265
-0.108321 -4.12996
-0.107112 -3.87538
-0.120443 -4.10569
-0.123264 -3.94057
-0.149059 -3.90508
-0.1344 -4.0399
-0.137538 -4.14618
-0.18629 -4.03874
-0.21112 -4.10333
-0.294798 -3.98108
-0.197712 -4.2077
-0.186375 -4.08894
-0.237562 -3.96306
-0.214905 -4.03533
-0.25612 -4.00832
-0.365555 -4.08353
-0.343726 -4.24237
-0.258056 -4.1653
-0.174219 -4.34773
-0.171943 -4.22357
-0.163827 -4.19559
-0.174434 -4.1489
-0.151279 -4.04773
-0.187017 -4.18635
-0.167033 -3.96606
-0.174371 -4.04438
-0.0958578 -3.92483
-0.126153 -3.98774
-0.220234 -3.9852
-0.24364 -3.88848
-0.263776 -3.82295
-0.288061 -3.89063
-0.203605 -4.16874
-0.140563 -3.96367
-0.107078 -3.94999
-0.141482 -4.17791
-0.104405 -4.04037
-0.120291 -4.0461
-0.091624 -4.19508
-0.0830598 -4.1111
