201 100
0.000143707 0.00228788 0.0022314 0.000133848 0.000147271 0.00212831 0.00234556
0.00667049 0.051296 0.00653456 0.00144193 0.0443502 0.0267972 0.157365
0.00771459 0.0716146 0.00657876 0.00197624 0.055382 0.0383716 0.237434
0.0074378 0.0781574 0.00695673 0.00279021 0.0504414 0.0466572 0.268659
0.00830054 0.0878823 0.00649912 0.00322083 0.0601733 0.0573618 0.303815
0.00817715 0.0975389 0.00695208 0.00331827 0.0623447 0.0669991 0.327554
0.00816319 0.10573 0.00670042 0.00337147 0.0620701 0.0754272 0.341251
0.0079393 0.114282 0.00687179 0.00338607 0.0621338 0.0837596 0.364158
0.00817919 0.115236 0.00711159 0.00353398 0.0630041 0.0869776 0.351574
0.00899575 0.127649 0.0070982 0.00400279 0.0741039 0.100542 0.375052
0.00841974 0.118307 0.00727245 0.00381371 0.0708161 0.0946319 0.351387
0.00811344 0.123066 0.00740873 0.00373137 0.068622 0.0986977 0.364959
0.00881981 0.136068 0.00714387 0.0042022 0.074749 0.110553 0.399731
0.00864023 0.13953 0.00706617 0.00423165 0.0750838 0.115008 0.390602
0.00951848 0.138847 0.00748839 0.00496798 0.0786991 0.116494 0.383717
0.00960162 0.148669 0.00777718 0.00515022 0.08055 0.126737 0.398833
0.00929125 0.143096 0.00767769 0.00490117 0.0779019 0.12364 0.360651
0.00947114 0.143713 0.00827999 0.0052935 0.0767373 0.125364 0.364191
0.00976572 0.147398 0.00832688 0.00584567 0.0769917 0.128291 0.399166
0.00935007 0.144457 0.00774744 0.00530874 0.0766264 0.126422 0.372717
0.00925747 0.145414 0.00740011 0.00504548 0.0833351 0.128077 0.371082
0.00907746 0.146215 0.00789582 0.00505133 0.0757712 0.129985 0.353648
0.00915846 0.152193 0.0077343 0.00512422 0.0781017 0.136924 0.336104
0.00976304 0.151895 0.00815111 0.00566859 0.0820363 0.137389 0.341162
0.00915384 0.142386 0.00842414 0.00511309 0.0816423 0.129055 0.331104
0.00971205 0.154061 0.00798754 0.00571378 0.0778516 0.140313 0.332985
0.00947151 0.161965 0.00763021 0.00564012 0.0831061 0.147253 0.376023
0.00913533 0.156385 0.00826755 0.00523066 0.0784137 0.142614 0.34337
0.00897145 0.152849 0.00760983 0.00509613 0.0783749 0.139886 0.32954
0.00877896 0.156989 0.008195 0.00514802 0.0768196 0.143991 0.344356
0.009111 0.169075 0.00754097 0.00535287 0.0864914 0.156322 0.359506
0.0102838 0.172913 0.00829557 0.00612917 0.090856 0.158431 0.389646
0.0093874 0.172393 0.00818779 0.00569241 0.0836507 0.15821 0.381596
0.00922761 0.162565 0.00801401 0.00545442 0.0901912 0.147787 0.403339
0.00908497 0.158978 0.00825596 0.00546453 0.0852309 0.144502 0.391551
0.0108107 0.179756 0.00832998 0.00668502 0.101502 0.163223 0.457211
0.0102349 0.17532 0.0084864 0.00610865 0.104001 0.161261 0.409548
0.0102395 0.183776 0.00750903 0.00619245 0.101876 0.170675 0.399342
0.0100842 0.175779 0.00757666 0.00601793 0.104663 0.163001 0.405049
0.00928844 0.17487 0.00799784 0.00577336 0.0876069 0.162829 0.384033
0.00926335 0.171898 0.00907774 0.00556394 0.0927272 0.161634 0.340809
0.00995669 0.186988 0.00865489 0.00596513 0.0989828 0.175965 0.369272
0.00945968 0.178637 0.00908484 0.0058677 0.0944697 0.165526 0.420432
0.00943166 0.173911 0.00755844 0.0060913 0.0885265 0.16163 0.395884
0.0101231 0.184664 0.00790465 0.00643347 0.0986053 0.174264 0.371852
0.00992563 0.190049 0.00780993 0.00627176 0.103892 0.177518 0.429341
0.00995612 0.186141 0.00831557 0.00640697 0.0987505 0.174654 0.411324
0.00993769 0.191736 0.00825273 0.00618313 0.0989744 0.181189 0.382923
0.00932462 0.185302 0.00798346 0.00602995 0.0869767 0.175102 0.374836
0.00944738 0.181726 0.00872167 0.00602267 0.0895376 0.171885 0.3622
0.00978838 0.179355 0.00820857 0.00617485 0.101224 0.170962 0.340476
0.00989841 0.177108 0.00812105 0.00649804 0.0940281 0.168354 0.351549
0.00943439 0.17802 0.00816742 0.00601345 0.0975082 0.16965 0.350077
0.00990667 0.19152 0.00868023 0.00648462 0.0967494 0.183238 0.352779
0.00944772 0.191127 0.00898359 0.00602602 0.0997936 0.181647 0.382722
0.0096776 0.184316 0.00852139 0.00634376 0.0879633 0.177071 0.321845
0.00977918 0.179066 0.0082779 0.00638261 0.0925482 0.171587 0.323832
0.00914991 0.190749 0.00832573 0.0060055 0.0895009 0.182451 0.353824
0.0103089 0.19898 0.00845912 0.00690265 0.099642 0.189459 0.392468
0.0103903 0.200442 0.00844696 0.00712965 0.0897147 0.191479 0.389005
0.0102056 0.199879 0.00822965 0.00690939 0.105085 0.189677 0.441977
0.0106603 0.199549 0.00802649 0.00712286 0.107072 0.19021 0.407863
0.0104218 0.201696 0.00852291 0.00711377 0.0959411 0.192968 0.382633
0.0102516 0.192546 0.00849992 0.00702191 0.0981837 0.183673 0.393601
0.00977261 0.201006 0.00860846 0.00690736 0.0898344 0.192867 0.374335
0.00993041 0.197541 0.00837018 0.00688851 0.0938752 0.189323 0.375752
0.00985723 0.196057 0.00851607 0.00681606 0.098409 0.187475 0.389162
0.00944671 0.194084 0.00840596 0.00642443 0.0955522 0.185374 0.38936
0.0091887 0.196474 0.00897188 0.00632241 0.0890588 0.18808 0.383331
0.00926807 0.197075 0.00804331 0.00639762 0.0861853 0.188093 0.407231
0.0097743 0.194045 0.00765373 0.00662893 0.0895524 0.183975 0.42174
0.00991332 0.198887 0.00828424 0.00667166 0.102819 0.190334 0.399966
0.00868488 0.190986 0.00811868 0.00591477 0.0841574 0.183401 0.360528
0.00919079 0.199501 0.0088573 0.00639557 0.0833911 0.191275 0.381123
0.00939917 0.204873 0.00917157 0.00671635 0.087464 0.196493 0.394486
0.00946147 0.201997 0.00847855 0.00658828 0.0925672 0.193835 0.388121
0.00980608 0.207848 0.00870564 0.00683003 0.0931916 0.198455 0.422946
0.00951101 0.205936 0.00830895 0.00672232 0.0916952 0.196415 0.428337
0.00971357 0.210558 0.00868257 0.00677093 0.0947778 0.200931 0.427986
0.00988376 0.204703 0.00864598 0.00699106 0.0894329 0.196681 0.381493
0.0106007 0.218781 0.008968 0.00758486 0.0945318 0.211034 0.396484
0.010038 0.211693 0.00893506 0.007187 0.0982396 0.203775 0.407966
0.0100186 0.210235 0.00849641 0.00713136 0.0946556 0.203325 0.371699
0.0101758 0.211883 0.00870164 0.00716962 0.0914514 0.204985 0.364143
0.00991885 0.210186 0.00839278 0.00691474 0.101304 0.201793 0.410073
0.00961212 0.199709 0.00920629 0.0068367 0.0905262 0.192222 0.376759
0.0111266 0.222999 0.00896864 0.00784615 0.107835 0.215559 0.395629
0.0108323 0.207891 0.00865225 0.0077579 0.0960441 0.201311 0.364494
0.0103379 0.209992 0.0083451 0.0074195 0.0928101 0.203791 0.349882
0.0098697 0.216074 0.00843727 0.00693347 0.0915948 0.208505 0.391533
0.0104604 0.216684 0.00878399 0.00748073 0.0952972 0.208431 0.403638
0.00978196 0.210027 0.00890084 0.00704875 0.0803271 0.20367 0.347875
0.00971744 0.200688 0.00894756 0.00691119 0.0902516 0.193716 0.367316
0.0092718 0.198939 0.00928981 0.00660675 0.0923683 0.19234 0.364467
0.0100773 0.209389 0.00921339 0.00698965 0.102893 0.202162 0.391447
0.0104617 0.213562 0.00883047 0.00740591 0.0924756 0.205617 0.394934
0.00979215 0.215353 0.00807479 0.00694866 0.0920924 0.207781 0.396917
0.00994376 0.208886 0.00931412 0.00696757 0.105678 0.201899 0.395393
0.0107665 0.220181 0.00865221 0.00747822 0.108295 0.212847 0.398031
0.0100498 0.210631 0.00877193 0.00684547 0.102915 0.204149 0.367094
0.0106436 0.21413 0.0085149 0.00754531 0.102015 0.207011 0.383038
0.0100291 0.211213 0.00842336 0.00701897 0.107377 0.203751 0.412848
0.0102329 0.211536 0.00887658 0.00717494 0.10939 0.203582 0.430455
0.0100973 0.213309 0.00935139 0.00709178 0.107502 0.205957 0.41021
0.0107626 0.218033 0.00959646 0.00761272 0.111962 0.211248 0.40519
0.0100355 0.217791 0.0087666 0.00711196 0.110452 0.211317 0.394158
0.0099066 0.218048 0.00800756 0.00703761 0.101409 0.211746 0.381071
0.00973378 0.216638 0.00861842 0.00678604 0.100031 0.209941 0.382646
0.00962773 0.212245 0.00885594 0.00675495 0.0958109 0.205811 0.372038
0.00985137 0.208114 0.0086926 0.00697406 0.0951748 0.202054 0.363732
0.0106038 0.214339 0.00892236 0.00760839 0.0996857 0.208123 0.366173
0.0101558 0.216756 0.00880323 0.00730807 0.0986062 0.20937 0.395828
0.0103376 0.215144 0.00824549 0.00744663 0.0914963 0.207547 0.397931
0.00989578 0.219835 0.00889568 0.0070013 0.0955612 0.21154 0.426195
0.00934513 0.221498 0.00843038 0.00655005 0.0920152 0.213691 0.40427
0.00968778 0.220092 0.00856205 0.00676562 0.100509 0.210765 0.463214
0.0101607 0.20673 0.00908079 0.0072761 0.0962545 0.197806 0.429656
0.0103569 0.22068 0.0084384 0.00759617 0.105243 0.210706 0.489541
0.00999584 0.21789 0.00910408 0.00739983 0.0962717 0.20873 0.467784
0.0102243 0.219482 0.00989829 0.00752315 0.100914 0.211 0.449951
0.010436 0.226097 0.00859704 0.00756748 0.103164 0.217159 0.462477
0.0102732 0.217047 0.00900205 0.00749688 0.104205 0.208868 0.438059
0.00951907 0.214609 0.00899245 0.00683219 0.0977472 0.208047 0.393177
0.00985795 0.215329 0.00919345 0.00701521 0.0989305 0.208865 0.379447
0.0103087 0.221248 0.00852618 0.00735474 0.115797 0.214211 0.42747
0.0105051 0.227837 0.00879573 0.00727356 0.118341 0.220871 0.427406
0.0107899 0.223194 0.00803975 0.00752538 0.124613 0.216818 0.406021
0.0106083 0.229101 0.00853054 0.00733735 0.121094 0.22129 0.44284
0.010955 0.23417 0.00898817 0.00769868 0.115225 0.227816 0.392474
0.0103654 0.219641 0.00855468 0.00723509 0.119724 0.213144 0.410945
0.0105394 0.227243 0.008176 0.00715534 0.126726 0.221112 0.393354
0.0103916 0.216742 0.00899793 0.00753482 0.116703 0.209123 0.437865
0.0109544 0.219522 0.00879215 0.0079735 0.116098 0.212408 0.424465
0.0105493 0.214555 0.00961852 0.00769839 0.112729 0.208266 0.399639
0.0096478 0.203012 0.0088586 0.00695317 0.105424 0.195731 0.409625
0.0104855 0.214174 0.00855748 0.00778499 0.103947 0.206926 0.424184
0.0103452 0.222282 0.0102778 0.00752119 0.11536 0.214875 0.451201
0.0102918 0.21871 0.00918493 0.00776705 0.108263 0.211541 0.450162
0.00971687 0.219228 0.00908659 0.00710511 0.109155 0.212864 0.416367
0.0101145 0.222978 0.00896747 0.0074165 0.111869 0.216331 0.42856
0.0104173 0.210809 0.010041 0.00769049 0.110169 0.204398 0.403923
0.0106028 0.218095 0.00870348 0.0080228 0.110405 0.21173 0.413978
0.0102215 0.212638 0.00970095 0.00753982 0.114348 0.206075 0.423312
0.00971293 0.198323 0.00864798 0.00718116 0.115463 0.191916 0.420168
0.0102484 0.212566 0.0094038 0.00748663 0.130273 0.206148 0.430429
0.0102937 0.206742 0.00893266 0.00757793 0.126 0.200514 0.439303
0.0105394 0.220126 0.00911463 0.00782026 0.108304 0.214553 0.396759
0.0109069 0.213183 0.0082338 0.00787335 0.12641 0.207471 0.398377
0.0108684 0.216324 0.00949833 0.00810431 0.114392 0.210414 0.401474
0.00956429 0.211966 0.0089911 0.00705015 0.107432 0.206591 0.396602
0.0102836 0.213129 0.00985727 0.00758329 0.117015 0.206431 0.452728
0.0100772 0.222682 0.0083901 0.0073674 0.118192 0.216829 0.434075
0.00983738 0.22221 0.00953231 0.00717572 0.127172 0.215544 0.462595
0.00948117 0.221688 0.00892299 0.00680411 0.118906 0.21512 0.445173
0.00991488 0.214727 0.00916372 0.00707832 0.118852 0.209097 0.396427
0.0100137 0.219427 0.00842146 0.00704127 0.144021 0.21376 0.424544
0.010577 0.223469 0.00880224 0.00774028 0.134242 0.217698 0.43971
0.0100427 0.224726 0.00973082 0.00726517 0.126186 0.218872 0.428651
0.010503 0.223357 0.00934935 0.00761099 0.147875 0.217182 0.456022
0.0101534 0.224442 0.00845853 0.00724665 0.131195 0.218884 0.410346
0.0101759 0.216496 0.00969079 0.00749846 0.123896 0.210342 0.432542
0.0102611 0.226473 0.00844 0.00739782 0.129126 0.220509 0.437403
0.00992892 0.207915 0.00923779 0.00729033 0.120208 0.202599 0.39047
0.0103555 0.212272 0.00935272 0.00759886 0.129263 0.207458 0.383317
0.00985512 0.220536 0.00894557 0.00720924 0.135534 0.215107 0.422023
0.00983524 0.206408 0.00928261 0.00730856 0.119679 0.201777 0.370645
0.0103314 0.214586 0.00859259 0.00766246 0.118593 0.210201 0.369651
0.01108 0.216173 0.00916697 0.0083484 0.122656 0.212411 0.345302
0.010911 0.215374 0.00867363 0.00823775 0.126947 0.211199 0.366385
0.0108482 0.224546 0.00975366 0.00800165 0.131482 0.219698 0.401437
0.0104547 0.224725 0.00854169 0.00775453 0.130357 0.219629 0.410148
0.0104942 0.227064 0.00885875 0.00787903 0.115802 0.221522 0.410376
0.010339 0.228028 0.00838411 0.00759403 0.122676 0.222449 0.410719
0.0106963 0.240712 0.00962536 0.0078181 0.126528 0.235029 0.425711
0.0106008 0.226406 0.00940128 0.00791309 0.121979 0.221509 0.398676
0.00996849 0.230115 0.00842704 0.00754447 0.103073 0.225648 0.379202
0.0101808 0.233458 0.00913454 0.00763406 0.109209 0.228606 0.399169
0.0107726 0.230583 0.00980756 0.00788271 0.121113 0.226127 0.370058
0.00986936 0.225271 0.00826966 0.00710116 0.117577 0.221586 0.345898
0.0105033 0.234824 0.0102173 0.00768375 0.129936 0.230131 0.396848
0.0107895 0.232579 0.00917567 0.00813183 0.127366 0.227925 0.394868
0.0106984 0.228236 0.00931167 0.00815763 0.110755 0.223524 0.386898
0.010666 0.230567 0.00865926 0.00803999 0.11258 0.226251 0.378682
0.0106928 0.233209 0.00877045 0.00797757 0.127447 0.227853 0.438116
0.0099486 0.231543 0.00876695 0.00738144 0.127205 0.226562 0.412472
0.00983139 0.225267 0.0084956 0.00713738 0.12617 0.221061 0.379002
0.010516 0.234271 0.00839569 0.0076055 0.122431 0.230924 0.352872
0.0109369 0.239966 0.00881767 0.00806649 0.126943 0.236081 0.385928
0.0111865 0.244998 0.00861021 0.00833628 0.142853 0.241009 0.392254
0.0103779 0.231728 0.00891813 0.00771979 0.119095 0.228196 0.365439
0.0102582 0.225778 0.00906883 0.00746812 0.144346 0.222441 0.354449
0.0103296 0.22629 0.00911096 0.00754127 0.139709 0.222231 0.391214
0.0105215 0.2345 0.00838378 0.00755519 0.138715 0.23061 0.373005
0.0101818 0.223421 0.0085813 0.00751268 0.123585 0.218999 0.394108
0.0102571 0.234798 0.00882582 0.007669 0.115107 0.231121 0.36921
0.01059 0.229968 0.00855054 0.00778638 0.13417 0.225463 0.400112
0.0100468 0.225291 0.00926618 0.00771406 0.115388 0.221849 0.353761
0.0105575 0.238965 0.0092742 0.00804867 0.121411 0.233975 0.428446
0.0106173 0.233 0.00878992 0.00799293 0.118665 0.228374 0.413035
0.00974719 0.223992 0.00920832 0.00705982 0.115554 0.220511 0.33449
0.0099018 0.225187 0.00901185 0.00748491 0.110746 0.221201 0.360616
