201 100 10
11.0105 11.0209 10.6463 10.947 10.9268 11.0095 10.6553 11.1196 11.1744 11.0825 11.522 11.1253 
9.21646 -7.75798 -7.64051 -8.55969 -7.67776 -8.33501 -7.58982 -7.10511 -6.25449 -8.08657 -7.24742 -9.03576 
9.55693 -8.64597 -9.01 -9.48269 -8.77006 -9.91062 -8.85228 -7.85539 -7.67459 -8.30538 -8.51308 -8.23121 
8.61403 -8.59139 -8.87331 -7.96982 -9.6425 -9.03257 -7.57629 -7.59462 -8.82313 -8.48136 -8.45053 -9.55559 
9.27846 -8.75928 -8.47287 -8.6073 -8.20629 -9.99137 -8.29893 -8.85843 -8.41493 -8.69752 -8.82632 -9.39911 
8.73772 -9.01922 -9.08829 -9.51058 -9.01278 -7.8832 -9.30183 -8.68554 -9.80173 -9.10923 -8.71627 -9.0142 
9.27336 -8.72441 -8.46678 -8.09822 -8.10418 -8.00883 -9.1518 -8.8714 -9.78797 -8.85872 -8.79443 -9.04418 
9.07183 -8.56629 -7.50294 -8.76956 -8.22439 -8.82657 -8.29169 -9.24512 -8.7103 -8.23357 -8.62398 -9.20449 
8.97099 -8.7931 -7.64733 -8.8085 -9.26829 -9.00775 -8.60883 -8.41552 -8.73135 -8.34286 -9.61757 -9.3818 
9.38987 -8.71259 -8.50266 -9.37726 -8.58865 -7.41127 -8.20671 -8.84917 -8.27945 -8.71647 -9.04062 -9.81913 
9.08292 -8.43406 -9.75106 -9.35485 -8.0469 -7.90191 -8.34289 -8.7956 -10.1671 -7.54847 -7.17894 -7.60113 
8.9468 -7.9422 -7.93639 -7.90193 -6.943 -7.97628 -7.56197 -8.68069 -8.94439 -8.01733 -7.3327 -8.11832 
9.13282 -8.48254 -8.33459 -9.50931 -8.87903 -8.55425 -7.73186 -8.42068 -8.55657 -8.63472 -8.76254 -7.46295 
9.07299 -8.33956 -7.80583 -8.80709 -8.1016 -9.24501 -7.60085 -8.43034 -7.20771 -8.41613 -9.16493 -8.66453 
9.00525 -8.61435 -8.37153 -10.2241 -8.19807 -8.14589 -7.37944 -8.65785 -8.48029 -8.68298 -8.87749 -9.19 
9.15144 -8.10896 -7.82708 -9.76469 -8.52414 -7.54534 -7.02278 -8.56238 -8.20079 -8.42164 -9.42541 -6.38365 
9.41886 -8.54551 -8.64579 -9.4681 -10.0146 -8.56809 -7.94946 -8.11974 -8.56167 -8.69913 -8.06176 -7.54093 
8.87968 -8.3827 -8.56156 -9.44179 -8.65909 -8.36691 -8.28518 -8.08108 -7.38561 -8.03545 -8.81165 -8.11398 
9.03739 -8.35299 -8.49809 -7.66132 -8.60342 -8.61946 -7.08667 -9.1699 -9.02921 -7.85073 -9.17637 -7.96876 
8.83591 -8.53187 -9.01832 -7.59127 -8.61773 -9.35159 -7.71787 -7.83608 -9.31085 -8.92459 -8.1338 -8.81736 
8.93281 -8.53848 -9.33981 -7.92069 -8.56365 -9.1059 -8.0212 -7.50528 -8.42266 -8.11546 -9.0153 -9.24673 
9.01363 -8.72733 -9.7819 -9.14317 -7.69541 -9.68007 -8.61319 -8.54399 -7.99713 -8.5633 -9.06276 -8.11894 
9.0791 -8.34882 -9.71562 -8.28107 -8.28153 -8.61675 -7.75734 -8.60807 -8.14651 -7.66023 -8.59224 -7.78008 
9.17464 -8.54771 -8.43895 -8.85602 -9.07722 -9.20714 -8.87678 -8.99928 -7.52467 -7.93634 -8.30501 -8.09384 
8.99071 -8.41055 -9.11233 -8.14992 -8.41732 -9.55744 -8.77335 -7.99248 -8.01232 -8.08683 -8.62491 -7.47043 
9.06117 -8.26675 -7.68083 -8.0519 -8.42504 -9.48107 -8.34781 -9.20391 -7.30834 -8.62842 -8.288 -7.30788 
9.11284 -8.34377 -8.42992 -8.54994 -6.93002 -8.98909 -8.94423 -8.83793 -7.95771 -8.87627 -8.76713 -7.12525 
8.90935 -8.31998 -8.56484 -7.27546 -7.3597 -7.87071 -8.76612 -9.25728 -8.00232 -9.15414 -8.98493 -7.83437 
8.96624 -8.18212 -8.5435 -7.93913 -8.39343 -7.00362 -8.55286 -8.01826 -7.73374 -8.58927 -9.04514 -7.95671 
8.80843 -8.84426 -8.83566 -8.49637 -9.29058 -9.68384 -9.36434 -8.76478 -9.50351 -9.11366 -7.73215 -7.88648 
8.83239 -8.75908 -10.6872 -8.55178 -8.44036 -7.24228 -9.9745 -8.37498 -9.25243 -8.96581 -8.17992 -7.91804 
9.00828 -8.85706 -8.77272 -7.43176 -8.37908 -9.29017 -8.75162 -8.66461 -11.3692 -9.06212 -9.15815 -7.8498 
8.81272 -8.27028 -8.02888 -6.8828 -7.80165 -9.11544 -8.53865 -8.60028 -8.47534 -7.98949 -8.13213 -8.94739 
9.36158 -8.05845 -8.12274 -7.23175 -8.43171 -9.5055 -7.59981 -7.90312 -8.77284 -7.37857 -8.17703 -7.37285 
9.24322 -8.00919 -8.58585 -7.53432 -8.31995 -8.1198 -8.03936 -8.90244 -7.20242 -7.71043 -8.84279 -6.97324 
9.12458 -8.63641 -10.2631 -7.35271 -10.0632 -9.06902 -7.95549 -8.33382 -9.99201 -7.88383 -8.5772 -7.01083 
9.79699 -8.54137 -8.83824 -7.781 -8.71368 -8.76104 -8.01836 -9.38781 -10.3679 -6.82691 -8.51788 -7.85037 
8.98026 -8.69346 -9.16821 -9.55065 -8.37589 -8.46424 -7.92553 -9.03905 -9.99404 -7.48897 -7.89755 -8.95497 
9.2824 -8.48111 -8.83001 -9.28236 -10.3068 -7.67278 -8.68066 -9.5851 -8.16099 -6.71644 -8.42356 -7.49417 
8.96823 -8.06833 -8.06906 -8.37441 -8.9972 -7.80448 -9.57399 -9.07658 -7.61955 -7.1347 -6.61965 -7.47997 
8.94165 -8.55108 -8.43934 -8.08443 -6.93821 -7.88052 -9.69833 -8.5612 -9.06474 -8.29699 -9.04966 -9.16989 
9.60899 -8.43912 -8.45941 -8.25505 -8.72369 -7.93821 -8.7848 -9.3209 -9.44099 -8.21706 -8.18115 -6.87893 
8.84221 -8.31529 -6.76973 -9.08846 -8.23549 -8.83455 -9.82276 -8.14243 -8.13782 -8.85801 -6.65733 -8.67528 
8.85619 -8.32664 -9.03724 -8.42101 -8.04133 -9.42996 -7.89939 -7.58139 -7.89366 -7.78041 -8.50126 -8.48306 
9.11891 -8.48134 -8.4776 -8.16731 -10.1973 -7.91948 -8.4716 -8.5345 -7.30686 -7.62078 -9.81191 -8.3065 
9.22779 -8.58493 -8.80644 -8.07891 -9.20569 -8.8484 -8.70135 -8.55612 -7.63538 -7.16063 -9.46757 -9.20185 
9.04883 -8.27037 -8.56521 -7.68783 -7.83662 -7.82812 -7.78178 -9.25363 -8.27445 -7.8967 -9.04031 -8.74224 
9.2822 -8.17036 -8.36098 -8.23008 -7.54005 -8.11983 -7.6915 -7.50233 -8.20535 -8.3227 -9.83006 -7.66024 
8.65326 -8.16771 -8.83139 -7.31436 -7.64121 -8.23054 -7.05059 -8.67042 -7.48741 -8.68101 -9.32594 -8.32576 
8.71262 -8.36806 -8.70544 -9.28208 -8.67989 -7.84061 -8.22731 -8.23084 -7.97199 -7.96141 -8.98871 -7.73029 
9.14704 -8.83183 -9.27468 -8.70219 -9.51915 -9.13186 -7.9345 -9.50149 -9.79056 -8.37763 -9.06644 -7.15013 
8.92226 -8.45137 -8.23561 -8.50289 -8.69028 -7.89582 -8.772 -8.39288 -8.64494 -8.20028 -8.73455 -8.38687 
9.1798 -8.21616 -9.42588 -7.29878 -7.65407 -6.78755 -9.6086 -7.26338 -9.34606 -7.7439 -8.16761 -8.7074 
8.90555 -8.33189 -8.36249 -7.7708 -6.87642 -7.57495 -7.53098 -8.24628 -8.27266 -10.7687 -9.37592 -8.61694 
8.77908 -8.58398 -8.08468 -9.6313 -7.79142 -8.49508 -8.03657 -7.80353 -6.47693 -10.175 -10.4554 -8.55577 
8.7694 -8.22032 -8.16782 -8.46792 -7.7741 -7.86015 -8.01558 -8.00152 -7.04072 -8.0329 -11.0883 -7.92581 
9.13769 -8.63065 -9.10367 -9.34377 -9.13801 -7.87419 -8.95137 -9.8797 -7.91823 -8.50224 -7.76031 -7.94393 
8.72505 -8.82476 -8.86327 -9.62151 -9.37531 -8.66396 -9.5048 -7.75634 -8.28557 -8.28332 -10.0264 -7.75469 
9.49326 -8.4699 -9.42636 -8.29688 -8.01701 -8.449 -8.27095 -8.25255 -8.361 -8.49774 -8.9298 -8.13287 
9.07609 -8.37972 -8.41258 -7.64734 -9.04638 -8.93918 -9.1086 -8.65639 -8.01435 -7.74927 -8.50461 -7.69405 
8.87837 -8.34279 -8.17505 -8.91334 -9.40168 -9.14791 -8.5126 -9.29218 -8.02701 -6.59725 -6.83157 -8.71173 
9.40639 -8.70065 -8.51446 -8.08496 -9.90196 -9.54935 -8.3179 -9.65581 -8.14176 -7.64862 -9.22982 -7.88134 
9.26609 -8.78041 -8.80932 -9.62917 -8.618 -8.12788 -8.90986 -9.45379 -7.17483 -9.16201 -9.18982 -8.51102 
9.11671 -8.52898 -9.58084 -7.61477 -8.2464 -8.6173 -9.05735 -8.80745 -7.43664 -8.89276 -8.33478 -8.47183 
9.00675 -8.27004 -7.86814 -9.18428 -7.08844 -8.20081 -8.0067 -8.8159 -8.52862 -7.94087 -7.34182 -9.81055 
9.60497 -8.38074 -7.83563 -9.97837 -8.00715 -7.82678 -8.30563 -8.1536 -8.04687 -8.99527 -8.55954 -8.10254 
9.47325 -8.4255 -7.8992 -8.1888 -7.34569 -10.2435 -8.46537 -9.27178 -7.78116 -8.29057 -9.02887 -7.74222 
8.98547 -8.66031 -7.72309 -9.3902 -8.87043 -9.33621 -8.65927 -8.50023 -8.56411 -8.97992 -8.20334 -8.43152 
8.76425 -8.51633 -7.516 -9.03363 -9.02392 -8.58633 -8.47009 -9.1096 -8.85074 -7.41953 -7.54737 -9.39729 
9.02542 -8.17751 -8.0019 -8.54852 -8.1434 -8.00882 -7.38018 -7.89104 -7.88307 -8.71864 -7.56626 -9.80103 
8.8781 -8.54781 -7.46664 -9.73056 -9.5361 -7.80229 -8.90146 -7.42284 -9.42553 -9.21793 -8.07489 -8.02601 
9.18669 -8.58475 -7.49518 -9.45977 -9.14902 -9.07393 -7.89274 -7.87228 -7.95926 -8.57152 -9.23967 -9.06321 
8.49885 -8.31565 -7.51473 -7.46352 -9.91614 -8.83246 -8.54964 -7.18926 -8.39347 -8.80706 -8.26472 -8.35468 
8.70094 -8.59139 -8.67951 -9.61071 -7.34577 -8.29094 -9.59482 -9.23061 -7.85903 -9.95979 -7.28943 -7.92973 
8.79957 -8.53184 -7.23549 -9.81524 -8.30986 -7.56857 -8.73005 -9.18501 -8.52025 -9.44383 -6.83118 -9.35124 
9.50317 -8.56573 -7.56287 -9.41674 -10.1058 -9.32207 -8.25422 -8.61836 -6.95556 -9.13983 -8.54882 -7.93026 
9.18944 -8.6982 -8.01101 -9.64743 -9.02699 -8.90125 -9.70672 -9.05659 -8.09367 -8.49847 -8.66356 -7.31557 
8.69067 -8.22641 -8.16474 -8.49341 -7.92453 -8.30229 -8.7472 -6.48741 -7.87659 -9.40403 -8.66116 -8.19872 
9.09729 -8.93811 -7.08085 -8.53192 -8.98207 -11.5732 -8.18546 -8.74107 -8.95058 -9.43039 -8.66327 -9.03182 
9.27918 -8.67864 -7.64216 -7.98747 -9.18667 -10.1377 -9.60891 -9.0515 -8.66904 -8.7091 -7.38053 -8.66528 
9.06047 -9.01527 -8.51372 -8.99891 -9.18284 -9.084 -9.10893 -8.62879 -9.2995 -9.64849 -8.82456 -8.88697 
8.70644 -9.00254 -8.74042 -9.55949 -9.3266 -9.06777 -9.06577 -9.15829 -8.71129 -8.74434 -8.62743 -9.02724 
9.23461 -8.71861 -8.69521 -9.61958 -8.06939 -9.72863 -8.5305 -8.1301 -7.8987 -9.90323 -8.42255 -8.083 
9.02206 -8.59044 -10.3006 -9.62264 -8.84377 -8.37514 -7.52732 -7.89207 -8.04114 -8.89134 -8.20036 -8.25931 
9.08986 -8.86309 -9.88337 -9.25294 -9.20228 -8.58295 -9.49412 -8.88207 -7.75202 -9.20263 -8.02558 -8.49454 
8.64579 -8.60157 -7.10767 -8.92366 -9.20439 -7.56466 -9.10761 -9.17714 -7.77567 -8.63071 -8.97443 -9.57524 
9.17449 -9.19596 -8.29838 -8.45878 -8.35776 -9.12992 -8.53136 -10.1355 -8.91864 -10.6754 -9.66246 -9.42103 
9.25611 -8.58386 -8.48228 -9.08405 -9.82344 -8.12254 -9.41583 -9.49493 -8.70158 -7.38989 -7.36264 -7.58731 
8.9195 -8.59857 -9.68988 -8.50604 -8.74734 -8.39336 -8.33605 -9.85744 -7.45098 -8.71854 -8.18796 -8.18853 
9.02811 -8.47652 -9.75059 -7.76327 -7.80341 -8.60146 -8.82917 -10.4994 -6.93881 -8.62844 -8.16779 -7.98947 
8.71119 -8.91001 -9.24862 -8.63083 -9.24545 -8.92905 -9.72487 -9.86757 -7.58402 -8.47287 -8.85325 -8.48449 
8.92425 -8.43344 -8.30936 -9.15482 -8.93302 -9.13897 -9.28595 -9.48059 -7.82695 -6.96696 -7.5213 -7.98928 
9.38209 -7.92549 -8.1727 -7.0928 -9.12673 -7.70811 -8.62981 -7.73363 -7.18658 -8.01335 -7.54451 -8.0237 
8.59724 -8.51167 -7.56185 -9.73252 -9.83489 -9.19694 -9.25971 -8.09516 -7.94434 -8.8682 -7.63585 -6.68898 
9.1833 -8.67899 -8.38307 -9.16163 -9.89527 -7.74611 -8.70446 -8.79115 -8.78864 -9.66575 -6.90583 -8.8687 
9.09922 -8.76002 -9.10621 -9.84071 -9.75478 -8.48389 -8.17545 -8.72671 -8.46493 -8.82213 -7.71814 -8.49772 
8.8411 -8.23933 -7.60993 -8.3325 -9.87232 -7.36163 -7.94518 -8.88184 -7.96581 -9.16545 -7.98066 -7.24834 
8.56327 -8.82729 -8.31117 -8.16487 -8.33028 -8.45122 -8.57999 -9.51365 -8.73159 -9.25793 -9.49133 -9.49578 
9.32719 -8.54726 -8.48126 -8.52406 -9.64666 -7.02604 -9.13061 -8.37236 -8.84268 -8.97094 -8.31981 -8.44801 
8.96027 -8.42818 -9.23367 -7.7539 -9.92721 -7.26569 -7.93281 -9.04177 -8.80316 -7.90328 -8.11174 -8.24231 
8.77406 -9.00542 -9.85591 -8.88724 -7.79324 -8.41544 -8.05413 -10.1328 -10.1716 -8.8566 -8.69214 -9.14862 
8.71571 -8.72637 -9.04935 -9.43863 -9.01264 -9.37162 -7.68704 -9.01797 -8.51534 -9.23013 -7.69981 -8.37027 
9.62397 -8.17942 -7.23946 -8.65655 -8.76139 -9.70332 -8.39339 -8.50021 -7.09477 -7.30495 -8.7489 -7.59075 
9.09234 -9.08809 -8.09727 -9.7525 -8.7987 -8.92396 -9.66768 -8.33102 -9.48956 -9.25603 -9.12098 -9.53481 
9.32129 -9.0571 -8.84652 -9.0769 -8.54381 -9.38269 -9.03445 -8.69346 -8.94229 -10.0478 -9.53817 -8.52759 
9.33143 -8.89566 -8.8521 -9.89587 -9.09788 -8.68956 -8.45578 -8.73716 -8.70093 -8.05002 -9.26084 -9.14805 
9.00957 -8.49554 -8.17974 -8.3811 -8.83779 -9.51588 -8.90354 -8.9232 -7.45811 -8.78499 -8.84587 -7.4203 
9.00039 -8.88411 -9.52033 -8.80706 -8.61406 -8.93414 -8.62579 -10.1312 -8.35998 -8.93686 -8.46314 -8.41769 
8.95689 -8.71637 -7.93194 -10.1407 -9.10463 -8.25461 -8.15805 -9.24055 -7.97308 -8.25961 -8.81434 -9.28153 
9.10968 -8.70561 -8.30926 -8.56887 -8.87439 -7.92184 -8.44525 -9.37367 -8.50765 -7.98936 -9.81597 -9.21716 
8.77807 -8.94361 -9.40972 -7.95663 -8.72841 -8.35232 -10.0125 -9.11242 -8.27707 -10.1301 -9.30207 -8.13383 
8.90199 -8.93774 -8.90235 -8.19913 -10.1702 -8.88297 -8.73882 -10.3697 -9.14059 -8.06972 -8.28581 -8.52425 
9.48903 -8.26841 -9.27079 -8.42686 -7.93875 -7.87595 -7.4759 -7.40228 -8.5822 -7.43464 -8.70662 -9.65354 
9.13921 -8.38678 -8.36485 -8.68145 -8.81929 -6.78389 -6.84356 -9.34509 -7.96064 -9.72928 -8.83861 -8.54821 
8.7441 -8.43723 -7.06379 -7.65515 -8.747 -8.52267 -8.38339 -9.7936 -8.85235 -8.3734 -8.32142 -8.89815 
9.10377 -8.57031 -8.44724 -9.43565 -8.4084 -9.45744 -7.36529 -9.57617 -8.68603 -8.71255 -7.9597 -7.74311 
8.67141 -8.59538 -7.80986 -8.60752 -9.1936 -10.2155 -7.78954 -8.20285 -7.8944 -9.21961 -9.00801 -7.87652 
9.08965 -8.15461 -8.11762 -8.87667 -9.23692 -8.22348 -7.37205 -7.65386 -8.35126 -7.58296 -7.78391 -8.36328 
9.12163 -7.86697 -7.1932 -6.78608 -9.26928 -7.77072 -7.71595 -7.51709 -9.38643 -7.34055 -8.69702 -7.14245 
9.08406 -8.31874 -6.26281 -9.17706 -9.50322 -7.52724 -8.16481 -8.01793 -8.48467 -7.57073 -9.44297 -8.85914 
9.31209 -8.50283 -7.19216 -8.02514 -9.23839 -8.93939 -9.69333 -8.92438 -9.54317 -7.66811 -8.15002 -7.87991 
9.15891 -8.34097 -7.14957 -8.93759 -7.87753 -8.10522 -8.06814 -8.57618 -9.69958 -6.83648 -9.44811 -8.92221 
8.89191 -8.32825 -7.58105 -9.18615 -9.28698 -7.69758 -7.94287 -8.98942 -8.83742 -8.30764 -8.12444 -7.30786 
9.16905 -8.33342 -8.06553 -7.36095 -9.16854 -8.03218 -10.2444 -7.91227 -9.43466 -8.13678 -7.95647 -7.17806 
9.0905 -8.47261 -8.53465 -8.98355 -9.88865 -8.24124 -9.28039 -8.27324 -7.84849 -7.88943 -8.65945 -7.23969 
8.88106 -9.08782 -9.08898 -9.24536 -8.13455 -9.78797 -9.12684 -9.91586 -8.39299 -9.43604 -9.63727 -7.97134 
9.42567 -8.82676 -9.07211 -8.73028 -10.2759 -8.97022 -6.92348 -9.50765 -8.80447 -8.27222 -9.23869 -8.70525 
9.18509 -8.78658 -7.67869 -8.90435 -8.73782 -9.11937 -8.67309 -8.61625 -9.36514 -9.33836 -8.68719 -8.79479 
8.87446 -8.99526 -7.44643 -9.33764 -9.019 -8.60526 -8.70539 -9.97946 -9.21253 -10.1427 -9.37051 -8.05148 
9.26953 -8.9863 -8.74572 -9.3754 -9.48949 -8.26586 -8.51617 -9.02029 -8.8145 -8.94507 -9.99778 -8.75078 
9.33628 -8.77185 -7.81271 -9.01182 -8.89455 -8.3552 -7.31668 -9.27853 -8.43255 -9.61476 -10.0523 -8.92391 
8.6967 -8.36134 -7.7533 -9.43175 -9.75989 -7.94738 -8.88676 -8.24151 -7.84556 -8.73247 -7.87731 -7.27086 
8.99919 -8.64006 -8.62891 -9.86882 -8.92211 -8.09402 -8.96507 -8.17265 -9.51908 -8.0021 -8.53805 -7.47897 
8.98921 -8.72503 -9.19795 -8.23132 -9.40142 -8.80477 -8.38367 -8.66436 -9.36062 -8.93997 -7.90087 -8.4204 
8.90364 -8.75778 -8.49196 -10.7123 -8.53752 -8.65851 -8.9167 -9.22813 -9.5894 -8.40153 -7.25829 -7.76089 
8.52141 -8.59266 -6.88039 -9.47534 -9.12633 -9.09622 -7.60211 -9.17654 -8.96695 -7.75722 -8.50995 -9.20404 
9.20583 -8.69294 -6.87916 -9.88382 -8.62104 -8.00411 -9.59632 -9.70412 -9.51804 -8.15506 -8.81981 -7.77941 
8.81263 -8.23816 -6.62858 -9.2715 -7.03775 -7.47208 -7.65887 -7.92729 -10.0005 -8.55432 -8.79193 -9.26938 
8.7557 -8.58497 -7.95177 -8.20627 -8.07056 -8.88325 -8.81005 -8.80713 -9.18003 -9.91918 -7.513 -8.46512 
8.81062 -8.81479 -8.9609 -9.52331 -8.1997 -9.33543 -9.04421 -8.42333 -8.5181 -9.14585 -7.16797 -9.78012 
8.87041 -8.78692 -8.43786 -8.28489 -8.78629 -8.83972 -9.11618 -10.1498 -9.11646 -9.7592 -7.02664 -8.18537 
8.80143 -8.78736 -8.28296 -8.01766 -9.59924 -8.59414 -9.5017 -8.89657 -9.42245 -9.2353 -8.27124 -7.99418 
9.02724 -8.58053 -8.58485 -9.49388 -7.43466 -8.41868 -8.91135 -7.6982 -9.19555 -10.2621 -7.31865 -8.48222 
8.95084 -7.98202 -7.62916 -7.87226 -8.87694 -6.2923 -7.42282 -8.2052 -8.80348 -8.76222 -6.89474 -9.27849 
9.07681 -8.83392 -8.21631 -7.95214 -7.98035 -9.06501 -8.99445 -8.95622 -9.32592 -9.47008 -9.86121 -8.40422 
9.26582 -8.68338 -7.69792 -8.49803 -8.18428 -8.57379 -7.69224 -9.00505 -9.30921 -9.50893 -9.17403 -8.90058 
8.97949 -8.73327 -7.56085 -9.2481 -7.04025 -9.06803 -8.17411 -7.60269 -10.4011 -9.29635 -9.52219 -9.23787 
9.18335 -9.05944 -9.42344 -8.95976 -9.06208 -9.55427 -8.24426 -9.9932 -8.84275 -9.45962 -8.40257 -8.45037 
8.93498 -8.8396 -10.4622 -8.76748 -9.69314 -8.73063 -8.73178 -8.79809 -8.21004 -8.02902 -8.28541 -8.28679 
8.84959 -8.41699 -7.7442 -9.162 -7.45475 -8.50004 -8.68165 -9.68432 -8.96002 -8.81254 -6.69997 -8.607 
9.0884 -8.81271 -8.28102 -10.2783 -9.35193 -9.34583 -8.68556 -7.85021 -8.73099 -9.67611 -7.40173 -8.62517 
9.12922 -8.68351 -9.20363 -9.21677 -9.44345 -8.38455 -9.72798 -8.11204 -8.64596 -7.23756 -7.94256 -9.1387 
8.98535 -8.66188 -9.22345 -7.93933 -9.21043 -8.65898 -7.91664 -9.57482 -8.55139 -9.27994 -7.41839 -8.90886 
9.05987 -8.70541 -7.95402 -8.61175 -10.1542 -8.52023 -7.64244 -8.24895 -9.70325 -9.03127 -7.67053 -9.44546 
9.18789 -8.69915 -8.17599 -7.88238 -6.78785 -9.06791 -7.80962 -9.28839 -10.509 -9.42972 -8.63168 -9.4562 
9.46339 -8.76405 -8.0801 -7.83825 -8.41574 -7.76859 -9.82658 -9.47346 -8.43499 -8.40888 -8.74009 -10.4625 
9.27611 -8.43362 -9.0054 -7.03983 -6.75564 -8.58718 -9.5981 -7.86066 -10.1734 -7.9594 -9.12652 -8.47385 
8.52071 -8.88363 -8.77143 -7.98849 -8.95885 -8.59116 -8.80498 -10.5143 -10.2676 -7.98922 -8.23846 -8.52603 
9.20758 -8.80207 -8.25913 -9.13444 -8.02171 -8.425 -8.77137 -8.98457 -9.93203 -8.38336 -9.61588 -8.52563 
9.05284 -8.99262 -9.38429 -8.20709 -9.06824 -8.76051 -9.09517 -8.20737 -9.23579 -9.88688 -9.00885 -8.81482 
8.5258 -8.60063 -8.96734 -8.05512 -8.15857 -9.18313 -8.93686 -8.33908 -8.0292 -8.72959 -8.79371 -8.75297 
8.77412 -8.78468 -8.78192 -8.31387 -8.44948 -8.1131 -8.74044 -9.07566 -9.10006 -8.68295 -9.47039 -9.26396 
8.86636 -8.71559 -8.19983 -8.22541 -7.43289 -9.0502 -9.64701 -8.0223 -9.44908 -7.68898 -10.3194 -9.19939 
9.18645 -8.62697 -8.48855 -8.79132 -8.7448 -8.09371 -9.84806 -7.81122 -8.35631 -9.39428 -8.92122 -7.72668 
9.05759 -8.52461 -8.81007 -8.34382 -7.63183 -7.95515 -8.40635 -7.8452 -10.2556 -9.21382 -8.36441 -8.31952 
8.93056 -8.51141 -8.38189 -9.15237 -7.47404 -8.38677 -8.29135 -7.96074 -8.87184 -9.91064 -8.63211 -8.06634 
9.04383 -8.66094 -8.93426 -8.86859 -7.62476 -8.59485 -8.26277 -9.97021 -8.51218 -9.4688 -8.03031 -8.27385 
9.02883 -8.69197 -8.03737 -9.01565 -8.56368 -9.67652 -8.21913 -8.60345 -8.10497 -9.3338 -8.56143 -8.93332 
8.57444 -8.84718 -8.62247 -9.45606 -8.73035 -8.01485 -9.12892 -9.53744 -9.11774 -9.45575 -8.43458 -7.9326 
9.0251 -8.80193 -9.25758 -9.58686 -7.99285 -8.95666 -8.33991 -9.06253 -8.59488 -8.74468 -9.85518 -7.6488 
9.1943 -8.65286 -8.6926 -9.63406 -7.99501 -9.08793 -7.93082 -9.41609 -7.85616 -8.3099 -9.27655 -8.30324 
8.86688 -8.82268 -9.10284 -10.2113 -7.27688 -8.85099 -8.82987 -8.77962 -9.24616 -7.80305 -9.48476 -8.44785 
8.88098 -8.80669 -8.35299 -9.3373 -8.00105 -9.10032 -8.51078 -7.75711 -9.23076 -9.06878 -9.95666 -8.65719 
8.89696 -9.10398 -8.742 -8.67983 -8.70001 -9.98467 -9.42233 -9.03348 -8.78384 -7.80912 -10.7147 -9.15332 
9.21897 -8.58233 -8.5896 -8.97019 -7.62832 -9.34021 -8.36462 -8.35694 -10.0961 -9.41301 -6.43452 -8.17727 
8.91561 -8.42187 -8.95783 -8.762 -7.92596 -10.3285 -8.26779 -8.88721 -7.94691 -7.87504 -6.89496 -8.43352 
8.83236 -8.64503 -7.93151 -8.48106 -8.14009 -9.64127 -9.14381 -8.4694 -9.02697 -8.29449 -8.94199 -8.49194 
9.01743 -9.01333 -8.99366 -9.2297 -7.67183 -8.64879 -9.4136 -9.71087 -9.48227 -8.7101 -9.51377 -8.69008 
9.22943 -8.92771 -8.18881 -7.81702 -7.97595 -8.42008 -9.59394 -9.10395 -8.10044 -9.74771 -10.4135 -9.81839 
9.31426 -8.69474 -8.91389 -7.4877 -9.62857 -7.92858 -8.46047 -8.8042 -8.66943 -8.46436 -9.6027 -8.97252 
8.9897 -8.15945 -8.54521 -8.19272 -7.32467 -7.86819 -9.62186 -7.56773 -7.44585 -7.90895 -8.0786 -9.49109 
8.7445 -8.47877 -7.46727 -9.23221 -7.68689 -8.24148 -8.72015 -8.47074 -8.15577 -9.34617 -8.9454 -8.58684 
8.57772 -8.78098 -8.05976 -9.96176 -8.32211 -9.27567 -8.47264 -8.12396 -8.29704 -9.07698 -9.00476 -9.29473 
8.99147 -8.81057 -8.17452 -9.17507 -9.67819 -8.85699 -8.75168 -9.66628 -7.18037 -8.25253 -9.76186 -8.60824 
8.76179 -8.68762 -9.29152 -8.91736 -9.15413 -7.77875 -9.46013 -8.74834 -8.44805 -9.0472 -7.32001 -8.43156 
8.87486 -8.64481 -8.05489 -9.03234 -9.32972 -8.7005 -7.97008 -7.91917 -8.84529 -8.48839 -9.83455 -8.61942 
9.15247 -8.38444 -8.52961 -8.24154 -8.71088 -8.12783 -7.76074 -7.59485 -7.32812 -8.09754 -10.3364 -9.04623 
9.06248 -8.80256 -10.3356 -8.44825 -9.331 -8.40524 -8.91893 -8.7027 -8.24796 -7.62961 -9.53043 -8.70263 
9.05266 -8.64753 -9.08447 -9.35275 -9.02508 -7.54904 -7.92768 -10.0588 -8.28145 -7.95311 -8.61911 -8.92116 
8.64009 -8.44754 -8.46046 -9.00242 -8.66295 -8.70985 -7.23234 -9.61654 -8.46596 -7.20489 -8.35881 -8.79232 
8.72735 -8.52804 -9.31975 -7.86544 -8.51139 -8.85015 -7.76692 -9.75832 -8.10839 -7.20037 -9.07399 -8.69493 
9.11386 -8.36375 -8.44675 -8.61072 -7.0313 -8.24307 -8.70844 -9.06157 -9.18299 -8.36301 -8.57539 -7.45592 
9.13487 -8.91606 -8.8977 -8.694 -8.27079 -9.59386 -9.5485 -10.6908 -7.82955 -9.20495 -8.05579 -8.3134 
8.93211 -8.58899 -8.05194 -7.65318 -8.3395 -9.18121 -8.78975 -9.5595 -8.14964 -9.62831 -7.78465 -9.00007 
8.81499 -8.4214 -8.09056 -9.91373 -8.63476 -7.66469 -9.74423 -8.44189 -6.41599 -7.59924 -8.81879 -8.59957 
9.46462 -8.70065 -8.00754 -7.29357 -10.5905 -7.43978 -10.2492 -8.6131 -8.76314 -8.04882 -8.89386 -9.21282 
8.89273 -8.13639 -7.99115 -8.01662 -8.20621 -7.51159 -7.39112 -7.25627 -8.80673 -8.27546 -8.99548 -9.16853 
8.54618 -8.68098 -8.39105 -8.06812 -8.35629 -8.65418 -8.5396 -7.71028 -8.84184 -9.79979 -9.628 -8.60043 
8.66862 -8.84443 -9.02353 -10.0492 -8.25782 -7.59269 -8.83241 -7.97302 -8.90099 -9.63412 -8.83257 -9.05483 
9.00822 -8.7195 -8.6056 -9.79841 -8.30714 -8.63947 -8.25338 -8.3416 -9.37236 -9.42479 -8.87861 -7.53497 
8.64135 -8.65238 -8.35064 -7.78459 -9.6107 -9.23215 -8.40558 -9.35754 -8.48678 -7.84594 -8.50924 -8.81314 
