1777
0.00829615 1733
0.00282777 26395
0.000250063 30367
0.0197872 91076
0.00219921 95858
0.00657881 2316
0.000617746 6165
0.000250063 36565
0.0378548 31178
0.00240196 10010
0.000625391 97899
0.00793751 98853
0.0154589 84692
0.00050025 74896
0.0103726 43398
0.000125016 62023
0.0173517 59215
0.00178179 61572
0.000125016 18425
0.0237073 91527
0.0620332 73556
0.0153691 75904
0.0112502 52143
0.0757314 66845
0.000559122 31280
0.000125016 45412
0.0182688 58154
0.00378312 31076
0.00673689 764
0.0191407 72205
0.418208 15004
0.0116465 69887
0.0449283 37892
0.0157339 16781
0.000764517 31719
0.000679303 35538
0.00050025 56381
0.00794886 14930
0.0197028 67899
0.0102512 88931
0.000375141 30441
0.000208725 74409
0.00879682 35588
0.000250063 66292
0.0554002 19888
0.000125016 51382
0.00112853 81628
0.00166657 72185
0.0181787 59647
0.000135567 50856
0.00749285 6609
0.000375141 46225
0.000146495 16758
0.00394552 12523
0.000125016 59276
0.0171576 8100
0.00592044 14845
0.000750563 7756
0.00128797 68897
0.00150225 17349
0.001001 59042
0.000125016 32409
0.0351047 51868
0.531995 5007
0.759914 54950
0.00469432 40484
0.0405683 43516
0.00100226 89256
0.000750563 69064
0.00125156 46290
0.00537087 50751
0.00580038 34555
0.0187319 60482
0.000375141 40907
0.0199914 9058
0.0167317 97744
0.00527771 46327
0.00042884 78856
0.000375102 35016
0.000125016 96734
0.000625391 38841
0.000223227 81766
0.000894422 66840
0.000375141 1963
0.00150225 31998
0.00706129 3649
0.00395856 5258
0.000258934 27303
0.000525016 54
0.00141291 60439
0.000250063 18991
0.000250063 68558
0.00107944 34691
0.000125016 83663
0.00520111 68840
0.00263191 82570
0.0226346 27764
0.000792384 88921
0.000125063 52230
0.0138467 42436
0.0341252 11824
0.0325777 34899
0.0047463 32715
0.001001 40137
0.000125016 64650
0.0169778 16974
0.000136881 39058
0.000125016 54800
0.000250063 35677
0.0074432 91693
2.60471e-07 49036
0.00263191 41542
0.000125016 27800
0.002553 57957
0.00452034 674
0.030089 63862
0.00050025 31498
0.00212953 34363
0.000375141 3118
0.000865219 32494
8.10127e-05 86435
0.000625391 57827
0.000250063 84098
0.00730295 15228
0.000375141 7920
0.00409861 43638
0.00265329 67502
0.000125016 31464
1.07895e-06 37268
0.000125016 25367
0.0177528 59941
0.0221583 23153
0.000105553 94318
0.00453518 15615
0.00817705 47463
0.000250063 35809
0.00782211 6399
0.000427877 58444
0.0120289 25127
0.0189982 23759
0.015627 24146
0.0215219 70997
0.00137689 17198
0.000750563 90157
6.36341e-06 29475
0.00200401 19772
0.00050025 72008
0.000519072 12170
0.00325334 78786
0.00123047 70759
0.00050025 17455
0.0422778 46178
0.00212953 28980
0.03631 80139
0.0157274 61191
0.000375141 69869
0.00112627 59583
0.0117937 47168
0.0363022 60616
0.00812175 6575
0.00565682 3091
0.00114199 42562
0.0149708 77504
0.000250063 38801
0.00288379 13577
8.3635e-05 28842
0.035027 23310
0.0221285 30070
0.0017097 66604
0.00582357 55476
0.0359462 52491
0.000160855 93560
0.000875766 66048
0.00502513 57560
0.0102397 45882
0.000375141 96568
0.000118727 82382
0.000375141 69649
0.00376412 65158
0.0323918 84790
0.000523449 82293
0.000125016 49497
0.00338643 69503
0.000125016 83213
0.00050025 22811
0.00561039 62262
0.0030637 33940
0.0444039 39846
0.00972969 50279
0.00517248 9323
0.000125016 48955
0.0032606 1859
0.00212953 33892
0.0031348 82825
0.0232544 8837
0.0174107 1846
0.000375141 8257
0.0155844 20120
0.00137689 9377
0.00300903 79199
0.00203008 74547
0.000125016 29807
0.00175307 98117
0.00273979 71853
0.00050025 71220
0.0167418 84401
7.26007e-05 89188
0.000333584 88240
0.000125016 60153
0.00642359 20101
0.00426814 59822
0.001001 1707
0.0151027 68605
0.0321264 80958
0.00141098 85134
0.00187852 7562
0.000125016 49722
9.62976e-05 61942
0.001001 69164
0.0357139 57092
0.00896572 61087
0.0230751 79995
0.00050025 35722
0.014198 36085
0.0196856 80779
0.00148112 79461
0.00050025 10005
0.000102634 32766
0.001001 44582
0.00922024 50744
0.00618132 34944
0.000875766 20475
0.0012889 4321
0.000375141 18756
0.000125016 55318
0.00414614 40897
0.00189849 99451
0.000375141 93170
0.001001 36661
1.17487e-05 56556
0.0165184 76605
0.0220103 84389
6.52658e-05 39584
0.00108062 81715
0.000375141 86623
0.00050025 6611
0.0173327 83244
0.000250063 88192
0.000239114 45293
0.0271008 71340
0.00050025 96274
0.000405482 51305
0.00026834 11439
0.000125016 86895
0.00706947 85312
0.00240903 42685
0.000544786 99969
0.00112627 66114
0.0187765 4219
0.00598547 28089
0.011378 14352
0.0126582 17568
0.00732399 22093
0.00295973 73252
0.000780114 83781
0.00107067 87166
0.0186091 66242
0.00238065 60616
0.00923678 35804
0.00187852 95058
0.00670695 28501
0.0132996 8541
0.00264933 39962
0.00820092 8744
0.00487256 2007
0.00174373 25529
0.0337947 10509
0.000125016 36111
0.000859566 97742
0.0176029 24628
0.00262844 56263
0.0265772 29364
0.000125016 24583
0.037667 49793
0.00300992 32974
0.0178492 50418
0.00511676 77895
0.00389007 39817
0.00162764 33448
0.000988363 70187
0.000375141 73466
0.0139142 51209
0.00346194 74151
0.0187569 51776
0.0249001 77429
0.0130236 3184
0.00187852 21401
0.000125016 93715
0.0266826 77935
0.0122893 73233
0.000250063 61731
0.0278874 48568
0.00962162 16676
0.00788891 90523
0.000125016 53586
0.000375141 5672
0.000125016 19671
0.01613 87326
0.00611112 89372
0.000875766 73798
9.55739e-07 92682
0.00074409 96206
0.00608211 43042
0.000250063 54152
0.0300082 9368
0.0493831 10054
0.0092597 49187
0.00344722 67426
0.00233451 34604
0.0064159 26801
0.0102662 88467
0.000125016 22171
0.00622164 99656
0.423486 54977
0.0203192 1122
0.000506329 47014
0.0201635 76583
0.0307744 1111
0.00137689 66206
0.0117346 19635
0.001001 92037
0.00411447 52197
0.000250063 36141
0.00125156 98104
0.00919837 33631
0.000125016 88381
0.0134397 18167
0.000375141 32897
0.00585897 97989
0.000250063 74666
0.00524521 36647
0.00479622 60923
0.00200401 85378
0.000894422 85507
0.019237 50593
0.00645772 5408
0.00050025 62180
0.0148845 27304
0.000925545 67420
0.000750563 62890
0.00402444 17759
0.000138249 54021
0.00200401 72110
0.0064159 75791
0.00337627 97903
0.0125641 92709
0.00681084 21824
0.00934755 12036
0.00212953 97254
2.50156e-05 37822
0.00851252 79745
0.00833003 65282
0.016429 24172
0.000125016 92208
5.43407e-05 81813
0.000125016 22261
0.00212953 58155
0.0403298 82347
0.000102335 66209
0.0170324 32284
0.00363819 25081
0.000750563 70828
0.00187852 43987
0.0014377 58041
0.0323261 32343
0.000125016 13102
0.000625391 65193
0.272912 5008
0.00883851 72327
0.000333584 62656
0.00275758 38995
0.00636102 67779
0.0281388 47
0.00109998 18835
2.36317e-06 28710
0.00238065 29682
0.00125156 57382
0.000250063 57090
0.0187543 39831
0.00962487 60013
0.000125016 76656
0.00794411 64343
0.00842884 7169
0.0272929 86924
0.00678581 16812
0.00822024 93716
0.00747244 12624
0.0131525 92425
0.00050025 26542
2.84351e-05 84981
0.00755668 22929
0.00826902 299
0.0334731 89556
0.0100001 34949
0.0031348 14389
0.00404586 73089
0.000125016 22919
0.00190584 9817
0.000750563 21774
0.00044682 47546
0.0240485 86506
0.001001 4272
0.00869441 60922
0.00873817 70768
0.0547935 51948
0.00571165 2036
0.000125016 59722
0.00224758 66260
0.000125016 97479
0.00150225 43179
0.00742979 43982
0.000554547 60885
0.00300903 83053
0.0148734 35396
0.000375141 738
0.000750563 90241
0.013467 93139
0.00199463 96605
0.00200401 69219
0.0110536 62688
0.286769 94994
0.0175528 41518
0.000750563 87957
0.000250063 69733
0.0449088 85628
0.000250063 34746
0.00137689 14334
0.0267766 84985
0.00187852 58091
0.027023 58564
0.00050025 54276
0.00353267 74496
0.000375141 10311
0.0293398 35583
0.00162764 38773
0.0104334 30523
0.00227899 65570
0.00136418 74489
0.000625391 80888
0.000250063 95042
0.00642829 17475
0.00427426 89284
0.000125016 3932
0.00406381 39199
0.000250063 47533
0.0231101 63248
0.006118 87529
0.000375141 64587
0.000875766 30959
0.0160351 29918
0.00050025 39409
0.00125156 13166
0.00137689 51185
0.00916854 92807
0.000125016 4588
0.000847701 77909
0.000275246 28512
0.000137594 63736
0.00250627 28606
0.00112627 20475
0.000250063 93972
0.0171084 44825
0.000125016 19427
0.0179003 50700
0.000875766 34361
0.00374654 52380
0.00252842 73800
0.00588756 77689
0.0284565 37639
0.000125016 37769
0.00250627 96152
0.000250063 61958
0.00813193 23593
0.0293005 22086
0.000199042 26777
0.00414209 56248
0.00898908 88258
0.00200401 3232
0.000125016 23648
0.0028087 64395
0.000250063 39853
0.000125016 67205
0.0354441 86360
0.00187852 71683
0.01467 65549
0.00162764 66212
0.0345676 89318
0.0111335 87343
0.000312731 67729
0.00361408 82140
0.000921722 53389
0.00178698 53993
5.9176e-05 36136
0.000125016 14939
0.000125016 62138
0.000125016 87780
0.000625391 18628
0.00242813 32382
0.0111867 59858
0.0259696 7238
0.00543532 70894
0.00265426 81800
0.000125016 66562
0.000723774 24498
0.00613786 14842
0.00654253 11855
0.000679358 4104
0.000250063 48356
0.000250063 4414
0.0744004 15152
0.000250063 26131
0.000125016 26965
0.000125016 23508
0.00536958 46554
0.00294494 75124
1.19584e-06 19286
0.000250063 47691
0.00050025 40191
0.00516517 26290
0.0101121 39130
0.016002 16188
0.00424746 4907
0.00301544 31038
0.00135781 61472
0.00455638 5983
0.000375141 32594
0.000125016 44823
0.0040945 82419
0.00212953 90854
1.13318e-05 47248
0.000625391 11678
0.000699675 13273
0.000375141 80550
0.0025189 55252
0.000125016 8255
0.00553042 68028
0.00785889 19570
0.000750563 93355
0.000250063 20712
0.0105153 71815
0.013585 94048
0.0052968 20276
4.35555e-05 61264
0.000489193 99203
0.000750563 11767
0.000125016 27955
0.0308316 58084
0.0173833 76888
0.000965251 77945
0.00831863 30500
0.00311973 48402
6.08606e-05 34873
0.000125016 75296
0.000599545 76508
0.000495816 5481
0.00627678 10804
0.00338643 68347
0.0167238 42165
0.0703641 76493
0.000484063 26126
0.0254234 25714
0.000375141 24631
0.000250063 32734
0.000125016 77086
0.000599118 20898
0.0263775 57439
0.00123133 57911
0.000250063 35681
0.00415021 28163
0.024358 72498
0.00781053 23639
0.000375141 38417
4.51411e-05 23629
0.000125016 12165
0.000375141 4531
0.00191939 78187
0.243969 44980
0.000375141 40067
0.000268558 53215
0.000250063 97753
0.00666918 96263
0.0426285 26138
2.5384e-05 46798
0.00401606 65817
0.00250627 38023
0.000125016 25393
0.00250627 54536
0.00917849 73930
0.000375141 43005
0.00112627 58415
0.000375141 90534
0.00175019 79957
0.000487386 83532
0.0171849 18702
0.000966386 92452
0.00489888 7114
0.00442349 76686
0.00468429 34773
0.00818662 17428
0.043996 15314
0.00212953 98563
0.000125016 89631
0.00340432 75812
0.025105 5502
0.0131895 34856
0.00162111 35878
0.00758235 6857
0.000529978 77651
0.134114 23411
1.13793e-05 54965
0.00707132 32198
0.000125016 76923
0.00050025 49875
0.00801848 78441
0.0844945 59235
0.00390401 83308
0.00164541 89881
0.00130127 93278
0.000615358 25725
0.00378077 41820
0.00993142 93584
0.00173664 84897
0.00370218 77392
0.000998966 48044
0.000375141 45947
0.000125016 30246
0.00224614 88432
0.000375141 14499
0.001001 9943
0.000625391 21188
0.000125016 73866
0.00730295 97390
0.0199861 75342
1.05486e-06 80488
0.000875766 36783
3.09132e-05 77337
0.000722134 36884
0.0129659 50757
2.5002e-07 23078
0.0222118 7314
0.001001 44706
0.000125016 3780
0.0222576 41851
0.0147001 83938
0.00101023 28480
0.000250063 47268
0.00363819 95211
0.00860809 18603
0.000375141 21274
0.0232082 95341
0.0257719 22270
0.000250063 39204
0.0162723 79317
0.0199483 46730
2.17848e-06 78398
0.00227899 18434
0.0155764 29947
0.00050025 7681
0.0021198 96985
0.009846 85008
0.000375141 62223
0.0110139 45501
0.000250063 85308
0.00415774 95276
0.00175307 47995
0.00459853 71311
0.000783278 62247
0.00805775 601
0.00101103 36367
0.015813 36193
2.5704e-05 96729
0.000250063 68288
0.000125016 5579
0.00288329 1616
0.0085842 86997
0.000125016 93364
0.00526444 75899
0.000375141 41067
0.000125016 69672
0.000606224 94584
0.0154831 56612
0.00050025 65423
0.00150905 43068
0.100793 62433
0.0124492 24166
0.0321556 83625
0.0252984 43159
0.00037012 64369
0.000301715 70713
0.000750563 50186
0.000250063 8199
0.000474787 8323
0.00352974 12874
0.0312674 33326
0.001001 20077
0.00644354 34099
0.0167875 86892
0.00339865 64196
0.00439422 90676
0.0140407 41993
0.00203008 53154
0.00104323 12813
0.0076256 21519
0.00389007 90617
0.075759 65188
0.00419182 24621
0.00502513 91506
0.00141098 26726
0.000408712 98919
0.00378932 34651
0.000250063 46126
0.00385016 75313
0.00389007 60512
0.00768854 60285
0.00050025 59529
0.00848648 68637
0.00718801 97070
0.000362264 61511
0.000125016 42634
0.000125016 9891
0.00824904 39857
0.0255457 58823
0.00561448 72914
0.00112627 82022
0.0115489 83156
0.00111771 14601
0.000250063 8891
0.000125016 83740
0.0340276 53861
0.000125016 96955
0.0228612 50926
0.00480475 52055
7.13109e-06 61689
0.00125156 99323
0.00780118 71074
0.000152728 80816
0.000250063 87921
0.00359063 24334
0.00227602 95418
0.0134504 14647
0.00107764 31271
0.000585816 96577
0.00123478 77656
0.0134896 62851
0.00969601 35580
0.014416 62244
0.00288329 75799
0.0112736 55940
0.0114781 53591
0.0116777 26585
0.0539874 97317
0.000625391 29984
0.00288329 29568
0.00050025 77867
0.00986652 47088
0.00050025 84458
0.000183263 69219
0.000125016 59564
0.000125016 66792
0.0179047 61818
0.000375141 98238
0.00943186 44539
0.00288329 1059
0.0173177 81743
0.000125016 21327
0.0250098 37968
0.00122081 95785
0.00050025 82053
0.0228871 82650
0.00748494 65516
0.00103337 80170
0.00241612 98799
0.0016694 55701
0.00112627 78208
0.000125016 19482
0.00336684 81287
0.00150225 18596
0.000215218 21908
0.000797504 10707
0.000750563 221
0.000125016 23151
0.00435358 32958
0.000610912 59367
0.00351229 53166
0.0207568 60409
0.00815574 4116
0.0667287 78497
0.0368486 13441
0.000471921 11461
0.000375141 21624
0.00617563 75783
0.000125016 29598
0.0173705 39965
0.00731475 40424
0.000375141 71239
0.0147768 92622
0.0351308 91089
0.00731475 23980
0.00921735 98103
0.000125016 82989
0.00690577 1815
0.00151871 79716
0.0460797 3367
0.000125016 86312
0.0145677 61211
0.00489888 9075
0.00390638 80697
0.0281215 35192
0.0160335 90188
0.0112848 31205
0.0541407 75769
0.00647034 3068
0.0212635 88447
0.000750563 1181
0.00137689 67057
0.00258553 42955
0.000750563 15073
0.00163181 4227
0.00238518 95030
0.0162723 87469
0.000306751 58796
0.000375141 24375
0.00228497 66265
0.000125016 11834
0.000250063 31219
0.00050025 57577
0.00128797 70410
0.00376412 81415
0.000341371 95913
0.00118266 87634
0.000125016 90290
0.0339185 97199
0.0141988 65337
0.000375141 77060
0.00194518 31983
0.00201302 72620
0.0190974 74245
0.00805479 71818
0.000375141 59280
0.000750563 37498
0.00484201 6805
0.01249 6530
0.000750563 92240
0.0064699 30656
0.0859388 97491
0.00112627 32747
0.00732776 51178
0.000750497 23555
0.0128705 27501
0.0297987 77287
0.0021441 59985
0.000375141 20876
0.0105741 80803
0.00250627 52529
0.00523992 5581
0.00667829 14397
0.000625391 6325
1.32871e-07 26141
0.00674907 32519
0.00546435 19043
0.000863181 67524
0.00882724 58125
0.00666918 68823
0.00137689 92763
0.000375141 79211
0.000125016 47045
0.00348603 73431
0.0116074 35686
0.000250063 21913
0.000375141 57565
0.00200401 4920
0.00268795 31115
0.00250627 56792
0.00137309 16088
0.0333247 84575
0.000875766 46432
0.000125016 55008
0.0205004 97904
0.00225507 13384
0.0219361 17506
0.0257639 13904
0.00137689 42499
0.00240161 15666
0.000375141 14215
0.00175307 71333
0.00681783 77974
0.000250063 13513
0.000125016 42484
0.0209908 80861
0.0113502 31020
0.000625391 9651
0.0831876 39781
0.0076845 35547
0.0263413 66236
0.0108993 39591
0.000250063 1505
0.0048078 1576
0.000125016 11975
0.000125016 61634
0.000125016 50504
0.0298564 96107
0.000939825 5981
0.000250063 60916
0.000250063 70012
0.047498 90314
0.0108869 10800
0.000125016 18342
0.00376412 10953
0.00607542 10554
0.00818336 93029
0.0208439 13635
0.000250063 44171
0.017542 50464
0.000375141 72483
0.00104323 63145
0.015358 581
0.000750563 22782
0.000125016 320
0.00552775 4260
0.0241547 37957
0.0555278 80883
0.00119773 85521
0.00611142 38971
0.00263191 68038
0.000184215 8090
0.0211079 83105
0.00050025 60034
0.00150225 37467
0.000125016 31473
0.0437724 80513
0.0493061 60458
0.0583583 42888
0.0151781 85067
0.00397381 13779
0.000125412 5554
0.0117911 85646
0.000333687 66323
0.0254775 51747
0.00427838 68643
0.008076 18174
0.000125016 53814
0.000125016 31694
0.00902283 91465
0.000125016 73979
0.000125016 56827
0.010552 64424
0.0199213 46723
0.00381813 95932
0.0529813 96132
0.0126618 20138
0.000103939 16163
0.0289138 49766
0.00225507 19210
0.000250063 79639
0.0138864 12023
0.00301084 9331
0.00182836 85428
0.0043203 38629
0.00771657 15114
0.00772058 64350
0.00401606 31867
0.00125156 81460
0.0296791 32016
7.11626e-06 62722
0.001001 38642
0.000563063 2476
0.0172557 82069
0.00112627 19182
0.00288329 61527
0.00252723 84583
0.0108982 95924
0.000125016 6403
0.00401606 33213
0.00190584 45512
0.00050025 91396
0.0137645 29755
0.00212953 33539
0.000125016 39016
0.0203379 18535
0.000250063 68604
0.0157754 52469
0.000375141 61114
0.000125016 62476
0.0156061 72650
0.00806452 96446
0.0101237 2148
0.00401606 8921
0.00338643 55299
0.00050025 54317
0.0242127 29618
1.56878e-05 1590
0.00113317 93617
0.000308696 83400
0.0171964 34974
0.00150225 77148
0.0310247 80667
0.000136261 54629
0.00363819 4280
0.00113252 41821
0.000750563 95864
0.0193684 82356
0.0125806 36578
0.00718375 58923
0.0123056 45661
0.0676797 82443
1.74863e-05 97024
0.00883851 2689
0.0124983 7691
0.0206651 95718
0.00455822 34037
0.00205446 36316
0.00633895 52645
0.00654003 61787
0.000125016 44476
0.0176641 16655
0.00589054 49816
0.0101131 73995
0.00050226 27651
0.000125016 20571
0.00352974 28751
0.000625391 22856
0.0126733 63779
0.00452034 72161
0.00254664 84277
0.0059206 20110
0.00794904 19646
0.055841 99080
0.000875766 1941
0.000125016 10964
0.00500335 14107
0.001001 45026
0.000250063 91981
0.00833003 32126
0.0196216 92652
0.00821886 50365
0.00150225 78464
0.0613098 89388
0.000125016 65629
0.00237723 47344
0.0232981 52896
0.00330742 77966
0.0721472 58833
0.000875766 44030
0.000125016 89320
0.000681322 34573
0.0122692 1087
0.00887035 29081
0.00175307 40402
0.00175307 74625
0.000142037 76226
0.00219642 1066
8.46648e-05 57643
0.000135912 34991
0.00898908 7323
0.0558652 34133
0.00125156 54662
0.000596763 56102
0.000250063 64929
0.000875766 31090
0.018555 67862
0.000125016 57235
0.000702194 75622
0.00521139 32232
0.0279446 79253
0.000750563 26530
0.000125016 36886
0.00431528 16283
0.00873505 27114
0.0318131 76251
0.0114842 20992
0.000750563 25542
0.000125016 37172
0.00104325 56219
0.000125016 61665
0.00559467 82233
0.0289921 80754
0.000745145 43528
0.00087734 87344
5.90769e-05 14170
0.00414209 34778
0.000125016 52747
0.0336098 57721
2.1368e-05 90674
0.000125016 80959
0.000250063 13314
0.0228549 45629
0.00250627 47585
0.00607764 5
0.000875766 22965
0.001001 11855
0.00937044 36696
0.0150037 70848
0.000445447 9593
0.0202546 54631
0.0109662 48234
0.000375141 6350
0.000875766 88460
0.000375141 80896
0.00164568 42764
0.0299692 31599
0.0143796 84635
0.000250063 65134
6.835e-05 42477
0.00562211 27025
2.70599e-06 34878
0.000375141 51933
0.000891601 33864
0.000375141 93876
0.0057005 84241
0.00175307 66344
0.0212481 70086
0.00452034 72365
0.00548441 28341
0.0109376 61196
0.00187852 56828
0.000125016 42656
0.00050025 65918
0.000125016 65176
0.0327234 25111
0.00704935 7438
0.000250063 1847
0.000864967 61908
0.0062276 49466
0.000207154 6674
0.0412251 36152
0.0935782 99752
0.00203008 70784
0.000750563 82485
0.000625391 21488
0.0393472 69782
0.00343501 95549
0.000625391 6237
0.00273362 44070
0.000125016 96219
0.0192129 58703
0.00907095 69065
0.0349725 58432
0.0031348 21726
0.00489888 13514
0.00415414 77200
0.000250063 81024
0.0273585 90299
0.00338643 63067
0.001001 53402
0.0014979 65991
0.023441 89610
0.00071725 85130
0.000125016 33991
0.0151011 51890
0.0179651 72020
0.000542147 84556
0.000125016 27148
0.00327723 76820
0.001001 40936
0.00425955 91814
0.000345584 25145
0.0106225 78014
0.000125016 31743
0.000250063 63268
0.000222242 92690
0.00125156 54796
0.0296563 31384
0.00464649 87625
0.0046784 71235
0.00569602 49180
0.00278712 64735
0.00777217 46360
0.0173764 80293
0.00112627 33031
0.0195305 3721
0.000375141 68832
0.000625391 99998
0.00339989 6592
0.00959112 30329
0.00137689 63432
0.0121359 78008
0.000125016 31376
0.010558 90265
0.000250063 25814
0.000125016 77965
0.00435839 32330
0.000750563 47833
0.000428181 69789
0.00377816 41046
0.03483 88612
0.0232247 75110
0.0434468 8471
0.000125016 11472
0.00631648 58464
0.000375141 17504
0.017217 78511
0.00372026 8735
0.00426666 72098
0.00376412 94646
0.000375141 28698
0.00502513 55669
0.0255288 63775
0.00279092 10777
0.000375141 43100
6.2555e-05 33730
0.0027173 62812
0.003754 50684
0.00150225 40434
0.0315391 94715
0.00109923 43869
0.000125016 64058
0.00175307 74513
0.0253319 18448
0.0204689 67314
0.00178179 82737
0.0319322 91919
0.0152851 12164
0.014616 14834
0.000563063 92054
0.000125016 79297
0.000625391 77716
0.00050025 95408
0.0051514 6563
0.000125016 17911
0.00452318 14171
0.0113502 49263
0.00801009 48991
0.0216145 39204
0.00177104 72154
0.0684073 14839
0.00949664 90573
0.000125016 43407
0.000125016 49563
0.000375141 61058
0.000125016 26227
0.00162764 88452
0.000625391 25054
0.0101843 56408
0.0101121 58358
0.000375141 87027
9.16237e-06 77807
0.000297185 5819
0.001001 49350
0.0100068 92281
0.000125016 50708
0.00819156 28227
0.000125016 25542
0.000125016 72460
0.00710083 68490
0.000125016 96394
0.000750563 34002
0.000989364 76727
0.00137689 9153
0.0145284 68864
0.00628931 43109
0.000625391 55558
0.0226708 64978
0.0064159 72927
0.00363819 42362
4.08132e-05 79952
0.000250063 24531
0.00435712 50550
0.0107071 5553
0.000125016 35730
0.00363819 35535
0.0557318 31364
0.000625391 30291
0.0043966 96226
0.0010598 39350
0.022377 71907
0.00150722 45557
0.000750563 6274
0.00747535 11118
0.000125016 84004
0.000782006 7068
0.00263191 69303
0.0106084 99371
0.0042416 36156
0.000314609 74768
0.0392177 13226
0.0169695 76755
0.00469859 74006
0.0145567 24301
0.00143251 2915
0.00232554 61111
0.000250063 58737
0.00569716 65363
0.000487386 83532
0.00831863 45982
0.00895447 83629
0.000250063 56575
0.00290883 20244
5.93515e-05 35143
0.000125016 13357
0.0110995 80994
0.000828536 5992
0.00828421 49878
0.00895447 18222
0.000423012 22834
0.0508338 96195
0.0266948 81266
0.00137689 88452
0.0649132 33871
0.0237876 91973
0.000250063 80656
0.000707544 80063
0.0209672 74869
0.00050025 14121
0.000750563 59414
0.00246967 32651
0.00792988 20789
0.000451371 9006
0.0218573 41824
0.00946372 9969
0.00415774 68455
0.010086 45310
0.00817207 20960
0.00238065 14085
0.000175769 32372
0.00588303 20001
0.00656512 60299
0.000125016 1281
0.0386363 49590
0.0216477 82522
0.000375141 82565
0.000125016 76714
0.000125016 50527
0.000443604 95766
0.00513695 79538
0.00246502 21187
0.00248202 49452
0.106318 13181
0.00988096 92767
0.00780947 72888
0.00125156 54350
0.0118268 86312
0.0194067 22152
0.00363819 72701
0.0313236 90147
0.001001 1125
0.00125156 59380
0.0125075 71530
0.0160928 59352
0.0409942 35788
0.000250063 66712
0.000625391 14660
0.00789999 32364
0.00111975 50957
0.000884276 4381
0.0922963 3358
0.0106541 19835
0.00015004 14792
0.00755668 17220
0.0237086 77476
0.00190057 86305
0.0143596 48479
0.00161001 3617
0.000718101 68878
0.00200401 8242
0.0209513 35086
0.00143756 90439
0.000250063 68075
0.00302846 10338
0.00683523 54640
0.00250627 99154
7.647e-05 59496
0.00050025 15674
0.000137457 28057
0.000125016 22638
0.0045791 62037
0.000894422 22831
0.000125016 49462
0.00363819 9476
0 95926
0.000750563 99784
0.000125016 512
8.06547e-05 30470
0.0107387 65531
0.000125016 53794
0.000125016 47364
0.00746193 88416
0.00238065 94642
0.032326 17133
2.69802e-06 67786
0.00288329 72300
0.00301335 91075
0.0354774 69535
0.000598077 28276
0.0704361 57969
0.00177406 67076
0.00177385 81860
0.000125016 15534
0.000125016 83266
0.00644621 24026
0.00473665 17908
0.00432308 46345
0.0103673 50565
0.000125016 91735
0.0151173 2163
0.0121556 69882
0.000625391 45171
0.00591205 93891
0.0330939 4342
0.0161732 60797
0.00878629 86244
0.0051514 13709
0.00245302 77095
0.0200436 62816
0.00050025 26075
0.000125016 53277
0.000249754 686
0.000626566 63124
0.016975 86260
0.0334019 88089
0.00758016 92566
0.0191582 32184
0.000403366 36345
0.001001 68960
0.000125016 74723
0.012532 98896
0.00137689 66491
0.00587722 58651
0.0945278 50065
0.00044682 47559
0.0161077 1014
0.000125016 47476
6.42165e-05 26847
0.00162764 46787
1.39045e-05 1834
0.00124097 66191
0.0103481 35704
0.00150225 37730
9.3815e-08 5845
0.00314036 99827
0.00326523 15771
0.00569187 69022
0.00435192 12087
0.000125016 78064
0.0082958 85946
0.00254362 47280
0.00037 30692
0.00723817 93900
0.0185969 87099
0.00050025 61590
0.00050025 10550
0.00132075 36778
0.0264895 88996
0.0155435 15089
0.0387232 5120
5.52295e-05 47815
0.0647597 13215
0.00612694 19350
0.00125156 46962
0.00238178 48113
0.00856088 25558
0.000375141 2893
2.17601e-05 74749
0.0140197 19536
0.00284036 76842
0.007744 10013
0.054782 9462
0.0437825 87004
0.000278625 99148
0.000519919 38334
1.93108e-05 50071
0.021989 44663
0.000160969 70857
0.000750563 64356
0.00245991 93169
3.92717e-05 53531
0.0091833 72298
0.00137689 43532
0.00815354 6905
0.00901077 83766
0.0648725 42558
0.0940976 33521
0.00836562 31357
0.0129352 78963
0.000125016 84972
0.0431692 72927
0.000125016 85029
3.95842e-05 37059
0.0106848 68670
0.0499754 29304
0.0600265 40010
0.0517345 35938
7.51409e-05 73822
0.0188426 97542
0.000375141 25924
0.00349821 9637
0.000569602 70591
0.0100209 53769
0.000100251 44926
0.00369154 88331
0.00411298 94021
0.0241598 74082
0.0364731 64868
0.00173251 54135
1.39045e-05 15254
0.0126619 75432
0.0137563 95569
0.000921126 82808
0.00378077 50561
0.0509056 96846
3.4089e-05 36904
0.0305801 21107
0.019196 53343
0.00792301 12250
0.00463828 35269
0.00112627 15539
0.00413382 17481
0.00340432 89998
0.0319763 84544
0.0721417 90003
0.0484054 33575
0.000375141 62544
0.0230489 85611
5.40076e-05 91497
2.2405e-05 31038
0.000750563 84250
0.00141098 41865
0.0167985 51765
0.00352667 62408
0.0157925 60645
0.00302138 20969
0.0333396 68765
0.021278 75001
0.0131864 6537
0.0571881 67654
0.00125156 53572
0.0190292 97319
0.00266104 96630
0.000104167 87036
0.000722694 12039
0.00212953 27694
0.0168343 87135
0.000452124 22855
0.0364661 5649
0.011093 82732
0.000125016 62934
0.000125016 26686
0.000743952 31973
0.00187852 33750
0.01655 65901
0.043569 41849
0.0103164 29872
0.00275758 14751
0.0111223 82296
0.00288329 90114
0.00290811 27473
0.00654925 46889
0.0201952 57241
0.00461466 68873
0.0171346 63543
0.0492365 8759
0.000544015 91658
0.000125016 28737
0.0039737 19857
0.00282588 96453
0.000596763 81761
0.016839 69740
5.00626e-05 32386
0.00125156 23795
0.0190564 9785
0.000160855 23069
1.77491e-05 43695
0.000625391 77467
0.00332295 37036
0.0216401 64395
0.00179199 11569
0.00150225 32306
0.00222884 2822
0.000125016 70255
0.00588359 18383
0.0250835 64481
0.00134758 41229
0.00283283 84120
0.0204433 88902
0.00233213 73510
0.000124995 29127
0.0059888 43651
0.0227906 8550
0.00929792 27134
0.00212953 89374
0.00123503 29493
0.0237882 49821
0.00390638 89365
0.0487597 92184
0.0138953 75133
0.000393338 61157
0.000125016 32587
0.0165873 58296
0.000241533 85569
0.000866089 41787
0.044874 88025
0.0113906 4288
0.00623684 86106
0.0160485 37800
0.00820226 52938
0.000125016 16015
0.000125016 37702
0.00112627 17469
0.000438275 23452
0.00452034 92648
0.00050025 79550
0.00844044 33069
0.00125156 74171
0.0354599 49399
0.00466108 58669
0.0196856 71491
0.112786 8284
0.00187852 53718
0.00309522 32315
0.00409608 49783
0.00112627 71976
0.0362876 90893
0.000250063 27110
0.000125016 53084
0.000625391 55727
0.0137161 93260
0.000625391 35033
0.000625391 17346
0.00275758 30582
1.01587e-06 37759
0.0156591 53514
0.00301478 22783
0.0117707 19602
0.0171765 12257
0.00180946 63601
0.00212953 20264
0.000875766 51088
0.0073831 39127
0.000250063 78417
0.00984198 44712
0.00303107 25472
0.00050025 80342
0.00338643 18623
0.00787679 94544
0.00590972 66324
0.0113949 32077
0.000250063 58218
0.00137689 43228
0.0209428 39570
0.00620429 72093
0.00125156 19070
0.0138132 85637
0.000125016 43971
0.00215446 49360
0.000921722 8017
0.000375141 50484
0.000375141 13548
0.000125016 95757
0.000625391 42364
0.0070008 18724
0.000625391 13069
0.00175307 98075
0.000125016 43591
0.00050025 31111
0.001001 53220
0.000250063 92566
0.000250063 97929
0.000101181 51827
0.000125016 96309
0.0109164 81084
0.0301008 97691
0.000250063 12473
0.00962487 70781
0.00112627 12694
0.000267072 71624
0.000750563 50173
0.000750563 21018
0.000250063 25877
0.0048212 73462
0.000125016 31661
0.00112627 83256
0.000250063 72499
0.000125016 39770
0.00187852 46320
0.000125016 80981
0.000563063 89127
0.00153432 47027
0.00203008 16036
0.000250063 39768
0.000125016 90657
0.00050025 20636
0.000250063 96704
0.00225507 66028
0.000625391 13174
0.00050025 69809
0.00730295 33067
0.000750563 80027
0.00137689 73808
0.00439422 91634
0.00772058 77058
0.00225507 17138
0.0021213 64676
0.00565682 21842
0.000125016 80488
0.00050025 5551
0.00112627 24032
0.00769522 34510
0.0043797 55245
0.015627 46480
0.001001 59691
0.000125016 70311
0.000875766 81753
0.000875766 44025
0.00153432 45181
0.00187852 33117
0 43204
5.00626e-05 70425
0.000125016 73630
0.00502513 41076
0.00050025 34534
0.00203008 78506
0.000125016 13011
0.000250063 10761
0.00200401 19089
0.000875766 85237
0.00112627 80261
0.00112627 75616
0.000125016 58256
0.000125016 27252
0.00050025 94741
0.000125016 7696
0.000125016 23629
0.00050025 45823
0.000250063 44317
0.000375141 3355
0.00263191 69118
0.000125016 66740
0.000125016 32801
0.000625391 47001
0.000750563 99171
0.00050025 34855
0.000250063 23506
0.000125016 99325
0.000250063 14610
0.000125016 19595
0.00175307 56343
0.000875766 68374
0.000125016 5183
0.000125016 85096
0.000375141 29690
0.000375141 24951
0.000375141 72327
0.000375141 64429
0.000250063 56595
0.000125016 46351
0.000125016 46353
0.000125016 69521
0.000125016 661
0.000125016 60399
0.000250063 87848
0.000125016 86786
0.000125016 59874
0.000125016 68248
0.000125016 86646
0.000125016 97323
0.000125016 11338
0.000125016 25197
0.000125016 44424
0.000125016 34331
0.000125016 64438
0.000125016 99161
0.000125016 61808
0.000125016 3961
0.000125016 62629
0.000125016 81108
0.000250063 65883
0.000125016 72513
0.00050025 86101
