1600 50 40000
6.2851e-05 6.24745e-05 7.80503e-05 0.00313163 0.00312783 0.0033003 0.013914 0.0094099 0.223179
0.00685327 0.00350389 0.163481 0.00272893 0.00272592 0.00285747 0.0103115 0.00992817 0.028691
0.00879249 0.00514314 0.191548 0.00300938 0.00299388 0.00371431 0.0108574 0.0106463 0.0217833
0.00971419 0.00602004 0.196657 0.0027155 0.0027022 0.00329222 0.0108281 0.0106571 0.0193753
0.0112531 0.00729245 0.213887 0.00321836 0.00318578 0.00452542 0.0115701 0.0113555 0.0221441
0.0111273 0.00738215 0.224053 0.0028807 0.00286268 0.00365335 0.0122017 0.0120123 0.0225668
0.0119329 0.00799957 0.220398 0.0030037 0.00298131 0.00392951 0.0118301 0.0116413 0.0218582
0.011835 0.00799812 0.220412 0.00244803 0.00243572 0.00295614 0.0121899 0.012025 0.0208777
0.012297 0.00848907 0.230131 0.00253045 0.00254117 0.0020932 0.0123896 0.0123277 0.0156108
0.0125429 0.00869269 0.200529 0.00261837 0.002612 0.00286749 0.0121409 0.0120145 0.01829
0.012208 0.00833744 0.227668 0.00258657 0.00257426 0.0031088 0.0126591 0.0124628 0.0233457
0.012841 0.00894694 0.223771 0.00283263 0.00282566 0.0030885 0.0126343 0.0124578 0.0210504
0.0125155 0.00884203 0.181582 0.00271165 0.00270369 0.0030161 0.0125813 0.0124535 0.0184089
0.0117528 0.00825472 0.174096 0.00272603 0.0027255 0.00274739 0.0120888 0.0119786 0.0173888
0.0122589 0.00840888 0.19257 0.0027844 0.00278946 0.00257724 0.012557 0.0124337 0.018247
0.012082 0.00820387 0.199744 0.002719 0.00271433 0.00292173 0.0125027 0.012336 0.0204824
0.0111889 0.00754614 0.18443 0.00308533 0.00306407 0.00394449 0.0116568 0.0114735 0.02028
0.011212 0.0076559 0.180501 0.00287409 0.00286354 0.00331463 0.0121128 0.0119911 0.0177017
0.0108761 0.00751399 0.171111 0.00278519 0.00277566 0.00319662 0.011377 0.0111896 0.0210206
0.0108542 0.0074201 0.192262 0.00266336 0.00264873 0.00337379 0.0118853 0.0117486 0.0196503
0.011472 0.00793925 0.188797 0.002895 0.00289175 0.00303787 0.0122283 0.0120543 0.0210215
0.0115856 0.00797798 0.19765 0.00266279 0.00265604 0.00293444 0.0125088 0.0123715 0.0188403
0.0112723 0.00784818 0.175312 0.00277931 0.00278338 0.00261016 0.0123114 0.0120692 0.0241006
0.010881 0.00751859 0.170596 0.00282595 0.00283107 0.00261395 0.0121252 0.0118888 0.0235915
0.0115784 0.00805359 0.19443 0.00269463 0.00269215 0.00279377 0.0125139 0.0123288 0.0213889
0.0114857 0.0080501 0.18584 0.00295323 0.00292493 0.00422693 0.0124511 0.0121715 0.0273111
0.0117327 0.00827774 0.187849 0.00282745 0.00280482 0.0037851 0.012426 0.0121686 0.0253938
0.0117052 0.00831041 0.168241 0.00293735 0.00290799 0.00420779 0.0126852 0.0124382 0.0252633
0.0115353 0.00806144 0.179463 0.00236345 0.00236188 0.00242662 0.0116781 0.0115218 0.0189516
0.0115289 0.00827073 0.16268 0.00269437 0.00269318 0.00274107 0.0121985 0.0120939 0.0172143
0.0116138 0.00825237 0.171818 0.00267763 0.00266502 0.00322248 0.0124954 0.0123641 0.019148
0.0108099 0.00746363 0.188914 0.00280978 0.00280369 0.00307116 0.0116816 0.0115225 0.0202794
0.0111647 0.00795027 0.184422 0.00287935 0.00287052 0.00327155 0.0115362 0.0114397 0.0168934
0.0113728 0.00804707 0.171311 0.00240938 0.00240573 0.00256639 0.012395 0.012224 0.0211659
0.010592 0.00749497 0.181086 0.00308649 0.00306703 0.00392014 0.0120018 0.0118843 0.0179171
0.0111919 0.00802073 0.185356 0.00316442 0.00315252 0.00371639 0.0122627 0.012051 0.0237815
0.0112208 0.00799683 0.18234 0.00267212 0.00265749 0.00335097 0.0121279 0.011946 0.0221
0.0109896 0.00765871 0.185193 0.00304802 0.00304477 0.00318735 0.0121315 0.0119551 0.0215796
0.0106557 0.00759447 0.175429 0.00281113 0.00281024 0.00284897 0.0117134 0.011561 0.0193649
0.0108812 0.00768427 0.180082 0.00289052 0.0028882 0.00299 0.0118584 0.01173 0.0186226
0.0107755 0.0075856 0.193188 0.00267873 0.00266856 0.00313299 0.0119129 0.0117291 0.0229621
0.0107368 0.00746162 0.177224 0.0025339 0.00253092 0.00265837 0.0121655 0.0120126 0.0199571
0.0106025 0.0073754 0.15141 0.00279837 0.00278767 0.00325077 0.0126106 0.0124936 0.018183
0.0110308 0.00764303 0.183645 0.00270689 0.00269591 0.00322164 0.0126407 0.012426 0.0244178
0.0111019 0.00781728 0.182381 0.00317605 0.00315752 0.0039587 0.0122832 0.0120794 0.0230994
0.0106875 0.00750562 0.177127 0.00273648 0.00273494 0.00280413 0.0121399 0.0119591 0.0220921
0.0107949 0.00781339 0.162708 0.00319181 0.0031711 0.00413809 0.01247 0.012346 0.019309
0.0108548 0.00764744 0.169061 0.00249336 0.00248757 0.00273209 0.0126525 0.0124973 0.020171
0.0107744 0.00739464 0.171427 0.00267275 0.00266259 0.00307194 0.0122045 0.0120431 0.0196768
0.0108028 0.00769347 0.165616 0.00269073 0.00268879 0.00277457 0.0121132 0.0119563 0.0202786
0.0104548 0.00732351 0.167311 0.00297062 0.0029553 0.00360025 0.0122095 0.0120871 0.0182103
0.0106245 0.00758486 0.156124 0.00278077 0.00278419 0.00263552 0.0123166 0.0121596 0.0197776
0.0100371 0.00715832 0.144175 0.00276197 0.00274343 0.00355841 0.0115739 0.0113646 0.0212365
0.0100587 0.00705833 0.162033 0.00279795 0.00280806 0.00240402 0.0119198 0.0117161 0.0215441
0.0102016 0.00730934 0.155485 0.00270966 0.0027088 0.00274662 0.0122556 0.01206 0.022218
0.0103428 0.00747717 0.142339 0.00275567 0.00274392 0.00329076 0.0121358 0.0119667 0.0207639
0.0104019 0.00765422 0.137963 0.00261453 0.00261158 0.00274283 0.0121324 0.012 0.0185039
0.0105016 0.00766682 0.138531 0.00274299 0.00274028 0.00285791 0.0116805 0.0115139 0.0204671
0.0101841 0.00724421 0.14332 0.00271826 0.00272157 0.00257312 0.0115955 0.0114659 0.0180998
0.0105808 0.00753265 0.154687 0.00283082 0.00282695 0.00300088 0.0114055 0.0112161 0.0211762
0.0109763 0.00786325 0.179007 0.00255244 0.00254294 0.0029947 0.0119696 0.0117746 0.0224815
0.0114634 0.00815904 0.174356 0.00280555 0.00279659 0.00320157 0.0121493 0.0119854 0.0203779
0.0112038 0.00817336 0.166913 0.00284824 0.00284457 0.00301526 0.0119586 0.0116522 0.0290715
0.0117671 0.00852968 0.184971 0.00259139 0.00258452 0.00291168 0.0123572 0.0121235 0.0252688
0.0115493 0.00824192 0.194811 0.00265413 0.00265205 0.00274332 0.0120672 0.0119283 0.0198121
0.0114876 0.00835057 0.161854 0.00268445 0.00267645 0.00303695 0.0122789 0.0121203 0.0200611
0.0111903 0.00812121 0.168374 0.00307416 0.00306979 0.00326264 0.0115091 0.0112677 0.0237271
0.0109849 0.00784565 0.165162 0.00291025 0.00291095 0.00287936 0.0116679 0.0115053 0.0200058
0.01101 0.00774996 0.162104 0.00293398 0.00292761 0.00321025 0.0121119 0.0119464 0.0201064
0.0115213 0.00800648 0.201052 0.00247645 0.0024643 0.00304545 0.0117849 0.011628 0.0205388
0.0111292 0.00793694 0.178528 0.00273722 0.00271261 0.00384668 0.0116261 0.0115165 0.0177353
0.0114309 0.00821982 0.158801 0.00302616 0.00302387 0.00312413 0.012111 0.0119316 0.0209811
0.0110183 0.00800342 0.15285 0.00273535 0.00272771 0.00308122 0.0119121 0.0117676 0.0191073
0.0110482 0.00795131 0.154151 0.00251809 0.00250576 0.00301161 0.0119909 0.0118054 0.0204125
0.0115241 0.00825752 0.1691 0.00301155 0.00300632 0.00322434 0.0121612 0.0119721 0.0217879
0.0112344 0.00805079 0.157682 0.00276888 0.00275393 0.00335299 0.0123169 0.0121193 0.0217135
0.0112741 0.00794616 0.190981 0.00268144 0.00268937 0.00234123 0.0127045 0.0123848 0.030074
0.0116943 0.00828877 0.162579 0.00293385 0.00293181 0.00301991 0.0128435 0.0125226 0.0287937
0.0118119 0.00840266 0.160999 0.00290327 0.002904 0.00287342 0.0132505 0.0129082 0.0287095
0.0113248 0.00803636 0.161703 0.00288526 0.00287116 0.00341814 0.0130838 0.012798 0.0258745
0.0106426 0.00742268 0.17718 0.00270919 0.00271387 0.00252957 0.0124527 0.0120804 0.0305205
0.0107213 0.00745981 0.161296 0.00282518 0.00281535 0.00323312 0.0128522 0.0123112 0.0377952
0.0104154 0.00726457 0.156009 0.00286723 0.0028394 0.0040143 0.0133396 0.0126639 0.0465059
0.0109851 0.00786837 0.155502 0.00290082 0.00288716 0.00347573 0.0129684 0.0123207 0.0440586
0.0110137 0.00795228 0.159428 0.00284237 0.00282802 0.00342143 0.0131997 0.0125325 0.0446507
0.0109458 0.00773041 0.166473 0.00289577 0.00288001 0.00353429 0.0131295 0.0125175 0.0422759
0.0110773 0.00795862 0.155445 0.00264253 0.00263194 0.003065 0.0135024 0.012735 0.0498759
0.0109418 0.00794213 0.156688 0.00303888 0.00304363 0.00286363 0.0132798 0.0126475 0.0417851
0.0110881 0.00800499 0.159949 0.00297743 0.00296726 0.00339252 0.0130944 0.0124615 0.0420774
0.0108421 0.00784357 0.1615 0.00280026 0.00279389 0.00303985 0.0128738 0.0121694 0.0461387
0.0106167 0.00753074 0.162097 0.0031873 0.0031653 0.00411774 0.012681 0.0120122 0.0454097
0.0111639 0.00811093 0.145494 0.00308492 0.00307082 0.00363246 0.013037 0.012256 0.0480416
0.0107643 0.00763061 0.162179 0.00287939 0.00287607 0.00301867 0.0126022 0.0118211 0.0532386
0.0103616 0.00733583 0.141982 0.00283914 0.00282398 0.00346854 0.012984 0.0122466 0.045444
0.0106072 0.00736121 0.155088 0.00282441 0.00282125 0.00294712 0.0129255 0.0122524 0.0425955
0.0108884 0.007674 0.164425 0.00287221 0.00287335 0.00282986 0.0132161 0.0124215 0.0497205
0.0107405 0.00753062 0.163723 0.00267771 0.00267859 0.00264555 0.013345 0.0127129 0.0409033
0.010611 0.00757674 0.158958 0.00271175 0.00270689 0.00289958 0.0135469 0.0127946 0.0482913
0.0102097 0.00720766 0.145903 0.00299591 0.00298415 0.00346616 0.0128087 0.0121336 0.0437652
0.0106399 0.00753379 0.171732 0.00340515 0.00340647 0.00335671 0.0124741 0.011761 0.0443023
0.0105165 0.00750068 0.150043 0.00275132 0.00273605 0.00339085 0.0126201 0.0118639 0.050125
0.0106446 0.0076364 0.149625 0.00275308 0.00273602 0.00339947 0.0128831 0.0121218 0.0480839
0.0106912 0.00754114 0.158937 0.00299583 0.00297582 0.00382071 0.0129576 0.0122061 0.049031
0.0108569 0.00768881 0.143977 0.00288314 0.00287348 0.00326596 0.0128348 0.0121453 0.0443616
0.0107036 0.00768198 0.138171 0.00307706 0.00306471 0.00362013 0.0128959 0.0122183 0.0447467
0.0110646 0.0078403 0.150622 0.00301207 0.00299556 0.00374291 0.0128645 0.0121815 0.0469542
0.0110417 0.00803463 0.144975 0.00286529 0.00284977 0.00350589 0.0131835 0.0126332 0.0380796
0.0109841 0.00803942 0.143437 0.00272246 0.00272655 0.00257722 0.012781 0.0122375 0.0363789
0.011074 0.00816748 0.139296 0.00284689 0.00284527 0.00291708 0.012756 0.0121726 0.0413786
0.0109969 0.00815589 0.147729 0.00282063 0.00280974 0.00328765 0.0129432 0.0123792 0.0419979
0.0110227 0.00808694 0.158642 0.00282523 0.00282042 0.00303504 0.012798 0.0121501 0.0464574
0.0111784 0.00810988 0.166557 0.00255126 0.00255001 0.00260671 0.0125349 0.0119138 0.0462915
0.0113322 0.00838818 0.168185 0.00259431 0.00258301 0.00310194 0.0124932 0.0120108 0.0387437
0.0114125 0.00841483 0.161881 0.00259116 0.00258526 0.00286858 0.0129537 0.0125163 0.0360958
0.0116917 0.00858228 0.184376 0.00284897 0.00283782 0.00337991 0.0132431 0.0127071 0.0426425
0.0114472 0.00835369 0.177173 0.00269392 0.00267489 0.00354685 0.0133644 0.0128059 0.0422579
0.011427 0.00827341 0.166774 0.00276238 0.00275979 0.00287522 0.0133508 0.0126685 0.0479109
0.0110782 0.00806341 0.167915 0.00291589 0.00290629 0.00331578 0.0134454 0.012695 0.0505167
0.0114399 0.00820798 0.177883 0.00269174 0.00269083 0.00272782 0.0137835 0.0131357 0.0450591
0.0107111 0.00759314 0.172351 0.00279532 0.00278291 0.00332578 0.0134241 0.0127586 0.0496024
0.0106775 0.00775257 0.167738 0.00297233 0.00297471 0.00286897 0.0128994 0.0121859 0.0512499
0.0104355 0.00755392 0.155139 0.00290017 0.00289154 0.00325337 0.0126334 0.0120019 0.0429422
0.0108568 0.00772865 0.163536 0.00295117 0.00291757 0.00445692 0.0130818 0.0125066 0.0445808
0.0106462 0.0075649 0.17799 0.00258549 0.00258344 0.00268063 0.013479 0.0128902 0.0485011
0.0104296 0.00733892 0.164491 0.00279825 0.00279185 0.00307713 0.0129123 0.0123792 0.038596
0.010642 0.0076732 0.165847 0.00292003 0.00289015 0.00430915 0.0129277 0.0123719 0.0432919
0.0111333 0.00817024 0.164541 0.00279403 0.00278199 0.00339015 0.013387 0.0127941 0.0442179
0.0113548 0.0083089 0.146449 0.00269344 0.00268577 0.00303271 0.0134285 0.0127608 0.0445128
0.0113658 0.00807349 0.175769 0.00291373 0.00289225 0.00387519 0.0132491 0.0126803 0.0443094
0.0102646 0.00730142 0.159308 0.00305567 0.00304452 0.0035404 0.0125326 0.0120413 0.037632
0.0110907 0.00772301 0.186441 0.00252929 0.00252809 0.00258027 0.0125117 0.0119824 0.0385342
0.0105294 0.00750634 0.176514 0.0027043 0.0026976 0.00300181 0.0125334 0.012007 0.0410037
0.0106 0.00754246 0.159209 0.00273214 0.00272681 0.00296551 0.0125278 0.0119918 0.0381326
0.0104796 0.00754432 0.167716 0.0028282 0.00282515 0.00297589 0.0129994 0.0124466 0.0416754
0.010834 0.0078684 0.169696 0.00313506 0.00311656 0.00400045 0.0128839 0.0124195 0.038281
0.011043 0.00811718 0.143452 0.00292569 0.00290202 0.00398192 0.0133244 0.0128656 0.0342792
0.010451 0.00762141 0.159351 0.00270966 0.00270114 0.00309645 0.013221 0.0128441 0.0328362
0.0106096 0.0077443 0.140618 0.00307168 0.0030463 0.00423737 0.0131811 0.012808 0.032131
0.0108386 0.00783745 0.162007 0.00298828 0.00298484 0.00314098 0.0129814 0.0126313 0.0310805
0.0103428 0.00764889 0.148376 0.00302465 0.00301824 0.00330182 0.0129229 0.0125334 0.0328028
0.0108968 0.00797983 0.150971 0.00267534 0.0026758 0.00265595 0.0137276 0.0134538 0.0270718
0.0109837 0.00804188 0.154571 0.00273597 0.0027301 0.00296935 0.0133804 0.0130177 0.0298381
0.0111091 0.0082683 0.147823 0.00276915 0.00274932 0.00356619 0.0135967 0.0132094 0.031804
0.0107878 0.00798573 0.136387 0.00282235 0.0028173 0.00303552 0.0130942 0.0127135 0.0310062
0.010564 0.00775533 0.160062 0.00251472 0.00250589 0.0028759 0.0132425 0.0129367 0.0287027
0.0111935 0.0082244 0.165991 0.00241422 0.0024039 0.00286883 0.0130814 0.0126869 0.0351384
0.0113191 0.00842865 0.144683 0.0028144 0.00280509 0.00321186 0.0135453 0.0131681 0.0327083
0.0116583 0.00861491 0.168393 0.00257299 0.00256615 0.00286305 0.0134769 0.0131262 0.0316193
0.0114805 0.00836459 0.171986 0.00285242 0.00284035 0.00337186 0.0135601 0.0131924 0.0324244
0.0117027 0.00838805 0.200139 0.0026745 0.00266287 0.0032027 0.0135808 0.0132721 0.0307009
0.0108785 0.00803196 0.157413 0.00269563 0.00267717 0.0036122 0.0134364 0.0130718 0.0340307
0.0107745 0.00792946 0.165795 0.00274608 0.00273587 0.00327309 0.0134229 0.0129949 0.0381958
0.0105429 0.00772968 0.162906 0.00251518 0.0025163 0.00246145 0.0124271 0.0120221 0.03591
0.0103474 0.00754105 0.157465 0.00274063 0.00271794 0.00381325 0.0129942 0.0125266 0.0391089
0.0109896 0.00806893 0.170675 0.00272953 0.00272757 0.00282247 0.0132549 0.012883 0.034219
0.0115049 0.0083644 0.191693 0.00266133 0.00264728 0.0033082 0.0131848 0.0129457 0.0266232
0.0108882 0.00796262 0.153372 0.00260672 0.00260446 0.00271245 0.0129623 0.0127132 0.025055
0.0110383 0.00794744 0.165581 0.00249772 0.00248901 0.00293085 0.013162 0.0129619 0.024148
0.0109272 0.00804476 0.175441 0.00283841 0.0028133 0.00407555 0.0133849 0.0131919 0.024757
0.0111767 0.00807368 0.183582 0.00261825 0.00259841 0.00349509 0.0133534 0.012928 0.0366725
0.0110991 0.00807226 0.163598 0.00303286 0.00300578 0.0042259 0.0128998 0.0126199 0.0271197
0.0114689 0.00843465 0.159434 0.00245302 0.00245006 0.00258822 0.0132837 0.0130989 0.022171
0.0113902 0.00834076 0.168604 0.00286147 0.00283648 0.00406289 0.013278 0.0131697 0.0188545
0.0121785 0.00893062 0.1958 0.00302788 0.00301454 0.00363322 0.0133195 0.0131775 0.0212164
0.0116788 0.00862892 0.147313 0.00290705 0.00287625 0.00432212 0.0131169 0.0130311 0.0178139
0.0116051 0.00872236 0.154823 0.00304636 0.00302148 0.00410382 0.0136602 0.0136027 0.0165588
0.0114363 0.008417 0.165682 0.00287705 0.00286838 0.00325692 0.01341 0.0133101 0.0190077
0.0113489 0.00838595 0.155566 0.00271141 0.0027091 0.00281925 0.0136435 0.0136027 0.0157649
0.0113861 0.00854711 0.154459 0.00323338 0.00319419 0.00484831 0.0134373 0.0133865 0.0157463
0.0115565 0.00861914 0.1608 0.00282898 0.0028016 0.00411629 0.013805 0.0137738 0.0154669
0.0118192 0.00875292 0.171605 0.00259374 0.00259313 0.00262164 0.0137836 0.013787 0.0135998
0.0120152 0.00888979 0.179298 0.00305434 0.00304801 0.00334537 0.0136414 0.0136366 0.0139092
0.0115674 0.00848898 0.183005 0.00277531 0.00276372 0.00330982 0.0132615 0.0132658 0.0130275
0.0109454 0.00798975 0.176121 0.00301919 0.00300385 0.00367144 0.013055 0.013027 0.0145354
0.0113592 0.00829055 0.176368 0.00270745 0.00269572 0.00323752 0.0132871 0.0133376 0.0105758
0.0113655 0.00829693 0.186646 0.00304581 0.0030259 0.00391416 0.0127521 0.012773 0.0115852
0.0109589 0.00791334 0.178255 0.00309305 0.00306346 0.00437626 0.0126862 0.0127199 0.010823
0.0110362 0.00807427 0.172634 0.00292585 0.00292126 0.00313156 0.0123326 0.0123572 0.0109804
0.0115859 0.00844677 0.173591 0.00275703 0.00275975 0.00263245 0.0128986 0.0128634 0.0147533
0.0116885 0.00837734 0.19619 0.00319364 0.00317263 0.00411657 0.0129184 0.0128957 0.0141799
0.0121302 0.00878347 0.185173 0.00271769 0.00270452 0.00333776 0.0129902 0.0128772 0.0195017
0.0114983 0.00852255 0.181625 0.00284463 0.0028337 0.00328947 0.0129073 0.0128671 0.0149985
0.011178 0.00827465 0.168024 0.00279651 0.00279489 0.00286753 0.0130133 0.0128491 0.0221012
0.011203 0.00826787 0.177209 0.00297962 0.00296843 0.00352181 0.0129003 0.012663 0.0275058
0.0109543 0.00801872 0.165103 0.00328065 0.00325635 0.00438842 0.0129625 0.0128395 0.0194229
0.0114442 0.00843362 0.169464 0.00298768 0.00298391 0.00316582 0.0132917 0.0132138 0.0173896
0.0114642 0.00828926 0.177407 0.0028606 0.00284322 0.00367966 0.0128078 0.0127162 0.0175266
0.0109421 0.00813571 0.163926 0.00323772 0.00322605 0.00379428 0.0130704 0.0129354 0.020269
0.0111905 0.00816658 0.186424 0.00312075 0.00310219 0.00400361 0.013435 0.0132644 0.0233101
0.0113106 0.00810503 0.187463 0.00273582 0.00272038 0.00341443 0.0129684 0.0127928 0.0223095
0.0111242 0.00804128 0.185895 0.00272156 0.0027114 0.00320676 0.0134065 0.0132718 0.0211163
0.011345 0.00823456 0.174541 0.00289118 0.00289016 0.00293959 0.0132372 0.0131535 0.0176442
0.0110177 0.0078621 0.197197 0.0030536 0.00305348 0.00305953 0.0132488 0.0130952 0.0223828
0.0109345 0.00786747 0.197235 0.00311259 0.00310312 0.00350331 0.0132442 0.0129883 0.0265064
0.011078 0.00795328 0.175371 0.00305014 0.00303532 0.00375521 0.0132779 0.0131324 0.0212281
0.0114582 0.00837431 0.180286 0.00288465 0.0028798 0.00313382 0.0134565 0.0132442 0.0266502
0.0115488 0.00845052 0.168553 0.00333993 0.0033135 0.00472523 0.0137234 0.0134518 0.0296231
0.010738 0.00786357 0.166597 0.0027319 0.00273094 0.0027757 0.0135747 0.0133895 0.0232293
0.0108237 0.00785318 0.172787 0.00304268 0.00302462 0.00393964 0.0136993 0.0134785 0.0266307
0.0106726 0.00765115 0.181139 0.00269915 0.00268726 0.00327466 0.0128763 0.012749 0.0204484
0.0111143 0.0080834 0.189405 0.00292239 0.00291605 0.00324847 0.0132995 0.0131634 0.02179
0.0113496 0.00824392 0.189207 0.00273248 0.00272325 0.00318673 0.0139157 0.0137467 0.0238561
0.0114583 0.00855442 0.166445 0.00279958 0.00279941 0.00280809 0.0138346 0.0137027 0.0216057
0.0117465 0.00876312 0.155267 0.00274379 0.00273087 0.00343018 0.0142617 0.014227 0.0162095
0.011771 0.00881498 0.157873 0.00280895 0.00280082 0.00320058 0.0144011 0.0143513 0.0172212
0.0119012 0.00867881 0.179396 0.00293298 0.00293269 0.00294626 0.0140228 0.0140545 0.0123224
0.0112778 0.00845006 0.16152 0.00280374 0.00279606 0.00316447 0.0136532 0.0136606 0.0132336
0.0113021 0.00835097 0.164443 0.0026106 0.00260191 0.00300248 0.0136167 0.0137211 0.00815672
0.0108525 0.00804599 0.167038 0.0029491 0.00293164 0.00377942 0.0133649 0.0134127 0.0106194
0.0111243 0.00817472 0.17651 0.00281682 0.00280893 0.00323568 0.013847 0.0138266 0.0151251
0.0108972 0.00811346 0.169373 0.00265393 0.00265232 0.00273636 0.0135566 0.0136174 0.0100359
0.0113922 0.00859932 0.176523 0.00300081 0.002988 0.00360522 0.0138402 0.0139239 0.00935729
0.0114243 0.00854152 0.175392 0.002974 0.00297322 0.00301337 0.0134776 0.0134712 0.0138574
0.0110867 0.00830335 0.157695 0.00281025 0.0027918 0.00371546 0.0124985 0.0125049 0.0121271
0.0108718 0.00793996 0.189566 0.00283039 0.00280916 0.00391358 0.013017 0.0129714 0.0157594
0.011294 0.00805961 0.181208 0.00277626 0.00277004 0.00310054 0.0131861 0.0131097 0.0176875
0.0111264 0.00805315 0.173941 0.00274368 0.00272763 0.00358662 0.0129212 0.0128297 0.0181357
0.0109084 0.0078195 0.205428 0.00290885 0.00290202 0.00325926 0.0129771 0.0128812 0.0190053
0.0116024 0.0085212 0.184373 0.00261228 0.00261748 0.00234987 0.0125168 0.0124365 0.0171191
0.0114564 0.0082827 0.183646 0.0029046 0.0028953 0.00334035 0.0128203 0.012753 0.0166743
0.0110133 0.00803502 0.179393 0.00243705 0.00244161 0.00220548 0.0123222 0.0122749 0.0151528
0.0112487 0.00804081 0.202241 0.00280744 0.0027947 0.00342531 0.0129536 0.0129232 0.0147076
0.0116939 0.00862544 0.181628 0.0027325 0.00273032 0.0028474 0.0132015 0.0131749 0.0147646
0.0119642 0.00863383 0.207002 0.00305485 0.00303246 0.00422645 0.012627 0.0125339 0.0183784
0.011909 0.00874712 0.181697 0.0029765 0.00296206 0.0036641 0.012956 0.0128988 0.0159883
0.01107 0.00825414 0.177203 0.00276982 0.00276387 0.00305215 0.0127507 0.0126445 0.0190539
0.0115441 0.00840091 0.177417 0.00281636 0.00280489 0.00345778 0.0127418 0.0125632 0.0240293
0.0113796 0.00825253 0.207199 0.00281954 0.00280989 0.00332929 0.0128647 0.012613 0.0289584
0.0116362 0.00861053 0.162856 0.00270625 0.00269695 0.00316535 0.0128918 0.0127415 0.0210709
0.0109207 0.00801358 0.180263 0.00294841 0.00293123 0.00376601 0.0124803 0.0123432 0.0200868
0.011567 0.00847259 0.177729 0.00273828 0.00273909 0.00270181 0.0125676 0.0125046 0.0158865
0.0115445 0.00851491 0.184684 0.00278692 0.00279007 0.00265235 0.0131277 0.0130755 0.0158995
0.0112473 0.0082893 0.168157 0.00313196 0.00313873 0.00283081 0.0127899 0.0126928 0.0179401
0.011395 0.00818928 0.177027 0.00288011 0.00287107 0.00327182 0.0129422 0.0128541 0.0177147
0.0111355 0.00789628 0.19822 0.00321124 0.00319606 0.00382426 0.0124383 0.0122137 0.0237939
0.011317 0.00811271 0.189917 0.00298409 0.00297659 0.00332816 0.0124273 0.012268 0.0213252
0.0114197 0.00824692 0.174995 0.00332668 0.00331189 0.00402625 0.0126631 0.0125056 0.0216016
0.0119738 0.00873225 0.178299 0.00268825 0.00267958 0.00305873 0.0130447 0.0128894 0.0208659
0.0118776 0.00851704 0.186552 0.00282659 0.00280962 0.00358858 0.0129851 0.0127841 0.0237567
0.0114497 0.00817354 0.178898 0.0030018 0.00299781 0.00317422 0.0124544 0.0123786 0.0162776
0.0113513 0.0079856 0.193335 0.00271289 0.00270449 0.00305884 0.0121151 0.012054 0.015135
0.0117181 0.00852045 0.171598 0.00286532 0.00286088 0.00305732 0.0123586 0.0122861 0.0159382
0.0117673 0.00855099 0.167356 0.0025966 0.00260646 0.00217592 0.0126261 0.0125695 0.0153501
0.0113147 0.00835746 0.15691 0.002603 0.00259374 0.00297159 0.012567 0.0124166 0.0197198
0.0111752 0.00817084 0.145961 0.00277639 0.00275943 0.00350785 0.0124122 0.0122713 0.0194689
0.0112982 0.00828359 0.150392 0.00296442 0.00295898 0.00320344 0.0129969 0.0127777 0.0228437
0.0110227 0.00807453 0.143916 0.00294459 0.00294502 0.00292745 0.0130331 0.0127946 0.0235343
0.0118542 0.00858221 0.161404 0.00283932 0.00282707 0.00333942 0.0125904 0.0124037 0.0214148
0.0116228 0.00840619 0.171289 0.00276375 0.00275761 0.00304665 0.0125137 0.0122637 0.0254304
0.0119918 0.00868564 0.166486 0.00281938 0.00280454 0.00341257 0.0130575 0.0129061 0.0199547
0.011105 0.00775149 0.186533 0.00262615 0.00262082 0.00287607 0.0127674 0.0124973 0.0271935
0.0114614 0.00810153 0.183264 0.00309217 0.00309911 0.00278098 0.0130616 0.0128606 0.023494
0.0120811 0.00878183 0.178512 0.00298705 0.00298066 0.003288 0.0133206 0.0130764 0.0262383
0.0111766 0.00809111 0.168075 0.00311415 0.00309169 0.00417761 0.0129546 0.0126945 0.0269398
0.0114119 0.00816638 0.176582 0.0027426 0.00273664 0.00299895 0.0132994 0.0130205 0.0274369
0.0117647 0.00885801 0.161363 0.00301292 0.0029877 0.00404596 0.013514 0.0132481 0.0266483
0.0120318 0.00896559 0.16554 0.00275445 0.00273787 0.00346198 0.013807 0.0135441 0.0264641
0.012018 0.00869041 0.177744 0.00288716 0.00287545 0.00337516 0.0138921 0.0136629 0.0253508
0.0122389 0.00883623 0.171315 0.00304921 0.00303277 0.00372786 0.0141663 0.0139384 0.0247557
0.0122614 0.00870582 0.198226 0.00308233 0.00307386 0.00344628 0.0149719 0.0146733 0.0307814
0.0121996 0.00882299 0.183879 0.00272687 0.00271954 0.00304655 0.0143066 0.0140114 0.0296896
0.0122048 0.00909047 0.164476 0.00247885 0.00246729 0.00298768 0.0142323 0.013878 0.0316504
0.0123442 0.00907706 0.169499 0.00262987 0.00262524 0.00282245 0.0142087 0.0138782 0.0305288
0.0124314 0.00911279 0.190785 0.00307753 0.00306632 0.00357634 0.0142122 0.0139281 0.0300243
0.0119019 0.00899829 0.173019 0.00303474 0.00302557 0.00342943 0.014152 0.0137945 0.0335884
0.0112143 0.0082921 0.155956 0.00285519 0.00285047 0.00304768 0.0137824 0.0134899 0.0275984
0.0114384 0.00855701 0.141379 0.00253822 0.002541 0.00242209 0.0139114 0.0135792 0.029227
0.0118084 0.00875327 0.163979 0.002568 0.00257543 0.00223428 0.0136922 0.0133368 0.0315778
0.0113479 0.00831279 0.177433 0.00280793 0.00279174 0.00357595 0.013603 0.0132985 0.0307298
0.0110872 0.00814046 0.155353 0.00272691 0.00271275 0.00339126 0.0134278 0.0131008 0.030968
0.0111539 0.00796279 0.173903 0.00255653 0.00255392 0.00267536 0.0130173 0.0127916 0.0257797
0.0113519 0.00819706 0.186443 0.00283835 0.00283515 0.0029736 0.013005 0.0128142 0.0228229
0.0110023 0.00805982 0.167868 0.00272023 0.00270961 0.00315281 0.0128565 0.0126476 0.0228849
0.0110755 0.00823044 0.172973 0.0030925 0.00308328 0.00351766 0.0124099 0.0121122 0.0290188
0.0113152 0.00820856 0.166003 0.00264661 0.00261963 0.00381259 0.0123621 0.012046 0.0279028
0.0114874 0.00837181 0.178384 0.00256648 0.00256348 0.0027129 0.0128265 0.0125792 0.0266564
0.0114686 0.00853029 0.171406 0.00257698 0.00257557 0.00264173 0.0130229 0.0128048 0.0247138
0.0109475 0.00805007 0.161171 0.00293986 0.00293175 0.00330859 0.0128973 0.0127214 0.0223928
0.0109162 0.00795533 0.182937 0.00285214 0.00284092 0.00338307 0.0124526 0.0122645 0.0228956
0.0115873 0.00819367 0.173373 0.00267872 0.00267808 0.00270851 0.012582 0.0124425 0.0200124
0.0112316 0.00803181 0.179969 0.0027511 0.00273037 0.00365192 0.0124204 0.012323 0.0174001
0.0112571 0.00809074 0.171057 0.00272889 0.00272762 0.00278765 0.0129901 0.0128827 0.0184619
0.0116198 0.00828917 0.183147 0.00308919 0.00307834 0.0036245 0.0127332 0.0125706 0.0214982
0.0112529 0.00813496 0.173455 0.00281596 0.00280725 0.00323241 0.0127864 0.0126714 0.0188208
0.0113688 0.0081079 0.18746 0.00287683 0.00287001 0.00321444 0.0124827 0.0123724 0.0188919
0.0112023 0.00799614 0.179673 0.00253589 0.0025325 0.0026864 0.0125238 0.0124315 0.0173376
0.0110113 0.00793582 0.175856 0.0029709 0.00295984 0.00350579 0.0123347 0.0122082 0.0196419
0.0111477 0.00812061 0.167683 0.00304088 0.00302925 0.00361544 0.01242 0.0122361 0.0226514
0.0111499 0.00815907 0.165895 0.00242673 0.00242885 0.00232858 0.0122776 0.0121766 0.0175354
0.0111373 0.00814356 0.169939 0.00268712 0.00267552 0.00323133 0.012184 0.0120457 0.0199225
0.0112993 0.00791235 0.209014 0.0030014 0.00299298 0.00337447 0.0126782 0.0125642 0.0185557
0.0110978 0.00801047 0.165729 0.00334442 0.0033182 0.00460202 0.012497 0.012364 0.0200808
0.011031 0.007899 0.179602 0.00297303 0.00296596 0.00328762 0.0118908 0.0118018 0.0163427
0.0119548 0.00844187 0.19119 0.00286896 0.00285947 0.00331929 0.0125807 0.0124748 0.0180419
0.0118483 0.00849944 0.196915 0.0026342 0.00263036 0.00282377 0.0130521 0.0129247 0.0203441
0.0116957 0.00835629 0.18838 0.00265306 0.00265058 0.00278277 0.0129099 0.0128142 0.0181738
0.0114724 0.00837506 0.188624 0.00315777 0.00313961 0.00416337 0.0127197 0.0126388 0.0180016
0.0113225 0.00804211 0.195714 0.00291442 0.00290807 0.00323986 0.0124564 0.0123776 0.0170969
0.0121147 0.00858853 0.208891 0.00324086 0.00322607 0.0040671 0.0129803 0.0128676 0.0198181
0.0116927 0.00823815 0.210032 0.00253116 0.00253883 0.0021615 0.0133253 0.01313 0.0246202
0.0113208 0.00803446 0.207436 0.00292802 0.0029142 0.00357406 0.0134285 0.0131989 0.0269975
0.0113342 0.00815994 0.160779 0.00253712 0.00253614 0.00258255 0.013456 0.0133418 0.0192671
0.0117644 0.00830331 0.207809 0.00291325 0.00291184 0.00297929 0.0130473 0.0128601 0.0231272
0.0118546 0.00833791 0.204127 0.00295097 0.00293173 0.00387097 0.0133505 0.0131846 0.022288
0.0110497 0.00787062 0.189459 0.00294482 0.00293061 0.0035907 0.0132462 0.0130119 0.0263754
0.0114869 0.00808312 0.190675 0.00261128 0.0026149 0.00243697 0.0136406 0.0134082 0.027003
0.0119305 0.00843254 0.22586 0.0025339 0.00253409 0.00252505 0.0133565 0.0130956 0.0281575
0.0119966 0.00858998 0.187022 0.00283823 0.00282225 0.00364445 0.0132617 0.0129927 0.0282113
0.0115615 0.008429 0.190267 0.0024011 0.00239222 0.00282651 0.0130032 0.0127716 0.0259627
0.0118732 0.00867338 0.187192 0.00265314 0.00264692 0.00296372 0.0129771 0.0126491 0.0327485
0.0115331 0.00851658 0.187445 0.00292094 0.00292039 0.00294723 0.0129091 0.0126654 0.0270243
0.011436 0.0084107 0.186829 0.00308908 0.00307619 0.00372087 0.0128089 0.0125799 0.0256564
0.0114172 0.00848713 0.170039 0.00321858 0.00320681 0.00380016 0.0128569 0.012682 0.0226804
0.0113455 0.00826329 0.190938 0.00272801 0.00271192 0.00357112 0.0127429 0.0125869 0.0220119
0.0113385 0.00827264 0.178081 0.00262696 0.00262567 0.00269079 0.0127442 0.0126341 0.0185828
0.0114504 0.0083489 0.190506 0.00311137 0.0030979 0.00377618 0.0135104 0.0134118 0.0192396
0.0116431 0.00840101 0.19397 0.00258874 0.0025802 0.00300234 0.0136433 0.0135606 0.0183707
0.0114952 0.00830489 0.195913 0.00293184 0.0029186 0.00357602 0.0133725 0.0132567 0.0197573
0.0113294 0.00816694 0.210479 0.00301953 0.00301722 0.00313443 0.0133401 0.0132091 0.0213399
0.0117654 0.0085481 0.193618 0.00294793 0.00293906 0.0033618 0.0135 0.0134331 0.0170948
0.0111278 0.00822461 0.179303 0.00275833 0.0027469 0.00331701 0.0132496 0.0132063 0.0157176
0.0115163 0.00838409 0.157933 0.00261876 0.00261818 0.00264862 0.013038 0.0129801 0.0160642
0.0110932 0.00811101 0.151372 0.00306356 0.00306003 0.00324787 0.0131911 0.0131196 0.0168348
0.0119738 0.00863122 0.198456 0.0025915 0.00258745 0.00276549 0.0134899 0.0133804 0.0192217
0.0115423 0.00840782 0.17976 0.00291824 0.00292211 0.00273244 0.0135982 0.0134457 0.0217975
0.0112307 0.00830792 0.168551 0.00283606 0.00281509 0.00384523 0.0132417 0.0129966 0.0271398
0.0113121 0.00840793 0.178132 0.00310734 0.00310359 0.00328306 0.0130642 0.0127964 0.0288169
0.010976 0.00804957 0.165759 0.00278234 0.00277944 0.00291852 0.013248 0.0130419 0.0251917
0.0107878 0.00781164 0.175866 0.0027285 0.00272649 0.00282554 0.0131073 0.0128461 0.0280069
0.0114439 0.0084536 0.185093 0.00293214 0.00291178 0.00392334 0.0131337 0.0127613 0.03486
0.011179 0.008048 0.19166 0.00293102 0.00291353 0.00371082 0.0128319 0.0125093 0.0303074
0.0114876 0.00832672 0.180596 0.00270448 0.00269144 0.00336063 0.0126782 0.012403 0.0288169
0.0117532 0.00868047 0.178656 0.00269974 0.00268889 0.00318909 0.0132903 0.0130015 0.0288954
0.0117761 0.00861222 0.200974 0.00315657 0.003138 0.00399297 0.0127732 0.0125685 0.0241662
0.0115254 0.00836557 0.189579 0.00288094 0.00288124 0.00286582 0.0131625 0.0129768 0.0248142
0.0120056 0.00876287 0.187332 0.00269483 0.00269453 0.00270786 0.0130685 0.0129408 0.019732
0.0117029 0.00866589 0.178528 0.00286047 0.00285541 0.0031007 0.0134147 0.013247 0.0230147
0.0110055 0.00792046 0.193549 0.00281353 0.00280721 0.00312368 0.0133973 0.0132739 0.0207862
0.0112317 0.00799378 0.187663 0.00273092 0.00272601 0.00296274 0.0129835 0.0129321 0.0160349
0.011458 0.00823561 0.195286 0.00306621 0.00305609 0.00355264 0.0128151 0.0127576 0.0160424
0.012019 0.00857667 0.217133 0.00284947 0.00283025 0.00377371 0.0131641 0.0130049 0.0224413
0.0117014 0.00853522 0.176688 0.00288085 0.00287453 0.00316672 0.0133147 0.0132238 0.0179061
0.0114819 0.00841025 0.173812 0.0027 0.00269138 0.00308349 0.0133313 0.0132253 0.0186702
0.0114683 0.0083413 0.176332 0.00255572 0.00255665 0.00250909 0.0129436 0.0128101 0.0205315
0.0121517 0.00873488 0.222245 0.00290779 0.00290977 0.00280817 0.0140694 0.0138866 0.0252751
0.0119297 0.00877404 0.192244 0.00281738 0.00281921 0.00272864 0.01355 0.013381 0.0233193
0.0121881 0.00885183 0.207644 0.00273084 0.00271477 0.00355792 0.0134762 0.0133391 0.0218028
0.0120956 0.00881704 0.207128 0.00277036 0.00277506 0.00253991 0.013094 0.0128903 0.0256588
0.0117459 0.00854482 0.199359 0.00285145 0.00285426 0.00271196 0.0129924 0.0127634 0.0263661
0.0111894 0.00825953 0.195172 0.00268195 0.00268183 0.00268801 0.012718 0.0126092 0.019411
0.0112616 0.00808034 0.19311 0.00294179 0.00293582 0.00322916 0.012601 0.0124391 0.0216101
0.0115335 0.00850365 0.184588 0.00278797 0.00278972 0.00269556 0.012742 0.0125818 0.0228057
0.0116223 0.00854076 0.178777 0.00274203 0.00273808 0.00294934 0.0130343 0.0128581 0.0237172
0.0113624 0.00829222 0.18643 0.00305584 0.00305427 0.00313493 0.0130982 0.0128903 0.0251426
0.0117383 0.00852021 0.186446 0.00301623 0.00299959 0.00389932 0.0133223 0.013156 0.0231515
0.0114857 0.00831568 0.186732 0.00291113 0.00289497 0.00367084 0.0137054 0.013598 0.0192977
0.0114846 0.00841273 0.173902 0.00307638 0.00306286 0.00375738 0.0137424 0.0136147 0.0214757
0.0115134 0.00850803 0.182002 0.00306126 0.00305247 0.00344306 0.0135675 0.013488 0.017936
0.0122416 0.00917327 0.199407 0.00323296 0.00321754 0.00395836 0.0136344 0.0135414 0.0190896
0.0117168 0.00873881 0.162316 0.00260324 0.00258574 0.00342168 0.0132808 0.0132817 0.0132335
0.0115329 0.00857357 0.156897 0.00275982 0.00275341 0.00306473 0.0129361 0.0129276 0.0133629
0.0119293 0.00874099 0.177855 0.00314245 0.00315186 0.00268167 0.0136005 0.0135237 0.0178692
0.0120699 0.00909134 0.183993 0.00284998 0.00284978 0.00285975 0.0133174 0.0132738 0.0158507
0.0119552 0.00889889 0.170245 0.00322752 0.00322472 0.00336948 0.0133051 0.0132895 0.0141904
0.0121157 0.00886528 0.199555 0.00292195 0.00292529 0.00274401 0.0136714 0.0136578 0.0145017
0.0116753 0.00854352 0.190262 0.00283578 0.0028308 0.0030952 0.0132392 0.0131913 0.0160743
0.0115684 0.0086461 0.170475 0.0028254 0.00282352 0.00291864 0.0140374 0.0139738 0.0178082
0.0112692 0.00843856 0.171072 0.00271721 0.00270724 0.00322219 0.0136783 0.0136103 0.0176327
0.011723 0.00887089 0.168779 0.00261761 0.00261545 0.00272818 0.0139625 0.0139173 0.0164583
0.0113513 0.00864441 0.157996 0.00300529 0.0030008 0.00323476 0.0141908 0.0141039 0.0190237
0.0121448 0.00923581 0.164033 0.00264326 0.00264486 0.00256436 0.0141203 0.0140945 0.0155005
0.0114018 0.00867031 0.142357 0.00286604 0.00285145 0.00357581 0.0139279 0.0138363 0.0188493
0.0114796 0.00870929 0.158485 0.0029528 0.00294797 0.0032012 0.0139345 0.0138891 0.0164518
0.0110403 0.00848921 0.159597 0.00279585 0.0027905 0.00303646 0.0138947 0.0137953 0.0191415
0.0112224 0.00837349 0.160032 0.00273786 0.00274087 0.00259284 0.0135155 0.0134455 0.017262
0.0108455 0.00809481 0.163355 0.00291211 0.00288672 0.00419433 0.0136217 0.0135465 0.0180914
0.010711 0.00803997 0.151383 0.00263759 0.00263653 0.00269363 0.0134723 0.013425 0.0161875
0.0107374 0.00820434 0.155178 0.00306795 0.00306649 0.00314302 0.0139473 0.0138558 0.0191747
0.0109066 0.00806723 0.16207 0.00290935 0.00289597 0.00355885 0.0136984 0.0136663 0.0155557
0.0111121 0.0083752 0.138402 0.00277634 0.00277303 0.0029319 0.0133561 0.0133772 0.0123165
0.0110578 0.00825796 0.149592 0.00286056 0.00285578 0.00309999 0.0131873 0.0130848 0.018553
0.0107959 0.00807103 0.146759 0.00270587 0.00270922 0.00254663 0.0128347 0.0127275 0.0183246
0.0108905 0.0080923 0.160836 0.00277175 0.00276862 0.00293514 0.01295 0.0128681 0.0176798
0.0106609 0.00782541 0.155212 0.00270039 0.00269938 0.00275237 0.0124702 0.0124094 0.0157878
0.0106353 0.00776741 0.166234 0.00341077 0.00340457 0.00374327 0.0125808 0.0124526 0.0203698
0.0107361 0.00781789 0.171885 0.0029032 0.00290851 0.00260811 0.0129704 0.0128563 0.0195234
0.0110278 0.00802716 0.184785 0.00266872 0.00267115 0.00254557 0.0136225 0.0134543 0.0231948
0.0108201 0.00786917 0.18097 0.00277055 0.0027634 0.00312513 0.0130762 0.0129696 0.0189789
0.0110129 0.00808493 0.184648 0.0031675 0.00317327 0.00287016 0.0130347 0.012869 0.0231998
0.0115576 0.00847152 0.188614 0.00296484 0.00295601 0.00343025 0.0132182 0.0130815 0.0213352
0.0111113 0.00825432 0.180827 0.00293403 0.00293956 0.00265312 0.0130012 0.0128576 0.0215153
0.0110306 0.00841747 0.169605 0.00282521 0.0028197 0.00310391 0.0128196 0.012666 0.022157
0.0115218 0.00850819 0.189179 0.00319221 0.00319128 0.00323993 0.0130287 0.0129091 0.0201363
0.0120217 0.00885156 0.191171 0.00283391 0.00282568 0.00321956 0.0134237 0.0133617 0.016809
0.01134 0.00827956 0.177487 0.002634 0.00263668 0.00250791 0.0131508 0.0130048 0.0205731
0.0115668 0.00831659 0.196314 0.0028813 0.00287182 0.00334815 0.0133949 0.0132896 0.0193894
0.0111236 0.00821386 0.172424 0.00279858 0.00279317 0.00310047 0.0135392 0.0134638 0.0180669
0.0114321 0.00846686 0.192382 0.00307575 0.0030652 0.00363656 0.013555 0.0133781 0.0249594
0.0115295 0.00861389 0.181042 0.00276102 0.00276032 0.00279722 0.0135253 0.013301 0.0274943
0.0122387 0.00906248 0.206682 0.00312273 0.00312161 0.00317999 0.0137553 0.0135827 0.024258
0.0122252 0.00895278 0.201267 0.00320825 0.00320355 0.00345466 0.0134708 0.0133596 0.0200937
0.0116008 0.00870861 0.19287 0.0027355 0.00273571 0.00272415 0.014478 0.0143536 0.0226178
0.0119276 0.00873441 0.19205 0.00330833 0.00331074 0.00318147 0.0136493 0.013628 0.0149103
0.0120042 0.00898022 0.187746 0.00269416 0.00269771 0.00249767 0.0138529 0.0137807 0.0183389
0.0122355 0.00929972 0.228448 0.00271951 0.00271762 0.00281629 0.0145717 0.0144881 0.0199964
0.0120622 0.00899978 0.201706 0.00311358 0.00311315 0.00313701 0.0137527 0.0136421 0.0205992
0.011941 0.00886927 0.206075 0.00281646 0.00281067 0.00315056 0.0138032 0.0136775 0.0221497
0.0121126 0.00899794 0.218256 0.00264484 0.00264804 0.00247646 0.0139126 0.0137739 0.0228393
0.0120736 0.00901959 0.200123 0.00266139 0.00266468 0.00248432 0.0135248 0.0133686 0.0237042
0.0114641 0.00869428 0.182433 0.00260467 0.00260337 0.00267627 0.0139787 0.0137399 0.0286678
0.0118504 0.00881641 0.193745 0.00258588 0.00258403 0.00268885 0.0137973 0.0136549 0.0226185
0.0115486 0.00848664 0.197133 0.00326211 0.00325432 0.00370958 0.0137993 0.0135786 0.0272984
0.0113663 0.0084013 0.196795 0.00261241 0.00261735 0.00234891 0.013671 0.0134515 0.0275287
0.0117594 0.00867716 0.180528 0.00248703 0.00248339 0.00268248 0.0135153 0.0133677 0.0220581
0.0122746 0.00890215 0.211743 0.00301133 0.00300113 0.00354286 0.013169 0.0129739 0.0247558
0.0120341 0.0087305 0.219819 0.00293608 0.00294146 0.00265545 0.0132641 0.0131241 0.0220172
0.0117427 0.00860614 0.20472 0.00278084 0.00277895 0.00287324 0.0135623 0.0134815 0.0180137
0.0119351 0.00859222 0.20318 0.00275632 0.00275626 0.00275944 0.0139595 0.0138831 0.0184852
0.0119468 0.00845713 0.235745 0.00257194 0.0025698 0.00269698 0.0138071 0.013812 0.0134638
0.0114533 0.00850218 0.195555 0.00269059 0.00269021 0.00271126 0.0134766 0.0134378 0.015861
0.0115682 0.00848715 0.18819 0.00288664 0.00288242 0.00310076 0.0133227 0.0133233 0.0132923
0.0115357 0.00837475 0.202197 0.00262427 0.00262758 0.00244673 0.013301 0.0132143 0.0184322
0.0117178 0.00840241 0.216277 0.00257037 0.00257479 0.00231519 0.0137275 0.0135857 0.0226356
0.0115309 0.00821201 0.241179 0.00275066 0.00275112 0.002724 0.0134024 0.0133197 0.0188146
0.0111775 0.00833684 0.205371 0.00310175 0.00309703 0.00336813 0.0137061 0.013504 0.0270356
0.0109406 0.00796003 0.200473 0.00280856 0.00280473 0.0030284 0.0129912 0.0128856 0.0197865
0.0118774 0.00848801 0.224454 0.00302324 0.00302867 0.00270743 0.0134306 0.0133134 0.0211907
0.0114562 0.00818528 0.243512 0.0029559 0.00296391 0.00247178 0.0130509 0.0129043 0.0232749
0.0123195 0.00908257 0.241494 0.00294595 0.002948 0.0028303 0.0132228 0.0130748 0.0234334
0.0117699 0.00879961 0.21624 0.00283746 0.00283177 0.00314681 0.0129021 0.0128579 0.0157682
0.0118295 0.00881069 0.194537 0.00278367 0.00278726 0.00257027 0.0130654 0.0130474 0.0141991
0.0118216 0.00891975 0.177954 0.00270801 0.00270979 0.00259609 0.0134434 0.0134617 0.0122994
0.0118601 0.00863212 0.21337 0.00275108 0.00275471 0.00254727 0.0132357 0.0132404 0.0129311
0.0114088 0.00823292 0.224525 0.00283681 0.00283592 0.00288615 0.0132843 0.0133116 0.0114274
0.0111575 0.00823007 0.205908 0.00286628 0.00285571 0.00349729 0.0134064 0.0134708 0.00922706
0.0109076 0.00809623 0.190545 0.00298004 0.00298864 0.0024853 0.013176 0.0132882 0.00628111
0.0107801 0.00802368 0.182151 0.002574 0.00256742 0.00292833 0.0129185 0.0130057 0.0076426
0.0116164 0.00852597 0.203221 0.0028186 0.00281829 0.00283686 0.0137188 0.013703 0.0147827
0.0118779 0.00888373 0.19401 0.00303365 0.00302727 0.00339607 0.0138827 0.0138702 0.0146874
0.0116032 0.0085706 0.201977 0.00316647 0.00316784 0.00309203 0.0139236 0.0139481 0.0123883
0.0115319 0.00854289 0.192726 0.00274337 0.00274058 0.00289545 0.0135806 0.0136059 0.0120519
0.0114269 0.00823297 0.223151 0.00299861 0.0030005 0.00288559 0.0132053 0.0132017 0.0134545
0.0112496 0.00829673 0.194184 0.00272577 0.00273236 0.00236864 0.0131909 0.0131898 0.0132628
0.0115361 0.00815673 0.22283 0.00284731 0.00285378 0.00250316 0.0133011 0.0133271 0.0117282
0.011761 0.00848112 0.215686 0.00273991 0.00273889 0.00281016 0.0133166 0.0133432 0.0115753
0.0115235 0.00819034 0.2251 0.00284164 0.00285254 0.00221129 0.0131952 0.0132182 0.0118104
0.0109111 0.00793753 0.204349 0.00249964 0.00250612 0.0020919 0.0125878 0.0125722 0.0136498
0.0110714 0.0079437 0.228009 0.00253158 0.00253524 0.00231964 0.0131759 0.013156 0.0144518
0.01121 0.00807315 0.227741 0.00284633 0.00285128 0.00255679 0.0130195 0.0129954 0.0145831
0.0113958 0.0082027 0.198375 0.0031854 0.00318934 0.00297342 0.0126123 0.0126233 0.0119609
0.0116406 0.00845453 0.231478 0.002916 0.00290322 0.0036295 0.0130082 0.012985 0.0145675
0.0120901 0.00867343 0.237409 0.00298317 0.00298334 0.00297369 0.0131203 0.0131065 0.0140486
0.0120543 0.00863752 0.236031 0.00304008 0.00303518 0.00333619 0.0133937 0.0133821 0.0141759
0.0127681 0.00922939 0.246611 0.00308651 0.00307501 0.0037384 0.0134946 0.0134945 0.0135001
0.012292 0.0089098 0.209426 0.00294013 0.00294557 0.00262702 0.0131649 0.0131779 0.0123828
0.012026 0.00885416 0.21636 0.00313282 0.00314132 0.00261795 0.0136492 0.0136216 0.0155232
0.0118742 0.00866921 0.218635 0.00277965 0.00278098 0.00269512 0.0134356 0.0134057 0.0155995
0.0112868 0.00817849 0.207963 0.00258619 0.00258406 0.00269711 0.0129514 0.0129368 0.0138153
0.0117928 0.00846204 0.213669 0.00267147 0.00266194 0.00324958 0.0128632 0.0128276 0.0151733
0.0119887 0.0087142 0.203236 0.00295021 0.00294144 0.00343862 0.0129294 0.0129019 0.0145571
0.0122804 0.00879666 0.220625 0.00269098 0.00268596 0.00297671 0.0129723 0.0129034 0.0172379
0.0120932 0.00871744 0.206712 0.00325423 0.0032595 0.00297217 0.0130769 0.0130683 0.0135693
0.0117557 0.0086407 0.173801 0.00263844 0.00264113 0.00251474 0.0123248 0.0123796 0.00960508
0.0120433 0.00854449 0.233433 0.00271977 0.00272481 0.00245706 0.012919 0.0129592 0.0105682
0.012375 0.00901651 0.209666 0.00273202 0.00272888 0.00288557 0.0131075 0.0130962 0.0137649
0.0120296 0.00880725 0.18695 0.00324089 0.00323852 0.00335901 0.012981 0.0130118 0.0111799
0.0121692 0.00864993 0.23641 0.00285468 0.00285599 0.0027851 0.0133156 0.0133474 0.0113479
0.0114738 0.008198 0.180745 0.00275377 0.00275942 0.00243885 0.0127654 0.0127998 0.0108321
0.0118791 0.00847099 0.23262 0.00297503 0.0029792 0.00273581 0.0128128 0.0127912 0.0142326
0.0119969 0.00861184 0.219972 0.00286722 0.00286705 0.00287638 0.0125578 0.0124895 0.0168888
0.0123295 0.00895446 0.204551 0.00279429 0.00277844 0.0036455 0.0131655 0.0130313 0.0209595
0.0120437 0.00884895 0.187201 0.00311604 0.00311291 0.00329147 0.0133905 0.0133846 0.0137148
0.012286 0.00886737 0.21532 0.00273888 0.00273394 0.00301689 0.0135008 0.0135035 0.0133336
0.0121399 0.00879535 0.199813 0.00286157 0.00286595 0.00264346 0.0134116 0.013444 0.0116306
0.0120016 0.0086745 0.191954 0.00278323 0.00277369 0.00323438 0.0129662 0.0130298 0.00976787
0.0121299 0.00885437 0.195409 0.00272626 0.0027255 0.00276643 0.0132589 0.013305 0.0106352
0.0121096 0.00868326 0.202581 0.00284654 0.00284727 0.00280871 0.0131072 0.0131456 0.0109459
0.011842 0.00843177 0.196367 0.00257684 0.00257593 0.00262458 0.0128821 0.0129043 0.0116128
0.0118524 0.00867266 0.198197 0.00285087 0.00285371 0.00270198 0.0125132 0.0125298 0.0115318
0.0115161 0.00815383 0.211813 0.00300807 0.00301608 0.00258554 0.012079 0.0121116 0.0102236
0.011543 0.00809621 0.211379 0.00283937 0.00284927 0.00227175 0.012368 0.0123676 0.0123939
0.0112963 0.00808796 0.212462 0.00293485 0.00292768 0.00339491 0.0127749 0.0127781 0.0125627
0.0113815 0.00814413 0.234761 0.00276949 0.00276828 0.00284075 0.0127766 0.0128082 0.0108191
0.0119828 0.0086183 0.198177 0.00258117 0.00257119 0.00321393 0.0130456 0.0130512 0.012676
0.012003 0.00860257 0.244931 0.0029606 0.00295928 0.00305111 0.0130817 0.0130856 0.0128034
0.0122665 0.00870429 0.263354 0.00282585 0.00282348 0.00298268 0.0133183 0.0133311 0.0124036
0.0115004 0.00823404 0.242569 0.00297735 0.00296414 0.00383077 0.0130648 0.0130678 0.0128457
0.0116179 0.00827628 0.258012 0.00299233 0.0029919 0.00302075 0.0131253 0.0130822 0.0164294
0.0121137 0.00883548 0.238131 0.00252303 0.00252198 0.0025871 0.0128171 0.0128033 0.0137748
0.0127143 0.00907259 0.268884 0.00281806 0.00281545 0.00297922 0.0127018 0.0126841 0.0138817
0.0119959 0.00858396 0.232725 0.00249928 0.00250588 0.0021177 0.0128424 0.0128724 0.0109371
0.0125762 0.00909901 0.241157 0.00291207 0.00291914 0.00246509 0.013316 0.0133331 0.0120978
0.0127168 0.0093077 0.242783 0.00280989 0.00280995 0.00280642 0.0137911 0.0138406 0.0101661
0.0128037 0.00933607 0.232065 0.00313514 0.00313639 0.00306442 0.0136832 0.01381 0.0057864
0.0122487 0.00891378 0.25864 0.00297078 0.00297077 0.00297117 0.0134541 0.0135535 0.00624402
0.0115402 0.0083248 0.254544 0.00270735 0.00271269 0.00235173 0.0132992 0.0133809 0.00683665
0.011221 0.00810962 0.225649 0.00256005 0.00256416 0.00233157 0.0134872 0.0135425 0.00994277
0.0113701 0.00824133 0.219224 0.00315014 0.00315832 0.00270942 0.0134024 0.0134839 0.00808753
0.0121577 0.00861817 0.251984 0.00291557 0.00292351 0.0024884 0.013394 0.0134645 0.00876829
0.0118527 0.00861499 0.230444 0.00261571 0.00261479 0.00266639 0.0134556 0.0135343 0.00845087
0.0117071 0.00844921 0.235182 0.00301351 0.00301407 0.00298117 0.013239 0.0132574 0.0119887
0.0121114 0.00887108 0.221485 0.00270966 0.00271847 0.00216234 0.0133195 0.0133397 0.0120129
0.0120658 0.00882304 0.23205 0.00275878 0.00274987 0.0032847 0.0134479 0.013439 0.0140383
0.0117081 0.00848797 0.244507 0.00281797 0.00281505 0.00300592 0.0135286 0.0134841 0.0167966
0.0118456 0.00860561 0.225771 0.00295927 0.00296329 0.00270836 0.013279 0.0132204 0.0173443
0.0115815 0.00840236 0.227079 0.00279051 0.0027909 0.00276738 0.013787 0.013753 0.0162087
0.0113718 0.00821312 0.223514 0.00260057 0.00259688 0.00280291 0.0135785 0.0135811 0.0134157
0.0113671 0.00810994 0.271027 0.00261698 0.00261455 0.00277388 0.0137374 0.0136997 0.0166961
0.0115704 0.00833189 0.233714 0.00294156 0.00293952 0.0030624 0.0134765 0.0134473 0.0155138
0.0118576 0.00853852 0.227342 0.00304978 0.00306064 0.00239752 0.014117 0.0141128 0.0143834
0.0119286 0.0086617 0.224613 0.00299734 0.00298905 0.00352623 0.0137278 0.0136594 0.0184445
0.0122071 0.00869521 0.247412 0.00291736 0.00292462 0.00248515 0.013889 0.0138454 0.0167893
0.0124602 0.00898096 0.238061 0.0028786 0.00288154 0.00270765 0.0140678 0.0140616 0.0144696
0.0123957 0.00889712 0.246137 0.00280915 0.00279742 0.00347039 0.013977 0.0140012 0.0124227
0.0125536 0.0090564 0.255606 0.00268359 0.00267827 0.00297182 0.0141591 0.0140902 0.0187226
0.0117544 0.00846688 0.222567 0.00282123 0.00282767 0.00243854 0.0134258 0.0132939 0.0221926
0.0117041 0.00828541 0.247503 0.0025997 0.00260004 0.00257745 0.0133622 0.0132963 0.0181328
0.0122295 0.00879697 0.261822 0.00306027 0.00305502 0.00338806 0.0131883 0.0131173 0.0186208
0.0122396 0.0089017 0.277287 0.00288426 0.00287392 0.00355728 0.0132994 0.013198 0.0210757
0.0119011 0.00862732 0.276051 0.00282543 0.00282076 0.0031386 0.0130028 0.0129194 0.0198943
0.0116992 0.00835034 0.27149 0.00306677 0.00307261 0.00269773 0.0129962 0.0129181 0.0194082
0.0114908 0.00838583 0.244457 0.00293259 0.0029303 0.00307256 0.0130887 0.0130451 0.0163527
0.0118849 0.00866492 0.247865 0.00270065 0.00270255 0.00258768 0.0130999 0.0131188 0.01177
0.0114612 0.00837934 0.241877 0.00252471 0.00252598 0.00243871 0.0130344 0.0130383 0.012742
0.0120307 0.00867894 0.248513 0.0030539 0.00304893 0.0033877 0.0132441 0.0132293 0.0142523
0.0120073 0.00870401 0.23895 0.00326266 0.00326867 0.00287484 0.0128448 0.0127829 0.0171047
0.0124414 0.00907504 0.292525 0.00317627 0.00317233 0.00344414 0.0130331 0.0129608 0.0189087
0.0123295 0.00894251 0.275487 0.00284848 0.00284839 0.00285472 0.0132239 0.0131662 0.0179445
0.0125466 0.00911175 0.278429 0.00321885 0.00321233 0.00370283 0.01349 0.0133979 0.0210518
0.0120833 0.00879306 0.256334 0.00294247 0.00293169 0.00379074 0.0132671 0.0132048 0.0183628
0.0113715 0.00820446 0.265129 0.00275274 0.00274478 0.00336144 0.0130113 0.0129763 0.0159889
0.0122462 0.00856859 0.293749 0.00282218 0.00282621 0.00253956 0.0135864 0.0134906 0.0210623
0.0117664 0.00832688 0.267706 0.00251213 0.00250387 0.00306095 0.0133379 0.0132885 0.0171318
0.0117232 0.00854548 0.26276 0.00280132 0.00280273 0.00271104 0.0133289 0.0132941 0.0158521
0.0113988 0.0083902 0.245886 0.00272986 0.00272644 0.00295126 0.0135461 0.0135031 0.0166247
0.011724 0.00854882 0.241519 0.00317265 0.00315633 0.0043222 0.0131231 0.0130552 0.018489
0.0118673 0.00869604 0.244957 0.00290949 0.0029076 0.00304456 0.0132774 0.013241 0.0159612
0.0112782 0.00822696 0.223678 0.0031321 0.00313306 0.00306266 0.0135163 0.0134494 0.0184963
0.0117241 0.00858906 0.252743 0.00306416 0.00306247 0.00317976 0.0134342 0.0134073 0.0155059
0.0125732 0.00904898 0.279559 0.00278944 0.00279155 0.00266685 0.0139874 0.0139406 0.0171343
0.0124901 0.00912068 0.262517 0.00256587 0.00256811 0.00241074 0.0139187 0.0138745 0.0176167
0.0123342 0.00893248 0.278733 0.00263419 0.00263286 0.00273237 0.0136583 0.013626 0.0163397
0.0119397 0.00858908 0.316249 0.00284323 0.00284123 0.00297234 0.0141185 0.0140991 0.0157239
0.0123074 0.00904799 0.261998 0.00290561 0.00290381 0.00303022 0.0142441 0.0142124 0.0167206
0.0121199 0.00904642 0.216828 0.0032311 0.00323163 0.00319423 0.0144287 0.0144376 0.0138024
0.0120508 0.00876589 0.250913 0.00297761 0.0029826 0.00263649 0.0139666 0.0139352 0.0163886
0.0118628 0.00862841 0.273444 0.00263418 0.00262595 0.0032131 0.0134027 0.0134083 0.0129512
0.0117782 0.0086143 0.241298 0.00307785 0.00307677 0.00314876 0.0132145 0.0132187 0.0129256
0.0119282 0.00873167 0.238879 0.00286511 0.00287052 0.00248196 0.0135146 0.0135143 0.0135321
0.011032 0.00801242 0.243449 0.00282691 0.00282542 0.00292347 0.0136631 0.0136643 0.0135738
0.0112349 0.00819596 0.235673 0.00300215 0.002995 0.00349328 0.0140173 0.013963 0.0181936
0.0113602 0.00802393 0.259128 0.00288461 0.00288665 0.00273914 0.0138091 0.0137705 0.0168832
0.0119964 0.00857338 0.241062 0.00249726 0.00249646 0.00255292 0.0138076 0.0138077 0.0137993
0.0119266 0.00852006 0.285993 0.00294156 0.00294427 0.00275223 0.0135289 0.0134739 0.0179152
0.0116915 0.00858092 0.254217 0.00288286 0.00288575 0.00268373 0.0133689 0.0133339 0.0161645
0.012023 0.00870745 0.248986 0.00259117 0.00258334 0.00317457 0.0133526 0.0133936 0.0102134
0.0120411 0.00874938 0.283499 0.00290803 0.00291532 0.00238651 0.0133089 0.0133287 0.0117619
0.0123044 0.00887238 0.274961 0.0027762 0.00277448 0.00289895 0.0134295 0.0134297 0.0134161
0.0119615 0.00872206 0.247677 0.00271134 0.00271812 0.00225593 0.0134325 0.0134492 0.0122533
0.0124738 0.00902029 0.286414 0.00267403 0.00266803 0.00311895 0.0134089 0.0133954 0.0146344
0.011932 0.008659 0.266816 0.00303587 0.00303674 0.00298016 0.0138843 0.0138201 0.0186536
0.0117398 0.0084515 0.29578 0.0027073 0.00270468 0.00288335 0.0135767 0.0135938 0.0121637
0.0118481 0.00856026 0.276789 0.00302159 0.0030236 0.00287328 0.013826 0.0138157 0.0147343
0.0119403 0.00860602 0.273994 0.00293492 0.00293116 0.00321789 0.0139671 0.0139814 0.0126709
0.012485 0.00899798 0.294469 0.0029368 0.0029266 0.0036983 0.0139804 0.0139871 0.0134349
0.0116953 0.00863473 0.245693 0.00277035 0.00276103 0.0033956 0.0138085 0.013818 0.013081
0.0117622 0.00857423 0.259828 0.00260734 0.00260771 0.00258158 0.0137162 0.0137355 0.0122205
0.0112849 0.00817914 0.240199 0.00277331 0.00277027 0.00297317 0.013346 0.0133655 0.0119173
0.0112624 0.00815724 0.251486 0.0026776 0.00267269 0.00301794 0.0136524 0.0136739 0.0119776
0.0116388 0.00826743 0.267964 0.00278419 0.00279278 0.00216114 0.0137176 0.0137547 0.0105134
0.0117161 0.00839785 0.277282 0.00290798 0.00290082 0.00341243 0.0138483 0.0139177 0.00840201
0.0117421 0.00851653 0.2828 0.00285117 0.00286071 0.00221137 0.0133966 0.0134422 0.0098529
0.0114769 0.00832972 0.252604 0.00298303 0.00299112 0.00238907 0.0130014 0.0130375 0.0101961
0.0117783 0.00870972 0.268251 0.00279323 0.00279256 0.00284027 0.0132938 0.0133205 0.0110132
0.0115015 0.00840209 0.27185 0.0029635 0.00296801 0.00265857 0.013703 0.0137101 0.0131487
0.0116679 0.00858995 0.266542 0.00271966 0.00271646 0.0029371 0.0135691 0.0136468 0.00753084
0.0114086 0.00833044 0.226629 0.00292456 0.00292171 0.00309413 0.0133752 0.0134759 0.00607248
0.0113186 0.00815864 0.280423 0.00274784 0.00274661 0.0028313 0.0129406 0.0129799 0.00976315
0.0120131 0.00877216 0.271895 0.00264835 0.00264537 0.00286095 0.0137452 0.0138537 0.0057556
0.0119816 0.0086761 0.2644 0.00282158 0.00281493 0.00329671 0.0135724 0.0136852 0.00475042
0.012078 0.00881181 0.259536 0.00252882 0.00251914 0.0032017 0.0138139 0.0138975 0.00729669
0.0118866 0.00852081 0.253548 0.00297615 0.00298005 0.00273931 0.0134979 0.0135705 0.00837951
0.0114896 0.00817735 0.263622 0.0028488 0.00284563 0.0030575 0.0137267 0.0138213 0.00697523
0.0117584 0.0083871 0.255585 0.00265744 0.00264889 0.0032075 0.0137479 0.0138033 0.00957793
0.012072 0.00857288 0.24154 0.00255406 0.00254454 0.00315513 0.013194 0.0132478 0.00939436
0.0118039 0.00844266 0.258136 0.00297496 0.00296324 0.00380569 0.0137517 0.013749 0.0139753
0.0120373 0.00858538 0.282257 0.00256997 0.00256588 0.00284688 0.0135663 0.0135991 0.0110708
0.0118029 0.00844068 0.256285 0.00319751 0.00319662 0.00324908 0.0134443 0.013486 0.0104021
0.0122927 0.00892594 0.254125 0.00252205 0.00251994 0.00265538 0.0129973 0.0129742 0.0146494
0.0121035 0.00878609 0.274286 0.0029517 0.00295577 0.00270251 0.0131517 0.0131173 0.0157059
0.0125648 0.00905543 0.271124 0.00309884 0.0031045 0.00269751 0.0135022 0.0133938 0.0232046
0.0125073 0.0091097 0.282935 0.00281787 0.00281546 0.00297337 0.013665 0.0135841 0.0199938
0.0124078 0.00901142 0.264537 0.00324366 0.00323444 0.00390335 0.0137873 0.0137543 0.0165283
0.0120591 0.00851886 0.258208 0.00264585 0.00264655 0.00259924 0.0133438 0.0133421 0.0134742
0.0119877 0.0084305 0.253491 0.00262522 0.00262285 0.00277897 0.013588 0.0135713 0.0147604
0.0119689 0.00856662 0.242969 0.00290442 0.00290723 0.00271685 0.0137806 0.0137602 0.0152274
0.0127785 0.00936982 0.241068 0.00262139 0.00262063 0.00266807 0.0140875 0.0140905 0.0138836
0.0126135 0.00919361 0.240936 0.00252495 0.00252747 0.00236643 0.0139378 0.0139198 0.0152382
0.0122892 0.00889788 0.266739 0.00311578 0.00310566 0.00372274 0.0135369 0.0135166 0.0150218
0.0122145 0.00880582 0.238351 0.00287012 0.00287161 0.00277539 0.0138325 0.0137951 0.0164676
0.0123289 0.00871051 0.260724 0.00284361 0.00285051 0.00245839 0.0135464 0.0134108 0.0228286
0.0122436 0.00861818 0.267331 0.00257632 0.00256892 0.00299133 0.0136255 0.0135801 0.0166283
0.0121712 0.00860762 0.253086 0.00282871 0.002821 0.00329777 0.0136925 0.0135937 0.020434
0.0123463 0.00868284 0.288879 0.00257668 0.00257017 0.00300703 0.013783 0.0136025 0.0273584
0.0113793 0.00793412 0.290868 0.00273933 0.00274045 0.00266851 0.0131528 0.0129833 0.0258507
0.0121448 0.00841537 0.284818 0.00287942 0.00287081 0.00341942 0.0134095 0.0132519 0.0250206
0.0120848 0.00834727 0.284922 0.00268148 0.00268525 0.00244827 0.0132285 0.0131139 0.0212726
0.0122097 0.00861224 0.248354 0.00267896 0.00267849 0.00271 0.0132119 0.0131353 0.0182729
0.0119984 0.00842513 0.252631 0.00259157 0.00259668 0.00223722 0.0131667 0.0130964 0.0181793
0.0119719 0.00851522 0.262007 0.00283284 0.00282715 0.00322868 0.0130064 0.0129487 0.0176326
0.0120354 0.00845789 0.260816 0.00259361 0.00259354 0.00259811 0.0128133 0.0127446 0.0180069
0.0117676 0.00813052 0.25928 0.00265197 0.00264392 0.00310322 0.0126037 0.0125861 0.0137673
0.0118378 0.00824276 0.247221 0.00292798 0.00292109 0.00333314 0.0129489 0.0129569 0.0124219
0.0118388 0.00822477 0.265299 0.00308861 0.00309798 0.00258024 0.0126849 0.0127029 0.0115724
0.0118998 0.00840456 0.228269 0.00291748 0.002917 0.00294929 0.0129013 0.0128823 0.0141684
0.0119588 0.00858444 0.213348 0.00287098 0.00286773 0.00307257 0.0127838 0.0127743 0.0134133
0.0124915 0.00889824 0.265416 0.00278474 0.00278919 0.00249477 0.0127249 0.0127127 0.0135701
0.0124585 0.00895817 0.258715 0.00292984 0.00293028 0.00290397 0.0125814 0.012593 0.011809
0.0125937 0.00883394 0.29214 0.00332809 0.00333119 0.0031562 0.0127107 0.0127271 0.0116487
0.0127968 0.0091462 0.299093 0.00255999 0.00255724 0.00274643 0.0126697 0.0126467 0.0144499
0.0132898 0.00957238 0.289912 0.00281674 0.00281376 0.00302924 0.0128442 0.0127705 0.0183358
0.0132539 0.00957776 0.284025 0.00277054 0.00277253 0.00263169 0.0136167 0.013567 0.0177082
0.0126873 0.00917528 0.316127 0.002874 0.00288083 0.00241849 0.0138641 0.0137792 0.020572
0.0129992 0.00932111 0.326125 0.00262759 0.00261476 0.00355348 0.0135778 0.013441 0.0253171
0.0126675 0.0090822 0.304305 0.00314824 0.00314272 0.00351322 0.0135231 0.0134269 0.0208231
0.0122597 0.00879431 0.278892 0.00263179 0.00263316 0.00253786 0.012703 0.0126534 0.0164956
0.0119674 0.0085096 0.270611 0.00289169 0.00288765 0.00315849 0.0129272 0.0129303 0.0127087
0.0121559 0.0085526 0.292884 0.003434 0.00342838 0.00378305 0.012885 0.0128682 0.0141132
0.0121499 0.00847271 0.27762 0.00261147 0.00261025 0.00268734 0.0131489 0.0131647 0.0120052
0.0118052 0.00832307 0.253863 0.00250377 0.00249437 0.00302716 0.0124573 0.0124613 0.0121887
0.0115692 0.00813961 0.232951 0.00285201 0.00285813 0.00250469 0.0129731 0.0128976 0.0176909
0.0120294 0.00856958 0.238513 0.00273896 0.00273284 0.00311057 0.0128618 0.0127903 0.0175502
0.0120263 0.00863395 0.224753 0.00274977 0.00274533 0.00298459 0.0132824 0.0132491 0.0152325
0.0115937 0.00813928 0.264949 0.00281527 0.00282452 0.00223821 0.0134817 0.0134014 0.0190742
0.0117783 0.008205 0.261041 0.00267079 0.00267833 0.00223498 0.0136284 0.0135384 0.0197499
0.0126213 0.00885523 0.293197 0.00325965 0.00325372 0.00361894 0.0141143 0.0140161 0.021037
0.0126879 0.00883264 0.286735 0.00297463 0.00297911 0.00269131 0.0136973 0.0136784 0.0150847
0.0125261 0.00903161 0.244418 0.00271144 0.00270658 0.00298811 0.0137964 0.0138286 0.0116375
0.0122706 0.00888157 0.241832 0.00285839 0.00286724 0.00239813 0.0139447 0.01391 0.0160473
0.0122991 0.00870825 0.25402 0.00281233 0.00280767 0.00306451 0.0136718 0.0136189 0.0171119
0.0127054 0.00892628 0.258057 0.00312362 0.00312639 0.00296375 0.0139221 0.0139331 0.0131832
0.012656 0.00904564 0.239225 0.00274083 0.00273675 0.00296465 0.0136011 0.0136127 0.0128659
0.0123421 0.00884092 0.236852 0.002877 0.0028734 0.00310191 0.0136656 0.0136783 0.0128356
0.0125656 0.00890906 0.266697 0.00272849 0.00272402 0.00298778 0.013469 0.0134893 0.0120486
0.012735 0.009123 0.262743 0.00277016 0.00277855 0.00224135 0.0140638 0.0141186 0.0103305
0.0126004 0.00898134 0.241304 0.0025298 0.00252956 0.00254539 0.0141412 0.0141682 0.0123728
0.0128206 0.00906678 0.297998 0.00264835 0.00264044 0.00314225 0.0143375 0.0143835 0.0109272
0.0131065 0.00914124 0.299621 0.00293503 0.0029339 0.0030069 0.0143493 0.0143697 0.0128831
0.0129023 0.00909271 0.291224 0.00263413 0.00263444 0.00261347 0.0140892 0.0140833 0.0145483
0.0129737 0.00886951 0.333973 0.00269383 0.00270041 0.00223921 0.0139615 0.0139159 0.0174529
0.0122718 0.00852727 0.272772 0.00305325 0.00305511 0.00292994 0.0135861 0.0135957 0.0129259
0.0124884 0.00859943 0.280515 0.00262717 0.00262392 0.00286361 0.0134174 0.0134195 0.0132585
0.012382 0.00856338 0.309306 0.00299135 0.00299209 0.00293668 0.0135025 0.0134845 0.0148873
0.0124086 0.00881662 0.262296 0.00288685 0.00288703 0.00287421 0.0134481 0.013438 0.0141642
0.0124257 0.00861103 0.29547 0.00284506 0.00284713 0.00269857 0.0129508 0.0129449 0.0133801
0.0120723 0.00854693 0.230042 0.00289978 0.00290643 0.00248158 0.0129297 0.0129852 0.00959872
0.012783 0.0089188 0.30459 0.00298423 0.00299151 0.00250641 0.013565 0.0135393 0.0153657
0.0124438 0.00860288 0.297578 0.00297261 0.00297987 0.00253953 0.0133814 0.0133324 0.0166915
0.0125308 0.00891626 0.260662 0.00303873 0.00304272 0.00277478 0.0132702 0.0132496 0.0148112
0.0131076 0.00921479 0.343477 0.00290482 0.00290598 0.00282898 0.0131512 0.0131347 0.0144043
0.0130485 0.00913602 0.301076 0.00279276 0.00279394 0.00271863 0.0132309 0.0132761 0.0100137
0.0127372 0.00872466 0.323528 0.00279623 0.0027996 0.00256498 0.0128976 0.0129349 0.0097324
0.012689 0.00857586 0.348106 0.00265446 0.00265743 0.00245466 0.0130413 0.0130564 0.0118624
0.0122884 0.00847593 0.302371 0.00276735 0.0027654 0.0028983 0.0127095 0.0127433 0.0100416
0.012975 0.00894779 0.34256 0.00276518 0.00276727 0.00261656 0.0131779 0.0132151 0.0100276
0.0125057 0.0088016 0.240624 0.00293764 0.00293892 0.00284794 0.0128449 0.0129167 0.00755702
0.0120931 0.00844157 0.292373 0.00293461 0.0029351 0.00290232 0.0127632 0.0128383 0.00688891
0.0124012 0.00865354 0.278482 0.00279295 0.00278028 0.00363567 0.0133684 0.0134283 0.00874006
0.0121753 0.00848691 0.274581 0.00298048 0.00298094 0.00295139 0.0130539 0.0131298 0.00728996
0.0127461 0.00881883 0.327817 0.00266306 0.00265184 0.00341671 0.0133077 0.0133825 0.00728762
0.0128406 0.008928 0.271893 0.00283628 0.00284115 0.00254631 0.0134925 0.0136161 0.00545715
0.0126035 0.00878654 0.277247 0.00279535 0.00279691 0.00269054 0.0131669 0.0132458 0.00705959
0.0127902 0.00879419 0.336856 0.00279454 0.00279472 0.00278321 0.0130154 0.0130928 0.00695147
0.0120616 0.00836553 0.27243 0.00286796 0.00286781 0.00287908 0.012748 0.0128066 0.00839476
0.0126193 0.00860599 0.320914 0.00279129 0.00279399 0.00261986 0.0128723 0.0129542 0.00682008
0.0126663 0.00879982 0.280956 0.0029369 0.00294047 0.00271112 0.0128929 0.0129662 0.00743082
0.0123506 0.00842323 0.286831 0.00271133 0.00270116 0.00338344 0.0130615 0.0131126 0.00929538
0.0121359 0.00827286 0.255993 0.0025491 0.00255194 0.0023877 0.0132765 0.0133644 0.00777634
0.0121779 0.00819626 0.236143 0.00267762 0.00268014 0.00253622 0.0130809 0.0131952 0.00641956
0.01187 0.00796971 0.255052 0.00290737 0.00291379 0.00255046 0.012933 0.013031 0.00694949
0.0119716 0.00817682 0.282054 0.00277165 0.00276543 0.00315129 0.0133804 0.0134476 0.0084718
0.0122654 0.0084902 0.256588 0.00278078 0.00277392 0.00323992 0.0136372 0.0137104 0.00845414
0.0131242 0.00891575 0.299979 0.00270379 0.0026973 0.00308467 0.0134937 0.0135591 0.00912329
0.0133956 0.00928868 0.271313 0.00261139 0.00260816 0.0027872 0.0136095 0.0137259 0.00662291
0.0127535 0.00896396 0.25703 0.00277975 0.00277652 0.00298206 0.0130053 0.0130753 0.00841324
0.012067 0.00844567 0.237122 0.00307751 0.00308523 0.00262813 0.0126731 0.0127447 0.00818474
0.0123554 0.00875245 0.247009 0.00270324 0.00270117 0.00282048 0.0128667 0.012936 0.00807568
0.0125928 0.0087911 0.254343 0.00275316 0.00274882 0.00297956 0.0128874 0.0130056 0.00600889
0.0122448 0.00835561 0.301301 0.00297928 0.00298306 0.00275169 0.012755 0.0128514 0.00618628
0.0123318 0.00835444 0.294946 0.00289073 0.00288534 0.00323529 0.0128672 0.0129599 0.00615946
0.0123491 0.00850122 0.245851 0.00296895 0.00296588 0.00316767 0.0128395 0.0129324 0.00635622
0.0122902 0.0084704 0.245114 0.00279081 0.00278034 0.00344582 0.0130425 0.0131493 0.00597416
0.0119277 0.00832413 0.196077 0.00302001 0.00302116 0.00295376 0.0123201 0.0124399 0.00547392
0.0119879 0.00806176 0.262182 0.00274823 0.00275212 0.00251966 0.0123791 0.0124558 0.00769709
0.012155 0.00827766 0.272859 0.00287294 0.00286583 0.00333803 0.0124408 0.0124887 0.00920429
0.0121974 0.00845392 0.251683 0.00298679 0.00299766 0.00235543 0.013008 0.0130352 0.011137
0.0119168 0.00820707 0.220897 0.00275856 0.00276112 0.00261627 0.0132949 0.0133379 0.0106895
0.0115522 0.00790084 0.234465 0.00264167 0.0026415 0.00265101 0.0130718 0.0131067 0.0109805
0.0123806 0.00844836 0.251192 0.00303667 0.003051 0.00226276 0.0132205 0.0132808 0.009652
0.0127314 0.00877956 0.24139 0.00259444 0.00259606 0.00250508 0.0135717 0.0136604 0.00843679
0.013254 0.00911937 0.277215 0.00268104 0.00268166 0.00265052 0.0137625 0.0138256 0.0102514
0.0125412 0.00861922 0.232346 0.00349373 0.00349346 0.00350748 0.0137655 0.0138028 0.0117848
0.0129619 0.00871429 0.245827 0.00299135 0.00297089 0.00400942 0.0140231 0.014019 0.0142428
0.0120045 0.00814844 0.262153 0.00259369 0.00259716 0.00239352 0.0134801 0.0134826 0.013315
0.0118935 0.00804904 0.232685 0.00271875 0.002715 0.00292076 0.0129813 0.012983 0.012881
0.0124296 0.00838871 0.245329 0.00249232 0.00249446 0.00236958 0.0134494 0.0134265 0.0147697
0.0121744 0.00825145 0.235872 0.00322649 0.00322565 0.00326963 0.0135802 0.013561 0.0146418
0.0125706 0.00874781 0.24403 0.00351602 0.00351779 0.00341545 0.0135854 0.0135298 0.0171316
0.0130028 0.0090629 0.238862 0.00277211 0.002775 0.00260524 0.0137719 0.0137303 0.0165157
0.0130717 0.00899717 0.223927 0.00261139 0.00261887 0.00217323 0.013666 0.0136932 0.0120648
0.0120873 0.00837107 0.239681 0.00279911 0.00279249 0.00313658 0.0134136 0.0134335 0.0122745
0.0123265 0.00856216 0.254982 0.0027782 0.00276701 0.00345745 0.0133073 0.0133217 0.0123574
0.012757 0.00888381 0.266148 0.00291222 0.00290815 0.00316066 0.0136894 0.0137279 0.0111678
0.0130326 0.00902669 0.238003 0.00279257 0.00278984 0.00295647 0.0137321 0.0137864 0.0104784
0.0124471 0.0086891 0.236094 0.00295598 0.00295747 0.00287936 0.0134759 0.0135218 0.0106951
0.0126395 0.00866387 0.252827 0.0028182 0.00282256 0.00256536 0.0134656 0.0134786 0.0125645
0.0124577 0.00864929 0.252577 0.00274058 0.00274043 0.00274895 0.0130225 0.0130885 0.00885896
0.0122991 0.00846974 0.272077 0.00243755 0.00243116 0.00280299 0.0130412 0.0130588 0.0118313
0.0121419 0.00828163 0.273495 0.00245767 0.0024553 0.00258983 0.0129224 0.0129506 0.0110184
0.0119038 0.008195 0.228741 0.00280408 0.0028137 0.00225286 0.0130819 0.0130876 0.0127208
0.012262 0.0083432 0.260051 0.00274038 0.00274066 0.00272345 0.0133991 0.0133567 0.0162192
0.0123101 0.00842443 0.227315 0.00253469 0.00252615 0.00299102 0.0131643 0.0131879 0.0119108
0.0126965 0.00878308 0.261951 0.00256939 0.00255188 0.00358017 0.0128964 0.0129016 0.0125712
0.0133134 0.00941499 0.235068 0.00286378 0.00285751 0.00321649 0.0136321 0.0136466 0.0127686
0.0127437 0.00893308 0.215452 0.00330561 0.00331292 0.00293664 0.0137231 0.0137529 0.0120884
0.0128052 0.00889378 0.231132 0.00262828 0.00262992 0.00254125 0.0137966 0.0137858 0.014437
0.0129566 0.00901584 0.234179 0.00276289 0.00276175 0.0028206 0.0139427 0.0139483 0.0136124
0.0131395 0.0093871 0.210305 0.00292999 0.00293151 0.00285382 0.0140684 0.0140341 0.0159082
0.0125358 0.00869583 0.219977 0.00270068 0.00269316 0.00303339 0.0133635 0.0134149 0.0107529
0.0124554 0.00856637 0.257369 0.00292004 0.00291014 0.00341707 0.0135397 0.0135463 0.0131288
0.0127746 0.00863108 0.280252 0.00270694 0.00270692 0.00270805 0.0135259 0.0135125 0.0143515
0.0122771 0.0084438 0.252817 0.00283322 0.00283894 0.00250754 0.0130627 0.0130675 0.0127438
0.0122291 0.00843855 0.243814 0.0028656 0.00285972 0.00319502 0.0127912 0.012816 0.0112698
0.0122996 0.00840219 0.254987 0.00318079 0.00317765 0.00335368 0.0130209 0.0130402 0.0118749
0.0126541 0.00892083 0.240826 0.00295366 0.00295053 0.0031345 0.0134879 0.0134451 0.0162747
0.0126502 0.00883392 0.264823 0.00257346 0.0025775 0.00236674 0.0136151 0.01364 0.012161
0.0132804 0.00933163 0.245973 0.00282707 0.00282108 0.00318059 0.0140305 0.0140604 0.0121855
0.0126104 0.00868772 0.254954 0.00233824 0.00234395 0.00203126 0.0134512 0.0134621 0.0128022
0.0130041 0.00919035 0.24034 0.00248087 0.00248617 0.00218624 0.013924 0.0139441 0.0127321
0.0129847 0.00916681 0.21785 0.00253878 0.00253987 0.0024882 0.0132957 0.0133214 0.011951
0.0131367 0.00949998 0.204721 0.003103 0.00309627 0.00346009 0.0135719 0.0135603 0.0142011
0.0127794 0.00902107 0.222995 0.00298109 0.0029857 0.00275518 0.0131931 0.0132127 0.01206
0.0126323 0.0087736 0.216341 0.0028444 0.00284496 0.00281673 0.0135927 0.0136265 0.0118719
0.012535 0.00867213 0.216784 0.00264932 0.0026545 0.00240661 0.0135334 0.013574 0.0113679
0.013203 0.0093129 0.235027 0.00288908 0.00288139 0.00328178 0.0138284 0.0138762 0.0108344
0.0129363 0.00903841 0.242909 0.00275291 0.00276262 0.0022405 0.0134401 0.0134998 0.00984424
0.0131886 0.00883219 0.277761 0.00286277 0.00286674 0.00265783 0.013292 0.0133898 0.00737643
0.0120695 0.00840385 0.240347 0.00289887 0.00288074 0.00392868 0.0132485 0.013338 0.00737691
0.0129304 0.00877756 0.239676 0.00274311 0.0027513 0.00229566 0.013113 0.013235 0.0052396
0.0128828 0.00866332 0.273646 0.00269111 0.00269892 0.00223886 0.0131763 0.0132777 0.00652195
0.0130649 0.00873125 0.302717 0.00269599 0.00270331 0.00225866 0.0134713 0.013525 0.00974909
0.0125742 0.0086335 0.286508 0.00256152 0.00255849 0.00275039 0.013041 0.0130581 0.0117949
0.0133857 0.00943512 0.292408 0.00256352 0.00257016 0.00218294 0.0135136 0.0135408 0.0116191
0.012974 0.0088821 0.301453 0.00277411 0.0027727 0.00285873 0.0133035 0.0133294 0.0113953
0.01325 0.00910891 0.303244 0.00273377 0.0027357 0.00262179 0.0133216 0.0133221 0.0132844
0.0130201 0.00916036 0.26929 0.0025003 0.00250082 0.00247099 0.0131709 0.0131783 0.012677
0.0126668 0.00886349 0.255221 0.0027768 0.00277495 0.00287937 0.0130068 0.0130721 0.00906479
0.0127227 0.00886025 0.274642 0.0027696 0.00276777 0.00287167 0.0134763 0.0135113 0.0111716
0.0126441 0.00881971 0.257403 0.00283169 0.00283161 0.00283718 0.0134726 0.0135206 0.0101528
0.0134235 0.00950142 0.279385 0.00298391 0.00297573 0.00350464 0.0140655 0.0140753 0.0134014
0.013302 0.00953989 0.242696 0.00292766 0.00293258 0.00264949 0.014454 0.0145228 0.0102044
0.0129477 0.00914368 0.259524 0.00309176 0.00308574 0.00345027 0.0139019 0.013933 0.0119972
0.0129832 0.00917425 0.280352 0.00262204 0.00262502 0.00244086 0.0139234 0.0138904 0.0162218
0.012417 0.00869251 0.263229 0.00306786 0.00305672 0.00371037 0.0135184 0.0135392 0.0121983
0.0128517 0.00883698 0.275919 0.00292973 0.00292623 0.0031479 0.013635 0.0136529 0.0124815
0.0125345 0.00878359 0.218917 0.00315611 0.00315783 0.00304633 0.0139976 0.0140215 0.0124302
0.0132759 0.00941546 0.265525 0.00279786 0.00279513 0.00295802 0.0144646 0.0145395 0.00974198
0.0132216 0.00935042 0.248985 0.00338535 0.00337148 0.00415931 0.0141307 0.0141891 0.0105903
0.012768 0.00904103 0.23784 0.0025446 0.00254315 0.00263344 0.0141422 0.0141783 0.0120217
0.0128819 0.00914697 0.261153 0.00305146 0.00304099 0.00366053 0.0138863 0.0138786 0.0143866
0.0127624 0.00900143 0.247411 0.00296597 0.00295122 0.00382376 0.0137948 0.0137654 0.0156453
0.0133562 0.00946837 0.23523 0.00277248 0.00277986 0.00230471 0.0143403 0.0143108 0.016193
0.0131648 0.00947466 0.236069 0.00297961 0.00296862 0.00360967 0.0134017 0.0133846 0.0144265
0.0128482 0.00894352 0.249509 0.00300207 0.00299777 0.00326138 0.0133987 0.0133714 0.0152093
0.0129499 0.00904691 0.286812 0.00305468 0.00304663 0.00353108 0.0137649 0.0137089 0.0177849
0.0129229 0.00895589 0.273285 0.00267363 0.00267759 0.0024332 0.0137544 0.0137774 0.01225
0.0118857 0.00827486 0.214975 0.0028077 0.00281034 0.00266754 0.0133782 0.0133982 0.0122032
0.0127047 0.0086316 0.301104 0.002863 0.00286093 0.00297519 0.0130954 0.0130804 0.0140748
0.0122749 0.00859053 0.24577 0.00287005 0.00286274 0.00327463 0.0129079 0.0129202 0.0120793
0.0121626 0.00843914 0.252185 0.0027392 0.00274378 0.0025 0.0131035 0.0131636 0.00961914
0.0124052 0.00852336 0.270809 0.00296257 0.00297095 0.00251151 0.0131335 0.0132104 0.00820685
0.0128777 0.00894261 0.258768 0.00273373 0.00272644 0.00308991 0.013217 0.0133339 0.00650025
0.0126052 0.00887591 0.228121 0.00311242 0.00310146 0.00370759 0.0130903 0.0131813 0.00744548
0.0123776 0.00864725 0.23108 0.00291537 0.00290687 0.00335814 0.0133237 0.0133942 0.00888368
0.0130332 0.00911676 0.246299 0.0028024 0.00279486 0.00318834 0.0137895 0.0138797 0.0083483
0.0127208 0.00869614 0.251324 0.002868 0.00286734 0.00290211 0.0138562 0.0139071 0.010857
0.0126674 0.00868035 0.236395 0.00287688 0.00288273 0.00258524 0.0139056 0.0139615 0.0105529
0.0130235 0.00895263 0.261647 0.00291453 0.00291713 0.00278641 0.0140694 0.0141017 0.0121592
0.0128131 0.008989 0.23319 0.00260081 0.0025985 0.00272135 0.0140964 0.0141482 0.0109759
0.0128776 0.0092035 0.238613 0.00303798 0.00304573 0.00264145 0.0139881 0.0140642 0.00955816
0.0134066 0.00952432 0.238762 0.00308367 0.0030805 0.00324859 0.0139769 0.014096 0.00696256
0.0134354 0.00929265 0.255393 0.00267638 0.00267696 0.00264341 0.0139167 0.0139968 0.00908142
0.0128294 0.00882047 0.260681 0.00281245 0.0028065 0.00314102 0.0136242 0.0136842 0.0100264
0.0126034 0.00885954 0.260289 0.00330538 0.00328986 0.00417379 0.0134211 0.0134794 0.009664
0.0127132 0.00873313 0.292089 0.00304573 0.00303449 0.00366614 0.0134592 0.0135173 0.00943206
0.0133119 0.00918346 0.280576 0.00286928 0.00285208 0.00389587 0.0137091 0.0137202 0.0129342
0.0126535 0.00856524 0.259116 0.00286339 0.00285274 0.00348909 0.0138727 0.013921 0.0106949
0.012504 0.00860449 0.29786 0.00310792 0.00311508 0.00267002 0.0136925 0.0137197 0.0116675
0.0131204 0.00919942 0.229904 0.00288332 0.00288083 0.00303515 0.0140625 0.0141206 0.0104198
0.0127861 0.00907615 0.25393 0.00283951 0.00282635 0.00362363 0.0141009 0.0141498 0.0108541
0.0127365 0.00893988 0.227117 0.00283741 0.00283243 0.00311777 0.0141281 0.0141801 0.010807
