1600 50 799
0 0
-0.00195331 -0.000970258
0.0118846 0.00519592
0.311571 -0.280206
2.14174 -0.402744
2.368 -0.552493
2.37736 -0.58046
2.46229 -0.763575
2.3595 -1.30695
2.31319 -1.4946
2.39594 -2.01986
2.27198 -2.27578
2.17359 -2.35041
2.29248 -2.65516
2.27446 -2.63237
2.25371 -2.94452
2.25245 -3.15277
2.2166 -3.92059
2.23921 -4.29653
2.25805 -4.77333
2.71043 -5.22366
4.16725 -5.43637
4.89433 -5.42284
5.62699 -5.5553
5.88408 -5.90495
5.81833 -6.19399
5.88029 -6.22346
5.8831 -6.24362
5.82007 -6.40585
6.03008 -6.56406
5.93846 -7.08609
5.97863 -7.1936
5.94838 -7.52916
5.92485 -7.25785
5.74942 -7.06612
5.79317 -7.08646
5.99747 -7.49129
6.15988 -7.81675
6.35273 -8.05975
6.35708 -8.41725
6.37641 -8.32831
6.44373 -8.26529
6.43105 -8.35293
6.63187 -8.44316
6.55236 -8.39678
6.52163 -8.55347
6.55781 -8.46546
6.46791 -8.55954
6.60274 -8.50062
6.56819 -8.18944
6.70163 -8.19218
6.76636 -8.14471
6.76355 -7.91411
6.70775 -8.01251
6.81301 -8.27829
6.72311 -8.15436
7.03773 -8.53473
8.02955 -8.27503
8.33146 -8.57726
8.70665 -8.55048
8.6744 -8.80991
8.78686 -8.47314
8.7476 -8.79427
8.6768 -8.69088
8.87895 -8.59518
8.80827 -8.82164
8.88658 -8.87983
8.58108 -8.66668
8.4726 -8.41888
8.67889 -8.19292
8.56562 -8.48265
8.72773 -8.36969
8.79942 -9.01136
8.91525 -8.99854
8.59973 -8.80212
8.65855 -8.81202
8.82331 -8.98709
9.1077 -9.12934
9.02301 -8.96713
8.70336 -8.76594
8.75289 -8.83811
8.87899 -8.71421
8.91553 -8.69813
8.48922 -8.94107
8.53962 -8.77234
8.75423 -8.82945
8.53956 -8.82567
8.51142 -8.96301
8.42609 -9.03755
8.73558 -9.09078
8.90087 -8.98827
8.68812 -8.69476
8.74673 -8.77689
9.00478 -8.70609
8.93961 -8.82895
9.04582 -8.85912
8.9136 -9.06515
8.79334 -9.01685
8.59858 -8.83055
8.81764 -8.77922
8.79196 -8.80926
8.74735 -8.98582
8.83474 -9.01492
8.72478 -8.94689
8.94181 -8.46511
8.97112 -8.50395
8.81241 -8.67918
8.85932 -8.55253
8.84848 -8.88082
8.80874 -9.18005
8.57969 -9.37364
8.63098 -9.22845
8.58152 -9.27525
8.91791 -9.32056
8.63887 -9.30381
8.50925 -9.30645
8.68634 -8.82668
8.8691 -8.83478
8.47703 -8.85603
8.48837 -8.85342
8.88911 -8.99167
8.93686 -9.06546
8.79125 -9.11222
8.61441 -8.77364
8.61803 -9.05224
8.68059 -8.74839
8.47017 -9.01461
8.61736 -9.33613
8.73089 -9.26897
8.68167 -8.95822
8.68887 -8.92331
8.84451 -9.06042
8.87959 -8.83813
8.75128 -8.88479
8.75286 -8.99095
8.67109 -9.05937
8.78085 -8.9668
8.73315 -8.95236
8.68849 -9.09489
8.42878 -9.22966
8.84907 -8.86803
8.87607 -8.81524
8.86394 -9.0595
8.86419 -8.91617
8.88484 -8.50042
8.76488 -9.02786
8.5803 -8.84917
8.96807 -9.05685
8.83368 -8.88697
8.58681 -8.5916
8.70924 -8.9269
8.93529 -8.7474
9.01646 -8.90548
9.18333 -9.1183
8.95704 -8.78238
8.66945 -8.76591
8.86387 -8.71628
9.00792 -8.79702
8.74242 -8.61111
8.86902 -8.78604
8.96724 -8.71868
8.72141 -8.92692
9.00752 -8.82662
8.65378 -8.96186
8.76364 -8.87917
8.685 -8.97837
8.66784 -8.94016
8.51613 -9.09975
8.58884 -8.91752
8.91978 -9.10988
8.96356 -9.2577
8.98456 -8.76066
8.87282 -9.40879
8.67216 -9.5387
8.66419 -8.80961
8.87071 -9.31068
8.72985 -9.65295
8.69458 -9.34438
8.60034 -9.25012
8.95691 -9.24747
8.66803 -9.3069
8.73439 -9.09006
8.78501 -9.0622
8.61564 -9.32009
8.97493 -8.94974
8.70267 -8.96933
8.98159 -8.75375
8.85186 -8.8728
8.72614 -9.29461
8.8121 -9.11182
8.76873 -8.80893
8.82486 -8.91145
9.06403 -9.00112
8.98145 -8.77758
8.90212 -9.06431
8.91968 -9.11045
8.94771 -9.27923
8.38605 -9.20886
8.36974 -9.11159
8.53365 -8.94222
8.52212 -8.68595
8.76093 -9.1951
8.60615 -9.07424
8.88194 -9.2453
8.91865 -9.13336
8.8312 -8.70749
8.87659 -8.85512
8.56538 -8.92971
8.85974 -8.97622
8.96177 -8.86425
9.03874 -8.43098
8.87332 -8.86667
8.69787 -9.02859
8.50612 -9.05617
8.49387 -9.20745
8.89662 -9.24573
8.93373 -8.83687
8.96947 -8.88462
9.05029 -9.18847
8.92608 -8.7674
8.77286 -9.2021
8.93051 -9.38117
8.75939 -9.17352
8.95255 -9.22827
8.738 -9.44927
8.58218 -9.15207
8.7184 -9.21151
8.38086 -8.80324
8.77238 -9.10898
8.7574 -9.06146
8.52806 -8.85161
8.70986 -8.85376
8.57582 -9.07979
8.7215 -8.91331
9.15477 -9.36488
8.87275 -9.53464
8.66921 -9.40055
9.07332 -9.24433
9.06948 -9.27145
8.96296 -9.36728
9.15672 -8.97398
8.94631 -9.15807
9.17128 -9.22974
8.87657 -9.11605
8.92014 -9.00559
8.95551 -8.96413
8.90104 -8.61187
9.02949 -9.26857
9.02781 -9.13779
9.03471 -8.8614
8.78131 -9.08617
8.83749 -9.06946
8.71369 -8.94847
8.76338 -9.1849
9.18114 -9.16545
9.29989 -9.25158
9.17984 -9.31771
9.43184 -9.54937
9.04956 -9.29876
8.93156 -9.18813
8.61432 -9.16283
8.63429 -9.22103
8.9827 -9.12399
8.81259 -9.22447
8.81424 -9.08358
8.7556 -8.93651
8.6939 -9.09583
8.75656 -9.00812
8.64981 -8.77295
8.5135 -9.16895
8.56304 -8.87924
8.76541 -9.0205
8.92531 -9.06559
8.91519 -9.05478
9.01219 -8.89924
8.85634 -9.05485
8.67214 -9.01768
8.75652 -8.82886
9.00667 -9.16583
8.68462 -9.11138
8.57679 -9.03242
8.76146 -9.28289
8.73853 -9.03881
8.82358 -9.19628
9.08121 -8.99541
8.69457 -8.89953
8.82185 -9.39531
8.75611 -9.12216
8.69965 -9.24599
8.54711 -9.19758
8.94529 -8.81772
8.81788 -8.82538
9.03314 -9.06495
8.82832 -9.10361
8.90419 -9.01276
8.77204 -8.6127
8.65871 -8.80064
8.60455 -9.33443
8.9495 -8.80951
8.83214 -8.75799
8.88803 -8.91902
8.62181 -8.85676
8.69241 -8.70699
8.85836 -8.96157
8.66941 -8.63128
8.82302 -8.73937
8.70093 -9.02033
8.75272 -8.46884
8.71284 -8.74581
8.2876 -9.04365
8.61489 -9.03798
8.99297 -9.11933
8.78308 -9.11671
8.73431 -9.19594
8.86091 -9.19349
9.05303 -9.22037
8.87491 -9.25822
9.00157 -9.12821
8.76077 -9.07525
8.89707 -9.52052
8.77649 -9.32767
8.48361 -9.35806
8.5666 -9.14779
8.71158 -9.09412
8.76571 -8.98949
8.798 -9.10171
9.0233 -9.26809
8.94622 -9.25092
8.74624 -9.09804
8.76373 -8.89021
8.59914 -8.85398
8.85934 -8.78686
8.82533 -9.16588
8.81358 -9.22038
8.84343 -8.80876
8.76872 -8.70804
8.85609 -8.98839
8.78428 -8.59231
8.95033 -8.73662
8.88896 -8.47345
8.87511 -8.89648
8.64952 -8.93061
9.04952 -8.97091
8.82826 -8.74827
8.80977 -8.77523
8.93011 -8.78718
9.07013 -8.7057
9.21845 -8.98529
8.78533 -9.35287
8.83099 -9.58448
9.0941 -8.99344
8.92979 -8.91408
8.56569 -9.21829
8.60868 -9.15761
8.91202 -9.3536
8.94858 -9.5314
8.8428 -9.4203
8.93351 -9.22183
9.07425 -9.16575
8.72548 -9.26308
8.92989 -9.50243
8.80785 -8.96548
8.65508 -8.86965
8.85411 -9.1216
8.61974 -8.93318
8.65672 -8.90298
8.83292 -8.71914
8.59013 -8.77196
8.69452 -8.78742
8.77475 -8.87359
9.03118 -9.21628
8.7516 -8.91973
8.94587 -8.70896
8.72615 -8.97509
8.93188 -8.65257
8.92005 -8.71257
8.95328 -8.94637
8.72164 -9.05677
8.97537 -8.82767
8.84201 -9.06256
8.70724 -8.66829
8.76476 -9.13001
8.84154 -9.23978
8.80313 -8.82875
8.77315 -8.92784
8.8638 -8.84014
8.99176 -9.01729
8.95686 -8.98189
8.8164 -9.01054
8.83161 -8.7655
8.86454 -8.91151
9.02438 -8.78024
8.84741 -8.68811
8.78963 -8.89007
8.90084 -8.69747
8.67251 -8.73117
8.81408 -8.74167
8.75979 -8.8793
8.71451 -8.82126
8.69611 -9.2311
8.61971 -8.92466
8.85292 -8.94137
8.85471 -8.88212
8.67902 -9.09995
8.84221 -9.00816
8.73779 -9.24524
8.82222 -9.1122
8.97786 -8.97912
8.88496 -8.89302
8.68176 -8.905
8.5119 -8.87096
8.6983 -9.03388
8.71934 -9.0313
8.6765 -9.37555
8.71 -9.0104
9.07819 -8.67131
8.84897 -8.64138
9.22813 -9.10455
8.91623 -9.32658
8.76579 -9.1442
8.79654 -9.13739
8.81302 -9.31661
8.57227 -9.2416
8.73506 -8.95292
8.77935 -9.10654
8.74811 -9.13865
8.76808 -8.61664
8.99697 -8.80747
8.97903 -8.97329
8.74902 -8.90988
8.85726 -8.64819
9.00475 -8.76817
8.95112 -8.93833
8.74693 -8.55195
8.8026 -8.78008
8.8069 -8.54327
8.6983 -8.82301
9.09862 -9.00671
8.96597 -9.1955
8.76491 -8.84808
8.89706 -9.24004
8.65834 -9.04143
8.70535 -8.87734
8.88227 -8.80063
8.8027 -8.67783
8.84837 -8.87192
9.06909 -9.02964
8.79186 -8.37362
8.85111 -8.91603
8.73893 -8.88194
8.78506 -8.72443
8.92411 -8.79462
8.90962 -8.63026
8.97427 -8.95899
8.78413 -8.90549
8.90804 -8.78878
8.93253 -8.77626
8.72129 -8.81079
9.06908 -8.92102
8.86517 -9.05966
9.05084 -8.76354
8.89463 -8.70546
8.66702 -8.77601
8.90524 -8.85615
8.88061 -8.84953
8.9741 -8.8973
9.20627 -8.87768
9.38385 -8.92506
9.08318 -8.88744
9.17536 -8.72802
9.13337 -8.88206
8.97473 -8.66382
8.98139 -8.9319
9.10999 -9.17653
9.29466 -8.79982
9.19034 -9.01249
9.12134 -9.01855
8.89772 -8.86086
8.71237 -8.59407
8.93086 -8.65702
8.60803 -8.92223
9.04699 -8.97355
8.60651 -8.52644
9.06087 -8.78329
9.09913 -8.85385
9.04348 -8.87949
9.07595 -8.89667
9.16352 -8.70147
8.68601 -8.78606
9.06855 -9.02031
8.9143 -8.86963
9.37547 -8.97525
9.17807 -8.9206
9.71833 -8.96444
9.31833 -8.89893
9.27101 -9.33812
9.20632 -9.27632
9.10479 -9.09944
9.27299 -9.23618
9.18908 -9.65878
9.41464 -9.69182
9.08865 -9.25461
9.41582 -9.09256
9.53317 -9.55524
9.4089 -9.54838
9.42353 -9.47252
9.35728 -9.02682
9.01633 -9.19909
9.21404 -8.81454
9.37238 -8.67829
9.233 -8.89549
9.2803 -9.12985
9.00303 -9.10119
9.41833 -9.03522
9.51128 -8.49429
9.31356 -8.93983
9.39494 -8.68832
9.6803 -8.63892
9.45434 -8.57474
9.50689 -8.93671
9.33002 -8.90432
9.32299 -8.96504
9.6669 -9.16575
9.55596 -8.72213
9.65469 -8.70013
9.60925 -8.66465
9.4858 -8.62286
9.44361 -8.81686
9.50358 -8.9088
9.66194 -8.96951
9.54745 -8.75562
9.29575 -8.94621
9.50383 -8.96084
9.553 -8.98985
9.58807 -8.90389
9.45003 -8.91902
9.32379 -8.93169
9.9197 -9.17296
9.74808 -8.91495
9.31162 -8.88968
9.43419 -8.86133
9.1733 -8.85084
9.32171 -8.8233
9.13419 -8.8717
9.51145 -8.93903
9.16616 -8.86116
9.23282 -8.83877
9.54433 -8.99074
9.25522 -9.05437
9.40878 -8.72555
9.12172 -8.91758
9.57579 -9.12852
9.62078 -9.00985
9.51796 -9.39744
9.52107 -9.21284
9.84677 -9.12941
9.63064 -9.03717
9.81479 -8.90918
9.49844 -8.83575
9.66332 -9.16184
9.34578 -9.10107
9.39268 -8.91339
9.55842 -8.85895
9.38593 -9.31462
9.57697 -9.37933
9.27245 -9.24866
9.46503 -9.11219
9.29835 -9.22829
9.50117 -9.13835
9.8189 -9.20006
9.38541 -9.09146
9.45345 -9.15441
9.51109 -9.11914
9.42209 -9.17519
9.39812 -9.17694
9.28305 -9.23515
9.201 -9.18846
9.46651 -9.16483
9.23792 -9.01016
9.23419 -9.3891
9.80594 -8.6776
9.41006 -8.96272
9.53127 -9.08686
9.48724 -9.30972
9.60164 -9.4697
9.48299 -9.31967
9.36503 -9.32711
9.42165 -9.75095
9.38183 -9.44389
9.30472 -9.13428
9.4515 -9.24244
9.64553 -8.97498
9.56985 -8.99783
9.35985 -9.18663
9.43697 -8.89078
9.33092 -8.83781
9.63794 -9.01006
9.57413 -9.16534
9.61774 -8.96619
9.35078 -9.16285
9.46137 -8.99887
9.52903 -8.96834
9.52998 -8.95776
9.42722 -9.02712
9.16116 -8.88898
9.46587 -8.47903
9.1296 -8.95588
9.48868 -9.19458
9.2142 -9.06044
9.10595 -9.19422
9.24479 -9.4555
8.75359 -9.04208
9.25513 -9.24999
9.14618 -9.38666
9.19621 -9.13869
9.81228 -8.71746
9.48218 -9.48105
9.08884 -9.24851
9.23936 -9.63079
9.1241 -9.12118
9.45555 -8.89687
9.4306 -9.16975
9.28845 -9.12322
9.19488 -9.42449
9.46854 -9.33701
9.44082 -9.35996
9.36536 -9.04894
9.46175 -9.25462
9.242 -8.95251
9.20963 -9.213
9.2089 -9.01209
9.40104 -9.23556
9.57032 -9.17805
9.22885 -9.49166
9.35027 -9.25492
9.37926 -9.07061
9.3884 -9.25325
9.44846 -9.18108
9.63157 -9.20182
9.86298 -9.12209
9.50065 -9.3083
9.49058 -8.9249
9.34711 -9.2605
9.10606 -9.25825
9.71449 -8.9167
9.37584 -9.08992
9.38541 -9.02419
9.58659 -9.31447
9.53256 -9.32472
9.81806 -9.08311
9.57976 -8.82229
9.26968 -9.00122
9.37918 -9.25389
9.67989 -9.23384
9.41122 -9.13151
9.52856 -9.11519
9.50376 -8.98773
9.30929 -8.86365
9.56319 -9.49028
9.70335 -9.36385
9.71238 -9.32721
9.49733 -9.11351
9.42843 -9.13719
9.27734 -9.0922
9.22752 -9.09419
9.49645 -9.25664
9.55688 -9.0374
9.3714 -9.119
9.63075 -9.10279
9.43525 -9.1878
9.66719 -9.20265
9.18953 -9.38721
9.35964 -9.22423
9.76335 -9.22946
9.69384 -9.35593
9.61156 -9.25785
9.48136 -8.99966
9.68858 -9.1284
9.49752 -8.67599
9.46561 -8.67452
9.514 -9.11798
9.68743 -9.26596
9.3272 -9.42977
9.41294 -9.30128
9.37225 -9.06782
9.59323 -9.05147
9.6019 -9.34637
9.47416 -9.16463
8.89597 -8.98439
9.75268 -9.03507
9.58871 -9.14645
9.61297 -8.90712
9.60031 -9.08315
9.52914 -9.28439
9.24496 -9.01043
9.44201 -9.13117
9.47335 -9.30597
9.51948 -9.33047
9.51753 -9.59054
9.47627 -9.35524
9.27196 -9.77016
9.45543 -10.0236
9.66169 -9.62332
9.46746 -9.41081
9.43845 -8.79059
9.49533 -8.8531
9.21746 -9.38154
9.55631 -9.31888
9.54341 -9.35502
9.36808 -9.22606
9.38309 -9.23878
9.12963 -9.08552
9.05443 -9.07384
9.297 -8.90157
9.54276 -9.3178
9.22477 -9.32675
9.56907 -8.86663
9.4976 -9.31314
9.45857 -9.46661
9.46948 -9.20528
9.63315 -9.34247
9.58685 -9.24567
9.45775 -9.07977
9.47191 -8.73169
9.56355 -8.60348
9.48357 -9.06379
9.52884 -8.85749
9.35791 -8.76514
9.50443 -8.98461
9.63864 -8.84994
9.2976 -8.82475
9.56387 -8.58429
9.40829 -8.92215
9.43811 -8.7058
9.60546 -8.96336
9.45759 -8.74824
9.56504 -9.10446
9.55956 -8.74257
9.19753 -9.15728
9.68207 -8.99495
9.55476 -8.94811
9.57223 -9.18981
9.42138 -8.80213
9.45319 -8.87375
9.56957 -9.16926
9.44372 -8.91457
9.48233 -9.04719
9.48625 -9.20967
9.4489 -9.10628
9.17189 -9.4018
9.4382 -9.18243
9.49557 -9.35112
9.55884 -9.3241
9.34585 -9.17676
9.70734 -9.46746
9.35552 -9.16503
9.52524 -9.21069
9.29319 -9.52628
9.56242 -9.08049
9.54332 -9.14895
9.41634 -9.03681
9.3151 -9.34002
9.36316 -9.27491
9.21664 -9.19715
9.40085 -9.17459
9.52667 -9.43185
9.55719 -9.18357
9.52343 -9.30558
9.54875 -9.37732
9.00884 -9.26956
9.52544 -9.11591
9.49963 -9.55125
9.61331 -9.47701
9.57812 -9.24312
9.52336 -8.98986
9.58649 -9.3364
9.54053 -9.08777
9.65166 -9.25513
9.30971 -9.08777
9.48995 -9.46245
9.48126 -9.12616
8.99953 -9.34415
9.62785 -9.29549
9.64774 -9.29584
9.20647 -9.42613
9.19416 -9.38884
9.3435 -9.33889
9.46947 -9.14391
9.27183 -9.15414
9.5488 -9.00161
9.22597 -8.96803
9.46979 -9.67359
9.1377 -9.47827
8.92785 -9.1631
9.21752 -9.08131
9.46841 -9.04525
9.58698 -9.32513
9.45552 -9.32319
9.48045 -9.26807
9.61984 -9.08862 9.63193
8.77096 -9.14055 -9.01918
8.77452 -9.34494 -9.56262
8.5263 -9.22322 -9.23249
8.72146 -9.20373 -9.89901
8.81274 -9.48476 -9.55652
8.85035 -9.31134 -9.45204
8.96162 -9.49022 -8.83665
8.51145 -9.28624 -9.46336
8.76507 -9.20415 -9.17632
8.51143 -9.36437 -9.24631
9.08974 -9.05854 -9.2072
8.86199 -9.48088 -9.04513
9.07399 -9.37915 -9.13914
9.07045 -8.90736 -8.89049
9.23581 -8.95961 -9.23891
8.64513 -9.11735 -9.26975
8.95338 -9.27582 -9.41636
9.00571 -9.33795 -9.2946
8.54815 -9.36621 -9.26597
8.57384 -9.24519 -9.3109
8.89781 -9.03556 -9.14902
9.05882 -9.09358 -9.11957
8.63856 -9.00991 -8.83731
8.90149 -8.94686 -9.07715
8.78434 -9.21773 -9.15505
8.95239 -9.39103 -9.10878
8.8132 -9.27229 -8.91461
8.97551 -9.53866 -8.99208
8.73076 -9.06567 -9.23664
8.51458 -9.20134 -9.35808
9.07433 -9.33799 -9.16621
9.2226 -9.26886 -9.25609
9.41939 -9.27447 -8.96143
9.20522 -8.59429 -9.2905
8.98734 -9.22397 -9.77244
8.88038 -9.17946 -9.25142
9.13816 -9.19137 -9.28918
8.94178 -8.93257 -9.70799
9.06891 -8.83002 -9.4284
8.80253 -9.19467 -9.45309
8.99399 -9.06499 -9.40787
8.63559 -9.08949 -9.09965
8.79735 -9.52766 -9.03996
9.04087 -9.35294 -9.16064
8.61797 -9.32947 -9.16565
9.15301 -9.0676 -9.28475
8.91594 -9.27766 -9.19012
8.75035 -9.26623 -9.14727
8.97958 -8.84287 -9.30858
8.83785 -9.24557 -9.09041
8.80283 -9.15332 -9.3594
8.85986 -9.40882 -9.51094
9.01704 -9.5404 -9.27163
8.82666 -9.44958 -9.32289
8.82486 -9.57032 -9.34782
8.85181 -9.36024 -9.42457
8.80095 -9.61519 -9.20264
9.11326 -9.67384 -9.41129
8.7294 -9.46913 -9.45055
8.88044 -9.08613 -9.22264
8.68112 -9.02624 -9.38461
8.87435 -9.21221 -9.36813
8.95975 -9.35164 -9.14983
9.00632 -9.41897 -9.295
9.27377 -9.2682 -9.33303
8.99269 -9.38527 -9.11525
8.90326 -9.43544 -9.15748
8.79033 -9.57529 -9.29196
8.78179 -9.15325 -8.93454
8.85417 -9.42004 -9.08895
8.88857 -9.36133 -9.08689
8.6391 -9.32076 -9.29411
9.15878 -9.12452 -9.1437
9.1787 -9.09638 -9.23669
8.69366 -9.49958 -9.29815
8.59918 -9.19462 -9.25097
8.55088 -9.18072 -9.42845
8.66211 -9.01113 -9.00511
8.66864 -9.12068 -9.16108
8.8034 -9.35661 -9.07265
8.90358 -9.23492 -9.09877
8.77519 -9.27661 -9.00491
8.66669 -9.09949 -9.29151
8.86333 -9.24177 -9.39326
9.15893 -9.33857 -9.1245
8.54921 -8.96281 -8.97805
9.03986 -9.27835 -9.1446
8.77247 -8.82342 -9.18849
9.16237 -8.97726 -9.11988
8.59956 -9.16689 -9.04246
8.72604 -8.9184 -8.9509
8.94928 -9.17086 -8.9569
8.84156 -8.92993 -8.85467
9.05386 -9.09545 -9.12308
8.9452 -8.83777 -9.01214
8.82154 -9.22874 -8.87414
8.62527 -9.28443 -9.12462
9.10312 -9.37103 -9.15557
8.78128 -9.25178 -8.84553
8.79308 -9.42042 -9.02601
8.80431 -9.64775 -9.04218
8.73079 -9.07285 -9.25165
8.54036 -9.28924 -9.41953
9.14333 -9.2555 -8.98309
9.15841 -9.02831 -8.721
8.85758 -9.00572 -8.96239
8.71618 -9.13635 -9.1284
8.77082 -9.14526 -9.35051
8.75517 -9.02059 -9.22714
8.59833 -9.03065 -9.22634
8.68444 -9.05098 -9.00753
8.95778 -9.20516 -8.76721
8.69973 -8.991 -8.76988
9.0843 -9.06261 -9.14021
8.75585 -9.0631 -9.17613
8.68918 -9.08057 -8.89325
8.69912 -9.29177 -9.33219
8.90223 -8.99256 -9.15582
9.19599 -8.79843 -9.37491
8.78505 -9.04582 -9.36745
8.75804 -9.01953 -9.30941
8.98055 -8.95257 -9.16304
8.85029 -9.23363 -9.02186
8.89927 -9.16939 -9.10164
9.03491 -9.17446 -9.01
8.68727 -9.31225 -9.06812
8.7735 -9.513 -8.54086
8.65437 -9.50896 -9.10498
8.88333 -9.51544 -9.53398
8.81064 -9.57642 -9.37572
8.79016 -9.61627 -9.3955
9.10683 -9.2305 -9.31735
8.69902 -9.42885 -9.77658
8.51547 -9.17472 -9.38591
8.39814 -9.14715 -9.41148
8.88063 -9.23988 -9.43159
9.05381 -9.29226 -9.66074
8.96366 -9.45243 -9.57835
8.58969 -9.23627 -9.43799
8.54904 -8.96005 -9.399
8.57799 -9.15608 -9.29107
8.6483 -9.32763 -9.35477
8.79351 -9.25767 -9.12097
8.95777 -9.24441 -9.32845
8.56609 -9.18755 -9.06239
8.70503 -9.06138 -9.02479
9.18026 -9.02901 -8.92432
8.76393 -9.37612 -9.13294
9.00388 -9.36517 -9.17867
8.94057 -9.26928 -9.37298
8.43769 -9.07444 -9.09017
8.99413 -9.13991 -8.93868
8.97128 -8.99695 -9.04046
8.98338 -9.26581 -9.05553
9.08598 -9.33299 -8.73338
8.65562 -9.35481 -8.85794
8.64725 -9.2367 -8.76162
8.96291 -9.55608 -9.03321
8.93904 -9.3709 -8.92698
8.78579 -9.1568 -8.88947
9.0638 -9.44434 -9.05531
9.17378 -8.70992 -9.14327
9.04398 -8.94843 -9.17771
8.78057 -9.27532 -8.94509
8.52314 -8.82008 -8.99577
8.93352 -8.92153 -9.15624
8.85074 -8.8422 -9.5406
9.0109 -9.09456 -9.3283
8.58261 -9.1912 -9.14623
8.98448 -9.20918 -9.13093
8.61926 -9.45036 -9.10364
8.68204 -9.23475 -9.50741
8.72112 -9.11424 -9.44138
8.85454 -8.68261 -9.3588
8.80649 -8.68741 -9.51274
8.51245 -8.8246 -9.02119
8.71633 -8.85783 -9.03771
8.86147 -8.73038 -9.2709
8.89704 -9.07194 -9.52301
9.0888 -9.2559 -9.57389
8.64263 -9.17131 -9.29835
8.46113 -9.28357 -9.23082
8.83514 -9.3339 -9.54357
8.67301 -9.03958 -9.47686
8.88338 -9.07273 -9.17659
8.58738 -8.94951 -9.18804
8.59287 -9.28055 -9.24925
8.86829 -9.6054 -9.33084
8.71728 -8.94925 -9.20803
8.75981 -9.04667 -9.16279
8.8104 -8.95837 -9.18907
9.0441 -8.99202 -9.08352
8.7748 -9.14133 -9.24414
8.65108 -9.35943 -9.23539
8.74706 -8.93931 -9.07915
8.91413 -9.27712 -9.32094
8.94106 -9.35521 -9.26138
8.67386 -9.20156 -9.07206
8.90537 -9.09769 -9.10354
8.89993 -9.06017 -9.08446
9.03573 -8.95621 -8.93548
8.86197 -8.97714 -9.14884
9.105 -9.15536 -9.27537
9.049 -9.1826 -9.44162
8.81358 -9.16218 -9.29373
8.80041 -8.89222 -9.48822
8.58789 -8.98826 -9.2709
8.79078 -8.89625 -9.33724
8.74449 -8.82692 -9.21386
8.79666 -9.10089 -9.39732
8.78741 -8.84282 -9.34826
8.51496 -8.81915 -9.34354
8.39861 -9.02118 -9.49259
9.03012 -9.1219 -9.70182
8.86272 -8.79066 -9.4584
8.89127 -9.31138 -9.13144
9.07482 -9.09131 -9.22084
9.07058 -9.20008 -9.37053
8.67742 -9.3014 -9.43497
8.69672 -9.24559 -9.1038
8.56274 -9.10061 -9.34178
8.90569 -9.36421 -9.52928
8.53663 -9.01071 -9.34533
9.08277 -9.00959 -9.36606
9.03129 -9.15445 -9.20283
8.83852 -9.28063 -8.6224
8.73666 -8.81677 -9.19905
8.79686 -9.12094 -9.36426
8.64159 -9.15821 -9.49008
8.8151 -9.4097 -8.9189
8.86789 -9.35996 -9.44404
8.91394 -9.38691 -9.53524
8.86726 -9.37356 -9.73406
8.79515 -9.37241 -9.5382
8.71301 -9.15826 -9.39676
8.86491 -9.16945 -9.41918
9.11702 -9.34906 -9.11652
8.89148 -9.21114 -9.4454
8.83614 -9.31709 -9.10348
8.69707 -9.21307 -8.94833
9.06088 -9.31082 -9.29467
8.67085 -8.99878 -9.46417
8.82156 -9.03616 -9.26622
8.90699 -9.16147 -9.15635
8.89834 -9.11009 -9.30486
8.65041 -9.33678 -9.24524
8.71313 -9.33728 -9.38331
8.68557 -9.34462 -9.23271
8.9936 -8.92547 -9.42947
8.8302 -9.12095 -9.51347
8.50767 -9.14962 -9.71656
8.80815 -9.06571 -9.46894
9.08925 -9.2376 -9.53733
9.10876 -9.25741 -9.21041
8.82675 -9.31953 -9.33955
8.72825 -9.40548 -9.50946
8.89986 -9.19006 -8.98802
8.82226 -9.17115 -9.51658
8.72054 -8.88761 -9.52297
8.62129 -9.09443 -9.46284
8.59048 -9.32251 -9.5179
8.75185 -9.46239 -8.99372
8.71861 -9.45348 -9.68729
8.71932 -9.38128 -9.0818
8.89401 -9.65041 -9.19169
8.59844 -9.552 -9.44537
8.61498 -9.5106 -9.65466
8.9945 -9.57082 -9.75489
9.09028 -9.2715 -9.55562
8.80605 -9.41179 -9.39953
8.86249 -9.5053 -9.51674
8.96104 -9.06997 -9.48338
8.87005 -9.0521 -9.28784
8.70705 -8.86797 -9.32191
8.68622 -8.88289 -9.29266
8.524 -9.187 -9.40431
8.87391 -9.38948 -9.24047
8.89882 -9.6237 -9.60749
8.57186 -9.6372 -9.53712
8.46624 -9.32332 -9.45608
8.47833 -9.34174 -9.23534
8.99891 -9.40284 -9.10078
8.76456 -9.3007 -9.35292
8.74778 -9.45361 -8.85574
8.92386 -9.33349 -8.79007
8.89715 -9.19258 -8.63897
8.85274 -9.21611 -9.29309
8.46211 -9.15932 -9.08276
8.42303 -9.32359 -9.06178
8.52452 -9.36365 -9.28179
8.57804 -9.35817 -8.93872
8.95156 -9.45191 -9.00415
8.75972 -9.39243 -9.15062
8.39806 -9.25429 -9.27805
8.65558 -9.29795 -9.31508
9.25743 -9.35948 -9.14914
9.07213 -9.41965 -9.17041
8.77423 -9.65082 -8.87792
8.73377 -9.36541 -9.18798
8.71034 -9.26359 -8.90381
8.93629 -9.15207 -9.15641
8.88717 -9.52127 -8.91971
8.62546 -9.40071 -8.73278
8.69992 -9.28518 -9.28851
8.85806 -8.97253 -8.92827
8.8667 -8.94942 -8.93153
8.66598 -9.39041 -8.89131
8.57575 -9.42135 -8.71339
8.99286 -9.64034 -9.02328
9.01544 -9.79526 -8.96158
8.94041 -9.56635 -9.22771
8.90835 -9.4275 -9.24026
8.61179 -9.38844 -9.19529
8.82137 -9.35574 -9.0089
8.56128 -9.60801 -9.09378
8.70341 -9.30027 -9.10334
8.65154 -9.45706 -9.19271
8.62161 -9.28283 -9.07134
8.72356 -9.2923 -8.9661
8.89436 -9.11595 -9.28576
9.00154 -9.20536 -9.14945
8.7625 -9.32776 -9.27679
8.30649 -9.25541 -9.01904
8.48339 -9.38705 -9.18748
8.669 -9.40116 -9.20056
8.68926 -9.19634 -9.39069
8.72582 -9.17697 -9.10208
9.09397 -9.22482 -9.1009
9.05866 -9.17957 -9.55233
8.83015 -9.48689 -9.5301
8.67918 -9.51213 -9.40987
8.74731 -9.43291 -9.23519
8.88997 -9.52904 -9.3699
8.59122 -9.19655 -9.49993
8.65612 -9.48818 -9.08069
8.55287 -9.18444 -9.05568
9.28232 -9.2127 -9.09951
8.37754 -9.61686 -9.46825
8.64368 -9.60891 -9.53893
8.85014 -9.6078 -9.36291
8.65799 -9.22226 -9.19508
8.71614 -9.52377 -9.18391
8.46717 -9.36954 -9.06105
8.61135 -9.17918 -9.29005
8.6113 -9.33284 -9.3573
9.05191 -9.46031 -9.13493
8.66385 -9.27419 -9.17285
8.74857 -9.12933 -9.4441
8.82531 -9.13307 -9.3282
9.03816 -9.17667 -9.08823
8.89288 -8.98584 -9.21321
8.25246 -9.57522 -9.64434
8.46 -9.02365 -9.20369
8.39971 -9.48705 -9.26581
8.53322 -9.41425 -9.22662
8.45653 -9.56531 -9.27394
8.75344 -9.19329 -9.20349
8.74745 -9.24984 -9.43699
8.75141 -9.3569 -9.34446
8.90508 -9.30158 -9.41593
8.68932 -9.43887 -9.28001
8.4195 -9.4932 -8.95662
8.95268 -9.55247 -8.99865
8.94121 -9.09742 -8.5207
8.626 -9.03183 -9.33684
8.71264 -8.99737 -9.29612
8.71927 -9.08066 -9.58579
8.7951 -8.90755 -9.82117
8.89355 -8.95928 -9.34376
8.80605 -9.03141 -9.0461
8.69381 -9.39053 -9.14116
8.97337 -9.40147 -9.59047
8.76973 -9.32178 -9.47804
9.03861 -9.03287 -9.43844
8.90475 -9.60625 -9.29878
8.85285 -9.29032 -9.48493
9.03868 -9.18443 -9.76898
8.76259 -9.49095 -9.20724
8.77231 -9.38126 -9.55184
8.7558 -9.21575 -9.15288
8.67309 -9.15253 -9.66892
8.70092 -9.03136 -9.60983
8.69446 -9.27723 -9.69095
8.75253 -8.98062 -9.57134
8.82068 -9.17338 -9.63232
8.71477 -9.14988 -9.34067
8.87309 -9.36778 -8.99268
8.82552 -9.35583 -8.864
8.4489 -9.38618 -9.31434
8.8342 -9.07458 -9.51598
8.84201 -9.04536 -9.31504
9.10938 -9.23129 -9.13443
9.13173 -9.18729 -9.23049
9.05886 -9.03062 -9.36804
8.88305 -8.98801 -9.40613
9.01208 -9.22539 -9.16739
9.28968 -8.71097 -9.13803
8.82752 -9.32027 -9.06006
9.16571 -9.18137 -9.38732
9.22302 -8.87289 -8.82619
9.10667 -8.96465 -9.00191
8.4653 -9.0149 -9.49687
8.52216 -9.01422 -9.1782
8.28833 -8.76072 -9.02908
8.66318 -9.08058 -9.40126
8.77728 -9.14481 -9.23226
8.97664 -9.13062 -9.17796
9.01367 -9.24027 -9.14328
9.17526 -9.06291 -9.25131
8.88719 -9.2854 -9.22652
9.15213 -9.40065 -9.29873
8.49158 -9.01107 -9.31919
8.93511 -9.11681 -9.33771
8.90496 -9.01891 -9.25236
8.96254 -8.98965 -9.49323
9.01276 -9.22842 -9.55205
8.91894 -9.43299 -9.53719
8.56737 -9.33928 -9.7076
8.8828 -9.26086 -9.51777
8.84856 -8.98664 -9.77552
8.93587 -9.21506 -9.42316
9.02704 -9.02189 -9.47398
8.88449 -9.0628 -9.45383
8.77399 -9.01005 -9.40662
8.87757 -9.35602 -9.26301
9.06675 -8.51578 -9.30437
8.82645 -9.01984 -9.44582
8.71085 -8.92446 -9.40938
9.03128 -9.14429 -9.2973
9.01705 -8.95825 -9.51969
8.85703 -8.73934 -9.74709
8.9026 -9.14439 -9.82054
9.16681 -8.93517 -9.33693
9.01138 -9.09204 -9.39302
9.00829 -9.02057 -9.20636
9.12715 -9.21918 -9.30925
8.8528 -8.89562 -9.26339
9.22037 -9.01156 -9.41122
8.97826 -8.87939 -9.36611
8.90019 -8.87039 -9.43161
9.23546 -9.18189 -9.25349
9.11368 -9.39829 -9.56659
8.71893 -9.28345 -9.51807
8.72755 -8.99873 -9.28912
8.8347 -9.22309 -9.25552
8.6924 -9.36591 -9.76844
8.74547 -9.20368 -9.43567
8.88588 -9.10266 -9.36422
8.50102 -9.26137 -9.38284
8.9228 -9.13981 -9.46821
8.86345 -9.15314 -9.16809
8.70132 -9.06875 -9.10591
9.15543 -9.01634 -9.16989
9.09625 -9.036 -9.62059
9.25532 -8.92723 -9.38664
9.05143 -9.10617 -9.45073
8.91423 -8.96903 -9.28947
8.76128 -8.83371 -9.56679
9.18393 -9.12823 -9.45999
8.71807 -9.22451 -9.06573
8.75894 -9.37049 -9.40258
8.59235 -9.0584 -9.82915
8.80671 -8.86736 -9.49451
8.82133 -9.09468 -9.41217
8.68618 -9.12069 -9.34387
8.75581 -8.92056 -9.24614
8.57825 -9.12955 -9.11821
8.58251 -9.10045 -9.51747
8.79675 -9.15258 -9.48245
8.73013 -9.09956 -9.27317
8.76823 -8.96282 -9.17588
8.74366 -8.89187 -9.08337
8.50272 -9.31503 -9.05273
9.09381 -9.22355 -8.82526
9.11938 -9.16269 -9.09282
9.22139 -9.03239 -8.96306
8.61981 -9.03389 -9.0207
8.55067 -9.09157 -9.0841
8.97804 -8.99113 -9.16002
8.90167 -9.15336 -9.46776
8.97134 -9.07875 -9.43826
8.72045 -9.0634 -9.4479
8.97713 -9.30304 -9.30067
9.22863 -9.15772 -9.40519
8.9811 -9.15472 -9.08963
8.86258 -9.56914 -9.14362
8.78404 -9.08194 -9.30381
9.07581 -9.47637 -9.12197
8.69823 -9.19719 -9.35808
8.87461 -8.74036 -9.37231
9.19182 -8.72157 -8.88029
9.28742 -8.94043 -9.30438
8.88679 -9.30618 -9.11695
8.81668 -9.49619 -9.3661
8.52306 -9.04821 -9.34268
8.85208 -9.29766 -9.46056
8.97681 -9.16979 -9.27916
9.38001 -9.21486 -9.50271
8.89703 -9.43227 -9.1113
8.68982 -9.21782 -9.49695
9.12302 -9.05775 -9.45094
8.97876 -9.08981 -9.55289
8.5905 -9.05973 -9.36016
8.85933 -9.23036 -9.3627
8.81045 -9.0877 -9.23228
8.5939 -9.10677 -9.47675
8.74248 -9.25587 -9.11656
8.98075 -9.10456 -9.26842
8.52348 -9.21112 -9.14011
8.96216 -9.15641 -9.37483
8.58993 -9.08401 -9.32429
9.14702 -9.22146 -9.44854
9.31779 -9.24526 -9.40787
8.8719 -9.18997 -9.63826
8.70963 -9.02311 -9.33523
9.05818 -8.92621 -9.42333
8.96519 -9.25772 -9.42099
8.72324 -9.45971 -9.46825
8.66092 -8.68758 -9.41644
8.7731 -9.63404 -9.68065
9.08976 -9.60553 -9.31581
8.68676 -9.76114 -9.38198
9.22506 -9.45346 -9.42204
8.91054 -9.24374 -9.40466
9.03152 -9.58237 -9.67976
8.47059 -9.5847 -9.57563
8.53783 -9.32911 -9.46781
8.59586 -9.35228 -9.68453
8.74571 -9.2134 -9.50914
8.8798 -9.15037 -9.41259
9.10337 -9.31081 -9.26241
8.98525 -9.61215 -9.21097
9.05624 -9.29452 -9.2549
8.50689 -9.11565 -9.16842
8.80813 -9.49307 -9.36656
9.02981 -9.14766 -8.8372
8.61122 -9.18148 -9.09406
8.67371 -9.53952 -9.18402
8.71306 -9.65449 -9.40681
8.84783 -9.54334 -9.58005
9.05029 -9.62215 -9.93321
8.63264 -9.4618 -9.46165
8.74697 -9.42116 -9.57981
8.67069 -9.43527 -9.5364
8.98606 -10.0281 -9.6874
8.70108 -9.40795 -9.64308
8.90788 -9.52267 -9.46275
8.64738 -9.20552 -9.16207
8.93613 -9.37481 -9.51171
8.53206 -9.2671 -9.56359
8.76414 -9.25892 -9.44559
9.08063 -9.31942 -9.43706
8.61988 -9.39299 -9.42339
8.65718 -9.10778 -9.03311
8.80077 -9.49469 -8.87214
8.97199 -9.35715 -9.05182
8.58032 -9.40245 -9.16715
8.7707 -9.24623 -8.89231
8.91799 -9.44796 -9.20577
8.63293 -9.25586 -9.64196
9.13938 -9.37688 -9.22994
9.1106 -9.24002 -8.97175
8.89216 -9.61007 -9.32459
8.7387 -9.20723 -9.33536
9.15261 -9.58895 -9.27282
8.69902 -9.19183 -9.63383
8.40098 -9.34487 -9.26754
8.69598 -9.0428 -9.30706
8.57509 -9.12414 -9.89749
9.03685 -9.31433 -9.25951
8.39826 -9.60408 -9.30603
8.72464 -9.35601 -9.57411
9.00383 -9.63601 -9.23139
8.46867 -9.51145 -9.40345
8.90286 -9.63056 -9.18809
8.83069 -9.10821 -9.35508
9.02329 -9.80716 -9.28958
8.87825 -9.27326 -9.14142
8.99486 -9.76316 -9.04859
8.92838 -9.59876 -9.20977
8.86984 -9.39959 -8.95259
8.82044 -9.23558 -8.93967
8.97708 -9.13527 -9.22686
8.9042 -9.40291 -8.86699
8.66434 -9.57036 -9.13403
8.70732 -9.18164 -9.26113
8.57895 -9.47767 -9.10287
8.92945 -9.52269 -8.95845
8.70136 -8.97788 -9.16753
8.68813 -9.29593 -9.17018
8.9775 -9.08988 -8.88527
9.17844 -9.01709 -9.2835
8.52359 -9.00833 -9.19838
8.73611 -9.40182 -8.92668
8.55149 -9.02883 -9.27593
8.54419 -9.1353 -9.44393
8.67684 -9.34592 -9.19314
8.60279 -9.09452 -9.04053
8.93086 -9.78209 -9.08027
8.90004 -9.52494 -9.14405
8.81468 -9.39592 -9.07068
8.80553 -9.12632 -9.13983
8.7533 -9.32528 -9.28154
9.06883 -9.26444 -9.21501
8.87844 -9.32002 -9.06711
9.05187 -9.51095 -8.90592
8.9817 -9.16036 -8.97467
8.86454 -9.07477 -9.24303
8.83072 -9.06177 -9.21937
8.72897 -9.37211 -9.37484
8.67957 -9.4383 -9.24684
8.86339 -9.35627 -9.30565
8.51487 -9.41839 -9.24633
8.80485 -9.5058 -9.02648
8.78892 -9.47799 -9.10598
8.73074 -9.11476 -9.04742
8.80469 -9.36606 -9.17796
8.86251 -9.35338 -9.40091
8.59599 -9.37228 -8.95613
8.84673 -9.40749 -9.30343
8.83359 -8.91908 -9.29861
8.68157 -9.45692 -9.35927
8.82392 -9.42565 -9.29882
8.74071 -9.30846 -9.14852
8.81262 -9.22206 -9.52253
8.73153 -9.34426 -9.61502
8.6814 -9.0674 -9.62095
8.80732 -9.47853 -9.63462
8.57829 -9.56152 -9.634
8.79836 -9.14832 -9.32639
8.88591 -9.2471 -9.43388
8.62164 -9.33972 -9.59117
8.94612 -9.48936 -9.70437
8.9808 -9.26068 -9.55919
8.68091 -9.35122 -9.66555
9.12595 -9.50474 -9.50278
9.08178 -9.42681 -9.2243
8.85402 -9.34229 -9.46041
8.78013 -9.24995 -9.16565
9.00024 -9.46991 -9.55069
9.26708 -9.30515 -9.77799
8.74267 -9.24469 -9.64851
8.99447 -9.45161 -9.47858
8.7347 -9.44677 -9.39189
8.62074 -9.5926 -8.99717
8.65883 -9.66617 -9.37268
8.86027 -9.14658 -9.52837
8.73968 -8.96202 -9.50257
8.90122 -8.86163 -9.44851
8.9102 -9.17914 -9.21309
8.746 -9.16915 -9.69522
8.70641 -9.31464 -9.57186
8.77261 -9.01019 -9.22048
8.85369 -9.29765 -9.25662
8.9698 -8.97829 -9.2435
9.00744 -8.83308 -8.97905
9.22162 -9.24929 -9.09698
9.12222 -9.15824 -9.46108
9.18084 -9.22803 -9.60572
9.00005 -9.35778 -9.60608
9.05231 -9.16408 -9.3847
9.08686 -9.23919 -9.64202
8.69545 -9.33857 -9.39493
9.08055 -9.14596 -9.50191
9.00442 -9.03178 -9.39665
9.34898 -9.45738 -9.57979
9.20509 -9.26445 -9.37953
9.19325 -9.20609 -9.38348
9.3058 -9.08693 -9.44657
9.1756 -9.12049 -9.3354
8.97918 -8.87615 -9.23073
9.05223 -9.05743 -9.66652
9.48978 -9.30427 -9.72256
9.02336 -9.30468 -9.54907
9.01649 -9.34686 -9.46785
8.94854 -9.59082 -9.74506
9.16667 -9.55394 -9.29498
8.89076 -9.56846 -9.23621
8.60947 -9.31319 -9.37758
9.00054 -9.44288 -9.37268
9.00796 -9.47338 -9.12314
8.77582 -9.27335 -9.49055
9.01265 -9.24463 -9.72362
8.9422 -9.30658 -9.22404
9.02239 -9.21165 -9.20435
9.00701 -9.06158 -9.53538
8.74923 -9.05111 -9.38867
8.69736 -9.23125 -9.16078
8.85003 -8.91626 -9.28261
9.05641 -9.14615 -9.63713
9.1886 -9.35654 -9.46718
9.12824 -8.91957 -9.53626
9.19544 -9.30474 -9.61962
9.37614 -9.29515 -9.55162
9.13362 -9.06669 -9.36456
9.28954 -9.17631 -9.73979
9.28741 -9.39573 -9.49457
8.89605 -9.40039 -9.20866
9.08199 -9.49673 -9.69151
9.24619 -9.41518 -9.30948
9.24503 -9.20867 -9.48789
9.40191 -9.01992 -9.34832
9.42006 -9.25374 -9.81579
9.09708 -9.28676 -9.54332
9.26822 -9.60772 -9.84479
9.19388 -9.46915 -9.75996
9.46779 -9.41324 -9.63722
9.72605 -9.68525 -9.5806
9.57273 -9.48298 -9.77311
9.72261 -9.43207 -9.72928
9.1192 -9.31931 -9.38859
9.08356 -9.22587 -9.5258
9.32841 -9.42499 -9.57255
8.78099 -9.33417 -9.61641
8.98869 -9.22305 -9.77147
8.99451 -9.11169 -9.11211
9.21993 -8.97823 -9.73274
8.98802 -9.23918 -9.71193
8.83639 -9.59791 -9.27868
9.25278 -9.17172 -9.18856
9.07181 -9.54425 -9.33568
9.41469 -9.2446 -9.37849
8.99741 -9.70912 -9.3301
9.09067 -9.69249 -9.47094
8.89371 -9.50761 -9.51443
9.30412 -9.41794 -9.37933
8.7993 -9.53664 -9.55157
9.31884 -9.49425 -9.50757
8.98691 -9.59944 -9.41963
8.60244 -9.79067 -9.47509
9.09108 -9.70902 -9.61879
9.47162 -9.27192 -9.68475
9.35622 -9.76878 -9.5003
9.01888 -9.52565 -9.40864
9.06048 -9.13065 -9.29365
8.95919 -9.18236 -9.64237
8.95238 -9.41116 -9.3876
9.14153 -9.37937 -9.68134
9.02534 -9.31216 -9.49586
8.95629 -9.5339 -9.24912
8.98265 -9.47494 -9.60132
8.52586 -9.26609 -9.47003
9.14423 -9.29416 -9.77075
9.16561 -9.51816 -9.24425
9.37372 -9.34115 -9.38537
9.0952 -9.36431 -9.59551
9.07214 -9.30737 -9.39255
9.20254 -9.62867 -9.45637
9.10554 -9.44213 -9.28292
9.09471 -9.33311 -9.308
9.17134 -9.33099 -9.7511
9.18387 -9.4052 -9.34761
9.23153 -9.59226 -9.3518
8.89455 -9.36758 -9.22582
9.21242 -9.39737 -9.45338
9.28201 -9.27682 -9.43412
9.08517 -9.41399 -9.33819
9.4673 -9.39292 -9.28224
9.22264 -9.23809 -9.55053
9.15829 -9.37114 -9.81752
9.36992 -9.01885 -9.34138
9.30041 -9.09868 -9.45055
8.88469 -9.69288 -9.7983
8.85072 -9.62306 -9.4655
8.86264 -9.50621 -9.40131
8.99071 -9.33641 -9.21089
9.3464 -9.5668 -9.32
9.22751 -9.52435 -9.32184
8.85414 -9.40767 -9.57901
9.34366 -9.64876 -9.39407
9.17825 -9.55501 -9.25323
9.15845 -9.28359 -9.17868
9.12056 -9.31116 -9.37145
9.07867 -9.32865 -9.62112
9.1893 -9.56901 -9.46336
9.21461 -9.55185 -9.3887
8.94132 -9.30023 -9.1588
8.948 -9.35156 -9.57183
8.91994 -9.532 -9.48762
9.58035 -9.28216 -9.33078
9.05939 -8.89169 -9.40629
8.96788 -9.27005 -9.08088
9.05186 -9.20636 -9.50036
9.19911 -9.01422 -9.36887
9.27853 -9.11843 -9.56882
9.20328 -9.52907 -9.60894
8.98336 -9.12971 -9.34572
9.27862 -9.11454 -9.49599
9.38881 -9.08457 -9.52875
9.13588 -9.40779 -9.49674
9.04508 -9.19561 -9.3374
9.01908 -9.28795 -9.57206
9.05738 -9.3145 -9.65619
9.30717 -9.43489 -9.60993
9.40022 -9.58522 -9.68669
9.29502 -9.55993 -9.50073
8.99684 -9.25067 -9.24444
9.15389 -9.30319 -9.32307
9.07115 -9.55012 -9.56334
9.25487 -9.61287 -9.69718
