400 100 199
0.0439797 0.00443384
0.117983 0.0226479
0.9196 0.0715158
1.39913 0.157178
1.59914 0.257536
7.634 0.176925
7.66559 0.156715
7.51116 0.184454
7.53846 -0.0306798
7.59711 -0.125577
7.64822 -0.124248
7.55451 -0.203091
7.93541 -0.293616
8.12317 -0.345788
8.59503 -0.502174
8.39131 -0.466049
8.97872 -0.610928
8.87295 -0.809799
9.09013 -1.0032
9.22405 -0.967778
9.63236 -1.28933
9.56603 -1.55337
9.53776 -1.71992
9.59789 -2.20374
9.51783 -2.51676
9.32844 -2.88546
9.3934 -3.68231
10.247 -4.39877
9.76026 -4.58062
9.57388 -4.72266
9.60437 -4.94716
9.34727 -5.04326
9.25738 -5.13863
9.28421 -5.18266
9.37509 -5.25095
9.49154 -5.45493
9.57877 -5.43089
9.78931 -5.77764
9.39521 -5.74875
9.2265 -5.67587
9.27518 -5.69437
9.08774 -6.01
9.92102 -6.2655
9.95835 -6.51178
9.34149 -6.53458
9.66826 -6.58346
9.28236 -6.75895
9.02159 -6.80865
9.1576 -6.65728
9.42407 -6.69711
9.34425 -6.92527
9.35021 -7.10659
9.50597 -7.19721
9.32372 -7.54132
9.35409 -7.42173
9.87093 -7.62982
9.54136 -7.52983
9.75937 -7.48637
9.70033 -7.94881
9.98686 -8.06253
9.73197 -8.08946
10.0241 -8.12359
9.6017 -8.29724
9.4869 -8.35354
9.93502 -8.44823
10.0019 -8.38111
10.1072 -8.2959
10.3337 -8.58156
9.799 -8.6331
9.53728 -8.56747
10.0445 -8.52675
10.1132 -8.70367
10.0839 -8.62623
10.246 -8.73273
10.1788 -8.65942
9.80937 -8.63056
10.8441 -7.94919
10.5928 -7.99667
10.4918 -7.94948
10.6183 -8.08913
10.4026 -8.02166
10.3279 -8.24289
10.4075 -8.18742
10.4146 -8.29861
10.2206 -8.39609
10.2442 -8.42054
10.4126 -8.55695
10.2438 -8.60609
10.2894 -8.57135
10.2791 -8.62315
10.3755 -8.67765
10.2399 -8.52094
10.2646 -8.53018
10.2549 -8.58836
10.2407 -8.54895
10.2903 -8.58101
9.97681 -8.61672
10.0366 -8.40077
10.0099 -8.58716
10.1054 -8.50879
9.89118 -8.58467
10.0396 -8.55676
10.0343 -8.59587
9.97593 -8.52002
9.71166 -8.61299
9.97759 -8.54836
9.85137 -8.45715
9.80755 -8.48999
9.65612 -8.70815
9.69454 -8.85403
9.85367 -8.75452
10.0824 -8.94458
10.241 -8.81373
10.1373 -8.99166
10.1216 -8.98073
10.3368 -9.04892
10.3052 -8.97067
10.3752 -9.04996
10.2358 -9.12353
10.2856 -9.25888
10.1565 -9.14803
10.1417 -9.19366
10.2236 -9.07962
9.93523 -9.21131
9.87643 -9.30117
9.84729 -9.24914
9.94489 -9.5006
9.97988 -9.53556
10.0374 -9.3778
10.1682 -9.35731
10.3758 -9.36881
10.2257 -9.3945
10.1489 -9.46567
10.0762 -9.32658
10.0091 -9.39908
10.1143 -9.36271
10.0729 -9.34474
10.0975 -9.25349
10.102 -9.41424
10.1084 -9.31521
9.9144 -9.22968
10.0008 -9.34528
10.0223 -9.29293
9.93719 -9.23509
9.84705 -9.23185
10.0402 -9.12927
10.2253 -9.18474
10.3162 -9.17944
10.0308 -9.00832
10.2253 -9.14797
10.123 -9.2868
10.2211 -9.23279
9.97304 -9.18246
9.87816 -9.25605
10.0039 -9.27817
9.87257 -9.25767
10.0896 -9.32483
9.76109 -9.26005
9.81496 -9.41808
9.88822 -9.29865
9.72758 -9.1237
9.60285 -9.08527
10.0552 -9.37857
9.83011 -9.25722
9.66926 -9.34394
9.7193 -9.37225
9.93021 -9.36369
9.78303 -9.24634
10.0099 -9.33085
10.1547 -9.39162
10.0713 -9.51991
9.97793 -9.40061
9.86774 -9.30907
9.9114 -9.21603
9.90471 -9.20681
9.742 -9.29692
9.80957 -9.29342
9.78211 -9.41901
9.90327 -9.24461
9.93542 -9.48767
9.67853 -9.34184
9.64017 -9.31098
9.71486 -9.26885
9.69742 -9.34258
9.64194 -9.51458
9.70088 -9.40755
9.69986 -9.51843
9.48002 -9.471
9.26926 -9.49198
9.36879 -9.39874
9.21061 -9.22606
9.51766 -9.37433
9.67287 -9.29582
9.47693 -9.25636
9.58156 -9.28198
9.79263 -9.36226
9.60717 -9.26577
9.62783 -9.3013
9.66734 -9.23091
9.89289 -9.35462 9.9288
9.56609 -9.35064 -9.50539
9.7898 -9.39766 -9.68093
9.71918 -9.29009 -9.70375
9.55929 -9.05858 -9.80756
9.50123 -9.24355 -9.87755
9.66998 -9.2228 -9.91725
9.39389 -9.3977 -9.90485
9.72655 -9.34194 -10.0041
9.83425 -9.39388 -9.86927
9.68023 -9.31521 -9.89526
9.72703 -9.25518 -9.82524
9.7908 -9.14354 -9.94936
9.88791 -9.24659 -9.76512
9.84148 -9.1808 -9.83835
9.93002 -9.13302 -9.78233
9.7982 -9.24481 -9.83444
9.66957 -9.091 -9.84447
9.84018 -9.17818 -9.68747
9.73812 -9.08866 -9.78145
9.70832 -9.20172 -9.89123
9.73154 -9.08375 -9.79573
10.0601 -9.15283 -9.65511
9.90373 -9.13681 -9.80552
9.81696 -9.17192 -9.8159
9.89429 -9.0989 -9.78154
9.80017 -9.19014 -9.70489
9.91719 -9.24162 -9.81964
9.86884 -9.20835 -9.90141
9.89901 -9.25324 -9.80371
9.81225 -9.39855 -9.77591
9.6966 -9.14977 -9.708
9.70578 -9.2161 -9.76744
9.83105 -9.37091 -9.88118
9.69564 -9.3559 -9.62273
9.65206 -9.42086 -9.83821
9.75531 -9.26653 -9.77719
9.59025 -9.20827 -9.71016
9.49266 -9.12305 -9.70386
9.65417 -9.30605 -9.75296
9.63081 -9.41793 -9.62684
9.61176 -9.23081 -9.67974
9.81817 -9.34277 -9.72158
9.57534 -9.40044 -9.7121
9.56908 -9.33776 -9.59238
9.83625 -9.19014 -9.76239
9.81001 -9.23906 -9.80131
9.63098 -9.17569 -9.85915
9.49264 -9.27823 -9.5845
9.36797 -9.35546 -9.57902
9.30393 -9.36236 -9.52471
9.16279 -9.31407 -9.51569
9.41803 -9.32207 -9.53151
9.44568 -9.33573 -9.57592
9.16357 -9.25899 -9.64946
9.05074 -9.14408 -9.79701
9.24752 -9.27839 -9.49665
9.27514 -9.04749 -9.56827
9.49828 -9.37342 -9.59678
9.47858 -9.2484 -9.30951
9.55965 -9.22586 -9.62576
9.66827 -9.25863 -9.54799
9.89763 -9.38147 -9.68857
9.82064 -9.39373 -9.59983
9.66927 -9.26165 -9.66165
9.71481 -9.31365 -9.62766
9.8546 -9.12803 -9.52983
9.78469 -9.41234 -9.66179
9.87791 -9.36206 -9.71314
9.93755 -9.22653 -9.71172
9.97871 -9.31475 -9.54702
9.82694 -9.42997 -9.61234
9.86313 -9.33429 -9.55269
9.86496 -9.31393 -9.56992
9.82106 -9.30349 -9.50884
9.96829 -9.29844 -9.77284
9.79164 -9.43986 -9.75253
9.88021 -9.20462 -9.86923
9.80221 -9.574 -9.71409
9.94996 -9.42139 -9.79259
9.95205 -9.66554 -9.53859
10.0038 -9.61037 -9.83949
10.083 -9.69252 -9.65074
9.94671 -9.71521 -9.81243
10.0065 -9.74558 -9.82776
9.91537 -9.79449 -9.86523
9.90704 -9.84193 -9.98371
10.1206 -9.6939 -10.0041
9.84138 -9.76795 -10.0527
9.88975 -9.72804 -10.0261
10.1245 -9.65569 -10.0776
10.1035 -9.70582 -10.0475
9.93639 -9.55955 -10.0259
9.84486 -9.47335 -9.90587
9.88529 -9.52745 -9.77635
9.88049 -9.73671 -9.90384
9.94481 -9.81654 -9.93157
10.1349 -9.79749 -9.7717
10.1908 -9.79794 -9.75237
10.0813 -9.6961 -9.74399
10.1859 -9.75851 -9.6473
9.94061 -9.78197 -9.75271
9.95916 -9.70516 -9.64853
9.99995 -9.71818 -9.55955
9.99127 -9.66606 -9.63556
9.72389 -9.70843 -9.44862
9.68492 -9.99606 -9.55407
9.64377 -9.76998 -9.77371
9.39986 -9.62121 -9.91952
9.64502 -9.70232 -9.84217
9.79773 -9.54485 -9.96664
9.60905 -9.65521 -10.2527
9.71811 -9.27341 -10.0323
9.7251 -9.43069 -10.1857
10.1109 -9.51551 -10.2952
9.85114 -9.56269 -10.1192
9.85931 -9.68564 -10.2369
9.95553 -9.53651 -10.1365
9.89713 -9.7916 -10.148
10.1909 -9.7469 -10.2931
9.9166 -9.87755 -10.1661
9.92345 -10.0366 -10.2558
10.0841 -9.86267 -10.2338
9.94535 -9.98922 -10.1613
9.97213 -9.87786 -10.0933
10.1315 -9.75771 -9.90967
10.0874 -9.64266 -10.0805
10.0523 -9.65837 -10.1805
10.1592 -9.90308 -10.1399
10.0989 -9.74143 -10.1367
9.99291 -9.82252 -10.2049
10.0337 -9.74147 -9.94356
10.1772 -9.88333 -10.1564
10.0929 -9.78153 -10.0466
9.81657 -9.48874 -9.89946
9.92008 -9.64393 -10.1293
9.97975 -9.7491 -10.1316
10.0049 -9.74128 -10.1646
9.90517 -9.60788 -10.0333
10.1489 -9.74124 -10.136
10.0561 -9.51991 -10.1094
9.89904 -9.59606 -10.0461
10.1527 -9.68388 -10.1491
10.0719 -9.66455 -10.1324
10.0216 -9.66252 -10.2024
10.0889 -9.60932 -10.1654
9.95388 -9.77593 -9.98872
9.96548 -9.66232 -10.0579
10.0846 -9.64708 -10.1783
9.95559 -9.73772 -10.1879
9.92214 -9.71963 -9.97727
9.94537 -9.84902 -10.1301
9.92269 -9.77692 -9.88244
9.90768 -9.75221 -9.98882
9.70249 -9.87939 -9.73077
9.96543 -9.91366 -9.81543
10.0424 -9.84136 -9.96376
10.1554 -9.83242 -9.84921
9.69896 -9.89937 -9.99752
9.98657 -9.80546 -9.95994
10.0182 -9.85763 -9.9854
9.91877 -9.78695 -9.92686
10.0632 -9.78922 -9.88273
10.0097 -9.94502 -9.86988
10.0706 -9.8004 -9.69453
9.91989 -9.80189 -9.71208
10.0716 -9.64928 -9.74603
9.80776 -9.5451 -9.66406
9.99242 -9.55208 -9.60223
9.99886 -9.59439 -9.71118
9.91105 -9.58157 -9.8073
9.79722 -9.62903 -9.59891
9.95754 -9.61129 -9.6212
9.91525 -9.67621 -9.73913
9.95983 -9.63997 -9.64802
9.94839 -9.46849 -9.66751
9.81183 -9.46354 -9.92786
9.90743 -9.35791 -9.69719
10.1439 -9.49597 -9.85388
10.0925 -9.60066 -9.77354
10.0233 -9.6571 -9.76338
10.0226 -9.56985 -9.64766
9.99605 -9.65806 -9.91785
9.99613 -9.5372 -9.92974
9.94154 -9.32556 -9.83451
9.83825 -9.57314 -9.84357
10.0919 -9.54819 -9.9069
9.82442 -9.48112 -9.91963
9.97188 -9.51765 -9.87306
9.96274 -9.49156 -9.78675
9.72035 -9.32078 -9.91001
9.99757 -9.39734 -9.76905
9.83357 -9.32628 -9.84581
9.87147 -9.39612 -9.45514
9.94946 -9.34037 -9.37649
9.75195 -9.38294 -9.38697
9.87715 -9.25563 -9.66858
9.79754 -9.12994 -9.6683
10.0567 -9.32286 -9.51087
9.71379 -9.24206 -9.49957
9.50241 -9.35188 -9.70201
