400 100
0.64 0.623023
0.747 0.737729
0.792 0.799536
0.839 0.901981
0.922 0.908825
0.945 0.866842
0.943 1.04079
1 1.04905
1.015 1.00778
1.013 0.995827
1.048 0.992689
1.086 1.00161
1.088 1.12338
1.096 1.05584
1.134 1.09914
1.14 1.10551
1.162 1.17093
1.186 1.10251
1.181 1.18943
1.149 1.07387
1.174 1.12485
1.204 1.20559
1.222 1.22995
1.292 1.268
1.247 1.2052
1.292 1.28402
1.22 1.2048
1.212 1.26432
1.271 1.2368
1.261 1.3222
1.309 1.29682
1.328 1.34576
1.34 1.31371
1.381 1.4573
1.382 1.42951
1.34 1.28368
1.326 1.33106
1.364 1.42893
1.411 1.50558
1.428 1.42624
1.356 1.36663
1.443 1.50225
1.452 1.53723
1.505 1.54352
1.453 1.4132
1.487 1.52135
1.483 1.53124
1.489 1.40729
1.559 1.57209
1.552 1.67497
1.573 1.56424
1.539 1.50598
1.545 1.47145
1.602 1.54514
1.666 1.6581
1.641 1.66178
1.632 1.63221
1.669 1.63507
1.636 1.53304
1.685 1.50328
1.603 1.54293
1.666 1.66411
1.656 1.68135
1.702 1.65885
1.699 1.74414
1.683 1.53605
1.669 1.62506
1.703 1.69248
1.711 1.74522
1.74 1.7021
1.692 1.72286
1.77 1.7969
1.756 1.77624
1.741 1.80773
1.764 1.75806
1.738 1.59295
1.781 1.78482
1.79 1.72162
1.751 1.7968
1.808 1.89503
1.867 1.90522
1.821 1.69666
1.812 1.82448
1.805 1.75073
1.833 2.00111
1.894 1.98074
1.882 1.88997
1.868 1.96454
1.849 1.93013
1.869 1.95379
1.907 1.87423
1.905 1.87185
1.871 1.85622
1.879 1.94631
1.869 1.87371
1.875 1.96734
1.881 1.8607
1.887 1.91615
1.843 1.90225
1.895 1.90588
1.903 1.87747
1.842 1.94698
1.949 1.9023
1.889 1.97265
1.886 2.07908
1.917 1.93204
1.966 2.10895
1.973 2.1304
1.962 1.88644
1.955 1.89887
1.975 2.20258
1.974 2.10143
1.996 2.10008
1.966 1.87672
2.01 2.04194
1.992 2.07201
1.992 2.10004
2.045 2.05503
2.091 2.25497
2.063 2.15919
2.072 2.04886
2.083 2.15827
2.052 2.03733
2.101 2.22102
2.088 2.33659
2.098 2.24464
2.14 2.20661
2.199 2.25766
2.151 2.13634
2.181 2.18242
2.205 2.18716
2.209 2.25758
2.181 2.3566
2.204 2.28867
2.15 2.22372
2.155 2.18916
2.136 2.13964
2.143 2.10065
2.188 2.16882
2.223 2.37965
2.261 2.44733
2.261 2.33321
2.305 2.31029
2.309 2.44196
2.273 2.41889
2.289 2.38386
2.262 2.45181
2.259 2.30823
2.298 2.27747
2.284 2.33168
2.269 2.34298
2.325 2.37175
2.342 2.23928
2.301 2.3007
2.273 2.27675
2.295 2.3283
2.285 2.222
2.384 2.46901
2.367 2.53485
2.359 2.30843
2.328 2.37279
2.367 2.41673
2.398 2.45405
2.407 2.49184
2.451 2.33794
2.376 2.43306
2.445 2.55353
2.363 2.32956
2.439 2.45874
2.366 2.31636
2.413 2.47491
2.458 2.5668
2.442 2.47711
2.41 2.39429
2.453 2.47427
2.452 2.52222
2.451 2.28388
2.465 2.36914
2.416 2.4554
2.42 2.46006
2.412 2.42868
2.451 2.51812
2.461 2.58907
2.428 2.41723
2.436 2.55446
2.524 2.50193
2.467 2.61152
2.442 2.51715
2.517 2.30602
2.469 2.44148
2.526 2.51584
2.584 2.53348
2.567 2.65216
2.532 2.64963
2.547 2.48027
2.518 2.69237
2.567 2.64015
2.564 2.47838
2.595 2.43741
2.564 2.65055
2.911 3.10018
2.989 2.87976
2.996 3.10709
3.059 3.2848
3.105 3.18516
3.161 3.36244
3.141 3.24837
3.143 3.49405
3.135 3.29807
3.184 3.32547
3.132 3.35593
3.2 3.34935
3.183 3.46297
3.28 3.42503
3.314 3.64705
3.269 3.46611
3.301 3.24364
3.314 3.25866
3.343 3.46081
3.416 3.4604
3.4 3.53353
3.32 3.26687
3.37 3.35846
3.432 3.58296
3.467 3.56448
3.442 3.59623
3.451 3.58518
3.467 3.53244
3.513 3.71354
3.464 3.64435
3.513 3.58141
3.562 3.89805
3.545 3.94192
3.562 3.77393
3.579 3.8416
3.573 3.89056
3.625 3.8242
3.648 3.97607
3.642 3.68752
3.628 3.72134
3.713 3.83046
3.79 4.16607
3.762 3.87723
3.777 4.0293
3.777 4.16343
3.823 4.06574
3.827 3.925
3.837 4.08051
3.855 3.9279
3.847 4.02762
3.815 4.01879
3.848 3.97087
3.864 4.02153
3.828 4.03445
3.753 3.9059
3.812 4.20686
3.871 3.91227
3.853 4.04343
3.855 3.90788
3.858 3.91575
3.885 4.04782
3.893 4.04359
3.924 4.15838
3.978 4.2798
3.92 4.0997
3.984 4.00175
4.022 3.99751
4.004 4.10209
3.971 4.18034
3.998 4.16216
3.954 3.97386
3.967 4.14005
3.989 4.13301
3.999 4.12913
4.014 4.0919
4.052 4.01331
4.066 4.21186
4.063 3.99102
4.096 4.34513
4.097 4.26986
4.046 4.3162
4.15 4.38388
4.045 4.08906
4.078 4.26218
4.078 4.30022
4.149 4.27507
4.176 4.46549
4.186 4.14355
4.145 4.30028
4.18 4.46807
4.067 4.29681
4.145 4.36034
4.095 4.3263
4.181 4.54078
4.213 4.55218
4.2 4.43443
4.209 4.60392
4.268 4.53671
4.234 4.50775
4.258 4.65009
4.262 4.4478
4.285 4.47025
4.231 4.27992
4.205 4.39337
4.199 4.35776
4.209 4.47579
4.205 4.5275
4.172 4.72114
4.228 4.43045
4.245 4.40738
4.262 4.50987
4.26 4.33473
4.255 4.36434
4.267 4.40011
4.242 4.48792
4.296 4.83322
4.237 4.55338
4.167 4.50962
4.237 4.33917
4.252 4.58708
4.258 4.69213
4.191 4.50502
4.299 4.83443
4.305 4.77475
4.329 4.80356
4.27 4.59369
4.279 4.53369
4.428 4.65747
4.393 4.66121
4.423 4.67675
4.387 4.86209
4.37 4.65776
4.401 4.98318
4.329 4.72548
4.373 4.63651
4.337 4.53997
4.398 4.59019
4.366 4.60064
4.365 4.37415
4.464 4.66337
4.411 4.77886
4.419 4.68813
4.407 4.8522
4.393 4.63919
4.384 4.63318
4.44 4.599
4.403 4.50109
4.441 4.60713
4.465 4.73751
4.447 4.56776
4.471 4.62979
4.475 4.8222
4.555 4.94392
4.487 4.69653
4.516 4.66841
4.582 4.85213
4.583 5.08219
4.54 5.03944
4.509 4.93285
4.631 4.6575
4.579 4.76653
4.545 4.5265
4.554 4.98006
4.531 4.79784
4.499 4.92092
4.474 4.73206
4.47 4.92202
4.524 4.55798
4.558 4.92356
4.59 4.71662
4.583 4.67579
4.577 5.06714
4.584 4.72167
4.583 4.82794
4.642 4.83467
4.669 4.98042
4.706 4.69826
4.727 4.87935
4.684 4.77492
4.638 4.80576
4.676 4.78981
4.622 5.06618
4.693 4.93368
4.66 4.78519
4.558 4.75739
4.698 4.83363
4.66 4.85325
4.706 4.61218
4.692 5.10224
4.719 5.17121
4.733 4.93665
4.703 5.02582
4.696 4.83642
4.695 5.08706
4.747 4.9119
4.794 5.18275
4.751 5.33433
4.76 5.06547
4.743 4.91987
4.775 5.38576
