1600 100
0.658 0.625662
0.774 0.83576
0.81 0.788689
0.882 0.927003
0.904 0.853638
0.92 0.88048
0.928 0.859676
0.997 0.939931
0.983 0.953665
1.028 1.01823
1.017 1.02173
1.057 1.00476
1.116 1.02357
1.045 0.993969
1.044 1.06113
1.092 1.07061
1.084 1.06401
1.146 1.07776
1.132 1.1277
1.181 1.15339
1.15 1.16667
1.159 1.25898
1.145 1.09907
1.151 1.22743
1.144 1.19246
1.187 1.28532
1.253 1.34834
1.201 1.31992
1.261 1.29818
1.265 1.31809
1.25 1.23473
1.293 1.33248
1.273 1.32379
1.303 1.27447
1.272 1.3834
1.293 1.34049
1.32 1.32893
1.325 1.34872
1.317 1.43595
1.358 1.37721
1.353 1.40379
1.367 1.33965
1.399 1.33113
1.37 1.37848
1.42 1.38498
1.417 1.46057
1.453 1.47126
1.463 1.40804
1.431 1.40865
1.434 1.52517
1.448 1.52082
1.417 1.45857
1.48 1.45906
1.493 1.59955
1.531 1.61265
1.533 1.46438
1.533 1.53244
1.525 1.46284
1.506 1.41338
1.565 1.55933
1.522 1.41693
1.517 1.57929
1.523 1.527
1.603 1.62902
1.6 1.64965
1.64 1.72613
1.594 1.52869
1.635 1.6254
1.574 1.56809
1.586 1.6923
1.624 1.61023
1.598 1.59599
1.608 1.69603
1.665 1.58836
1.637 1.75499
1.708 1.77851
1.685 1.63741
1.71 1.61552
1.679 1.76172
1.645 1.61259
1.657 1.62498
1.7 1.62162
1.762 1.71507
1.726 1.76068
1.718 1.68016
1.723 1.72399
1.725 1.73511
1.708 1.59433
1.754 1.74323
1.761 1.87375
1.709 1.74206
1.739 1.77866
1.78 1.68128
1.846 1.84613
1.805 1.73871
1.799 1.7003
1.815 1.87065
1.762 1.82118
1.784 1.74909
1.868 2.01859
1.886 1.93894
1.829 1.86162
1.814 1.80121
1.831 1.84228
1.825 1.86024
1.84 1.86226
1.864 1.82933
1.823 1.8255
1.888 1.83129
1.908 1.9635
1.913 1.85128
1.932 2.00338
1.853 1.85925
1.864 1.78929
1.866 1.70775
1.808 1.77491
1.859 1.94106
1.894 1.87264
1.854 1.88056
1.831 1.92436
1.877 1.78966
1.853 1.88728
1.888 1.92338
1.932 1.93131
1.91 2.04394
1.924 1.92815
1.926 1.99852
1.961 2.14162
1.95 2.05956
1.921 2.0428
1.942 2.03467
1.932 2.00939
1.968 2.18716
1.998 2.08608
1.97 2.06316
1.987 2.20303
1.978 2.00352
1.989 2.12901
2.006 2.00997
2.06 2.12052
2.043 2.20936
2.076 2.21644
2.004 2.14012
2.071 2.25622
2.061 2.16945
2.119 2.24308
2.089 2.27135
2.115 2.21199
2.117 2.19751
2.032 2.15914
2.154 2.28857
2.058 2.14278
2.061 2.30358
2.085 2.31009
2.105 2.23821
2.132 2.17675
2.108 2.00834
2.133 2.1935
2.105 2.09807
2.078 2.12204
2.115 2.1299
2.129 2.1405
2.166 2.16661
2.15 2.16767
2.072 2.06888
2.153 2.24383
2.131 2.30414
2.155 2.25523
2.143 2.30886
2.178 2.21053
2.163 2.29473
2.256 2.4349
2.196 2.35794
2.17 2.18128
2.196 2.09368
2.185 2.05883
2.207 2.34249
2.231 2.29193
2.239 2.33021
2.167 2.26137
2.2 2.23423
2.217 2.17008
2.203 2.36215
2.189 2.22751
2.223 2.35162
2.229 2.27083
2.211 2.3228
2.238 2.23759
2.232 2.29647
2.271 2.41197
2.279 2.46562
2.304 2.37996
2.307 2.27703
2.269 2.33698
2.304 2.48407
2.303 2.46566
2.221 2.37453
2.277 2.33661
2.306 2.4328
2.272 2.43645
2.617 2.83314
2.651 2.74995
2.744 2.86533
2.776 3.03686
2.833 3.05016
2.8 2.83884
2.817 3.00852
2.835 2.7205
2.882 2.89497
2.869 2.79864
2.905 3.25723
2.947 3.09529
2.944 3.26012
2.928 3.10792
2.943 3.12888
2.943 3.18093
2.982 3.14482
3.045 3.13211
2.95 2.92643
2.99 3.06496
3.064 3.18709
3.046 3.14303
3.133 3.32263
3.18 3.26086
3.186 3.32873
3.128 3.09071
3.256 3.39986
3.248 3.34784
3.193 3.30305
3.183 3.37489
3.202 3.26046
3.192 3.33647
3.221 3.48364
3.243 3.49144
3.237 3.52436
3.209 3.5809
3.243 3.44139
3.245 3.46644
3.311 3.61589
3.243 3.76171
3.324 3.7728
3.316 3.60775
3.36 3.55395
3.368 3.85243
3.347 3.65825
3.38 3.57317
3.375 3.83221
3.356 3.4327
3.334 3.56
3.412 3.4417
3.317 3.53605
3.361 3.5242
3.404 3.64843
3.397 3.55094
3.379 3.75712
3.396 3.82901
3.44 3.78218
3.415 3.50428
3.427 3.58025
3.445 3.73871
3.498 3.81982
3.479 3.6412
3.504 3.92191
3.404 3.56435
3.472 3.63085
3.419 3.59704
3.442 3.67831
3.494 3.40737
3.552 3.59489
3.58 3.52713
3.593 3.79915
3.618 3.63571
3.647 3.78818
3.585 3.6244
3.567 3.81733
3.59 3.61151
3.569 3.89313
3.523 3.75923
3.55 4.09359
3.613 4.10534
3.644 3.98525
3.604 3.81099
3.537 3.78842
3.547 4.0138
3.553 3.96716
3.614 3.98098
3.538 3.98654
3.607 4.23278
3.71 4.18408
3.642 4.20404
3.597 3.94454
3.628 3.73335
3.615 3.93871
3.601 3.95575
3.61 4.24815
3.571 4.16112
3.585 4.16894
3.631 4.02286
3.64 4.21862
3.61 4.24214
3.674 4.22195
3.616 4.01856
3.64 4.41682
3.674 4.46219
3.673 4.28636
3.695 4.18216
3.615 4.04482
3.614 3.8969
3.655 4.11409
3.664 4.0932
3.664 4.27538
3.634 4.10815
3.61 4.15606
3.621 4.25361
3.686 4.32373
3.627 4.10998
3.73 4.14324
3.647 4.06846
3.659 4.12484
3.693 4.22097
3.616 4.25079
3.629 3.95131
3.671 4.18494
3.666 4.12056
3.629 3.98935
3.638 4.14911
3.658 4.13517
3.69 4.14605
3.664 4.27538
3.678 4.01833
3.717 4.25116
3.69 4.18008
3.755 4.57555
3.695 4.30228
3.647 4.06446
3.677 4.1268
3.715 4.34212
3.714 4.14835
3.658 4.15119
3.588 4.27253
3.733 4.33004
3.652 4.22312
3.635 4.31409
3.636 4.27178
3.772 4.67669
3.766 4.38763
3.714 4.41662
3.701 4.18779
3.702 4.23944
3.695 4.29027
3.787 4.39002
3.765 4.36214
3.778 4.22694
3.791 4.33966
3.784 4.47382
3.811 4.58787
3.863 4.50474
3.865 4.79157
3.823 4.59827
3.792 4.54328
3.851 4.53133
3.873 4.7336
3.843 4.81917
3.922 5.10502
3.907 4.60896
3.941 4.76629
3.931 4.81906
3.976 4.90233
3.934 5.02667
3.916 4.44539
3.88 4.84645
3.843 4.92728
3.856 4.68795
3.84 4.91331
3.918 4.85413
3.902 4.78318
3.907 4.86321
3.943 4.88464
4.001 4.82983
3.988 5.01487
3.986 4.94275
3.897 4.77517
4.008 4.90284
3.989 5.14002
3.985 4.87565
3.997 5.30229
3.988 4.97283
4.055 4.97495
4.011 5.02991
3.972 5.03825
4.014 5.02483
4.024 5.12655
3.962 4.93349
3.946 4.89798
3.97 5.11021
4.007 4.92788
3.986 4.73854
3.936 5.1951
3.958 5.10935
3.903 5.02662
3.948 5.18248
3.894 5.14591
3.926 5.18171
3.956 5.26533
3.989 5.06995
3.932 5.11449
3.928 5.15397
3.928 5.23405
3.886 5.08609
3.89 5.10901
3.93 5.06016
3.916 4.89784
3.931 4.83708
3.891 5.1783
3.875 5.28666
3.909 4.92164
3.947 5.18938
3.896 5.3205
3.946 5.43852
3.953 5.33413
3.931 5.36761
3.978 5.61914
4.002 5.33733
3.988 5.30716
3.964 5.23594
4.001 5.54855
3.972 5.73495
4.03 5.56266
4.01 5.40731
4.008 5.20114
4.033 5.44736
4.082 5.58486
4.094 5.55472
4.031 5.63567
4.001 5.67668
3.982 5.67735
4.003 5.38438
4.011 5.69658
3.983 5.70241
4.024 5.4749
4.038 5.43599
4.026 5.56289
4.08 5.63724
4.069 5.5618
4.085 5.51729
4.123 5.6315
3.991 5.28821
4.037 5.4671
4.032 5.29627
3.981 5.63828
3.991 5.42034
4.016 5.34309
4.008 5.49743
4.049 5.55415
4.013 5.62646
3.959 5.62094
3.938 5.71387
4.007 5.83278
3.907 5.63599
3.907 5.90025
3.927 5.69737
4.01 5.82973
3.975 5.79617
3.998 5.72172
3.952 5.64734
4.023 5.57605
4.017 5.50021
4.054 5.97706
4.022 5.66318
3.97 5.57868
3.996 5.6196
3.955 5.50248
4.019 5.40805
4.093 5.71006
4.014 5.52933
4.017 5.50221
4.053 5.48367
4.041 5.70502
4.05 5.7993
4.043 5.90706
3.987 5.83667
3.991 5.46839
4.068 5.76915
4.041 5.72104
4.035 5.61939
4.048 5.63733
3.997 5.67066
4.025 5.95633
4.078 5.91183
4.037 5.76139
4.121 5.67403
4.062 5.53169
4.141 5.86098
4.101 5.82262
4.043 5.47663
4.04 5.62402
4.07 5.46056
4.123 5.66153
4.066 5.64129
4.073 5.61128
4.104 5.80098
4.076 5.84006
4.11 6.08999
4.113 6.1684
4.09 5.98589
4.025 5.84222
4.009 5.92084
4.063 5.967
4.024 5.38681
4.026 5.92925
4.045 5.7287
4.08 6.01161
4.089 6.01109
4.061 5.41469
4.085 5.59937
4.012 5.57743
4.022 5.70722
3.973 5.64391
4.023 5.95242
3.955 5.71069
3.953 5.42622
3.931 5.84408
3.891 5.39652
3.856 5.5328
3.881 5.68052
3.943 5.67943
3.878 5.7809
3.879 5.81818
3.947 5.91811
3.897 5.81421
3.879 6.20456
3.832 5.75153
3.869 6.03187
3.856 5.739
3.863 5.60584
3.956 5.92799
3.896 5.89308
3.931 5.76601
3.955 5.6246
3.981 6.03868
3.944 5.5324
4.007 5.58053
3.936 5.60751
3.974 5.83516
3.972 5.65287
3.999 5.57858
4.044 5.65972
4.096 6.15494
4.049 5.94655
4.078 6.11203
4.084 5.96691
4.01 5.80971
4.005 6.10308
3.996 5.86385
3.937 5.57661
3.975 5.80418
4.028 6.28951
4.028 5.97719
4.033 6.18209
4.007 5.89084
3.99 5.81972
3.993 6.42738
4.041 6.01934
4.001 5.97497
3.996 5.96995
4.025 6.47685
4.018 6.09377
4.041 6.11744
3.997 6.13913
3.997 6.18718
4.074 6.5731
3.989 6.15103
4.093 6.1485
4.071 6.24621
4.022 6.67619
4.043 6.6498
4.062 6.35051
3.989 6.58346
4.031 6.48052
4.033 6.45236
4.077 6.58165
4.06 6.20661
4.08 6.23584
4.085 6.20598
4.12 6.17377
4.111 6.21289
4.065 6.18096
4.038 6.42498
4.122 6.81193
4.184 6.77492
4.141 6.34346
4.159 6.72444
4.144 6.20947
4.172 6.30672
4.16 6.3968
4.104 6.30549
4.204 6.33672
4.167 6.35146
4.191 6.51904
4.121 6.29065
4.184 6.21436
4.202 6.4997
4.27 6.56366
4.218 6.43491
4.238 6.646
4.228 6.65267
4.24 6.57097
4.212 6.58364
4.297 6.92171
4.241 6.5795
4.188 6.72738
4.215 6.80558
4.21 6.21612
4.179 6.7437
4.088 6.35261
4.173 6.26333
4.168 6.44422
4.196 6.32591
4.221 6.52468
4.159 6.62234
4.177 6.61228
4.219 6.74979
4.189 6.87215
4.232 6.78496
4.224 6.35418
4.23 6.6978
4.251 6.74074
4.232 6.48266
4.233 6.64936
4.325 6.63001
4.298 6.46967
4.325 6.67405
4.302 6.9998
4.351 7.26707
4.29 7.08498
4.24 7.00741
4.268 6.83301
4.287 7.29392
4.273 6.8293
4.276 6.78861
4.223 7.04832
4.307 7.3481
4.361 7.26194
4.267 6.97068
4.249 7.12412
4.293 7.06021
4.313 7.28832
4.301 7.04144
4.354 7.49017
4.34 7.04144
4.326 7.55528
4.306 7.32369
4.307 7.39014
4.33 7.32242
4.265 7.35013
4.272 7.54957
4.335 7.64842
4.292 7.43617
4.279 7.25441
4.309 7.60713
4.329 7.19395
4.292 7.09984
4.336 7.2003
4.337 7.15459
4.339 7.34142
4.311 7.66194
4.344 7.41508
4.331 7.24869
4.333 7.3855
4.389 7.53722
4.319 7.71495
4.39 7.56547
4.373 7.37725
4.372 7.59721
4.322 7.31763
4.229 6.97954
4.26 7.35576
4.265 6.61339
4.288 7.00806
4.365 6.93071
4.297 7.00379
4.356 6.98425
4.31 7.03694
4.291 7.22154
4.286 7.23744
4.301 7.09549
4.256 7.24571
4.291 7.15347
4.244 7.48195
4.275 6.94232
4.273 7.46994
4.256 7.40387
4.288 7.21827
4.251 7.23924
4.303 7.35855
4.263 7.35519
4.27 7.31041
4.244 7.67214
4.249 7.64264
4.271 7.86743
4.301 7.44785
4.3 7.61361
4.334 7.9564
4.26 7.47588
4.297 7.76255
4.371 7.637
4.344 7.62929
4.288 7.79685
4.329 7.6364
4.308 7.37851
4.332 7.70748
4.35 7.39089
4.389 7.78947
4.417 7.85697
4.391 7.69381
4.332 7.55333
4.323 7.64031
4.335 7.28806
4.406 7.72088
4.342 7.78482
4.338 7.43319
4.301 7.602
4.376 7.7724
4.378 7.96708
4.397 7.96335
4.425 7.44182
4.426 7.79232
4.493 7.35931
4.469 7.39644
4.433 7.57709
4.453 7.85364
4.454 7.95784
4.47 7.94905
4.459 7.8782
4.449 7.76116
4.479 7.86342
4.47 7.44054
4.487 7.75158
4.426 8.0806
4.522 7.94546
4.43 7.66877
4.472 7.84506
4.527 7.79507
4.555 7.65263
4.521 7.99956
4.527 8.10538
4.48 8.18579
4.489 8.15203
4.554 8.02111
4.486 7.75556
4.527 8.16744
4.499 8.21421
4.525 7.86124
4.48 8.27187
4.467 8.24115
4.451 8.03563
4.472 8.13735
4.581 8.3618
4.504 8.72471
4.39 8.11401
4.47 8.23133
4.498 8.27227
4.424 8.53075
4.457 8.67282
4.49 8.1961
4.5 8.16416
4.493 8.36432
4.512 8.11998
4.555 8.40138
4.518 8.47815
4.581 8.17962
4.59 8.45435
4.497 8.17016
4.476 8.25968
4.495 8.1221
4.534 8.52937
4.54 8.05646
4.526 8.49582
4.517 8.35006
4.594 8.52969
4.614 8.35136
4.552 8.3997
4.528 8.65787
4.543 8.7449
4.556 8.75162
4.565 8.93071
4.594 8.77594
4.549 8.33994
4.603 8.64404
4.611 8.70438
4.599 8.69289
4.571 8.92989
4.575 8.95133
4.624 8.93556
4.655 9.13311
4.629 9.12448
4.616 9.31586
4.594 8.85602
4.632 9.33391
4.711 9.16665
4.708 9.33207
4.665 9.20198
4.632 9.38196
4.667 9.04516
4.699 9.14955
4.632 9.03962
4.765 9.03281
4.651 8.51571
4.721 9.12428
4.69 9.04094
4.646 8.80349
4.73 8.88599
4.685 9.05283
4.667 9.35547
4.656 8.97864
4.687 8.88391
4.664 8.76987
4.669 8.90234
4.711 9.14062
4.645 9.11209
4.671 8.76953
4.699 9.30771
4.673 8.7268
4.669 9.01045
4.651 8.98619
4.668 9.0248
4.737 9.07491
4.728 9.40943
4.714 9.50571
4.654 9.33962
4.7 9.33133
4.783 9.07899
4.693 9.27803
4.753 9.31531
4.676 8.95598
4.787 9.15078
4.761 9.24312
4.799 9.29189
4.825 9.39177
4.79 9.65956
4.828 9.46188
4.809 9.61213
4.869 9.82566
4.891 9.99311
4.845 9.47845
4.943 9.55731
4.831 9.4599
4.835 9.69947
4.9 9.60961
4.885 9.51529
4.867 9.63495
4.894 9.57634
4.904 9.47626
4.87 9.57067
4.919 9.68613
4.875 9.78316
4.797 9.4052
4.888 9.23669
4.762 9.39875
4.874 9.58771
4.791 9.77509
4.748 9.57007
4.793 9.48363
4.776 9.15698
4.772 9.17519
4.862 9.57253
4.874 9.70383
4.859 9.80092
4.762 9.69105
4.819 9.73998
4.76 9.45786
4.798 9.51271
4.822 9.64596
4.842 9.8669
4.85 9.95145
4.802 9.81461
4.839 9.94903
4.944 9.90477
4.896 10.4436
4.797 9.82962
4.887 9.90814
4.811 9.78707
4.846 9.62791
4.836 10.0411
4.812 10.1168
4.835 10.3341
4.847 10.0376
4.866 9.58763
4.824 9.45848
4.818 9.7206
4.812 9.83849
4.829 9.70346
4.781 9.68272
4.803 9.82201
4.879 9.51187
4.794 9.91348
4.798 9.96917
4.881 9.98883
4.831 9.90635
4.842 9.82286
4.855 9.68366
4.806 9.84621
4.787 9.72335
4.75 9.82733
4.75 9.74725
4.789 9.4219
4.736 9.96427
4.745 9.74372
4.729 9.58715
4.711 9.48296
4.753 9.56155
4.825 9.74412
4.75 9.57908
4.704 9.69808
4.741 9.4814
4.73 9.58068
4.782 9.60608
4.723 9.94021
4.746 9.54103
4.759 10.089
4.794 9.69526
4.768 9.70788
4.744 9.71017
4.762 9.91527
4.761 9.83571
4.748 9.57007
4.779 10.0402
4.758 10.1736
4.809 10.3308
4.757 10.3163
4.743 10.091
4.827 10.2373
4.763 10.4333
4.792 10.3611
4.766 10.8481
4.772 10.7428
4.772 10.7207
4.729 10.4921
4.773 10.568
4.775 10.2246
4.738 10.8862
4.846 10.3486
4.75 10.3719
4.81 10.6125
4.792 10.1169
4.7 9.88989
4.678 10.0804
4.822 10.4448
4.782 10.3508
4.794 10.2218
4.841 10.0778
4.788 10.1012
4.769 10.344
4.791 10.2055
4.818 10.145
4.736 10.0944
4.79 10.3903
4.739 10.3252
4.806 10.7071
4.754 9.98547
4.828 9.90432
4.761 9.65553
4.783 9.72964
4.723 9.65392
4.745 9.98796
4.798 10.1353
4.795 9.74672
4.723 10.1324
4.677 9.90057
4.772 10.3344
4.715 10.218
4.808 10.3195
4.747 9.74273
4.709 9.9783
4.726 9.9749
4.753 10.1001
4.734 9.9552
4.806 10.0424
4.79 10.3563
4.721 10.3875
4.791 10.694
4.823 10.326
4.808 10.5357
4.845 10.2132
4.773 10.0695
4.809 10.4249
4.815 10.4672
4.726 10.7256
4.814 10.4719
4.834 10.3468
4.872 10.4521
4.834 10.3968
4.832 10.6464
4.89 10.7867
4.9 10.3744
4.967 10.4724
4.891 10.9321
4.92 10.9566
4.958 10.9732
4.959 11.0904
4.933 10.8213
4.92 11.1127
4.906 11.0562
4.926 11.0736
4.948 11.2285
5.004 11.5395
4.937 11.2002
4.944 10.9798
4.931 11.0513
5.002 11.6997
4.981 11.1798
5.003 11.5686
5.014 11.4172
4.941 11.2508
4.908 10.6902
5.029 11.2154
4.98 10.9826
4.919 10.7452
4.898 10.9606
4.87 10.8499
4.849 10.6689
4.859 10.7979
4.878 11.1182
4.945 11.1651
4.916 10.8098
4.849 10.847
4.9 10.7728
4.905 11.009
4.908 11.1026
4.838 10.9447
4.868 10.9435
4.823 10.9807
4.856 10.714
4.93 11.0862
4.94 11.3297
4.875 11.0424
4.859 11.1202
4.891 11.2464
4.953 11.5924
4.914 11.2839
4.882 11.2673
4.886 10.8579
4.858 11.2631
4.797 11.177
4.865 11.5784
4.861 11.3971
4.835 11.0949
4.843 11.2816
4.871 10.8993
4.839 11.4565
4.828 10.8172
4.829 11.0828
4.838 11.1249
4.857 11.3059
4.831 11.562
4.871 11.0294
4.829 11.0388
4.815 10.7555
4.816 11.2013
4.793 11.4176
4.825 11.5379
4.847 11.7433
4.792 11.3241
4.822 11.3296
4.836 10.898
4.892 11.3497
4.879 11.5339
4.84 11.7602
4.868 11.8805
4.859 11.5867
4.894 11.4642
4.898 11.1147
4.866 11.8479
4.861 11.4211
4.838 11.0648
4.868 11.7683
4.885 11.3972
4.913 11.543
4.881 11.5164
4.942 11.7624
4.881 11.2501
4.821 11.07
4.842 11.3804
4.921 11.28
4.88 11.5411
4.866 11.4755
4.914 11.6803
4.893 11.5011
4.888 11.6371
4.871 11.5379
4.93 11.6267
4.939 11.9913
4.988 11.6415
4.875 11.577
4.859 11.2764
4.914 11.4541
4.879 11.7541
4.878 12.0852
4.936 11.9178
4.908 11.5171
4.863 11.5658
4.856 11.759
4.898 11.6753
4.912 11.79
4.948 11.8552
4.977 12.2247
4.936 12.138
4.926 12.3309
4.907 11.9243
4.949 12.1626
4.955 12.1311
4.969 12.5326
4.92 12.6202
4.991 12.4914
4.911 12.2553
4.903 12.4641
4.87 12.6157
4.929 12.7467
4.847 12.362
4.871 12.1405
4.888 12.1796
4.94 12.0324
4.831 12.1786
4.927 12.29
4.882 12.6788
4.95 12.0976
4.911 12.6577
4.94 12.8753
4.986 12.9087
4.948 12.7961
4.937 12.6457
4.898 12.0036
4.943 12.6164
4.972 12.4216
4.963 12.3099
4.986 12.5423
4.958 12.6589
4.909 12.305
4.924 12.731
4.844 12.5722
4.895 12.4604
4.88 12.5562
4.851 12.6915
4.889 12.6774
5.005 12.9039
4.957 12.86
4.941 12.8123
4.952 12.6103
4.905 12.6246
4.933 12.8574
4.953 13.3321
4.908 12.5941
4.956 12.7668
4.977 12.9114
4.943 12.6944
4.895 12.5525
4.95 12.8624
4.918 12.9282
4.885 12.6724
4.987 12.4453
4.996 12.5645
4.975 12.2006
4.902 12.2567
4.934 12.6223
4.925 12.6
4.927 12.6904
4.977 12.9134
4.942 13.0877
4.956 12.9911
5.019 12.9055
5.04 13.2136
5.015 12.9858
4.999 12.956
4.994 13.1791
5.064 13.061
4.974 12.7981
4.968 12.5215
5.026 12.698
4.971 12.9651
5.03 12.8039
4.966 13.2421
4.976 12.5059
