1200 100
0.654 0.698983
0.779 0.804964
0.872 0.85447
0.884 0.911455
0.935 0.907683
1.021 1.03359
0.98 1.01261
1.05 1.06256
1.008 1.10704
1.02 1.02863
1.053 1.07527
1.079 1.10787
1.026 1.0744
1.047 1.04584
1.047 1.0098
1.097 1.05665
1.077 1.08416
1.122 1.0882
1.135 1.17595
1.141 1.18631
1.114 1.16817
1.165 1.09687
1.189 1.16845
1.25 1.25475
1.161 1.08416
1.226 1.24217
1.227 1.17865
1.237 1.30414
1.248 1.23173
1.212 1.21227
1.257 1.18614
1.329 1.30406
1.336 1.41252
1.296 1.28767
1.339 1.41149
1.363 1.41264
1.355 1.41039
1.361 1.34803
1.347 1.28588
1.376 1.33196
1.389 1.4211
1.368 1.35793
1.389 1.38306
1.417 1.41653
1.432 1.34072
1.475 1.46084
1.455 1.45143
1.473 1.45673
1.467 1.45637
1.482 1.46314
1.48 1.49109
1.525 1.46284
1.536 1.42213
1.525 1.58296
1.549 1.5051
1.587 1.60003
1.553 1.48868
1.577 1.63771
1.598 1.66206
1.626 1.62975
1.587 1.62005
1.653 1.59819
1.642 1.72356
1.619 1.61345
1.665 1.63841
1.674 1.68141
1.651 1.60881
1.676 1.61464
1.705 1.75373
1.713 1.70233
1.727 1.69617
1.752 1.77827
1.738 1.79916
1.795 1.88486
1.799 1.8965
1.797 1.75755
1.798 1.71691
1.705 1.76574
1.773 1.65312
1.743 1.6506
1.802 1.72852
1.827 1.86694
1.849 1.74194
1.88 1.85145
1.881 1.85269
1.833 1.86898
1.968 1.8248
1.848 1.79869
1.858 1.60744
1.865 1.71049
1.887 1.81004
1.878 1.90302
1.902 1.82022
1.937 1.89292
1.946 1.89298
1.937 2.05509
1.948 1.96326
1.935 1.99077
1.936 1.90981
2.013 1.92676
2.011 2.02691
1.969 1.97001
1.971 1.87203
1.989 1.84873
1.954 1.98987
1.968 2.04702
1.957 2.08924
1.991 2.14707
2.009 1.93886
2.081 1.98643
2.014 2.03184
2.034 2.08893
1.996 2.05804
2.042 2.14838
2.031 2.08412
2.106 2.09085
2.069 2.14839
2.091 2.12885
2.105 2.24222
2.164 2.28739
2.124 2.24887
2.128 2.29791
2.108 2.0644
2.14 2.11051
2.19 2.17007
2.173 2.21929
2.211 2.15864
2.211 2.15063
2.233 2.18089
2.249 2.18919
2.257 2.22117
2.242 2.17962
2.247 2.11611
2.216 2.13548
2.264 2.14645
2.26 2.11852
2.272 2.24226
2.305 2.21419
2.284 2.27962
2.328 2.23465
2.35 2.12963
2.291 2.22454
2.3 2.37437
2.309 2.22174
2.295 2.31029
2.309 2.20172
2.283 2.31122
2.357 2.3459
2.329 2.30707
2.347 2.39298
2.366 2.37041
2.345 2.3223
2.331 2.34178
2.378 2.50162
2.335 2.43921
2.379 2.58594
2.371 2.52188
2.351 2.4022
2.349 2.56376
2.371 2.45581
2.374 2.38851
2.381 2.48633
2.417 2.36748
2.388 2.42188
2.446 2.46755
2.401 2.51071
2.402 2.48688
2.415 2.53531
2.451 2.45005
2.43 2.48759
2.427 2.45312
2.477 2.21969
2.41 2.20811
2.48 2.54214
2.456 2.32439
2.459 2.53085
2.472 2.52574
2.459 2.4788
2.473 2.46574
2.465 2.44122
2.44 2.52492
2.442 2.5632
2.413 2.45489
2.399 2.33814
2.444 2.29116
2.463 2.30894
2.514 2.52233
2.478 2.49401
2.444 2.38725
2.437 2.44648
2.468 2.4274
2.51 2.53644
2.562 2.48464
2.544 2.37444
2.546 2.42831
2.532 2.57555
2.54 2.49489
2.536 2.3951
2.535 2.33511
2.531 2.47952
2.9 2.82883
2.951 2.92152
2.974 2.96229
3.009 3.00392
3.032 2.99797
3.149 3.11391
3.123 3.00488
3.202 3.45465
3.206 3.2368
3.167 2.9881
3.22 3.04064
3.212 3.53659
3.152 3.2061
3.251 3.38739
3.249 3.34635
3.316 3.52967
3.204 3.14953
3.31 3.24515
3.211 3.18166
3.301 3.53794
3.277 3.25152
3.329 3.42819
3.351 3.28909
3.417 3.58269
3.392 3.42176
3.411 3.46554
3.467 3.56648
3.363 3.51875
3.378 3.34246
3.437 3.45949
3.491 3.27519
3.532 3.34832
3.553 3.44464
3.551 3.58699
3.561 3.5178
3.63 3.54264
3.618 3.71779
3.611 3.62731
3.625 3.61399
3.65 3.41491
3.668 3.46724
3.633 3.50982
3.545 3.54752
3.523 3.37885
3.645 3.66064
3.638 3.5425
3.69 3.6996
3.583 3.67679
3.711 3.80128
3.695 3.56754
3.689 3.76805
3.645 3.67465
3.692 3.85499
3.66 3.53794
3.847 3.73733
3.84 3.95035
3.797 3.78558
3.823 3.86353
3.878 3.77889
3.83 3.76286
3.837 3.6681
3.854 3.9186
3.774 3.7747
3.801 3.88729
3.843 4.0484
3.902 4.12452
3.876 4.0727
3.851 4.13694
3.855 3.86784
3.858 4.18602
3.921 4.241
3.919 4.22066
3.868 4.40698
3.929 4.02198
3.94 4.28468
3.945 4.25023
3.955 4.05703
4.079 4.42518
3.997 4.24323
4.118 4.05813
4.08 4.26386
4.056 4.21308
4.042 4.15639
4.077 4.27535
4.051 4.43083
4.095 4.24022
4.126 4.3805
4.145 4.40638
4.139 4.44212
4.136 4.21372
4.169 4.38683
4.174 4.40213
4.169 4.47091
4.193 4.22798
4.237 4.23907
4.23 4.22733
4.19 4.30821
4.216 4.22557
4.122 4.16929
4.218 4.23671
4.289 4.40989
4.221 4.42659
4.197 4.5107
4.233 4.35306
4.261 4.48536
4.213 4.65629
4.265 4.67145
4.267 4.48219
4.256 4.4409
4.304 4.36795
4.35 4.47397
4.349 4.64785
4.384 4.58913
4.4 4.74675
4.353 4.43282
4.389 4.66034
4.373 4.54442
4.374 4.65077
4.411 4.64072
4.382 4.55463
4.387 4.72195
4.379 4.37774
4.322 4.54686
4.425 4.55293
4.402 4.59299
4.394 4.37514
4.374 4.41053
4.414 4.35296
4.466 4.69954
4.367 4.50482
4.418 4.60788
4.402 4.65705
4.379 4.46783
4.458 4.82106
4.403 4.66926
4.469 4.6617
4.384 4.66721
4.427 4.80948
4.409 4.65838
4.441 4.88941
4.433 4.85637
4.402 4.79319
4.425 4.84122
4.465 4.7295
4.437 4.83286
4.368 4.73531
4.451 4.98058
4.454 4.68657
4.445 4.76374
4.43 4.77588
4.372 4.70632
4.393 4.61316
4.441 4.96148
4.469 4.95199
4.422 4.99691
4.41 4.85475
4.462 5.07964
4.391 5.03515
4.464 5.02573
4.431 5.0563
4.458 5.03127
4.509 4.6786
4.477 5.07054
4.483 5.02474
4.451 4.95255
4.51 5.10901
4.462 4.95551
4.511 4.93682
4.518 4.93261
4.499 4.55656
4.482 4.9246
4.553 5.01621
4.523 5.24872
4.516 5.36311
4.508 5.05299
4.543 5.13729
4.593 5.27262
4.599 5.22342
4.588 5.08935
4.561 4.91119
4.622 4.94206
4.554 4.77386
4.6 4.88488
4.573 4.88756
4.574 5.25778
4.538 5.16572
4.633 5.0854
4.629 5.09445
4.66 5.13954
4.62 4.99459
4.656 5.01468
4.651 4.98018
4.739 5.17606
4.708 5.07781
4.754 5.16465
4.74 4.89129
4.695 5.07305
4.695 5.03101
4.668 4.79457
4.708 4.8596
4.742 5.09653
4.648 4.69479
4.731 5.28192
4.734 5.01025
4.658 5.15819
4.637 4.85008
4.698 5.22202
4.715 4.95473
4.71 4.94084
4.758 5.18662
4.797 5.18498
4.684 5.0592
4.69 5.15506
4.689 5.26154
4.648 5.26937
4.62 5.16476
4.685 5.39717
4.712 5.26432
4.715 5.31709
4.72 5.06466
4.666 5.50795
4.679 5.15912
4.738 4.98434
4.724 5.3712
4.741 5.25517
4.757 5.2452
4.747 5.12412
4.82 5.24885
4.78 5.12873
4.864 4.63814
4.785 5.10388
4.758 5.17061
4.716 4.79013
4.785 5.00578
4.753 4.84484
4.786 5.11532
4.842 5.0601
4.822 5.0794
4.769 5.01465
4.873 5.23411
4.85 5.25275
4.864 5.38889
4.86 5.47588
4.955 5.1221
4.905 5.31129
4.929 5.24721
4.921 5.27403
4.991 5.62855
4.906 5.46463
4.922 5.52544
4.905 5.45343
4.891 5.50262
4.887 5.44167
4.798 5.04024
4.847 5.48107
4.84 5.45986
4.876 5.62024
4.87 5.56867
4.906 5.29646
4.895 5.74572
4.902 5.65205
4.878 5.76888
4.87 5.64074
4.905 5.38936
4.925 5.49087
4.947 5.46766
4.909 5.30402
4.933 5.36387
4.964 5.46817
4.95 5.37087
4.975 5.46984
5.01 5.18709
5.012 5.70356
4.929 5.41938
4.937 5.34237
5.024 5.35077
4.951 5.53814
4.997 5.57056
5.017 5.57829
5.056 5.7406
5.044 5.67774
5.032 5.31229
5.083 5.85997
5.038 5.56412
5.006 5.3393
5 5.37538
4.998 5.6056
4.985 5.44422
4.978 5.49501
5.102 5.66326
5.096 5.88267
5.125 5.79517
5.125 5.83321
5.124 5.72034
5.099 5.65485
5.133 5.73905
5.182 5.97885
5.091 6.04076
5.181 6.23648
5.156 6.15182
5.198 6.18098
5.233 6.02674
5.2 5.94194
5.178 5.71203
5.187 5.92596
5.222 5.89461
5.195 5.85083
5.202 5.98118
5.191 5.7803
5.159 6.09782
5.146 6.06675
5.23 6.01111
5.232 5.75593
5.258 5.86931
5.258 5.83928
5.197 5.82602
5.195 6.05303
5.247 6.02001
5.186 5.57097
5.155 5.63061
5.222 5.73845
5.178 5.74606
5.175 5.94632
5.166 5.43188
5.216 5.59894
5.178 5.96428
5.146 5.62431
5.186 6.00741
5.175 5.83821
5.217 5.70562
5.243 5.4474
5.204 5.8122
5.138 5.81477
5.073 5.79747
5.132 5.5261
5.163 5.80824
5.127 5.65853
5.217 5.6896
5.127 5.5324
5.155 5.63861
5.142 5.65349
5.189 5.58687
5.198 5.78258
5.244 6.02249
5.126 5.64377
5.191 5.92645
5.133 5.61893
5.137 5.5678
5.182 5.67055
5.19 5.67958
5.188 5.66432
5.208 5.72646
5.186 5.7992
5.176 5.6787
5.192 5.87301
5.178 6.01033
5.207 5.79995
5.163 5.91835
5.183 6.12163
5.216 6.03738
5.223 6.09336
5.19 5.83574
5.213 5.85348
5.145 5.93191
5.187 5.89392
5.21 6.2001
5.169 6.03047
5.209 5.99331
5.203 5.94574
5.24 6.0004
5.216 6.01136
5.214 5.96016
5.246 5.74923
5.147 5.70109
5.076 5.50773
5.17 5.68078
5.179 5.59455
5.266 6.00925
5.124 5.74637
5.134 5.59164
5.114 5.5946
5.153 5.78938
5.217 5.5895
5.247 5.50349
5.19 5.70761
5.2 5.50551
5.193 5.41316
5.247 5.63763
5.238 5.80316
5.221 5.83399
5.225 5.7261
5.246 5.87136
5.293 5.66882
5.223 5.71499
5.25 5.82733
5.234 5.64889
5.245 5.58056
5.222 5.82054
5.272 5.75777
5.225 5.49787
5.196 5.62321
5.148 5.71181
5.165 5.79157
5.169 5.61405
5.141 5.32044
5.116 5.46401
5.143 5.58213
5.164 5.67478
5.202 5.9071
5.18 5.78939
5.192 5.87902
5.146 5.6163
5.15 5.88739
5.179 5.79275
5.161 5.60468
5.113 5.44167
5.131 5.8617
5.18 6.03964
5.194 5.86823
5.157 5.9503
5.107 6.02157
5.128 5.95357
5.139 6.06574
5.166 6.20665
5.158 5.85289
5.132 6.08866
5.216 6.03538
5.128 6.08971
5.141 6.16929
5.186 6.33574
5.247 6.01401
5.167 5.86498
5.128 5.86348
5.166 6.04849
5.234 5.92517
5.184 5.94809
5.206 6.17374
5.141 5.78891
5.15 5.73323
5.202 5.98919
5.179 6.037
5.215 6.19097
5.147 5.84323
5.199 6.02743
5.104 5.84303
5.177 6.14181
5.142 6.34418
5.187 6.15218
5.134 5.99003
5.164 5.91702
5.224 5.91574
5.14 5.96236
5.146 5.99067
5.139 6.03772
5.217 6.14606
5.165 6.1259
5.135 6.13291
5.156 6.01968
5.218 5.88436
5.186 5.90731
5.27 5.73684
5.232 6.1243
5.202 6.18538
5.186 6.01342
5.258 6.24969
5.222 5.9827
5.199 6.03143
5.192 6.32746
5.173 6.21529
5.202 6.39159
5.179 6.1371
5.209 6.23956
5.239 6.37425
5.194 6.37674
5.23 6.68378
5.208 6.37111
5.199 6.38578
5.163 6.31875
5.203 6.14594
5.148 6.05415
5.185 6.29907
5.234 6.33358
5.158 5.89693
5.117 6.23555
5.193 5.93969
5.184 6.11025
5.183 6.45196
5.187 6.64668
5.174 6.31204
5.195 6.58956
5.198 6.31711
5.15 6.32983
5.193 6.32808
5.187 6.71875
5.114 6.37138
5.136 6.16967
5.173 6.26133
5.23 6.47558
5.185 6.28506
5.142 6.14798
5.231 6.11175
5.28 6.28188
5.177 6.11779
5.173 6.18726
5.248 6.04054
5.225 6.36874
5.254 6.26175
5.29 6.26617
5.305 6.45043
5.245 6.5295
5.296 6.62901
5.238 6.48584
5.192 6.43757
5.223 6.66794
5.254 6.72821
5.239 6.48837
5.272 6.59861
5.264 6.46477
5.256 6.35081
5.273 6.56504
5.269 6.63127
5.3 6.77077
5.248 6.49099
5.248 6.33483
5.21 6.44635
5.305 6.74272
5.218 6.10258
5.311 6.13842
5.301 6.51491
5.255 6.53451
5.239 6.48637
5.367 6.65296
5.331 6.49193
5.341 6.64336
5.366 6.72477
5.312 6.54921
5.33 6.7018
5.254 6.91039
5.312 6.80546
5.32 6.76236
5.325 6.7261
5.295 7.16914
5.247 6.94093
5.331 6.75419
5.302 6.97978
5.347 7.09969
5.427 6.84752
5.417 6.56968
5.421 7.11087
5.407 7.10045
5.497 7.10109
5.481 7.00064
5.493 7.17312
5.414 6.94755
5.422 6.90682
5.424 6.92115
5.44 6.6971
5.447 6.98217
5.421 6.86462
5.468 6.86184
5.482 6.71839
5.453 6.8046
5.409 6.71644
5.41 6.76867
5.342 6.82186
5.385 6.86564
5.354 6.9116
5.42 6.85646
5.46 6.67908
5.457 6.82097
5.435 6.94472
5.372 6.65827
5.418 6.47375
5.39 6.67257
5.418 6.93821
5.339 6.72881
5.39 6.61852
5.399 6.53233
5.413 6.29673
5.481 6.49614
5.389 6.35804
5.403 6.49108
5.483 6.34005
5.424 6.54277
5.407 6.47783
5.376 6.50113
5.405 6.74372
5.481 6.64629
5.501 6.55455
5.54 6.52292
5.509 6.5845
5.46 6.68308
5.54 6.70911
5.447 6.81801
5.504 6.64062
5.534 6.96181
5.635 7.00078
5.61 6.75065
5.577 7.02109
5.565 6.98876
5.534 7.19204
5.486 7.00481
5.522 7.04256
5.513 6.96079
5.571 6.92989
5.503 6.82482
5.487 6.9708
5.477 7.06053
5.519 7.27692
5.503 7.1071
5.548 7.16486
5.569 7.25449
5.571 7.20216
5.577 7.20327
5.629 7.1365
5.597 7.51811
5.518 7.36104
5.579 7.64741
5.55 7.21071
5.523 7.63711
5.523 7.57905
5.564 7.43934
5.558 7.27591
5.587 7.59803
5.654 7.39568
5.575 7.628
5.603 7.71511
5.604 7.44463
5.626 7.39352
5.627 7.34722
5.652 7.89479
5.719 7.70174
5.78 7.40501
5.722 7.50422
5.599 7.28749
5.626 7.58571
5.572 7.03585
5.578 7.25317
5.593 7.7491
5.605 7.51249
5.617 7.55386
5.681 7.2565
5.672 7.6821
5.659 7.5823
5.714 7.30151
5.637 7.09433
5.692 7.53067
5.627 7.45533
5.622 7.37849
5.705 7.57755
5.68 7.89349
5.637 7.61685
5.682 7.61249
5.652 7.85275
5.619 7.50334
5.589 7.53962
5.638 7.66662
5.673 7.82389
5.691 8.13365
5.708 8.02076
5.684 8.14629
5.732 7.99417
5.706 7.75332
5.806 7.86223
5.807 7.93969
5.761 7.63351
5.735 7.67845
5.741 7.95387
5.797 7.98177
5.79 7.8958
5.726 8.05498
5.757 8.12808
5.708 7.77051
5.751 7.75475
5.695 7.65163
5.763 7.64648
5.757 7.81777
5.734 8.12137
5.778 7.94866
5.73 8.05716
5.75 8.06757
5.707 8.45761
5.697 8.19539
5.736 8.41272
5.737 8.37421
5.737 8.12395
5.735 8.49127
5.733 8.19991
5.809 8.04657
5.755 8.28126
5.777 7.96323
5.742 7.8673
5.832 8.05984
5.709 7.69602
5.818 8.00288
5.814 7.98539
5.751 7.67668
5.806 7.98835
5.775 7.83021
5.787 7.93757
5.783 8.01593
5.81 8.15806
5.806 8.12449
5.834 8.24469
5.87 8.33944
5.845 8.15513
5.855 8.19617
5.82 8.34995
5.759 8.43736
5.821 8.49345
5.866 8.53057
5.74 8.13453
5.794 8.50407
5.862 8.25721
5.809 8.13065
5.875 8.29167
5.81 8.25616
5.813 8.41244
5.858 8.31815
5.803 8.31651
5.856 8.69996
5.822 8.07439
5.806 8.36473
5.784 8.28563
5.846 8.19047
5.804 8.5141
5.905 8.4284
5.801 8.61001
5.787 8.57821
5.888 8.7402
5.846 8.55884
5.828 8.37479
5.909 8.57129
5.843 8.42478
5.878 8.65777
5.843 8.4508
5.875 8.38176
5.826 8.41614
5.932 8.30768
5.93 8.60571
5.879 8.75111
5.89 8.21011
5.883 8.34566
5.834 8.68313
5.762 8.28164
5.836 8.85596
5.86 8.54294
5.908 8.37791
5.837 8.63507
5.847 8.7123
5.853 8.46586
5.843 8.78313
5.771 8.37093
5.778 7.80252
5.765 8.19397
5.757 8.62458
5.816 8.33848
5.81 8.08198
5.779 8.1383
5.877 8.58045
5.813 8.2703
5.799 8.19479
5.85 8.44394
5.8 7.7998
5.773 8.31979
5.817 8.2878
5.835 8.30408
5.764 8.02433
5.787 7.95759
5.824 8.13916
5.803 8.33453
5.747 8.3133
5.762 8.41978
5.78 8.23183
5.736 8.31462
5.835 8.23201
5.777 8.18946
5.819 8.33257
5.881 8.8597
5.771 8.23079
5.868 8.58917
5.824 8.46349
5.9 8.64665
5.863 8.83106
5.853 7.90129
5.886 8.63964
5.835 8.38416
5.811 8.21349
5.799 8.23684
5.819 8.0563
5.769 8.14178
5.825 8.27065
5.859 8.20132
5.815 8.50528
5.783 8.40031
5.824 8.76179
5.801 8.26166
5.814 8.44385
5.83 8.42753
5.758 8.57801
5.723 8.39667
5.785 8.31709
5.737 8.19002
5.766 7.98723
5.753 8.02001
5.817 8.23374
5.798 8.40961
5.835 8.40618
5.886 8.65366
5.884 8.57912
5.898 8.38598
5.874 8.5807
5.89 8.39029
5.836 8.62773
5.819 8.69093
5.872 8.57819
5.848 8.23713
5.865 8.44722
5.842 8.35739
5.862 8.48144
5.787 8.4641
5.87 8.45355
5.82 8.72432
5.854 8.60929
5.84 8.71111
5.846 8.86915
5.855 8.63861
5.862 8.30126
5.867 8.01132
5.825 8.40678
5.812 8.32298
5.807 8.71046
5.906 8.61178
5.945 8.66664
5.941 8.55608
5.976 8.66809
5.929 8.62659
5.938 8.66882
5.965 8.60238
5.901 8.42763
5.925 8.37575
5.831 8.37882
5.898 8.56816
5.899 9.03383
5.941 8.16969
5.972 8.31553
5.968 8.55753
5.989 8.4193
6.004 8.58257
5.896 8.42161
5.877 8.39026
5.791 8.06138
5.829 8.44821
5.793 8.22638
5.821 8.13509
5.79 8.61251
5.831 8.51696
5.828 8.45687
5.86 8.4989
5.879 8.46282
5.87 8.36346
5.851 8.74154
5.922 8.59451
5.862 8.7397
5.888 8.45791
5.904 8.75954
5.851 8.70751
5.949 8.3988
5.879 8.96132
5.928 8.36518
5.791 8.50582
5.857 8.32488
5.812 8.81347
5.861 8.45013
5.745 8.60058
5.874 9.13526
5.849 8.59479
5.886 8.37738
5.867 8.688
5.884 9.0516
5.924 9.03926
5.925 9.09247
5.945 8.97695
5.936 8.84875
5.89 8.81672
5.87 8.66777
5.838 9.15691
5.902 8.85325
5.828 8.51293
5.778 8.84556
5.867 8.87218
5.815 8.6294
5.905 8.81279
5.917 8.94906
5.954 8.94082
5.907 8.98534
5.904 8.70549
5.949 8.68108
5.966 8.48533
5.967 8.80071
5.892 8.29663
5.851 8.62142
5.931 8.48673
5.947 8.71691
5.948 8.73603
5.891 8.7839
5.857 8.6532
5.849 9.01121
5.849 8.85706
5.795 8.86784
5.876 8.92155
5.861 8.93862
5.894 8.76353
5.841 8.21794
5.878 8.87399
5.884 8.58913
5.855 8.49247
5.873 8.85973
5.8 8.57057
5.885 8.34212
5.853 8.43182
5.834 8.4609
5.929 8.57453
5.834 8.60905
5.836 8.5997
5.95 8.68218
5.893 8.37793
5.812 8.81948
5.867 8.48179
5.864 8.21572
5.835 8.50428
5.794 8.6382
5.9 8.67467
5.755 8.53951
5.864 8.80631
5.876 8.75538
5.918 8.71799
5.934 8.87051
5.951 8.94955
5.972 9.02024
5.863 9.08131
5.907 8.86522
5.881 8.77762
5.864 8.7002
5.867 9.09841
5.896 8.98817
5.844 8.96863
5.891 9.41654
5.854 9.03972
5.909 9.19391
5.96 9.45986
5.961 9.25473
5.955 9.6266
5.928 9.39021
5.898 9.19879
5.896 9.65684
5.899 9.54234
5.913 9.3708
5.888 9.51897
5.82 9.51712
5.807 9.36912
5.821 9.12809
5.816 9.61576
5.829 9.21097
5.773 9.31679
5.806 9.36773
5.747 9.55254
5.773 9.27475
5.745 9.46144
5.798 9.45265
5.737 9.24307
5.796 9.42981
5.821 9.5425
5.764 9.48179
5.825 9.33371
5.816 9.78393
5.899 9.93874
5.858 10.0098
5.857 10.0986
5.955 9.48846
5.922 9.79771
5.884 9.7563
5.806 9.32169
5.89 9.27317
5.876 9.02765
5.889 9.59427
5.891 9.24236
5.909 9.0858
5.876 9.18981
5.849 9.19139
5.861 9.29297
5.774 9.01594
5.797 9.02081
5.777 9.12239
5.776 8.95278
5.788 9.06412
5.823 8.97665
5.859 9.0822
5.798 9.12632
5.755 8.94992
