401 100 5
-0.519694 -0.678833 -0.467045 -0.59929 -0.679646 -1.04734 -0.600846 
9.34788 -9.42431 -9.15412 -9.63219 -9.70358 -10.926 -7.65345 
10.168 -9.62627 -10.2113 -9.52583 -9.07117 -10.0539 -9.36224 
9.79133 -10.1305 -10.5012 -10.205 -9.92841 -11.5913 -8.74614 
9.47325 -10.1927 -11.3251 -9.78843 -11.0092 -9.13516 -9.54706 
9.65054 -9.93961 -10.5411 -10.598 -9.98515 -9.84103 -8.80937 
9.55162 -9.79444 -9.96115 -10.7261 -10.3821 -9.53967 -8.35544 
9.58611 -9.73287 -10.2804 -9.31258 -10.1523 -10.2317 -8.43195 
9.67378 -9.64345 -9.43316 -9.80968 -10.5943 -9.98138 -8.65331 
9.81882 -9.18092 -9.35854 -9.01786 -10.09 -9.18119 -8.25746 
10.7171 -8.51961 -9.07473 -8.64483 -9.08734 -8.24828 -7.60439 
10.1142 -8.31143 -8.46253 -8.07974 -8.63737 -8.56739 -7.7644 
9.69658 -9.43238 -10.3364 -8.83268 -9.53028 -10.3836 -8.13868 
10.4366 -8.77568 -9.97082 -8.24919 -8.53524 -9.49284 -7.28988 
9.79282 -8.50266 -9.77501 -7.73858 -8.54237 -9.38126 -7.23442 
9.88681 -8.91326 -10.1339 -8.11402 -9.11248 -9.32368 -7.92136 
9.69929 -9.38334 -10.1199 -8.71851 -9.31554 -9.43039 -9.21925 
9.58431 -9.24978 -10.0375 -8.25896 -9.34527 -9.50792 -9.08931 
9.87322 -9.22938 -9.36388 -8.40295 -9.13199 -9.52716 -9.61585 
9.62263 -8.72145 -8.89108 -8.53691 -8.06632 -8.45349 -9.71182 
9.85067 -9.16476 -9.9448 -8.96616 -7.61921 -9.48043 -9.73139 
9.72641 -8.84352 -9.49148 -8.66615 -7.59956 -9.31807 -9.24703 
9.99712 -9.16253 -9.87864 -8.62846 -8.11502 -9.17931 -9.83746 
9.87122 -9.18333 -9.92475 -8.6536 -8.01782 -9.68208 -9.52671 
9.71297 -9.13756 -10.0044 -8.38738 -8.63011 -9.47106 -9.20058 
9.71768 -9.27779 -10.3112 -8.66615 -8.50601 -9.34546 -9.48437 
9.63748 -9.13628 -10.1427 -8.55766 -8.44953 -9.05575 -9.53041 
9.86092 -8.70942 -9.99988 -8.37611 -7.88386 -8.42283 -9.10232 
10.0043 -8.82202 -9.70529 -8.47894 -7.67346 -8.91615 -9.40726 
10.0825 -8.78176 -9.21428 -8.48856 -7.93043 -8.69221 -9.58957 
9.77845 -8.8136 -9.35822 -8.42424 -8.35072 -8.68733 -9.23185 
9.74835 -9.02808 -9.36644 -8.40154 -8.84014 -9.54376 -8.99126 
10.1159 -9.03053 -9.59179 -8.48495 -8.7377 -9.79477 -8.50771 
9.63742 -9.26487 -9.91983 -8.11271 -9.16079 -9.79235 -9.38721 
9.45489 -9.19233 -9.94154 -8.19555 -8.96667 -9.7807 -9.27812 
9.72108 -9.24986 -9.71679 -8.78175 -8.8395 -9.77726 -9.12567 
9.95185 -8.9722 -9.74504 -8.70498 -8.4567 -9.61615 -8.42357 
9.91059 -9.09123 -9.44147 -9.53936 -8.59915 -9.06167 -8.90643 
10.1325 -9.10679 -9.21037 -9.71399 -8.76552 -9.30299 -8.4925 
9.87591 -9.10433 -8.56012 -10.0678 -8.52839 -9.05855 -9.1715 
9.73109 -8.93564 -9.35443 -8.61537 -8.46698 -9.39337 -8.89833 
9.83734 -9.05439 -9.52684 -9.80008 -8.5235 -8.73881 -8.74077 
9.80462 -9.23234 -9.50487 -9.48252 -9.02685 -9.16834 -8.96981 
9.7013 -9.53116 -9.78123 -10.4554 -9.30779 -9.1487 -8.91774 
9.85373 -9.78167 -9.65486 -11.029 -10.4851 -9.04101 -8.72168 
9.76291 -9.92065 -9.6566 -11.2461 -10.7917 -8.94392 -8.80763 
10.0388 -9.69677 -8.94398 -11.384 -10.5462 -9.18589 -8.4386 
9.99731 -9.72579 -9.00883 -11.2692 -10.5181 -9.00323 -8.80758 
9.64456 -9.69756 -8.92077 -11.2061 -10.6536 -8.8715 -9.0263 
9.72459 -9.86535 -9.78799 -11.1957 -10.7674 -8.60177 -9.10897 
9.67079 -10.0263 -10.3528 -11.2453 -10.3363 -9.04817 -9.22024 
9.83788 -9.72622 -10.4623 -10.371 -9.852 -8.94039 -9.11266 
9.71618 -9.69774 -10.6434 -10.1028 -10.2501 -8.69371 -8.96181 
9.88855 -9.85175 -10.5318 -10.1563 -10.4727 -8.92062 -9.10903 
9.57952 -9.56822 -10.8228 -9.19356 -10.0876 -8.64632 -9.11693 
10.0406 -9.63325 -10.5041 -9.49769 -10.5021 -8.65683 -9.07156 
9.98808 -9.75155 -10.2475 -9.70948 -10.4138 -8.76606 -9.65305 
10.0162 -9.55028 -10.4792 -9.15535 -10.5432 -8.49378 -9.15369 
9.99902 -9.69054 -10.0636 -9.56724 -10.6534 -9.02597 -9.07185 
10.003 -9.55703 -10.4129 -9.66756 -9.65817 -8.92357 -9.09236 
10.0088 -9.68439 -10.6999 -9.127 -10.2069 -9.51581 -8.96514 
9.83661 -9.40492 -10.2301 -8.75639 -9.49821 -9.44442 -9.06013 
9.69569 -9.16356 -10.0623 -9.08198 -8.46714 -9.53015 -8.64189 
9.67347 -9.37806 -10.361 -9.88264 -8.75553 -9.42809 -8.56136 
9.72134 -9.60868 -10.4121 -10.1553 -9.42725 -9.09248 -8.97251 
9.60348 -9.36208 -9.89231 -10.0208 -9.47653 -8.67154 -8.71564 
9.98803 -9.23804 -10.0996 -9.71026 -9.03756 -9.15541 -8.32626 
9.95434 -9.21474 -8.84503 -9.80289 -9.05668 -9.65265 -8.76019 
9.83041 -9.60928 -9.72035 -9.92596 -9.7725 -9.84598 -8.7297 
9.91881 -9.39834 -9.66038 -9.77006 -9.27145 -10.4477 -7.96281 
9.9569 -9.67709 -9.89712 -10.0024 -9.37848 -10.247 -8.76403 
9.87668 -9.67272 -9.92581 -9.86835 -8.80804 -10.9879 -8.66796 
9.99694 -9.24213 -10.1215 -9.20154 -8.07556 -10.0163 -8.70615 
9.61514 -9.26583 -11.2315 -9.11123 -8.11356 -9.80868 -8.24084 
9.62936 -9.49199 -11.1527 -9.64601 -8.41456 -9.78894 -8.24531 
9.88367 -9.83287 -11.5831 -10.0578 -9.23097 -9.94726 -8.22274 
9.84194 -9.60445 -10.2989 -9.56018 -9.95008 -9.84658 -8.30454 
10.025 -9.70107 -10.1228 -9.85133 -10.399 -9.7334 -8.42319 
9.78366 -9.97061 -10.0835 -10.1954 -10.4111 -10.3042 -8.81483 
9.85801 -9.88982 -10.0374 -9.995 -10.1063 -10.8907 -8.32328 
9.74373 -10.118 -9.86812 -10.3096 -9.80498 -11.2615 -9.20276 
9.87715 -10.1332 -10.1472 -10.1963 -10.0751 -11.1794 -9.07188 
9.67032 -10.1292 -9.92698 -10.4252 -10.21 -11.215 -8.98876 
9.89972 -10.0413 -10.0652 -9.85219 -10.1049 -11.1027 -9.16961 
9.8006 -9.78869 -10.1382 -8.86892 -10.0799 -11.1494 -8.45417 
9.93394 -9.82127 -10.0961 -9.04729 -9.95273 -11.0636 -8.92327 
9.79854 -9.72509 -10.1272 -9.0768 -9.66648 -10.3688 -9.32679 
9.80593 -9.59081 -10.1197 -8.74593 -9.73432 -9.80181 -9.50583 
10.6641 -8.411 -9.01002 -7.19822 -8.8671 -9.21229 -7.84522 
10.1234 -8.74464 -8.90433 -8.07297 -9.27607 -9.12407 -8.2846 
9.6386 -8.62014 -9.04225 -8.04335 -9.19565 -9.02579 -7.7839 
9.75389 -8.61443 -8.92497 -8.08531 -9.14656 -8.86992 -8.06185 
9.78163 -8.80763 -8.90772 -7.97721 -9.0165 -9.74769 -8.00864 
9.89909 -8.84165 -9.08397 -7.78206 -9.16566 -9.79418 -8.24591 
9.79182 -9.05228 -9.48363 -8.15293 -9.23956 -9.79127 -8.45893 
9.58785 -8.92622 -9.30239 -8.09764 -8.95971 -9.88763 -8.26538 
9.92915 -9.08259 -9.32555 -8.97251 -9.00763 -9.80175 -8.2735 
9.90614 -9.02914 -9.5262 -8.88938 -8.83307 -9.86611 -8.12874 
10.0034 -8.90335 -9.58685 -8.66301 -8.62559 -9.38128 -8.21696 
10.0452 -8.80246 -9.2082 -8.85295 -8.43117 -9.51653 -8.08073 
10.1059 -8.51207 -9.36671 -8.70529 -8.00494 -8.59491 -7.94352 
10.0733 -8.76795 -10.0739 -8.41244 -8.1427 -9.39321 -7.77695 
10.0862 -8.45959 -9.81437 -8.46796 -8.1427 -8.81228 -7.19365 
9.74003 -8.69993 -10.0364 -8.10406 -8.22722 -9.52779 -7.83655 
9.6996 -8.61806 -9.5229 -7.42246 -8.17453 -10.0707 -8.07244 
9.80715 -8.64364 -9.66227 -7.73735 -8.21848 -9.71194 -7.7376 
9.54101 -8.88547 -9.93408 -8.29826 -8.14595 -9.68568 -8.1798 
9.74474 -8.98206 -9.70206 -8.20277 -8.21778 -10.1356 -8.58062 
9.85811 -9.1472 -9.93012 -8.64134 -8.18652 -10.117 -8.82904 
9.86134 -8.97302 -9.68906 -8.19851 -8.17852 -10.1876 -8.8537 
9.73356 -8.73287 -8.27182 -8.48791 -8.06415 -10.1461 -8.57798 
9.6484 -8.73993 -8.30905 -8.73001 -7.85051 -10.2289 -8.4179 
9.77785 -8.94405 -9.4296 -8.83696 -7.70894 -10.2022 -8.63116 
9.59467 -8.95618 -9.88326 -8.65405 -7.76306 -10.2627 -8.40092 
9.69518 -8.79747 -9.67185 -8.61932 -7.81561 -10.1691 -7.89998 
9.6258 -8.94707 -9.76545 -8.83696 -7.62307 -9.91032 -8.60175 
9.87695 -8.90262 -9.58147 -8.63386 -7.63899 -10.1683 -8.58726 
9.67041 -8.7924 -8.97577 -8.79731 -7.82809 -10.1076 -8.30548 
10.0634 -8.64343 -8.69692 -8.75498 -7.56023 -10.1327 -8.11039 
9.82695 -8.64606 -8.80538 -8.79081 -7.4813 -9.99609 -8.11088 
9.64316 -8.54105 -8.38916 -8.8656 -7.31611 -9.81831 -8.30334 
9.56108 -8.86544 -8.67156 -9.16335 -7.86463 -10.2226 -8.50958 
9.5378 -8.85694 -9.10795 -9.10747 -7.59302 -10.0849 -8.46253 
9.50787 -8.64733 -8.85284 -8.9511 -7.23213 -9.55447 -8.55411 
9.45991 -8.73752 -8.89304 -8.9839 -7.85061 -9.44792 -8.57776 
9.595 -8.81375 -9.07292 -8.81589 -7.9536 -9.53415 -8.58912 
9.88224 -8.71408 -9.26781 -8.75047 -7.8751 -9.18801 -8.54978 
9.79007 -8.72646 -9.24816 -8.95361 -8.12733 -9.41981 -7.89424 
9.68132 -8.82257 -9.14668 -9.01521 -8.55622 -9.11491 -8.28573 
9.79319 -8.71434 -8.83191 -9.09393 -8.43799 -8.85317 -8.42274 
9.83393 -8.84125 -9.18956 -9.60175 -8.45967 -9.13429 -7.80839 
9.78862 -8.90392 -9.13539 -9.82148 -8.46694 -8.67654 -8.5218 
9.70557 -9.0811 -9.24703 -10.0859 -8.45006 -9.06955 -8.58101 
9.71814 -8.89352 -9.20847 -9.34801 -8.23033 -9.3224 -8.4345 
9.76026 -8.86006 -9.04651 -9.38646 -8.12046 -9.29618 -8.58608 
9.8209 -8.91648 -9.16637 -8.89305 -7.96582 -9.74965 -8.59349 
9.89209 -8.9495 -9.05939 -9.09241 -7.76349 -10.5068 -8.43158 
9.86106 -9.09712 -9.45517 -8.72053 -7.84378 -10.7528 -8.67348 
9.92642 -8.89152 -9.39954 -8.5476 -7.81106 -10.0728 -8.6218 
10.1021 -8.72337 -9.09479 -8.99719 -7.56942 -9.37155 -8.71914 
9.89727 -8.74425 -8.78301 -8.97301 -7.85866 -9.3304 -8.66018 
9.84763 -8.67105 -8.93977 -8.56435 -7.78126 -9.63911 -8.33699 
9.70027 -8.73553 -9.20773 -8.8404 -7.75291 -9.51946 -8.44955 
10.0346 -8.80236 -9.27738 -8.76342 -7.84502 -9.52711 -8.60006 
10.0647 -8.84266 -9.27291 -9.32005 -8.08275 -9.10749 -8.60661 
9.84757 -8.80381 -9.30969 -8.34251 -8.35467 -9.42091 -8.49508 
9.98984 -8.9097 -9.28064 -8.6032 -8.80361 -9.27784 -8.57667 
9.92724 -8.98798 -9.31065 -9.2095 -8.71074 -9.27115 -8.46425 
9.7176 -9.00681 -9.1849 -9.61917 -8.40573 -9.22286 -8.52745 
9.96194 -9.09887 -9.22972 -9.80242 -8.49555 -9.33612 -8.58912 
9.9859 -9.09356 -9.37105 -9.82935 -8.84017 -8.99239 -8.56267 
9.9638 -9.30437 -9.19623 -9.90172 -9.35855 -9.43148 -8.63014 
9.78829 -9.40505 -9.04506 -9.84478 -9.46603 -9.46155 -9.13363 
10.0841 -9.45986 -9.32859 -9.58967 -9.41757 -9.67551 -9.31096 
9.9848 -9.25922 -9.25754 -9.62487 -8.35092 -9.56829 -9.52054 
9.77575 -9.24307 -9.04725 -9.3797 -9.1287 -9.52626 -9.11505 
9.692 -9.43859 -9.22269 -9.99689 -9.33112 -9.52242 -9.1162 
9.97991 -9.2331 -9.3768 -9.54633 -9.42589 -9.20159 -8.58193 
9.91753 -9.1422 -9.12005 -9.46799 -9.03637 -9.44185 -8.58904 
9.9214 -9.23838 -8.84956 -9.74139 -9.22286 -9.38948 -8.97216 
9.90662 -9.28563 -9.20601 -9.53923 -9.12557 -9.56223 -9.00048 
9.97467 -9.16503 -8.90231 -9.57224 -8.85408 -9.59574 -8.90891 
9.92032 -9.38786 -9.05696 -9.89422 -9.06829 -9.64016 -9.16325 
9.74097 -9.28187 -8.71892 -9.98937 -9.17185 -9.57609 -9.05408 
9.87954 -9.05096 -8.4172 -9.44544 -9.41757 -9.47516 -8.60568 
9.84941 -8.96568 -8.51017 -8.88458 -9.20624 -9.39682 -8.81154 
9.57394 -9.07985 -8.23421 -9.30166 -9.48517 -9.29748 -9.15465 
9.76859 -9.11611 -8.26931 -9.52077 -9.39908 -9.56805 -8.81048 
9.92824 -9.19133 -8.10523 -9.50764 -9.39917 -9.63863 -9.31276 
9.54525 -9.19972 -8.04326 -9.76194 -9.04787 -9.70959 -9.47375 
9.45126 -9.14977 -7.90983 -9.69682 -8.99644 -9.63863 -9.446 
9.70568 -8.98344 -7.68825 -9.77808 -8.63572 -9.62549 -9.32495 
9.60329 -9.11973 -7.76629 -9.78579 -9.27714 -9.6184 -9.1546 
9.71476 -9.11847 -7.60501 -9.79303 -9.29485 -9.61404 -9.32909 
9.79108 -8.98028 -7.53864 -9.56064 -9.04294 -9.63863 -9.14733 
9.88926 -9.0641 -7.54941 -9.78638 -8.95224 -9.38582 -9.61719 
9.48799 -9.1159 -7.55442 -9.83228 -9.2309 -9.60752 -9.54149 
9.55457 -9.18227 -7.53132 -9.64719 -9.30184 -9.63136 -9.77767 
9.7249 -9.13725 -7.45784 -9.60372 -9.2456 -9.55813 -9.9706 
9.57346 -8.83302 -7.56225 -8.90825 -9.227 -9.77615 -8.69153 
9.68554 -8.91835 -7.47656 -9.20929 -8.95655 -9.83715 -9.31962 
9.69365 -8.93229 -7.48167 -9.46378 -8.98488 -9.91032 -8.88864 
10.0031 -9.11197 -7.56547 -9.70237 -8.89615 -9.94387 -9.20057 
9.7901 -9.1028 -7.45616 -9.92071 -9.0403 -9.44901 -9.45344 
9.78775 -9.17388 -7.56575 -10.1059 -9.3709 -9.81618 -8.82137 
10.015 -9.15872 -7.36272 -10.2148 -9.62848 -9.44396 -8.97648 
9.75282 -9.07005 -7.56801 -10.419 -9.8136 -9.15432 -8.50757 
9.74819 -9.19674 -7.56801 -10.4438 -9.92968 -8.89145 -8.78408 
9.9226 -9.27003 -7.56475 -10.6613 -9.92968 -9.48345 -8.83436 
9.58512 -9.31417 -7.54258 -10.5739 -9.92968 -9.42413 -9.00563 
9.35957 -9.10227 -7.48146 -9.79495 -9.91626 -9.47877 -8.98477 
9.39273 -9.21329 -7.55154 -10.0174 -9.64507 -9.65322 -8.90867 
9.47296 -9.22528 -7.58878 -9.9202 -10.0004 -9.58981 -8.81563 
9.58968 -9.06435 -7.56801 -9.52394 -9.81341 -9.60984 -8.91303 
10.1459 -8.9925 -7.50648 -9.61558 -9.45523 -9.62775 -8.88353 
9.69788 -9.05025 -7.48901 -9.76998 -9.83044 -9.46405 -8.91383 
9.68473 -9.1225 -7.56801 -10.1971 -9.91116 -9.3496 -8.88927 
9.72004 -9.11427 -7.21566 -10.6497 -9.90644 -8.87833 -8.91255 
9.34438 -9.04684 -7.28901 -10.3295 -9.94019 -9.11292 -8.88239 
9.55826 -9.28364 -7.30891 -10.422 -10.0428 -9.42028 -8.91341 
9.65044 -9.41059 -7.47935 -10.6423 -9.7905 -9.95062 -8.94007 
9.91063 -9.19143 -7.56801 -10.4272 -9.86165 -9.88738 -8.0951 
9.97298 -8.96929 -7.56801 -9.72626 -9.02607 -9.94284 -8.51059 
10.0023 -8.90544 -7.25575 -9.72204 -9.29591 -9.7241 -8.6997 
10.0062 -8.7744 -7.33978 -7.76735 -9.22275 -9.98368 -9.54941 
9.53665 -9.14393 -6.67212 -10.1652 -9.34709 -10.2682 -8.98578 
9.76383 -9.30303 -7.40889 -10.2046 -9.38219 -10.2893 -9.16143 
9.80585 -9.10318 -7.56363 -9.81264 -9.18199 -9.59734 -9.21612 
9.66618 -9.24517 -7.63899 -9.75576 -9.34837 -9.73961 -9.83446 
9.48053 -9.40357 -7.63894 -9.6382 -9.7179 -9.72429 -10.4824 
9.61788 -9.69281 -7.69221 -9.47356 -10.1659 -10.2791 -10.6775 
9.52469 -9.65957 -7.57418 -9.70063 -10.2555 -10.3926 -10.453 
9.61287 -9.58468 -7.56626 -9.70338 -10.1703 -9.8521 -10.7132 
9.81938 -9.56331 -7.55242 -9.54876 -10.3241 -9.80674 -10.6456 
9.67914 -9.72246 -7.58944 -9.79807 -10.3241 -10.3096 -10.5954 
9.65641 -9.67356 -7.61322 -9.68431 -10.3241 -10.0341 -10.6466 
9.78287 -9.4281 -7.57298 -9.9834 -10.378 -8.57795 -10.5054 
9.95018 -9.58771 -7.29699 -10.1922 -10.3876 -9.96358 -10.1545 
10.027 -9.40772 -7.56907 -10.0306 -9.63968 -9.6838 -10.2681 
9.78611 -9.46629 -7.56191 -10.06 -9.74238 -9.89727 -10.3073 
9.60002 -9.34965 -7.56801 -10.2603 -9.16115 -10.3883 -9.24515 
9.95795 -9.38901 -7.47199 -10.2416 -9.33753 -10.3396 -9.58233 
9.88195 -9.53019 -7.52802 -10.2294 -10.3041 -10.1487 -9.52468 
10.0155 -9.5758 -7.7759 -9.97181 -10.3037 -10.3756 -9.50078 
9.7719 -9.58332 -7.52568 -9.81358 -10.0681 -10.6588 -9.6503 
9.73973 -9.34651 -7.43945 -9.44476 -10.3889 -9.96835 -9.51563 
9.6099 -9.33041 -7.56801 -9.19273 -10.2018 -9.44734 -10.0379 
9.7035 -9.33939 -7.56801 -9.60131 -10.1606 -9.58657 -10.0467 
9.85975 -9.50097 -7.57016 -9.16892 -9.79354 -9.81038 -10.9015 
10.0897 -9.46581 -7.54272 -9.24746 -10.2077 -9.98723 -10.7597 
9.84441 -9.59313 -8.13771 -9.45341 -9.45062 -9.67686 -11.2321 
9.67129 -9.52089 -7.91076 -9.46871 -9.52181 -9.92415 -10.7596 
9.93484 -9.68149 -7.95755 -10.3904 -9.96927 -10.2068 -10.1305 
9.88313 -9.62591 -7.91354 -10.2416 -9.99551 -10.1566 -9.87755 
10.1442 -9.70814 -7.67661 -10.4512 -10.048 -10.4007 -9.68254 
9.97548 -9.35251 -6.853 -10.3832 -10.1719 -10.1756 -9.24244 
9.71736 -9.5733 -7.40189 -10.45 -10.0223 -10.3491 -9.48826 
9.94556 -9.27415 -7.4061 -10.1164 -9.45376 -10.5137 -8.68227 
9.76171 -9.35297 -7.48659 -10.3905 -9.89501 -9.95034 -8.73913 
9.87167 -9.42941 -7.56801 -10.3693 -10.1939 -9.65757 -9.30159 
9.44482 -9.39191 -7.56801 -10.1385 -10.1764 -9.53122 -9.51312 
9.89852 -9.45188 -7.38277 -10.1305 -10.4934 -9.73046 -9.50465 
9.7781 -9.34299 -7.5083 -10.3416 -9.61185 -9.84689 -9.59542 
9.86192 -9.47476 -7.52877 -10.3508 -9.77728 -10.2814 -9.5931 
9.92718 -9.39561 -7.43264 -9.70896 -10.0962 -10.4927 -9.13531 
9.68698 -9.40736 -7.31044 -9.7507 -10.1393 -10.5923 -9.47937 
9.88328 -9.47318 -7.5041 -9.89445 -9.95294 -10.6084 -9.56872 
9.68061 -9.38327 -7.50238 -8.97983 -10.0672 -10.6511 -9.32141 
10.0255 -9.40267 -7.51292 -9.33133 -9.60975 -10.2685 -10.1358 
9.76867 -9.49644 -7.47741 -9.31801 -9.6799 -10.8305 -10.1929 
9.38958 -9.29879 -7.55458 -9.14493 -9.56177 -10.8588 -9.35322 
9.74006 -9.62267 -7.56688 -9.87515 -9.29935 -11.1389 -10.0345 
9.56965 -9.63313 -7.56913 -10.2386 -9.40889 -11.2031 -9.58496 
9.63163 -9.49151 -7.6103 -10.0995 -9.37527 -11.2035 -9.24325 
9.74177 -9.52721 -7.54154 -10.3113 -9.43026 -11.1358 -9.10712 
10.1238 -9.4117 -7.29461 -10.3232 -8.8872 -11.0472 -9.45159 
9.83543 -9.35057 -7.07158 -10.4244 -8.76448 -10.7502 -10.1153 
9.75786 -9.56304 -7.21343 -10.4254 -9.33692 -10.5674 -10.5518 
10.1076 -9.66957 -7.54996 -10.3885 -9.64516 -10.5568 -10.2684 
10.0672 -9.58244 -7.56004 -10.3229 -9.18543 -10.4753 -10.2943 
9.66753 -9.45683 -7.54018 -10.4305 -9.43239 -9.77439 -10.3299 
9.67649 -9.55422 -7.55967 -10.4041 -9.5644 -10.1695 -9.99434 
9.65939 -9.39525 -7.49978 -10.268 -9.50411 -9.91057 -9.89653 
10.0453 -9.32692 -7.43097 -10.5178 -9.48618 -9.35969 -10.0154 
9.68341 -9.53923 -7.08672 -10.7092 -9.74285 -10.0408 -10.0366 
10.0907 -9.53651 -7.43136 -10.5335 -9.62476 -10.1777 -10.0611 
9.76792 -9.52661 -7.3323 -10.3919 -9.52095 -10.1372 -10.1949 
10.016 -9.31682 -7.53023 -10.5938 -8.98222 -9.54152 -10.3212 
10.0356 -9.28225 -7.52236 -10.7085 -8.69896 -9.4344 -9.63731 
9.75599 -9.07141 -7.43183 -10.6289 -9.1619 -8.86255 -9.30405 
9.83277 -9.00348 -7.48372 -10.2943 -9.6994 -8.6036 -9.08739 
9.94301 -8.8005 -7.5298 -9.22007 -9.62571 -8.4309 -8.94363 
9.88398 -8.98506 -7.42148 -9.25642 -10.3705 -8.36157 -9.48065 
9.81001 -9.05128 -7.40117 -9.39757 -10.7401 -8.58055 -9.22128 
9.50031 -9.09683 -7.46278 -9.50466 -10.599 -8.74832 -9.23336 
9.75148 -9.09315 -7.34916 -9.9355 -10.5992 -8.69769 -8.87228 
9.82983 -9.14295 -7.53023 -9.68022 -10.9001 -8.77609 -8.81465 
9.84321 -9.16898 -7.52887 -10.2697 -10.8662 -8.57834 -8.43929 
9.63202 -9.00969 -7.53023 -9.51318 -10.7506 -8.4923 -8.74151 
9.70492 -9.13084 -7.50665 -9.51914 -10.2819 -9.50786 -8.65231 
9.89837 -9.09474 -7.79377 -9.85916 -8.87208 -9.98542 -8.78762 
9.88798 -9.1025 -7.17583 -10.1285 -9.71032 -9.36327 -9.21774 
9.64419 -9.49167 -7.78547 -10.1088 -9.99888 -10.4465 -8.92468 
9.63929 -9.43884 -7.8202 -9.99625 -10.1257 -10.0135 -9.25463 
9.64612 -9.27438 -7.99734 -10.0018 -10.0966 -9.44611 -9.0215 
9.80257 -9.41786 -8.80647 -10.1934 -10.5863 -8.89186 -8.68821 
9.89303 -9.53416 -9.22246 -10.0856 -10.5863 -8.86512 -9.06618 
9.63535 -9.51123 -9.02998 -9.98729 -10.5339 -8.89218 -9.14909 
9.95146 -9.36628 -8.76181 -9.85038 -10.134 -8.89318 -9.17912 
9.86777 -9.04667 -8.90327 -9.11769 -9.70765 -8.29554 -9.20603 
9.6311 -9.26471 -8.99388 -9.69145 -10.2229 -8.16995 -9.17963 
9.89727 -9.2573 -8.87076 -9.60912 -9.94952 -8.65007 -9.14313 
9.78507 -9.44815 -8.91705 -9.59085 -10.5746 -8.76382 -9.20765 
9.58814 -9.22172 -8.91548 -9.31581 -10.5686 -8.13851 -9.1865 
9.8293 -9.29829 -8.97181 -9.95953 -10.5362 -8.06586 -9.1985 
9.86152 -9.10828 -8.45338 -9.40768 -10.5785 -8.00847 -9.19637 
9.68065 -9.22157 -8.76988 -9.55839 -10.5468 -8.1053 -9.17061 
9.85268 -9.43473 -8.97681 -9.52292 -10.505 -9.10456 -9.10883 
9.83183 -9.32372 -8.61925 -9.52222 -10.1917 -9.12316 -9.2164 
9.91841 -9.40972 -8.77278 -9.50879 -10.2372 -9.34659 -9.12148 
9.85136 -9.41693 -8.78678 -9.77101 -10.0201 -9.27762 -9.2164 
9.83587 -9.45168 -8.75417 -10.0531 -9.88574 -9.34984 -9.2164 
9.7487 -9.27562 -8.76394 -9.64054 -9.63295 -9.08492 -9.2164 
9.72486 -8.9006 -8.43854 -9.50093 -9.34409 -7.93654 -9.2164 
9.65329 -9.18612 -8.74237 -9.38682 -9.85463 -8.72551 -9.14379 
9.89053 -9.13917 -8.7393 -9.04065 -9.66517 -9.03558 -9.26421 
9.97104 -9.06403 -8.82224 -9.06359 -9.2957 -8.88345 -9.26197 
9.97128 -9.2046 -8.83445 -9.00333 -10.2468 -8.53167 -9.40234 
9.77169 -9.1175 -8.83875 -8.66236 -9.85138 -9.06399 -9.28743 
9.79015 -9.30778 -8.81314 -9.0109 -10.1501 -9.08062 -9.53145 
9.41493 -9.20093 -8.86292 -8.53945 -10.087 -9.03349 -9.53153 
9.85538 -9.20144 -8.88653 -8.78444 -9.93386 -9.10735 -9.24667 
9.80061 -9.17414 -8.9948 -8.94434 -9.66113 -9.21287 -9.04342 
9.89253 -8.8058 -8.92898 -8.64451 -9.16218 -8.57253 -8.71407 
9.6209 -8.83607 -8.88073 -8.88502 -8.75679 -9.13178 -8.51578 
9.69448 -8.87101 -8.72866 -8.85397 -9.76536 -8.88392 -8.28217 
9.77238 -9.05013 -8.61455 -9.11044 -9.95315 -9.04441 -8.56785 
9.69566 -9.0553 -8.9257 -9.40042 -9.67887 -8.61735 -8.72875 
9.75557 -8.85657 -8.9644 -8.97105 -9.29344 -8.71879 -8.38868 
9.87436 -9.0114 -9.01231 -9.5508 -9.54159 -8.61091 -8.22901 
9.97316 -8.92009 -8.99245 -9.13158 -9.35367 -8.51353 -8.61005 
9.61369 -8.90081 -8.8199 -9.20916 -9.4448 -8.56342 -8.53995 
9.71902 -9.01522 -9.28108 -9.20465 -9.37465 -8.53704 -8.71621 
9.71324 -9.0479 -9.21297 -9.55832 -9.05663 -8.49962 -8.91849 
9.55342 -9.25573 -9.47125 -9.67675 -9.23089 -8.44939 -9.45874 
9.78301 -9.31053 -9.49714 -9.5828 -9.27535 -8.49675 -9.50597 
9.84153 -9.15284 -9.71274 -9.59811 -9.42496 -8.22407 -8.86799 
9.89743 -9.2379 -9.46773 -9.58476 -9.41259 -8.43255 -9.38048 
9.96706 -9.26023 -9.80021 -8.96511 -9.38099 -8.45699 -9.74224 
9.87035 -9.3053 -9.88664 -9.38444 -9.42496 -8.63826 -9.25869 
9.98838 -9.29396 -9.90176 -9.47728 -9.35564 -8.46315 -9.37887 
9.66607 -9.33695 -9.90176 -9.58091 -9.37091 -8.36761 -9.45357 
9.76166 -9.31103 -9.84989 -10.0017 -8.91331 -8.45699 -9.21791 
9.48849 -9.49474 -9.92831 -10.0017 -9.48666 -8.44264 -9.57913 
9.56715 -9.30901 -9.90176 -9.47057 -9.77058 -8.45283 -8.96158 
9.61684 -9.25687 -9.72603 -9.91111 -9.25697 -8.2443 -9.29031 
9.52781 -9.42493 -9.5963 -10.0017 -9.84988 -8.35996 -9.28271 
9.63495 -9.54974 -9.81299 -10.0017 -10.1143 -8.32433 -9.63732 
9.9109 -9.51345 -9.81469 -10.0017 -10.2347 -8.45293 -9.03121 
9.77181 -9.44154 -9.61979 -9.99878 -10.1364 -8.39501 -9.01397 
9.96164 -9.18377 -8.91346 -9.73956 -9.28327 -8.00996 -10.0673 
9.98167 -9.0704 -8.09249 -9.44956 -9.37297 -8.14343 -10.3797 
10.1339 -9.13562 -8.26401 -9.38211 -9.70687 -8.38599 -10.0492 
10.0198 -9.08448 -8.89654 -8.95955 -9.81527 -8.25899 -9.44965 
9.87997 -9.22441 -9.38697 -9.50716 -9.71347 -8.06904 -9.63921 
9.57442 -9.26102 -9.51804 -9.317 -9.57813 -8.32948 -9.52981 
9.84838 -9.06316 -9.20281 -9.4207 -9.35843 -8.35558 -9.00087 
9.45248 -9.06976 -9.11347 -9.29187 -9.57362 -8.26722 -9.1579 
9.64351 -9.1001 -8.91996 -9.45768 -9.70717 -8.52842 -8.87317 
9.55402 -9.05937 -8.66153 -9.54125 -9.99309 -8.11232 -9.02453 
9.6847 -9.26127 -8.14034 -10.1228 -9.96529 -8.57385 -9.24329 
9.47632 -9.20264 -8.49747 -9.93849 -10.115 -8.69918 -8.83622 
9.44922 -9.15204 -8.72031 -9.53804 -9.80737 -8.97955 -8.7914 
9.74646 -9.10248 -8.90435 -9.15263 -9.52556 -8.72023 -9.1846 
9.74918 -9.16142 -8.97141 -9.33921 -10.0881 -8.88644 -8.53675 
9.62785 -9.10558 -8.3659 -9.12469 -10.0254 -8.88644 -9.10673 
9.69381 -9.18426 -8.91391 -9.04567 -9.96269 -8.88644 -9.18393 
9.65217 -9.35759 -9.12515 -9.59068 -10.142 -8.7441 -9.18606 
9.59981 -9.37409 -9.15169 -10.0407 -9.66596 -8.87983 -9.10517 
9.91463 -9.29011 -8.61968 -9.96419 -9.58327 -8.87021 -9.21583 
10.0416 -9.25686 -9.07975 -10.0701 -9.21508 -8.73428 -9.22745 
9.70927 -9.469 -9.21014 -10.2694 -9.24015 -9.33188 -9.31775 
9.70477 -9.32204 -9.22686 -10.2584 -8.85365 -8.67796 -9.49692 
9.67866 -9.38537 -9.5665 -10.1468 -8.48181 -9.14755 -9.56143 
9.64937 -9.32922 -9.16697 -10.1433 -9.1141 -8.85666 -9.40328 
9.85773 -9.3996 -9.31306 -10.0234 -9.36027 -9.12316 -9.19205 
9.7512 -9.37369 -9.35274 -10.0186 -9.39107 -9.18324 -8.91163 
9.77679 -9.27508 -9.36194 -9.3933 -9.26175 -9.14885 -9.21654 
9.49984 -9.28696 -9.37723 -9.55189 -9.2003 -8.71917 -9.66281 
9.68298 -9.32968 -9.59532 -9.79581 -9.78731 -7.96112 -9.36562 
9.7442 -9.71838 -9.59532 -10.3245 -9.89864 -8.88858 -9.87947 
9.77591 -9.64121 -9.591 -10.1332 -9.65312 -8.91663 -9.83624 
9.69693 -9.41409 -9.51257 -9.79314 -8.98993 -8.72696 -9.88745 
9.86966 -9.44116 -9.67247 -9.59035 -9.35196 -8.93239 -9.68404 
9.87186 -9.56111 -9.56085 -9.75499 -9.63956 -9.00645 -9.91219 
9.72121 -9.68793 -9.47955 -10.2767 -9.59305 -9.1481 -9.8923 
9.5573 -9.47322 -9.17408 -10.386 -9.3731 -8.86102 -9.44465 
9.84647 -9.51208 -9.12946 -10.1696 -9.7171 -8.63488 -9.83188 
9.75724 -9.61028 -9.03008 -10.1505 -9.90581 -8.99125 -9.89293 
9.53579 -9.54588 -8.90407 -10.2115 -9.75581 -9.04683 -9.89293 
9.49752 -9.21349 -9.10014 -8.68852 -9.54977 -9.03873 -9.73703 
9.69437 -9.54037 -9.36457 -9.74546 -9.7893 -9.05173 -9.71818 
9.58199 -9.56411 -9.20356 -10.0041 -9.9224 -9.03779 -9.66542 
9.7821 -9.61786 -9.11783 -10.1735 -9.79125 -9.14774 -9.73703 
9.43572 -9.55409 -9.22577 -10.1735 -9.99258 -9.1481 -9.21178 
9.41385 -9.42646 -9.15118 -10.0769 -9.32651 -9.14069 -9.46876 
9.54223 -9.46178 -9.49621 -10.2887 -9.33554 -9.131 -9.19932 
9.67099 -9.5186 -9.19041 -9.84465 -10.2823 -8.93864 -9.31279 
9.703 -9.49579 -8.85864 -10.4173 -10.3329 -8.72784 -9.14344 
9.5856 -9.63178 -9.40588 -9.96046 -10.3422 -8.86213 -9.72785 
9.87761 -9.60714 -9.45588 -9.26074 -10.3666 -8.96553 -9.89293 
9.56636 -9.57442 -8.90876 -9.53018 -10.3035 -9.36203 -9.79348 
9.66291 -9.36808 -8.78305 -9.17571 -10.3666 -9.1481 -9.4035 
9.61177 -9.5669 -8.83461 -9.96787 -10.3082 -9.15112 -9.61772 
9.85496 -9.5718 -8.84931 -10.4475 -9.99262 -9.04727 -9.37 
9.7768 -9.61512 -8.53233 -10.424 -10.3107 -9.17842 -9.64649 
9.47633 -9.639 -8.49345 -10.553 -10.2626 -9.06854 -9.74664 
9.40017 -9.88935 -8.79112 -11.1825 -10.1487 -9.13851 -10.2179 
9.56338 -9.61805 -8.13403 -10.8956 -9.62603 -9.39908 -9.85545 
9.80847 -9.33016 -8.13061 -10.2958 -9.17456 -9.2466 -9.87594 
9.4328 -9.55307 -8.63706 -9.59577 -9.91232 -9.90864 -9.78206 
