401 100
0.000132363 0.00205093 0.000545429 0.000136839 0.000130438 0.00175145 0.00215397
0.00748879 0.0772245 0.000661047 0.00129973 0.0603889 0.0268744 0.168873
0.00903454 0.129094 0.00067523 0.00238152 0.0749209 0.0517938 0.314233
0.00970832 0.165483 0.000658037 0.00304999 0.0791836 0.0710144 0.400502
0.0101734 0.174021 0.000684718 0.00368347 0.083388 0.075213 0.447268
0.0105897 0.181306 0.000645904 0.00418477 0.0889318 0.0799767 0.516473
0.0114418 0.21923 0.000686221 0.00499236 0.0882748 0.105595 0.578318
0.0115525 0.214472 0.000667641 0.00510364 0.0945736 0.101564 0.616493
0.0124434 0.2276 0.000663329 0.00567852 0.0998104 0.112765 0.659516
0.0122021 0.223985 0.00068324 0.00614409 0.0985628 0.126176 0.654008
0.0125707 0.212441 0.000685711 0.0065452 0.100583 0.128696 0.672109
0.0127456 0.244803 0.000667381 0.0069655 0.097564 0.137809 0.736249
0.0138768 0.200151 0.000668333 0.00783695 0.104972 0.121768 0.717844
0.0140458 0.212652 0.000694623 0.00814281 0.102724 0.141932 0.704064
0.0137941 0.241485 0.000674448 0.00866297 0.0920571 0.162786 0.726492
0.0145116 0.235542 0.000694052 0.00906361 0.0985229 0.162435 0.693683
0.0147804 0.193689 0.000685053 0.00922095 0.101773 0.149133 0.683809
0.0147892 0.22982 0.00071434 0.00932854 0.102284 0.158559 0.718935
0.0153392 0.19676 0.00070219 0.00971739 0.103141 0.146075 0.683333
0.0148513 0.195539 0.000702314 0.00958813 0.100515 0.158567 0.698016
0.0154424 0.240318 0.000707819 0.00985319 0.109538 0.171542 0.808726
0.015548 0.190766 0.000675285 0.0100811 0.107714 0.141836 0.734432
0.016517 0.195326 0.000673691 0.0105082 0.119037 0.161691 0.709188
0.0164618 0.202177 0.000675565 0.0104552 0.117923 0.14222 0.799686
0.0165839 0.272751 0.000674594 0.0109083 0.112316 0.200768 0.798395
0.0159755 0.188981 0.000698376 0.0107811 0.105057 0.151064 0.852534
0.0167262 0.212635 0.000698201 0.0111532 0.114729 0.168512 0.738581
0.0162146 0.281181 0.000687515 0.0107868 0.116826 0.206351 0.753469
0.0164913 0.239427 0.000655455 0.0110741 0.108524 0.18554 0.697464
0.017421 0.247765 0.000695935 0.0119518 0.111277 0.184742 0.755354
0.0182415 0.329622 0.000684005 0.0128363 0.117871 0.250795 0.788674
0.0178752 0.254878 0.000677218 0.0125332 0.124309 0.190097 0.759872
0.0182836 0.290676 0.000682988 0.0127181 0.11814 0.235042 0.731773
0.0179673 0.219188 0.000684394 0.0126262 0.114672 0.1901 0.633352
0.0176412 0.228773 0.000691616 0.0125987 0.117798 0.18715 0.717043
0.0178117 0.257516 0.00067771 0.0126796 0.11944 0.220352 0.69022
0.0180652 0.260136 0.000694709 0.0127957 0.121742 0.203527 0.729182
0.0186976 0.308627 0.000692552 0.0134621 0.121752 0.248519 0.731695
0.0183128 0.26971 0.00067904 0.0133795 0.120776 0.222989 0.738122
0.018329 0.339894 0.000682756 0.0134026 0.119417 0.283401 0.772065
0.0194282 0.270819 0.000712331 0.0143212 0.12298 0.220525 0.734346
0.0195263 0.293504 0.000683185 0.0141327 0.128365 0.246327 0.757026
0.019171 0.322399 0.000714119 0.0140587 0.12371 0.263542 0.789923
0.0189078 0.22437 0.000693504 0.0138837 0.124674 0.198599 0.595903
0.0189374 0.343998 0.000682908 0.0137451 0.121758 0.292807 0.745167
0.0194702 0.22455 0.000717243 0.0142165 0.128569 0.193385 0.683529
0.0199499 0.260575 0.000677908 0.0144709 0.132662 0.225593 0.705927
0.0194457 0.309444 0.000701075 0.0140028 0.130922 0.26889 0.724256
0.019335 0.367569 0.000697821 0.0139509 0.130493 0.316347 0.781213
0.0193817 0.279531 0.000696635 0.013936 0.132764 0.241249 0.7442
0.0194791 0.338448 0.000698347 0.0143074 0.131041 0.295055 0.733915
0.0195892 0.374666 0.000694253 0.0143347 0.127858 0.332605 0.719881
0.0204271 0.362278 0.000694233 0.0151982 0.136507 0.318923 0.747465
0.020837 0.262926 0.000701931 0.0157013 0.128167 0.226516 0.706347
0.020147 0.343893 0.000691911 0.0153225 0.128571 0.297879 0.774658
0.0206337 0.298747 0.000693872 0.0156267 0.12597 0.262421 0.784436
0.0204688 0.37076 0.000700676 0.0156201 0.122412 0.324543 0.757064
0.0212042 0.373679 0.000706522 0.0161625 0.134944 0.332102 0.746304
0.0213082 0.327221 0.000708159 0.0162697 0.130962 0.293273 0.740062
0.0214132 0.349861 0.000681587 0.0163881 0.132568 0.309806 0.708404
0.0220108 0.278577 0.00070999 0.0169294 0.125833 0.247849 0.67805
0.0211499 0.370546 0.000702744 0.0164849 0.124076 0.335981 0.732468
0.0222985 0.364609 0.000725587 0.0174704 0.126042 0.331842 0.71125
0.0217547 0.298221 0.000719405 0.0171695 0.122107 0.264308 0.776914
0.0223303 0.395315 0.000704253 0.0175292 0.133338 0.354603 0.801695
0.0220755 0.301574 0.000717241 0.0175011 0.127226 0.266143 0.719667
0.021611 0.351193 0.000703932 0.0170409 0.127565 0.311616 0.709911
0.0217872 0.3701 0.000703389 0.017125 0.130279 0.330167 0.755791
0.0220647 0.349112 0.000695027 0.0174055 0.128923 0.312913 0.745344
0.0221995 0.325362 0.000687337 0.017598 0.126146 0.289947 0.750334
0.0231233 0.296492 0.000695335 0.0182569 0.132523 0.275602 0.740422
0.0228372 0.382345 0.000684027 0.0182029 0.132641 0.348109 0.774239
0.0226835 0.34723 0.000727635 0.0180764 0.135148 0.312573 0.758425
0.022335 0.411889 0.000690424 0.0179226 0.123303 0.380817 0.756269
0.0223774 0.399612 0.000708504 0.0179081 0.135871 0.370364 0.748099
0.023154 0.328582 0.000690864 0.0184339 0.137599 0.31056 0.680012
0.0234456 0.38489 0.000698746 0.0188416 0.133319 0.349885 0.745516
0.0237597 0.382567 0.00070817 0.0193872 0.12966 0.353281 0.769354
0.0231105 0.423281 0.000704024 0.0187691 0.12992 0.392996 0.746116
0.0240151 0.420726 0.000685634 0.0196248 0.134392 0.386309 0.783539
0.0234582 0.397427 0.000680279 0.0191106 0.129461 0.37227 0.689594
0.0237087 0.343257 0.000697892 0.0191272 0.147879 0.323733 0.747045
0.0231741 0.431463 0.000710369 0.0187907 0.133179 0.398467 0.816634
0.0233947 0.417033 0.000717746 0.0189721 0.13895 0.384452 0.765201
0.0235078 0.339228 0.000691087 0.0191186 0.134319 0.321181 0.632307
0.0231948 0.447766 0.000701464 0.0187841 0.134284 0.421587 0.748584
0.0243984 0.341781 0.000717332 0.0198291 0.144358 0.325102 0.709602
0.023407 0.418246 0.000736578 0.0190329 0.134236 0.385871 0.794197
0.023216 0.330786 0.000713167 0.0189109 0.135449 0.297574 0.713176
0.0237713 0.365938 0.000669201 0.0195662 0.132923 0.345506 0.674674
0.0230632 0.397284 0.000722211 0.0189795 0.128493 0.366604 0.749337
0.0228796 0.367406 0.000655158 0.0187912 0.129122 0.34419 0.77273
0.0242016 0.415421 0.000718707 0.02001 0.125253 0.391569 0.715833
0.0231239 0.456674 0.000707011 0.0189538 0.131665 0.432049 0.753353
0.0240738 0.424549 0.000691854 0.0196953 0.134448 0.401724 0.775914
0.0227365 0.435094 0.000731335 0.0185083 0.13808 0.413544 0.769984
0.0231997 0.430112 0.000692852 0.0187191 0.140516 0.40674 0.74468
0.0227276 0.417976 0.0006938 0.0184291 0.143149 0.390688 0.757039
0.0224849 0.457395 0.000681623 0.0182068 0.143783 0.436603 0.73236
0.0225753 0.373657 0.000705218 0.0183027 0.138529 0.351113 0.663514
0.0227609 0.512779 0.000708425 0.0185539 0.135649 0.488682 0.811097
0.0228879 0.334965 0.000684658 0.0188233 0.134924 0.314868 0.749188
0.0225941 0.450916 0.000704762 0.0185913 0.134732 0.427837 0.756319
0.022497 0.473935 0.000715166 0.0183431 0.132407 0.4505 0.76848
0.0218904 0.439578 0.000707591 0.0178176 0.143148 0.41961 0.750334
0.0229718 0.413787 0.000711435 0.0188517 0.138576 0.394767 0.73994
0.0226619 0.474828 0.000706279 0.0187322 0.13817 0.447841 0.876345
0.0224047 0.384277 0.00069735 0.018565 0.128795 0.362878 0.740418
0.0236164 0.470599 0.000696146 0.0196852 0.122799 0.441279 0.787144
0.0230689 0.482711 0.000710123 0.0193391 0.119687 0.465598 0.774115
0.0222951 0.419086 0.000686754 0.0186752 0.124367 0.400007 0.780747
0.0227719 0.479229 0.000689953 0.019212 0.12343 0.455665 0.7948
0.0223208 0.423795 0.000715129 0.018578 0.127014 0.405682 0.760087
0.0234545 0.378338 0.000720288 0.019651 0.138223 0.361038 0.723609
0.0223211 0.508961 0.00072738 0.0187813 0.121941 0.488564 0.805117
0.022923 0.471678 0.00071277 0.0192723 0.123267 0.45279 0.764682
0.0233515 0.511216 0.000684812 0.019508 0.129157 0.488633 0.806123
0.0227927 0.47441 0.000681399 0.0190298 0.134276 0.45297 0.761123
0.0231292 0.467209 0.000671817 0.0191854 0.146139 0.445095 0.769724
0.0243955 0.448106 0.00069306 0.0203464 0.129342 0.434751 0.744142
0.0238739 0.455992 0.000723225 0.0199121 0.134636 0.443158 0.689727
0.0239143 0.481385 0.000693357 0.0197547 0.143819 0.462441 0.776109
0.0234619 0.371444 0.000721179 0.0194684 0.129688 0.355336 0.678104
0.0229107 0.462903 0.00069768 0.0190712 0.138889 0.448532 0.759246
0.0234878 0.508786 0.000706691 0.0194707 0.136815 0.491273 0.762899
0.0236899 0.362637 0.000697319 0.0197527 0.139295 0.353234 0.601284
0.0234739 0.442731 0.000691484 0.0194799 0.15359 0.428087 0.709426
0.0237239 0.430342 0.00070939 0.0198333 0.141588 0.414039 0.677812
0.0245065 0.370048 0.000700148 0.0205688 0.153307 0.356531 0.696397
0.024684 0.500372 0.000685463 0.0207999 0.145572 0.48418 0.729511
0.0246542 0.418121 0.00069515 0.020853 0.140185 0.399327 0.709944
0.0247857 0.399979 0.000712351 0.0209531 0.150165 0.384442 0.702658
0.0254867 0.355297 0.000693601 0.0216503 0.155233 0.332631 0.819957
0.0258952 0.40042 0.000687312 0.0220832 0.148544 0.384576 0.74831
0.0261302 0.405604 0.000730837 0.0224208 0.137863 0.390856 0.645005
0.0257668 0.487716 0.000727707 0.0222657 0.13404 0.472461 0.735066
0.0254002 0.460642 0.00072691 0.0217772 0.144564 0.444979 0.701783
0.0255167 0.380487 0.000691972 0.0219438 0.141829 0.365534 0.66126
0.0255835 0.442073 0.00070238 0.0220967 0.144695 0.427833 0.723926
0.0254823 0.532574 0.000711875 0.0219379 0.149122 0.517535 0.798791
0.0251802 0.505448 0.00071706 0.0218074 0.134613 0.490004 0.805492
0.024943 0.527 0.00070327 0.0216035 0.138101 0.518808 0.678347
0.0250999 0.507881 0.000700891 0.021683 0.134812 0.496411 0.723522
0.024855 0.480953 0.000713913 0.0214535 0.129502 0.468325 0.697875
0.0258393 0.442732 0.00072939 0.0222883 0.141275 0.431671 0.677484
0.0268901 0.464587 0.000706545 0.0234077 0.141077 0.455788 0.651641
0.0253988 0.482442 0.000688326 0.0220011 0.145621 0.467042 0.764774
0.02483 0.52611 0.000668503 0.0214398 0.143431 0.514147 0.745729
0.0262092 0.425346 0.000719266 0.0227737 0.137345 0.420329 0.593262
0.0257422 0.474677 0.000711255 0.0220998 0.150677 0.467253 0.660268
0.0261119 0.555705 0.000696591 0.0224754 0.137688 0.541758 0.796971
0.0265181 0.410674 0.000681133 0.0229411 0.140005 0.399383 0.730145
0.0259394 0.503903 0.000710044 0.0222721 0.145817 0.496884 0.676638
0.0257158 0.422248 0.000687591 0.0219182 0.156637 0.414691 0.647185
0.0258897 0.526318 0.000709903 0.022329 0.139724 0.516657 0.695651
0.0262079 0.490926 0.000706018 0.0227382 0.139788 0.476678 0.73827
0.0262235 0.337654 0.000694614 0.022718 0.141575 0.323375 0.624476
0.0262417 0.474633 0.000706499 0.0226149 0.152516 0.461217 0.716496
0.0252081 0.52126 0.000669263 0.0217821 0.142018 0.506991 0.764443
0.0263344 0.528234 0.000703417 0.0228076 0.145052 0.517146 0.733741
0.0256789 0.439542 0.000712409 0.0223064 0.138737 0.428667 0.647183
0.0267249 0.541641 0.000722321 0.0233401 0.145694 0.528429 0.780006
0.0256973 0.397176 0.000691817 0.0221235 0.153887 0.386952 0.718947
0.0257003 0.516333 0.000717809 0.0221877 0.145854 0.50318 0.748611
0.026516 0.484736 0.000697547 0.0228596 0.16039 0.471638 0.821885
0.0273437 0.56658 0.000707174 0.0239046 0.143879 0.553157 0.809313
0.0260554 0.484637 0.00069637 0.0226144 0.149244 0.468483 0.799635
0.0264246 0.385111 0.000690324 0.0228326 0.155065 0.364857 0.844519
0.0265945 0.536966 0.000719516 0.0230769 0.155079 0.526503 0.764248
0.0263445 0.512168 0.000707857 0.0229725 0.144472 0.498897 0.766281
0.0277961 0.371078 0.000717152 0.0243896 0.143067 0.366811 0.582504
0.0273775 0.473219 0.000692947 0.0238162 0.152379 0.459195 0.777969
0.0266204 0.479264 0.000698461 0.0232053 0.13704 0.476839 0.555896
0.0268954 0.423045 0.000704202 0.0234115 0.147615 0.414711 0.716969
0.0266904 0.543626 0.00069738 0.0232161 0.147409 0.529148 0.841189
0.0269427 0.429443 0.000699351 0.0234078 0.147405 0.416986 0.728417
0.0272099 0.472652 0.000705875 0.0235567 0.155971 0.461995 0.706692
0.0272888 0.50265 0.000717166 0.0235682 0.159557 0.487793 0.762851
0.0272867 0.480851 0.000705713 0.023538 0.152182 0.467845 0.769065
0.0258594 0.546062 0.00073027 0.0222336 0.163956 0.532471 0.800804
0.0261205 0.550466 0.000685678 0.0224814 0.149909 0.539378 0.762984
0.0270003 0.475779 0.000716113 0.0233639 0.157426 0.462014 0.8376
0.0273874 0.457843 0.000709689 0.0236154 0.159716 0.447276 0.73838
0.0273604 0.49538 0.000724645 0.0236102 0.163702 0.481517 0.766754
0.0270795 0.53395 0.000724306 0.0234999 0.145695 0.520288 0.774324
0.0268553 0.46531 0.000742017 0.0231708 0.165053 0.449544 0.829129
0.0270445 0.558633 0.000719415 0.0235369 0.157064 0.543897 0.830328
0.0270943 0.500356 0.000712862 0.0234497 0.168914 0.48856 0.712019
0.0267701 0.460996 0.000712918 0.0230956 0.159049 0.447792 0.801288
0.0280685 0.455194 0.000710702 0.0244354 0.158497 0.450656 0.683742
0.0275106 0.509324 0.000697905 0.0241199 0.149685 0.497179 0.771219
0.0278852 0.509028 0.000709222 0.0243566 0.164243 0.498037 0.811299
0.0280905 0.506249 0.000716359 0.0245298 0.163758 0.489898 0.821012
0.0287864 0.48108 0.000706883 0.0252205 0.163368 0.474235 0.711879
0.0287429 0.531167 0.00071068 0.0251362 0.164515 0.522662 0.798369
0.0282353 0.459425 0.000704195 0.024724 0.160477 0.45262 0.742954
0.026947 0.55144 0.000698217 0.0236165 0.157739 0.541191 0.79148
0.0270253 0.554826 0.000712397 0.0237247 0.157965 0.545238 0.799615
0.0259051 0.580774 0.000723542 0.022766 0.144728 0.571651 0.795873
0.0260593 0.533117 0.000705717 0.022845 0.140737 0.525676 0.683127
0.0259507 0.443199 0.00075035 0.0225997 0.159935 0.429174 0.825536
0.0260365 0.580956 0.000703802 0.0226519 0.157694 0.571851 0.792753
0.0260336 0.562978 0.000718196 0.022795 0.143705 0.552076 0.794711
0.0248694 0.561982 0.000706612 0.0216999 0.150013 0.551976 0.77979
0.0253363 0.574535 0.000699227 0.0221229 0.160007 0.563108 0.807862
0.025534 0.5687 0.000699551 0.0224305 0.141112 0.559477 0.767099
0.0258284 0.493019 0.000724435 0.0226543 0.143987 0.487219 0.662576
0.0265065 0.491396 0.00069744 0.0231945 0.155112 0.480277 0.713018
0.0266823 0.479983 0.000706162 0.0234011 0.155668 0.472402 0.695282
0.0261113 0.528786 0.000731519 0.0229337 0.149244 0.518737 0.718085
0.025936 0.543306 0.000698011 0.0226618 0.155074 0.534659 0.731102
0.0257689 0.548104 0.000710526 0.022473 0.155148 0.540994 0.700549
0.0263015 0.576299 0.000721056 0.0229173 0.171322 0.568452 0.747526
0.0258417 0.585436 0.000704411 0.022395 0.168447 0.579986 0.720837
0.0261719 0.463018 0.000713563 0.0227847 0.146496 0.457818 0.583764
0.0260398 0.492091 0.000709164 0.022626 0.161724 0.483732 0.654241
0.0266134 0.50301 0.000696762 0.0231712 0.158566 0.492755 0.787368
0.0269275 0.505313 0.000761715 0.0233845 0.15661 0.497793 0.676026
0.0267748 0.540194 0.000693273 0.023183 0.174875 0.530362 0.720045
0.0265093 0.5392 0.000688567 0.0230984 0.1609 0.532387 0.699995
0.0276958 0.555825 0.000725015 0.0242255 0.167727 0.550707 0.681703
0.0277672 0.556279 0.000748937 0.0241728 0.175391 0.546845 0.77042
0.0276702 0.468251 0.000716079 0.0241664 0.165952 0.458946 0.78668
0.0272831 0.517298 0.00072265 0.0237624 0.161749 0.509597 0.735099
0.0276363 0.548526 0.000720703 0.0241396 0.159102 0.541249 0.740091
0.027988 0.582658 0.000706664 0.0246411 0.151933 0.576645 0.735992
0.0274693 0.565414 0.000721344 0.0242816 0.157605 0.557212 0.777057
0.0269922 0.478542 0.000697613 0.0238931 0.14011 0.472139 0.686658
0.0282078 0.575 0.000717882 0.0248438 0.154717 0.570236 0.694217
0.0278287 0.591308 0.00069893 0.0245804 0.144069 0.585119 0.715471
0.0280196 0.496654 0.000708014 0.0246304 0.158615 0.490545 0.706385
0.0282946 0.591105 0.000706621 0.0250874 0.150482 0.585238 0.717242
0.0281562 0.603027 0.000725466 0.0248119 0.16487 0.597035 0.747927
0.0287593 0.570201 0.000709137 0.0255831 0.157318 0.561454 0.791292
0.0302734 0.444712 0.000720666 0.0268852 0.168298 0.435673 0.797242
0.0288045 0.539178 0.000715491 0.0256477 0.165006 0.531113 0.734686
0.0286217 0.553167 0.000748129 0.0254024 0.165358 0.547179 0.700225
0.0288781 0.561567 0.000727637 0.0256061 0.166649 0.554542 0.73921
0.0279814 0.598519 0.000702359 0.0248059 0.162631 0.592652 0.756179
0.0285037 0.494569 0.000714098 0.0253318 0.157441 0.492028 0.590692
0.0290307 0.578656 0.000720788 0.0259452 0.148272 0.573179 0.72652
0.0289539 0.56984 0.000702194 0.0256891 0.163656 0.56648 0.657946
0.0292063 0.543016 0.00071053 0.0259903 0.168666 0.535547 0.769209
0.0282938 0.463617 0.000686731 0.0251825 0.156017 0.456484 0.746686
0.0276768 0.602963 0.000701799 0.0246439 0.143402 0.59814 0.720067
0.0280045 0.609848 0.000748589 0.0248503 0.156202 0.606226 0.700597
0.0274235 0.476524 0.000691141 0.0243806 0.15368 0.47149 0.643741
0.0275903 0.565675 0.000710669 0.0245607 0.152318 0.562554 0.647612
0.026702 0.500338 0.000701068 0.023752 0.146298 0.492558 0.670789
0.0276939 0.522947 0.000711056 0.0247083 0.14328 0.518931 0.686602
0.0281133 0.540032 0.000721273 0.0252267 0.14497 0.535344 0.66425
0.0283553 0.624571 0.000720284 0.0252477 0.154058 0.621542 0.708741
0.0283436 0.564058 0.00071648 0.0252404 0.151605 0.557708 0.765893
0.0293564 0.54433 0.000698225 0.0260955 0.172171 0.536187 0.748464
0.028531 0.585859 0.000703744 0.0254311 0.1615 0.578244 0.757411
0.0291775 0.58874 0.000734492 0.0258093 0.186753 0.584729 0.711505
0.0282347 0.601079 0.000720407 0.0251907 0.164312 0.595368 0.75339
0.0292134 0.583475 0.000706491 0.026112 0.16359 0.578737 0.727079
0.0293589 0.566395 0.00069529 0.0261087 0.168824 0.559985 0.739054
0.029025 0.622487 0.000742435 0.0256855 0.174414 0.617176 0.747098
0.0286731 0.563286 0.00072539 0.0255554 0.157131 0.558737 0.695051
0.0288934 0.57917 0.000704904 0.0257318 0.164787 0.574733 0.706565
0.0286683 0.554865 0.000703841 0.0257744 0.162991 0.547103 0.798472
0.0282749 0.59479 0.000708448 0.0252765 0.159187 0.589589 0.73305
0.0282214 0.54973 0.000722727 0.025279 0.153761 0.546779 0.649668
0.0287104 0.59205 0.000695871 0.0256915 0.160034 0.588356 0.689739
0.0285798 0.596431 0.00070988 0.0256278 0.165151 0.590342 0.75507
0.0285965 0.495615 0.000705632 0.0255924 0.154045 0.488067 0.712236
0.0285954 0.50726 0.000682122 0.0255519 0.175401 0.498928 0.734423
0.0282961 0.615442 0.000698738 0.0253679 0.163714 0.608756 0.794628
0.0283974 0.577266 0.000693046 0.0255045 0.159758 0.573053 0.701427
0.0288138 0.587427 0.000731989 0.0258648 0.154639 0.583981 0.675655
0.0292837 0.548023 0.000719156 0.0261713 0.157369 0.54467 0.62783
0.0293232 0.534136 0.000728727 0.0260985 0.174614 0.531275 0.614159
0.0285954 0.490452 0.000719269 0.0254873 0.161495 0.487716 0.618008
0.0291204 0.524162 0.000722779 0.0259111 0.172664 0.519815 0.711556
0.0291665 0.529789 0.000718949 0.0260271 0.160207 0.524638 0.703538
0.0297687 0.53828 0.000726709 0.0266384 0.157634 0.534558 0.641368
0.0292701 0.615153 0.000688995 0.0262364 0.157001 0.610772 0.713766
0.0297541 0.538103 0.0007159 0.0268617 0.147957 0.535547 0.625588
0.0295307 0.530834 0.000716615 0.0265044 0.158099 0.524778 0.712287
0.0291065 0.469808 0.000712133 0.0262195 0.141609 0.464339 0.62867
0.0288806 0.523329 0.00071938 0.0259787 0.143393 0.520198 0.673796
0.0284331 0.548478 0.000703848 0.025339 0.160065 0.546075 0.630712
0.0286035 0.551281 0.000724308 0.0255248 0.161198 0.545719 0.692991
0.0287038 0.599998 0.000736999 0.0255196 0.171197 0.593901 0.759159
0.028445 0.475683 0.000711704 0.0253189 0.164538 0.470816 0.805564
0.0284709 0.579319 0.000711862 0.0254011 0.157092 0.57809 0.643745
0.0280648 0.540193 0.000734624 0.0249355 0.171273 0.534001 0.745665
0.027613 0.588156 0.000687019 0.0246207 0.16195 0.583706 0.722207
0.0285701 0.538916 0.000698677 0.025496 0.158214 0.534446 0.695774
0.0291721 0.578757 0.000707822 0.0261092 0.162652 0.571337 0.8063
0.02947 0.510043 0.0007198 0.0264096 0.165768 0.504822 0.818569
0.0294895 0.595243 0.000735177 0.0264176 0.15981 0.592444 0.672738
0.0297263 0.5727 0.000709643 0.0266689 0.160939 0.567366 0.721054
0.0296859 0.603833 0.000689759 0.0266681 0.151501 0.599787 0.71657
0.0296222 0.52495 0.000702513 0.0265732 0.164261 0.519737 0.700631
0.0297127 0.518618 0.000704154 0.026567 0.179542 0.513069 0.694237
0.0296696 0.488406 0.000717269 0.0266345 0.165452 0.485423 0.602819
0.0299198 0.647643 0.000706811 0.0269322 0.16724 0.642877 0.775258
0.0301139 0.452198 0.000711874 0.0272381 0.148393 0.44698 0.716145
0.030296 0.457721 0.000731926 0.0273659 0.162766 0.451475 0.861583
0.0303144 0.625594 0.000717497 0.0273888 0.157526 0.619544 0.786806
0.0295599 0.546102 0.000721303 0.0268733 0.14923 0.538065 0.723941
0.0298601 0.545764 0.000723142 0.0270131 0.162218 0.537065 0.773237
0.0295785 0.492338 0.0007249 0.0267051 0.154428 0.486383 0.722622
0.0296423 0.64558 0.000715263 0.026702 0.164536 0.639994 0.80358
0.0299462 0.413028 0.000725819 0.0270361 0.164065 0.410138 0.657188
0.030294 0.514593 0.000702394 0.0275053 0.15982 0.509422 0.662891
0.0300875 0.523074 0.000741728 0.0271347 0.167045 0.518341 0.753529
0.0285796 0.489108 0.00071621 0.0258499 0.153766 0.483492 0.74465
0.0293203 0.512466 0.000694571 0.0263734 0.167988 0.507264 0.701323
0.0290344 0.492441 0.00070653 0.0260783 0.158804 0.485221 0.721418
0.0278922 0.609503 0.000739957 0.0250336 0.162045 0.603716 0.771825
0.0280943 0.608993 0.000704123 0.0252233 0.164108 0.603254 0.778301
0.0284905 0.615321 0.000697483 0.0256235 0.155546 0.610328 0.750113
0.0288948 0.45748 0.000711857 0.025814 0.169121 0.454195 0.574987
0.0293007 0.52728 0.000715075 0.0262214 0.168736 0.528365 0.495885
0.0293454 0.581942 0.00073294 0.026251 0.175231 0.579099 0.66656
0.0297788 0.514894 0.000730066 0.0266045 0.16983 0.51254 0.627724
0.0288371 0.597353 0.000707518 0.0258858 0.157317 0.593759 0.697025
0.0291475 0.627534 0.00072587 0.0262915 0.147576 0.627695 0.623027
0.0284699 0.508221 0.000706753 0.0256216 0.162441 0.504198 0.632356
0.0286894 0.658284 0.000735413 0.0258788 0.150295 0.655344 0.74439
0.028411 0.494038 0.000727777 0.0255336 0.16459 0.49178 0.627901
0.0288496 0.608641 0.000685707 0.0260365 0.16265 0.605158 0.730069
0.0281917 0.491434 0.000710543 0.0254546 0.162259 0.48906 0.593858
0.0295478 0.600378 0.000728787 0.0266385 0.173332 0.595116 0.748238
0.0292274 0.530332 0.000696716 0.0263601 0.166647 0.529247 0.626325
0.0290395 0.442574 0.000708374 0.0262898 0.157685 0.439768 0.648161
0.0295923 0.42731 0.000704705 0.0267236 0.169576 0.424457 0.645358
0.0301111 0.639667 0.000732612 0.0273092 0.162002 0.6344 0.797527
0.0294996 0.626763 0.000706376 0.0267323 0.153075 0.621991 0.76392
0.028574 0.641637 0.000713776 0.0258138 0.154187 0.635701 0.813293
0.028468 0.559983 0.000730929 0.0258486 0.144115 0.557433 0.652009
0.0284576 0.618074 0.000711076 0.0257414 0.151809 0.614321 0.741253
0.0286104 0.528074 0.000736981 0.0259706 0.148493 0.52139 0.72607
0.0294813 0.513252 0.00073012 0.0267285 0.151305 0.511268 0.609747
0.0289868 0.626525 0.000707829 0.0262228 0.165961 0.620268 0.804253
0.0296302 0.568424 0.000730855 0.0269273 0.154959 0.566504 0.620732
0.0285756 0.563227 0.000731579 0.0258581 0.173512 0.560614 0.633321
0.0290022 0.51654 0.000730703 0.0262361 0.166231 0.511718 0.64485
0.0300575 0.624913 0.000694752 0.0272387 0.15799 0.622456 0.699083
0.0299917 0.624606 0.000712033 0.0271232 0.166323 0.619237 0.782386
0.0298395 0.620701 0.000693462 0.0270177 0.155047 0.618564 0.682082
0.0303337 0.631888 0.000718627 0.0275166 0.148559 0.628456 0.71959
0.0295138 0.637368 0.000707073 0.0266672 0.170392 0.632731 0.772712
0.0301496 0.628844 0.000707507 0.027305 0.159151 0.624979 0.732706
0.0297851 0.65647 0.000739268 0.0269335 0.157026 0.652977 0.75795
0.0291253 0.613463 0.000723702 0.0262908 0.148765 0.611982 0.662141
0.0287235 0.555414 0.000705629 0.0257579 0.15486 0.550822 0.692849
0.0295959 0.590991 0.000725143 0.0265716 0.165741 0.587334 0.696257
0.0295911 0.62268 0.000715261 0.0266668 0.163649 0.620148 0.702611
0.0293881 0.572574 0.000729058 0.0264366 0.157237 0.570461 0.640585
0.029642 0.487408 0.000715034 0.0265715 0.184998 0.484773 0.60882
0.0297997 0.517654 0.000716356 0.0268176 0.170225 0.512654 0.702917
0.0299652 0.518952 0.000720677 0.0268925 0.177622 0.515498 0.675992
0.0302194 0.587655 0.000707644 0.0271275 0.175926 0.583265 0.721631
0.0301913 0.473096 0.000746087 0.0272407 0.168246 0.465626 0.787322
0.0296375 0.634985 0.000705345 0.0266103 0.180435 0.629028 0.815731
0.0301071 0.625585 0.0006989 0.0269474 0.194233 0.622829 0.713714
0.0306684 0.558081 0.000734981 0.0276004 0.184997 0.555416 0.731922
0.0303168 0.637711 0.000693216 0.0274688 0.170763 0.634008 0.762196
0.0305461 0.600312 0.00073113 0.0276285 0.161196 0.595726 0.754603
0.0302053 0.571093 0.000722816 0.0273838 0.163065 0.565311 0.755681
0.0302362 0.572052 0.000725465 0.0273058 0.175076 0.565604 0.801309
0.0303164 0.495729 0.000704744 0.0273965 0.178076 0.493255 0.647254
0.0306895 0.532524 0.000724788 0.0277557 0.192784 0.528622 0.695111
0.0295539 0.591991 0.00075052 0.0268277 0.170545 0.586838 0.789304
0.030392 0.595824 0.000711318 0.027578 0.181276 0.589747 0.795258
0.0302644 0.628692 0.000720015 0.0274291 0.187481 0.623984 0.78901
0.0301646 0.604337 0.00072828 0.0274041 0.173819 0.597965 0.79442
0.0301395 0.63758 0.000723596 0.0274923 0.164698 0.633199 0.778754
0.0300305 0.559349 0.000703112 0.0272757 0.178022 0.555529 0.695053
0.0297581 0.624056 0.000717583 0.0268645 0.182717 0.619182 0.820744
0.0302013 0.59652 0.000703859 0.0273218 0.181741 0.592242 0.818016
0.0295031 0.570465 0.00070824 0.0268505 0.168459 0.565556 0.750014
0.0295447 0.627182 0.000735709 0.0267927 0.179802 0.623149 0.780286
0.0303214 0.474079 0.000698934 0.0275945 0.162137 0.46983 0.813447
0.030192 0.568447 0.00071906 0.0274714 0.157061 0.563819 0.726404
0.0289365 0.626928 0.000697955 0.0263433 0.166684 0.623248 0.768243
0.0294084 0.54473 0.000688776 0.026714 0.168275 0.542709 0.680803
0.029648 0.537196 0.000708516 0.0268787 0.178741 0.532684 0.687463
0.0296566 0.648158 0.000745596 0.0268487 0.180329 0.643013 0.811686
0.029339 0.494279 0.000704776 0.0267643 0.163426 0.489402 0.704901
0.0296293 0.666491 0.000718483 0.0270473 0.154258 0.662872 0.79602
0.0295181 0.526943 0.000706726 0.0269275 0.158387 0.522529 0.697786
0.029741 0.648594 0.00072524 0.0271168 0.159374 0.644881 0.74395
0.0290206 0.647123 0.000718966 0.0264553 0.155456 0.644891 0.736602
0.0302048 0.535132 0.00071799 0.027606 0.166346 0.534319 0.569714
0.0308045 0.49795 0.000712957 0.0281776 0.163903 0.494996 0.673042
0.0303221 0.590721 0.000714145 0.0277553 0.15952 0.588035 0.696938
0.029685 0.603793 0.000734257 0.0271343 0.157496 0.600994 0.706263
0.0297235 0.619512 0.00069205 0.0271754 0.171687 0.616174 0.783849
0.029267 0.629847 0.000716333 0.0267898 0.156429 0.625902 0.793109
0.0295506 0.581308 0.000716895 0.0269868 0.160929 0.576143 0.763528
0.0289215 0.664512 0.000714717 0.0264572 0.156319 0.661734 0.76339
0.0293938 0.647085 0.000734757 0.0268043 0.164347 0.643122 0.792782
0.0288646 0.550991 0.000697796 0.0263558 0.162409 0.547194 0.69017
0.029057 0.631444 0.000719072 0.0265489 0.171554 0.627192 0.770911
0.0302039 0.641898 0.00072052 0.0277535 0.163798 0.63748 0.791417
