1627
0.685309 34992
0.0021721 1065
0.00995657 31124
0.0099543 12971
0.000125016 60716
0.000125016 29000
0.00212953 37491
0.000125016 52441
0.127809 55001
0.00502513 56175
0.0112576 10619
0.0032606 48207
0.000926594 22555
0.0110435 25531
0.151022 15017
0.0136396 18845
0.000157456 74046
0.00139854 29334
0.0263152 26301
0.489406 64964
0.0491918 44992
0.000625391 96945
0.000250063 7063
0.0377309 52114
0.00401606 46709
0.000125016 447
0.0123936 96953
0.0116658 35643
0.425094 5029
0.00158262 44223
0.534247 35034
0.487386 34988
0.124322 45011
0.000260435 51807
0.00573561 29550
0.000125016 90939
0.0160842 35242
0.000125016 88753
0.00137689 93364
0.0143456 9253
0.000750563 7952
0.436673 94951
0.0478473 34946
0.00263191 67796
3.251e-05 47156
0.00112627 97450
0.0179617 38026
0.00869406 83227
0.0090668 45040
0.000875766 93067
0.000862813 36128
0.000625391 1789
0.00201125 64323
0.00137689 72647
0.00259888 50402
0.403321 54994
0.0057005 68677
0.0210483 96730
0.0168848 53566
0.001001 65298
0.00265148 64963
0.0193177 32846
0.0142585 24987
0.000125016 10851
0.0321554 4880
0.00376412 94247
0.0260973 34243
0.0270675 33558
0.00238065 85385
0.000375141 35992
0.0624516 15023
0.0506806 15335
0.241414 94989
0.000750563 52084
0.0205615 89334
0.00050025 85387
5.00626e-05 74003
0.000125016 27977
0.029209 89733
0.000125016 31216
0.00654253 96603
0.0250439 17393
0.000219928 48956
0.000875766 24936
0.000375141 72635
0.0165097 94680
0.00150225 71937
7.86849e-05 78270
0.00162764 68370
0.0250537 54656
0.00851133 8281
0.00285442 67076
0.000125016 26475
0.00238065 47986
0.00986381 91443
0.000125016 54323
5.26935e-05 82199
0.000375141 99454
0.00250332 11024
0.000369216 9533
0.0186144 44834
0.00948078 95838
0.00050025 25177
0.00363819 75503
0.00112627 31250
0.00260761 32418
0.000375141 15950
0.00050025 99884
0.0092765 20234
0.000125016 11120
0.000375141 67367
0.015644 8479
0.000119492 8109
0.0102713 34888
0.00324942 52939
0.000125016 7908
0.00150225 64018
0.0182131 41262
0.00389007 61204
0.0170863 31913
0.00886473 18580
0.0111249 69064
0.00430844 49092
0.00245737 96235
0.00150225 56224
0.0357437 27236
0.0117091 37744
0.000878549 50196
0.0122738 46869
0.00175307 10750
0.00175307 5904
0.000375141 34495
0.00027939 1203
0.0011628 35124
0.000375141 85911
0.000757018 15440
0.006118 67492
0.0121972 66319
0.0105433 91115
0.0398001 41950
0.000875766 16600
0.000125016 92073
0.00809256 46244
0.00671261 40770
0.000250063 33721
2.3246e-05 82027
0.0134862 25999
0.000625391 39366
0.00682077 19771
0.0111474 17505
0.0064577 42800
0.000350079 36069
0.000125016 83560
0.00489888 94244
0.000138067 33026
0.000125016 26496
0.00236166 11875
0.00175307 59476
0.0176923 93013
0.00363819 9090
0.0250795 53022
0.026842 38409
0.000125016 21696
0.00102963 95066
0.000125016 43231
0.0247443 85013
0.00628931 71777
0.0889876 5025
0.000125016 48120
0.000375141 51656
0.00137689 32039
0.000125016 27923
0.00170036 58918
0.0010354 20671
0.000125016 70563
0.00050025 86540
0.00162764 64947
0.00928433 61722
0.0141468 82627
0.00120929 16433
0.000134023 21562
0.000875766 81287
0.028503 6424
0.000250063 77972
0.00471909 5108
0.00883851 86289
0.00219727 69168
0.00791726 40232
0.000125016 23381
0.00050025 91491
0.00132227 23430
0.000375141 74195
0.00250627 20240
0.000625391 5906
0.000125016 60623
0.000250063 62247
0.0226647 76901
0.00162764 75000
0.0070495 27583
0.0346821 28765
0.00200401 3090
0.001001 54801
0.000125016 120
0.00781053 49788
0.000125016 95064
0.00507512 67405
0.000125016 31314
0.0250922 59157
0.018612 15294
0.0357666 76300
0.0106464 72590
0.000125016 41578
0.00163563 80374
0.000125016 20451
0.000125016 75222
0.0139863 82868
0.00578325 85004
0.000250063 65821
0.00452034 86772
0.0125617 96588
0.00050025 19988
0.00175307 50690
0.0105408 6231
0.00264784 38364
7.85675e-05 25491
0.00700788 74777
0.00523195 46881
0.0156591 80349
0.00022289 53853
0.00462148 10987
0.00212953 57535
0.00704935 81116
0.0151401 87455
0.0142299 30797
0.000375141 55306
0.0083483 59741
0.0139719 48120
0.0270204 60966
0.000375141 94173
0.00137689 29266
0.000125016 41692
0.00168062 76050
0.00125156 63182
0.000875766 51333
0.000125016 79324
0.000375141 92534
4.16823e-05 24691
0.000534163 99257
7.08795e-05 79648
0.0138978 94126
0.0110018 33916
0.0221888 32864
0.0126261 39550
0.0101436 24151
0.00513839 44150
0.000125016 55175
0.000855762 62354
0.00666918 17957
0.000453806 49000
0.00112627 30639
0.0108584 35629
0.00050025 24660
0.0583161 35305
0.000125016 15494
0.0032863 22447
0.0320064 40211
0.0124781 60673
0.000125016 89607
0.00225507 67886
0.00322582 26350
0.0123226 78706
0.000375141 2527
0.00050025 21316
0.000250063 56880
0.0214338 26785
0.00717613 12245
0.00050025 51203
0.0032606 54856
0.0184356 51356
0.0982402 32736
0.00426814 44915
0.00357569 2552
0.000375141 31676
0.00214291 20500
0.01528 49868
0.0293383 39341
0.00565682 97193
0.00875854 6037
0.00162764 54826
0.000200691 57458
0.000250063 92040
0.00590972 11673
0.012373 99357
0.000125016 78220
0.00125156 84234
0.000125016 1543
0.0175402 60690
0.008607 62464
0.00050025 89264
0.00011376 3558
0.00050025 77987
0.00215446 62176
0.00150225 96518
0.0112502 77116
0.0140434 84553
0.000625391 63382
0.0111511 56751
0.0111237 92227
0.00345234 6107
0.000125016 55161
0.0041241 7994
0.065594 18516
0.000625391 50738
0.0291031 71682
0.00256468 5882
0.0042835 99639
0.00187852 64174
0.00987906 48777
0.000125016 27799
0.0210489 55488
0.00366665 68817
0.000750563 28762
0.00050025 85183
0.0107726 27970
1.02539e-05 42189
0.00341569 92115
0.00539304 94602
0.000173797 27866
0.000375141 61659
0.0315844 64014
0.001001 50473
0.000553389 81088
0.00346417 79795
0.00137689 88016
0.000875766 66873
0.000125016 1094
0.00286147 84695
0.0660177 48321
0.0021683 79667
0.000250063 81176
0.000750563 89252
0.001001 75648
0.000364711 98056
0.000908459 10819
0.000375141 21922
0.00146302 43388
0.00240903 13842
0.00894579 79212
0.00200401 76583
0.000125016 68403
0.00350668 65129
0.00117654 78951
0.000144464 26249
0.000250063 80263
0.0398144 83004
0.0063018 74122
0.027785 42851
1.89361e-05 64181
0.00050025 1265
0.000625391 49149
0.0123588 89128
0.0127169 82341
0.000125016 90972
0.0148359 71224
0.000250063 25438
0.00306618 15247
0.000875766 47562
0.0027728 58131
0.043321 92409
8.20426e-06 5538
0.00268276 19299
0.00541255 52000
0.0138581 80592
0.00212953 29530
0.00757547 58087
0.0463317 48827
0.000250063 92931
0.001001 26295
0.00212953 79395
0.0103256 6069
0.0631502 84993
0.002245 81538
4.16823e-05 69122
0 99596
0.00628931 68593
0.000250063 53390
0.000250063 27408
0.0140818 58374
0.000250063 63710
0.000375141 49020
0.0162375 24453
0.0209612 10866
0.0311442 44949
0.00549459 20771
0.000125016 46433
0.00112627 8073
0.00250627 64190
0.00756836 3906
0.0220323 9229
6.28631e-06 31429
0.00112627 73131
0.00923712 13230
0.00603622 10021
0.0248739 16634
0.00246851 82853
0.00812748 40601
0.00307276 16893
0.001001 70904
0.0100986 55490
0.0124023 23630
0.000125016 61543
0.00553042 4715
0.000730822 43003
0.00300607 73687
0.00401606 16218
0.000125016 98962
0.000375141 12287
0.028309 45408
0.000563063 13742
0.000915672 89552
0.00200401 18932
0.0249784 37322
0.00605505 70538
0.00050025 84700
0.0314901 9044
0.00112627 66455
0.000958765 45363
0.00187852 97601
0.000578865 59612
0.00212953 96671
0.00172794 52801
0.000375141 42990
0.00300903 50520
0.00050025 44044
0.0375633 20417
0.00720369 79085
0.00050025 96653
0.000125016 2296
0.00652485 32604
0.0106225 5588
0.00125156 39611
0.0113268 61333
0.0120314 81034
0.000750563 67386
0.00376412 38038
0.0352168 92135
0.0222179 15211
0.0101534 45844
0.00461561 37988
0.00050025 79824
0.0253878 85527
0.00116536 39828
0.0760689 54954
0.00338643 74454
0.01155 40942
0.000250063 51005
0.0175061 96681
0.00945331 58383
0.00909296 24109
0.0037701 99466
0.000845106 36596
0.00774393 35886
0.00637196 38912
8.47823e-05 81130
7.4818e-07 44871
0.00050025 33369
0.000750563 95254
0.00950659 5747
0.00441084 14701
0.00651623 86514
0.000250063 72376
0.000250063 45921
0.00162764 56264
0.000125016 55008
0.00502513 54695
0.000125016 2410
0.00853008 1586
0.0367152 79881
0.000125016 9246
0.000250063 10956
0.0198309 89031
0.0102921 33618
0.0203744 25793
0.00630866 69120
0.000125016 37105
0.00239449 63168
0.000625391 88077
0.00408972 56772
0.000125016 31988
0.000250063 23951
0.0466319 33249
0.00263191 54978
0.00376412 16630
0.261077 35035
0.000125016 59595
0.0230851 71015
0.0327012 90264
0.00376412 82149
0.00369419 50197
0.00794904 60591
0.00189822 87168
0.00290332 17006
0.00540405 27302
0.00125596 59918
0.00512165 92736
0.00469971 16565
0.00638912 57010
0.000375141 4579
0.00050025 65940
0.000125016 23746
0.0126695 34949
0.0063837 56410
0.00747252 83352
0.0149307 85433
0.000125016 56361
0.000497414 65658
0.00988116 53393
0.00160195 6743
0.000258211 9411
0.00228512 52509
0.0420667 2577
0.000563063 34260
0.0173467 71958
0.0032606 538
0.0472369 47795
0.0279211 15150
0.0180834 61545
0.00181545 97959
0.000125016 55673
0.0333083 74163
0.000162799 17422
0.0101654 82142
0.00050025 94187
0.0186135 60192
0.00150225 11370
4.68312e-05 63452
0.00050025 65475
0.000625391 81392
0.0136902 76895
0.000125016 83506
0.000125016 44235
0.000125016 88865
0.000125016 77138
0.00194694 8800
0.0170248 3268
0.000125016 33494
0.0192381 36988
0.000625391 56284
0.00401606 506
0.00320932 89178
0.00191978 30048
0.000250063 8818
0.00647074 54528
0.00069601 51904
0.000875766 13996
0.000875766 84352
0.000682984 81445
0.00626874 33596
0.000875766 43123
0.00175307 34844
0.0156097 72763
0.00238648 33962
0.0457847 88248
0.000250063 90991
0.0143162 88064
0.00101507 81543
0.00112627 29718
0.00101023 80272
0.00303113 57773
0.000250063 9765
0.0079175 10421
0.000125016 75032
0.0065245 86079
0.00294147 47789
0.00315579 91210
0.0384793 66567
0.00411389 62467
0.0277215 27340
0.0132506 37427
0.00351229 79436
0.0064159 15810
0.000250063 64992
0.000125016 53518
0.000487957 27948
0.00258922 51122
0.010159 82992
0.00050025 28079
0.0188524 15910
0.000250063 99014
0.0032606 79225
0.000750563 39254
0.000125016 27234
0.0169184 69947
0.00748261 51037
0.0230102 728
0.000625391 85844
0.00844114 91070
0.000125016 90651
0.00894867 38015
0.0267102 69460
0.00187852 25737
0.000125016 44510
0.000250063 48504
0.0026294 39829
0.0299987 68170
0.00949795 84153
0.000125016 60928
0.00893838 15564
0.0215099 31325
0.000125016 95516
0.0031348 23429
0.0196819 63314
0.0104313 33633
0.00340432 83391
0.000875766 28055
0.015749 93592
0.000742095 2589
0.0315755 54379
0.0120659 19727
0.0266743 99905
0.00489888 33711
0.00680798 21124
0.0346842 34255
0.0152313 1409
0.000674871 82340
0.00212953 85318
0.0140818 95324
0.000608781 17740
0.004169 58279
0.00162764 22648
0.00137689 47883
0.00187852 76301
0.0133994 88187
0.00363819 16652
0.000250063 6926
0.000375141 93234
0.0036077 87393
0.019723 22866
0.00471574 75449
0.00767282 13522
0.00565682 48214
2.31135e-05 90849
0.0142047 87931
0.000250063 49334
0.000102596 15671
0.00148949 43664
0.000110259 62425
0.000625391 83315
0.03026 70332
0.000125016 82443
0.000125016 26706
0.00392305 34768
0.000250063 60265
0.000625391 44372
0.00125156 24642
0.00376412 72401
0.00770935 88431
0.0360054 16885
0.000125016 3227
0.00050025 17818
0.00590972 20806
0.013456 88938
0.0389688 45773
0.000125016 81526
0.0233171 9611
0.000702155 82007
0.00476154 1030
0.00930549 85172
0.0252597 76794
0.00125156 42039
0.000730633 90379
0.0285244 92979
0.000125016 79701
0.00112627 53033
0.000284482 74285
0.00726474 24699
0.00137689 89217
0.000125016 68121
0.000625391 27416
0.00175307 31940
0.000625391 59411
0.000250063 21634
0.000250063 52791
0.000375141 27952
0.00479128 31629
0.00116489 70723
0.000780114 79676
0.0150898 7396
0.0654916 83485
0.0579105 52055
0.00050025 50021
0.0235903 2424
0.00466408 56010
0.00203008 3557
0.0295468 45265
0.00398853 8923
0.00162782 9951
0.0196196 41495
0.000125016 47986
0.00112627 10205
0.0031348 38878
0.00236367 88840
0.00922755 57474
0.039336 5907
4.16823e-05 95853
0.00354632 35496
0.0111925 35561
0.0048212 44283
0.00125156 9638
0.000829328 97915
0.000375141 22120
0.0354849 10649
0.00578325 56088
0.000125016 75383
0.00466022 75462
0.0148049 39109
0.00895447 79137
0.000989485 22914
0.000750563 68077
0.0366187 43539
0.00439422 42203
9.34148e-05 33220
0.0118897 94258
0.000875766 64200
0.00798275 80309
0.0110748 92922
0.00050025 32031
0.0246717 17100
0.000625391 95614
0.000125016 8329
0.0123036 42434
0.00587014 56771
0.000620331 83115
0.00115203 45620
0.000250063 86054
0.0106114 19889
0.0032606 88648
0.00872774 35476
0.0188721 39706
0.000125016 12900
0.00277826 24740
0.00357163 31198
0.00162764 972
0.0111233 74134
0.000250063 99300
0.00797865 54002
0.0161391 32198
0.00566993 53140
0.000750563 82087
0.00439422 32428
0.000625391 64693
0.000750563 28818
0.000375141 96670
0.000375141 76333
0.0224431 10955
4.98974e-05 87412
0.00200401 1996
0.000375141 39887
0.00653403 71714
0.000543733 60351
0.0222413 49800
0.00713308 12030
0.00962491 49824
0.000625391 90431
0.00050025 27691
0.00295081 9902
0.00139527 54413
0.00416614 29229
0.00616275 53170
0.00553042 52896
0.000131768 96202
2.48144e-05 556
0.000125016 83519
0.006875 18700
0.000250063 96901
0.000156357 19042
0.000125016 12102
0.00377326 55573
0.00302846 44198
0.00137355 34722
0.00107553 12937
0.00454393 68208
0.000384221 31739
0.000375141 91362
0.00150225 15956
0.000750563 54065
0.000177405 8941
0.000125016 10709
0.0185825 2032
0.000125016 59278
0.0114413 16672
0.0923691 69167
0.00989121 91174
0.0289953 51258
0.0209865 17165
0.00685523 81763
0.000250063 59941
0.00477267 9164
0.00162764 69747
0.00100629 27751
0.00857287 94752
3.50498e-06 59
0.00842292 12068
0.000125016 51660
0.0224584 81301
0.0125815 74702
0.000375141 68922
0.000625391 55454
0.000447997 13903
0.0195094 66224
0.0414518 93820
0.000250063 99307
0.00603622 8666
0.0156537 63522
0.0329162 71283
0.000875766 39873
0.0210601 64769
0.0127033 40656
0.00133696 47368
0.00250627 82774
0.0133286 80260
0.00542607 14581
0.000750563 30232
0.000861272 60396
0.000375141 84333
0.001001 21270
0.00238065 62810
0.00972969 52502
0.00125156 53249
0.0205554 59309
0.00187852 26074
0.0628622 12878
0.0191481 6172
0.000375141 86580
0.000375141 34644
0.000375141 25934
0.00857287 4079
0.00168687 10679
0.00560339 50551
0.0048047 63219
0.00863398 63119
0.00288329 71228
0.000143108 42919
0.0722354 75217
0.0128474 44402
0.00165793 47144
0.0135678 82873
0.00300903 10886
0.00137689 60778
0.0245768 18165
0.000375141 11804
0.000125016 66367
0.000123267 21348
0.00104343 97546
0.00212953 74009
0.00275758 83240
0.00238065 38834
0.000125016 57779
0.000625391 31738
0.00841644 73825
0.000637863 99636
0.0208299 3462
0.00168815 46432
0.00112627 82476
0.00352974 54448
0.000125016 87796
0.000461208 12049
0.0149708 25370
0.0257496 68665
0.000125016 39298
0.00106153 74240
0.0014026 38954
0.000832474 88127
0.000125016 66799
0.00200401 8786
0.000125016 22098
0.00389007 53110
0.000125016 10075
0.0032606 54021
0.00050025 88125
0.0243333 68957
0.000125016 87273
0.0019518 39941
0.00862069 29644
0.000337049 55405
0.0127864 97042
0.000405648 76898
0.0182578 32071
0.00050025 6333
0.000801001 15551
0.000125016 69120
0.0163279 11373
0.000125016 1213
0.00224865 17568
0.00477267 46346
0.00786704 6860
0.00205569 17949
0.000625391 47168
0.00772322 17
0.000375141 42444
0.001001 4287
0.00150225 69972
0.0124492 65325
0.00263191 75958
0.0528209 30501
0.00202976 16672
0.000125016 95680
0.044164 47531
0.00050025 10765
0.012694 92459
0.000208869 20097
0.000125016 85990
0.0472614 92527
0.00627106 40391
0.0115684 9400
0.00990887 80974
0.00112627 18177
0.000875766 62958
0.000230093 31171
0.000250063 32569
0.00439422 62333
0.00100812 56800
0.000250063 55827
0.00050025 93991
0.00137689 93629
0.0203769 79829
0.00449071 26719
0.00342983 551
0.00225507 35376
0.0242964 24876
0.0205158 94410
0.000875766 39655
9.80488e-05 50906
0.0119115 88507
0.000875766 94640
0.000625391 14478
0.00050025 52974
0.000250063 63705
0.00879682 98172
0.00173153 34253
0.00037 32781
0.000250063 45028
0.00062629 95524
0.0251762 69490
0.000625391 31203
0.00288329 5507
0.0310387 48369
0.0118064 56281
0.0106982 73082
0.00811017 64544
0.000625391 3378
0.000375141 76119
0.000250063 65786
0.00333602 96839
0.0102195 99360
0.00480861 56937
0.00624741 98274
0.000125016 12091
0.00219278 61511
0.0132908 84743
0.00391947 42908
0.00200401 55107
0.000750563 48182
0.000250063 11767
0.00803878 23708
0.000347613 87879
0.000125016 64040
0.00141098 86825
0.0417264 78805
0.00265793 84014
0.0406188 96167
0.000375141 6730
0.000125016 35651
0.0150533 21734
0.00137309 44235
0.000250063 63659
0.00335852 15467
0.00112627 77704
0.0138458 72189
0.00378077 77836
0.000875766 90020
0.00166302 77149
0.00288329 12332
0.0185873 81003
0.000250063 52229
0.000208725 50873
0.00541747 44279
0.00187852 84993
0.0462419 67740
0.0064871 65637
0.000250063 33627
0.00282727 46627
0.001001 41880
1.89596e-07 3860
0.0372637 24087
0.00518481 9065
0.0136087 86441
0.000125016 36973
0.0124983 34044
0.000460948 72780
0.000125016 22009
0.0199456 99673
0.000125016 94691
0.00265329 64075
0.00050025 34289
0.00101759 74989
0.00137689 71391
0.000375141 84984
0.0290584 70030
0.0348198 54078
7.90962e-05 22665
0.0123297 97660
0.0256228 33033
0.011996 71915
0.00148526 62449
0.000127961 20257
0.0412873 85863
0.00138376 43742
0.00393496 18523
0.00191806 30334
0.000125016 99399
0.00345341 13794
0.00718279 17581
0.00162764 23019
0.011027 48402
0.00373193 99790
0.00495789 33090
0.000701277 27451
0.00162764 8860
0.000306699 39699
0.000125016 39620
0.00365419 11353
0.00185282 29504
0.00162764 20943
0.00748322 74288
0.0011049 12465
0.00637701 89178
0.0177312 33291
0.00414209 80948
0.00050025 80046
0.00116536 51647
0.00114997 7483
0.0239893 74398
0.000625391 35610
0.000125016 30635
0.0136908 55786
0.0191965 10856
0.000625391 83381
0.0011012 19667
0.00129777 47097
0.0123634 57127
0.000375141 94205
0.00215446 2462
0.00212953 54226
0.0325581 36979
0.00666918 85225
0.0244892 64391
0.000125016 77591
0.00654253 93468
0.000182792 51906
0.0199206 11564
0.0125301 65186
0.0281672 19482
0.000250063 98420
0.0126455 5948
0.00050025 29609
0.000125016 94274
0.0112661 86237
0.00870004 13807
0.000180454 80837
0.000625391 75714
0.0133756 5326
0.00876849 33419
0.00162764 69345
0.00590972 4332
0.00175307 46328
0.00275758 93088
0.000125016 35371
0.000125016 48304
0.0108086 29164
0.000250063 84752
0.0176446 54345
0.00250627 74968
0.000875766 70886
0.0205519 57522
0.00175307 92266
0.00050025 76287
0.00175307 39281
0.00860809 77786
0.00426814 63654
0.00162764 18812
0.000125016 29185
0.00540405 53933
0.000875766 36202
0.0504014 13065
0.000875766 48952
0.00103029 84721
0.0182608 6546
0.0280851 55935
0.00120456 97255
0.0126787 5451
0.00050025 82561
0.000375141 93504
0.00200401 2146
0.0316229 99373
0.0166964 89294
0.0008489 52766
0.000125016 45266
0.00162764 96044
0.000125016 78226
0.000875766 62869
0.00207733 21274
0.00127984 7236
0.000227653 95854
0.00263439 8303
0.00321608 85764
0.0265169 35498
0.0283611 93482
0.000375141 30637
0.00345047 8174
0.0100326 72201
0.000105063 92821
0.00148379 66696
0.00212953 71212
0.000625391 25916
0.0176039 6806
0.000875766 51012
0.000250063 17803
0.00238065 83996
0.00704935 15934
8.44369e-05 93719
0.0244094 28937
0.000125016 57364
0.000876847 13660
0.00187031 97317
0.000226735 5811
0.00150225 37574
0.00655481 23
0.000125016 87592
0.000125016 26041
0.00034264 57241
0.00662795 43012
0.00668138 44996
0.000209524 86221
0.0250686 19498
0.000125016 29331
0.0262855 26114
0.00856458 32277
0.0345418 59235
0.00050025 99581
0.000750563 87583
0.00837434 94711
0.00033318 30468
0.00295101 8212
0.000125016 83817
0.000875766 97470
0.000125016 61220
0.000750563 91883
0.00502513 5463
0.00275758 71806
0.0092765 54873
0.000271155 2338
0.000178117 70781
0.000125016 12972
0.00050025 84224
0.00414209 780
0.000125016 14539
0.000206477 14335
0.00187852 9877
0.00178582 68252
0.0210857 49627
0.000375141 84820
0.0237445 45622
0.00152753 14647
0.00112627 32447
0.000375141 74096
0.0110603 68215
0.016658 44263
0.000625391 66461
0.0279741 5125
0.000250063 83710
0.000125016 8008
0.00096664 64930
0.00185444 8488
0.000250063 92929
0.000250063 60728
0.0152598 91797
0.000125016 50132
0.000750563 8423
0.000125016 8593
0.0105765 82666
0.00050025 3915
0.0412085 91151
0.00180408 74273
0.000375141 76530
0.0179151 46610
0.000125016 11254
0.000625391 70174
0.000474521 97505
0.0051575 41037
0.00196442 41221
0.00202905 8932
0.00200401 99195
0.000346949 25452
0.0148922 84819
0.00175307 17626
0.00522654 55894
0.0254392 38699
0.0111163 51376
0.0535371 81606
0.000136894 44680
0.000625391 4178
0.00275758 43336
0.0229049 39232
0.00142369 15912
0.0496644 30668
0.00122749 31078
0.000250063 49289
0.000375141 18773
0.0137649 60586
0.00227997 50541
0.0227708 14737
0.000125016 10784
0.0112736 63560
0.000125016 89781
0.012986 43175
0.00504423 75273
0.000250063 93429
0.000125016 50187
0.00329187 62660
0.00519223 35869
0.00282924 41451
0.00737885 48401
0.00448523 17511
0.0118345 42564
0.126227 64394
0.00746739 23448
0.000625391 16165
0.044075 42572
0.000125016 51940
0.000125016 97702
0.000878514 88817
0.0178243 71874
0.00106822 98270
0.00112627 25990
0.00266275 381
0.00232778 42467
0.000397972 69934
0.00303107 8322
0.0191919 10663
0.0132536 81934
0.0130138 76400
0.00880643 90557
0.174293 94974
0.035037 70295
0.00414209 65483
0.0122896 57751
0.0271934 63874
0.000875766 55101
0.00187852 42221
0.00172477 87744
0.0033845 42313
0.0187997 97570
0.00225507 78364
0.0393753 20689
0.108941 60034
0.000424803 88005
0.00050025 91183
0.0162602 13369
0.0141656 11370
0.000857258 96841
0.000504823 88149
0.000604872 82279
0.00300903 48347
0.000250063 39119
0.000125016 6270
0.000125016 75400
0.00648819 39682
0.0532956 63636
0.000450792 65186
0.00263191 26265
0.0428618 79522
0.000924034 84086
0.0207988 29555
0.00150225 52801
0.00137689 88839
0.00361519 53902
0.00610898 93426
0.000250063 4068
0.001001 98973
0.00175307 32199
0.000250063 41714
0.00108923 26096
0.00112627 45966
0.000125016 86108
0.00630124 27519
0.0141016 3249
0.0236674 58447
0.00579623 19727
0.00150225 88179
0.000375141 96408
0.0064159 36146
0.000125016 2407
0.00206612 68391
0.000375141 36810
0.00141098 9720
0.00769522 52752
0.0562906 50528
0.000125016 91635
0.0031348 9433
8.74873e-05 43115
0.000861003 85825
0.0260939 14656
0.000801001 15623
0.000125016 6924
0.00338643 3275
0.0155433 96301
0.000875766 16878
0.0354577 28560
0.00178179 82122
0.000250063 19879
0.000125016 94105
0.00150225 42101
0.0105916 59652
0.0391247 43308
0.000362834 62945
0.00162764 88606
0.0291529 13467
0.0149826 32481
0.0312472 5985
0.00501901 47689
0.0157883 28694
0.000148553 15018
0.00050025 95707
0.000143758 12155
1.4203e-06 47177
0.000160855 81178
0.00414209 21662
0.000250063 83188
0.0230991 3226
0.00592256 25013
0.0224595 54816
0.00288329 99622
0.0286206 64581
0.0169635 85138
0.00074274 35242
0.000649755 51891
0.000125016 19029
0.00050025 91209
0.00944751 76070
0.000375141 51233
0.00149494 95683
0.00680798 25133
0.00199166 63356
0.00853372 79736
0.025435 26885
0.0197021 5907
0.258846 54980
0.00590972 90886
0.000125016 90690
0.00360975 94389
0.0525586 92552
0.0059888 40761
0.00540405 56102
0.0167068 24590
0.000125016 4306
0.034648 72250
0.00141236 51614
0.000875766 58363
0.000625391 87897
0.00666918 69688
0.00275758 74563
0.0460872 22595
0.0166282 49364
0.016737 73929
0.00137689 1510
0.000566262 91766
0.000250063 1259
6.28174e-05 96293
0.00794425 63354
0.00738708 18740
0.0625414 97115
0.00301729 32115
0.0103562 99430
0.000375141 26088
0.00288329 9317
0.0283158 61675
0.0282004 38904
0.00474256 63232
5.61877e-06 63350
0.017294 94211
0.00112627 52235
0.013975 78860
0.00112627 16989
0.00370697 66201
0.0183983 57729
0.000125016 85032
0.000375141 91829
0.0106909 69490
0.000125016 20315
0.00301218 58634
0.00184924 71005
0.0428358 71715
0.00300903 90326
0.00499802 31637
0.00141098 95406
0.000125016 81469
0.000125016 8719
0.0201363 66734
0.0127543 65677
0.00041289 47215
0.000125016 85585
0.0111871 33591
0.00304561 25622
0.000625678 54280
0.000875766 32037
2.78745e-05 27727
0.00489888 82028
0.00338643 18404
0.0108757 14938
0.0141585 60907
0.00401606 93207
0.00401984 79511
0.00659278 89380
0.000250063 10166
0.000284076 18009
0.000761599 67102
0.00327896 68517
0.00397829 30763
0.00553042 69539
0.0301437 73169
0.000125016 8246
0.000479738 89845
8.8222e-05 95551
0.000449265 36811
0.0186449 21803
0.000625391 67297
0.00300903 27320
0.000236008 4111
0.000481 27766
0.000125016 75867
0.00718801 94602
0.00338643 1988
0.000579603 15597
0.0222336 74999
0.000848843 9947
0.00241702 25901
0.000125016 26145
0.000125063 41640
0.000160855 96721
0.000358476 22931
0.00116536 86162
0.030186 13294
2.04403e-05 44674
0.000174834 68627
0.00238065 70790
0.00895447 84549
0.0198168 1223
0.0585302 31170
0.0112213 70852
0.037121 80511
0.00718801 84368
0.000125016 4342
1.81592e-05 46723
0.0021683 96380
0.001001 69411
0.0064159 89037
0.00112627 6680
0.000125016 51173
4.02516e-05 44866
0.0040858 53523
0.00679392 6872
0.00137689 62225
0.00759396 26575
0.030836 31293
0.00418244 22582
0.0207516 59845
0.00776094 58086
0.000375141 22984
0.00401793 64427
0.0143478 36631
0.00192935 47371
0.0190849 12898
0.000125016 10298
0.00358029 83292
0.00150225 80977
0.0289176 67547
0.0123903 36200
0.0278689 66393
0.00358423 51991
0.0257023 28998
0.000161279 4378
0.025124 15064
0.0125413 71216
0.00822362 18491
0.000250063 13224
0.00277666 35203
0.0032606 45289
0.016115 64976
0.00338643 78100
0.000268149 37155
0.00125156 85520
0.000125016 78269
0.00654594 41210
0.001001 16996
0.0395942 31352
0.000125016 39594
0.00137689 89309
0.000135866 87795
0.00529556 73465
0.00603622 74598
0.00020476 7650
0.0205514 23905
0.00527771 27332
0.00277625 54014
0.000566703 56756
0.00170486 64293
0.00597784 28193
0.0177617 11918
0.000250063 98122
0.00103765 55193
0.0290806 97576
0.000125016 37201
0.0436417 92659
0.00544024 4158
0.00923232 33795
0.0159032 83596
0.000125016 77578
0.0174213 98852
0.0112502 38889
0.00731475 65483
0.00175307 13385
0.001001 60926
0.00553042 86737
0.00100226 47429
0.00137689 31104
0.0133476 88178
0.0061744 82701
0.00833003 78737
0.00474368 33387
0.00477267 93664
0.000164865 35478
0.00137689 40584
0.00250627 89351
0.000858552 58133
0.00937405 68565
0.0192249 65897
0.0011075 5982
0.0187287 46375
0.0102614 38705
0.0343806 50729
0.00200401 17426
0.00513493 59539
0.0193928 89408
0.0175768 85237
0.00403203 21310
0.000125016 66628
0.00352157 69424
0.000250063 63499
0.046315 28513
0.00050025 29596
0.00135042 40978
0.00883851 43583
0.014456 82247
0.01992 9324
0.00138821 17935
0.00551525 60228
0.0105166 29413
0.034323 43471
0.00516517 47981
0.0304985 17269
0.00157842 33663
0.000250063 22485
0.0113377 2505
0.000787823 59983
0.00831863 20565
0.001001 16314
0.000250063 13649
8.38296e-05 16444
0.00704935 58491
0.000443571 56805
0.00464649 49460
0.0120405 73952
0.000375141 15516
0.0180298 4714
0.00148379 45870
0.00967521 18800
0.000375141 30243
0.00050025 47504
0.00200401 57541
0.000149155 79585
0.001001 44158
0.0153558 30569
0.000875766 98798
0.0028136 66194
0.000250063 87182
0.000375141 39873
0.0209623 46033
0.00125156 95601
0.00944515 89749
0.00267796 89263
0.00221375 15507
0.00050025 87922
0.000750563 6562
0.000875766 7062
0.000250063 269
0.00502513 85679
0.00125156 48541
0.00169258 7240
0.000125016 10479
0.00616275 76072
0.0161626 57002
0.00565682 85265
0.000625391 69157
0.000750563 83612
0.00225507 35129
0.000750563 36247
0.000125016 42231
0.000625391 31859
0.00187852 90598
0.00150225 49960
0.000375141 75257
0.000875766 62398
0.000125016 56355
0.000125016 89324
0.00112627 27809
0.00150225 59851
