400 100 199
0.000430042 -0.115546
-0.00869738 -0.281463
-0.0446793 -0.640597
-0.0694643 -0.852689
0.98197 -1.38039
4.22546 -2.30804
4.82742 -3.10328
4.7527 -3.43999
4.96792 -3.56664
5.16461 -4.29196
6.05645 -4.77346
6.26214 -4.99619
6.14914 -5.34951
6.80375 -5.48111
8.11659 -5.56738
8.87167 -5.68441
8.88466 -6.17578
9.17159 -6.79829
8.93693 -7.08449
9.18963 -7.13672
9.03776 -7.21579
9.04996 -7.36181
8.71423 -7.5043
8.72675 -7.57497
8.8584 -7.65884
8.91107 -8.03919
8.89067 -8.01121
8.67429 -8.00742
9.01256 -8.15158
9.05807 -8.16742
8.79446 -8.32187
8.99331 -8.05298
9.1067 -8.28506
8.73858 -8.39742
8.71195 -8.41333
8.96232 -7.9821
8.62015 -7.77054
8.50059 -8.14102
8.66706 -7.96132
8.9232 -8.13984
8.44077 -8.14505
8.55028 -7.94848
8.86633 -8.20467
8.93383 -8.49448
8.60279 -8.36721
8.84577 -8.05046
9.08917 -8.0325
9.06256 -8.29652
8.76193 -8.42695
9.02874 -8.22745
9.07696 -8.57353
8.79326 -8.34739
9.23445 -8.06158
8.87407 -8.45812
8.81648 -8.28207
8.94286 -8.43656
8.71199 -8.22454
8.99214 -8.17384
8.98733 -8.29162
8.97431 -8.41906
9.24915 -8.46468
8.59498 -8.40469
8.89232 -8.42505
8.96118 -8.06447
9.13069 -8.18392
8.94731 -8.24403
9.45805 -8.46946
9.54489 -8.3664
9.44165 -8.20748
9.34111 -8.81582
9.10217 -8.90445
9.09713 -8.40257
9.11552 -8.78644
9.05732 -8.58197
9.03667 -8.8278
9.13248 -8.76505
9.22311 -8.5501
9.07099 -8.57803
8.88226 -8.33768
9.36994 -8.72594
9.40786 -8.725
8.96492 -8.86533
9.0782 -8.71232
8.96017 -8.64538
9.21967 -8.32147
9.35174 -8.31045
9.1594 -8.10402
9.36009 -8.30309
9.06561 -8.02813
8.91324 -8.52364
9.20823 -8.71551
9.52773 -8.52519
9.16567 -8.28427
9.0446 -8.10908
9.57835 -8.25254
9.16279 -8.85021
9.02268 -9.01913
9.07622 -8.75505
8.84167 -8.57089
9.1454 -8.76517
8.85654 -8.65188
9.30624 -8.73737
8.74105 -8.79309
9.10788 -8.97031
8.78136 -8.8233
9.18097 -8.9733
9.08724 -9.05924
9.32989 -8.65822
8.68458 -8.59111
9.10866 -8.88845
9.36981 -9.13968
8.85816 -8.55731
9.60319 -9.13116
9.20466 -9.0332
9.42855 -8.69123
9.32971 -8.73264
9.19956 -8.71544
9.36687 -8.51002
9.55848 -8.95835
9.26773 -8.72464
9.57079 -8.7816
8.78123 -8.95224
9.05431 -8.70236
9.16346 -8.55274
8.74583 -8.34462
9.56515 -8.45019
9.01671 -8.26377
9.15518 -8.27485
9.35293 -8.59634
9.2452 -8.27462
9.23085 -8.54405
8.9203 -8.62337
9.22533 -8.46875
9.35041 -8.70544
9.16512 -8.43906
9.00008 -8.66731
9.34404 -8.53931
9.50196 -8.5526
9.1305 -8.38323
9.32519 -8.73191
9.14348 -8.60826
9.23436 -8.35234
9.10464 -8.6841
8.57787 -9.00391
9.1222 -8.68104
9.14222 -8.45108
9.20287 -8.59848
8.89543 -8.80094
9.24174 -8.52356
9.00861 -8.52697
8.49904 -8.52239
9.25678 -8.70505
9.03303 -8.74609
8.85139 -8.72715
8.836 -8.82835
9.18511 -8.87708
9.0857 -8.65991
9.27062 -8.52615
9.30651 -8.49569
9.23228 -8.56131
8.84066 -8.44199
9.09009 -8.53986
9.05559 -8.71562
9.05258 -8.46164
9.17922 -8.84747
9.26059 -8.8109
8.86493 -8.92211
8.67968 -8.6795
9.32051 -8.53193
8.91279 -8.48565
9.08777 -8.64277
9.37531 -8.51883
9.49729 -8.88429
9.11534 -8.5165
9.2143 -8.65378
9.2868 -8.73487
9.32607 -8.69899
8.89605 -8.42176
9.09276 -8.28281
9.07207 -8.32989
9.22328 -8.53068
8.76659 -8.61173
8.68664 -8.48272
8.9541 -8.52927
8.73122 -8.40334
8.95604 -8.19905
9.21454 -8.53114
8.89917 -8.87714
8.79867 -8.73274
8.86152 -8.1147
9.19299 -8.2031
9.21644 -8.59358
8.79695 -8.32566
8.97441 -8.48116
9.16424 -8.71314
9.30098 -8.81687
9.18532 -8.58685
9.10562 -8.41343
9.26191 -8.38344
8.70708 -8.43066 8.73902
8.21676 -8.56805 -8.57722
8.39988 -8.79227 -8.17898
8.0807 -8.64154 -7.93918
7.85415 -8.57431 -8.54168
7.76422 -8.54165 -8.68161
8.27327 -8.5143 -8.53648
7.94551 -8.28687 -8.43688
8.00034 -8.84705 -8.42577
8.31454 -8.90211 -8.53203
7.98511 -8.46062 -8.27685
8.43062 -8.34191 -8.30303
8.56121 -8.42689 -8.36898
8.39025 -8.34234 -8.42181
7.89478 -8.85706 -8.45541
7.80652 -8.92628 -8.62689
8.2063 -8.96809 -8.56621
8.17464 -8.65648 -8.62429
8.25766 -8.76333 -8.56717
8.03259 -8.74812 -8.69013
8.39362 -8.74774 -8.65955
8.03791 -8.64262 -8.85163
8.23202 -8.81193 -8.96634
8.47795 -8.88079 -8.52265
8.19939 -8.51335 -8.28628
7.96516 -8.83558 -8.86833
8.0644 -9.04803 -8.877
8.43631 -8.81026 -8.54919
8.46676 -8.77657 -8.62533
8.24918 -9.09696 -8.68839
8.38887 -8.92974 -8.60739
8.00229 -8.68794 -9.03832
8.49975 -8.75564 -8.98277
8.35606 -8.86987 -8.71072
7.72819 -8.4187 -8.37109
8.58077 -8.96838 -8.78042
8.0541 -9.09967 -8.38081
8.26079 -8.50039 -8.7987
8.11481 -8.71898 -8.2303
8.53421 -8.68416 -8.50655
8.37826 -9.09775 -8.33999
8.2953 -8.8413 -8.24733
7.95975 -8.95008 -8.54387
7.98425 -8.88839 -8.7081
8.0376 -8.72204 -8.65447
8.31188 -8.78096 -8.70492
8.32692 -8.47792 -8.80374
8.11214 -8.39544 -9.34387
8.16015 -8.68364 -8.69683
8.26857 -8.91648 -8.89336
8.46929 -8.80824 -8.85529
8.4179 -8.68441 -9.51358
8.20842 -8.97531 -8.90283
8.34044 -8.58262 -8.83382
8.34832 -8.80906 -8.90155
8.10138 -8.75131 -9.30343
8.1301 -8.71663 -8.74151
8.14961 -9.27359 -8.76521
8.53252 -9.10141 -9.40233
8.16123 -9.12613 -8.74606
7.97088 -8.62989 -8.79973
8.09432 -8.39356 -8.9786
7.91907 -8.5664 -9.21156
8.16674 -8.32329 -9.24342
8.52967 -8.48216 -9.11781
8.34618 -8.31042 -9.06752
8.31394 -8.58166 -8.7083
7.93282 -8.61352 -8.92275
8.39942 -8.59983 -9.55003
8.26901 -8.83787 -9.07393
8.64491 -8.6732 -8.91536
7.91406 -8.93704 -8.92383
8.03122 -8.80733 -9.0154
8.43176 -8.60325 -9.17978
7.89134 -8.67154 -8.80093
7.77078 -8.90609 -8.97967
8.03154 -8.75704 -8.6638
8.32049 -8.77709 -8.48575
8.43925 -8.65323 -8.76285
8.42039 -8.98218 -8.51498
8.07411 -9.10481 -8.85654
8.2624 -8.98797 -8.4462
8.69831 -9.12829 -8.81953
8.1847 -9.06025 -8.62259
8.74305 -9.04573 -9.04574
8.87399 -8.97701 -8.8419
8.31367 -8.7252 -8.78708
8.34443 -8.58047 -8.82297
8.29411 -8.66977 -8.81541
8.26282 -8.38234 -9.13338
8.34481 -8.98945 -8.66571
8.16204 -8.98524 -9.07885
8.53034 -8.51192 -8.92694
8.37159 -8.94287 -8.39346
8.69677 -9.11155 -8.81327
8.52593 -8.63912 -8.7469
8.34517 -8.78371 -9.00729
8.23721 -8.77535 -9.0958
8.29441 -8.94882 -8.9201
8.37542 -8.99903 -8.75018
8.01205 -9.1558 -8.84673
8.44882 -8.84381 -8.85149
8.38363 -8.9012 -8.67036
8.26487 -8.73445 -8.46026
8.40958 -8.98202 -8.62799
8.23689 -9.29902 -8.71859
8.49734 -8.45875 -8.9612
8.55217 -8.65191 -8.626
8.1614 -8.59771 -8.43649
8.23447 -8.64138 -8.60315
8.52269 -8.54499 -8.87391
8.51029 -8.98948 -8.56484
8.09977 -8.58602 -8.81576
8.51128 -8.751 -8.96072
8.2661 -9.00878 -8.7426
8.10177 -8.94607 -8.74686
8.17707 -8.84755 -8.73236
8.11186 -8.61169 -8.49076
8.54966 -8.74449 -8.44245
8.59439 -8.7344 -8.9646
8.31498 -8.60245 -9.14533
8.50996 -8.9153 -9.03643
7.95701 -8.96709 -8.53262
8.21699 -8.79696 -8.64975
7.99196 -9.0499 -8.39411
8.42464 -8.60375 -8.85162
8.62037 -8.60914 -8.6652
8.66322 -8.7782 -8.77045
8.3652 -8.6865 -8.20145
8.20122 -9.02773 -8.87841
8.60793 -9.04957 -8.94235
8.83373 -9.00859 -9.03043
7.92008 -9.07905 -8.68584
8.05363 -8.62699 -8.83537
8.42203 -8.72946 -8.97237
8.55242 -9.38838 -8.86609
8.5786 -8.49221 -8.78238
8.2992 -8.81632 -8.72275
8.5105 -8.90608 -8.6692
8.84819 -9.03234 -9.36263
8.42071 -8.8365 -9.33676
8.2917 -8.25245 -8.76271
8.29438 -8.52812 -9.35518
8.67172 -9.05116 -9.01575
7.62398 -8.99535 -8.99432
8.14598 -8.83741 -9.26548
7.77739 -9.00327 -9.00637
8.29547 -8.75359 -8.93981
8.22844 -8.81483 -8.53761
8.24152 -8.7645 -8.54698
8.38739 -9.06082 -8.64788
8.01271 -9.12666 -8.47587
8.27366 -8.86122 -8.45792
8.02087 -8.72129 -8.57561
7.86155 -8.90187 -8.97544
8.17226 -8.8781 -8.9285
8.32647 -9.01644 -8.91027
8.05451 -8.89678 -8.91274
8.39123 -8.71309 -9.03366
8.17111 -8.91886 -8.73223
8.06316 -8.549 -9.08264
7.94297 -9.0313 -8.4023
8.70293 -7.85995 -7.81563
7.99742 -8.16581 -8.37155
8.20424 -8.45123 -8.61462
8.06388 -8.5241 -8.46022
8.21577 -8.64457 -8.72684
8.39856 -8.70997 -9.02683
8.65466 -8.35585 -8.9226
8.28294 -8.37341 -8.72764
7.9623 -8.56658 -8.78814
8.11531 -8.51041 -9.10034
8.61044 -8.93359 -9.17389
7.88479 -8.87154 -8.89418
7.85641 -8.81709 -9.11811
8.52739 -8.50944 -9.00686
8.05898 -8.67418 -8.76345
8.42528 -8.67007 -8.99064
8.26072 -8.65607 -8.94824
8.30285 -8.74033 -8.82722
8.40835 -8.96345 -8.92916
8.10698 -8.35646 -9.26584
7.80872 -8.60346 -8.91786
8.54757 -8.81495 -9.18333
8.71358 -8.82197 -8.90058
8.64157 -8.72399 -8.90187
7.96785 -8.94764 -8.72674
8.67061 -9.14755 -8.77773
8.29099 -9.13249 -9.1075
8.39236 -9.10737 -9.14283
8.31502 -9.23287 -9.10116
8.23801 -8.82139 -9.09808
8.21446 -9.05894 -8.66917
8.38223 -8.641 -8.67895
8.00287 -8.64536 -8.92349
8.47946 -8.50505 -9.00127
7.93799 -8.59034 -9.11029
7.79145 -8.62059 -8.71389
7.81168 -8.60705 -9.01099
8.35815 -8.37109 -8.94453
8.19651 -8.52626 -8.82997
