400 100 199
0.00274017 0.00268462
0.228819 0.00577765
1.94103 0.175781
3.61168 0.253418
3.61536 -0.0345778
3.71856 -0.0829542
3.78047 -0.847126
3.84732 -1.28526
3.91699 -1.61365
4.00363 -2.26242
3.97873 -2.54545
4.09073 -3.10797
4.15633 -3.38471
4.41204 -3.43024
4.6964 -3.38035
4.65891 -3.55307
4.53587 -4.0214
4.95734 -4.06964
4.93173 -4.32003
4.88803 -4.53521
4.98152 -4.71448
5.94042 -5.00569
7.14599 -5.58363
7.92476 -5.44891
7.90922 -5.38276
8.1092 -5.57119
7.92715 -5.82558
7.71458 -6.35822
7.89322 -6.76102
7.82623 -6.62807
7.65808 -7.2045
8.03935 -7.05683
7.9544 -7.03961
7.62432 -7.31515
7.88192 -7.07331
8.13007 -7.49127
8.26022 -7.4513
8.12044 -7.51268
8.00001 -7.96511
8.09783 -8.33385
8.19357 -7.66805
8.08348 -7.76086
8.32414 -7.83121
8.29076 -7.66006
8.2746 -7.6096
8.40235 -7.71775
8.33117 -8.06847
7.98645 -8.23409
7.92205 -8.34065
8.18805 -8.16997
8.08137 -8.47465
8.28012 -8.09233
8.03745 -7.90042
8.22343 -7.98758
8.14777 -7.80821
8.05993 -8.0474
7.77912 -7.9863
8.16284 -7.69262
8.03003 -7.56964
8.23937 -7.5709
8.42719 -7.71444
8.25938 -7.50768
8.14495 -7.67912
8.24405 -7.8819
8.31309 -7.91849
8.22241 -7.87902
8.46328 -7.79163
8.55818 -7.77034
8.54739 -7.62265
8.2896 -7.65236
7.54413 -8.34162
8.30589 -7.91938
8.20688 -8.34094
7.80661 -7.98469
8.18153 -7.92891
8.02155 -8.00478
7.96661 -8.19444
8.15522 -7.93687
8.26141 -8.45549
8.11338 -7.58491
8.04047 -7.58416
8.2321 -7.78269
8.10524 -7.84006
8.59853 -7.58905
8.36893 -7.85358
8.24037 -7.9863
8.06813 -7.92819
8.14322 -8.04984
7.94402 -7.6784
8.36089 -7.59709
8.28954 -7.7997
8.26751 -8.16927
8.44448 -7.99259
8.20917 -8.05425
8.08191 -8.12244
8.14562 -7.9664
7.91175 -7.8782
7.96889 -8.47491
8.38531 -7.67468
8.06099 -7.89481
8.61361 -7.96058
8.86601 -7.74481
8.72159 -8.10605
8.61569 -7.85791
9.04073 -8.21647
8.90527 -8.3373
9.04023 -8.23521
8.32728 -8.32741
8.668 -8.46959
8.67053 -8.3903
8.58863 -8.27863
8.82395 -8.40078
8.43303 -8.55796
8.52633 -8.25307
9.00756 -8.12776
8.74506 -8.22892
8.96142 -8.54055
9.17196 -8.37306
8.79114 -7.91817
8.9985 -7.9193
8.52754 -8.26749
8.77157 -8.65302
8.73477 -8.05706
8.61378 -8.1122
8.86986 -8.28833
8.88633 -8.30622
8.73656 -8.25678
8.32507 -8.11563
8.56058 -8.30917
8.84433 -8.47396
9.02126 -8.2693
8.64905 -8.2331
8.93053 -8.27535
8.75088 -8.37841
8.77255 -8.48054
8.61138 -8.80782
8.67203 -8.50839
8.48885 -8.39707
8.59217 -8.22747
8.70285 -8.29434
8.86532 -7.99445
9.05739 -7.89934
8.91214 -8.59752
8.73006 -8.53227
8.92358 -8.40401
8.79358 -8.6156
8.62877 -8.90751
9.0955 -8.52779
8.93147 -8.62221
9.04134 -8.32852
8.94476 -8.28337
8.9799 -8.10814
8.58404 -8.27392
8.8828 -8.13566
9.31789 -8.7136
8.68751 -8.20263
8.74316 -8.51817
9.216 -8.3887
9.25151 -8.62238
8.89299 -8.44834
8.44851 -8.72185
8.9519 -8.2748
8.90924 -8.58334
8.87912 -8.69443
9.12322 -8.56591
9.26939 -8.4114
8.83021 -8.36896
8.82175 -8.96655
8.98935 -8.64207
9.10244 -8.29175
8.81796 -8.61054
8.99349 -8.68272
8.89165 -8.57546
8.5547 -8.17781
9.17145 -8.10643
8.97541 -8.56595
9.08385 -8.2919
8.88765 -8.33354
8.92853 -8.92657
8.77156 -8.55154
9.26723 -8.31496
9.27402 -8.62864
9.10279 -8.44555
9.01999 -9.14881
9.13468 -8.58632
9.28073 -8.56147
9.16629 -8.84072
8.9016 -8.50131
9.05367 -8.36421
8.63 -8.53278
8.85072 -8.77405
9.20209 -8.96249
9.42284 -9.10689
8.98715 -9.05741
9.33199 -8.54858
9.12495 -8.92309
9.04268 -8.67826
8.82963 -8.48163
9.03313 -8.53001
8.42171 -9.27879 8.40169
8.27534 -8.7042 -8.89207
8.25185 -8.72421 -8.87523
8.35879 -9.23247 -8.89946
8.16558 -8.84595 -8.73012
8.55939 -8.90129 -8.63332
8.8062 -8.96367 -8.98653
8.27943 -8.64194 -8.5131
8.3972 -8.52872 -8.71857
8.34478 -8.70724 -8.78424
8.47749 -8.88103 -9.04818
8.56522 -8.56621 -8.89576
8.12805 -8.91601 -8.68616
8.42517 -8.8456 -8.58413
8.78983 -8.97656 -9.06818
8.40652 -9.10344 -9.18435
8.41033 -9.15153 -8.60131
8.42621 -9.05212 -8.3495
8.43797 -8.61912 -8.78067
8.49219 -8.97158 -9.11558
8.61785 -8.86414 -9.29354
8.83302 -9.29206 -8.8648
8.33014 -9.04817 -8.94638
8.65789 -9.00834 -8.97128
8.59199 -8.81766 -8.93368
8.67112 -8.64558 -9.08918
8.46728 -9.21465 -9.05611
8.46551 -8.83347 -9.49484
8.69817 -9.20136 -9.07932
8.56205 -8.7306 -9.17382
8.66824 -9.11621 -8.07219
8.82115 -8.76226 -8.57104
8.46403 -8.73061 -8.59232
8.18282 -9.00893 -8.54057
8.41106 -8.76478 -9.03152
8.2432 -8.87775 -8.74665
8.63377 -8.9896 -8.415
8.94791 -8.90302 -8.47088
8.34974 -8.5271 -8.97093
8.35964 -8.87622 -8.61475
8.67648 -8.73084 -8.7641
8.62552 -8.70816 -8.58881
8.59699 -8.79775 -8.81885
8.43277 -8.67577 -8.96152
8.57165 -8.9753 -8.75539
8.72426 -9.2103 -8.8479
8.41293 -8.87289 -8.87978
8.39868 -8.75906 -9.0097
8.82963 -8.45407 -9.21712
8.29288 -9.23195 -9.09319
8.16287 -8.70096 -9.18073
8.78323 -8.81689 -9.1319
8.63008 -9.17356 -8.91055
8.89706 -8.93113 -9.07932
8.67556 -8.14381 -8.63311
8.0094 -8.65443 -8.89006
8.45822 -8.43939 -8.48275
8.62255 -9.15474 -8.66351
8.91879 -8.97161 -9.16421
8.30361 -8.9124 -8.98871
8.33602 -8.78989 -8.97134
7.5813 -9.5101 -9.49779
8.00003 -9.06617 -8.97007
8.07474 -8.99166 -8.67386
8.06812 -9.22022 -9.24469
7.90376 -8.91982 -8.94103
7.99588 -8.75758 -8.73023
8.0197 -8.67158 -8.55011
8.34665 -9.06565 -8.69895
8.0754 -8.45358 -8.63587
8.01459 -9.10417 -8.72169
8.12743 -9.03288 -8.21841
8.21071 -9.35179 -8.61642
8.04477 -9.12465 -8.60602
7.80448 -8.96701 -9.05578
8.35577 -9.18187 -9.07801
8.33343 -8.93147 -8.82869
8.24633 -8.78531 -9.25746
8.39591 -8.15024 -8.9789
7.96656 -8.91783 -8.76715
8.25244 -8.91533 -8.70107
8.08757 -8.91487 -8.8397
8.11625 -9.07012 -8.71037
8.17517 -8.90546 -8.1928
8.27561 -8.86846 -8.06831
8.28778 -8.85769 -8.81554
8.63095 -8.85139 -9.03023
8.01626 -8.63147 -8.85699
8.28327 -8.91707 -8.65037
8.32867 -9.31098 -8.71049
7.95013 -9.37694 -8.74911
8.10165 -8.79449 -8.47236
8.1738 -8.74569 -8.41562
8.20379 -8.87251 -8.7582
7.93952 -9.17193 -8.71373
8.20147 -8.97445 -8.47336
7.73908 -9.24207 -8.54183
7.86067 -8.80592 -8.67297
8.01469 -8.75867 -8.64862
7.9803 -8.91788 -8.72206
8.15109 -8.81669 -8.68993
8.22339 -8.72094 -8.55682
8.09218 -8.33318 -8.53238
7.9553 -8.77008 -8.63328
8.00225 -8.9255 -8.70074
8.31986 -9.06796 -8.73687
8.12928 -8.60173 -8.49747
8.22981 -8.75694 -8.61567
8.01885 -9.42784 -8.63855
8.27583 -9.23216 -8.64412
8.16419 -8.50713 -8.90361
8.21566 -8.5506 -8.73185
8.35975 -8.46381 -8.71992
8.39998 -8.94364 -8.5766
8.10472 -9.29089 -8.85993
8.43119 -8.50829 -8.83346
7.96178 -9.0588 -8.74703
8.20146 -8.87578 -8.51105
8.49341 -8.66178 -8.54302
7.84681 -8.42783 -8.86373
8.29243 -9.07258 -8.84725
8.0129 -8.66969 -8.78718
8.30479 -8.68468 -8.97499
8.00236 -8.88176 -9.23673
8.39271 -8.64484 -8.72077
8.03427 -8.7874 -8.99134
7.90561 -8.8522 -9.04525
8.1706 -8.70812 -8.83412
8.36744 -8.43277 -9.03272
8.63907 -8.8518 -8.96651
8.45631 -8.69168 -8.95012
8.2401 -8.91867 -9.0449
8.6007 -8.589 -8.80173
8.5585 -9.01936 -9.21487
8.1891 -9.12928 -8.97556
8.24126 -8.81968 -9.03544
7.83539 -8.96891 -8.96315
8.24972 -8.77212 -8.78118
8.32525 -8.69483 -8.65094
8.11031 -8.61463 -8.58548
8.15839 -8.85234 -8.56709
8.31095 -8.43205 -8.57689
8.44963 -8.54217 -8.49993
8.38327 -8.95061 -8.76319
8.4278 -8.79866 -8.77284
8.82402 -8.93632 -9.10205
8.64732 -8.85963 -9.19465
8.90734 -8.67062 -8.77591
8.92367 -9.12943 -8.68156
8.72681 -8.65555 -8.62392
8.45344 -8.87314 -8.75956
8.72048 -8.97778 -8.68186
8.39727 -8.60667 -8.61301
8.78851 -9.009 -8.96844
8.38954 -9.17217 -9.33813
8.57082 -8.86888 -9.16551
8.55522 -8.92846 -9.12403
9.04694 -9.01252 -8.75917
8.93531 -8.66949 -8.83049
8.49611 -9.23471 -8.73315
8.87304 -8.85675 -8.7652
8.81934 -8.46506 -8.8951
8.68839 -8.94879 -8.77231
8.19102 -9.10231 -8.81786
8.75884 -9.12585 -8.50911
8.95687 -9.12355 -8.44781
8.56025 -8.9345 -8.64589
8.59724 -9.07633 -9.21352
8.51925 -8.64994 -9.02487
8.89708 -9.19164 -8.73484
8.76671 -9.1621 -8.4681
8.64252 -9.19033 -8.88401
8.31533 -9.31202 -9.12951
8.54362 -9.38365 -9.11778
8.96127 -8.98384 -9.45262
8.62511 -9.14486 -8.97307
9.09463 -9.21678 -8.88276
8.99185 -9.0944 -8.62887
9.08022 -9.27731 -8.33938
8.98942 -9.42402 -9.09506
8.84984 -8.98865 -9.24306
8.67926 -8.82681 -9.14781
8.80735 -9.07544 -9.18955
9.09102 -8.93642 -9.11171
9.19694 -9.03191 -8.98973
8.41725 -8.7924 -9.37016
8.82306 -9.28566 -8.8492
8.89417 -8.90044 -9.27353
9.07463 -9.18448 -8.78376
8.72402 -8.84615 -9.20168
8.72029 -8.95618 -8.82366
8.74872 -9.2063 -8.9516
8.49355 -9.22343 -8.80935
8.42284 -9.0003 -8.83457
8.95832 -8.96001 -8.73401
8.9025 -8.64242 -8.50705
8.3749 -8.96419 -8.81035
8.75455 -8.82904 -9.22729
8.82979 -8.82157 -9.21032
8.47524 -9.06561 -8.66189
8.41822 -8.82238 -8.97758
