1200 100
7.34522 -3.26749
9.69652 -7.02122
9.85021 -8.46869
9.36579 -9.15411
9.45107 -9.60306
9.2006 -9.51305
9.77844 -9.58494
9.69779 -9.45862
9.31384 -9.34859
9.7862 -9.48769
9.83803 -9.50327
10.028 -9.58952
9.69728 -9.83975
9.53658 -9.81154
9.93076 -9.53609
9.01734 -9.7051
9.49855 -9.45012
9.91781 -9.79059
9.38508 -9.81032
9.87677 -9.76365
9.81904 -9.4917
9.61659 -9.63062
9.02719 -9.47136
9.56441 -9.49027
9.706 -9.68527
9.82524 -9.55757
9.67519 -9.71204
9.69756 -9.81829
9.54689 -9.52571
9.87169 -9.90957
9.96048 -9.69498
9.66444 -10.1203
9.39258 -9.69147
9.58444 -9.87753
9.98738 -9.82139
9.89721 -9.62213
9.56184 -9.24853
9.72466 -9.56044
9.87901 -9.61063
9.80754 -9.51055
9.70515 -9.75502
9.26722 -9.67129
9.43372 -9.54327
9.76621 -9.66203
9.55447 -9.16032
9.28955 -9.5615
9.62149 -9.71343
9.4916 -9.43477
9.791 -9.51128
9.83989 -9.99059
9.38809 -9.77678
9.75597 -10.0181
9.76971 -9.75262
9.8047 -10.1464
9.38292 -9.8233
9.75569 -9.87241
10.1089 -9.8263
9.68823 -9.95462
9.3835 -9.77367
9.33932 -9.57066
9.8593 -9.89234
9.80334 -9.82545
9.62042 -9.37403
9.7211 -9.67644
10.0537 -9.8155
9.74868 -9.73616
9.93811 -9.65723
9.87192 -9.52377
9.66164 -9.67556
9.75925 -9.64381
10.0155 -9.14299
9.60354 -9.31684
9.38662 -9.18138
9.48482 -9.58812
9.58795 -9.33161
9.41657 -9.73418
9.69516 -9.39855
9.70801 -9.57526
9.38146 -9.39668
9.3407 -9.63007
9.4007 -9.38926
9.81894 -9.83659
9.68565 -9.71476
10.0724 -10.1963
10.0215 -9.86881
9.10374 -9.62597
9.80155 -9.87259
9.57883 -9.54613
9.85669 -9.73741
10.0161 -9.65921
9.84246 -9.25783
9.65182 -9.46125
9.9233 -9.70345
9.0836 -9.82638
9.65866 -9.25651
9.85009 -10.0273
9.5332 -9.7985
8.93722 -9.87044
9.49263 -9.62598
9.54012 -10.1234
9.53868 -10.0234
9.79187 -10.3436
9.615 -9.62076
9.49103 -10.0599
9.54278 -10.1691
10.0774 -9.18511
9.91025 -9.55241
9.93262 -9.92421
9.7349 -10.2315
9.55994 -9.7002
9.72725 -9.48796
9.63448 -9.61448
10.1177 -9.43584
9.43076 -9.28935
9.80209 -9.66735
9.38052 -9.76072
9.56516 -9.51267
9.36011 -9.73618
10.1814 -9.82029
9.7547 -9.72284
9.4084 -9.81774
10.4051 -9.73638
9.58203 -9.89854
9.86129 -9.80192
9.74174 -9.90804
9.57119 -9.54295
9.31811 -9.2977
10.0529 -9.47112
9.59484 -10.1262
9.8892 -9.39587
9.87434 -9.19355
9.93052 -9.20013
9.49771 -9.22483
9.18269 -9.28775
9.98118 -9.55505
9.5881 -9.36849
9.773 -9.40975
9.78092 -9.29357
9.63055 -9.28449
9.56601 -9.74034
10.116 -9.68061
9.93903 -9.45058
9.81243 -9.97694
9.5969 -9.9681
9.6654 -9.70415
9.50446 -9.45173
9.75155 -10.179
9.78233 -9.6915
9.32263 -10.0884
10.5089 -9.96308
9.7813 -9.6055
9.76772 -9.61851
9.89744 -9.76132
10.0899 -9.58219
10.1963 -9.73008
9.54654 -9.66802
9.59137 -9.68774
9.99501 -9.67454
10.1867 -9.64382
9.64185 -9.66527
9.23626 -9.82197
9.47981 -9.88205
9.37523 -9.61375
9.79673 -9.73731
10.0338 -9.46703
9.76338 -10.0615
9.44108 -9.7407
9.8828 -10.0713
9.86223 -9.68506
9.64619 -10.1816
9.70394 -10.1592
10.0945 -9.91052
9.59273 -9.58387
9.74251 -9.54766
9.77819 -9.66499
9.85261 -9.52391
9.736 -10.1548
9.65415 -10.2957
9.64958 -9.85884
9.62702 -9.97088
9.33135 -9.8081
9.56212 -9.29931
9.91347 -9.18523
9.58317 -9.32441
9.85081 -9.54576
9.64963 -9.86664
10.141 -9.92102
10.2296 -9.37077
9.95216 -9.487
10.0554 -9.80714
9.66865 -9.63606
9.73755 -9.8897
9.85081 -9.90631
10.2487 -9.72787
9.55368 -9.45754
10.0499 -9.62637
9.68417 -9.6832
9.55514 -9.56302
9.60994 -9.76268
9.721 -9.93531
9.49501 -9.64917
10.0343 -9.37013
9.5769 -10.1203
9.85787 -9.90932
9.45858 -9.69912
9.77156 -9.45877
10.0128 -9.57315
10.0263 -9.14619
10.0192 -9.74587
9.7432 -9.6079
9.71175 -9.50621
10.1316 -10.0468
10.0031 -9.83255
10.1125 -9.59765
9.37532 -9.88804
9.57656 -9.37936
9.76816 -10.1058
10.086 -9.70062
9.46124 -9.48611
9.65501 -9.75826
9.75556 -9.74566
9.51904 -9.66541
9.92716 -9.65423
9.82958 -9.79331
9.68834 -9.42926
9.55141 -9.87709
10.2406 -9.59771
9.85935 -9.89509
10.0034 -10.1158
9.68434 -9.74541
9.93413 -9.50766
9.59319 -9.88756
9.38581 -9.68564
9.97919 -9.58882
9.67288 -9.50294
9.41185 -9.92318
10.1406 -9.63569
9.49416 -9.41854
9.38227 -9.50041
9.51219 -9.50926
9.57923 -9.74012
9.74377 -9.73472
9.76615 -9.61375
9.09116 -9.64893
9.72813 -9.71815
9.39944 -9.50261
9.71838 -9.51267
10.0966 -9.4653
9.60485 -9.32693
9.91997 -9.80301
9.76731 -9.04086
9.78563 -9.34389
10.0965 -9.20131
9.87243 -9.56922
9.69451 -9.64392
9.84087 -9.4302
9.91389 -9.37072
9.67791 -9.64852
9.90091 -10.0307
9.95983 -9.94643
10.0075 -9.44226
9.75427 -10.0234
9.38974 -9.66104
9.68801 -9.91717
9.95443 -9.73678
9.4064 -9.72525
9.74467 -9.84953
9.67785 -9.64588
9.86578 -10.1448
9.63172 -9.73219
9.73843 -9.1405
9.6135 -9.75229
9.42387 -9.57536
9.63052 -9.62093
9.93005 -9.84661
9.57721 -9.7733
9.82527 -9.65735
9.74858 -9.9263
9.48905 -9.73927
9.89051 -9.82201
10.106 -10.0741
9.94252 -9.73686
10.0355 -9.71529
9.40611 -9.60766
9.77271 -9.50213
9.61705 -9.76863
9.98959 -9.90288
9.8438 -9.50792
10.0367 -9.79604
9.62962 -9.45352
9.70802 -9.54012
9.65309 -9.63178
9.94627 -9.70118
9.6942 -9.7113
9.42644 -9.6579
9.76664 -9.8212
9.46978 -9.66904
9.56029 -9.8402
10.1249 -9.7261
10.1759 -9.57908
10.0316 -10.2136
10.1584 -9.85669
9.47104 -9.77421
9.90533 -9.85042
9.27669 -10.0232
9.15833 -9.95088
9.46376 -9.77694
9.37614 -10.0931
9.76783 -10.1258
9.60656 -9.68479
9.67916 -9.30117
9.4577 -9.98503
9.33778 -9.29968
9.82264 -9.83162
9.80447 -10.0298
10.1322 -9.85199
9.6574 -9.64592
9.69998 -9.95909
9.87138 -10.0563
10.1934 -9.63745
9.81948 -9.73607
9.8412 -9.36437
9.89786 -9.73051
9.84415 -9.86223
9.56093 -9.78108
9.69774 -9.95485
9.66385 -10.0259
10.0971 -9.84751
9.7256 -9.57018
9.65449 -9.5588
9.92744 -9.31003
9.55436 -9.48287
9.65004 -9.6934
9.60951 -10.0612
10.1224 -9.59026
9.95209 -9.52005
10.0575 -9.75616
10.1036 -9.51619
9.6029 -9.80374
9.87724 -9.92567
10.0843 -9.99958
9.65564 -10.5322
9.12961 -10.3525
9.67881 -9.91347
9.46773 -10.1553
9.61759 -9.93612
10.0159 -9.63359
9.83214 -10.1036
9.69909 -9.79842
9.90063 -9.55552
9.79661 -9.78975
9.54652 -9.45891
9.63452 -9.7698
9.82736 -9.41343
9.48087 -9.53931
9.87215 -9.38235
9.88028 -9.46859
10.3116 -9.21334
9.90345 -9.40467
9.44997 -9.20471
9.67982 -9.44592
9.6161 -9.71201
8.87007 -9.8862
10.21 -9.57015
9.87938 -9.72406
9.56218 -9.5642
9.35713 -9.54799
9.84422 -9.93819
9.96406 -9.86476
10.0897 -9.99218
10.289 -9.75584
9.76414 -9.49424
10.0384 -8.76148
10.1811 -9.13608
9.44965 -9.79384
9.79181 -9.60303
10.3978 -9.49026
9.6041 -9.68506
9.78848 -9.73994
9.92911 -10.0723
9.98393 -9.78071
9.80538 -10.0015
9.87723 -9.97243
10.1068 -9.74646
9.8634 -9.80945
10.194 -9.69284
9.36912 -9.75554
9.67653 -10.2276
10.003 -9.91871
10.0263 -10.2634
10.223 -10.0453
10.0933 -9.91131
10.2162 -9.56227
10.11 -9.90421
10.1449 -9.08629
9.40703 -9.35318
9.88273 -9.65941
10.057 -9.48495
9.31906 -9.74486
9.94036 -9.37144
9.8861 -9.76069
9.78673 -9.96499
9.78938 -9.41767
9.81899 -9.20139
9.66605 -10.0113
10.4442 -9.83913
9.63153 -9.60827
9.67157 -9.70377
9.8426 -9.89932
9.65634 -9.89432
9.09903 -9.85179
9.60705 -9.76343
10.0319 -9.81161
9.79364 -9.56117
9.51059 -9.72039
10.0107 -9.85654
9.69243 -9.81044
9.86381 -9.51047
9.85368 -9.31146
9.49892 -9.82655
9.96271 -9.85225
9.23827 -9.91667
9.53703 -9.55117
9.48081 -9.28874
9.58657 -9.83558
9.58814 -9.48292
10.2326 -9.86576
9.57948 -9.99607
9.26143 -9.89885
9.62427 -9.52691
9.66945 -10.0404
9.58201 -10.0322
9.60104 -9.46639
9.65952 -9.35791
9.90841 -9.73976
9.93375 -9.7242
9.62161 -9.63548
9.56473 -9.84909
9.81916 -9.63505
9.92284 -9.67264
10.2344 -9.5938
9.87156 -9.60752
9.5937 -9.84621
9.97063 -10.0737
9.63253 -10.1197
9.9307 -9.37531
9.967 -9.7007
10.2886 -10.0905
9.47859 -9.96828
9.65936 -9.58593
9.88225 -9.87045
9.57944 -9.8369
9.55244 -9.95597
9.61362 -9.70791
9.81716 -9.69058
9.83454 -9.76373
9.93858 -9.33281
9.41528 -9.9543
9.87446 -10.3165
9.49163 -9.66474
9.84871 -9.78585
9.46299 -9.34398
9.99119 -9.46399
9.98121 -10.2605
9.9568 -9.50719
9.33998 -9.48006
9.71088 -9.48154
9.13892 -9.45408
9.4601 -10.1755
9.81485 -9.61925
9.45841 -9.55964
9.36942 -9.74816
9.78887 -9.54536
9.86234 -9.74353
9.77102 -9.71679
9.54064 -9.87785
9.45763 -9.43889
10.0176 -9.37961
9.7574 -9.2335
9.68925 -9.47756
9.90107 -9.76429
10.3579 -9.91236
9.50055 -10.0977
9.82476 -10.1623
9.46185 -9.8026
9.97856 -10.0928
10.1182 -9.35447
9.53511 -9.93282
9.70926 -10.1711
9.66429 -9.66751
9.43325 -9.32374
8.999 -9.99606
9.65917 -9.85639
10.0268 -9.72788
9.56459 -9.64998
9.81811 -9.76164
9.93121 -9.71968
9.96894 -9.82228
10.196 -9.30551
9.89244 -9.65336
9.90397 -9.42361
9.96291 -9.50715
9.96751 -9.91053
9.73017 -10.0222
9.69654 -9.82029
10.0577 -9.73077
9.9547 -9.57634
10.0342 -10.0937
9.72161 -9.43154
9.60741 -10.0581
10.2264 -9.03142
9.86396 -9.05274
9.17627 -9.62739
9.29457 -9.43042
9.93821 -9.48709
9.95109 -9.60302
9.67948 -10.0514
9.54953 -9.548
9.51383 -9.48852
9.72857 -9.97392
9.83939 -9.85519
9.94766 -10.2284
9.77617 -9.77124
9.58438 -9.60792
9.42442 -9.39706
9.48322 -9.64054
9.6114 -9.12599
10.1565 -9.71965
10.0242 -10.1023
9.27865 -10.238
9.83693 -9.6446
10.0562 -9.73396
9.06995 -9.55588
9.79161 -9.85809
9.59859 -9.8218
10.0296 -9.50591
10.1614 -9.28038
10.179 -9.72101
9.81086 -9.6003
9.69522 -9.81259
9.80195 -9.76429
10.1039 -9.87272
9.58108 -10.2015
9.88191 -9.81787
9.79546 -9.01564
9.64846 -9.45026
9.61668 -9.67207
9.57872 -9.54531
9.76748 -9.45179
10.3997 -9.82326
9.3181 -10.1358
9.90186 -10.1632
10.0964 -9.82086
10.1245 -10.0257
9.90931 -9.9502
9.82951 -9.85747
9.9855 -9.92137
9.98554 -9.86288
9.9113 -9.66982
10.1528 -9.80666
9.72612 -9.89683
10.0568 -9.57508
9.70703 -9.54562
10.2292 -10.1026
9.84637 -9.4674
10.4366 -9.49443
10.352 -9.37639
9.70517 -9.62073
9.81304 -9.14045
9.60955 -9.5943
9.81648 -9.34382
9.95046 -9.69987
10.0942 -10.036
9.59411 -9.39617
9.37972 -9.48812
9.77832 -9.42804
9.87212 -9.78205
10.0469 -10.0509
9.76264 -9.13509
10.2504 -9.24332
9.80024 -9.64722
10.1633 -9.80703
9.93941 -9.83788
9.95311 -9.8037
9.5599 -9.37306
9.88856 -9.65707
9.81334 -9.78809
9.78603 -9.69455
9.85698 -9.78729
9.83465 -9.45105
10.3202 -9.96595
9.98302 -9.50383
10.1637 -9.63644
9.38982 -9.30929
9.26459 -9.29049
10.1209 -9.79372
9.86036 -9.97459
9.42983 -9.88903
9.77057 -9.75044
9.58376 -10.0373
9.36237 -10.0523
9.72693 -10.4537
9.44643 -9.81651
10.0352 -9.64685
9.59138 -9.4689
9.78678 -9.82152
9.86828 -9.8002
10.1248 -9.72711
10.0258 -9.48577
9.86899 -9.38636
9.57389 -9.40092
9.78143 -10.1075
10.0021 -9.73642
9.67977 -9.5623
9.86053 -9.82049
10.092 -9.46027
10.0516 -9.93227
9.6345 -9.81631
9.73434 -9.74027
9.81269 -9.68384
9.54139 -8.96749
9.93802 -9.28126
9.60129 -9.44923
9.99133 -9.79253
9.90454 -9.5987
9.61255 -9.29178
9.41279 -9.44977
9.48632 -10.2459
10.0041 -9.81135
10.2555 -9.83715
9.90901 -10.1053
9.35096 -9.71976
9.75444 -9.76604
9.33685 -9.98305
9.93219 -9.36151
9.52714 -9.28044
9.70538 -9.64375
9.6035 -10.0228
9.61934 -9.73119
9.85894 -9.85483
10.2558 -9.71992
9.52707 -10.2571
9.8552 -9.58774
10.122 -10.004
9.76289 -9.82871
9.54451 -9.28086
9.42335 -9.64679
10.0591 -9.84594
9.77072 -10.1005
9.61836 -9.78128
9.36903 -9.89171
9.88 -10.1409
9.56694 -9.89801
9.72195 -10.1437
9.67214 -9.8596
9.95293 -9.99199
9.74071 -9.75409
10.0251 -9.57516
9.32452 -9.40279
10.0933 -10.0527
9.84954 -9.75565
9.90432 -9.78625
9.83736 -9.40916
9.45941 -9.70571
9.32969 -9.6909
9.91516 -9.72125
9.51899 -9.73768
9.91955 -9.6642
10.0113 -9.74383
9.79686 -10.1583
10.0497 -10.2623
9.51445 -10.1341
9.34104 -9.65073
9.54004 -9.85612
9.44965 -9.95483
10.303 -9.53403
10.0019 -9.40883
9.67865 -9.91257
9.63135 -9.90474
9.54714 -9.35819
10.2105 -9.63552
9.87688 -9.6331
10.2186 -10.0277
9.746 -9.62323
9.80169 -9.84001
9.89436 -9.5187
10.291 -9.56556
9.52798 -9.52861
9.93672 -9.54406
9.55718 -9.69517
9.6417 -9.21049
9.87982 -9.69332
9.69532 -9.6756
9.55381 -9.65486
9.68485 -9.9332
10.2325 -9.35444
10.0956 -9.70657
9.58801 -9.73862
10.0064 -9.79289
9.67985 -9.81517
9.82975 -9.94006
9.98114 -9.85851
9.97915 -9.99133
9.7889 -9.77657
9.53982 -9.93764
9.96204 -9.6637
9.32865 -9.71963
10.1059 -9.36665
9.96806 -9.90419
9.73628 -9.73491
10.0853 -9.92876
9.94745 -9.68046
9.27316 -9.69051
9.48298 -9.23133
9.89235 -9.71413
9.71748 -9.68688
9.70123 -9.80594
9.44207 -9.65095
9.69266 -9.26487
10.0491 -9.99027
10.0262 -9.63585
9.8261 -9.61584
9.60236 -9.23125
9.56948 -9.7439
10.1143 -9.67086
9.83007 -9.57443
9.53627 -9.46169
9.7533 -9.42854
9.46561 -9.73037
9.70453 -9.46257
10.1755 -9.82729
9.45714 -9.50503
9.50024 -9.62437
9.85759 -10.0488
9.95237 -9.75176
9.88142 -9.92841
10.0756 -9.79553
10.1396 -9.53639
9.54355 -9.74805
10.1565 -9.60791
9.47576 -9.71252
9.65849 -9.87719
9.87511 -10.0941
9.95948 -9.41016
10.2437 -9.52945
9.45917 -9.66484
9.6853 -9.74226
9.90037 -9.73001
9.56473 -9.55051
9.49799 -9.78067
9.93138 -9.96855
9.80435 -9.53202
9.81532 -9.21491
9.41794 -9.82222
9.69549 -9.41116
9.86439 -9.47037
9.4804 -9.4401
9.79045 -9.26209
9.633 -9.75432
10.0036 -10.2943
9.68217 -9.51058
9.19877 -10.1187
9.5694 -9.76201
9.91312 -9.20743
9.42313 -9.9156
9.5025 -9.56175
9.36168 -9.71637
9.93016 -9.46049
9.60235 -9.87592
9.83287 -9.82368
9.64695 -9.83872
9.61637 -9.78911
9.79899 -9.45126
9.70305 -9.50048
9.61035 -9.92016
9.63183 -9.38373
9.68653 -9.78929
9.68572 -9.63405
9.94201 -9.61748
9.83018 -9.48598
9.60374 -9.43188
9.1577 -9.35163
9.8487 -9.66662
9.68271 -10.3202
9.61934 -10.0008
9.57009 -9.86488
9.72067 -10.0611
9.49857 -10.0125
9.66581 -9.6869
9.83151 -9.66339
10.158 -9.90828
10.0237 -9.8323
10.0183 -10.0062
9.40931 -9.73581
10.2713 -9.62118
9.73187 -9.80239
9.71612 -10.0374
9.70145 -9.85991
9.49726 -9.55445
9.748 -9.81121
9.70556 -10.0507
9.38224 -9.68005
9.30358 -9.47865
9.89792 -9.79335
9.47288 -9.45602
9.55056 -9.59912
10.0801 -9.68302
9.57803 -9.7679
9.51732 -9.60555
9.96399 -9.74007
9.62167 -9.88055
9.76301 -10.0539
9.52083 -9.66003
9.74684 -10.1559
9.86456 -9.5213
9.68975 -9.51066
10.0679 -9.68727
9.79941 -9.52511
9.35835 -9.71584
9.59107 -9.69002
10.0464 -9.77149
9.77792 -9.95237
9.72124 -9.86881
9.79269 -9.93304
9.77744 -10.0342
10.1684 -9.6059
10.066 -9.68364
9.57783 -9.79285
9.62496 -9.99345
9.93681 -10.1108
9.59934 -10.0635
9.69533 -9.69968
9.49918 -9.67322
9.7237 -9.96038
9.7446 -9.60304
9.26001 -9.75761
9.54569 -9.78278
9.37279 -10.1152
9.52791 -9.53398
10.0479 -9.4832
9.93592 -9.73131
10.1531 -9.70286
10.0192 -10.0967
9.55825 -9.62065
10.3689 -10.0636
9.65484 -9.73378
9.49603 -9.72946
9.87947 -9.61711
9.99162 -9.7989
9.76019 -9.42569
9.96582 -10.0959
9.96361 -9.85311
9.9492 -9.66265
9.85132 -9.51899
9.56 -9.32315
9.8846 -10.0592
9.76204 -9.89405
9.69496 -9.51655
10.1547 -10.222
9.96389 -9.3963
9.32254 -9.45705
9.82904 -9.5983
9.58283 -9.50786
9.74365 -9.64647
10.2349 -9.81267
10.2172 -9.74379
9.76452 -10.0785
9.75251 -9.40624
9.60597 -9.13237
10.2237 -9.41551
9.97639 -9.69117
10.0065 -10.1429
10.2223 -9.74951
10.1069 -9.59532
9.43516 -9.84954
9.94374 -9.45962
9.43185 -9.51918
9.6103 -9.66522
9.562 -9.36882
9.64968 -9.61837
9.85401 -9.78788
9.90448 -9.60061
10.0937 -9.61578
9.88958 -9.85552
9.97063 -9.9024
9.50028 -9.73746
9.4607 -9.2102
9.90979 -9.7894
9.97439 -10.0056
9.90019 -10.0911
9.73906 -9.97297
10.168 -9.87629
9.33875 -9.60666
9.74353 -9.58741
9.61848 -9.67737
10.2863 -9.64361
9.61849 -9.56732
9.72344 -9.96826
9.84508 -10.2695
10.2023 -10.1134
9.97942 -9.87224
9.6508 -9.36105
9.81235 -9.62766
9.70329 -10.0347
9.69873 -10.2789
9.35373 -9.97099
9.667 -9.91774
10.3514 -9.47907
9.54751 -9.85096
10.1478 -9.68169
9.41507 -9.83446
9.27877 -10.0881
9.69365 -9.86997
10.02 -9.84986
9.99046 -10.0847
10.2711 -9.95497
9.80071 -9.57528
9.71775 -9.79649
9.71641 -9.71842
9.64407 -9.52044
9.94604 -9.37692
9.92668 -10.2143
9.95203 -9.97304
9.80726 -9.99074
9.41054 -9.68915
9.64516 -10.3126
9.82696 -9.62245
9.63182 -9.80781
10.1687 -9.35599
9.88212 -9.42685
10.1295 -9.58406
9.86907 -9.49768
10.0313 -9.68158
9.72223 -10.1041
9.67751 -9.74729
10.2024 -10.1731
9.7265 -9.44918
9.89233 -9.71394
9.35795 -9.87929
9.43052 -10.3412
9.89876 -9.96218
10.5556 -9.80533
9.98581 -9.84971
9.89327 -10.1424
9.89533 -10.0736
9.54995 -9.99239
10.1046 -10.0215
10.1783 -9.73568
9.85567 -10.2479
10.0042 -10.2474
9.92318 -9.87203
9.85075 -9.77076
10.306 -9.66506
9.66807 -9.8447
9.5279 -10.122
9.68926 -9.94367
9.75026 -9.37409
10.0152 -9.42042
9.76169 -9.834
9.9999 -9.56972
9.91995 -9.66483
9.73397 -9.45548
9.54816 -9.95002
9.71367 -9.51642
9.57196 -9.95591
9.42065 -9.89923
9.57215 -10.1181
9.54629 -9.76047
9.98855 -9.32386
9.6874 -9.47863
9.54593 -9.91117
10.0525 -9.91163
9.62701 -9.17764
10.1088 -9.60289
9.71212 -9.84047
9.70837 -9.55209
9.52981 -10.0211
9.51611 -9.79505
10.2166 -9.92144
9.73201 -10.0831
10.236 -9.95391
9.76675 -9.58044
9.66576 -9.81082
9.53473 -9.72789
9.63979 -10.0055
9.8239 -10.3114
9.81251 -9.81305
9.56146 -10.0353
9.85673 -9.65843
10.0847 -9.67489
9.81221 -9.97769
9.73431 -9.76688
9.96441 -10.0642
9.44014 -9.88425
9.87275 -9.64472
9.31474 -9.92224
9.48124 -9.80384
9.32067 -9.79508
9.51518 -9.6981
9.91221 -9.71906
9.74972 -10.3921
9.99293 -9.17331
10.1563 -9.77971
9.81149 -9.90402
9.39928 -9.80618
9.83291 -10.1367
10.5992 -9.75006
9.82052 -9.523
9.42812 -9.62445
9.47212 -9.59251
10.0008 -9.80864
10.1019 -9.53805
9.65784 -9.65716
9.8552 -9.977
9.886 -10.2774
9.77766 -10.1344
9.66977 -9.82086
9.50778 -9.52776
9.60003 -9.67797
9.74962 -9.86538
9.94597 -9.88693
9.95292 -9.77827
9.64118 -9.75461
9.49534 -9.45278
9.11727 -9.99384
9.77221 -9.49703
9.84346 -9.88927
9.56201 -10.0135
9.6171 -9.45827
9.40048 -9.63741
9.60499 -9.69414
9.63044 -9.72546
9.83792 -9.89058
9.4469 -9.69515
9.4808 -9.38263
9.48547 -9.87072
9.83333 -10.0916
9.54688 -10.458
9.81256 -9.8678
9.68429 -10.2867
9.60822 -9.98793
10.1776 -10.2198
10.0603 -9.9662
10.035 -9.94146
10.0307 -9.57496
9.72608 -9.95177
9.5546 -9.57414
9.49258 -9.76245
9.54922 -9.82835
6.06526 -14.1396
9.40885 -10.8136
9.86324 -9.82775
9.18507 -10.1157
9.51757 -10.1663
9.7611 -9.85595
9.7442 -9.97712
9.82088 -9.51766
9.89422 -9.32717
9.95061 -9.98291
10.1405 -9.88926
9.83681 -9.27456
9.56567 -9.58687
9.81602 -9.55433
9.428 -9.84548
9.97051 -9.88223
9.76869 -10.1788
9.95264 -9.89759
10.0373 -9.29032
9.74838 -10.0309
10.09 -9.60198
9.46611 -8.85663
9.84135 -9.64209
9.64672 -9.98671
10.0088 -9.82688
9.75668 -9.91596
9.94079 -9.36378
9.66999 -9.71686
9.44287 -9.64463
9.56203 -9.49184
9.51169 -9.83854
9.5397 -9.94868
10.0056 -10.005
9.77224 -9.97217
9.34063 -9.95156
9.8335 -10.3946
9.45552 -9.99909
9.95633 -9.54701
10.0273 -9.56905
9.88078 -9.56117
9.94723 -9.46811
9.94193 -9.69736
9.75744 -9.58809
9.9504 -9.71856
10.1724 -9.83453
9.37577 -10.0195
9.49704 -9.9022
9.78647 -10.0093
10.013 -10.3483
9.86379 -9.90535
9.82276 -9.61015
9.93067 -9.72515
9.85117 -9.93374
10.0074 -10.1367
10.0242 -9.95695
9.80524 -9.76945
9.53119 -9.53931
9.64048 -9.57258
9.7491 -9.88293
9.80712 -9.83186
9.26202 -9.80192
10.4329 -10.0513
9.90292 -9.929
9.43642 -10.0365
10.1249 -9.93985
9.93339 -9.72137
9.54212 -10.0981
10.1141 -9.98021
10.0397 -9.52236
9.79579 -9.87509
9.83774 -9.85098
9.75216 -9.20518
10.1683 -9.72542
9.87039 -9.56656
9.63503 -9.62876
9.6017 -9.61302
9.50173 -9.94884
10.2497 -10.0245
9.74136 -9.7235
9.82909 -9.94717
9.91393 -9.94238
9.91295 -10.244
9.09041 -9.80111
9.89324 -9.80108
9.4883 -9.74024
9.98301 -9.68145
9.52149 -9.70171
9.69631 -9.3877
10.0104 -9.36222
9.57388 -9.5635
9.81275 -9.38813
9.82689 -9.60715
9.90979 -9.70908
9.74895 -9.69257
9.25518 -9.74364
10.0683 -9.75017
9.80277 -9.61359
10.0976 -10.0038
9.79278 -9.98114
9.72486 -9.97327
9.54381 -9.6467
9.8939 -9.847
10.201 -9.67411
9.44698 -9.73796
9.80866 -9.58434
9.84342 -10.0896
9.5036 -9.52442
9.58148 -9.71901
9.98723 -9.53266
10.0125 -9.59769
9.66737 -9.81775
9.56618 -9.46397
9.95443 -9.87947
9.99953 -9.84641
9.3412 -9.77457
9.81093 -9.5554
9.8155 -9.86842
10.0423 -9.66259
9.82211 -9.64319
10.43 -9.23023
9.8104 -9.79536
9.56361 -9.54665
9.56283 -9.65893
10.0845 -9.71563
9.83023 -9.98035
10.017 -9.58773
9.70519 -9.10609
9.93817 -9.78818
10.1065 -10.2074
10.0417 -9.68172
9.60537 -9.98859
9.98445 -9.93341
9.5656 -9.50411
10.102 -9.55462
10.5797 -9.87009
10.0356 -9.90927
9.83566 -9.66028
10.0963 -9.83782
9.86001 -10.0017
9.9256 -9.97449
9.58817 -9.80854
9.47187 -10.2279
9.6425 -9.72184
9.70417 -9.71892
9.60423 -9.94131
9.97935 -9.71756
9.76458 -9.64517
9.78933 -9.74222
9.79674 -9.47234
8.60715 -9.46048
9.96617 -9.23616
