1200 100
0.638 0.657614
0.833 0.799911
0.841 0.794514
0.93 0.928028
0.883 0.878189
0.991 0.989909
1.032 1.08206
1.018 1.03071
1.036 1.10181
1.031 1.04108
1.011 0.953833
1.085 1.0288
1.046 1.12501
1.114 1.05406
1.148 1.0992
1.079 1.11788
1.084 0.997942
1.11 1.07297
1.077 0.996067
1.147 1.12452
1.175 1.11549
1.172 1.07749
1.152 1.08999
1.15 1.04855
1.245 1.1261
1.221 1.16532
1.211 1.09157
1.208 1.22396
1.222 1.22995
1.24 1.20761
1.266 1.21846
1.205 1.07805
1.271 1.20677
1.257 1.27623
1.276 1.19302
1.23 1.16026
1.246 1.17666
1.293 1.25441
1.347 1.35194
1.29 1.26917
1.31 1.31722
1.307 1.23599
1.35 1.28879
1.379 1.27664
1.336 1.33244
1.353 1.38978
1.348 1.37027
1.342 1.28632
1.382 1.27936
1.33 1.28839
1.338 1.31107
1.359 1.36148
1.354 1.27996
1.325 1.31669
1.358 1.34518
1.401 1.52773
1.402 1.45986
1.405 1.41439
1.384 1.41996
1.454 1.39328
1.411 1.37145
1.493 1.37132
1.479 1.47503
1.513 1.51735
1.443 1.49224
1.521 1.58314
1.455 1.4214
1.554 1.51059
1.437 1.41745
1.44 1.46787
1.497 1.37136
1.525 1.41879
1.513 1.4733
1.514 1.43924
1.529 1.45461
1.567 1.53304
1.555 1.56254
1.572 1.56838
1.549 1.46306
1.559 1.47599
1.6 1.58759
1.56 1.55996
1.563 1.50554
1.577 1.51759
1.631 1.64048
1.628 1.56718
1.602 1.55115
1.617 1.55787
1.623 1.67855
1.596 1.58637
1.663 1.69913
1.624 1.72235
1.611 1.60929
1.618 1.69577
1.647 1.61801
1.599 1.66787
1.549 1.55315
1.59 1.55746
1.571 1.50046
1.593 1.52287
1.624 1.6783
1.609 1.73185
1.638 1.67063
1.587 1.72215
1.654 1.73001
1.619 1.75559
1.624 1.69632
1.643 1.63118
1.652 1.79869
1.621 1.71507
1.654 1.82411
1.612 1.65711
1.655 1.74972
1.652 1.76266
1.582 1.56684
1.646 1.8185
1.68 1.64525
1.678 1.65998
1.692 1.61075
1.666 1.61005
1.641 1.53966
1.673 1.61969
1.634 1.62767
1.682 1.80868
1.717 1.70061
1.697 1.74494
1.605 1.63461
1.664 1.75486
1.654 1.65394
1.642 1.59343
1.646 1.67236
1.669 1.76921
1.673 1.68375
1.712 1.73479
1.657 1.64299
1.722 1.85257
1.681 1.70294
1.74 1.83423
1.78 1.81942
1.728 1.77179
1.697 1.75294
1.706 1.57714
1.717 1.71262
1.7 1.71772
1.711 1.71119
1.723 1.70598
1.796 1.83622
1.734 1.68893
1.76 1.77618
1.685 1.65743
1.711 1.86935
1.746 1.77726
1.774 1.6746
1.785 1.84062
1.735 1.89067
1.814 1.94335
1.769 1.82747
1.762 1.81918
1.832 2.03581
1.764 1.85015
1.72 1.81942
1.818 1.88276
1.829 1.8396
1.833 1.885
1.828 1.93035
1.743 1.81877
1.816 1.89204
1.823 1.88155
1.824 1.7808
1.84 1.88428
1.856 1.9312
1.845 1.84482
1.869 1.95179
1.834 1.94239
1.858 1.93177
1.794 1.84741
1.844 1.82349
1.87 1.98509
1.907 2.02237
1.927 1.83551
1.926 1.89842
1.835 1.88766
1.861 1.89157
1.852 1.82993
1.82 1.8955
1.846 1.9142
1.865 1.81659
1.878 1.91703
1.877 1.91579
1.899 1.98679
1.913 1.98141
1.908 1.98552
1.873 1.80668
1.934 2.03568
1.966 1.99083
1.931 1.86811
1.919 1.87231
1.921 1.9447
1.97 1.94505
1.934 2.0557
1.879 1.95431
1.916 1.94489
1.923 1.8249
2.006 2.07003
1.966 2.10094
1.979 2.12068
1.972 1.93315
1.934 2.08773
1.957 2.03519
1.897 1.99238
1.941 1.96749
1.991 2.00893
1.988 2.07593
1.981 2.10474
1.968 2.025
1.951 1.9045
1.962 1.92248
1.924 1.8741
1.977 2.04251
1.974 2.04537
1.982 1.97966
1.957 2.10526
2.026 2.09142
2.01 2.03594
1.962 2.01457
1.945 1.94992
1.927 1.90558
1.918 2.01329
1.99 2.09199
1.9 1.95596
1.936 1.95386
1.919 1.97642
1.965 1.95173
1.928 2.00682
1.984 1.99774
1.964 2.01872
2.019 2.04869
2.047 2.02281
2.026 1.93326
1.978 1.96148
2.006 2.01198
2.043 2.0452
2.091 2.15487
2.074 2.0766
2.014 2.02583
2.055 2.05003
2.083 2.00211
2.078 2.25417
2.088 2.11637
2.056 1.99486
2.126 2.21434
2.12 2.24384
2.065 1.88266
2.106 2.235
2.156 2.15782
2.154 2.16845
2.117 2.06337
2.113 2.10233
2.177 2.13981
2.124 2.0767
2.111 2.0207
2.124 2.13476
2.12 1.96557
2.195 2.06104
2.092 1.99954
2.126 2.01814
2.184 2.0542
2.167 2.16327
2.132 2.09067
2.167 2.06117
2.068 1.96935
2.109 2.02514
2.119 2.161
2.073 2.12179
2.051 2.0044
2.012 2.03589
2.084 2.10505
2.06 2.15055
2.11 2.16607
2.127 1.99487
2.134 2.17021
2.112 2.16162
2.089 2.16524
2.122 2.1813
2.079 1.99075
2.088 2.13039
2.078 2.08
2.134 1.99404
2.188 2.22288
2.184 2.17031
2.154 2.00028
2.135 2.06084
2.174 2.10783
2.17 2.02913
2.219 2.11115
2.17 2.22733
2.137 1.9702
2.17 2.22332
2.136 2.17368
2.124 2.16679
2.091 2.16088
2.079 2.08284
2.049 2.14474
2.132 2.09267
2.131 2.17802
2.107 2.16572
2.109 2.14126
2.161 2.18326
2.059 2.10162
2.1 2.06206
2.141 2.0852
2.106 2.13089
2.094 2.09126
2.084 2.20315
2.139 2.19187
2.118 2.13021
2.123 2.07394
2.108 2.01035
2.141 2.10122
2.121 2.19455
2.079 2.13089
2.083 2.14826
2.094 2.25142
2.041 2.20152
2.113 2.41665
2.121 2.33069
2.084 2.33328
2.068 2.27966
2.032 2.18716
2.107 2.22578
2.096 2.27706
2.127 2.31318
2.174 2.31204
2.152 2.37727
2.123 2.44832
2.131 2.28212
2.098 2.39479
2.139 2.24993
2.073 2.12179
2.126 2.34647
2.186 2.26767
2.115 2.18796
2.133 2.20952
2.09 2.15005
2.092 2.15369
2.122 2.22935
2.134 2.2603
2.091 2.0808
2.072 2.0869
2.101 2.19299
2.109 2.1833
2.129 2.15852
2.098 2.2066
2.069 1.99824
2.098 1.96836
2.087 2.03547
2.05 2.19369
2.106 1.95872
2.075 2.07345
2.069 2.11836
2.059 2.09561
2.122 2.06518
2.047 1.93072
2.081 2.00044
2.083 2.07018
2.12 2.15175
2.111 2.09277
2.111 2.1228
2.096 2.18096
2.101 2.13293
2.095 2.06204
2.1 2.06206
2.059 2.05157
2.069 2.07231
2.161 2.05513
2.166 2.11856
2.139 2.1218
2.172 2.16258
2.198 2.21101
2.161 2.07716
2.173 2.2313
2.1 2.02603
2.136 2.02953
2.19 2.07998
2.178 2.15247
2.109 2.11924
2.169 2.11656
2.176 2.15718
2.177 2.39807
2.182 2.25513
2.176 2.14317
2.168 2.27205
2.199 2.24164
2.197 2.29649
2.241 2.20713
2.203 2.32412
2.254 2.28177
2.253 2.52151
2.259 2.40032
2.225 2.28266
2.233 2.35707
2.25 2.37387
2.213 2.2719
2.198 2.24104
2.19 2.23013
2.218 2.31479
2.235 2.34812
2.259 2.19812
2.244 2.32679
2.283 2.13705
2.32 2.28589
2.264 2.32263
2.229 2.20476
2.193 2.11987
2.234 2.33558
2.247 2.2102
2.268 2.39057
2.232 2.27645
2.21 2.31822
2.192 2.33147
2.207 2.35651
2.224 2.23005
2.216 2.22757
2.242 2.14358
2.245 2.21719
2.215 2.221
2.264 2.42072
2.27 2.21532
2.283 2.06297
2.282 2.26074
2.28 2.2999
2.235 2.19797
2.266 2.24549
2.264 2.12243
2.233 2.05276
2.293 2.13529
2.253 2.28327
2.258 2.31575
2.239 2.23812
2.354 2.27496
2.217 2.27419
2.328 2.42684
2.267 2.33204
2.295 2.35833
2.385 2.4232
2.382 2.21429
2.33 2.33744
2.348 2.24714
2.389 2.38406
2.364 2.37588
2.335 2.43121
2.353 2.58097
2.322 2.43675
2.353 2.45084
2.375 2.3287
2.386 2.30131
2.426 2.41093
2.385 2.3211
2.393 2.40295
2.427 2.54722
2.392 2.52886
2.475 2.53391
2.464 2.38909
2.438 2.41657
2.441 2.51103
2.458 2.52476
2.419 2.50194
2.428 2.53135
2.446 2.48557
2.448 2.64394
2.407 2.39575
2.386 2.43944
2.359 2.46058
2.34 2.41682
2.398 2.5081
2.388 2.542
2.457 2.52868
2.405 2.57355
2.337 2.51595
2.334 2.3548
2.386 2.48749
2.403 2.53112
2.401 2.44264
2.398 2.37397
2.392 2.45079
2.489 2.6165
2.426 2.60513
2.379 2.42378
2.375 2.49687
2.467 2.62954
2.39 2.38028
2.391 2.64076
2.421 2.52629
2.402 2.53093
2.475 2.47785
2.441 2.36689
2.435 2.43821
2.425 2.50888
2.421 2.37814
2.404 2.50129
2.431 2.44368
2.382 2.33041
2.472 2.3836
2.45 2.45395
2.448 2.56586
2.456 2.53059
2.469 2.5656
2.414 2.41102
2.445 2.55753
2.47 2.52763
2.487 2.51835
2.483 2.47218
2.476 2.45388
2.438 2.47463
2.496 2.53252
2.495 2.47645
2.475 2.37175
2.511 2.4223
2.523 2.42389
2.538 2.47904
2.527 2.46974
2.574 2.56909
2.545 2.57455
2.568 2.61399
2.606 2.68345
2.479 2.52408
2.573 2.49517
2.59 2.62853
2.589 2.55864
2.568 2.50989
2.563 2.38842
2.598 2.64304
2.529 2.41157
2.587 2.54698
2.555 2.41339
2.57 2.3995
2.545 2.55853
2.572 2.53135
2.551 2.47788
2.58 2.65425
2.56 2.48889
2.533 2.44936
2.538 2.6412
2.551 2.46987
2.595 2.43341
2.553 2.51771
2.499 2.53053
2.611 2.56424
2.599 2.57077
2.594 2.60577
2.616 2.66121
2.596 2.63742
2.571 2.62358
2.577 2.70077
2.593 2.60796
2.626 2.67079
2.585 2.57935
2.591 2.51824
2.567 2.53805
2.556 2.51138
2.593 2.77012
2.623 2.66954
2.596 2.58537
2.592 2.68222
2.579 2.57634
2.643 2.7443
2.634 2.63868
2.651 2.69189
2.628 2.64626
2.67 2.48158
2.625 2.55893
2.583 2.57368
2.639 2.56524
2.618 2.66674
2.617 2.70301
2.609 2.72885
2.666 2.70515
2.633 2.70301
2.678 2.90122
2.619 2.72857
2.666 2.8573
2.698 2.74354
2.688 2.68534
2.66 2.66907
2.656 2.64231
2.709 2.8792
2.673 2.87294
2.698 2.76356
2.647 2.58898
2.659 2.57329
2.656 2.68034
2.576 2.78901
2.663 2.85028
2.632 2.66124
2.589 2.57065
2.618 2.56664
2.677 2.66534
2.645 2.85783
2.688 2.68134
2.729 2.8404
2.707 2.75991
2.747 2.92792
2.64 2.78719
2.669 2.82827
2.717 2.81973
2.732 2.9271
2.728 2.80882
2.753 2.91491
2.784 3.02637
2.816 2.93908
2.793 2.81697
2.802 2.97978
2.765 2.87065
2.818 2.88977
2.822 2.74907
2.778 2.77149
2.805 2.79977
2.761 2.86675
2.798 2.99619
2.799 2.94955
2.789 2.94142
2.776 2.91674
2.804 2.93852
2.8 2.94895
2.784 2.9523
2.744 2.9374
2.733 3.06878
2.772 2.77279
2.716 2.97432
2.735 2.80158
2.777 2.78606
2.753 2.85284
2.752 2.82732
2.799 2.9055
2.794 2.8384
2.782 2.88136
2.789 2.9194
2.821 2.98795
2.811 3.06034
2.814 2.93033
2.792 3.02776
2.742 2.79623
2.808 3.14628
2.785 2.98176
2.777 2.99026
2.807 3.09084
2.77 2.86797
2.778 2.95767
2.738 2.83819
2.728 2.82684
2.739 2.85173
2.789 2.91139
2.769 2.9626
2.81 3.14705
2.766 2.95019
2.801 2.88028
2.755 2.87585
2.797 2.98077
2.775 2.95933
2.749 2.93293
2.782 3.00348
2.75 2.83834
2.825 2.9293
2.781 2.91796
2.806 2.98735
2.842 3.05209
2.767 2.94566
2.77 3.01411
2.796 2.99938
2.832 3.09087
2.834 3.16561
2.821 3.02999
2.799 2.87748
2.764 2.87918
2.753 3.01901
2.795 3.11609
2.75 2.95846
2.735 2.95573
2.787 2.92856
2.806 3.04541
2.8 3.10911
2.793 2.82297
2.799 2.96757
2.862 3.13609
2.74 2.95335
2.753 3.07507
2.794 2.81037
2.777 3.07635
2.762 2.96432
2.739 2.89377
2.819 2.89313
2.803 3.03122
2.832 3.17695
2.767 3.0858
2.784 2.9543
2.808 2.94408
2.787 2.91855
2.701 2.84444
2.795 3.06404
2.827 3.10418
2.826 2.95268
2.788 3.07413
2.781 2.92797
2.792 2.88562
2.885 3.18696
2.84 3.15556
2.871 2.98735
2.92 3.05866
2.879 3.09345
2.953 2.94974
2.908 2.98852
2.983 3.06978
2.906 3.12229
2.913 3.09052
2.895 3.07305
2.908 3.04458
2.883 3.00432
2.926 3.21574
2.914 3.11372
2.941 3.08661
2.92 3.17277
2.923 2.89196
2.938 3.04921
3.001 3.11411
2.977 3.16564
2.959 3.11443
2.985 3.17795
3.004 3.10509
3.007 3.06402
2.994 3.20917
2.956 3.0351
2.971 3.08324
2.91 3.12703
3.005 3.15813
2.939 2.92621
2.99 3.06496
2.996 3.16915
3.013 3.0659
3.002 3.07307
3.01 3.08699
3.023 3.11759
3.046 3.15304
3.082 3.2285
3.068 3.23061
3.034 3.19404
3.055 3.19517
3.011 3.09397
3.04 3.12352
3.035 3.09887
3.055 3.023
3.122 3.09821
3.065 3.20398
3.14 3.22763
3.059 3.15467
3.118 3.2233
3.142 3.29914
3.11 3.21712
3.106 3.47824
3.071 3.15511
3.086 3.30791
3.127 3.09797
3.129 3.20156
3.159 3.29101
3.112 3.03049
3.156 3.20086
3.14 3.14154
3.107 3.12468
3.106 3.14191
3.09 3.13103
3.167 3.2864
3.109 3.3765
3.156 3.24691
3.144 3.22249
3.122 3.16828
3.174 3.18491
3.168 3.25703
3.17 3.29039
3.142 3.02886
3.176 3.26429
3.171 3.17694
3.182 3.28416
3.136 3.37087
3.109 3.14627
3.141 3.24236
3.175 3.2256
3.139 3.15884
3.24 3.09349
3.192 3.05819
3.177 3.17885
3.111 3.07175
3.189 3.35864
3.202 3.22842
3.156 3.35902
3.158 3.35039
3.126 3.24137
3.219 3.28432
3.16 3.2977
3.217 3.3893
3.265 3.4262
3.28 3.55315
3.31 3.4954
3.284 3.49083
3.297 3.58838
3.232 3.41759
3.26 3.41582
3.272 3.37739
3.275 3.63301
3.247 3.36335
3.23 3.47858
3.265 3.51829
3.29 3.44935
3.301 3.48388
3.331 3.58302
3.324 3.55458
3.235 3.37915
3.235 3.54532
3.246 3.41089
3.242 3.3628
3.29 3.53544
3.318 3.45633
3.315 3.46924
3.334 3.47392
3.296 3.37776
3.31 3.53143
3.313 3.50053
3.301 3.63003
3.324 3.67069
3.371 3.70506
3.338 3.59936
3.377 3.61449
3.328 3.55197
3.323 3.44812
3.382 3.44152
3.342 3.38242
3.306 3.46183
3.342 3.3664
3.309 3.3789
3.296 3.4158
3.382 3.41349
3.346 3.48377
3.319 3.45469
3.342 3.42046
3.316 3.50765
3.377 3.53641
3.32 3.39099
3.363 3.61485
3.359 3.40953
3.395 3.55453
3.362 3.46442
3.329 3.57033
3.375 3.5259
3.361 3.60629
3.385 3.39817
3.381 3.67151
3.366 3.51756
3.373 3.2251
3.409 3.73746
3.435 3.63741
3.436 3.75166
3.436 3.64155
3.463 3.62225
3.418 3.49277
3.399 3.48328
3.412 3.58784
3.423 3.71579
3.416 3.61856
3.408 3.60915
3.426 3.74827
3.38 3.68128
3.428 3.7826
3.388 3.55501
3.435 3.79757
3.454 3.70959
3.424 3.71194
3.452 3.78148
3.454 3.66355
3.439 3.69597
3.451 3.67527
3.436 3.66557
3.482 3.80348
3.487 3.82566
3.477 3.79126
3.478 3.62314
3.464 3.66237
3.473 3.64692
3.452 3.59329
3.456 3.54561
3.482 3.66134
3.535 3.78856
3.523 3.74321
3.541 3.86018
3.545 3.81179
3.528 3.73695
3.542 3.79603
3.568 3.7271
3.548 3.74744
3.503 3.72972
3.564 3.77368
3.577 3.72179
3.528 3.63685
3.497 3.74774
3.569 3.81906
3.582 3.80108
3.616 3.82437
3.578 3.74166
3.558 3.72836
3.539 3.79027
3.582 3.81709
3.552 3.67697
3.538 3.83439
3.5 3.71171
3.619 3.82967
3.589 3.82991
3.594 3.7409
3.595 3.68066
3.606 3.87664
3.621 3.8452
3.619 3.83567
3.586 3.81642
3.589 3.97806
3.613 3.80303
3.642 3.68953
3.655 3.77575
3.64 3.81822
3.596 3.98877
3.645 3.87885
3.67 4.02713
3.699 3.85025
3.659 3.73445
3.671 3.99275
3.68 4.07367
3.677 4.08876
3.721 4.18134
3.689 4.00428
3.737 4.04387
3.689 4.13842
3.725 4.2256
3.725 4.10748
3.691 4.14967
3.815 4.29707
3.744 4.1326
3.753 3.90189
3.737 4.01985
3.76 4.14054
3.757 4.17212
3.797 4.28007
3.822 4.33865
3.787 4.18181
3.782 3.98246
3.755 4.29927
3.831 4.23868
3.806 4.27864
3.781 4.17321
3.762 4.17753
3.773 4.2317
3.779 4.28444
3.776 4.13596
3.808 4.32746
3.831 4.24468
3.808 4.24138
3.793 4.16432
3.819 4.49874
3.773 4.16964
3.778 4.27499
3.781 4.22126
3.812 4.43509
3.807 4.5443
3.792 4.25099
3.8 4.43043
3.772 4.20222
3.77 4.23534
3.806 4.35472
3.798 4.17337
3.807 4.36011
3.838 4.17994
3.846 4.06635
3.776 4.26809
3.764 4.31462
3.826 4.26999
3.792 4.20494
3.81 4.17407
3.854 4.24293
3.852 4.41851
3.788 4.29535
3.83 4.23934
3.844 4.38805
3.808 4.01515
3.824 4.29732
3.877 4.28215
3.894 4.5313
3.867 4.32363
3.866 4.41446
3.881 4.55139
3.909 4.57529
3.89 4.36426
3.925 4.44182
3.924 4.39262
3.948 4.51181
4 4.65065
3.975 4.45683
3.938 4.39455
3.906 4.45962
3.979 4.57914
3.991 4.5795
3.967 4.38029
3.992 4.53447
3.929 4.58254
4.017 4.5853
3.979 4.7413
3.899 4.43924
3.952 4.62032
3.924 4.61083
3.92 4.55015
3.966 4.56941
3.935 4.49327
3.968 4.28526
3.913 4.52395
4.008 4.67061
3.993 4.66361
4.003 4.56155
3.954 4.6185
3.951 4.52713
3.944 4.41928
3.997 4.31531
3.97 4.37147
3.947 4.32652
4.005 4.44542
3.988 4.63649
3.98 4.44805
4.025 4.7251
4.009 4.6836
4.039 4.43792
4.02 4.53413
4.087 4.568
4.099 4.79599
4.083 4.53865
3.979 4.47704
4.031 4.3644
4.027 4.43471
4.026 4.65398
4.002 4.41041
4.036 4.71342
4.076 4.69091
4.034 4.71956
4.058 4.70534
4.017 4.69541
4.026 4.40173
4.016 4.57031
4.061 4.77005
4.068 4.69807
4.08 4.86246
4.078 4.5885
4.085 4.58636
4.107 4.51807
4.047 4.53533
4.035 4.57835
3.999 4.52552
4.056 4.45732
4.012 4.57843
3.986 4.38619
4.058 4.4591
4.046 4.5124
4.047 4.48327
3.999 4.3033
4.026 4.3797
4.09 4.2021
4.022 4.12764
4.024 4.2797
4.013 4.39923
4.045 4.19917
4.021 4.39896
4.046 4.60849
4.044 4.50056
4.081 4.38082
4.098 4.59699
4.054 4.66375
4.103 4.48087
4.118 4.48656
4.083 4.30442
4.074 4.31684
4.136 4.63414
4.143 4.59915
4.101 4.51131
4.092 4.52006
4.115 4.50628
4.093 4.68303
4.128 4.6843
4.103 4.55094
4.084 4.37332
4.101 4.64745
4.134 4.57262
4.154 4.6209
4.165 4.58236
4.064 4.43834
4.093 4.52688
4.107 4.452
4.059 4.42795
4.103 4.37877
4.167 4.50962
4.114 4.37338
4.146 4.69738
4.162 4.40016
4.197 4.25044
4.186 4.50391
4.204 4.59298
4.178 4.55287
4.175 4.35673
4.237 4.60343
4.197 4.36055
4.26 4.603
4.253 4.54754
4.242 4.64608
4.228 4.60662
4.239 4.58446
4.268 4.61479
4.241 4.49141
4.266 4.67792
4.253 4.66566
4.273 4.70317
4.278 4.80352
4.28 4.58819
4.28 4.70631
4.197 4.61481
4.279 4.64981
4.233 4.67739
4.253 4.63362
4.26 4.68108
4.332 4.81659
4.238 4.82818
4.303 5.00019
4.241 4.82975
4.274 4.86779
4.299 5.0046
4.282 4.99547
4.263 4.92275
4.304 4.87045
4.265 4.75953
4.291 4.92124
4.383 5.06337
4.319 4.74598
4.286 4.97318
4.303 4.81
4.342 4.87591
4.291 4.92725
4.283 4.95987
4.296 4.80519
4.278 4.99371
4.316 5.18933
4.333 4.60271
4.315 4.9207
4.352 5.21932
4.338 5.05081
4.327 4.95703
4.321 4.91888
4.302 4.83163
4.351 5.01481
4.308 4.864
4.252 4.63113
4.294 4.9365
4.312 4.75341
4.315 4.86864
4.301 4.97537
4.355 4.9259
4.375 4.99537
4.346 5.06335
4.388 4.9444
4.34 5.03744
4.35 5.17467
4.456 4.97904
4.429 5.11007
4.457 5.20936
4.424 5.04527
4.404 4.84763
4.412 5.00927
4.439 4.83511
4.439 4.94122
4.419 4.95239
4.484 5.19093
4.457 4.88303
4.411 4.87295
4.486 4.84665
4.439 4.9192
4.476 4.92435
4.416 5.03198
4.486 5.01081
4.464 5.22793
4.482 5.0247
4.546 5.14703
4.527 5.13841
4.53 5.15826
4.535 5.27005
4.599 5.16536
4.547 5.22902
4.558 5.13377
4.503 5.06506
4.556 5.15001
4.558 5.21385
4.599 5.2995
4.607 5.43398
4.523 5.30478
