1600 50 799
0.00835547 0.00220244
0.018598 0.00415192
0.214183 0.011217
1.13929 0.0868965
2.1756 0.186468
2.47076 0.198881
2.50122 0.19722
2.515 0.14941
2.56987 0.124097
2.73776 0.125104
2.84592 0.187187
3.19302 0.136143
3.81068 0.141681
4.69286 0.200375
5.29089 0.0448768
5.46878 -0.0578717
5.5999 -0.426217
5.54588 -0.723531
5.69775 -1.13755
5.55514 -1.48417
5.77984 -1.48967
5.93829 -1.50875
6.28777 -1.73542
7.06348 -1.87551
7.33321 -2.36445
7.82064 -3.01007
7.49211 -3.22544
7.41587 -3.22515
7.63341 -3.1817
7.70408 -3.24514
7.65361 -3.57516
7.64895 -3.88171
7.80961 -4.0905
7.61215 -4.48002
7.63076 -4.90271
7.91643 -5.42593
7.81805 -5.71109
7.78142 -5.6897
7.92884 -5.80928
7.69838 -5.92442
7.66756 -5.61038
8.08319 -5.73926
7.97161 -5.89659
7.74312 -6.00094
7.73639 -6.06803
7.74134 -6.47254
7.88965 -6.19837
7.95241 -6.34784
7.84033 -6.50974
7.82177 -6.68492
7.99472 -7.27391
7.64959 -7.13868
8.00705 -7.13791
8.12751 -7.45403
7.99434 -7.44026
8.11638 -7.48363
8.19937 -7.55816
7.94502 -7.50188
7.8143 -7.87038
8.00365 -7.924
8.30054 -7.94663
8.0797 -8.0856
8.03842 -7.74847
8.30006 -7.78076
8.62213 -7.80491
8.73118 -7.82211
8.65769 -7.93707
9.30341 -8.08756
9.57775 -8.32307
9.56264 -7.69283
9.1828 -8.12969
9.12927 -8.45393
9.43082 -8.33132
9.02792 -8.38883
9.254 -8.5643
9.22827 -8.46394
9.15594 -8.37229
9.35866 -8.895
8.93401 -8.75856
8.90002 -8.80154
9.27348 -8.53325
8.82498 -8.21458
8.97129 -8.75442
9.08798 -8.61484
9.10338 -8.52702
8.99262 -8.82634
9.14098 -8.45402
9.04233 -8.18507
9.01136 -8.26759
9.42339 -8.61177
9.38309 -8.07115
9.17296 -8.2188
9.01307 -8.51579
8.97107 -8.72662
9.01184 -8.7345
9.35567 -8.40904
9.4748 -8.55895
9.68842 -8.48095
9.63459 -8.87885
9.38756 -9.05927
9.66765 -8.54115
9.22563 -8.6544
9.56346 -8.95337
9.49689 -8.54181
9.15834 -8.53793
9.64945 -8.657
9.52617 -8.20577
9.49766 -8.36356
9.39194 -8.28756
9.61753 -8.48647
9.47196 -8.42485
9.17098 -8.26804
9.54123 -8.64837
9.56923 -8.87995
9.07654 -8.79896
8.97375 -8.18162
9.42401 -8.53177
9.07089 -8.51429
8.98339 -8.66241
9.2758 -8.71802
9.29748 -8.47286
9.00117 -8.53906
9.0441 -8.77929
8.92662 -8.74133
9.13477 -8.67804
9.0011 -8.69846
9.32278 -8.62406
9.15195 -8.54809
9.36851 -8.86428
8.9853 -8.55289
9.13838 -9.13631
9.11678 -9.15037
9.5061 -8.92184
9.32857 -9.00731
9.25713 -8.72874
9.51606 -9.02964
9.34709 -8.51173
9.07468 -8.68934
9.23552 -8.72311
8.98942 -8.88081
9.81019 -8.90898
9.33234 -8.57244
9.13778 -8.73038
9.33113 -8.688
9.34744 -8.3923
9.22066 -8.67977
9.23908 -8.44135
9.35508 -8.73129
9.62006 -8.58354
9.4848 -8.47972
9.37001 -8.79488
9.36315 -8.7418
9.31256 -8.69114
8.97776 -8.46116
9.07458 -8.70799
9.55488 -8.67746
9.0071 -8.55127
9.30187 -8.44553
9.18715 -8.3566
9.33704 -8.58623
9.00432 -8.75349
8.70482 -8.68553
8.90781 -8.71087
8.71131 -8.69446
9.3528 -8.61811
9.16338 -8.72
9.22312 -8.20912
9.07942 -8.25056
9.07793 -8.3981
9.38546 -8.68937
9.22337 -8.84494
9.4373 -8.85698
9.1924 -8.50058
9.61001 -8.51496
9.22226 -9.06527
9.23359 -8.65547
9.69929 -8.76467
9.48256 -9.14954
9.40843 -8.87863
9.57958 -8.66944
9.35522 -8.8775
9.50107 -8.73639
9.29123 -8.93558
9.04357 -8.72454
9.38627 -9.0373
9.45545 -8.87387
9.42642 -9.12003
9.51755 -8.98543
9.44613 -9.27872
9.51988 -8.97836
9.62709 -8.78441
9.5502 -8.6984
9.56778 -9.25859
9.324 -8.97683
9.16052 -9.50717
9.30008 -8.80883
8.85137 -9.24194
9.05688 -9.22583
9.48011 -9.29591
9.70615 -9.10319
9.52611 -8.84856
9.43729 -9.13278
9.4356 -9.16879
9.2401 -8.76191
9.21286 -8.79819
9.14035 -9.27073
9.10199 -8.8758
9.27989 -8.92667
9.27561 -9.13236
9.28107 -9.35729
9.35303 -9.22613
9.22359 -9.31915
9.34051 -9.29469
9.55797 -9.11933
8.98685 -9.12838
9.55536 -9.22264
9.62794 -9.15181
9.41831 -9.13666
9.74082 -9.08423
9.661 -9.1664
9.73811 -9.11631
9.36412 -8.90509
9.4797 -8.84022
9.52663 -8.93678
9.52192 -9.05014
9.68282 -9.07947
9.80213 -9.48062
9.32917 -9.33591
9.55758 -8.97759
9.27222 -8.98081
9.40344 -9.23506
9.71192 -9.17684
9.41891 -8.83106
9.1744 -8.93273
9.17621 -9.06192
9.86125 -9.0005
9.71562 -9.28502
9.14106 -9.32467
9.38736 -9.65539
9.37314 -9.54795
9.3095 -9.17361
9.16102 -9.09249
9.49146 -9.54313
9.50224 -9.04276
9.7679 -9.26411
9.96621 -9.33486
9.65391 -9.2424
9.20824 -8.96091
9.34968 -9.16871
9.19146 -9.10959
9.08175 -8.82645
9.04731 -8.63511
9.46652 -9.12559
9.44961 -9.39451
9.45174 -9.06751
9.71784 -9.11827
9.42108 -9.20608
9.62295 -8.89465
9.36473 -8.91053
9.53716 -8.99822
9.70907 -8.95077
9.37729 -9.17717
8.96562 -9.39018
9.08009 -9.34119
9.21208 -8.70314
9.226 -9.01174
9.49679 -9.30255
9.18574 -8.73106
9.4518 -9.15973
9.47633 -8.99724
9.49331 -9.2984
9.43719 -9.23267
9.3282 -9.12052
9.37955 -9.218
9.55422 -9.28133
9.09903 -9.39015
9.10846 -9.24626
9.31462 -9.29841
9.43212 -9.0878
9.49881 -9.50716
9.97292 -9.1855
9.70361 -8.72105
9.33556 -8.90558
9.48667 -8.81922
9.47216 -9.09156
9.45138 -8.61068
9.64075 -8.97864
9.7732 -8.71633
9.64188 -8.8645
9.41852 -9.05891
9.61997 -9.10455
9.57564 -9.17411
9.74027 -9.0401
9.8035 -8.90973
9.8454 -8.94247
9.70133 -8.92414
9.57464 -8.90933
9.45601 -8.99232
9.39596 -8.87969
9.68682 -8.93126
9.92467 -9.21502
9.63341 -9.62692
9.36327 -9.43829
9.77733 -8.69732
9.72061 -9.02121
10.1124 -9.36218
9.6896 -8.99713
9.76275 -9.14299
9.72666 -9.15482
9.55439 -9.13963
9.85727 -9.35233
9.54929 -8.93068
9.36559 -9.00032
9.43342 -8.73501
9.46815 -8.99527
9.50325 -8.6178
9.66666 -8.7979
9.65517 -8.51377
9.39961 -8.85993
9.5925 -9.12936
9.87752 -9.04554
9.6462 -9.17876
9.92871 -9.02335
9.59145 -9.23457
9.54457 -8.71972
9.38111 -9.10595
9.37089 -9.59298
9.72127 -8.86305
9.42473 -8.80531
9.59744 -9.19543
9.32803 -8.99752
9.41349 -8.90836
9.14982 -9.01151
9.7683 -8.98245
9.15526 -8.95792
9.45333 -9.11821
9.53781 -9.10055
9.47765 -9.11007
9.3294 -9.08424
9.12271 -9.04787
9.60776 -9.03595
9.62091 -8.86987
9.71548 -8.68742
9.49526 -8.57119
9.26401 -8.32637
9.5986 -8.65757
9.74153 -8.57297
9.64215 -8.72498
9.43169 -8.68326
9.41165 -9.23354
9.92618 -9.11619
9.19038 -8.71692
9.30309 -8.9118
9.28832 -9.02438
9.52832 -8.86241
9.41444 -8.74477
9.5402 -8.89039
9.66444 -9.15231
9.54479 -9.67968
9.49698 -8.97986
9.48714 -8.99804
9.29538 -9.1458
9.69021 -9.2111
9.21636 -9.25795
8.97021 -9.1556
9.73202 -9.75888
9.74835 -9.20583
9.44252 -9.34274
9.53396 -9.40951
9.40519 -9.0698
9.32257 -9.17713
9.23023 -9.10382
9.35309 -8.85417
9.55679 -8.84253
9.46583 -8.97856
9.45002 -8.95102
9.74821 -9.01976
9.70825 -9.08542
9.72471 -9.00384
9.58711 -8.63721
9.60118 -9.01469
9.31498 -8.98325
9.2179 -9.2896
9.3185 -9.1467
9.43441 -9.10054
8.99651 -9.28872
9.42984 -8.57844
9.28474 -9.00693
9.21826 -8.92345
9.01671 -8.71965
9.2566 -9.00459
9.19355 -9.02537
9.38621 -9.24959
8.97369 -9.07114
8.94038 -9.12818
9.40224 -8.5769
9.23536 -8.91297
9.09781 -8.6587
9.27802 -8.95633
9.18864 -9.12989
9.27991 -9.18598
9.08964 -9.2451
9.5125 -9.10615
9.09278 -9.12037
8.91885 -9.26903
8.9913 -9.27286
9.09501 -9.06842
8.79974 -8.99463
9.13509 -9.35192
9.14786 -9.06926
9.25673 -8.89287
9.12449 -9.21107
9.25701 -9.32269
8.91339 -8.89346
9.25277 -9.13973
8.72975 -9.02527
8.95582 -9.21856
8.9814 -9.09072
9.14235 -9.27492
9.33271 -9.10146
9.24711 -8.98868
9.18232 -9.13472
9.58747 -8.87355
9.18654 -9.1252
9.27012 -9.42105
9.04116 -9.39759
9.0012 -9.18258
8.86748 -8.92437
9.20673 -9.24674
9.27137 -9.36999
9.42807 -9.58481
9.66343 -9.58919
9.29198 -9.41709
9.27657 -9.23006
9.41945 -9.42027
9.32352 -9.11066
9.68992 -9.12265
9.27629 -9.08074
9.60468 -9.06434
9.41698 -9.39454
9.28041 -9.56025
9.33681 -9.3113
9.54138 -9.13437
9.53303 -9.54471
9.2419 -9.06731
9.1848 -9.04164
9.00556 -8.88038
9.20367 -8.84013
9.37468 -9.14039
9.09075 -8.97774
9.1833 -8.72778
9.29215 -8.70974
9.31116 -8.91176
8.8896 -8.75689
9.5528 -9.15662
9.34873 -8.71712
9.28036 -8.61353
9.06286 -8.75602
9.35661 -8.90245
9.5102 -8.58702
9.4494 -8.81977
9.24722 -8.83558
9.25832 -8.74056
9.10798 -8.84468
9.20915 -8.97022
9.26929 -8.49851
9.41592 -8.96269
9.07955 -8.6763
9.20447 -8.53314
9.05028 -8.86498
9.0126 -8.38567
9.1859 -8.84528
9.15691 -9.10325
9.05122 -8.73157
8.87041 -9.13053
8.83265 -9.06107
8.93363 -9.00644
9.09433 -9.16127
8.90194 -9.13257
9.38482 -9.0953
9.21872 -8.73261
9.03039 -8.97114
9.13633 -9.16861
9.1195 -9.11796
9.33866 -8.86252
9.38282 -9.10875
9.00816 -9.20956
9.2904 -9.44536
9.35564 -9.3205
9.37311 -9.10776
9.45375 -9.34862
9.06949 -9.01249
9.47431 -8.94613
9.41768 -9.48425
9.53969 -9.43902
9.08885 -9.43337
9.29222 -9.22936
9.13054 -9.17614
9.27317 -9.23592
9.39726 -8.94475
9.05349 -8.77996
9.37847 -8.92658
9.08935 -8.7188
9.23553 -8.65295
9.31119 -8.74353
9.51287 -8.8112
9.81555 -8.50328
9.6354 -8.48494
9.02327 -8.81125
9.20455 -8.63538
9.5937 -8.68198
9.34328 -8.86903
9.32847 -9.04588
9.33035 -8.96296
9.39548 -8.97516
9.16775 -9.37395
9.59381 -8.88054
9.50469 -8.78507
9.604 -8.60593
9.85536 -8.82326
9.47984 -8.83002
9.82727 -9.05846
9.08299 -8.95571
9.14788 -8.76256
9.41177 -8.67064
9.57921 -9.05563
9.31602 -9.09309
9.13418 -9.03569
9.04141 -9.02578
9.09547 -8.50065
8.90146 -8.81348
9.00065 -8.59713
8.88279 -8.87759
9.09125 -9.08775
8.89034 -8.9301
9.01519 -8.82796
8.60146 -9.22767
8.99185 -8.80393
9.04812 -8.96636
9.23317 -9.10086
9.18923 -9.13235
9.00539 -9.14532
9.05712 -9.00363
9.40047 -8.87632
8.86278 -8.84007
9.20171 -9.33579
9.03346 -9.06221
9.2346 -8.90139
9.17208 -8.63166
9.03125 -8.55698
9.04707 -8.39889
9.34203 -8.71114
9.21618 -8.93011
9.07891 -8.95883
9.25119 -8.78644
9.17376 -8.68295
9.3053 -9.09073
9.31573 -8.81416
9.07622 -9.01164
9.07647 -8.9888
9.37369 -8.89321
9.21915 -8.76659
8.95904 -8.80316
8.99474 -8.77948
8.96954 -8.47442
9.03105 -8.44941
9.22664 -8.80965
8.84756 -8.78013
9.06989 -8.79344
9.01598 -9.05281
8.77588 -8.99917
9.19781 -8.75776
9.17975 -8.55804
9.0705 -8.57541
9.27278 -8.74556
9.25711 -8.86714
9.4733 -9.06837
9.07529 -9.05607
9.25736 -9.00027
9.04592 -9.04857
9.18272 -8.73008
9.33215 -8.78518
9.49486 -8.71609
9.12407 -8.83282
8.92576 -8.35357
9.11368 -8.491
9.12033 -8.68838
9.62193 -8.6562
9.03937 -8.62414
9.0089 -8.33556
9.25776 -8.09606
9.48643 -8.59677
9.34112 -9.07911
9.3953 -8.90796
9.42113 -8.96585
8.84551 -8.98579
9.30208 -8.91426
9.25741 -8.78733
9.24702 -8.72181
9.03295 -8.96808
9.44511 -8.83751
9.19785 -9.08178
9.25504 -8.97954
9.22617 -8.83298
9.37016 -9.05687
9.44135 -9.21574
9.23829 -8.91353
8.74518 -8.96721
8.8014 -9.43128
9.13822 -9.47033
9.14274 -9.17253
9.26838 -9.18743
8.65474 -9.24701
9.38738 -9.16844
8.84823 -8.77457
9.0084 -8.97511
8.93737 -9.44846
8.99841 -9.0039
8.98482 -8.94145
9.08086 -9.3098
9.16183 -9.25714
9.34633 -9.11159
9.19691 -8.96284
9.41872 -8.96404
9.1867 -9.02962
9.04517 -9.03941
9.15919 -8.86747
9.38416 -9.09371
9.52129 -9.02773
9.16519 -8.89819
9.38633 -8.73762
9.2733 -8.76826
9.34151 -8.75673
9.23536 -8.98021
9.38906 -8.37849
9.27555 -8.75912
9.03357 -8.83409
9.21266 -8.91837
9.22954 -8.76826
9.11951 -8.87162
8.95282 -9.10705
9.1895 -8.93084
9.27501 -8.94003
9.30851 -9.19283
9.23225 -9.07458
9.30167 -9.19888
9.18957 -9.01566
9.46806 -9.28391
9.19877 -9.08572
9.21434 -8.98099
9.24236 -8.90619
9.21666 -8.86665
9.45968 -9.0365
9.3095 -8.99274
9.14189 -8.91669
9.158 -9.19608
9.07192 -9.11754
9.18839 -9.19891
9.35169 -8.97731
9.19344 -9.23168
9.18014 -8.98763
8.91019 -9.12022
9.19542 -9.30201
9.14051 -9.04362
8.92536 -9.31775
9.31473 -8.67396
9.45513 -9.20581
9.12487 -9.03479
9.23551 -9.09498
9.10159 -8.9455
9.34985 -9.09804
9.11632 -8.95519
9.07349 -9.04734
9.18804 -8.83086
9.27736 -8.99574
9.43414 -9.44161
9.23214 -9.30933
9.44869 -9.03541
9.38782 -8.82547
9.36685 -9.18168
9.19843 -9.32516
9.0501 -9.25493
9.10435 -9.16141
8.97515 -8.98274
9.35195 -9.18944
9.05458 -8.93496
9.00411 -9.19066
8.98605 -9.04496
8.92374 -9.09646
9.08985 -9.00345
9.11017 -8.55259
9.21657 -8.93385
9.37804 -8.68296
8.99702 -8.60272
8.94397 -8.73027
8.9242 -8.69197
9.2031 -8.82012
9.12735 -8.92831
9.30658 -8.90645
9.02203 -8.78934
8.91616 -8.44941
9.4159 -9.16449
9.23419 -8.92207
9.17914 -8.93466
8.86096 -8.8603
9.07992 -8.98908
9.22006 -9.00658
9.03684 -9.23948
8.81925 -8.89389
8.93361 -8.89069
9.29876 -9.121
8.95326 -8.90849
9.04072 -9.1547
9.20919 -8.94989
9.45055 -9.02161
9.34233 -9.1226
9.38636 -9.09019
9.01226 -9.28797
9.0017 -9.22983
8.95991 -9.22951
9.18633 -9.16693
8.94319 -8.95832
9.22857 -9.27029
8.91408 -9.07937
9.25044 -9.05329
8.83803 -9.21623
9.06642 -8.93194
9.05257 -9.37641
8.90314 -8.96713
9.32595 -9.15822
9.19557 -8.93563
9.08468 -9.10567
8.91137 -9.10322
9.24202 -9.00377
9.13662 -9.16641
8.9547 -9.16907
9.18436 -9.23352
9.45085 -9.41908
9.02431 -8.92913
8.88283 -8.89031
8.95322 -9.13675
9.14714 -8.91207
9.1321 -8.93128
9.20066 -9.39899
9.3576 -9.18833
9.13544 -9.55444
9.37052 -9.47294
9.36059 -9.09443
9.32894 -9.19494
9.31486 -8.96629
9.31302 -8.86924
9.25993 -9.08118
9.24466 -9.29818
9.2281 -9.32774
9.10767 -9.06565
9.37214 -8.95129
9.08064 -9.16353
9.24164 -9.21425
9.05816 -9.07561
8.9644 -8.96834
9.32927 -8.7183
9.48126 -9.17847
9.37243 -9.1843
9.05011 -8.65718
9.04426 -9.02304
9.14886 -8.92884
9.1156 -8.95997
9.30176 -8.75533
9.224 -8.67815
9.03703 -9.13471
9.19892 -9.12117
9.44895 -8.90824
9.04548 -8.95939
9.24841 -9.03226
9.70568 -9.10306
9.18803 -8.81245
9.04131 -8.95535
9.24006 -8.72843
9.24694 -9.3293
9.05519 -9.35155
9.26799 -8.91381
8.98781 -8.95326
9.12889 -8.83736
9.39887 -8.62955
9.27923 -8.71846
9.10565 -8.52729
9.34215 -8.59022
9.05183 -8.66891
9.33576 -8.77
9.12639 -8.89775
9.1323 -8.90792
9.35117 -9.14036
9.05534 -9.33182
9.54898 -9.37783
9.10146 -9.30815
8.97092 -9.14898
9.01349 -9.11541
9.0743 -9.10352
9.04643 -9.32989
8.89935 -9.02605 8.85022
8.66673 -9.18684 -8.67598
8.32753 -9.2355 -9.4699
8.46055 -9.12158 -9.48188
8.31975 -9.4531 -9.20284
8.80399 -8.8429 -8.87334
8.55101 -9.30882 -9.27142
8.58167 -8.87141 -9.13318
8.84049 -8.96305 -9.1628
8.3547 -9.06634 -9.05479
8.70446 -8.99795 -8.95769
8.55968 -9.082 -8.85775
8.59104 -8.86882 -9.13784
8.20481 -8.82025 -8.88572
8.53781 -9.56761 -8.97145
8.47331 -9.42056 -9.10974
8.69856 -9.27463 -9.04294
8.52871 -9.23718 -9.12318
8.49541 -8.86265 -9.23533
8.46343 -9.38044 -9.1939
8.42153 -9.72156 -9.7254
8.60042 -9.35573 -9.64414
8.89125 -9.30506 -9.08039
8.82721 -9.60118 -9.45408
8.84715 -9.77274 -9.22666
8.57564 -9.68507 -8.97937
8.53899 -9.5326 -9.16499
8.29574 -9.76934 -9.06593
8.35254 -9.5129 -9.02613
8.6124 -9.41824 -9.26002
8.64791 -9.68769 -9.37545
8.83692 -9.4651 -8.94319
8.82604 -9.51529 -8.90349
8.53028 -9.46076 -9.1157
8.69829 -9.68095 -9.59055
8.5685 -9.81963 -9.04054
8.45275 -9.94243 -8.94693
8.61704 -9.62375 -9.40962
8.49023 -9.043 -9.2169
8.85071 -9.27527 -8.96615
8.75849 -9.17741 -8.94898
8.53399 -9.13233 -9.25798
8.6123 -9.19342 -9.17665
8.72826 -9.06193 -9.23873
8.46792 -9.21771 -9.3695
8.58487 -9.38221 -9.5243
8.48062 -9.3579 -9.14405
8.57604 -9.21545 -9.16401
8.10298 -9.46472 -9.06502
8.60667 -9.2632 -9.2038
8.64241 -9.2447 -8.86314
8.47819 -9.43666 -9.02691
8.44458 -9.53717 -8.87813
8.47325 -9.05384 -8.91329
8.7005 -8.97579 -9.03445
8.71112 -9.08906 -8.81108
8.62203 -9.43129 -9.03076
8.32341 -9.21083 -8.83393
8.52962 -9.5084 -8.95876
8.82369 -9.64317 -9.24521
8.78445 -9.42422 -9.02144
8.5896 -9.43761 -9.20163
8.75237 -9.32568 -8.9184
8.59826 -9.41385 -8.87713
8.63805 -9.62568 -9.08395
8.52457 -9.73876 -8.84405
8.6822 -9.38342 -9.04186
8.85952 -9.35099 -9.03122
8.56215 -9.30356 -8.99365
8.78354 -9.24558 -8.95856
8.53467 -8.96102 -8.84437
8.79121 -9.32756 -8.66095
8.58423 -9.14669 -9.0635
8.55239 -9.30389 -9.26204
8.84825 -9.17052 -8.8663
8.77126 -9.4873 -8.80026
8.96844 -9.06838 -9.08537
8.97298 -9.30247 -8.76386
8.99523 -9.4488 -8.98255
8.70644 -9.38798 -8.75226
8.83011 -8.72985 -8.94291
8.86239 -9.07795 -8.87681
8.76005 -9.43202 -8.94872
8.87641 -9.32791 -9.28831
8.76471 -9.37538 -9.27151
9.05792 -9.53028 -9.15587
8.85705 -9.17752 -9.25123
8.8827 -9.02436 -9.43908
8.66317 -8.98676 -9.06156
8.51592 -9.40037 -9.0402
8.42504 -9.64342 -9.28577
8.76753 -9.55839 -9.23587
8.98656 -9.7492 -9.11234
8.8995 -9.5643 -9.46644
8.88483 -9.83148 -9.41412
8.99231 -9.72545 -9.33135
8.71216 -9.3568 -9.00271
8.97817 -9.01886 -9.60372
8.55613 -8.87884 -9.2867
8.76001 -9.36645 -9.43283
8.74794 -9.30052 -9.20453
8.9482 -9.24213 -8.98996
8.85865 -9.08716 -8.85583
8.42375 -9.39649 -9.0062
8.50381 -9.14989 -9.01933
8.68782 -9.25527 -9.00233
8.82397 -9.06295 -9.25307
8.90008 -8.98276 -9.00707
8.97538 -8.87492 -9.13591
8.87472 -8.94155 -9.02988
8.49257 -8.84154 -8.8946
8.5729 -9.03062 -8.90608
8.65983 -8.60102 -9.06239
8.57326 -8.76899 -9.07125
8.55056 -8.59118 -9.295
8.76364 -9.38841 -9.15637
8.87223 -9.30866 -8.78508
9.15013 -9.137 -8.9239
8.78331 -9.38542 -9.03795
8.89693 -9.69094 -9.19384
8.81399 -9.45387 -9.20183
8.73975 -9.27947 -9.07252
8.81352 -9.37618 -9.09362
8.46281 -9.59183 -8.95716
8.64599 -9.32273 -8.68227
8.5548 -9.35972 -9.21985
8.58776 -9.25119 -9.33748
8.44006 -9.40337 -9.26373
8.80583 -9.27753 -9.43196
8.64052 -9.06812 -9.30038
8.72859 -9.32861 -8.96118
8.60521 -9.39745 -8.81189
8.43131 -9.51617 -8.89171
8.27942 -9.26073 -8.97639
8.54112 -9.51107 -9.05996
8.41661 -9.32666 -9.07331
8.53625 -8.88382 -9.0337
8.53286 -8.89194 -8.82275
8.45779 -9.17686 -8.83754
8.56139 -9.20854 -9.03113
8.38951 -9.37249 -8.62106
8.20491 -9.39603 -8.67782
8.45488 -9.44397 -8.87822
8.70657 -8.92675 -8.84989
8.27182 -9.08477 -9.19839
8.47639 -8.91561 -9.16344
8.64161 -9.05707 -8.74762
8.36871 -8.93902 -9.20433
8.64287 -9.23856 -9.03217
8.74938 -9.13976 -9.05095
8.72138 -8.6925 -8.83076
8.4656 -9.0378 -9.30425
8.24994 -8.99361 -9.42067
8.19685 -9.34531 -8.91197
8.57732 -8.81281 -9.02756
8.27613 -9.01826 -8.99875
8.64683 -9.16769 -9.11348
8.33592 -8.96072 -9.08671
8.49318 -8.92022 -9.22187
8.32997 -8.97392 -9.07235
8.47304 -8.89348 -8.97585
8.38841 -8.72814 -9.09708
8.43935 -9.14393 -8.66419
8.52598 -9.24797 -9.28573
8.37701 -9.38703 -9.07202
8.2859 -9.33866 -9.08768
8.26649 -8.83766 -9.07566
8.39801 -8.908 -8.96794
8.19629 -9.09082 -8.98018
8.27316 -8.79008 -9.064
8.61535 -9.14812 -9.02031
8.73764 -8.93773 -9.00147
8.28743 -9.00714 -9.39029
8.43107 -9.10269 -9.55701
8.79731 -9.09518 -9.62809
8.3416 -9.03531 -9.50267
8.51192 -8.80087 -9.2199
8.36725 -8.57908 -9.44176
8.87768 -9.15836 -9.38284
8.39505 -9.03269 -9.27473
8.64457 -8.79421 -9.20737
8.64926 -8.67481 -9.36313
8.43871 -8.84182 -9.43086
8.41789 -8.66267 -9.25111
8.64154 -8.59449 -9.25095
8.6214 -8.86657 -9.01267
8.26895 -9.22737 -9.07331
8.63716 -9.26071 -9.00016
8.72077 -8.82355 -9.39794
8.30189 -8.90031 -9.1278
8.55277 -8.83045 -9.14048
7.85268 -8.85625 -9.39054
8.2204 -8.63681 -8.92907
8.61032 -8.86228 -9.13031
8.63109 -8.75408 -8.89238
8.55716 -9.0037 -9.11077
8.5425 -8.63496 -9.11997
8.06841 -8.97823 -9.06629
8.72701 -9.34371 -9.02383
8.66135 -9.19885 -8.98776
8.42586 -8.9574 -9.0319
8.49495 -8.77186 -9.04439
8.18507 -9.30757 -8.92962
8.11336 -8.97788 -9.11556
8.77499 -8.88073 -9.04328
8.70153 -9.18272 -9.12719
8.33514 -8.94379 -8.91951
8.64756 -8.81008 -9.04906
8.52123 -8.63356 -9.13598
8.87806 -8.86263 -9.02579
8.38248 -9.00153 -9.04125
8.31267 -8.72325 -9.32304
8.64889 -9.20717 -9.30598
8.41269 -9.05971 -9.21908
8.63751 -8.83489 -9.19195
8.71541 -9.12458 -9.02685
8.26514 -9.1168 -8.92712
8.77335 -8.82528 -9.14174
8.52504 -9.13778 -8.8975
8.26859 -9.26465 -9.11046
8.58764 -9.11463 -8.88123
8.34237 -8.95996 -9.0604
8.52752 -9.24048 -8.86669
8.42686 -9.26316 -8.90319
8.57626 -9.03004 -8.71023
8.52067 -8.58061 -8.4329
8.20569 -9.07723 -8.80123
8.82224 -9.37012 -9.00563
8.5144 -9.60567 -8.99035
8.36882 -9.27225 -8.93601
8.65862 -9.26469 -9.2143
8.66403 -8.95256 -9.35849
8.57321 -8.99702 -9.13016
8.58954 -9.21654 -8.99775
8.43134 -9.05411 -9.02814
8.61501 -8.91932 -9.16864
8.6406 -8.75606 -8.90532
8.65685 -8.93305 -9.05094
8.3888 -9.07597 -9.46163
8.84791 -9.1355 -9.21706
8.59055 -9.08929 -9.29145
8.69351 -8.98903 -8.8807
8.58376 -9.27434 -9.03217
8.80709 -9.33031 -9.36865
8.32861 -8.99678 -8.95749
8.67203 -9.09512 -8.87841
8.29841 -8.77562 -9.17049
8.31604 -9.08073 -9.19765
8.63658 -8.92716 -9.52307
8.36078 -8.937 -9.40025
8.52448 -8.88368 -9.19995
8.45751 -8.65585 -8.8348
8.21401 -8.7467 -9.20152
8.52447 -8.62126 -9.51127
8.56404 -8.69779 -9.20566
8.5118 -8.58969 -9.26326
8.79765 -8.68727 -9.0749
8.6309 -8.66634 -9.38801
8.51849 -8.81309 -9.183
8.70818 -8.81822 -8.99763
8.30847 -8.94081 -9.25452
8.58609 -8.50099 -9.14481
8.41307 -8.87455 -9.03538
8.42974 -8.76528 -9.3827
8.71757 -8.71038 -9.34783
8.59651 -8.5125 -9.3612
8.7934 -8.56074 -9.01179
8.67626 -8.34461 -8.83912
8.48255 -8.30889 -8.66658
9.12099 -8.644 -9.29839
8.96445 -8.86781 -9.23485
8.81392 -8.50857 -9.25814
8.93027 -8.86123 -9.76485
9.01608 -8.51532 -9.59195
9.15002 -8.77487 -9.35376
9.06675 -8.97185 -8.54796
8.71862 -8.68052 -9.41119
9.01692 -8.99823 -9.2552
8.95377 -9.05465 -9.04854
8.69349 -8.96075 -9.16561
9.26482 -8.61809 -8.72181
9.17761 -8.83885 -8.80065
9.20722 -9.48445 -8.72424
9.01326 -9.20271 -8.65272
9.37505 -8.82023 -8.90486
8.96461 -9.11362 -9.04199
9.21416 -9.02718 -9.06449
9.20685 -8.89532 -9.3845
9.07792 -8.60035 -9.1825
8.93345 -9.14184 -9.2458
8.86166 -8.74449 -9.78798
8.99973 -8.98186 -9.57496
8.87987 -8.94224 -9.2033
8.92271 -8.79003 -9.18714
9.25791 -8.75798 -9.47031
8.8206 -9.12312 -9.21098
8.74315 -8.84891 -9.21281
9.17361 -8.5651 -9.17176
9.11443 -8.70702 -8.81127
8.99504 -8.89859 -8.93908
9.20971 -9.01231 -8.7278
9.08096 -9.10982 -8.98157
9.07451 -9.19144 -8.99072
9.18819 -8.95613 -8.91699
9.14192 -8.98902 -8.86126
9.08493 -9.04136 -8.71358
9.17913 -8.81718 -8.68678
9.05559 -9.03954 -9.01582
9.09602 -9.22896 -8.93949
9.17603 -8.90284 -8.93863
9.14792 -8.69254 -8.72688
8.89297 -8.99212 -8.83888
9.14902 -9.03702 -8.77622
9.07057 -8.96625 -8.89487
9.26565 -8.93806 -8.91813
9.10769 -8.95335 -8.8477
9.33038 -8.3251 -8.43217
9.28727 -8.74671 -8.69473
9.46207 -8.78189 -8.82306
9.63433 -8.85393 -8.7707
9.08604 -8.77131 -8.58003
8.97071 -8.71293 -8.97251
9.11034 -8.68985 -8.72144
9.15005 -8.81775 -9.35236
9.18839 -9.17886 -9.30261
8.62705 -8.69704 -9.03904
8.90303 -8.62828 -8.98814
9.27178 -8.90475 -8.79203
9.13929 -8.61484 -9.13279
9.42261 -9.03898 -9.44805
8.89236 -8.53922 -9.04483
9.3105 -8.84437 -8.86753
8.65872 -8.78313 -9.1846
9.43244 -8.9009 -8.97919
8.91269 -8.82793 -8.72416
9.09753 -8.8937 -8.67474
9.09843 -8.88479 -8.87449
8.87773 -8.70109 -8.88578
8.8257 -8.87218 -8.73739
9.15986 -9.1546 -8.73914
9.11905 -8.87728 -8.77017
9.25314 -8.89792 -8.81919
9.23745 -8.87239 -8.96743
8.95471 -9.00755 -9.09015
9.08847 -9.19538 -8.99779
9.1258 -9.17606 -9.3476
9.15347 -8.86374 -9.16502
9.29489 -9.06203 -9.09664
8.88529 -9.02116 -9.02795
9.29514 -8.94353 -9.11202
9.35644 -8.82058 -9.30191
9.39295 -8.77424 -9.13093
9.29367 -8.5806 -8.99693
9.00615 -8.98865 -8.9926
8.87418 -9.01615 -9.10897
9.06957 -9.34177 -9.20788
9.19886 -9.46796 -9.10448
9.13926 -9.26498 -8.91228
9.29766 -9.12019 -9.21307
9.02351 -9.0953 -9.23175
9.33948 -9.68706 -9.19603
9.24414 -9.14142 -9.02533
9.37328 -8.7878 -9.10711
9.41428 -9.3094 -9.27832
8.9177 -9.031 -9.02408
8.82216 -9.34404 -9.17285
9.09895 -9.2198 -9.16127
9.06271 -9.3225 -9.15238
9.44604 -9.19074 -9.03678
9.1857 -9.34451 -9.27805
8.69932 -9.02338 -9.20987
9.07708 -9.07013 -9.16902
8.98336 -9.19406 -9.2227
8.84393 -9.40935 -9.33791
9.58379 -9.17778 -9.52038
9.03854 -8.97755 -9.30606
9.04228 -8.67931 -9.33042
9.49745 -8.93378 -9.30016
9.12586 -8.94195 -9.48651
8.70421 -9.04206 -9.51187
8.89941 -8.68216 -9.20113
8.84538 -8.98244 -9.43437
9.02224 -8.9092 -9.43297
9.10138 -8.6823 -9.45706
9.1364 -8.86928 -9.56834
8.78909 -8.93415 -9.54091
9.20003 -9.01815 -9.4042
9.06874 -8.86773 -9.56993
9.30128 -8.72614 -9.1668
9.55581 -8.97211 -9.37042
9.10975 -8.95342 -9.24939
9.18818 -8.82204 -9.3307
9.23118 -8.80566 -9.35942
9.34039 -9.01283 -9.21178
9.16892 -8.60814 -9.25361
9.36857 -9.0309 -9.40229
9.14966 -9.17021 -9.08302
8.96205 -9.40654 -9.07681
8.85514 -9.35964 -9.04093
9.06519 -9.17896 -9.09742
9.4549 -9.2046 -8.98
9.0351 -9.14067 -9.56486
8.70862 -9.23061 -9.3894
9.26685 -9.04127 -9.36794
9.21318 -8.97773 -9.34612
9.26906 -9.06182 -9.34569
9.24848 -9.0475 -9.47234
9.1605 -8.87369 -9.34763
8.94027 -8.75173 -9.58115
9.3943 -9.22331 -9.54727
8.89973 -8.89376 -9.31933
9.37387 -8.92728 -9.13651
8.90161 -8.9515 -10.0092
8.89886 -8.87101 -9.49368
9.05625 -9.11435 -9.26621
9.06247 -9.28133 -9.396
9.2704 -9.13015 -9.14836
9.24136 -9.18899 -9.20954
9.15738 -8.70446 -9.22394
9.19874 -9.17342 -8.97973
9.05119 -9.20713 -9.20092
8.92093 -9.23651 -8.99881
8.80501 -8.76106 -9.1171
9.19786 -9.34745 -9.24866
8.98237 -9.20767 -9.49703
9.05698 -9.15485 -8.94221
8.78381 -9.06787 -8.96119
8.82022 -8.90402 -9.55217
8.9217 -8.86126 -9.25567
8.93012 -8.79376 -9.2502
8.78991 -8.96257 -9.20493
9.15596 -8.72835 -9.34226
8.95688 -8.74853 -9.24566
8.83432 -8.88206 -9.30363
9.34538 -9.00522 -9.48006
9.44113 -8.68128 -9.45353
9.12495 -8.85569 -9.15458
9.30412 -8.78191 -9.26692
9.10198 -9.05248 -9.08759
9.0812 -9.11193 -9.37365
9.06378 -9.21118 -9.20991
8.99634 -9.11034 -8.92158
9.06456 -8.80755 -9.212
8.93786 -9.39551 -8.91621
8.98358 -9.31465 -9.11959
9.27675 -9.44618 -9.28878
8.95586 -9.43345 -9.06757
9.36281 -9.03392 -9.10105
9.1589 -9.1043 -9.1867
9.41156 -9.05188 -8.91544
9.08327 -9.00089 -9.02814
9.04386 -8.84003 -9.08994
8.94431 -9.23121 -9.3052
9.10374 -9.03555 -9.24492
9.05813 -9.04378 -9.16759
9.52924 -9.55743 -9.13119
9.65353 -9.24015 -9.21935
9.44765 -8.8326 -9.61725
9.25327 -9.14127 -9.6827
9.24303 -9.2737 -9.64654
9.07123 -9.0181 -9.24112
9.01041 -8.93172 -9.43728
9.15823 -9.06376 -9.38146
8.72389 -9.12128 -9.18988
8.89125 -8.98801 -9.11648
8.98128 -9.00902 -9.45629
9.24606 -9.04432 -9.58401
9.17218 -9.0713 -9.29201
9.66763 -9.21258 -9.2181
8.66793 -9.24176 -9.20608
9.11961 -9.23577 -9.2099
9.29107 -9.01517 -9.29595
8.97587 -8.89963 -9.01339
9.34331 -9.11579 -9.06677
9.45626 -9.12103 -8.97042
8.81655 -9.15066 -9.07493
8.99628 -9.19812 -8.98423
9.19389 -8.7574 -9.24957
9.3522 -8.8736 -9.11835
9.57284 -8.90497 -9.20315
9.12635 -8.89943 -9.07426
9.1996 -9.10654 -9.03167
9.15966 -9.05848 -9.55827
8.90256 -9.15541 -9.23836
9.17592 -9.11538 -9.17513
8.76774 -9.30529 -9.46783
8.76489 -9.03016 -9.24214
9.02974 -9.24444 -8.86414
9.3457 -8.76229 -8.95452
9.40918 -8.86301 -9.05307
8.87803 -9.03745 -8.99713
8.79519 -9.02393 -9.11878
9.23199 -9.06608 -8.94018
8.95888 -8.90974 -8.72392
9.06068 -9.22376 -9.03942
9.03039 -9.30992 -8.87862
9.11427 -8.79678 -8.80488
9.5654 -9.01448 -9.0155
9.45301 -8.96583 -8.98736
9.10104 -9.24251 -8.93972
9.41964 -9.00631 -8.99823
9.06049 -9.16881 -8.83955
8.98632 -9.33738 -9.32085
9.41604 -9.24527 -9.60026
8.89628 -8.93348 -9.2959
8.70324 -9.30976 -9.43237
9.13989 -9.42321 -8.8631
8.68461 -9.03826 -9.31043
8.81573 -9.23996 -9.22609
9.0467 -9.25347 -9.57536
9.63194 -9.13182 -9.61149
9.37488 -9.04793 -9.28674
9.08205 -9.04738 -9.15494
8.91441 -9.07656 -9.1783
9.35224 -9.12339 -8.75576
9.3591 -9.31364 -8.87677
9.11285 -9.13585 -9.02945
9.21059 -9.09643 -9.31073
8.8793 -9.44541 -9.11167
9.39558 -9.65535 -9.15635
9.42795 -9.58158 -9.07331
9.24756 -9.28197 -8.80693
9.25182 -9.21258 -8.94182
9.3017 -9.42318 -9.04108
9.03354 -9.19199 -9.13044
9.15298 -9.26991 -9.36151
9.33303 -9.60573 -9.12166
9.32444 -9.4643 -8.99385
8.92447 -9.50958 -9.24434
9.01856 -9.68128 -9.26659
9.36994 -9.27417 -9.37107
9.34993 -9.49318 -9.03705
9.39524 -9.45907 -9.12395
9.21663 -9.32857 -9.28128
8.93824 -9.08874 -9.19849
8.93315 -9.13988 -9.40048
8.83221 -9.36457 -8.93508
9.28161 -8.94121 -9.3442
9.63501 -9.16616 -9.19446
9.48432 -9.11343 -9.34832
9.39307 -9.30123 -9.544
8.90715 -9.09379 -9.23594
8.92649 -9.11942 -9.27638
9.3851 -9.13336 -9.24789
9.47068 -8.99522 -9.33342
9.20146 -9.13651 -9.20233
8.93906 -9.05549 -9.02029
9.18952 -9.34133 -9.1717
9.37993 -8.97001 -9.48785
9.25946 -9.24861 -9.34903
9.39432 -9.27541 -9.46331
9.15938 -8.88601 -9.44325
9.00939 -9.00777 -9.52358
9.34251 -8.82975 -9.29107
9.24808 -8.82934 -9.05736
9.44637 -8.99463 -8.99535
9.08028 -9.3585 -9.24891
8.89406 -9.25085 -9.50116
9.02619 -9.02705 -9.66281
9.0621 -9.07738 -9.47622
8.88232 -9.08195 -9.15855
8.98448 -9.12826 -9.23242
8.98611 -9.0364 -8.9735
9.36566 -8.84683 -9.32299
9.14746 -8.72049 -9.28924
9.04896 -8.80245 -9.43618
9.01565 -9.17373 -9.18063
8.78847 -9.33854 -9.41577
9.21096 -9.08143 -9.66453
9.30241 -9.2122 -9.45438
9.26459 -9.16317 -9.52249
9.1017 -8.79484 -9.31829
9.24043 -9.17846 -9.05234
9.36839 -9.4413 -9.24411
9.23463 -8.65203 -9.01445
9.48307 -9.01611 -8.74718
9.28005 -9.01832 -9.17069
9.43318 -9.24775 -9.02496
9.40158 -9.06707 -9.01979
9.32265 -9.18925 -8.98565
9.13042 -9.12411 -8.99876
9.08931 -9.20828 -9.05664
9.10786 -9.30236 -9.11515
9.11097 -8.95165 -9.11224
9.15028 -8.85766 -8.96354
9.08767 -9.2088 -9.03723
9.50429 -9.12412 -9.34888
9.19323 -9.41276 -9.24989
9.46378 -9.03183 -9.06069
8.98838 -9.325 -9.12849
9.12607 -9.123 -9.23186
8.9999 -9.18683 -9.3088
9.31763 -8.81851 -9.31302
8.96368 -8.74908 -9.35591
9.51092 -9.18417 -9.26559
9.30748 -9.04405 -9.21007
9.30786 -9.2762 -9.26185
9.28605 -9.14182 -9.09696
9.26948 -9.39678 -9.12559
8.9837 -9.37639 -8.9001
9.16717 -8.84794 -8.90704
9.17515 -9.36036 -9.01618
8.86085 -9.57884 -8.99483
9.02881 -9.28216 -8.87302
9.08078 -9.12151 -9.14659
9.26197 -8.8807 -8.69148
8.7475 -9.27688 -9.04324
9.06757 -9.07696 -9.09585
9.16039 -9.04097 -8.92053
9.06963 -8.96564 -9.05992
8.90822 -9.21414 -9.21684
8.94663 -9.16104 -9.07273
9.47057 -9.19246 -9.14399
9.05303 -9.29076 -8.89994
9.24961 -9.26002 -9.3241
9.50698 -9.06525 -9.14587
9.15104 -8.96994 -8.9586
9.10008 -9.05115 -9.06568
9.23416 -9.03508 -9.22853
9.35451 -9.0296 -9.3606
9.35057 -9.01735 -8.96023
9.33677 -8.94336 -8.91192
9.31133 -9.03028 -9.11035
9.25838 -9.10046 -9.40708
9.01274 -9.02789 -8.88032
9.27393 -8.93985 -9.05697
9.45026 -8.88176 -9.45155
9.03109 -8.91952 -9.60436
9.26728 -9.16247 -9.29276
9.32096 -9.17818 -9.48213
9.08085 -9.12149 -8.9351
9.02434 -8.98359 -9.36474
9.30629 -8.99323 -9.38987
8.93376 -9.11038 -9.27664
9.13706 -9.30668 -9.34989
8.91819 -8.92424 -9.19938
9.15662 -8.94033 -9.07299
9.27783 -8.89899 -9.1898
8.71631 -8.88298 -9.38164
8.9629 -8.90606 -9.71379
9.15804 -9.14168 -9.78854
9.43102 -8.88595 -9.39822
9.05074 -9.09884 -9.22876
9.23745 -8.82616 -9.43633
8.98082 -8.61231 -9.46337
8.9741 -8.53949 -9.30617
9.13716 -8.74372 -9.64265
9.14334 -9.0665 -9.55216
9.35068 -8.77583 -9.54206
9.35942 -8.76367 -9.55375
9.03271 -9.03539 -9.10338
9.24255 -9.073 -9.27592
9.58539 -8.854 -9.141
9.2432 -9.02869 -9.3789
9.12228 -9.02855 -9.30472
9.39373 -9.0582 -9.1405
9.42415 -8.96251 -9.25838
9.16517 -9.12939 -9.22343
9.25319 -9.06664 -9.25176
8.8229 -9.1652 -9.21483
9.34852 -9.10274 -9.42236
9.24762 -9.2913 -9.10859
8.97347 -8.91519 -9.2885
9.1363 -9.17337 -9.30068
9.28853 -8.99653 -9.33485
9.36994 -8.97097 -9.34278
9.35883 -9.05453 -9.33271
9.18391 -9.09959 -9.35144
9.33861 -9.01692 -9.33247
9.0946 -8.98833 -9.17392
9.2306 -9.14176 -9.33927
8.95536 -9.12548 -9.45959
9.31344 -8.82107 -9.40583
9.09081 -9.15606 -9.84849
9.21331 -8.94817 -9.71214
9.0667 -9.07868 -9.59305
9.03409 -9.18421 -9.55915
8.95182 -9.15698 -9.95464
9.46783 -9.04112 -9.63611
9.19377 -8.93385 -9.74538
9.2753 -9.05262 -9.43781
8.82119 -8.82025 -9.68776
9.05086 -8.89871 -9.56783
8.62704 -9.02692 -9.24742
8.99241 -8.87762 -9.41906
9.25459 -8.91955 -9.34974
8.79535 -8.9284 -9.32466
8.94997 -8.86175 -9.40716
9.03279 -9.10005 -9.43225
8.94486 -9.11524 -9.23622
9.02271 -8.96373 -9.43664
8.99072 -9.0837 -9.33706
9.19101 -9.13124 -8.90435
9.45859 -9.10044 -9.1991
9.28296 -8.91929 -9.45254
8.93928 -9.10105 -9.42065
9.28628 -9.00633 -9.65234
9.4422 -9.19013 -9.2704
9.1636 -8.80951 -9.23076
8.88989 -8.74853 -9.27957
9.3463 -9.14596 -9.1385
9.34537 -9.18941 -9.03805
9.41587 -9.08721 -9.49733
9.38899 -9.39675 -9.39336
8.89699 -9.24123 -9.65184
9.2997 -9.07028 -9.38305
9.31641 -9.26842 -9.10789
9.23992 -9.1116 -9.40279
9.2671 -9.00457 -9.3355
9.04421 -8.92749 -9.49694
9.18326 -9.00508 -9.04271
8.92173 -9.03854 -9.47501
9.24901 -9.0097 -9.5156
9.01627 -9.22765 -9.27526
8.96293 -9.02307 -9.38118
8.98547 -8.71176 -9.51514
9.12822 -8.95096 -9.29693
9.7415 -8.81412 -9.3844
9.10418 -8.76946 -9.42424
9.36283 -9.36174 -9.3587
9.23046 -9.2026 -9.70512
8.76206 -9.02834 -9.47941
9.40953 -8.9806 -9.56992
8.84742 -9.09806 -9.637
9.42964 -9.05555 -9.30988
9.62139 -9.12187 -9.31873
9.04051 -9.23959 -9.32395
9.12455 -8.97833 -9.52569
9.06307 -9.12625 -9.60865
9.16195 -9.29 -9.54423
9.02684 -8.94117 -9.43018
9.03064 -9.04478 -9.37797
9.57691 -9.03413 -9.09941
8.90758 -9.16126 -9.20969
9.17965 -9.18478 -9.26195
8.82072 -8.87593 -9.16717
9.08246 -9.11285 -9.33479
9.49862 -8.88681 -9.5092
9.42441 -9.29055 -9.34435
9.38746 -8.97467 -9.16966
9.34768 -8.56074 -9.18019
8.79844 -8.60583 -9.23565
9.03956 -8.93451 -9.12653
9.16255 -9.14266 -9.08242
9.27569 -8.99548 -9.17575
8.7477 -9.18656 -9.21788
8.87691 -9.04152 -9.15053
9.24493 -9.22312 -8.86796
9.31817 -8.80793 -9.01495
9.18733 -9.09553 -9.23168
9.32014 -9.00174 -9.30051
9.47565 -8.74169 -8.92703
9.38063 -9.45717 -8.90696
9.21333 -9.50726 -9.04257
9.37845 -8.90581 -9.13463
9.41649 -8.9881 -9.2454
9.32649 -9.04939 -9.51292
9.60194 -9.14867 -9.26817
8.84379 -9.2159 -9.01683
9.225 -9.49094 -9.1967
9.13733 -9.14892 -8.73254
9.21482 -9.12149 -9.0418
8.99405 -9.20769 -9.03296
9.21275 -9.24473 -9.41465
9.02221 -9.33249 -8.98311
9.12037 -9.10295 -9.32608
9.04678 -9.14677 -9.01068
8.76869 -9.18646 -9.12216
9.15587 -9.34207 -9.09292
9.3822 -9.1863 -9.10412
9.12183 -9.1735 -8.95567
9.06131 -9.0698 -8.99558
9.41443 -9.10455 -9.24969
9.43095 -9.28164 -9.18129
9.17335 -9.24526 -9.23325
8.94743 -9.75403 -9.20427
9.08198 -9.2552 -9.5269
9.14147 -9.29894 -9.37571
9.58731 -9.29252 -9.3558
8.82264 -9.45224 -9.30851
9.40022 -9.33872 -9.13416
8.75413 -9.26108 -9.06255
9.04814 -9.10212 -9.31765
8.89112 -9.35262 -9.0864
9.05713 -9.44796 -9.15777
9.34391 -9.4304 -9.27117
9.30919 -9.05853 -9.3391
8.95061 -9.15345 -9.45713
9.04541 -9.47035 -9.2959
8.94461 -9.51627 -9.38996
9.02827 -9.14667 -9.32699
8.8598 -9.14365 -9.148
9.30358 -9.18458 -9.25261
9.30143 -8.82183 -9.03792
9.16174 -9.22158 -9.40582
9.09962 -8.97113 -9.45502
9.07165 -9.02255 -9.19324
9.08037 -9.03691 -9.33461
8.9883 -9.03306 -9.47649
8.99792 -9.18358 -9.40328
9.21673 -9.35265 -9.41734
