1600 50
6.50294e-05 6.4912e-05 7.59338e-05 0.00228912 0.00228847 0.00235043 0.05915 0.0577129 0.203996
0.0571656 0.0560577 0.153581 0.197433 0.19827 0.130699 0.0258663 0.0259251 0.0208927
0.0590323 0.0578226 0.171134 0.251046 0.251711 0.194812 0.0271316 0.0271666 0.0239404
0.0590012 0.0577718 0.163311 0.282164 0.282811 0.227227 0.0287299 0.0287447 0.0273696
0.0578977 0.0566559 0.153371 0.297243 0.298608 0.191676 0.0254314 0.0254637 0.0227195
0.0545804 0.0531944 0.186172 0.334309 0.335382 0.241747 0.0263531 0.0263756 0.0242754
0.0547138 0.0533229 0.204761 0.338193 0.338854 0.273918 0.02652 0.0265082 0.0278171
0.053763 0.0525023 0.168821 0.359323 0.360602 0.252126 0.0258907 0.0259358 0.0219839
0.0545685 0.0532998 0.172006 0.383616 0.384172 0.327677 0.0264315 0.0264361 0.0259578
0.0543909 0.0531255 0.169778 0.367774 0.368703 0.281347 0.025852 0.025849 0.0261277
0.0509541 0.0497444 0.159207 0.391281 0.391773 0.342993 0.0276272 0.0275783 0.0321679
0.0540447 0.052749 0.174996 0.420163 0.421095 0.333578 0.0260073 0.0259803 0.0283409
0.0512469 0.0500207 0.169373 0.416122 0.416505 0.376188 0.0267345 0.026713 0.0287828
0.0525328 0.0513513 0.166023 0.436606 0.43758 0.344626 0.025511 0.025449 0.0317922
0.0526649 0.0514935 0.158364 0.483341 0.484439 0.379921 0.0262829 0.0262714 0.0273248
0.0522682 0.0511395 0.156052 0.487195 0.487688 0.434861 0.0271957 0.0271785 0.0288087
0.0502712 0.0490297 0.178107 0.481325 0.481637 0.444738 0.026244 0.0262045 0.0302559
0.0514019 0.0502319 0.151083 0.465863 0.466799 0.369041 0.0249379 0.0249175 0.0267883
0.0516809 0.0504592 0.168411 0.505156 0.50605 0.410771 0.0274577 0.0274021 0.0328702
0.0480802 0.0468866 0.177676 0.46909 0.470518 0.335309 0.0268339 0.0267391 0.0368366
0.050449 0.0492877 0.161465 0.497353 0.498592 0.377413 0.0267227 0.0266494 0.0344895
0.0491517 0.0479034 0.183627 0.510571 0.51109 0.452545 0.0269656 0.0268786 0.0369669
0.0506193 0.0494524 0.164158 0.506715 0.507834 0.400172 0.0268151 0.0267645 0.0319075
0.0502176 0.0490296 0.175972 0.480616 0.480708 0.470615 0.0259017 0.0258251 0.0344521
0.0505963 0.0494345 0.169364 0.514711 0.515228 0.465542 0.0271617 0.0271187 0.0318159
0.051322 0.0501963 0.15969 0.515077 0.51559 0.469515 0.0286276 0.0286102 0.0302935
0.0490886 0.0480731 0.146855 0.496808 0.497308 0.45359 0.0263448 0.0263256 0.0283508
0.049261 0.048196 0.159372 0.488544 0.487866 0.560972 0.0270082 0.0269478 0.0341054
0.0499121 0.0488442 0.173729 0.522154 0.521663 0.574297 0.0278132 0.0277901 0.0302776
0.0502759 0.0493026 0.143 0.516995 0.516684 0.546236 0.0278014 0.0277952 0.0284809
0.0520722 0.0510415 0.158786 0.514612 0.5143 0.543897 0.02692 0.0269051 0.028453
0.051219 0.0500945 0.164484 0.526985 0.526858 0.53875 0.0275378 0.0275185 0.0294487
0.0505547 0.0494108 0.172217 0.56408 0.563599 0.611555 0.0285624 0.0285282 0.0320841
0.0489228 0.0477803 0.171766 0.55218 0.551597 0.611713 0.028415 0.0283819 0.0319558
0.0503169 0.0491965 0.157584 0.521625 0.521607 0.523294 0.0282352 0.0282054 0.0311045
0.0488427 0.0477751 0.14637 0.544484 0.544491 0.543877 0.0288614 0.0288365 0.0311966
0.048898 0.0477455 0.17324 0.521001 0.520412 0.580103 0.0277856 0.0277543 0.0308693
0.0454462 0.0443551 0.163413 0.537062 0.536542 0.587074 0.0288072 0.0287642 0.0331164
0.0493933 0.0482774 0.164172 0.528021 0.527772 0.551918 0.0284499 0.0284557 0.0279243
0.0494317 0.0483448 0.159482 0.493171 0.492398 0.574809 0.02815 0.0281299 0.0301738
0.0525677 0.0514295 0.166583 0.520814 0.519901 0.617071 0.0279577 0.0279571 0.0280064
0.0518878 0.0507983 0.158277 0.527821 0.527112 0.601842 0.0286333 0.028593 0.0326678
0.0519136 0.0507893 0.169634 0.545033 0.54425 0.625576 0.0287295 0.0286801 0.0337252
0.0488379 0.0476553 0.179889 0.543328 0.542579 0.620357 0.0291497 0.0290945 0.0345538
0.0472518 0.0461775 0.16159 0.538586 0.537487 0.657349 0.0281119 0.0280578 0.0341087
0.0480732 0.046994 0.166155 0.558417 0.558267 0.572771 0.0284304 0.0284459 0.0270059
0.0487199 0.0476704 0.162869 0.566913 0.566878 0.570129 0.0282239 0.0282095 0.029698
0.0448302 0.0438121 0.157658 0.559045 0.558798 0.584054 0.0279357 0.0278945 0.0323166
0.046481 0.0454336 0.150094 0.552315 0.552177 0.566484 0.0285508 0.0285299 0.0307788
0.0453118 0.0442503 0.153617 0.559713 0.560033 0.528564 0.0292241 0.0292233 0.0293084
0.0468118 0.0456745 0.164108 0.546684 0.54726 0.493428 0.0285356 0.0285204 0.0300202
0.0466301 0.0455019 0.167243 0.552562 0.552861 0.523813 0.0292765 0.0292751 0.0294092
0.0458152 0.0446973 0.156634 0.555431 0.555575 0.541182 0.028859 0.0288285 0.0318464
0.0454111 0.0442391 0.163784 0.545694 0.546005 0.517539 0.0290749 0.029028 0.0338393
0.0433456 0.0422883 0.142169 0.519236 0.519357 0.508151 0.029169 0.0291741 0.0286765
0.0468373 0.0456948 0.161359 0.535426 0.535747 0.508167 0.029689 0.0296793 0.030641
0.0452536 0.0440952 0.171578 0.539947 0.539198 0.628359 0.0301378 0.0301199 0.0320452
0.0458199 0.0447011 0.167154 0.55938 0.559072 0.588425 0.0298626 0.0298211 0.0342954
0.0449879 0.0439109 0.15458 0.520209 0.519623 0.578742 0.0300925 0.0300666 0.0326103
0.0446 0.0435626 0.147696 0.548703 0.547968 0.62254 0.0299298 0.0298703 0.0364938
0.0452544 0.0441876 0.154502 0.562929 0.562038 0.656253 0.0313877 0.0313243 0.0383512
0.0447385 0.0437777 0.133496 0.533109 0.533449 0.504957 0.0304734 0.0304745 0.0303654
0.0441152 0.0431357 0.138173 0.574856 0.57434 0.624604 0.0305477 0.0305404 0.0312756
0.0442077 0.0431332 0.16203 0.575519 0.5751 0.614878 0.0302849 0.0302552 0.0334839
0.0421662 0.0412122 0.133269 0.57714 0.576966 0.593108 0.0297255 0.0297163 0.0306662
0.0409303 0.0399536 0.136697 0.570309 0.56946 0.657748 0.0307513 0.0307512 0.0307636
0.0409769 0.0400169 0.141511 0.586699 0.586255 0.630809 0.0309104 0.0309011 0.0319441
0.0413509 0.0404136 0.136504 0.550061 0.550134 0.543324 0.0297409 0.0297515 0.0286154
0.0432731 0.0422519 0.14834 0.552746 0.553139 0.517594 0.0304894 0.030524 0.027023
0.041618 0.0406021 0.152217 0.55718 0.556748 0.600796 0.0304967 0.030512 0.0288263
0.041271 0.0402998 0.149602 0.585585 0.585372 0.60755 0.0304052 0.0304272 0.02794
0.0401539 0.0392451 0.138558 0.560698 0.560268 0.604721 0.0296486 0.0296928 0.0247971
0.0415873 0.0405968 0.141493 0.559168 0.55943 0.535157 0.02954 0.029589 0.0243342
0.0410222 0.0400172 0.147494 0.532239 0.532465 0.508872 0.0302865 0.0302882 0.0300873
0.0417803 0.0407502 0.149324 0.567976 0.567951 0.57041 0.0317076 0.0317289 0.0293823
0.0391602 0.0381861 0.140692 0.556199 0.556227 0.553553 0.031475 0.0315157 0.0271358
0.0414703 0.0404802 0.133247 0.602644 0.603611 0.522607 0.0324024 0.032494 0.0242397
0.0413167 0.0404443 0.119795 0.600498 0.600897 0.565517 0.0327616 0.0328304 0.0263686
0.0405065 0.0395817 0.133389 0.592158 0.592048 0.602453 0.0317512 0.0318018 0.0270509
0.0415722 0.0406427 0.134863 0.555301 0.555694 0.519845 0.0308074 0.0308407 0.0276128
0.041273 0.0403902 0.132795 0.585824 0.586356 0.538486 0.0316344 0.0316473 0.0303889
0.0404835 0.0395774 0.136868 0.554454 0.553977 0.601946 0.0314164 0.0314041 0.0327505
0.0411909 0.0402952 0.129042 0.542119 0.541894 0.563146 0.0316478 0.0316839 0.0281869
0.0413454 0.0404779 0.124861 0.550448 0.550083 0.58734 0.0318876 0.0319034 0.0304091
0.0417339 0.0408288 0.141167 0.567802 0.567176 0.630631 0.0321855 0.0321777 0.0329705
0.0390165 0.0382557 0.10235 0.538911 0.539088 0.523262 0.0314332 0.0315081 0.0250275
0.0411725 0.0403121 0.119977 0.522502 0.523038 0.478755 0.031345 0.0314079 0.0260392
0.0414955 0.0406436 0.115626 0.55279 0.552594 0.570749 0.0311098 0.0311362 0.0286924
0.0401033 0.0392175 0.128772 0.552762 0.552314 0.599259 0.031068 0.0310126 0.0373049
0.0423486 0.041387 0.145755 0.55134 0.551212 0.563665 0.031599 0.0315608 0.0357537
0.0408454 0.0398978 0.137016 0.552265 0.551442 0.642292 0.0311521 0.0311425 0.0321664
0.0408286 0.0399034 0.136536 0.561022 0.560697 0.593899 0.032343 0.0323703 0.029703
0.0378252 0.0369637 0.128857 0.554953 0.554561 0.597891 0.0325894 0.0325863 0.0329195
0.0403047 0.0394447 0.133743 0.529242 0.529033 0.551157 0.0322364 0.0322518 0.0306345
0.039789 0.0389507 0.12931 0.563812 0.563065 0.652406 0.0327213 0.0326856 0.036999
0.0405308 0.039662 0.139491 0.54541 0.544891 0.605871 0.0333044 0.0332956 0.0342934
0.0395153 0.0387222 0.117302 0.535772 0.535522 0.562923 0.0334917 0.0335 0.0326196
0.0400187 0.0391331 0.135524 0.556004 0.555668 0.592813 0.0331591 0.0331301 0.0364336
0.0399655 0.0391152 0.119813 0.559365 0.559073 0.591664 0.0323462 0.0323598 0.0310083
0.0395899 0.0386823 0.139098 0.547495 0.546849 0.620362 0.0335517 0.0335272 0.0361633
0.0396919 0.0388306 0.129406 0.560422 0.560602 0.543399 0.0323774 0.0323861 0.031514
0.0398513 0.0389612 0.136897 0.545135 0.544552 0.603812 0.0321135 0.0321259 0.0309248
0.0380548 0.0371775 0.129406 0.537231 0.537092 0.55028 0.0316287 0.0316636 0.0284987
0.0397262 0.0388004 0.133665 0.538717 0.537903 0.624535 0.0332287 0.0332329 0.0328045
0.0394789 0.0385532 0.13153 0.554621 0.554685 0.548659 0.0320844 0.0320914 0.0314069
0.0385792 0.0377406 0.116631 0.530389 0.530758 0.49813 0.0325487 0.032597 0.0283248
0.0395808 0.0387062 0.120262 0.566133 0.566433 0.53761 0.0330048 0.0330246 0.0310936
0.0390756 0.0382187 0.130101 0.552811 0.553093 0.525071 0.0335367 0.0335197 0.035346
0.038804 0.0380005 0.121842 0.557612 0.557089 0.615477 0.0330334 0.0330196 0.0345107
0.0402156 0.0394058 0.128454 0.542124 0.541503 0.612677 0.0330755 0.0330566 0.0351339
0.0389283 0.0381356 0.12458 0.538479 0.538242 0.563517 0.0327186 0.0327262 0.0319127
0.0410226 0.040173 0.126129 0.557914 0.558348 0.516423 0.0343617 0.0344106 0.0297822
0.0403046 0.0393546 0.152074 0.552869 0.552037 0.651325 0.034325 0.0342842 0.0396147
0.0403238 0.0393542 0.161381 0.590747 0.589764 0.71242 0.0346072 0.0345609 0.040822
0.0409965 0.0400895 0.142603 0.582551 0.581637 0.693885 0.0344919 0.0344612 0.0383905
0.0388847 0.0380714 0.123387 0.583361 0.582999 0.622376 0.0341354 0.0341537 0.0321308
0.0417046 0.0408695 0.124347 0.588244 0.58861 0.553084 0.0347746 0.034829 0.0293652
0.0413851 0.0405138 0.134794 0.584274 0.58441 0.570731 0.0344117 0.0344279 0.0327566
0.0428858 0.0419201 0.153021 0.582884 0.582638 0.609268 0.0344274 0.0344241 0.0347818
0.0403997 0.0394928 0.148375 0.5708 0.570764 0.574502 0.0345987 0.0345651 0.038447
0.0390579 0.0382486 0.121869 0.563742 0.564479 0.498192 0.0351704 0.0352051 0.0320265
0.0412814 0.0403742 0.143116 0.572386 0.572454 0.565315 0.0340538 0.0340501 0.0344422
0.0421657 0.0413211 0.133538 0.567902 0.567773 0.581521 0.0334298 0.0334178 0.0347936
0.0411883 0.0403257 0.12971 0.577838 0.578155 0.545954 0.0336998 0.0337029 0.0333807
0.0411473 0.0401963 0.154671 0.566698 0.566369 0.605513 0.0343724 0.0343191 0.0406112
0.0405921 0.0396232 0.156995 0.560269 0.560183 0.569643 0.0348696 0.0348088 0.041769
0.0414174 0.0404283 0.159877 0.577251 0.577195 0.583462 0.0343564 0.0343105 0.0397374
0.0427883 0.0418803 0.144968 0.621214 0.621547 0.587743 0.0357608 0.0357074 0.0419064
0.0437522 0.0428113 0.152007 0.599897 0.599718 0.61965 0.0347699 0.0347284 0.0393616
0.0426604 0.041846 0.130213 0.577689 0.577531 0.596279 0.0344464 0.0344129 0.0382711
0.0421418 0.0412797 0.137225 0.546916 0.54635 0.612781 0.0335536 0.0334975 0.0403443
0.0410414 0.040174 0.127753 0.54001 0.540144 0.525962 0.0335945 0.0335829 0.0348935
0.0413219 0.0404169 0.149254 0.562749 0.562332 0.61078 0.0336601 0.0336289 0.0373517
0.0405482 0.0396662 0.134627 0.591525 0.591806 0.562655 0.03319 0.0331746 0.0348955
0.0406852 0.0397683 0.141923 0.563654 0.563228 0.613031 0.0332078 0.0331847 0.0358705
0.0387821 0.037899 0.134742 0.576191 0.576508 0.54266 0.0328771 0.0329039 0.0301764
0.040442 0.039539 0.145163 0.576086 0.575906 0.595925 0.0334218 0.0334069 0.0351599
0.0413026 0.0404166 0.137262 0.602255 0.602158 0.613285 0.0347149 0.0347 0.0364709
0.0408196 0.0399 0.147348 0.588804 0.589077 0.560067 0.0328532 0.032835 0.0349619
0.0404623 0.0395123 0.146183 0.591735 0.591681 0.597601 0.033661 0.0336646 0.0332876
0.0399495 0.0390565 0.131337 0.597176 0.597063 0.609646 0.0340355 0.0340336 0.0342393
0.0401843 0.0391687 0.163139 0.596665 0.596482 0.616469 0.0328684 0.032866 0.0331148
0.0400085 0.0389937 0.160042 0.583716 0.584016 0.554164 0.0314872 0.031463 0.0340485
0.0399581 0.0390048 0.142252 0.60472 0.604738 0.602772 0.0315272 0.0314716 0.0380253
0.0397375 0.0387854 0.150026 0.563661 0.563384 0.594034 0.0311366 0.0310768 0.0383372
0.0398597 0.0388647 0.150564 0.59763 0.597936 0.567523 0.0316797 0.0316285 0.0373843
0.0394304 0.0384855 0.146256 0.602985 0.60259 0.646158 0.0320364 0.0319889 0.0372599
0.0394919 0.0385283 0.150173 0.601287 0.600988 0.632847 0.0324469 0.0323804 0.0402035
0.0393385 0.0383799 0.146902 0.595289 0.594909 0.634823 0.0325529 0.0325047 0.0380124
0.0378675 0.0369066 0.152672 0.566403 0.56561 0.654212 0.0327735 0.0327155 0.0395555
0.0396707 0.0386656 0.156047 0.601249 0.600987 0.626971 0.0322387 0.0322107 0.0353637
0.0398571 0.0388762 0.150726 0.587458 0.587011 0.638924 0.032314 0.0322372 0.0418221
0.0408092 0.0398166 0.15281 0.562093 0.561797 0.593343 0.0333416 0.0333033 0.0375701
0.0389881 0.0380997 0.132971 0.580976 0.580856 0.592969 0.0319531 0.0319136 0.0363605
0.0415147 0.0405795 0.148254 0.609819 0.609645 0.627505 0.0325294 0.0324592 0.040864
0.0406956 0.03977 0.145726 0.590436 0.590843 0.552739 0.0331223 0.0330823 0.0374824
0.039856 0.0389392 0.160539 0.569913 0.568896 0.692975 0.0332384 0.0331577 0.0435449
0.0384965 0.0376263 0.145114 0.597634 0.597266 0.639002 0.0333924 0.03334 0.0394242
0.0401008 0.0392559 0.125044 0.56255 0.562771 0.540119 0.0333373 0.0333278 0.0343252
0.0409984 0.0401676 0.127435 0.605187 0.605165 0.6075 0.0315208 0.0315215 0.0314412
0.0411597 0.0403352 0.131198 0.592428 0.592417 0.593641 0.0307883 0.0307932 0.0302566
0.0402251 0.0394132 0.126767 0.609727 0.609704 0.612193 0.0316905 0.0317052 0.030128
0.0405969 0.0398237 0.12391 0.615036 0.614903 0.628765 0.0315478 0.0315406 0.0323235
0.0406282 0.0398267 0.127184 0.57798 0.577728 0.604663 0.0312631 0.0312345 0.0345545
0.0400625 0.0392428 0.132427 0.561607 0.561589 0.563555 0.0319835 0.0319621 0.0344356
0.0405155 0.0397314 0.120096 0.568166 0.568453 0.540698 0.0320987 0.032066 0.0357605
0.0403629 0.0394336 0.152706 0.585283 0.584524 0.671601 0.0325653 0.0325264 0.0370764
0.0394759 0.0386583 0.130586 0.586547 0.586178 0.626495 0.0319945 0.0319698 0.0347629
0.0401345 0.0393046 0.134475 0.581829 0.581571 0.609998 0.0330401 0.0330113 0.0363838
0.0382388 0.0374421 0.134354 0.571741 0.571654 0.581463 0.0332912 0.0332826 0.0342653
0.0380539 0.0372006 0.150884 0.545785 0.545193 0.614445 0.0332658 0.0332286 0.0376559
0.038432 0.0375834 0.141023 0.599757 0.599582 0.618597 0.0337178 0.0336938 0.0363384
0.0398787 0.0390728 0.133215 0.60067 0.600294 0.642041 0.0340073 0.0339584 0.0398183
0.039256 0.0384721 0.118594 0.590606 0.589949 0.669467 0.0330198 0.0329513 0.0413409
0.0395547 0.0387234 0.123892 0.591513 0.591438 0.599253 0.0333125 0.0332609 0.0391613
0.0388557 0.0379662 0.141546 0.573786 0.573064 0.659262 0.0328609 0.0327763 0.0429489
0.0405789 0.0396536 0.151444 0.56535 0.564725 0.635191 0.033467 0.0334137 0.0394542
0.0410288 0.0401073 0.13897 0.575997 0.575959 0.579866 0.0331563 0.0330842 0.0414708
0.0413376 0.0403995 0.144813 0.569866 0.569499 0.609254 0.0325067 0.0324471 0.0397192
0.0389634 0.03809 0.139221 0.597331 0.597462 0.583966 0.0322948 0.0322468 0.0379881
0.0405639 0.0396851 0.149073 0.564736 0.564074 0.644855 0.0325399 0.0324502 0.0446931
0.0394753 0.0386201 0.140636 0.572313 0.571594 0.659425 0.032861 0.0327861 0.0420106
0.0398148 0.0389373 0.140707 0.552203 0.551991 0.575348 0.0323576 0.032295 0.0394725
0.0411053 0.0401224 0.174809 0.584132 0.583194 0.715636 0.0336699 0.0335569 0.0492067
0.0417101 0.040732 0.1633 0.612252 0.611811 0.662655 0.0345254 0.0344409 0.0445009
0.0412812 0.0403843 0.13939 0.570952 0.570714 0.597728 0.0338589 0.0337674 0.0453579
0.0417645 0.0408155 0.146112 0.572242 0.571517 0.662429 0.0342491 0.0341456 0.046954
0.0421903 0.0413275 0.13468 0.584485 0.584745 0.557164 0.0342877 0.0342797 0.035072
0.0418338 0.0409426 0.140086 0.57516 0.574862 0.609199 0.0347242 0.0346475 0.0436732
0.0412143 0.0403524 0.130893 0.577253 0.57717 0.586401 0.0337592 0.0336903 0.0414004
0.0409123 0.0400804 0.139626 0.602296 0.60181 0.660174 0.0345253 0.0344608 0.0419669
0.0412139 0.0403803 0.143433 0.583624 0.583375 0.612153 0.0338365 0.033792 0.0389097
0.0433557 0.0424744 0.148146 0.579583 0.578808 0.68189 0.0343408 0.0342606 0.0446745
0.0430866 0.0422663 0.138388 0.578984 0.578706 0.611942 0.0340823 0.0340342 0.0398159
0.0445085 0.0436256 0.147193 0.586469 0.586597 0.572458 0.0332608 0.0332264 0.0370005
0.0423359 0.0415109 0.135564 0.537205 0.537352 0.521293 0.0325357 0.0324833 0.0387051
0.0424524 0.041626 0.123976 0.553991 0.554806 0.477583 0.0332428 0.0332303 0.0344942
0.0449693 0.0440103 0.152281 0.551012 0.550404 0.62128 0.0336902 0.0336264 0.0411483
0.0441223 0.0432326 0.140363 0.599195 0.598307 0.709926 0.0335684 0.0335291 0.0379161
0.0435459 0.0426906 0.143226 0.55528 0.554931 0.59409 0.0332008 0.0331616 0.0376963
0.043563 0.0427406 0.13383 0.558487 0.557769 0.644605 0.0324688 0.0324236 0.0375544
0.0427042 0.0418356 0.141549 0.568567 0.568603 0.564746 0.0333001 0.0332907 0.0342364
0.0430229 0.0422008 0.134023 0.582726 0.582302 0.630985 0.033625 0.0336145 0.0347266
0.0438596 0.0430098 0.136138 0.537005 0.537079 0.52905 0.0328497 0.0328596 0.0318647
0.0439466 0.0430322 0.1499 0.568282 0.568727 0.522754 0.0331625 0.0331654 0.0328821
0.0447648 0.0438979 0.145863 0.587396 0.586897 0.648187 0.0338455 0.0338283 0.0356291
0.0428909 0.0420782 0.127598 0.597509 0.597672 0.578319 0.0324319 0.0324006 0.0357457
0.0427045 0.0419 0.12842 0.582405 0.581814 0.656139 0.033129 0.0330815 0.0383876
0.0434784 0.0426643 0.136611 0.571259 0.5703 0.698808 0.0341653 0.0340949 0.0429531
0.0446616 0.0438238 0.137473 0.579393 0.578948 0.62974 0.0334755 0.0334541 0.0357889
0.0439109 0.0431103 0.14361 0.559233 0.558293 0.679836 0.0334009 0.0333465 0.0398879
0.0435102 0.0426775 0.129056 0.539535 0.539776 0.515178 0.0338667 0.0338399 0.036673
0.0437399 0.0428392 0.14802 0.572372 0.57176 0.653532 0.0336745 0.033641 0.0373157
0.0435514 0.0426719 0.143471 0.56548 0.564825 0.642329 0.0340452 0.0340223 0.0366682
0.0425635 0.041698 0.138262 0.597085 0.5964 0.679376 0.0341437 0.0341099 0.0379997
0.043243 0.0423729 0.139125 0.575542 0.575081 0.630135 0.0333183 0.0332872 0.0368481
0.0429581 0.0420231 0.156198 0.544188 0.544081 0.556883 0.0337088 0.0336803 0.03703
0.0444532 0.0435393 0.142614 0.572195 0.572361 0.553362 0.034354 0.0343352 0.0364685
0.0421513 0.0412843 0.137524 0.547746 0.547893 0.531988 0.0329272 0.0329054 0.0354095
0.0418136 0.0409569 0.138867 0.534559 0.535061 0.482053 0.0328296 0.0328213 0.033683
0.0432217 0.0423617 0.13772 0.555541 0.555807 0.52588 0.0339303 0.0338956 0.0379482
0.0436435 0.0428683 0.118753 0.532189 0.532632 0.486245 0.0326633 0.0326678 0.0322097
0.0439729 0.043192 0.12288 0.519575 0.520189 0.45874 0.0326248 0.0326179 0.0333309
0.0417254 0.0409631 0.120865 0.545081 0.545418 0.507687 0.0329353 0.0329487 0.0316616
0.0432395 0.0423897 0.135215 0.543011 0.54306 0.537585 0.0334925 0.0334526 0.0377321
0.0444431 0.043612 0.126505 0.555194 0.555344 0.538927 0.0330507 0.0330456 0.0335635
0.0441169 0.0432054 0.149629 0.576364 0.576018 0.619331 0.0329499 0.0329088 0.0374258
0.043898 0.0430002 0.14042 0.538121 0.537827 0.572939 0.0333905 0.0333471 0.0382277
0.0433868 0.0424482 0.146922 0.533926 0.533885 0.53846 0.0335067 0.0334595 0.0388808
0.043746 0.0428937 0.126456 0.538645 0.53925 0.479423 0.0329977 0.0330129 0.031565
0.042779 0.0419331 0.123519 0.564979 0.56556 0.506721 0.0327062 0.0327334 0.0302063
0.0431025 0.0421844 0.147064 0.5636 0.563276 0.601515 0.0327921 0.0327949 0.0324966
0.0433491 0.0424196 0.154727 0.577496 0.577009 0.634842 0.0321665 0.0321593 0.0329304
0.0430286 0.0421172 0.147656 0.571637 0.571247 0.617955 0.0330275 0.0329803 0.0384961
0.0438048 0.0429002 0.13963 0.577514 0.577521 0.576774 0.0331967 0.0331868 0.0342204
0.0432273 0.0422958 0.141798 0.547248 0.547416 0.528943 0.0321458 0.0320846 0.0391065
0.0415592 0.0406627 0.134708 0.538205 0.538684 0.489531 0.0329155 0.0328854 0.0360034
0.041811 0.0408551 0.143572 0.547664 0.546999 0.633933 0.032444 0.0323548 0.0433246
0.040279 0.0393591 0.136446 0.549138 0.549097 0.553625 0.0303575 0.0303036 0.0364138
0.040386 0.0394376 0.149614 0.551475 0.551593 0.538284 0.0301607 0.0301102 0.0357861
0.0403922 0.0394157 0.14993 0.55297 0.552741 0.581509 0.0299074 0.029888 0.0320631
0.0410622 0.0401053 0.158688 0.557191 0.556375 0.670278 0.0301527 0.030109 0.0354688
0.0419316 0.0409498 0.168883 0.57055 0.570134 0.62132 0.0305889 0.0305764 0.0320707
0.0420177 0.041037 0.161091 0.560925 0.56009 0.67071 0.0307489 0.0306801 0.0393634
0.0421276 0.0411877 0.160043 0.578123 0.577685 0.631995 0.0308055 0.0307792 0.0338493
0.0430629 0.0421019 0.158314 0.55609 0.555701 0.605002 0.0299605 0.0299534 0.0307452
0.0420154 0.0410812 0.158642 0.515898 0.515263 0.598286 0.0305994 0.0305838 0.0325683
0.0417731 0.0408607 0.152148 0.571266 0.57088 0.618117 0.0306164 0.0306155 0.0307176
0.0413603 0.0404808 0.13673 0.565762 0.565039 0.65981 0.0318214 0.0318166 0.0323825
0.0406358 0.0397685 0.135878 0.574981 0.574728 0.604846 0.0326524 0.0326431 0.0336763
0.0418127 0.0409016 0.151766 0.573866 0.573235 0.655266 0.0331952 0.0331665 0.0367367
0.0405744 0.03967 0.148245 0.559406 0.559107 0.597714 0.0326228 0.0325965 0.0358041
0.0429073 0.0419953 0.15502 0.540616 0.540007 0.61446 0.0323894 0.0323557 0.0366507
0.0412771 0.0404255 0.144972 0.555707 0.555173 0.618354 0.032798 0.0327835 0.0345436
0.0418167 0.0409601 0.150825 0.559673 0.558995 0.642626 0.0333307 0.03332 0.0346563
0.0402204 0.0394203 0.126566 0.572487 0.572066 0.62249 0.0330448 0.0330483 0.032654
0.03972 0.0388087 0.152205 0.580324 0.579675 0.661423 0.031683 0.0317002 0.0298485
0.0383524 0.0374706 0.143153 0.577343 0.576512 0.686276 0.0321616 0.0321542 0.0330388
0.0415955 0.04067 0.1445 0.58304 0.582727 0.619778 0.0324897 0.0325044 0.0308782
0.0416839 0.0408025 0.135371 0.565375 0.565056 0.602493 0.0322961 0.0323303 0.0285433
0.0417607 0.0408486 0.144264 0.552446 0.551979 0.607289 0.0322214 0.0322323 0.0309488
0.0424843 0.041584 0.143363 0.545201 0.545093 0.557042 0.0314771 0.0314921 0.0297765
0.0433502 0.0424302 0.145289 0.572973 0.572364 0.647142 0.0323338 0.0323299 0.0328157
0.0419798 0.0410681 0.14625 0.591793 0.590869 0.709818 0.0322339 0.0322249 0.0333607
0.044401 0.0434222 0.158146 0.582971 0.582046 0.701684 0.0321802 0.0321865 0.0314258
0.0431971 0.0421957 0.175305 0.566854 0.56635 0.627605 0.0318877 0.0318537 0.0362959
0.0438848 0.0429048 0.159924 0.594517 0.59438 0.609141 0.0320128 0.0320317 0.0299075
0.0431883 0.042285 0.14828 0.573382 0.57279 0.643247 0.0321437 0.0321723 0.0291031
0.0443241 0.0434141 0.135734 0.594606 0.593792 0.695776 0.0327866 0.0327766 0.0339556
0.0436515 0.0427582 0.135135 0.575319 0.575659 0.54092 0.032499 0.0325156 0.0307761
0.0434529 0.0425225 0.142989 0.584768 0.584921 0.56861 0.0329175 0.0329267 0.031941
0.0448716 0.043933 0.151606 0.58259 0.582569 0.584872 0.0333229 0.0333368 0.0319203
0.0440385 0.0430823 0.159359 0.568036 0.567497 0.633374 0.0336614 0.0335979 0.0414788
0.0437091 0.0427731 0.148719 0.602526 0.60279 0.575122 0.034056 0.0340064 0.0398399
0.0460004 0.0449665 0.170882 0.607799 0.60728 0.666612 0.034244 0.034175 0.0424473
0.0443204 0.0433684 0.154903 0.585412 0.584865 0.649412 0.0340375 0.033985 0.0397423
0.0462169 0.0452518 0.154152 0.603855 0.603279 0.67469 0.0338754 0.0337729 0.0465017
0.045015 0.0440677 0.155015 0.558851 0.558373 0.613138 0.0335773 0.0335032 0.0420373
0.0438642 0.0429408 0.152105 0.587544 0.587038 0.647481 0.0334944 0.0334057 0.0442323
0.0448575 0.0439268 0.149696 0.584112 0.583927 0.604235 0.0334561 0.0333561 0.0449531
0.0446495 0.043673 0.160217 0.608272 0.608115 0.625403 0.0338374 0.0337327 0.0461309
0.0449858 0.0440113 0.155831 0.56578 0.565272 0.624326 0.0336512 0.0335341 0.0478696
0.0441168 0.0431259 0.145964 0.605443 0.605886 0.558474 0.0347937 0.034735 0.0406593
0.0444103 0.0433252 0.17618 0.62412 0.623507 0.697656 0.0344062 0.034283 0.0495945
0.0438111 0.0427963 0.163017 0.592734 0.592384 0.632582 0.0339946 0.0339268 0.0420424
0.0455975 0.0445468 0.168039 0.599508 0.599028 0.655152 0.0343602 0.0342975 0.0416116
0.0458848 0.0449014 0.152738 0.609927 0.609678 0.640202 0.0346424 0.0345614 0.044471
0.0462755 0.0452728 0.165787 0.603323 0.603236 0.612708 0.0344845 0.0344123 0.042753
0.0444828 0.0435485 0.158214 0.583869 0.583146 0.671367 0.0340089 0.033941 0.042072
0.0465985 0.0456898 0.154429 0.576994 0.57686 0.592099 0.0344721 0.0343979 0.0434894
0.0489785 0.0479822 0.170982 0.613197 0.612564 0.690791 0.0348592 0.0347672 0.0466222
0.049904 0.0488964 0.168507 0.582694 0.583044 0.547149 0.0343068 0.0342484 0.0409194
0.0500258 0.0490211 0.153815 0.599642 0.600164 0.547116 0.0346742 0.0346471 0.0374586
0.0468834 0.0459331 0.149928 0.58388 0.584873 0.491693 0.033792 0.0337735 0.0357972
0.0466052 0.045739 0.139387 0.569225 0.569029 0.591773 0.033783 0.0337567 0.0369237
0.0465957 0.0457478 0.142051 0.599858 0.599918 0.593292 0.0339784 0.0339582 0.0361609
0.0470342 0.0461035 0.153303 0.593807 0.593651 0.611532 0.0324516 0.032405 0.0377189
0.0462995 0.0453143 0.164719 0.571392 0.571565 0.55214 0.0319023 0.0318699 0.0358395
0.0481656 0.0472067 0.160903 0.590436 0.590299 0.605891 0.0325679 0.0325276 0.0372659
0.0473862 0.0464439 0.149754 0.604712 0.604624 0.614163 0.0328515 0.0328137 0.0370111
0.0455089 0.0446042 0.154279 0.592721 0.592428 0.626496 0.0326678 0.0326464 0.0352731
0.0441109 0.0432605 0.146643 0.581046 0.581162 0.568785 0.0327065 0.0327152 0.0317407
0.0454688 0.0445786 0.147187 0.579622 0.579287 0.616547 0.032773 0.0327867 0.0311777
0.0463407 0.0454238 0.143075 0.559621 0.559218 0.606377 0.0333502 0.0334061 0.0277222
0.0460674 0.0451241 0.155395 0.585204 0.584493 0.668783 0.0339277 0.0339299 0.0336646
0.0445216 0.0437107 0.124503 0.594731 0.594798 0.587751 0.0340708 0.0341111 0.0298097
0.0445655 0.0436594 0.148098 0.572954 0.57302 0.565619 0.0337606 0.0338083 0.028985
0.0457069 0.0447769 0.145193 0.56356 0.563893 0.529306 0.0334406 0.0334962 0.0279231
0.0448084 0.0439178 0.145406 0.591338 0.591089 0.619431 0.0335953 0.0336293 0.03001
0.0443128 0.0434634 0.139649 0.53598 0.536071 0.52603 0.033212 0.0332108 0.0333447
0.0438541 0.0429583 0.143103 0.560905 0.561119 0.538198 0.0331529 0.0331877 0.0293961
0.0427342 0.0419017 0.126784 0.567633 0.567511 0.580869 0.0336153 0.0336678 0.0285721
0.0431946 0.0423638 0.117881 0.572213 0.573037 0.494276 0.0335506 0.033612 0.0276708
0.0426145 0.0417397 0.130782 0.590377 0.590676 0.559817 0.0340111 0.0340287 0.0321358
0.0434347 0.0425379 0.136177 0.586779 0.58743 0.52032 0.0334894 0.0335236 0.0300597
0.0437585 0.0429321 0.121795 0.605124 0.606103 0.508603 0.0345615 0.0346307 0.0279422
0.0432284 0.0422929 0.146069 0.586656 0.587012 0.547841 0.034772 0.0348295 0.0291832
0.0413051 0.0404789 0.122093 0.577257 0.577995 0.500964 0.0342986 0.0343331 0.0308989
0.0438785 0.0430064 0.132133 0.574883 0.575426 0.515085 0.0346438 0.0346882 0.0304166
0.042099 0.041263 0.123406 0.5494 0.550489 0.439505 0.0344405 0.0344697 0.0316298
0.0408369 0.0399863 0.123994 0.533039 0.534268 0.413943 0.0331572 0.0332128 0.0278978
0.040909 0.0400432 0.131324 0.515451 0.51646 0.414645 0.0318552 0.0318812 0.0291755
0.0413181 0.0404364 0.137531 0.549206 0.54964 0.498624 0.0317303 0.0317534 0.0293391
0.0412089 0.0402856 0.13447 0.565516 0.56597 0.512012 0.0323143 0.0323382 0.0297643
0.0418458 0.0409134 0.151103 0.545559 0.545853 0.510996 0.0318737 0.0318461 0.0350562
0.0416007 0.0406325 0.151863 0.55419 0.554548 0.513423 0.0320354 0.0319858 0.0377736
0.0443255 0.0433701 0.148871 0.573393 0.573199 0.597892 0.0333275 0.0332831 0.0381171
0.0442089 0.0432067 0.164216 0.589378 0.588958 0.642438 0.0331433 0.033079 0.0404869
0.0441747 0.0431819 0.153945 0.626496 0.626198 0.666098 0.0337341 0.0336755 0.0402115
0.0431505 0.0421604 0.150435 0.604519 0.604303 0.632224 0.0330947 0.0330395 0.039116
0.0424064 0.041384 0.175697 0.620419 0.619992 0.681027 0.0335779 0.0334799 0.0452475
0.0421426 0.0412419 0.134709 0.617962 0.6183 0.577797 0.0334269 0.0333861 0.0377421
0.0428923 0.0419679 0.147002 0.604735 0.605248 0.545981 0.0338732 0.033829 0.0387876
0.0454582 0.0444773 0.157908 0.607895 0.60819 0.572444 0.0337945 0.0337428 0.0398123
0.0447587 0.0437799 0.156905 0.603346 0.603427 0.593288 0.0342951 0.034262 0.0381204
0.0445635 0.0436135 0.157194 0.620861 0.621043 0.599214 0.0345752 0.0345653 0.0356657
0.0417318 0.0408736 0.12985 0.590444 0.591207 0.508258 0.0344113 0.0344139 0.0341453
0.0451112 0.0441402 0.15096 0.591844 0.592284 0.542059 0.0346823 0.0346334 0.0402957
0.0449696 0.0439825 0.149321 0.558757 0.558868 0.545746 0.0344133 0.0344026 0.0354807
0.044667 0.043654 0.163236 0.585034 0.584949 0.595842 0.0333391 0.0333051 0.0370647
0.0412875 0.0402904 0.155389 0.522126 0.522056 0.530724 0.0305395 0.0304901 0.0361683
0.0415141 0.0405638 0.14908 0.517646 0.517577 0.52627 0.0308869 0.0308556 0.0345553
0.0422487 0.0412615 0.159003 0.533268 0.532595 0.626408 0.032037 0.0319547 0.0425203
0.0409486 0.0399987 0.15592 0.524802 0.524313 0.591801 0.0306787 0.0305797 0.0433616
0.041289 0.0403358 0.157202 0.520055 0.519948 0.533023 0.0308297 0.0307476 0.0411154
0.0421815 0.0411817 0.154577 0.534205 0.533994 0.559932 0.0312126 0.0311301 0.0410935
0.0429979 0.0420547 0.137141 0.525476 0.525813 0.489377 0.0303101 0.0302646 0.0352162
0.0421801 0.0412832 0.143681 0.541853 0.541665 0.564814 0.0317494 0.0317048 0.0366031
0.0436415 0.0427225 0.144878 0.551415 0.551352 0.558992 0.0315909 0.0315634 0.0346898
0.0432967 0.0423704 0.145359 0.546349 0.546485 0.531292 0.0318427 0.0318225 0.0341407
0.0429307 0.04198 0.157421 0.549739 0.549554 0.572719 0.0326334 0.0326131 0.0350447
0.0440176 0.043115 0.152198 0.564091 0.564247 0.546289 0.0315436 0.0315408 0.0318727
0.0458253 0.0449053 0.152286 0.574201 0.574062 0.590433 0.0325942 0.0325854 0.0336711
0.0464677 0.0455068 0.161031 0.602073 0.601949 0.617039 0.0334977 0.0334975 0.033529
0.0465832 0.0456002 0.161359 0.597385 0.596923 0.651653 0.0329992 0.0329881 0.0343561
0.045697 0.0448074 0.143147 0.605719 0.605698 0.608049 0.0332599 0.0332833 0.030617
0.0466164 0.0456996 0.148041 0.603914 0.60369 0.629231 0.0334833 0.0335109 0.0304951
0.0452705 0.0443593 0.151615 0.59149 0.591 0.65172 0.0332508 0.033266 0.0314653
0.046763 0.0458188 0.155995 0.596035 0.595788 0.62456 0.0335295 0.0335601 0.0299281
0.0473654 0.0464179 0.154095 0.582173 0.582323 0.566299 0.0325709 0.0326324 0.0259234
0.0484373 0.0475017 0.155612 0.635059 0.635267 0.612849 0.032829 0.0328797 0.0274512
0.0458003 0.0450087 0.12426 0.590248 0.591621 0.4603 0.0327782 0.0328212 0.0284988
0.0484296 0.0475756 0.138796 0.590942 0.591675 0.518452 0.0325975 0.0326367 0.0285493
0.04683 0.0460618 0.128084 0.577737 0.578166 0.533317 0.0334175 0.0334715 0.027836
0.04889 0.0480685 0.133167 0.601057 0.60189 0.521734 0.0343753 0.0344447 0.0271852
0.0505426 0.0496442 0.143845 0.615726 0.616935 0.505092 0.0341255 0.0341993 0.0265822
0.0510133 0.0501576 0.139389 0.602317 0.602732 0.560066 0.0345266 0.0345814 0.0286968
0.0494848 0.0486221 0.141632 0.595954 0.596403 0.551704 0.0345157 0.0345585 0.0299377
0.0505351 0.0496668 0.138619 0.591536 0.592324 0.516195 0.0331533 0.0332114 0.0274622
0.050202 0.0492919 0.14688 0.625458 0.626053 0.566304 0.0331467 0.033172 0.0305064
0.0510135 0.0501408 0.141347 0.606078 0.606375 0.575333 0.0330318 0.0330603 0.0300401
0.051483 0.0506452 0.135781 0.600145 0.600357 0.578392 0.0331249 0.0331799 0.0272495
0.052102 0.0513 0.131973 0.60794 0.608588 0.544298 0.0321903 0.0322313 0.0278705
0.0514743 0.0506333 0.13901 0.612206 0.613046 0.532347 0.0310691 0.0311067 0.0271946
0.0498829 0.0490541 0.134302 0.626618 0.627126 0.574541 0.031077 0.0310835 0.0303748
0.0467471 0.0459411 0.124191 0.61323 0.614252 0.518694 0.0310944 0.0311094 0.0295374
0.0472777 0.0465374 0.119483 0.590527 0.591561 0.495525 0.0321595 0.0322302 0.0255334
0.0472388 0.0464316 0.126471 0.616873 0.617474 0.559084 0.0322614 0.0323139 0.026771
0.0465782 0.0457177 0.137399 0.580302 0.580569 0.553014 0.0325334 0.0325619 0.0295307
0.0464647 0.0456684 0.124152 0.613365 0.613302 0.619951 0.0330419 0.0331097 0.0267271
0.0449829 0.0442473 0.117611 0.587007 0.587638 0.527259 0.0326193 0.0326923 0.0255951
0.0430164 0.0422821 0.112544 0.573405 0.574009 0.519412 0.0326221 0.0327069 0.0250504
0.044377 0.0436167 0.116494 0.59707 0.597061 0.597975 0.0332349 0.0333177 0.0253882
0.0442505 0.0434434 0.122523 0.602434 0.602327 0.613946 0.0332824 0.0333188 0.0295477
0.0403966 0.0396719 0.118447 0.540281 0.540255 0.542973 0.0326414 0.0326469 0.0320545
0.0423246 0.0415542 0.118729 0.576652 0.576893 0.554051 0.0330126 0.0330321 0.0309872
0.0402711 0.0395024 0.118524 0.575138 0.575251 0.564395 0.0320431 0.0320578 0.030492
0.0415143 0.0406644 0.131972 0.588421 0.588135 0.616011 0.0322353 0.0322552 0.0301313
0.0411016 0.0402224 0.136791 0.579438 0.57889 0.633653 0.0330743 0.0330856 0.0318392
0.0411618 0.0403598 0.122345 0.576882 0.577013 0.564889 0.0335263 0.0335708 0.0289333
0.0409424 0.0401649 0.117785 0.576392 0.57593 0.62341 0.0329996 0.0330417 0.028513
0.0405848 0.0398151 0.115338 0.603427 0.604055 0.548501 0.0334117 0.033482 0.0263768
0.0396771 0.0389118 0.115209 0.588846 0.588728 0.600576 0.0326901 0.0327479 0.0268752
0.0397738 0.0390188 0.122154 0.574968 0.575266 0.546296 0.0323585 0.0323874 0.0292525
0.0420719 0.0412939 0.123347 0.592357 0.592618 0.566746 0.0322892 0.0323093 0.0302287
0.041198 0.0404144 0.123708 0.623508 0.623767 0.597656 0.0323402 0.0323551 0.030724
0.0416315 0.0408941 0.112777 0.598527 0.598809 0.57131 0.0323904 0.0324148 0.0300344
0.0423231 0.0414806 0.12558 0.59022 0.590684 0.545712 0.0327864 0.032816 0.0298487
0.0433802 0.0426044 0.125202 0.601286 0.601414 0.588118 0.0318936 0.0319076 0.0303881
0.0427575 0.0419909 0.124001 0.587283 0.587237 0.592093 0.0326139 0.0326193 0.0320206
0.0425607 0.0418454 0.118733 0.602173 0.602092 0.610781 0.0317407 0.0317788 0.0279898
0.0434042 0.0426201 0.128286 0.592766 0.592589 0.612091 0.0314151 0.0314164 0.0312725
0.0428019 0.0420655 0.117993 0.574527 0.574473 0.580335 0.0305239 0.0305513 0.0276668
0.0418545 0.0411102 0.121362 0.548743 0.548745 0.548513 0.0312389 0.0312573 0.0292248
0.0449866 0.0442155 0.12525 0.594884 0.594968 0.585964 0.0322669 0.032307 0.0282631
0.044205 0.0434139 0.124407 0.567517 0.568255 0.499155 0.0312642 0.0313268 0.0252464
0.0424902 0.0416781 0.136827 0.579311 0.579081 0.603987 0.0315357 0.031525 0.0328008
0.0416535 0.0409423 0.114045 0.572953 0.572556 0.616871 0.0311784 0.0311897 0.0299247
0.0435123 0.0426781 0.140355 0.586668 0.586251 0.63403 0.0314465 0.0314585 0.030129
0.0416903 0.0409103 0.123093 0.575346 0.575611 0.549244 0.0309076 0.0309681 0.0252062
0.0435612 0.0426766 0.139162 0.610958 0.610707 0.637781 0.0313903 0.0314137 0.0289501
0.0428833 0.0420198 0.134545 0.635737 0.636171 0.592712 0.0324681 0.0325037 0.0287679
0.0430621 0.0422672 0.122029 0.613786 0.614008 0.591313 0.0322665 0.0322757 0.0312391
0.0431535 0.0423316 0.13914 0.612202 0.612286 0.603468 0.0323632 0.0323746 0.0310091
0.0432716 0.0424528 0.128827 0.599079 0.599046 0.602693 0.0319674 0.0319694 0.0317443
0.0438397 0.0430019 0.131453 0.606123 0.606297 0.588335 0.0325182 0.0325111 0.0333051
0.044132 0.0433201 0.132181 0.64109 0.641324 0.618191 0.033138 0.0331503 0.031892
0.043716 0.0428745 0.144426 0.634439 0.634077 0.675008 0.0337314 0.0337138 0.0357147
0.0439202 0.0431455 0.126003 0.596261 0.595854 0.6431 0.0334767 0.0334402 0.0378883
0.0430705 0.0422326 0.139742 0.600181 0.600037 0.615568 0.0331474 0.0331336 0.0347063
0.043301 0.0424415 0.136353 0.615856 0.615927 0.608587 0.0330327 0.0330319 0.0331256
0.0422699 0.0414373 0.123667 0.617733 0.618327 0.561565 0.0325132 0.0325297 0.0307811
0.0433783 0.0425265 0.132216 0.590326 0.589828 0.648387 0.0332003 0.0332133 0.0317098
0.0438231 0.0430055 0.128137 0.620927 0.621061 0.605679 0.0339425 0.0339749 0.0305734
0.0446673 0.0437881 0.134472 0.60897 0.609316 0.573311 0.0337671 0.0337941 0.0309745
0.0435628 0.0426609 0.144948 0.598412 0.598133 0.629725 0.0341334 0.0341178 0.0359544
0.042679 0.0418116 0.134378 0.611128 0.611276 0.595519 0.0337795 0.0337916 0.0325043
0.0417396 0.0408607 0.141375 0.591875 0.591346 0.655608 0.0331511 0.0331756 0.0304165
0.0437578 0.0428748 0.14011 0.595618 0.595606 0.596985 0.0345003 0.0345159 0.0327307
0.0425963 0.0417451 0.134332 0.617364 0.617319 0.622329 0.034598 0.0346054 0.0337287
0.044019 0.0431361 0.13907 0.624076 0.62439 0.590835 0.0335562 0.033578 0.0310281
0.0425577 0.0416914 0.148723 0.618492 0.618373 0.631771 0.0333703 0.0333847 0.0315733
0.0434135 0.0425323 0.145587 0.598848 0.598826 0.601395 0.033308 0.033369 0.0267449
0.0430453 0.0421951 0.141378 0.600078 0.599633 0.652628 0.033331 0.0333713 0.0285575
0.0437225 0.0428481 0.154552 0.596172 0.59531 0.705108 0.0325327 0.0325796 0.0274945
0.0431111 0.0422836 0.133103 0.577728 0.577703 0.580404 0.0324295 0.0324837 0.0267412
0.042582 0.0416808 0.162036 0.590292 0.589513 0.688824 0.0328175 0.0328108 0.0336905
0.0440372 0.0430611 0.158146 0.612995 0.612239 0.706203 0.0329014 0.0329101 0.0318524
0.0461574 0.0451912 0.153108 0.632216 0.631813 0.678619 0.0337587 0.0337843 0.0308971
0.045813 0.044898 0.153992 0.620662 0.620839 0.601557 0.0326991 0.0327101 0.0314556
0.0471798 0.0462951 0.140491 0.604957 0.605303 0.56953 0.0311896 0.0312413 0.0260391
0.0447549 0.0439214 0.129526 0.626828 0.626699 0.641299 0.0323915 0.0324415 0.0272095
0.0470084 0.0460879 0.146377 0.644831 0.644231 0.71971 0.0325414 0.032571 0.0292539
0.0440681 0.0431694 0.147668 0.613418 0.612889 0.677852 0.0320397 0.0320797 0.0276339
0.0429583 0.0421097 0.139232 0.605547 0.605207 0.64851 0.0323835 0.0323989 0.0306239
0.0472326 0.0462841 0.15383 0.628762 0.628752 0.630001 0.03366 0.0336478 0.035079
0.0462007 0.0452513 0.1527 0.594471 0.594277 0.617654 0.0331419 0.0331495 0.0323299
0.046869 0.0459004 0.154828 0.638267 0.63835 0.629033 0.0342998 0.0343184 0.0322682
0.0481658 0.0471569 0.16897 0.639934 0.639243 0.73012 0.0345668 0.0345755 0.0335845
0.0452642 0.0443024 0.172725 0.630424 0.629887 0.700334 0.0341647 0.0341277 0.0390108
0.0459801 0.0450368 0.151121 0.621812 0.622017 0.599062 0.0352133 0.0352082 0.0358143
0.0454564 0.0445133 0.152647 0.58885 0.588975 0.574513 0.0344657 0.0344712 0.0338222
0.0467568 0.0458371 0.148697 0.601885 0.602029 0.585625 0.034413 0.0344131 0.0343997
0.0477574 0.0468447 0.153701 0.592516 0.591746 0.692392 0.0347376 0.0347345 0.0351162
0.0461196 0.0452589 0.149026 0.593509 0.593105 0.644545 0.0348497 0.03486 0.033618
0.0472843 0.0464202 0.15079 0.59138 0.59093 0.647799 0.0340265 0.034021 0.0347418
0.0486454 0.0477432 0.152693 0.60584 0.605681 0.625016 0.0342866 0.0343147 0.0311202
0.0481554 0.0473491 0.131808 0.610185 0.610765 0.550523 0.0351699 0.0352179 0.0303075
0.0477213 0.0468656 0.144451 0.59302 0.593323 0.560181 0.0342277 0.0342695 0.0297705
0.0489323 0.0480724 0.148173 0.619428 0.619398 0.623017 0.0354558 0.0354861 0.0320833
0.0499219 0.0490221 0.146391 0.653694 0.653674 0.655828 0.0360583 0.0361088 0.0307635
0.05025 0.0493315 0.146649 0.649094 0.64907 0.65168 0.0359777 0.0360097 0.0325492
0.047885 0.0470255 0.138363 0.63616 0.636471 0.60225 0.0358091 0.0358332 0.0331779
0.0503562 0.0494016 0.160697 0.665871 0.665573 0.700842 0.0364782 0.036482 0.0360463
0.0488423 0.0479392 0.150109 0.648374 0.648485 0.635576 0.035922 0.0359354 0.0344237
0.0480284 0.0472037 0.136519 0.641169 0.64114 0.644571 0.0357444 0.0357379 0.0365055
0.0492701 0.0484533 0.132855 0.635671 0.635572 0.646795 0.0349397 0.0350035 0.0286404
0.0493793 0.0485341 0.139902 0.635486 0.635829 0.599282 0.0341897 0.0342348 0.0297603
0.0494736 0.0486667 0.129983 0.619553 0.620617 0.515977 0.0341874 0.0342468 0.0286763
0.0482663 0.0474645 0.13244 0.597148 0.597611 0.545007 0.0336211 0.0336419 0.0314918
0.0470732 0.0462472 0.14533 0.599999 0.600028 0.596553 0.0332966 0.0333093 0.0319027
0.046874 0.0461314 0.127059 0.620446 0.620942 0.567153 0.0334788 0.0335065 0.0306525
0.0453926 0.0446447 0.125989 0.595203 0.59571 0.539186 0.0333305 0.0333373 0.0326064
0.0448594 0.0440831 0.128578 0.599426 0.599461 0.595265 0.0326045 0.0325918 0.0340289
0.0456915 0.044891 0.138668 0.570348 0.570009 0.612662 0.0325079 0.0324992 0.0334624
0.0473864 0.0465604 0.131347 0.594783 0.595546 0.518253 0.0335919 0.0336016 0.0325979
0.0481865 0.0472768 0.145599 0.597158 0.59722 0.589938 0.0346635 0.0346503 0.0360886
0.0458673 0.044927 0.158135 0.576312 0.576093 0.603723 0.033603 0.0335604 0.0387269
0.0446731 0.0437657 0.155028 0.578209 0.577743 0.637448 0.0336355 0.0335722 0.0414219
0.0444742 0.0436113 0.140014 0.599005 0.599001 0.599557 0.0335174 0.0334716 0.0389643
0.0447707 0.0438859 0.13871 0.605467 0.605615 0.588434 0.0339393 0.0339378 0.0341061
0.043531 0.0426328 0.141133 0.606147 0.606161 0.604517 0.0333499 0.0333363 0.0348151
0.0455603 0.0446713 0.138622 0.630988 0.630807 0.653178 0.0338635 0.0338183 0.038845
0.0452686 0.0443558 0.152533 0.631849 0.631525 0.672647 0.0350957 0.0350429 0.0412617
0.0448404 0.0439201 0.154702 0.604979 0.604403 0.683471 0.0334698 0.0334132 0.0406674
0.0432369 0.0423732 0.150793 0.606214 0.606251 0.601679 0.0336255 0.0336235 0.0338337
0.0447808 0.0439118 0.143901 0.618281 0.618365 0.607784 0.0338037 0.0337913 0.0351408
0.0440453 0.0432124 0.130684 0.61831 0.618268 0.623683 0.0333604 0.033345 0.0350241
0.0444078 0.0435841 0.139025 0.616393 0.616782 0.569218 0.0327628 0.0327695 0.0320818
0.0450971 0.0442663 0.141446 0.63355 0.633803 0.604046 0.0333244 0.0333127 0.0346368
0.0434186 0.0425852 0.145326 0.615837 0.615894 0.608426 0.0328178 0.0328013 0.0346697
0.0457441 0.0449156 0.13406 0.58563 0.586152 0.526355 0.0318014 0.0317942 0.0325992
0.0451878 0.0444153 0.13053 0.609137 0.609488 0.567831 0.0328054 0.0328052 0.032823
0.0457449 0.0449583 0.137542 0.600018 0.599856 0.621135 0.0319871 0.0319691 0.0340735
0.0481382 0.0472461 0.157203 0.602634 0.602504 0.619429 0.0319284 0.0319043 0.0345394
0.0461508 0.0453865 0.13469 0.619663 0.619747 0.608967 0.0318484 0.0318293 0.0339703
0.0434739 0.0427289 0.134612 0.597994 0.598536 0.533763 0.0323232 0.0322849 0.0368654
0.0450956 0.0442745 0.141386 0.615834 0.616304 0.558662 0.0326326 0.0326197 0.0341619
0.0422276 0.0414295 0.133635 0.568089 0.568375 0.530887 0.0323774 0.0323568 0.0347239
0.043814 0.042981 0.13729 0.573405 0.574055 0.498331 0.0323072 0.0322927 0.0339802
0.044769 0.0439866 0.12963 0.60619 0.606421 0.577533 0.0329851 0.0329484 0.0373831
0.0439355 0.0431748 0.11901 0.626006 0.626932 0.518805 0.0327854 0.0327712 0.0343118
0.0437888 0.0430289 0.126747 0.598136 0.598867 0.515212 0.0321242 0.0321252 0.0320147
0.0449779 0.0441699 0.133635 0.604707 0.605076 0.559289 0.0340544 0.0339929 0.0412097
0.0442019 0.0433839 0.128527 0.641783 0.642038 0.60992 0.0345306 0.0344804 0.0402616
0.0448434 0.0439886 0.140953 0.602791 0.60354 0.517876 0.0338697 0.033801 0.0420243
0.0454687 0.0445886 0.150957 0.614754 0.614468 0.653701 0.0344257 0.0343392 0.0454202
0.0450256 0.044133 0.150617 0.596435 0.596294 0.615916 0.0339074 0.0338207 0.0443315
0.0467503 0.0458605 0.140809 0.611143 0.611557 0.562818 0.0344604 0.0343597 0.045915
0.048337 0.0473778 0.157924 0.576964 0.577837 0.474058 0.0345737 0.0344916 0.043951
0.0482717 0.0472688 0.171365 0.617327 0.617227 0.630182 0.0334829 0.0333646 0.0487435
0.0512953 0.0502743 0.176932 0.589078 0.588885 0.614928 0.0335767 0.0334838 0.0442683
0.0482738 0.0473525 0.163256 0.569848 0.569842 0.570594 0.0346493 0.0345326 0.0498878
0.0473594 0.0464258 0.172139 0.57779 0.577817 0.574286 0.0337697 0.0336608 0.0479103
0.0454454 0.0445875 0.158424 0.571445 0.571288 0.592389 0.0341071 0.0339817 0.0505415
0.0449439 0.0441799 0.132793 0.611543 0.611335 0.639184 0.0345974 0.034531 0.0422138
0.0464839 0.0456266 0.150234 0.577573 0.577384 0.602314 0.0341918 0.0340896 0.046704
0.0452646 0.0444502 0.144009 0.608788 0.608682 0.622439 0.0339535 0.0338664 0.0442533
0.0468895 0.046078 0.141562 0.602642 0.602847 0.576978 0.0337383 0.0336785 0.0400916
0.0473901 0.0465541 0.152383 0.603616 0.603462 0.624163 0.0341051 0.0340623 0.0385561
0.0458484 0.0450423 0.138229 0.583122 0.582836 0.621477 0.0344001 0.0343379 0.0412297
0.0471655 0.0463206 0.152961 0.601914 0.60164 0.638702 0.0341783 0.0341048 0.0430718
0.046809 0.0460115 0.140481 0.59849 0.598485 0.599001 0.0339828 0.0339351 0.0391398
0.0480412 0.0472463 0.135331 0.611151 0.611599 0.559158 0.0334756 0.0334279 0.0386563
0.0493315 0.048463 0.153086 0.579779 0.579953 0.559051 0.0321057 0.0320107 0.0424858
0.050948 0.050062 0.150053 0.625552 0.625545 0.626363 0.0329723 0.0328852 0.0421932
0.0496588 0.0488076 0.146242 0.629624 0.629492 0.646294 0.0333252 0.0332086 0.0465981
0.0501115 0.0493083 0.131719 0.596478 0.596579 0.585155 0.0331403 0.033098 0.0371239
0.0486536 0.0478409 0.140454 0.610557 0.610333 0.639095 0.0342095 0.0341208 0.0437814
0.0476524 0.046842 0.141895 0.629711 0.629626 0.639951 0.0348602 0.0347582 0.046513
0.0475971 0.0468503 0.12925 0.629522 0.629522 0.629592 0.0346718 0.0345832 0.0442459
0.0486169 0.0477339 0.158813 0.624757 0.624596 0.644754 0.0347744 0.0346339 0.0516508
0.0505708 0.0497355 0.146249 0.662769 0.66288 0.649995 0.0354286 0.0353026 0.0502381
0.0483481 0.0475701 0.136443 0.639049 0.639393 0.598207 0.0348595 0.0347452 0.0480009
0.0500731 0.049273 0.15345 0.60842 0.609077 0.533835 0.0349609 0.0348568 0.0473268
0.0504808 0.0496501 0.157764 0.649602 0.649584 0.651843 0.0355384 0.0354253 0.0496163
0.0504228 0.0496146 0.144998 0.668912 0.669445 0.60187 0.0354593 0.0353935 0.0430463
0.0497342 0.0488603 0.161016 0.638228 0.63806 0.661138 0.0351549 0.0350427 0.0496274
0.0484031 0.0475533 0.153862 0.651669 0.651964 0.615494 0.0354667 0.0353991 0.0434784
0.0480901 0.0471858 0.15697 0.638956 0.638764 0.665375 0.0357557 0.0356364 0.0502955
0.0493374 0.0485414 0.142273 0.63872 0.638954 0.610494 0.0349294 0.0348625 0.0423495
0.0520409 0.0511258 0.169153 0.611759 0.612275 0.552284 0.0346686 0.0345922 0.0433163
0.0493853 0.048505 0.15709 0.6595 0.66038 0.563287 0.035483 0.0354052 0.0442764
0.0475758 0.0467949 0.134625 0.649321 0.649679 0.606309 0.0354029 0.0353247 0.0446747
0.0455028 0.0447295 0.129443 0.62268 0.62394 0.495278 0.0338273 0.0337956 0.0370052
0.0470268 0.0462647 0.130754 0.620309 0.62088 0.556445 0.0337095 0.0336391 0.0415906
0.0454726 0.0447361 0.124643 0.625209 0.62564 0.575655 0.0344025 0.0343372 0.0412505
0.0469333 0.0461316 0.146868 0.659468 0.659537 0.650685 0.0352197 0.0350945 0.0513148
0.0457687 0.0449976 0.14034 0.636413 0.636779 0.5911 0.0349946 0.0349058 0.0454282
0.0483277 0.047551 0.142693 0.655763 0.655989 0.625857 0.0361184 0.0359956 0.0518359
0.0465199 0.0457561 0.144251 0.692689 0.692571 0.708714 0.0368475 0.0367271 0.0517818
0.0498149 0.0489669 0.160318 0.652557 0.652579 0.649613 0.035074 0.0349414 0.0518377
0.0503161 0.0494911 0.142341 0.637976 0.638267 0.601356 0.0356121 0.0354874 0.050169
0.0473446 0.0465133 0.150341 0.63384 0.634403 0.566759 0.0337506 0.0336163 0.0499368
0.0491628 0.0482905 0.16046 0.635639 0.635825 0.610789 0.0335242 0.0333765 0.0523685
0.0476199 0.0468172 0.150886 0.653759 0.653714 0.660168 0.0333753 0.0331992 0.0568072
0.0508203 0.0499457 0.166011 0.667136 0.667035 0.681536 0.0334123 0.0332192 0.0598467
0.0502613 0.0494317 0.151929 0.656333 0.656598 0.621331 0.0344578 0.034304 0.0540065
0.0508843 0.0500206 0.151586 0.660121 0.660508 0.609641 0.0349113 0.0347679 0.0521583
0.0495376 0.0486921 0.155616 0.648647 0.648675 0.644713 0.0339534 0.0337808 0.0564869
0.0511966 0.0503288 0.160626 0.662034 0.661896 0.681749 0.034955 0.034787 0.0568385
0.0507288 0.0498789 0.153002 0.646878 0.647303 0.592754 0.0339939 0.0338374 0.0529431
0.0511217 0.0502033 0.172408 0.650371 0.650015 0.703025 0.0331855 0.0330148 0.0560069
0.0513555 0.0504291 0.172804 0.650638 0.651129 0.590069 0.0330552 0.0328659 0.0580886
0.050475 0.0496418 0.14639 0.647081 0.647913 0.550132 0.0325206 0.0324073 0.0445979
0.0485128 0.0477055 0.148371 0.647936 0.6483 0.601229 0.031868 0.0317369 0.0483606
0.0489298 0.0480903 0.157564 0.634482 0.634569 0.622847 0.0323788 0.0322272 0.0524517
0.0521787 0.0513246 0.14899 0.655996 0.656198 0.628535 0.0329257 0.0327699 0.0520686
0.0501298 0.0493192 0.153691 0.61894 0.619311 0.57205 0.032301 0.0321366 0.054689
0.0481983 0.0474502 0.13556 0.62987 0.629928 0.622208 0.032631 0.0324943 0.0502241
0.0477032 0.0468883 0.152891 0.642967 0.643388 0.590215 0.0314123 0.0312792 0.0495089
0.0481404 0.0473638 0.134341 0.643161 0.643946 0.552841 0.0315896 0.0314742 0.0448177
0.0493359 0.0484781 0.153831 0.619366 0.619832 0.560448 0.0313507 0.031223 0.0486184
0.0488145 0.0479672 0.146744 0.660685 0.661664 0.550836 0.032131 0.0320447 0.041729
0.0475475 0.0468183 0.124611 0.635559 0.636606 0.518847 0.0313593 0.0312844 0.0395503
0.0473831 0.0465808 0.142266 0.656925 0.657583 0.58102 0.0323747 0.0322786 0.0432885
0.0475095 0.0467234 0.136733 0.65894 0.659139 0.633218 0.0318345 0.0317218 0.0461129
0.0482223 0.0472913 0.163739 0.634577 0.634556 0.637386 0.0320446 0.0319055 0.0495977
0.0461662 0.0452647 0.158917 0.616831 0.617088 0.584861 0.0319912 0.0318776 0.0457274
0.0455112 0.0445884 0.157171 0.634848 0.634773 0.644746 0.0318516 0.0317361 0.0454751
0.0467691 0.0458482 0.147795 0.66314 0.663459 0.623399 0.0315422 0.0314175 0.04528
0.0462601 0.0453663 0.149331 0.686247 0.686882 0.61323 0.0318926 0.031755 0.0474328
0.0453337 0.0444746 0.14409 0.666877 0.667583 0.583115 0.0313139 0.0312127 0.0430033
0.0452118 0.0443388 0.149083 0.643034 0.643768 0.556315 0.0312958 0.0312024 0.042116
0.0461596 0.0452736 0.157502 0.626353 0.626754 0.576145 0.0308517 0.0307387 0.0452228
0.0475513 0.0466101 0.176644 0.630888 0.630757 0.649146 0.0308056 0.0307035 0.0436586
0.0471361 0.0462382 0.151201 0.626073 0.626828 0.537348 0.0302871 0.030211 0.039043
0.0484311 0.0474894 0.159679 0.66118 0.661932 0.574806 0.0309438 0.0308367 0.0429166
0.0469329 0.046015 0.162189 0.65942 0.659231 0.685824 0.030427 0.0303006 0.0464925
0.0488459 0.0478908 0.176825 0.646857 0.647215 0.600631 0.0304063 0.0303012 0.0440041
0.047614 0.0467325 0.156696 0.644904 0.645636 0.557526 0.0306692 0.0305399 0.0477153
0.046546 0.0456528 0.162746 0.633534 0.633975 0.578553 0.0305938 0.0304634 0.0480834
0.0531282 0.0522949 0.142351 0.622705 0.62381 0.503311 0.0301418 0.0300296 0.0435055
0.0490564 0.0482507 0.144457 0.614575 0.615036 0.559105 0.029035 0.0289401 0.0406744
0.0479027 0.0471193 0.138412 0.631005 0.631447 0.571506 0.0291033 0.0290228 0.0389269
0.0479119 0.0470838 0.149136 0.640627 0.640931 0.601376 0.0285962 0.0285025 0.0396418
0.0469753 0.0461613 0.141124 0.635464 0.635172 0.675062 0.0286028 0.0285102 0.0400074
0.0474911 0.0465966 0.167902 0.645209 0.644788 0.705465 0.0281801 0.0280837 0.0395759
0.0464719 0.045647 0.143219 0.62174 0.622299 0.555533 0.0282363 0.0281281 0.041245
0.0474453 0.0465345 0.157684 0.639429 0.639966 0.573756 0.0293761 0.0292918 0.0387345
0.0479095 0.0469685 0.154701 0.621507 0.621902 0.572424 0.0290827 0.0290162 0.0359102
0.0459029 0.0450206 0.144082 0.634409 0.63405 0.684411 0.0290758 0.0289347 0.0459155
0.0454425 0.0445295 0.149288 0.65657 0.657174 0.584045 0.0297853 0.0296845 0.0411134
0.0462422 0.0453095 0.159223 0.645563 0.645681 0.63007 0.0299643 0.0299017 0.037047
0.0466717 0.0456806 0.165573 0.669944 0.669852 0.682581 0.0304602 0.0303785 0.04017
0.0467017 0.045744 0.159148 0.654131 0.654745 0.581401 0.0307133 0.0306212 0.0414755
0.0436433 0.0427163 0.16219 0.622892 0.623168 0.588769 0.029846 0.0297572 0.0404436
0.0456694 0.0446751 0.178352 0.648098 0.648189 0.636278 0.0305586 0.0304571 0.0426406
0.0457299 0.0447468 0.174179 0.617767 0.618127 0.574152 0.0302307 0.0301127 0.04579
0.0467542 0.0457954 0.168337 0.663823 0.66361 0.692384 0.0300129 0.0299145 0.0425838
0.0453586 0.0443888 0.168705 0.658844 0.658689 0.679296 0.0311871 0.031073 0.0457785
0.0466655 0.0457058 0.170792 0.682576 0.682861 0.647116 0.0315494 0.031448 0.0446562
0.0452813 0.0443157 0.171392 0.647023 0.647694 0.567229 0.0309781 0.0308643 0.0456154
0.0469198 0.0459246 0.179871 0.625593 0.625881 0.588752 0.0314968 0.0314133 0.0423284
0.0459344 0.0450252 0.165203 0.615573 0.615708 0.598019 0.0312192 0.0311686 0.0370143
0.0451293 0.0442265 0.168371 0.624423 0.624718 0.587321 0.0312731 0.0311669 0.0458935
0.0458297 0.0449231 0.169898 0.640105 0.640295 0.615365 0.0317562 0.0316529 0.0462012
0.0454058 0.044567 0.151809 0.642452 0.642794 0.598908 0.0312655 0.0311581 0.045985
0.0458185 0.0449646 0.151936 0.595343 0.595933 0.523218 0.0306101 0.0305166 0.0426336
0.0451915 0.0443632 0.145984 0.640333 0.640852 0.576638 0.0312768 0.031184 0.0426616
0.0446011 0.0437021 0.154771 0.611927 0.612258 0.568295 0.0311172 0.0310201 0.0425563
0.0469234 0.0459748 0.180478 0.614882 0.614642 0.650676 0.0311 0.030958 0.05123
0.0471849 0.0463199 0.1433 0.581557 0.582357 0.488021 0.0305026 0.0304342 0.0381377
0.0445242 0.0436174 0.161304 0.605191 0.60588 0.522993 0.0299187 0.0298335 0.040171
0.0444476 0.0435358 0.156061 0.614951 0.615295 0.572817 0.0302664 0.0301978 0.0382912
0.045094 0.0441579 0.167352 0.633277 0.633801 0.570817 0.0307625 0.0307013 0.0377834
0.0450907 0.0442173 0.146087 0.616732 0.617174 0.56252 0.0313797 0.0313173 0.0383696
0.045536 0.0446251 0.15722 0.652299 0.652363 0.643803 0.0320474 0.031949 0.0440983
0.0471271 0.046223 0.148303 0.649497 0.650515 0.535616 0.0321128 0.0320406 0.0398435
0.0484032 0.0474454 0.160471 0.648287 0.648959 0.568854 0.0310655 0.0310118 0.0369991
0.0470745 0.0461885 0.144985 0.643679 0.644654 0.534928 0.0315199 0.0314351 0.0410331
0.0478789 0.0469579 0.157621 0.667372 0.66759 0.638535 0.0322024 0.0320911 0.0458316
0.0473769 0.0464273 0.167346 0.657742 0.658536 0.566206 0.0322884 0.032185 0.0438844
0.0458877 0.0450208 0.143502 0.659779 0.660878 0.54042 0.0320785 0.0319835 0.0421525
0.0467899 0.0459009 0.14702 0.658467 0.659295 0.565358 0.0322846 0.0321979 0.0422711
0.047172 0.0462716 0.152228 0.668202 0.668501 0.632473 0.032792 0.0327032 0.0428349
0.0480443 0.0471079 0.161492 0.660739 0.661485 0.574902 0.0330884 0.0329611 0.0478709
0.0460407 0.0451327 0.168579 0.615194 0.615041 0.636497 0.0323136 0.0321665 0.0515398
0.0465331 0.0456708 0.153201 0.623049 0.623226 0.600581 0.0323124 0.0321892 0.0480116
0.0476196 0.0467804 0.150112 0.658826 0.659188 0.612619 0.0327769 0.0326667 0.0461689
0.0489789 0.0481593 0.145121 0.637861 0.638373 0.573432 0.0331533 0.0330249 0.0489209
0.0481991 0.0474047 0.13445 0.65324 0.654205 0.539967 0.0333241 0.0332227 0.0451874
0.0475513 0.0467701 0.141678 0.652996 0.653044 0.646504 0.0334773 0.0333399 0.0514323
0.0468725 0.0460426 0.15721 0.646486 0.646324 0.670711 0.0328905 0.032754 0.0517126
0.0470488 0.0462205 0.147128 0.646047 0.646283 0.61411 0.0327631 0.0326577 0.0460016
0.0460065 0.0451203 0.161639 0.632657 0.632822 0.610503 0.0325106 0.0323811 0.0498128
0.0478042 0.0469204 0.15633 0.632358 0.632821 0.572213 0.0323868 0.032273 0.0472243
0.0454018 0.0445183 0.16044 0.624873 0.6251 0.595071 0.0326751 0.032586 0.0443492
0.0471609 0.0462699 0.165331 0.642394 0.642611 0.614904 0.0324648 0.0323904 0.0416919
0.048193 0.0472834 0.167682 0.635383 0.635709 0.596048 0.0327009 0.0326261 0.0416911
0.0494456 0.0485836 0.153207 0.616443 0.61703 0.546675 0.0332127 0.0331294 0.0433932
0.0483177 0.0474354 0.160433 0.654589 0.654998 0.606019 0.0328356 0.0327408 0.0447964
0.0485734 0.0477753 0.144243 0.62291 0.623029 0.607951 0.0319267 0.0318636 0.0396755
0.0499718 0.0490967 0.157926 0.636731 0.636711 0.639356 0.0339477 0.0338449 0.0467181
0.0501173 0.049254 0.156064 0.602319 0.602877 0.53829 0.0332239 0.0331361 0.0437004
0.0492186 0.0483372 0.161652 0.632848 0.632746 0.646991 0.0337595 0.0336673 0.04535
0.0507503 0.0498971 0.159451 0.644407 0.644288 0.659863 0.0336042 0.0335032 0.0475474
0.0511069 0.0502821 0.151582 0.646966 0.647321 0.606445 0.0334836 0.0334245 0.0403959
0.0508865 0.0500665 0.149522 0.641262 0.641319 0.634475 0.033885 0.0338201 0.0416071
0.0472558 0.0465005 0.13552 0.661217 0.661693 0.607755 0.0347711 0.034708 0.042042
0.0471807 0.0464784 0.121717 0.639701 0.64033 0.571679 0.0338023 0.0337448 0.0399367
0.0498017 0.0490531 0.136339 0.660121 0.660264 0.642106 0.033804 0.0337312 0.0426934
0.0491238 0.0484021 0.134974 0.64907 0.649067 0.649409 0.0337503 0.0336646 0.0444906
0.0478938 0.0471745 0.132141 0.646958 0.647269 0.61053 0.0335443 0.0335019 0.0382984
0.0470602 0.0463159 0.134306 0.641602 0.641902 0.605499 0.0329823 0.0329283 0.0388718
0.0465088 0.0458502 0.113633 0.629506 0.630528 0.520959 0.0335485 0.033503 0.038414
0.0467678 0.0460131 0.134117 0.611303 0.611344 0.60612 0.0337815 0.0337578 0.0362821
0.0450379 0.0442559 0.139856 0.592719 0.592658 0.600323 0.0323038 0.0322772 0.035179
0.048647 0.0477834 0.15734 0.607843 0.607417 0.663433 0.033295 0.0332166 0.0427416
0.0481621 0.0473268 0.138071 0.592728 0.592949 0.56751 0.0337579 0.0337117 0.0387568
0.0479032 0.0470883 0.139207 0.605145 0.605173 0.601826 0.0336587 0.033627 0.0371168
0.0479386 0.0471325 0.138223 0.624456 0.624336 0.639045 0.034789 0.0347563 0.0385689
0.0471579 0.0463685 0.139004 0.629634 0.629101 0.701221 0.0348895 0.0348631 0.0380564
0.0490868 0.0483039 0.139906 0.626683 0.626879 0.603932 0.0346116 0.0345766 0.0387105
0.048598 0.0477826 0.146656 0.598742 0.598735 0.599627 0.0349538 0.0349024 0.041079
0.0456846 0.0448862 0.1365 0.60806 0.608077 0.606053 0.0340188 0.0339568 0.0417441
0.0460454 0.0452913 0.135767 0.602324 0.602579 0.572453 0.0341902 0.0341664 0.0369134
0.0491898 0.0484017 0.144562 0.624652 0.624365 0.661335 0.0332677 0.0332226 0.0386265
0.0499409 0.0491742 0.135883 0.619186 0.61936 0.599368 0.0334035 0.0333886 0.0350994
0.0497943 0.0489763 0.156748 0.575222 0.575037 0.600255 0.0335051 0.0334396 0.0419827
0.0489129 0.04815 0.14592 0.58787 0.587823 0.593318 0.0331074 0.0330554 0.0397424
0.0497562 0.0489867 0.142012 0.606788 0.606833 0.601623 0.032708 0.0326468 0.0402747
0.0501293 0.0493236 0.152777 0.584011 0.584001 0.585219 0.0316277 0.0315666 0.0389854
0.0509776 0.0501412 0.160543 0.6008 0.600922 0.586219 0.0318819 0.0318223 0.0396084
0.0502908 0.0495085 0.145687 0.618026 0.617844 0.641117 0.0329985 0.0329314 0.0410049
0.0515554 0.0507286 0.153797 0.616386 0.616228 0.635936 0.0327836 0.0326984 0.0437531
0.0505604 0.0497454 0.15048 0.567495 0.56767 0.546381 0.0315999 0.0315397 0.0391984
0.0500275 0.049271 0.140712 0.600264 0.600178 0.61113 0.0319423 0.031871 0.0414147
0.0535361 0.0527061 0.158309 0.587001 0.58679 0.614299 0.0319965 0.0319106 0.0434805
0.0532652 0.0524865 0.149492 0.603859 0.603847 0.605364 0.0324239 0.0323181 0.0466842
0.0508115 0.0500347 0.148397 0.581925 0.582293 0.538731 0.0327104 0.0325777 0.0506363
0.0529663 0.0521678 0.147386 0.608467 0.608363 0.621567 0.0334375 0.0333028 0.0511747
0.0502558 0.0495306 0.125168 0.592894 0.593902 0.489055 0.0332782 0.0332077 0.0412117
0.0507523 0.0499949 0.137817 0.590269 0.590734 0.537741 0.0321884 0.0321075 0.0421431
0.0503561 0.0496335 0.13389 0.577921 0.578178 0.548084 0.0327387 0.032631 0.0460564
0.0512254 0.0505834 0.12446 0.550809 0.550744 0.55855 0.0327701 0.0326938 0.0419838
0.0523451 0.051654 0.13633 0.589413 0.589131 0.625657 0.0314733 0.0313751 0.0432229
0.0528747 0.0522045 0.127045 0.584882 0.58511 0.558687 0.0315538 0.0314615 0.0426511
0.0526151 0.0519135 0.13633 0.580068 0.580277 0.555885 0.0321586 0.0320488 0.0456204
0.0538849 0.0531081 0.148481 0.612536 0.612713 0.591101 0.0324209 0.0322759 0.0494665
0.0539083 0.0530816 0.161747 0.625399 0.625186 0.652864 0.0340304 0.0338359 0.0579206
0.053263 0.0524581 0.14921 0.644213 0.644357 0.627918 0.0340866 0.0339382 0.0507979
0.0530164 0.0522264 0.14276 0.653796 0.653622 0.67547 0.0336353 0.0334623 0.0547469
0.0560775 0.0552492 0.153834 0.66483 0.664704 0.68008 0.0338033 0.0336432 0.0517166
0.051708 0.0508977 0.148767 0.611649 0.611465 0.634709 0.0325693 0.0324159 0.050408
0.0525216 0.0517004 0.152543 0.651557 0.650772 0.753836 0.0339537 0.0337684 0.0573851
0.0501539 0.0494033 0.133979 0.660464 0.660249 0.686933 0.0330323 0.0328591 0.0544096
0.0513702 0.0505656 0.136269 0.62182 0.622637 0.537251 0.0325197 0.0323985 0.0456442
0.0498521 0.0490797 0.140321 0.612476 0.612478 0.612271 0.0318093 0.0316791 0.0478595
0.051916 0.0510676 0.152706 0.627865 0.628247 0.583132 0.0325095 0.0323914 0.0461398
0.0500712 0.0492779 0.144461 0.614198 0.614045 0.632503 0.0326881 0.0325629 0.0481684
0.0494845 0.0486836 0.141235 0.607574 0.607428 0.62409 0.0324377 0.0323244 0.0450949
0.0495801 0.0487876 0.143555 0.595816 0.596013 0.574009 0.0325594 0.0324633 0.0432539
0.0520779 0.051205 0.164965 0.616338 0.616118 0.642162 0.0328485 0.0327172 0.0476508
0.0520376 0.0512676 0.139728 0.65713 0.656891 0.685263 0.0339728 0.0338623 0.0468698
0.0531498 0.05238 0.133973 0.644451 0.644583 0.628967 0.0340272 0.0339351 0.0435019
0.0535573 0.0527889 0.130804 0.633725 0.6344 0.567602 0.0336791 0.0335788 0.0434795
0.0511323 0.0503881 0.131269 0.646305 0.646204 0.657383 0.0336357 0.0335126 0.0480244
0.0528076 0.0519238 0.160527 0.641459 0.641242 0.669118 0.0336457 0.0335207 0.0489815
0.0526836 0.051832 0.14789 0.604766 0.605092 0.570132 0.0340657 0.033958 0.0459388
0.0503579 0.0495593 0.142604 0.611038 0.611104 0.603906 0.0336573 0.0335442 0.0467427
0.0477436 0.0470785 0.118567 0.616033 0.61676 0.544853 0.0337168 0.033667 0.0388045
0.0511961 0.0503863 0.142702 0.630566 0.631247 0.560845 0.0341519 0.0340565 0.0447006
0.0492702 0.0484872 0.14349 0.645524 0.645774 0.617137 0.0336009 0.0334805 0.0488132
0.0502434 0.0494824 0.136444 0.64401 0.644514 0.589603 0.0335843 0.0335018 0.042565
0.053168 0.0522838 0.163639 0.653583 0.653074 0.716629 0.033282 0.0331648 0.0479225
0.0508576 0.0500305 0.158062 0.619128 0.618736 0.67068 0.0336344 0.0335102 0.0498935
0.053144 0.052273 0.160763 0.647786 0.647527 0.679515 0.0339931 0.0339095 0.0431545
0.0521513 0.0513135 0.149845 0.656619 0.656977 0.617351 0.0350325 0.0349377 0.0454101
0.0527102 0.0518653 0.151383 0.674399 0.674684 0.643204 0.0354755 0.0353532 0.0497171
0.0507771 0.0499664 0.1407 0.650798 0.651104 0.616274 0.0345189 0.034402 0.0481434
0.052998 0.0521122 0.153002 0.659232 0.659234 0.658989 0.0340009 0.033842 0.0530563
0.0508717 0.0500199 0.144317 0.628546 0.629419 0.539181 0.0337227 0.033594 0.0480392
0.0492465 0.0483904 0.141168 0.609992 0.610542 0.550781 0.0338896 0.0337589 0.0486524
0.0501881 0.0493125 0.146274 0.644911 0.645385 0.593721 0.0341014 0.0339531 0.0507012
0.0482972 0.0474348 0.144501 0.642222 0.642416 0.620971 0.0337047 0.0335739 0.04813
0.0459369 0.0450415 0.152139 0.616466 0.616708 0.589657 0.0330272 0.0328957 0.0487868
0.0488517 0.0480388 0.137892 0.639532 0.639909 0.600333 0.0335704 0.033462 0.045593
0.0484029 0.0475538 0.147363 0.625244 0.625302 0.618837 0.0343428 0.0342204 0.0484072
0.0476492 0.0467804 0.145004 0.647666 0.647616 0.653035 0.0331046 0.0329522 0.0504151
0.0481244 0.0473207 0.130075 0.647834 0.648034 0.626585 0.0322471 0.0321202 0.0461231
0.0487104 0.0478616 0.14409 0.678758 0.678502 0.708534 0.0336371 0.0334936 0.0497981
0.0485901 0.0477079 0.150225 0.682036 0.682115 0.673244 0.0338404 0.0336792 0.0517258
0.0483834 0.0475233 0.148475 0.639538 0.63947 0.647259 0.0326998 0.0325561 0.0492685
0.0469879 0.0461381 0.144858 0.636711 0.636755 0.631962 0.0319748 0.0318366 0.0477729
0.0490928 0.0482836 0.134085 0.677155 0.677102 0.683177 0.0319847 0.0318694 0.0444603
0.0509466 0.0500921 0.155508 0.656662 0.656441 0.683162 0.0330582 0.0329319 0.0480286
0.0499133 0.0491275 0.135909 0.665165 0.665366 0.643427 0.0322783 0.032166 0.0453958
0.0518594 0.0510273 0.152765 0.631509 0.631579 0.623571 0.0332129 0.0330818 0.0490761
0.0516002 0.0508044 0.14034 0.671568 0.672101 0.614737 0.0338667 0.0337718 0.04429
0.0510259 0.0501635 0.154039 0.691062 0.691433 0.648747 0.033917 0.0337742 0.0515858
0.0523104 0.0514534 0.153681 0.696552 0.696765 0.672197 0.034573 0.0344275 0.0520514
0.0525671 0.0517187 0.160292 0.69073 0.690369 0.733881 0.0335899 0.0334804 0.0474364
0.0515806 0.050851 0.134744 0.710986 0.71155 0.652993 0.0328073 0.0327489 0.0395244
0.0523247 0.0515586 0.139168 0.67731 0.677871 0.618585 0.0329385 0.0328479 0.0437465
0.0519781 0.0511779 0.149105 0.704186 0.704483 0.671747 0.033954 0.0338595 0.0456362
0.0505982 0.0498721 0.137501 0.682322 0.68215 0.702447 0.0338142 0.0337152 0.0462711
0.0505516 0.0498295 0.134965 0.623054 0.623236 0.602756 0.0337772 0.0337106 0.0414987
0.0492868 0.0485557 0.139432 0.652607 0.652707 0.640703 0.0339503 0.0338521 0.0458234
0.0493324 0.048578 0.143326 0.623623 0.623526 0.634993 0.0332204 0.0331566 0.0409457
0.0491891 0.0484178 0.148715 0.611382 0.610896 0.672035 0.0331563 0.0330944 0.0408498
0.0479877 0.0472859 0.127622 0.603015 0.603157 0.587311 0.0333659 0.0333147 0.0388905
0.0502966 0.0494845 0.14998 0.609923 0.609819 0.621909 0.0335277 0.033427 0.04555
0.0488466 0.048061 0.134574 0.59075 0.590823 0.582771 0.0331637 0.0330834 0.042527
0.0462003 0.0454501 0.133125 0.607717 0.607437 0.641451 0.0330721 0.033005 0.0413992
0.0484086 0.0475789 0.14452 0.628772 0.628742 0.632516 0.033835 0.0337632 0.0423708
0.0466913 0.04587 0.142266 0.626912 0.626573 0.667541 0.0339204 0.0338188 0.046857
0.0488844 0.0480081 0.152717 0.631648 0.630992 0.714266 0.0339343 0.0338307 0.046381
0.0465077 0.0457951 0.124745 0.633158 0.632973 0.654665 0.0334783 0.0334277 0.0389802
0.0477426 0.0469406 0.143593 0.621931 0.62181 0.635568 0.0336009 0.0335152 0.0438862
0.0455999 0.0448137 0.140313 0.618103 0.618035 0.626293 0.0333724 0.0332923 0.0426275
0.0489831 0.0481998 0.1384 0.655161 0.654932 0.682515 0.0330356 0.032962 0.0415692
0.0491454 0.0483348 0.149838 0.626939 0.62654 0.674519 0.0325467 0.0324474 0.045402
0.0481717 0.0474357 0.127476 0.643042 0.643194 0.626646 0.0329347 0.0328648 0.040846
0.0479016 0.0471919 0.13402 0.652132 0.651814 0.689139 0.0335003 0.0334462 0.0397494
0.0467727 0.0460083 0.135168 0.649388 0.649053 0.688859 0.0341745 0.0341175 0.0409067
0.0467137 0.0459648 0.131525 0.664969 0.664903 0.672315 0.0338616 0.0338014 0.0406549
0.0461642 0.0454231 0.124313 0.670406 0.67053 0.656903 0.0336981 0.033624 0.042085
0.0445762 0.0438542 0.123966 0.668918 0.669377 0.621471 0.0332507 0.0331635 0.0433896
0.0472464 0.0464099 0.151887 0.657963 0.657937 0.660876 0.0333349 0.0332431 0.0442629
0.048335 0.0474666 0.165856 0.671302 0.670766 0.736783 0.0337931 0.0337096 0.0441775
0.0473349 0.0465412 0.144813 0.636102 0.636184 0.627052 0.0325415 0.0324856 0.0392269
0.0495952 0.0487839 0.147226 0.642111 0.642129 0.640012 0.0336469 0.0336177 0.0370182
0.0487865 0.0479668 0.155527 0.63802 0.63781 0.662426 0.0340906 0.0340208 0.0431825
0.0472413 0.046494 0.139619 0.659212 0.658861 0.701048 0.0333376 0.0332676 0.0420511
0.0455689 0.0448768 0.12744 0.662544 0.662932 0.620402 0.0335299 0.0335047 0.0363661
0.0467574 0.0460266 0.129866 0.648362 0.648733 0.608234 0.0337174 0.0336832 0.0374622
0.0474971 0.0467599 0.132737 0.659433 0.659531 0.648485 0.0345333 0.0344643 0.0427055
0.04592 0.0451803 0.131757 0.62026 0.620033 0.647161 0.03401 0.0339256 0.0447151
0.0455873 0.0448086 0.135171 0.655389 0.655466 0.646931 0.0337584 0.0336873 0.0417063
0.0477456 0.0469559 0.138832 0.654693 0.654436 0.684357 0.0340244 0.033957 0.0417348
0.0459009 0.0451185 0.139676 0.624156 0.623707 0.678331 0.0338682 0.033787 0.0433392
0.0453874 0.0446207 0.134256 0.660546 0.660295 0.6894 0.0339612 0.0338682 0.0450817
0.0461897 0.0454284 0.132321 0.672833 0.672272 0.743038 0.0343425 0.0342355 0.0479521
0.0458451 0.0450762 0.139249 0.632854 0.632446 0.680195 0.0340844 0.0339887 0.0454263
0.0429125 0.0422161 0.115239 0.592727 0.59274 0.591198 0.0327332 0.0326605 0.0404612
0.0432459 0.0425143 0.126263 0.580464 0.580122 0.620211 0.0324625 0.0323837 0.0415575
0.0447248 0.0439919 0.129299 0.612697 0.612619 0.621602 0.0327648 0.0326773 0.0426223
0.0429632 0.042267 0.122712 0.646573 0.646547 0.649506 0.0331324 0.0330676 0.03979
0.04546 0.04473 0.130314 0.623969 0.623836 0.638337 0.0333248 0.0332616 0.0400622
0.0492409 0.0484827 0.140561 0.665993 0.666065 0.658226 0.0353168 0.0352508 0.0426489
