1600 50 40000
6.11997e-05 6.12453e-05 5.84508e-05 0.00222854 0.00222764 0.00228639 0.0115958 0.00948417 0.141738
0.00491517 0.00322947 0.107984 0.0734275 0.071788 0.164077 0.00950511 0.0094656 0.0119427
0.00631381 0.0044621 0.148573 0.111397 0.109029 0.27628 0.00999443 0.00990973 0.0158229
0.00728737 0.00531099 0.169979 0.135398 0.132468 0.341683 0.010438 0.0102912 0.0223085
0.00762887 0.00584124 0.15519 0.149165 0.146487 0.336255 0.0103539 0.0102652 0.0170511
0.00834675 0.00663414 0.138862 0.169814 0.16667 0.375814 0.0103965 0.0102894 0.0182654
0.00839716 0.00671826 0.120824 0.179384 0.176509 0.372293 0.010619 0.0104461 0.0229581
0.00901297 0.00714114 0.129068 0.186426 0.183644 0.363727 0.0105636 0.0103617 0.0256294
0.0085479 0.00677756 0.125011 0.179392 0.176563 0.355748 0.0101307 0.00992497 0.0244118
0.00871017 0.00701343 0.103985 0.193059 0.190842 0.303554 0.0100385 0.00989814 0.0184726
0.00900698 0.00724977 0.114269 0.203143 0.200157 0.381802 0.0103863 0.010228 0.0210465
0.00907231 0.0073747 0.115909 0.207068 0.204143 0.370367 0.0105349 0.0103663 0.0210384
0.00918924 0.00743439 0.126263 0.20474 0.20152 0.394038 0.0105922 0.0104058 0.0231433
0.00925845 0.00750663 0.122341 0.205916 0.202441 0.419086 0.0104264 0.0102473 0.0225315
0.00894936 0.00714515 0.12514 0.199656 0.19631 0.406115 0.00997313 0.00975337 0.0253184
0.00861537 0.00678609 0.114603 0.193349 0.190189 0.347415 0.0101515 0.00994167 0.0226281
0.00898472 0.00711828 0.11963 0.198962 0.196018 0.349029 0.0101059 0.00988396 0.0244458
0.00827235 0.00657781 0.124846 0.193019 0.19039 0.334906 0.00961773 0.00944863 0.0202098
0.00857448 0.00699364 0.101988 0.207694 0.205005 0.351998 0.0103836 0.0102375 0.0189505
0.00929447 0.00756178 0.119147 0.206074 0.203968 0.317846 0.0104228 0.0102525 0.0210833
0.00911293 0.00742659 0.108965 0.211354 0.209157 0.336144 0.0102008 0.009981 0.0228229
0.0091194 0.00733846 0.123218 0.21098 0.208826 0.328432 0.0103762 0.0101598 0.0238731
0.00893732 0.0072056 0.117365 0.211828 0.209629 0.347678 0.010422 0.0101898 0.0259133
0.00908648 0.00741354 0.102723 0.214071 0.212095 0.32729 0.0109201 0.0107428 0.0213924
0.00942285 0.00775077 0.105223 0.207428 0.205662 0.302817 0.0106149 0.0104215 0.0220452
0.0092044 0.00749165 0.12196 0.213014 0.210375 0.376825 0.0104371 0.0102501 0.0219456
0.00926251 0.00755077 0.109852 0.203764 0.201212 0.354547 0.0104926 0.0102647 0.025231
0.00901793 0.00727187 0.130038 0.209422 0.206292 0.399087 0.0102051 0.00999867 0.0225809
0.00924402 0.00739289 0.12048 0.211812 0.208656 0.388996 0.0104579 0.0101833 0.0268265
0.00897632 0.00725932 0.112152 0.211104 0.207974 0.385357 0.0103861 0.0101425 0.0242731
0.00919124 0.00735382 0.114982 0.212581 0.209017 0.415301 0.010912 0.0106938 0.0233021
0.00863581 0.00705961 0.0982088 0.201638 0.198686 0.361777 0.0104842 0.0103 0.0215545
0.00873815 0.0069758 0.126346 0.203749 0.20073 0.388173 0.0100357 0.00981564 0.0244963
0.00868968 0.00699223 0.127862 0.201822 0.198962 0.371348 0.00997661 0.00981117 0.0201753
0.0088835 0.00705828 0.120886 0.208814 0.205687 0.386513 0.0102802 0.0100945 0.0218614
0.00937917 0.0074937 0.120844 0.21506 0.212675 0.341081 0.0105562 0.0103594 0.0211373
0.00944975 0.0075769 0.133495 0.216872 0.214033 0.390029 0.0109742 0.0107307 0.0282983
0.00926702 0.00760121 0.106169 0.214374 0.21226 0.324003 0.0107275 0.010528 0.0219957
0.00934347 0.0075164 0.118645 0.22424 0.221317 0.395226 0.010828 0.0105778 0.0266739
0.00920234 0.00739 0.148148 0.214263 0.210536 0.480234 0.0107646 0.0105286 0.0270079
0.00924926 0.00748359 0.131257 0.216335 0.213384 0.394513 0.010925 0.0106794 0.026355
0.00894264 0.0072068 0.137767 0.210675 0.206849 0.474152 0.010653 0.0104241 0.0269315
0.00887548 0.00727488 0.130106 0.21101 0.207213 0.494478 0.0107383 0.0105485 0.0263562
0.00910282 0.00747258 0.106294 0.210199 0.207037 0.399997 0.0110846 0.0109129 0.0227113
0.00890401 0.00730814 0.114334 0.209714 0.206623 0.398746 0.0110515 0.0109192 0.0194699
0.00884981 0.00720286 0.129195 0.213913 0.210692 0.416236 0.0106775 0.010489 0.0244746
0.00918278 0.0075899 0.115588 0.213743 0.210144 0.419534 0.0108729 0.0107117 0.0207863
0.00876424 0.0070597 0.110385 0.201533 0.19856 0.36967 0.0107847 0.0106131 0.0213076
0.00917489 0.00761492 0.105325 0.207088 0.203808 0.396931 0.0109991 0.0108387 0.0208226
0.00899715 0.00736471 0.100958 0.206585 0.203208 0.386532 0.0111367 0.0109875 0.020225
0.00892411 0.00739303 0.0937957 0.199505 0.196505 0.356271 0.0109853 0.0108127 0.0216772
0.00855304 0.00691759 0.109662 0.194076 0.190889 0.391611 0.0106265 0.0104689 0.0200685
0.00877595 0.00713085 0.103369 0.20088 0.197956 0.363705 0.0111797 0.0110436 0.0193304
0.00869875 0.00698562 0.116834 0.198834 0.196438 0.339597 0.010517 0.0103059 0.0228107
0.00856722 0.00690513 0.105245 0.195875 0.193298 0.336907 0.0104798 0.010321 0.0183553
0.00858157 0.00688543 0.112146 0.199081 0.195989 0.383045 0.0104259 0.0102356 0.0212278
0.00830297 0.00668486 0.120438 0.196286 0.192911 0.446014 0.0106664 0.0104555 0.0245742
0.0085444 0.00688629 0.131659 0.205722 0.202491 0.426448 0.010626 0.0104083 0.0264773
0.00856011 0.00694032 0.0984802 0.20316 0.201127 0.302187 0.0104329 0.0102692 0.0191476
0.00831668 0.00672289 0.127111 0.212079 0.208451 0.471438 0.010743 0.0105315 0.0251881
0.00886987 0.00715069 0.118306 0.210687 0.20772 0.400101 0.0109193 0.0106963 0.0245674
0.00903373 0.00728556 0.123102 0.204159 0.200796 0.442519 0.0106483 0.0104513 0.0253018
0.0093992 0.00762935 0.120623 0.212693 0.210421 0.335152 0.0110949 0.0109235 0.0210826
0.0091723 0.00738978 0.114596 0.210376 0.207419 0.390194 0.0110778 0.0109279 0.0208111
0.00907305 0.0072918 0.124909 0.214885 0.212127 0.364208 0.0115626 0.011387 0.0224979
0.00954341 0.00783836 0.122846 0.221138 0.218426 0.389087 0.0117826 0.011558 0.0265039
0.00930337 0.00750176 0.12757 0.214347 0.211424 0.381699 0.0112411 0.0110333 0.0248757
0.00949442 0.00777568 0.113933 0.214791 0.211787 0.386305 0.0117724 0.0115756 0.0246915
0.00905636 0.00727992 0.123415 0.212264 0.209412 0.359115 0.0116442 0.0114829 0.0214074
0.0093037 0.00763505 0.10928 0.209572 0.206594 0.366165 0.0112797 0.0110629 0.0243098
0.00905477 0.00735151 0.127658 0.20917 0.205604 0.41307 0.011359 0.0110982 0.0272053
0.00913197 0.00732304 0.117255 0.214152 0.210431 0.428748 0.0111875 0.0109305 0.0275383
0.00893199 0.0071748 0.101097 0.215269 0.212418 0.359447 0.0114812 0.0112445 0.0248144
0.00868438 0.00694513 0.102558 0.2198 0.217147 0.354433 0.0117205 0.0115369 0.0218942
0.00905151 0.00725266 0.112186 0.218689 0.215586 0.409763 0.0113771 0.0111572 0.0248841
0.00885989 0.00706872 0.129388 0.210652 0.207312 0.420195 0.0114079 0.0110797 0.0347887
0.00949018 0.00772056 0.122636 0.218616 0.215054 0.434763 0.011649 0.0113297 0.0338987
0.00956256 0.00774348 0.116317 0.213634 0.210103 0.406249 0.0118857 0.0116204 0.0268658
0.00934274 0.00755954 0.119198 0.215823 0.212032 0.456813 0.0120708 0.011809 0.0303506
0.0096061 0.00779696 0.126183 0.219355 0.215966 0.403782 0.0117893 0.011527 0.0297675
0.00935595 0.00758542 0.120631 0.220191 0.216996 0.390073 0.0116233 0.0113086 0.0312081
0.00905848 0.00734238 0.125421 0.214402 0.210676 0.450536 0.0111285 0.0108534 0.0295192
0.00940159 0.0076982 0.12124 0.213019 0.209895 0.38275 0.0109249 0.0107229 0.0218547
0.00975329 0.00799518 0.131414 0.21867 0.215449 0.402621 0.0114194 0.0111508 0.030579
0.0092666 0.00758314 0.133902 0.22177 0.218632 0.421375 0.0115142 0.0112013 0.0344204
0.00941174 0.00772886 0.115994 0.222454 0.219401 0.397237 0.0117333 0.01148 0.0296694
0.00937724 0.00765048 0.138514 0.218114 0.214908 0.425321 0.0114915 0.0111838 0.035196
0.00931483 0.00758958 0.116281 0.217084 0.214139 0.391325 0.0115381 0.0112361 0.0312609
0.00904406 0.00735615 0.117428 0.216794 0.214083 0.371879 0.0108855 0.0106455 0.0258455
0.00912084 0.00735224 0.117317 0.215164 0.212345 0.384693 0.0111387 0.0109152 0.0262389
0.00869694 0.00690603 0.118522 0.217246 0.214164 0.414258 0.0110597 0.0107934 0.0311964
0.0094468 0.00756314 0.146416 0.22238 0.218905 0.44751 0.0118402 0.0116048 0.0287123
0.00876671 0.00694015 0.13486 0.215205 0.211105 0.529325 0.0114031 0.0111516 0.0301263
0.00929362 0.00759469 0.130269 0.21864 0.215244 0.427278 0.0117875 0.0116065 0.0237905
0.00997735 0.0081902 0.148117 0.224612 0.220946 0.47611 0.0119679 0.0117767 0.0261349
0.0102727 0.0084528 0.124322 0.217799 0.213784 0.48547 0.0120864 0.011982 0.0184798
0.0105471 0.00859981 0.149474 0.220377 0.216644 0.458686 0.0119131 0.0117288 0.0246326
0.00974941 0.00793822 0.130632 0.21485 0.211293 0.465241 0.0115062 0.0113249 0.0245321
0.00900656 0.00721936 0.138239 0.211466 0.208168 0.444052 0.0111492 0.0110221 0.0199751
0.00863354 0.00696577 0.137707 0.21643 0.21256 0.534726 0.0111935 0.0110417 0.0226839
0.00949572 0.00770448 0.149677 0.218539 0.214809 0.506678 0.0111025 0.010937 0.0244965
0.00952986 0.00789426 0.121278 0.217174 0.213818 0.445385 0.0110714 0.0109392 0.021416
0.00937696 0.00774829 0.147944 0.215277 0.211806 0.482855 0.0110761 0.0109202 0.0233313
0.00895352 0.00732244 0.129035 0.206807 0.203283 0.458716 0.0111032 0.0109997 0.0184102
0.00924623 0.00770349 0.1004 0.216321 0.21327 0.394528 0.0114639 0.011349 0.0186839
0.00966326 0.00791614 0.115878 0.210088 0.206776 0.409297 0.011231 0.0110966 0.0202064
0.00916874 0.00756516 0.134841 0.211459 0.208192 0.434953 0.010937 0.010815 0.0199571
0.00905052 0.00733928 0.124345 0.210756 0.207417 0.435442 0.0111922 0.0110236 0.0235372
0.00941686 0.00767167 0.131755 0.212295 0.208671 0.455381 0.0113292 0.0111762 0.023459
0.00921195 0.00750462 0.137079 0.212566 0.208609 0.486896 0.0116238 0.0114736 0.0237648
0.00914719 0.00743407 0.121303 0.213177 0.210001 0.388506 0.0113269 0.0111917 0.0202947
0.00930612 0.00758218 0.133845 0.223211 0.219643 0.442258 0.0114016 0.0112499 0.0221108
0.00917749 0.00746516 0.14893 0.207647 0.204103 0.430942 0.0113017 0.0111663 0.0217615
0.00924496 0.00765582 0.123006 0.210309 0.207138 0.397296 0.0117341 0.0116013 0.0212588
0.00900203 0.00741849 0.129521 0.207886 0.203823 0.482974 0.0118203 0.0117093 0.0195648
0.00923614 0.00766462 0.120081 0.212346 0.207888 0.524995 0.0114702 0.0113415 0.0209265
0.00925019 0.00766801 0.102 0.217416 0.214044 0.413357 0.0119181 0.0117996 0.0191271
0.00912164 0.007458 0.111269 0.216413 0.213138 0.402838 0.0117782 0.0115927 0.0230979
0.00918582 0.00760312 0.104057 0.218279 0.214396 0.473779 0.0116385 0.0114509 0.0241917
0.00885348 0.00723287 0.118599 0.215251 0.211879 0.426035 0.0111296 0.0109219 0.0252154
0.00872089 0.00710081 0.133814 0.216733 0.213185 0.451925 0.0110985 0.0108776 0.026867
0.008662 0.00697917 0.139201 0.206889 0.202944 0.510521 0.0111335 0.0108889 0.0320941
0.00902803 0.00735338 0.123607 0.214605 0.211368 0.412898 0.0111422 0.010936 0.0256108
0.00946334 0.00777971 0.133355 0.214911 0.211363 0.450205 0.0112483 0.0110076 0.0295384
0.00973633 0.00800698 0.123712 0.217644 0.214072 0.453294 0.0113565 0.0111576 0.024647
0.00951419 0.00781477 0.131579 0.230142 0.226768 0.450157 0.0118751 0.0116869 0.0242034
0.00870114 0.00714642 0.126527 0.226012 0.223017 0.422956 0.0114886 0.011317 0.0228228
0.00858982 0.00712064 0.106382 0.219512 0.216972 0.376501 0.0115591 0.0114218 0.0204952
0.00829408 0.00675071 0.125259 0.222774 0.219689 0.427938 0.0108904 0.0107495 0.0204911
0.00886048 0.00728399 0.109517 0.230395 0.228243 0.351867 0.0110253 0.010891 0.0201218
0.00919346 0.00764016 0.102569 0.220111 0.218162 0.327091 0.0116666 0.0115366 0.0201785
0.00913128 0.00759057 0.109932 0.223701 0.221033 0.385882 0.0117924 0.0116275 0.0231679
0.00931668 0.00774331 0.106281 0.220995 0.217839 0.429889 0.0117285 0.0115241 0.0266993
0.00955721 0.00796861 0.111998 0.222025 0.218913 0.418568 0.0120597 0.0118367 0.0285205
0.00962887 0.0080411 0.121746 0.221555 0.21805 0.463106 0.0120712 0.0119081 0.0250005
0.00920987 0.00757029 0.144413 0.224519 0.220653 0.500902 0.0119344 0.0117745 0.0246921
0.009335 0.00760956 0.137256 0.223541 0.219598 0.493346 0.0115778 0.0113951 0.0272434
0.00897077 0.00736464 0.116331 0.224986 0.221472 0.430652 0.011492 0.0113164 0.0236893
0.00900854 0.00738019 0.128746 0.225922 0.221116 0.590715 0.0113399 0.0111228 0.027203
0.0089468 0.0073839 0.122413 0.222368 0.218277 0.495165 0.0113117 0.0111758 0.0208892
0.00888405 0.00730595 0.12697 0.221263 0.216869 0.530847 0.0118255 0.0116914 0.0220808
0.00889425 0.00740309 0.104372 0.21744 0.213933 0.442572 0.0116258 0.0115092 0.0193214
0.00872333 0.00727022 0.116399 0.219721 0.215846 0.48339 0.0111819 0.0110555 0.0201163
0.00901274 0.00750117 0.128157 0.220285 0.21583 0.550897 0.0113667 0.0112313 0.0205207
0.00882037 0.00732982 0.12349 0.217999 0.213687 0.52573 0.0115008 0.0113286 0.0241261
0.00929564 0.00774344 0.110706 0.22634 0.221703 0.54982 0.011568 0.0113657 0.0250023
0.00937017 0.00785325 0.102899 0.216904 0.213178 0.443743 0.0114618 0.0112734 0.0250993
0.00878213 0.00741973 0.0984942 0.209617 0.206292 0.402026 0.011166 0.0110225 0.0210197
0.00930743 0.00790038 0.111647 0.219698 0.215848 0.46996 0.0113088 0.0111749 0.0209744
0.00930684 0.00785494 0.108989 0.217405 0.213857 0.436389 0.0112702 0.0111653 0.018327
0.00957084 0.00809753 0.117515 0.21988 0.216097 0.478942 0.0113596 0.0112344 0.020536
0.00926182 0.00778498 0.10391 0.225163 0.221866 0.423665 0.0115339 0.0113894 0.021058
0.00977962 0.00836795 0.100375 0.222325 0.219111 0.411376 0.011647 0.0115082 0.0220254
0.0101823 0.00875835 0.105365 0.239308 0.235547 0.46567 0.0120516 0.0118995 0.0221057
0.0101822 0.00876134 0.0950771 0.221164 0.217801 0.420517 0.01143 0.0112445 0.023809
0.0102324 0.00873514 0.106055 0.227382 0.223961 0.428073 0.0115224 0.0113671 0.0220646
0.00990668 0.00842936 0.09977 0.218958 0.215576 0.424061 0.0111981 0.011088 0.018746
0.00960267 0.00817779 0.100208 0.217754 0.214633 0.399892 0.0114398 0.0113489 0.0173546
0.00982636 0.00839346 0.100099 0.221095 0.217852 0.430042 0.0116222 0.0114791 0.0227784
0.0102011 0.00870446 0.120848 0.223038 0.219409 0.466142 0.0117417 0.011626 0.0202627
0.00956175 0.00816198 0.101819 0.22723 0.223434 0.455231 0.0113995 0.0112681 0.0204435
0.00912267 0.00774563 0.109142 0.218803 0.215149 0.439353 0.011422 0.0112975 0.0194998
0.00862069 0.00731536 0.0986071 0.223134 0.219447 0.44228 0.0112843 0.0111548 0.0196318
0.00896033 0.00750179 0.10102 0.219454 0.216172 0.410123 0.0109358 0.0108054 0.0203028
0.00885742 0.0074208 0.114573 0.216778 0.213106 0.453578 0.0107022 0.0105495 0.0234913
0.00875443 0.0073031 0.124807 0.215932 0.212004 0.481805 0.0109697 0.0108402 0.020998
0.00911501 0.00773909 0.110839 0.213542 0.209766 0.470736 0.0111971 0.0110627 0.0213253
0.0088083 0.00742909 0.121586 0.219788 0.216411 0.464234 0.0113944 0.0112066 0.0268149
0.00954331 0.00799205 0.135433 0.223117 0.219654 0.477222 0.0116142 0.011377 0.031047
0.00919284 0.00766528 0.11765 0.228577 0.225416 0.447745 0.0118442 0.0116175 0.0309258
0.00905258 0.00761909 0.119534 0.217277 0.214358 0.416081 0.0113775 0.0111537 0.029333
0.00908529 0.00764264 0.121933 0.221321 0.218447 0.411112 0.0112881 0.0110912 0.0251609
0.00898314 0.00749224 0.116129 0.22222 0.219492 0.405469 0.0113888 0.0111878 0.0257353
0.00883327 0.00741987 0.125167 0.218441 0.215749 0.40585 0.0113997 0.011185 0.027581
0.00887699 0.00745221 0.123244 0.218053 0.215439 0.415534 0.0115275 0.0113181 0.0291539
0.00897499 0.00755596 0.117277 0.219115 0.216515 0.395632 0.0119153 0.0117057 0.0263598
0.00908996 0.00761055 0.100348 0.22309 0.220068 0.411549 0.0117669 0.0115749 0.0250029
0.00891474 0.00750122 0.100065 0.226524 0.223934 0.388683 0.0119341 0.0117542 0.0249759
0.00898674 0.00759306 0.0920656 0.226109 0.223865 0.351902 0.0116806 0.0114866 0.0235417
0.00872075 0.00733863 0.0928722 0.217046 0.214713 0.340757 0.0109895 0.0107613 0.0262108
0.00906313 0.00755446 0.101437 0.223209 0.220078 0.399098 0.0113763 0.011167 0.0245483
0.00928844 0.00784136 0.0969571 0.219899 0.217276 0.372938 0.0112412 0.0110396 0.0252201
0.00973505 0.00827279 0.105579 0.22254 0.219711 0.393309 0.0115914 0.01141 0.0238889
0.00938078 0.00793676 0.104905 0.234371 0.231585 0.39937 0.0123213 0.0120931 0.029061
0.0092028 0.00776138 0.10973 0.22417 0.221495 0.391018 0.0121466 0.0119062 0.0287847
0.00894476 0.00764173 0.0942551 0.218904 0.216893 0.338596 0.0120056 0.0117806 0.0273196
0.00930184 0.00784664 0.111823 0.227793 0.225476 0.372753 0.0122757 0.012 0.0302756
0.00891478 0.00744449 0.123912 0.220437 0.217605 0.423964 0.0119674 0.0116619 0.0348576
0.00892048 0.00754267 0.103214 0.217915 0.215779 0.354877 0.0122867 0.01195 0.0358977
0.00947731 0.00796629 0.125718 0.225532 0.223468 0.355481 0.0120056 0.0117181 0.0322459
0.0099044 0.00847149 0.117718 0.223616 0.221392 0.377173 0.0122842 0.0120338 0.0319844
0.00939258 0.0079496 0.119109 0.226875 0.224326 0.397826 0.0119027 0.0116934 0.0250547
0.00956379 0.00803125 0.117039 0.230563 0.228426 0.368268 0.0120557 0.0118001 0.0306385
0.00964929 0.00812925 0.119346 0.227943 0.225505 0.39207 0.0118101 0.011551 0.0321096
0.00925887 0.00791856 0.102159 0.216644 0.214477 0.34566 0.011282 0.0110733 0.0243693
0.00895616 0.00764061 0.108348 0.218299 0.215582 0.421945 0.0109731 0.010779 0.026912
0.00900606 0.00770647 0.118222 0.225613 0.222643 0.465893 0.011277 0.0111119 0.02636
0.0090213 0.00770787 0.107664 0.224861 0.222638 0.375782 0.0112953 0.0111165 0.0252697
0.00939538 0.00805289 0.121235 0.231099 0.228597 0.422492 0.0120076 0.0118468 0.0263461
0.00904717 0.0076685 0.1187 0.229372 0.226269 0.482393 0.0117315 0.011521 0.0300511
0.0090378 0.00768385 0.122196 0.232479 0.229267 0.467529 0.011641 0.0114357 0.0274743
0.00910861 0.00773322 0.116291 0.227338 0.224442 0.425513 0.0113036 0.0110971 0.0267642
0.00853391 0.00723015 0.106664 0.218032 0.215496 0.387729 0.0116796 0.0115286 0.0221085
0.00899623 0.00756262 0.106482 0.231307 0.228652 0.40339 0.0119132 0.0117734 0.0217486
0.00889313 0.00755276 0.1038 0.233186 0.230515 0.41426 0.0119122 0.0117882 0.0216097
0.00960195 0.00820201 0.139675 0.237009 0.23381 0.494106 0.0120727 0.0119203 0.0258536
0.00914602 0.00780309 0.135732 0.230052 0.22677 0.506838 0.0122595 0.0121011 0.0282838
0.00877178 0.00738284 0.129665 0.220377 0.217233 0.490726 0.0115971 0.0114252 0.0254907
0.00873867 0.0074129 0.135263 0.222203 0.218943 0.516088 0.0115494 0.011278 0.0394001
0.0092548 0.00788921 0.13958 0.232511 0.229958 0.43499 0.0113043 0.0110642 0.0326695
0.00934209 0.0079369 0.120352 0.232889 0.230545 0.405397 0.0113919 0.0111579 0.0299805
0.0092014 0.00776639 0.130791 0.225443 0.22271 0.459476 0.0112743 0.0110327 0.033261
0.00888958 0.00756785 0.127422 0.214266 0.211512 0.455295 0.0110576 0.0108287 0.0301972
0.00932205 0.00779787 0.156637 0.217029 0.214684 0.407838 0.0113518 0.0110906 0.0318995
0.00916935 0.00782799 0.105877 0.218083 0.216052 0.375687 0.0113287 0.0111101 0.0261808
0.00860656 0.00723677 0.123313 0.205739 0.204023 0.347895 0.0113875 0.0111714 0.0280459
0.00890014 0.00746396 0.128489 0.205073 0.20324 0.361571 0.0112585 0.011038 0.030573
0.00897828 0.00749074 0.116676 0.206878 0.205162 0.328588 0.011019 0.0108034 0.0275992
0.00949335 0.00795043 0.131955 0.2148 0.212917 0.359543 0.0108412 0.0106318 0.026928
0.00877503 0.00739946 0.108596 0.217693 0.215924 0.349051 0.0106945 0.0104757 0.0265101
0.00892968 0.00748443 0.125138 0.223811 0.221844 0.373626 0.011065 0.0108244 0.0293807
0.00908694 0.00761906 0.11541 0.21972 0.217972 0.337115 0.0109521 0.0107896 0.0233876
0.00904973 0.00763804 0.1159 0.220392 0.218368 0.357247 0.0109107 0.0107375 0.0242824
0.00929172 0.00780604 0.124219 0.223084 0.220965 0.386505 0.0113055 0.01113 0.024986
0.00878849 0.007357 0.113383 0.222689 0.220711 0.362141 0.01144 0.0112852 0.0222961
0.00883543 0.00745107 0.12166 0.224909 0.222342 0.437248 0.0115688 0.0114027 0.0266687
0.00855908 0.00715672 0.11634 0.221718 0.219555 0.379328 0.0114823 0.0113516 0.0214327
0.00853196 0.00721329 0.125102 0.227776 0.225803 0.379304 0.0114425 0.0112888 0.0243302
0.00903986 0.00757496 0.126394 0.23356 0.231718 0.366183 0.0120727 0.0118985 0.0262285
0.00904147 0.00776519 0.0942044 0.226036 0.224039 0.363278 0.0117481 0.0116902 0.0160188
0.00842135 0.00701844 0.119401 0.223246 0.220961 0.393902 0.0118096 0.0116835 0.0228284
0.00877615 0.00726749 0.12385 0.215963 0.2129 0.471902 0.0117102 0.0115573 0.0237181
0.00833257 0.00694608 0.12259 0.216187 0.213161 0.454145 0.0112138 0.0110515 0.0246619
0.00852903 0.00712966 0.112854 0.215893 0.213273 0.411934 0.0115934 0.011474 0.0211206
0.0086484 0.00725207 0.113421 0.220832 0.218154 0.411221 0.011324 0.0112044 0.021065
0.00899485 0.00752051 0.115688 0.221366 0.218207 0.505018 0.0115095 0.0114131 0.0209296
0.00872907 0.00730003 0.117238 0.219347 0.216313 0.443537 0.0114759 0.0113756 0.01981
0.0086847 0.00727438 0.139551 0.21951 0.216544 0.430835 0.0114208 0.0113365 0.0178041
0.00889628 0.0074035 0.114932 0.220592 0.217331 0.440119 0.0114086 0.0113129 0.0183781
0.00899022 0.00756937 0.117661 0.221732 0.219274 0.37848 0.0115811 0.0115089 0.0166741
0.0094593 0.00793385 0.136189 0.230705 0.22804 0.416495 0.0117871 0.0116744 0.0214998
0.00960639 0.00809286 0.11487 0.223257 0.221536 0.323987 0.0115362 0.0114497 0.0176282
0.00916279 0.00780893 0.129223 0.21399 0.211785 0.380225 0.0110343 0.010936 0.0193966
0.00957345 0.00807086 0.132062 0.218243 0.215862 0.404899 0.0110117 0.0108889 0.0204161
0.00902744 0.00754713 0.107401 0.222113 0.220828 0.299499 0.0113281 0.0112005 0.0200936
0.00899911 0.00744834 0.139741 0.224807 0.222741 0.39138 0.0114148 0.0112257 0.0278677
0.00886153 0.00745702 0.132402 0.227328 0.22532 0.373804 0.0111742 0.0110638 0.0207118
0.00925473 0.00776205 0.124298 0.232257 0.229854 0.422792 0.0113986 0.0113024 0.0197301
0.00943169 0.0079903 0.132585 0.218325 0.21585 0.418082 0.0114979 0.0114041 0.0202884
0.00921042 0.00772762 0.158433 0.217566 0.215273 0.395267 0.0115878 0.0114929 0.0205349
0.00972318 0.00826735 0.128541 0.226522 0.224291 0.387768 0.0113372 0.0112968 0.0143459
0.0095693 0.00819814 0.130396 0.229294 0.227403 0.373154 0.0121846 0.0121342 0.0160598
0.00990117 0.00842237 0.133495 0.224848 0.223 0.355228 0.0122622 0.0121825 0.0186482
0.0102572 0.00877769 0.14128 0.223881 0.221606 0.419924 0.0121598 0.0120307 0.0243773
0.0101176 0.0086822 0.11886 0.221686 0.219669 0.367997 0.0114022 0.0112663 0.021038
0.0103409 0.00886762 0.115679 0.227023 0.22463 0.401556 0.0116732 0.0116408 0.013901
0.00998861 0.00848207 0.115835 0.221454 0.219098 0.391446 0.0112985 0.0111967 0.0184738
0.00988174 0.00836682 0.115263 0.220738 0.219418 0.305516 0.0109846 0.0109012 0.0164448
0.00911779 0.00774853 0.108985 0.211812 0.21028 0.320836 0.0107287 0.0106153 0.0189835
0.00924752 0.00784472 0.10035 0.22147 0.219951 0.313022 0.0108506 0.0107565 0.0170411
0.00910554 0.00762326 0.115925 0.220853 0.219084 0.331909 0.0109743 0.0108547 0.0197281
0.00911972 0.00765493 0.121707 0.222961 0.220468 0.402547 0.0111925 0.0110167 0.0239777
0.00928484 0.00784869 0.0962911 0.21978 0.217707 0.347588 0.0111766 0.0110392 0.020172
0.00920521 0.00770535 0.102071 0.217191 0.214975 0.365709 0.0111744 0.0110007 0.0260587
0.00922148 0.00763473 0.135991 0.226577 0.224176 0.391709 0.0115009 0.0113221 0.0255891
0.0094176 0.00795836 0.126 0.225896 0.223252 0.423074 0.0115486 0.0113722 0.0265183
0.00941535 0.00795501 0.130678 0.224529 0.222016 0.424858 0.0113607 0.0112112 0.023938
0.00995723 0.00837831 0.135199 0.234698 0.232528 0.395613 0.0118959 0.0117013 0.0270836
0.00957396 0.0080221 0.116701 0.226177 0.224175 0.354 0.0118362 0.0116226 0.028064
0.00961456 0.00802281 0.135136 0.227894 0.225537 0.403734 0.0119459 0.0117226 0.0298189
0.00933658 0.00778013 0.12709 0.221923 0.220305 0.328155 0.0119493 0.0117426 0.0295426
0.00972435 0.00810606 0.134622 0.2363 0.234115 0.382547 0.0127968 0.0125617 0.0311514
0.00928318 0.00779382 0.121396 0.229746 0.227903 0.353947 0.0126045 0.0123329 0.0337765
0.00995866 0.00844998 0.115663 0.228115 0.226106 0.366731 0.0122152 0.0119716 0.0283118
0.00966854 0.00821933 0.119132 0.22626 0.224196 0.365468 0.0119055 0.0116081 0.0350779
0.00968081 0.00821794 0.118128 0.232505 0.2298 0.44474 0.0123661 0.0120699 0.0347691
0.00941633 0.00804826 0.115513 0.228755 0.226397 0.414922 0.0123432 0.0120898 0.0309456
0.00916819 0.0077571 0.105849 0.228382 0.226253 0.360263 0.0119496 0.0116613 0.0317553
0.00929716 0.00790169 0.106719 0.221178 0.218423 0.399552 0.011727 0.0114495 0.0324319
0.00961061 0.00814949 0.11715 0.227383 0.22438 0.411291 0.0115135 0.0112694 0.030511
0.00881752 0.00744586 0.120118 0.221051 0.218072 0.431154 0.0112483 0.0109692 0.0336572
0.00945629 0.00809355 0.111707 0.223252 0.2206 0.402346 0.0115904 0.0113557 0.0301076
0.00970436 0.00822932 0.118955 0.223918 0.221102 0.407053 0.0114656 0.0112283 0.0283558
0.00951753 0.00798935 0.135734 0.228815 0.226285 0.391858 0.0118907 0.0116058 0.0353919
0.0096476 0.00807235 0.138468 0.230465 0.227733 0.412732 0.0119472 0.0117021 0.0313953
0.00917101 0.00777501 0.118396 0.216947 0.214183 0.41777 0.0115716 0.0112881 0.0344455
0.00930824 0.00793469 0.118063 0.221773 0.219018 0.415871 0.0120313 0.0117595 0.0320603
0.00888426 0.00757237 0.0926203 0.229306 0.226411 0.431396 0.0117939 0.011544 0.0295034
0.00844621 0.00710682 0.104364 0.228939 0.226561 0.388726 0.0115707 0.0113828 0.0246524
0.008767 0.00750843 0.102741 0.221546 0.219386 0.357629 0.0114994 0.0112491 0.0302071
0.0086076 0.00734766 0.0897479 0.22604 0.223754 0.363094 0.0114889 0.0112676 0.0264542
0.00869191 0.00728285 0.103182 0.224648 0.221845 0.409698 0.0111181 0.0108846 0.0267569
0.00868122 0.00736539 0.0905467 0.217461 0.215439 0.331815 0.0110632 0.0109084 0.0201755
0.00909876 0.00783194 0.0836462 0.226713 0.223966 0.412713 0.0113186 0.0111767 0.0212172
0.00905796 0.00773486 0.119708 0.229162 0.226479 0.431686 0.0117009 0.0115802 0.0206926
0.00927044 0.00788125 0.110816 0.228109 0.225162 0.454516 0.0116903 0.011526 0.024054
0.00947505 0.00815525 0.108505 0.219916 0.217589 0.38054 0.0117502 0.0115243 0.0285205
0.00960294 0.00824414 0.107393 0.222614 0.220578 0.36143 0.011665 0.0114722 0.0253323
0.00894973 0.00767799 0.11879 0.216078 0.213249 0.43689 0.0115468 0.0113512 0.0273305
0.00960158 0.00823195 0.114333 0.218952 0.216548 0.383808 0.0115883 0.0113626 0.0280419
0.00961707 0.0082506 0.107405 0.217707 0.215329 0.391205 0.0113111 0.0111619 0.0218121
0.00944611 0.00814924 0.10197 0.229322 0.226413 0.444191 0.0120136 0.011866 0.02248
0.00928808 0.00794898 0.114246 0.222586 0.219437 0.468068 0.0120554 0.0118573 0.0273569
0.00901913 0.0077151 0.0975741 0.225282 0.222283 0.432208 0.0118955 0.0117105 0.0249687
0.00852281 0.00723762 0.0957265 0.22652 0.223353 0.446638 0.011314 0.0111165 0.0261875
0.00865139 0.00731162 0.107103 0.232057 0.228891 0.445844 0.0118461 0.0116345 0.0276672
0.00896287 0.00746588 0.129418 0.230412 0.227063 0.485473 0.0117806 0.0115494 0.0301945
0.00946804 0.0079772 0.141293 0.231129 0.227736 0.519168 0.0120594 0.0118497 0.0283508
0.00879186 0.00741674 0.113124 0.218511 0.215735 0.424617 0.0118303 0.0116449 0.0266082
0.00912109 0.00777894 0.112601 0.219323 0.216686 0.412186 0.0119759 0.011796 0.0261716
0.00949714 0.00816267 0.133763 0.227516 0.224578 0.480625 0.0123953 0.0121703 0.0316352
0.00924926 0.00791962 0.124485 0.225055 0.222218 0.440181 0.0121017 0.0118923 0.0288395
0.00932792 0.00791816 0.130567 0.228354 0.225204 0.487517 0.0119652 0.0117545 0.0319544
0.00995861 0.00864727 0.1222 0.234152 0.23116 0.468989 0.0126141 0.012425 0.029471
0.0102474 0.00896289 0.116632 0.226755 0.223684 0.454347 0.0122893 0.0121643 0.0229716
0.0109688 0.00954606 0.118101 0.239169 0.236033 0.453567 0.0122934 0.0121638 0.0227223
0.0098591 0.00857502 0.11325 0.230224 0.226945 0.502195 0.01177 0.0116538 0.0221279
0.00978625 0.00842507 0.114325 0.222171 0.218835 0.475847 0.0116128 0.011491 0.0208319
0.0095397 0.00824376 0.114094 0.222654 0.219182 0.522574 0.0114099 0.0112915 0.0209929
0.00959997 0.00822953 0.121878 0.225071 0.22159 0.494024 0.0121901 0.0120228 0.0264678
0.00921352 0.00791449 0.131485 0.2273 0.223762 0.510785 0.0114679 0.0112912 0.0275958
0.00928686 0.00798787 0.115665 0.228056 0.224443 0.509294 0.011952 0.0117984 0.0242846
0.00896085 0.00762167 0.11239 0.22624 0.222913 0.457069 0.0116864 0.0115323 0.0238457
0.00929379 0.00795826 0.0956829 0.226474 0.223187 0.455208 0.01191 0.0117747 0.0218969
0.00892018 0.00760112 0.10996 0.231939 0.228256 0.531477 0.0119501 0.0118001 0.0248826
0.00804003 0.00680936 0.119084 0.219089 0.216094 0.449185 0.0113245 0.0112397 0.0180083
0.00846528 0.00722623 0.104161 0.226682 0.22375 0.428827 0.0117581 0.0116216 0.0223836
0.0087128 0.00738692 0.109009 0.220989 0.218319 0.395639 0.0114777 0.0113077 0.0241585
0.00888209 0.00749057 0.124739 0.220784 0.217838 0.442475 0.0116625 0.0114533 0.0303998
0.00896616 0.00758881 0.117872 0.229589 0.22663 0.431712 0.0116859 0.0114601 0.0298328
0.00897399 0.0076688 0.10943 0.217221 0.214696 0.383152 0.0115411 0.0113354 0.0288814
0.00918918 0.0078908 0.110333 0.220617 0.217968 0.407047 0.0116966 0.0114841 0.0298341
0.00981131 0.00843802 0.114639 0.224303 0.221871 0.387615 0.0123146 0.0121139 0.0280583
0.0100069 0.00860517 0.11691 0.227432 0.22462 0.422763 0.0120713 0.0118634 0.0284139
0.00955754 0.00815693 0.132344 0.227146 0.223789 0.495508 0.0120804 0.0118666 0.030356
0.0096289 0.00829237 0.134193 0.226233 0.223324 0.448254 0.0121767 0.0119673 0.0282639
0.00949233 0.00813326 0.10709 0.230669 0.227743 0.441325 0.0117805 0.0115971 0.027441
0.00906496 0.00782205 0.118303 0.23017 0.227067 0.502751 0.0114923 0.0112925 0.0294414
0.00914512 0.00777109 0.114671 0.233791 0.230417 0.508031 0.0119685 0.0117475 0.0309118
0.00896322 0.00765149 0.12601 0.22908 0.22558 0.546297 0.0117698 0.0115597 0.0310132
0.00913098 0.00782188 0.118207 0.232621 0.229533 0.455106 0.0119066 0.011674 0.0317913
0.00916659 0.00779352 0.117639 0.230388 0.2273 0.462159 0.0118794 0.0116975 0.0264295
0.00934811 0.00800088 0.120206 0.233459 0.230757 0.428968 0.0121991 0.0120416 0.0261327
0.00930309 0.00799435 0.100954 0.232199 0.229906 0.385498 0.011872 0.0117197 0.022982
0.0096324 0.00835655 0.116485 0.235852 0.233175 0.438866 0.012346 0.0121909 0.025608
0.00955461 0.00826327 0.115029 0.237344 0.234522 0.441316 0.0122642 0.0121491 0.0227504
0.00913086 0.00786714 0.121894 0.236706 0.233692 0.465773 0.0116646 0.0114828 0.0282512
0.00919878 0.0079297 0.118158 0.23556 0.232988 0.422549 0.0117577 0.011573 0.0284603
0.00917295 0.00784963 0.138086 0.234381 0.231442 0.484201 0.011621 0.0114147 0.0299725
0.00938189 0.00811417 0.110362 0.226672 0.223872 0.447361 0.0112576 0.0110916 0.0241564
0.00861742 0.00748418 0.104741 0.223504 0.220998 0.420336 0.0113221 0.0111347 0.0275829
0.0085896 0.0074756 0.0935412 0.227525 0.225133 0.394833 0.0117596 0.0115672 0.0271851
0.00876548 0.0074525 0.109077 0.227037 0.22447 0.421166 0.0120375 0.0118256 0.028755
0.00870125 0.0074247 0.104315 0.234717 0.231906 0.435543 0.0121603 0.0119973 0.0247202
0.0089468 0.00755041 0.118683 0.231046 0.227892 0.457454 0.0118117 0.0116648 0.0232068
0.00916947 0.00788717 0.0982311 0.229386 0.226557 0.42199 0.0115746 0.0114277 0.0228774
0.00929606 0.00784635 0.110594 0.239894 0.236896 0.434281 0.0118059 0.0116565 0.0229574
0.00903125 0.00764391 0.120114 0.233241 0.22993 0.453673 0.0113869 0.0112723 0.020134
0.00949174 0.00810651 0.110926 0.232403 0.229651 0.410741 0.011495 0.0113337 0.024192
0.00901063 0.00769354 0.096713 0.230923 0.228118 0.401199 0.0112235 0.0110577 0.0224517
0.00920597 0.00782359 0.107225 0.233889 0.231403 0.383188 0.0110466 0.0109118 0.0197414
0.00912253 0.00778338 0.0969322 0.238432 0.235435 0.416967 0.0115304 0.0114073 0.0193192
0.00939912 0.008018 0.110681 0.250408 0.246985 0.469699 0.0122564 0.0120917 0.0236966
0.00987367 0.00843553 0.117254 0.247103 0.243805 0.471657 0.0117122 0.0115365 0.02296
0.00991319 0.00846607 0.115834 0.240195 0.236807 0.482954 0.0117463 0.0115638 0.025081
0.0106499 0.00919013 0.112649 0.247718 0.244451 0.476789 0.0121994 0.0120608 0.0218998
0.0101372 0.00870694 0.108047 0.239976 0.236376 0.507248 0.0122112 0.0120515 0.0255256
0.00991278 0.00847042 0.123562 0.234334 0.230235 0.567331 0.0118547 0.0117082 0.0255365
0.00973052 0.00833606 0.133676 0.236524 0.233153 0.497005 0.011888 0.0117494 0.0248458
0.00989091 0.00856082 0.13758 0.234288 0.230819 0.503219 0.012109 0.0119908 0.0231465
0.00995534 0.00857578 0.127065 0.227273 0.224046 0.470608 0.0122819 0.0121267 0.0248192
0.0103175 0.00883299 0.140615 0.22874 0.225765 0.444218 0.012361 0.0122065 0.0244606
0.00980393 0.00832868 0.124365 0.229165 0.226268 0.419861 0.0117813 0.0116501 0.0213225
0.00928133 0.00782451 0.120437 0.221481 0.217891 0.507434 0.0115648 0.0113867 0.0283397
0.00951514 0.00799409 0.140501 0.225594 0.222208 0.478735 0.0113925 0.0112207 0.0276933
0.00910388 0.00766207 0.129842 0.230231 0.226823 0.535586 0.0115847 0.0114405 0.0257971
0.00875372 0.00747821 0.120337 0.233756 0.230843 0.449043 0.0117386 0.0116273 0.0199531
0.00891381 0.00753605 0.147828 0.222258 0.219481 0.445734 0.0116624 0.011565 0.0206809
0.00847829 0.0071378 0.132178 0.228406 0.225717 0.440688 0.0114842 0.0114235 0.0164004
0.00901795 0.00767471 0.131737 0.232138 0.229646 0.409203 0.0120025 0.0119283 0.0183892
0.00972106 0.00822208 0.155383 0.234851 0.231788 0.491617 0.0120886 0.0120261 0.0180906
0.00961195 0.00821152 0.137051 0.234384 0.231506 0.466471 0.0117961 0.0117245 0.0187463
0.00964322 0.00823596 0.116407 0.244791 0.242595 0.404374 0.0118476 0.0117925 0.0163328
0.00954455 0.00813908 0.116781 0.247326 0.245002 0.407441 0.0119929 0.0119579 0.0148095
0.00977573 0.00837745 0.13304 0.242421 0.239968 0.440209 0.0116421 0.0116337 0.0122897
0.00919343 0.00785177 0.144001 0.226595 0.223198 0.536953 0.0117436 0.0117055 0.0156764
0.00933154 0.00789523 0.151901 0.22744 0.223945 0.558572 0.0117799 0.0117227 0.0178513
0.00932646 0.00800751 0.117763 0.226652 0.223706 0.460171 0.0116411 0.0116181 0.0138537
0.00946776 0.00802934 0.134887 0.22762 0.224645 0.432882 0.0117846 0.0117556 0.0141245
0.00949228 0.00800821 0.178231 0.234734 0.230861 0.618953 0.0117475 0.0116896 0.0182051
0.00938012 0.0079861 0.15688 0.242065 0.23791 0.607039 0.0117441 0.0116603 0.0205975
0.00924623 0.00779736 0.163103 0.239986 0.235719 0.633214 0.0120698 0.0120044 0.0176411
0.00928857 0.00787094 0.148463 0.240994 0.236613 0.670822 0.0120058 0.0119178 0.0195339
0.00930439 0.00794281 0.120468 0.239676 0.235556 0.605894 0.0120016 0.0119365 0.0174157
0.00940858 0.00812871 0.129983 0.234124 0.230809 0.49596 0.0116952 0.0116854 0.0125457
0.00935643 0.00805146 0.132078 0.240618 0.237204 0.53359 0.0116777 0.011654 0.0138867
0.00924885 0.00795328 0.111152 0.240915 0.238266 0.432091 0.0115196 0.0115282 0.010825
0.00910299 0.00781471 0.131973 0.236413 0.233492 0.465887 0.0116263 0.0116352 0.0108274
0.009139 0.00782195 0.112777 0.235145 0.231794 0.520731 0.0115347 0.0115406 0.0110215
0.0091186 0.00786622 0.0962163 0.236958 0.234421 0.411882 0.0115145 0.0115364 0.00983983
0.00902737 0.00778486 0.115285 0.224247 0.221582 0.436568 0.0111538 0.0111308 0.0131525
0.00930411 0.00801624 0.115645 0.226307 0.223497 0.470249 0.0114534 0.0113814 0.0183021
0.00917028 0.00792297 0.108138 0.237327 0.23483 0.427171 0.0118972 0.0118262 0.0180053
0.00957818 0.00817811 0.138217 0.23673 0.23375 0.476759 0.0120197 0.0119588 0.0173279
0.00956857 0.00821356 0.127559 0.240359 0.236954 0.530396 0.0125617 0.0124806 0.0199387
0.00948373 0.00804913 0.151509 0.238923 0.235736 0.52018 0.0126625 0.0125654 0.0216136
0.00967379 0.00817869 0.144592 0.241831 0.238593 0.513319 0.0124067 0.0123157 0.0206108
0.00947385 0.00804914 0.149528 0.243188 0.239867 0.536213 0.011923 0.0118315 0.0201334
0.00937219 0.00799713 0.129478 0.237981 0.234968 0.50071 0.011791 0.011685 0.0219672
0.00937951 0.00805771 0.13429 0.241906 0.238915 0.489893 0.0120442 0.0119455 0.0211387
0.00908238 0.00776342 0.115777 0.238956 0.236177 0.452616 0.0118384 0.0117499 0.0181829
0.00855582 0.0072251 0.131408 0.233043 0.230144 0.461328 0.0113795 0.0112928 0.0192499
0.00865424 0.00730897 0.131558 0.233998 0.230495 0.535035 0.0115771 0.0114932 0.0192566
0.00896718 0.00758387 0.106664 0.233109 0.229903 0.454801 0.0119106 0.0118376 0.0178786
0.0087474 0.00747317 0.0873704 0.226724 0.223196 0.483383 0.0119711 0.0119219 0.0152097
0.00890264 0.00759599 0.111993 0.226323 0.222538 0.500964 0.0121334 0.0120799 0.0160875
0.00895195 0.00765089 0.105104 0.22545 0.222201 0.442274 0.0119832 0.0119012 0.0180669
0.00956093 0.00818817 0.113342 0.227983 0.224775 0.448844 0.0122253 0.0121478 0.0187565
0.00904047 0.00774109 0.115264 0.218587 0.215607 0.436366 0.0118792 0.0118501 0.0142103
0.00889304 0.00756927 0.114703 0.217996 0.214622 0.476526 0.0115061 0.0114456 0.01622
0.00913839 0.00780192 0.101557 0.21744 0.214298 0.435667 0.0117359 0.0116696 0.0163174
0.00907881 0.00783476 0.0947294 0.219517 0.216445 0.408807 0.0118429 0.0117996 0.0149313
0.00886124 0.00760236 0.0916601 0.222126 0.21969 0.373638 0.0116461 0.0116088 0.0141713
0.00897954 0.00769717 0.0989788 0.225102 0.222067 0.443247 0.0113546 0.0113187 0.0138543
0.00931748 0.00794006 0.096988 0.233691 0.230523 0.430425 0.0115511 0.0115074 0.0145781
0.00936074 0.00807246 0.0958233 0.23962 0.236819 0.413398 0.0118568 0.0117784 0.0170966
0.00932832 0.00797243 0.108224 0.231909 0.228863 0.44651 0.01151 0.0113977 0.0199251
0.00944996 0.00809384 0.108972 0.236401 0.233162 0.467945 0.0117456 0.0116093 0.0224504
0.00934622 0.0079242 0.118604 0.225563 0.221985 0.486854 0.0112663 0.0111184 0.0231437
0.00877054 0.00743081 0.108818 0.224549 0.221259 0.445956 0.0109753 0.0108471 0.0208798
0.00921396 0.00785544 0.113412 0.221386 0.218339 0.438068 0.0108338 0.0107161 0.0206868
0.00937202 0.00801345 0.121745 0.225314 0.22214 0.468633 0.011312 0.0111871 0.02211
0.00902582 0.00773223 0.116578 0.2221 0.219665 0.392258 0.0114304 0.0113502 0.0180745
0.00941021 0.0079855 0.124252 0.23453 0.231587 0.451471 0.0116274 0.0115539 0.0170621
0.00908494 0.00772486 0.0997828 0.221803 0.218865 0.420278 0.0117124 0.0116212 0.0179811
0.009007 0.00767804 0.104194 0.229027 0.225855 0.45415 0.0117544 0.0117016 0.0154279
0.00875018 0.00745475 0.0992341 0.223405 0.220404 0.439697 0.0118334 0.0117593 0.0172767
0.00859928 0.00736778 0.0819059 0.224995 0.222649 0.369108 0.0115398 0.0115129 0.0133395
0.00857153 0.00731453 0.0897179 0.225979 0.223445 0.391768 0.0116993 0.0116134 0.0180147
0.00865152 0.00730766 0.108685 0.222313 0.219507 0.418676 0.0116047 0.0115649 0.0147474
0.00894291 0.00762343 0.0961388 0.229411 0.226342 0.428118 0.0119614 0.0119421 0.0132952
0.00958586 0.00823504 0.101959 0.230112 0.227618 0.376471 0.0121016 0.0120137 0.0183289
0.00954896 0.00824716 0.100123 0.236249 0.233479 0.395426 0.0120338 0.0119537 0.0172327
0.0093538 0.00806131 0.0964442 0.231692 0.228599 0.430964 0.0118125 0.0117158 0.0180645
0.00889884 0.00762501 0.097468 0.231864 0.22889 0.425735 0.0120247 0.0118956 0.021474
0.0093391 0.00810018 0.0899721 0.232835 0.230523 0.365522 0.0120821 0.0120427 0.0146178
0.0100087 0.00867186 0.104274 0.231477 0.22837 0.430004 0.0122312 0.0121681 0.0167544
0.0102402 0.00892537 0.105444 0.235063 0.23178 0.459149 0.0125233 0.0124577 0.0170657
0.00987767 0.00856183 0.0967238 0.241054 0.238103 0.427209 0.0125491 0.0124855 0.0163324
0.0094805 0.00823845 0.0829165 0.243276 0.240965 0.376777 0.0126126 0.0125495 0.016399
0.00986247 0.00863891 0.0922955 0.242498 0.240371 0.368467 0.0125673 0.012508 0.0165043
0.00926151 0.00794986 0.094045 0.236714 0.234814 0.34266 0.0119478 0.0119184 0.0139749
0.00884284 0.0075214 0.0813991 0.23294 0.230956 0.340273 0.0118724 0.0118438 0.0136195
0.00899636 0.00767383 0.085339 0.235872 0.233947 0.337508 0.0122964 0.0122606 0.0143526
0.00944588 0.00808609 0.0923564 0.232745 0.230521 0.355508 0.0122174 0.0121664 0.0154678
0.00951748 0.00813824 0.102616 0.246605 0.244156 0.388025 0.0129256 0.0128681 0.0165923
0.00937886 0.00802954 0.0923974 0.245649 0.243112 0.390468 0.0127513 0.0126763 0.0174279
0.00931519 0.00799545 0.0854093 0.235557 0.233648 0.337268 0.0120743 0.0120403 0.0141864
0.00938208 0.00808924 0.091076 0.228651 0.226393 0.370547 0.0120893 0.0120254 0.0159166
0.00907219 0.00778475 0.0879366 0.229662 0.227086 0.390256 0.011769 0.0116533 0.0191665
0.00902223 0.00775755 0.0893468 0.228418 0.226104 0.366715 0.0119224 0.0118231 0.0184305
0.00883952 0.00752113 0.0973223 0.227325 0.224811 0.387653 0.0118097 0.0117456 0.0160809
0.00913105 0.00776336 0.0999067 0.227963 0.226142 0.330239 0.0115208 0.0114747 0.0145532
0.00916821 0.00783797 0.11031 0.233819 0.231567 0.387103 0.0118037 0.0117924 0.0126104
0.0091568 0.0078648 0.0981533 0.234531 0.232685 0.351501 0.0120333 0.0120545 0.0106573
0.00947344 0.00819752 0.0937932 0.233664 0.231583 0.364383 0.0123153 0.0122908 0.0140674
0.00988151 0.00856092 0.0935425 0.238849 0.236505 0.378906 0.0122345 0.0122208 0.0131551
0.00964521 0.00833106 0.110622 0.228753 0.225979 0.423216 0.0120013 0.0119422 0.0163515
0.00978062 0.0084281 0.103662 0.239466 0.237101 0.371429 0.0125837 0.0125631 0.0140509
0.00956473 0.00827459 0.101946 0.233603 0.231301 0.373079 0.0121611 0.0121431 0.0134508
0.0094382 0.00807308 0.111646 0.236143 0.234001 0.366071 0.0123776 0.0123373 0.0152789
0.00933188 0.00802733 0.0989617 0.23541 0.233073 0.378634 0.0121635 0.0121159 0.0155456
0.0093133 0.00805911 0.0978444 0.228848 0.226368 0.399336 0.0123467 0.0122715 0.0172568
0.00947853 0.00819922 0.0918516 0.228694 0.226584 0.357887 0.0122746 0.0122242 0.0155421
0.00963245 0.00829417 0.106449 0.232226 0.229871 0.396367 0.0124285 0.0123784 0.0158201
0.00939602 0.00809952 0.101094 0.232579 0.229847 0.423413 0.0121368 0.0121008 0.0148388
0.00921798 0.00799971 0.096675 0.22604 0.223878 0.3729 0.0120558 0.0120249 0.0144433
0.0090872 0.00784341 0.0997675 0.22728 0.225309 0.35673 0.0121453 0.0121436 0.0122615
0.0090521 0.00783131 0.105291 0.225935 0.224156 0.343796 0.0123201 0.0123005 0.0138583
0.00938614 0.00814895 0.0993141 0.231384 0.229301 0.377128 0.0125078 0.012513 0.0121073
0.00927057 0.00804016 0.104176 0.234459 0.232502 0.384374 0.0125266 0.012499 0.0149422
0.00925931 0.00800467 0.107121 0.23029 0.228807 0.329583 0.0123709 0.012327 0.0160107
0.00971974 0.008427 0.114387 0.241806 0.240021 0.373369 0.0126071 0.0125908 0.0140664
0.0097185 0.0083649 0.110933 0.236677 0.235457 0.318101 0.0120489 0.0120335 0.0133081
0.00961482 0.00826074 0.114195 0.24088 0.239744 0.312636 0.0124793 0.0124547 0.0143975
0.00922907 0.00804965 0.0884524 0.24021 0.238849 0.32952 0.0123935 0.0123726 0.0139215
0.00904794 0.00774741 0.111747 0.234135 0.232379 0.361324 0.0121433 0.0121511 0.0116296
0.00967569 0.00834393 0.106186 0.232885 0.231814 0.304714 0.0120732 0.0120238 0.0157314
0.00916051 0.00788319 0.102057 0.225158 0.224013 0.295596 0.0117326 0.0117186 0.0126572
0.00890408 0.00764844 0.104657 0.220785 0.219032 0.354177 0.0122678 0.0122305 0.0150092
0.00903386 0.00775107 0.121825 0.23309 0.231344 0.374206 0.0121638 0.0120976 0.0172572
0.00853821 0.00721278 0.124636 0.21641 0.215033 0.323014 0.0116549 0.0115942 0.0164239
0.00884099 0.00750689 0.104573 0.22765 0.226663 0.294839 0.012008 0.0119646 0.0151869
0.00950226 0.00815857 0.120933 0.225791 0.224535 0.321529 0.012444 0.0124088 0.0153049
0.00989186 0.00847427 0.111117 0.246669 0.245831 0.300862 0.0120526 0.0120143 0.0149168
0.0095479 0.00822385 0.105045 0.241466 0.240629 0.295572 0.0121852 0.0121779 0.0127063
0.00950707 0.008146 0.123691 0.239332 0.238048 0.327872 0.012281 0.0122404 0.0152293
0.00947609 0.00813952 0.118311 0.237195 0.235828 0.330225 0.0118277 0.011784 0.0152201
0.00940922 0.00815423 0.113977 0.233673 0.232135 0.348128 0.0121966 0.0121395 0.0165835
0.00932472 0.00798505 0.120326 0.232296 0.230683 0.347733 0.0119786 0.011941 0.0147327
0.00980811 0.00844033 0.125385 0.228128 0.226685 0.33424 0.0123363 0.0123061 0.0146265
0.00964533 0.00831803 0.109921 0.23129 0.230068 0.315653 0.0123653 0.0123067 0.016771
0.00968115 0.00822972 0.116619 0.234831 0.233371 0.330515 0.0123061 0.0122727 0.0146581
0.00966984 0.00827782 0.126898 0.236999 0.234519 0.444866 0.0124454 0.0124251 0.0141778
0.00952252 0.00814984 0.121326 0.235679 0.233612 0.393919 0.0125131 0.0125244 0.0116378
0.00956502 0.00818238 0.119509 0.233605 0.231428 0.412962 0.0126616 0.0126674 0.0121503
0.00916576 0.00780211 0.102496 0.228197 0.226913 0.311936 0.0126056 0.0125941 0.0134267
0.00974249 0.00832227 0.123213 0.227667 0.225614 0.391705 0.0125608 0.012551 0.0133925
0.0100335 0.00860947 0.123905 0.234617 0.232804 0.377693 0.0122466 0.0122464 0.0122688
0.00983501 0.00843524 0.13463 0.232024 0.23046 0.361278 0.0126346 0.0126368 0.0124563
0.0097945 0.00837761 0.12212 0.230936 0.229827 0.305971 0.0124588 0.0125085 0.00884906
0.00972021 0.008332 0.105711 0.230146 0.229048 0.308302 0.0125273 0.0125666 0.00957142
0.00977695 0.0084463 0.119303 0.223649 0.222543 0.301108 0.0128129 0.0128875 0.00797168
0.00936835 0.00805742 0.0930196 0.225645 0.224431 0.307231 0.0127947 0.0128462 0.00954928
0.00978269 0.00834067 0.119609 0.22841 0.226675 0.357303 0.0128679 0.0128814 0.0117749
0.0103634 0.00874993 0.144943 0.231445 0.22989 0.353834 0.0128813 0.0128752 0.013389
0.00945186 0.00798042 0.12737 0.224306 0.223294 0.301864 0.012267 0.0122649 0.012467
0.00934874 0.00800075 0.111926 0.225318 0.224673 0.267851 0.0124871 0.012508 0.0109456
0.00945588 0.00817939 0.0998549 0.227807 0.226414 0.329636 0.0125565 0.012536 0.0140068
0.0094634 0.00817858 0.0932978 0.228946 0.227333 0.338944 0.0121654 0.0121145 0.0160977
0.009975 0.00859445 0.1089 0.233093 0.230856 0.402546 0.0121268 0.0121203 0.0125978
0.00950093 0.00812029 0.114706 0.237822 0.235565 0.400425 0.0122583 0.0122468 0.0131978
0.00957113 0.00820988 0.11711 0.232432 0.230375 0.374603 0.0118458 0.0118407 0.012234
0.0101241 0.00878763 0.123382 0.244271 0.242492 0.378514 0.0124896 0.0124681 0.0142395
0.00964359 0.00840222 0.104468 0.236439 0.23497 0.354479 0.0121352 0.0121181 0.0134151
0.00924635 0.0078541 0.158153 0.23081 0.228986 0.402052 0.011643 0.0116205 0.0135811
0.0096915 0.00826683 0.131263 0.233874 0.232363 0.362301 0.0122208 0.0122273 0.0116579
0.00947539 0.00811027 0.131706 0.236845 0.234879 0.41064 0.011926 0.011908 0.0136571
0.0101096 0.00870891 0.130054 0.238531 0.237096 0.349268 0.012231 0.0122288 0.0124284
0.0105978 0.00916667 0.131498 0.24519 0.243614 0.370924 0.0123399 0.0123425 0.0121176
0.01071 0.0093412 0.113104 0.244422 0.243578 0.302374 0.0122451 0.0122643 0.010671
0.0100186 0.00867942 0.123451 0.232721 0.230975 0.38875 0.012208 0.0122107 0.0119629
0.0092408 0.00788774 0.146371 0.23154 0.229209 0.449488 0.0118891 0.0118612 0.0145644
0.00927866 0.00786138 0.13547 0.232652 0.230638 0.394879 0.0120377 0.0120241 0.0132857
0.0095032 0.00810202 0.135394 0.224541 0.22263 0.388503 0.0121696 0.0121747 0.0117162
0.00968245 0.00825889 0.140593 0.227169 0.225389 0.370863 0.0119641 0.0119252 0.0157152
0.00990524 0.00849051 0.113314 0.234542 0.232433 0.404731 0.0118842 0.0118444 0.0154023
0.00956206 0.00825324 0.096655 0.229143 0.227626 0.334232 0.0114473 0.0114089 0.0143309
0.00999575 0.00859009 0.123224 0.222793 0.221077 0.358976 0.0114414 0.0114092 0.0142308
0.0100323 0.00863285 0.112848 0.241181 0.239333 0.382498 0.0114954 0.0114404 0.0161392
0.00946837 0.00814591 0.11791 0.237939 0.235987 0.398183 0.0114283 0.0113712 0.0162389
0.0091113 0.00777905 0.114626 0.229377 0.227558 0.38064 0.0114564 0.0114085 0.015952
0.00971269 0.00836656 0.11154 0.237571 0.235971 0.361756 0.0121354 0.0120914 0.0162279
0.00961315 0.00827583 0.123524 0.233255 0.231809 0.342571 0.0118519 0.0118404 0.0127075
0.00964542 0.00837319 0.120047 0.236757 0.234982 0.382375 0.0117834 0.0117614 0.0137815
0.00925409 0.00805055 0.10919 0.242694 0.241086 0.367372 0.011963 0.0119275 0.0149306
0.00983444 0.00850585 0.108025 0.243601 0.242281 0.337798 0.0120467 0.0120206 0.0139593
0.00959907 0.00823581 0.121199 0.234284 0.232817 0.3454 0.0118572 0.0118058 0.0161554
0.00970722 0.00832052 0.115052 0.247214 0.245838 0.343963 0.0124421 0.0124184 0.0142896
0.00906854 0.00782946 0.104877 0.230892 0.229755 0.311967 0.012291 0.0122456 0.0157981
0.00952412 0.0081333 0.120094 0.240607 0.238399 0.420253 0.0124753 0.012418 0.0169887
0.00977477 0.00831245 0.123835 0.240222 0.238899 0.331937 0.0119675 0.0118738 0.0189534
0.00917474 0.00784969 0.124265 0.231566 0.229814 0.367695 0.0121171 0.0119966 0.0227823
0.00921997 0.00785539 0.115084 0.235506 0.233768 0.362085 0.0123455 0.0121889 0.0256509
0.0093824 0.00795126 0.114392 0.235726 0.234173 0.335663 0.0124537 0.0123587 0.0192686
0.00952671 0.00813883 0.130221 0.238749 0.236654 0.408044 0.0124745 0.0123405 0.0246677
0.00946294 0.00814397 0.10307 0.235374 0.233479 0.380764 0.0124343 0.0122883 0.0236204
0.00945709 0.00812605 0.111131 0.236842 0.2348 0.386993 0.0125438 0.0124206 0.0212868
0.00895908 0.00772202 0.102086 0.229452 0.227585 0.366483 0.0124297 0.0123246 0.0208141
0.00920306 0.00784348 0.129148 0.237553 0.235503 0.376899 0.0130292 0.0129122 0.021792
0.00941822 0.00808499 0.0990499 0.235234 0.233996 0.307149 0.0124155 0.0122377 0.0248435
0.00922705 0.00787467 0.109853 0.236339 0.234365 0.363701 0.0125859 0.0123985 0.0268458
0.009168 0.00789415 0.0954627 0.239543 0.238176 0.318108 0.013035 0.0128661 0.0250102
0.00936562 0.00804995 0.112208 0.241335 0.239728 0.345972 0.012562 0.0123842 0.0269852
0.00953906 0.00822065 0.118058 0.233197 0.231559 0.348025 0.0123931 0.0122369 0.02514
0.00971336 0.00832001 0.112342 0.237354 0.236353 0.299056 0.0125713 0.0124151 0.0233838
0.0100303 0.00858871 0.117688 0.242469 0.241399 0.312995 0.0131223 0.0129827 0.0238584
0.00986377 0.00843449 0.111299 0.237287 0.235785 0.333283 0.0126625 0.0125023 0.0237
0.0102532 0.00878919 0.109203 0.230997 0.229546 0.320959 0.0126301 0.0124137 0.0269568
0.0100502 0.00864723 0.102023 0.235791 0.235098 0.275568 0.012649 0.0125337 0.019638
0.00938249 0.00795145 0.0915102 0.22875 0.228183 0.260481 0.0125129 0.012427 0.017665
0.00979059 0.00824521 0.0943447 0.230946 0.230443 0.259341 0.0123404 0.0122525 0.0177921
0.00943709 0.00793251 0.111963 0.22271 0.221932 0.271109 0.0121436 0.0119694 0.022623
0.0097743 0.00829531 0.102417 0.231862 0.231344 0.262036 0.0124119 0.0122349 0.0235537
0.00922769 0.00768293 0.107591 0.227867 0.226883 0.286957 0.0116169 0.011424 0.024251
0.00951252 0.00795177 0.114127 0.220698 0.219871 0.270842 0.0119929 0.0118868 0.0185474
0.00965789 0.00831461 0.0946113 0.234409 0.232999 0.32602 0.0123215 0.0122476 0.0178391
0.00986749 0.0083899 0.115806 0.230645 0.229432 0.313944 0.0126977 0.0126144 0.019028
0.00987314 0.00848728 0.107723 0.232093 0.231288 0.284728 0.0125214 0.0124364 0.0184608
0.00939213 0.00803388 0.107844 0.230073 0.229293 0.281969 0.0120268 0.0119368 0.0191397
0.00927809 0.0078488 0.133521 0.233299 0.231949 0.336174 0.0117139 0.0115838 0.0219744
0.00987934 0.00830771 0.138135 0.23796 0.237093 0.302873 0.0116629 0.0115139 0.0228278
0.00974069 0.00825287 0.123103 0.234397 0.232979 0.338953 0.0116856 0.0115212 0.024503
0.00928618 0.00793829 0.107151 0.22318 0.221634 0.351325 0.0113666 0.011191 0.0240027
0.00914979 0.00776298 0.109757 0.221235 0.219822 0.324738 0.0116899 0.0115234 0.0238759
0.0095634 0.00814793 0.0969125 0.232067 0.230548 0.339379 0.0118089 0.0116831 0.0203084
0.00897555 0.00756201 0.099557 0.231648 0.230308 0.317218 0.0117507 0.011593 0.022758
0.00887808 0.00752414 0.103035 0.224648 0.222907 0.348402 0.0115089 0.0113625 0.0221412
0.00903655 0.00763719 0.100228 0.223774 0.222373 0.319983 0.0116488 0.0115134 0.0215549
0.00916606 0.00786518 0.109795 0.230068 0.2284 0.365462 0.0115433 0.0114124 0.0208104
0.00927655 0.00789636 0.119829 0.227365 0.226363 0.299657 0.0116982 0.0115342 0.0250951
0.00930997 0.00787065 0.128426 0.232822 0.231595 0.329089 0.0117861 0.0116422 0.0238979
0.00905145 0.00767744 0.110814 0.233143 0.232383 0.285713 0.0113515 0.011225 0.02035
0.00943065 0.00806436 0.109169 0.231365 0.230588 0.287125 0.0114623 0.0113852 0.0169404
0.00965923 0.00814236 0.130642 0.236241 0.235655 0.279469 0.0112312 0.0111977 0.0136064
0.00916765 0.00782163 0.106375 0.235981 0.235531 0.268964 0.0110781 0.0110482 0.0133767
0.00969594 0.00824907 0.125295 0.236648 0.235692 0.316753 0.0113621 0.0113103 0.0158482
0.00985397 0.00831692 0.125901 0.235391 0.234831 0.27459 0.011981 0.0119365 0.0153659
0.00959095 0.00807762 0.11534 0.237188 0.236748 0.267349 0.0114391 0.0113937 0.01448
0.0093373 0.0078898 0.107172 0.243853 0.243966 0.236539 0.0118056 0.0117694 0.0142696
0.00939018 0.00792618 0.119474 0.245441 0.244918 0.28204 0.0120623 0.01195 0.0210464
0.00929716 0.00791525 0.112539 0.234801 0.23387 0.305764 0.0122733 0.012184 0.0187474
0.00931603 0.00797285 0.0895628 0.232074 0.23159 0.261225 0.012246 0.0121305 0.0195791
0.0093756 0.00797747 0.114551 0.235729 0.234799 0.29275 0.0121735 0.012059 0.020741
0.00933668 0.00799225 0.110473 0.232752 0.231258 0.340509 0.0121492 0.01199 0.025386
0.00920338 0.00782071 0.111478 0.234512 0.233256 0.31481 0.0118403 0.0116899 0.0221587
0.00946847 0.00811076 0.0994268 0.226998 0.22571 0.31098 0.0113704 0.0112316 0.021346
0.00958286 0.00818056 0.110123 0.238738 0.237227 0.341589 0.0113146 0.0111851 0.0209106
0.00946846 0.00807449 0.110531 0.237683 0.236311 0.330675 0.0115323 0.0114196 0.0202679
0.00994035 0.0085788 0.0972683 0.245072 0.244192 0.298047 0.0117867 0.0116566 0.0212694
0.00982245 0.0084778 0.126906 0.239037 0.236934 0.390232 0.0119937 0.0118425 0.0251129
0.00948535 0.00821188 0.117685 0.245257 0.242778 0.42136 0.0118554 0.0117426 0.0220307
0.00949529 0.00816385 0.115789 0.248785 0.246224 0.429981 0.012224 0.0120378 0.0273202
0.00921061 0.00782288 0.113067 0.237642 0.235736 0.373687 0.0122644 0.0121545 0.0204258
0.0094747 0.00801781 0.120635 0.23753 0.235655 0.374436 0.0123663 0.0122762 0.0192244
0.00961803 0.00825487 0.114445 0.23162 0.229872 0.354781 0.0120778 0.0120192 0.0165596
0.00964249 0.00827146 0.113089 0.228555 0.226216 0.408264 0.0118804 0.0118056 0.0176316
0.00994812 0.00848253 0.116478 0.224368 0.222418 0.351459 0.0118716 0.0117791 0.018136
0.0094424 0.00810587 0.0946091 0.217146 0.215637 0.312873 0.0117254 0.0116904 0.0142177
0.00963609 0.00823079 0.106932 0.221883 0.220473 0.321666 0.01155 0.0115035 0.0149695
0.00932375 0.00789921 0.118919 0.218786 0.216965 0.357248 0.0116105 0.0115075 0.0193479
0.00927295 0.00781549 0.125141 0.223523 0.221718 0.362229 0.011537 0.0114137 0.0210829
0.00927866 0.00793846 0.107155 0.226767 0.22542 0.329449 0.0118365 0.0117598 0.0172356
0.00912412 0.007715 0.117955 0.218734 0.217535 0.316943 0.0121105 0.0120473 0.0165843
0.00897324 0.00759682 0.114158 0.218602 0.217712 0.288396 0.0117049 0.0116016 0.0196885
0.00918809 0.00785212 0.119244 0.216357 0.215201 0.312553 0.0115181 0.0114196 0.0196222
0.00903442 0.00758231 0.122541 0.222712 0.22141 0.323958 0.0115691 0.011478 0.019175
0.00914943 0.00772646 0.120567 0.22665 0.225104 0.346691 0.0125108 0.0124239 0.0194379
0.00928396 0.00792745 0.109411 0.223611 0.222071 0.331863 0.0124533 0.0123739 0.0182234
0.00957429 0.00815514 0.115079 0.214951 0.213648 0.312104 0.012188 0.0121739 0.0131062
0.00958231 0.00816395 0.114542 0.223631 0.222169 0.322521 0.0123552 0.012277 0.0178346
0.00982002 0.00836029 0.132959 0.224648 0.222703 0.397381 0.0121456 0.0120877 0.0167953
0.00992252 0.00850304 0.118581 0.224515 0.222921 0.354441 0.0120339 0.0119813 0.0156669
0.0095822 0.00821607 0.11375 0.216366 0.214619 0.358053 0.0120759 0.0119944 0.0185505
0.0102562 0.00885634 0.102336 0.234578 0.233183 0.327331 0.0122493 0.0121568 0.0192339
0.0104174 0.00898883 0.125199 0.235579 0.234562 0.307959 0.0123398 0.0122086 0.0218765
0.0104597 0.00904935 0.11651 0.234051 0.232966 0.312514 0.0126321 0.0124543 0.0258665
0.0099725 0.00853957 0.132283 0.225013 0.223921 0.308357 0.0120356 0.011904 0.0220434
0.00984637 0.00842664 0.114729 0.231055 0.23023 0.290942 0.0122854 0.0121565 0.0222411
0.0092904 0.00794182 0.121547 0.230524 0.22959 0.301908 0.0120396 0.0119249 0.0205748
0.00942394 0.00804317 0.126839 0.235592 0.234023 0.363213 0.0121561 0.0120121 0.0241721
0.00932877 0.00795317 0.129821 0.229952 0.228799 0.314148 0.0116091 0.011478 0.022651
0.00969659 0.00820531 0.126116 0.235146 0.23365 0.346443 0.0121597 0.0119988 0.0271156
0.00927315 0.00787076 0.131131 0.233294 0.231695 0.354975 0.011904 0.0117277 0.027088
0.00943182 0.00808808 0.111166 0.23727 0.235986 0.329086 0.0119277 0.0118193 0.0211726
0.00933486 0.00797148 0.121697 0.232052 0.230529 0.34288 0.011714 0.0115736 0.0239356
0.00950921 0.00805982 0.113294 0.237891 0.236696 0.317339 0.0118943 0.0118087 0.0183631
0.0099151 0.00839163 0.125453 0.240348 0.238701 0.354076 0.0125353 0.0123732 0.0253832
0.00992771 0.00838743 0.130121 0.243775 0.242032 0.363462 0.0124198 0.0122443 0.0264527
0.00968579 0.00823986 0.124463 0.237692 0.235444 0.397292 0.0122842 0.0121902 0.020277
0.010137 0.00865147 0.116587 0.237087 0.234865 0.389682 0.0125947 0.0124471 0.0234452
0.00977364 0.00833299 0.112103 0.239953 0.237903 0.386589 0.0121839 0.0120092 0.0252368
0.0100319 0.00866337 0.101963 0.245762 0.244405 0.325638 0.0124319 0.0122901 0.0218311
0.0106921 0.00916713 0.126843 0.250832 0.248605 0.398241 0.0127116 0.0125296 0.0249928
0.0107693 0.00921719 0.122714 0.257371 0.255015 0.403179 0.0126967 0.0125451 0.0236078
0.0104279 0.00894987 0.12347 0.244907 0.242099 0.433003 0.0125818 0.0124507 0.0219444
0.0100988 0.00868914 0.120193 0.248488 0.246367 0.390959 0.0124432 0.0123305 0.0207324
0.00998162 0.00852006 0.116055 0.241136 0.238763 0.404721 0.0120029 0.0118787 0.0210294
0.0098328 0.00835341 0.113474 0.238297 0.236142 0.365377 0.0122214 0.0121637 0.0159872
0.010313 0.0088635 0.13027 0.239909 0.237282 0.427303 0.0127541 0.0126317 0.0227536
0.0100889 0.00858556 0.121291 0.24023 0.237756 0.400658 0.0123808 0.0122848 0.0197777
0.00964605 0.00811205 0.130576 0.235907 0.233089 0.443142 0.0124993 0.0124098 0.0198075
0.00971104 0.00822254 0.125814 0.230637 0.228484 0.376928 0.0124008 0.0123247 0.0178886
0.00976561 0.00831839 0.125495 0.228173 0.226294 0.350778 0.0124194 0.0123271 0.0197095
0.00968508 0.00816533 0.123477 0.220708 0.21859 0.36564 0.0121622 0.0120683 0.0203329
0.00980704 0.00830899 0.117894 0.233412 0.231439 0.364422 0.0125535 0.0124564 0.0198331
0.00968337 0.00822448 0.109472 0.229563 0.22821 0.309284 0.0121974 0.0120972 0.0189508
0.0093281 0.00790554 0.109828 0.226774 0.225246 0.326652 0.0120754 0.0119346 0.0227771
0.00931738 0.00796845 0.101045 0.219812 0.21853 0.298638 0.012219 0.0121064 0.0196617
0.00918058 0.00792481 0.0883928 0.224816 0.223502 0.298841 0.0121082 0.0120313 0.0168369
0.00946665 0.00815259 0.0961582 0.219689 0.217615 0.346532 0.0126521 0.0126027 0.0158135
0.00931307 0.00794173 0.102917 0.226404 0.224189 0.369305 0.012642 0.0125518 0.0189036
0.00937481 0.00799797 0.116457 0.226182 0.224264 0.353036 0.0123546 0.0122788 0.0176055
0.00916601 0.00789514 0.101341 0.220062 0.218502 0.324821 0.012425 0.0123538 0.0178317
0.00961066 0.00829055 0.106059 0.2294 0.227545 0.363953 0.0126382 0.0126143 0.0143531
0.0100002 0.00858708 0.0996763 0.230864 0.229568 0.310681 0.012811 0.012798 0.013698
0.010098 0.00872592 0.106809 0.233539 0.232725 0.283575 0.0124823 0.0124741 0.0130901
0.0101268 0.00881231 0.091971 0.224987 0.224143 0.276934 0.0120161 0.0119664 0.0157391
0.00955539 0.00831731 0.0834591 0.22493 0.224582 0.243885 0.0123661 0.0123496 0.0133827
0.00966831 0.00833221 0.0977365 0.226311 0.225207 0.296032 0.0118722 0.0118437 0.0140782
0.0097489 0.00837592 0.110242 0.220341 0.21911 0.300862 0.0117534 0.0117156 0.0143044
0.00964249 0.00820193 0.112533 0.225694 0.224378 0.304153 0.011713 0.0116418 0.0166727
0.0097882 0.00837814 0.10617 0.224988 0.223384 0.320773 0.0118814 0.0118217 0.0159391
0.00945232 0.0081042 0.115864 0.221664 0.22004 0.325928 0.0119212 0.0118465 0.0169591
0.00960945 0.00821444 0.11797 0.219334 0.217406 0.349968 0.0117523 0.0116666 0.0181137
0.00943528 0.00792935 0.16232 0.223517 0.220925 0.442177 0.012116 0.0120016 0.0221704
0.00964731 0.00814124 0.13519 0.229885 0.228307 0.340956 0.0120848 0.0119835 0.0198447
0.0097365 0.00820132 0.144321 0.230881 0.228872 0.375213 0.012143 0.0120429 0.0204444
0.00958901 0.00812849 0.112711 0.228528 0.226897 0.3381 0.0120989 0.0120081 0.0189745
0.00965487 0.00816999 0.120925 0.236504 0.234452 0.376037 0.0120373 0.0119352 0.0195094
0.00933164 0.00793028 0.113558 0.226053 0.224066 0.360811 0.0118229 0.011705 0.0208197
0.00949075 0.00801768 0.112866 0.234756 0.233131 0.339167 0.0113977 0.0112902 0.0187706
0.00985552 0.00837961 0.124167 0.237788 0.23542 0.422983 0.0114237 0.0112929 0.0224991
0.00943742 0.00804524 0.118476 0.231705 0.229932 0.36107 0.0113688 0.0112554 0.0211179
0.0089867 0.00766233 0.120417 0.213451 0.212058 0.318616 0.0112092 0.0110842 0.0225351
0.00990775 0.00845617 0.149202 0.228398 0.226412 0.391267 0.0119382 0.0117448 0.0329475
0.00976547 0.00833398 0.124141 0.224552 0.223094 0.324925 0.0119896 0.0118365 0.0232995
0.00953333 0.008093 0.123368 0.234295 0.232267 0.382328 0.0125099 0.0123482 0.0258396
0.00911925 0.00777613 0.11124 0.23216 0.230422 0.348331 0.0129979 0.0128632 0.0231932
0.00876962 0.00744458 0.120546 0.225556 0.223798 0.358909 0.0126847 0.0125597 0.0221297
0.00927774 0.0080088 0.123336 0.230229 0.228324 0.379282 0.0130904 0.0128861 0.030033
0.0100078 0.00865324 0.120055 0.232847 0.230511 0.413007 0.0134743 0.013337 0.02507
0.00967399 0.00836738 0.12752 0.224668 0.222161 0.429223 0.0132339 0.0130551 0.0300255
0.00944179 0.00813254 0.122523 0.226021 0.2235 0.428177 0.0130747 0.0129256 0.0267771
0.00941475 0.00799457 0.128203 0.228893 0.226834 0.363488 0.0128696 0.0127411 0.023569
0.00887213 0.00752952 0.124241 0.229911 0.227325 0.432287 0.0126487 0.0124889 0.0270073
0.00917644 0.00783422 0.135238 0.225443 0.22266 0.442215 0.0123733 0.012216 0.025448
0.00970794 0.00824979 0.133596 0.234985 0.232681 0.399072 0.0126453 0.0124739 0.0271669
0.00918306 0.00782248 0.117936 0.235205 0.232809 0.400873 0.012456 0.012336 0.0210169
0.00879607 0.00736621 0.12353 0.236345 0.233587 0.468139 0.0123519 0.012153 0.0306487
0.0088175 0.00732754 0.1118 0.235398 0.232679 0.430932 0.0122718 0.0120573 0.0293881
0.00906337 0.00751912 0.144785 0.228018 0.225265 0.447262 0.0120091 0.0117992 0.0304118
0.00931686 0.00778913 0.128327 0.238398 0.235739 0.428239 0.01214 0.0118983 0.0330409
0.00938955 0.00785157 0.154145 0.231981 0.229065 0.470571 0.0119418 0.0117237 0.0324387
0.009487 0.00795166 0.142664 0.242014 0.23926 0.456033 0.0119901 0.0117734 0.0307004
0.00938151 0.00788239 0.123895 0.237427 0.234619 0.448618 0.0118471 0.011634 0.029936
0.00892963 0.00759342 0.111085 0.224111 0.221943 0.372269 0.0112984 0.0111164 0.0252452
0.00922886 0.00776575 0.132338 0.227372 0.224624 0.435142 0.0115893 0.0114097 0.0256226
0.00937435 0.00791671 0.110123 0.230833 0.228316 0.392032 0.0118459 0.0116712 0.0238378
0.00920485 0.00775793 0.126605 0.232933 0.229921 0.455795 0.0117407 0.0115688 0.024281
0.00949676 0.00806867 0.134692 0.236016 0.232564 0.505708 0.0118747 0.0116729 0.028722
0.0102264 0.00875843 0.115431 0.244877 0.241697 0.478252 0.012306 0.0121348 0.025093
0.0105706 0.00900514 0.139499 0.235636 0.232483 0.479988 0.0121101 0.0119775 0.0229937
0.0101975 0.00871691 0.118558 0.237102 0.234332 0.429482 0.0126831 0.0125883 0.0203145
0.00998489 0.00852096 0.110221 0.237959 0.235066 0.453192 0.0124481 0.0123241 0.0220457
0.00978576 0.00835113 0.109239 0.241775 0.239678 0.375231 0.012243 0.0121136 0.0215132
0.00953299 0.00811349 0.119384 0.238875 0.236455 0.413821 0.0123003 0.0121356 0.0262096
0.00976158 0.00836247 0.120617 0.238208 0.236019 0.390515 0.0125913 0.012415 0.0265704
0.00987467 0.00836304 0.140994 0.236667 0.234627 0.378703 0.0121647 0.0119659 0.0288156
0.00955968 0.00820305 0.131656 0.233167 0.230399 0.440681 0.012438 0.0122721 0.0265421
0.00982236 0.00850685 0.122274 0.237923 0.235348 0.435794 0.0125374 0.012403 0.0238601
0.00988962 0.00836154 0.124299 0.241827 0.239784 0.380774 0.0124297 0.0122792 0.0252347
0.00941873 0.00795263 0.124605 0.240131 0.23818 0.378428 0.0120905 0.0119655 0.0222328
0.00932907 0.00776238 0.158102 0.233368 0.231116 0.415571 0.0120111 0.0119206 0.0199167
0.00853623 0.00722519 0.112531 0.225557 0.22417 0.323468 0.0118218 0.0117562 0.0169014
0.00856157 0.00708598 0.128232 0.218919 0.217043 0.349693 0.0112719 0.0111578 0.0211355
0.00899143 0.00751825 0.135842 0.217187 0.21487 0.392947 0.0115958 0.0114857 0.0201675
0.00904718 0.00747054 0.172058 0.21833 0.21537 0.483456 0.0117679 0.0116599 0.0211485
0.00890091 0.00743462 0.126449 0.211636 0.208927 0.429468 0.0115402 0.0114564 0.0184523
0.00937559 0.00793386 0.126006 0.224047 0.221369 0.398347 0.0119811 0.0118958 0.0188639
0.00873002 0.00734007 0.110281 0.214419 0.211962 0.37541 0.0112428 0.0111858 0.0152768
0.008987 0.00759887 0.116635 0.224521 0.221633 0.416557 0.0118383 0.011765 0.0177803
0.0089646 0.0076054 0.133801 0.220542 0.217405 0.446047 0.0119531 0.0118909 0.017153
0.00895702 0.00767287 0.113947 0.222679 0.220139 0.398881 0.011719 0.0116689 0.0160858
0.0092066 0.00785626 0.108836 0.224387 0.221833 0.401686 0.0118868 0.0118371 0.0157528
0.00936147 0.00799796 0.118806 0.226894 0.224101 0.436863 0.0121196 0.0120354 0.0190048
0.00970044 0.00822916 0.127158 0.233434 0.230615 0.443039 0.0123563 0.0122913 0.0171767
0.00932949 0.00792825 0.124038 0.233018 0.230499 0.413781 0.012415 0.0123179 0.0199636
0.00932921 0.00805193 0.100906 0.2267 0.22474 0.350387 0.0119543 0.0118277 0.0206264
0.00897532 0.00751426 0.133895 0.223936 0.220964 0.472171 0.0124026 0.0122569 0.0273521
0.00969537 0.00818565 0.127806 0.226086 0.224252 0.350863 0.0122753 0.0122265 0.0160469
0.00973562 0.00816604 0.126964 0.225846 0.223922 0.358169 0.0122754 0.0121581 0.0216773
0.00998948 0.00840401 0.124672 0.229712 0.228077 0.344901 0.0122904 0.0121143 0.0272388
0.00971949 0.00814504 0.131105 0.231718 0.23028 0.329757 0.0125202 0.0123752 0.0242893
0.00958722 0.0081168 0.126557 0.226459 0.224727 0.342152 0.0121767 0.0120343 0.0225456
0.00949208 0.00804088 0.117561 0.218547 0.216485 0.359943 0.0117076 0.0115897 0.0212119
0.0094882 0.00811408 0.118227 0.218768 0.216223 0.41306 0.0118276 0.0117326 0.0205303
0.0095799 0.00812765 0.122293 0.220213 0.217817 0.404347 0.0116053 0.0114815 0.0225353
0.00945125 0.00795446 0.122531 0.227919 0.225304 0.41654 0.0119512 0.0118311 0.0217386
0.0095538 0.00810921 0.109613 0.221109 0.219076 0.368031 0.0118998 0.011743 0.0242082
0.00971869 0.00809241 0.131166 0.243912 0.24181 0.387169 0.0123521 0.0121962 0.0241848
0.00919713 0.00768604 0.136021 0.229332 0.226992 0.405507 0.0117355 0.0115294 0.0296701
0.00910297 0.00757919 0.137699 0.227957 0.225541 0.416008 0.0118607 0.0116799 0.0243269
0.00932233 0.00780548 0.134462 0.23662 0.234633 0.37277 0.0118181 0.0115802 0.0305623
0.00926848 0.0078206 0.130321 0.232104 0.23017 0.369875 0.011985 0.0117589 0.0301929
0.00975829 0.00820088 0.113304 0.232913 0.231118 0.348055 0.0121593 0.012 0.0242423
0.00979937 0.00833602 0.112105 0.242818 0.240583 0.395338 0.0123506 0.0121667 0.0261147
0.00974026 0.00815416 0.142066 0.242458 0.239552 0.457324 0.0125025 0.0123053 0.0277347
0.00940286 0.00795702 0.10475 0.241253 0.239173 0.368118 0.012257 0.012119 0.0214344
0.0101421 0.00866183 0.109746 0.244287 0.241991 0.384665 0.0125472 0.0123825 0.0227986
0.0100735 0.00866238 0.111503 0.241475 0.23931 0.378506 0.0122869 0.0120919 0.0262476
0.00999822 0.0086063 0.121259 0.240409 0.237291 0.484452 0.0124841 0.0122721 0.0310797
0.00956283 0.00818662 0.106585 0.231469 0.22882 0.427171 0.0123218 0.0121421 0.027214
0.00981864 0.00838033 0.123254 0.236428 0.233788 0.428374 0.0124496 0.0123163 0.0233847
0.00968067 0.00823313 0.109136 0.237795 0.235637 0.371602 0.0122397 0.0121424 0.0191271
0.00904862 0.0076547 0.102043 0.227156 0.225076 0.345684 0.011822 0.0117189 0.0183112
0.00909958 0.00767451 0.125661 0.228954 0.226152 0.438502 0.012294 0.0121548 0.0233774
0.00953831 0.00803486 0.135023 0.231869 0.229184 0.433286 0.0124079 0.0123203 0.0202343
0.00979298 0.00830029 0.112173 0.228689 0.226134 0.395481 0.0124183 0.0123577 0.016677
0.00914841 0.00758871 0.134028 0.228543 0.22594 0.417949 0.0125529 0.0124705 0.01873
0.00898291 0.00759912 0.124172 0.227137 0.224725 0.405609 0.0125006 0.0123895 0.0210809
0.00890219 0.00746709 0.131296 0.223678 0.221262 0.409698 0.0123506 0.0122026 0.0250604
0.00968019 0.00813829 0.139805 0.232315 0.229759 0.422914 0.0128174 0.0126931 0.0239492
0.0094501 0.0080017 0.125901 0.219917 0.217776 0.374233 0.0120011 0.0119132 0.0183866
0.00951791 0.00805669 0.115346 0.227775 0.225475 0.381522 0.0122382 0.0121607 0.017758
0.00958452 0.00808984 0.115135 0.227492 0.225427 0.357135 0.0119576 0.0118952 0.0160071
0.0095008 0.00797673 0.128133 0.222561 0.220191 0.391709 0.0115509 0.0114199 0.0223743
0.00988631 0.00827234 0.139327 0.231624 0.229361 0.384392 0.0114287 0.0113128 0.0203698
0.00972902 0.00822472 0.11215 0.224142 0.222428 0.323613 0.0112763 0.0111774 0.017914
0.0100358 0.0084642 0.121521 0.236987 0.234619 0.390422 0.0120169 0.0119052 0.0205225
0.0101794 0.0085856 0.135345 0.236932 0.234841 0.383516 0.0121257 0.0119648 0.0253029
0.00981631 0.00832124 0.113239 0.245465 0.243512 0.358791 0.0119956 0.0118525 0.0222345
0.0100217 0.00854317 0.108664 0.237849 0.236433 0.317884 0.0119617 0.0118654 0.0182061
0.00965702 0.0081492 0.118905 0.238059 0.236295 0.346039 0.0122463 0.0121679 0.017555
0.00947201 0.00800419 0.109913 0.241417 0.239836 0.337992 0.0118719 0.0117745 0.0189237
0.0096618 0.00818543 0.112586 0.236057 0.234182 0.362865 0.0120945 0.0120265 0.0169296
0.0101907 0.00861023 0.120779 0.24828 0.245818 0.427051 0.0126431 0.0125673 0.0180741
0.00984556 0.00845015 0.108673 0.237521 0.235519 0.379803 0.0124635 0.0123851 0.0185376
0.00947968 0.00812302 0.102508 0.232262 0.230007 0.391368 0.012273 0.0122374 0.0148857
0.00959223 0.00815257 0.12965 0.233983 0.231794 0.404996 0.0123916 0.0123538 0.0154539
0.00931371 0.00786725 0.112275 0.229628 0.228261 0.321849 0.0116867 0.011693 0.0112713
