1600 50 799
0.000687703 -0.000221578
0.00144993 -0.00331351
0.00322933 -0.000619491
0.12376 -0.0379577
1.65432 -0.153419
2.02575 -0.25783
2.17967 -0.433213
2.16364 -0.931048
2.0704 -1.15344
2.05025 -1.4535
2.10289 -1.62966
2.03719 -1.71646
2.00727 -2.1687
2.03122 -2.43869
2.11998 -3.16103
2.07255 -3.27635
2.02782 -3.23811
2.07003 -3.34218
2.06121 -3.76864
2.06515 -4.16304
1.90835 -4.22779
1.97574 -4.37442
1.98343 -4.38082
2.02533 -4.44884
2.03937 -4.56923
2.09719 -4.53727
2.63635 -4.63121
3.80919 -4.55531
4.31042 -4.39985
4.36976 -4.6393
4.36779 -4.86144
4.57171 -4.66416
4.59437 -4.69488
4.52306 -4.90921
4.75684 -4.90928
4.99645 -4.86091
5.18186 -4.88229
5.05518 -5.0138
5.19127 -5.30351
5.41801 -5.42026
5.89073 -5.66477
6.45773 -5.93407
6.6629 -6.15339
6.81537 -6.1258
7.20901 -6.15669
7.2475 -6.38449
7.27835 -6.37354
7.26519 -6.49753
7.43676 -6.8071
7.64033 -6.71594
8.01877 -6.81491
7.96926 -7.03645
7.90913 -7.11951
8.13777 -7.20109
8.32139 -7.27319
8.54737 -7.47287
9.08533 -7.3382
8.56668 -7.6054
8.3685 -7.69189
8.1391 -7.85231
8.38172 -7.92012
8.86284 -7.70032
9.24701 -7.91089
9.43731 -7.80592
9.50724 -7.87966
9.77835 -7.92555
9.67847 -7.94457
9.58442 -8.2383
9.68749 -8.09437
9.72118 -8.10338
9.27971 -8.53733
9.65646 -8.32826
9.21841 -8.63895
9.55068 -8.67981
9.48792 -8.64003
9.50498 -8.60737
9.44826 -8.99162
9.23944 -9.10034
9.37206 -8.90819
9.36403 -9.0597
9.289 -8.96961
9.20451 -8.49701
9.53136 -8.83392
9.23032 -8.93386
9.22776 -8.93284
9.4355 -9.05562
9.66018 -8.98567
9.43953 -8.96116
9.32142 -8.73596
9.58964 -8.81901
9.58988 -9.05059
9.3937 -9.2319
9.6519 -9.17222
9.40367 -9.10019
9.66437 -9.14273
9.43034 -9.13414
9.53562 -8.92177
9.32573 -9.05195
9.66158 -8.5326
9.59084 -8.97218
9.41013 -8.7987
9.44797 -8.64049
9.10718 -8.98873
9.72904 -9.0293
9.41419 -8.95577
9.5944 -9.04498
9.40916 -9.31989
9.39428 -8.86135
9.54385 -9.0258
9.53626 -9.00636
8.92614 -8.5764
9.17062 -8.63472
9.90779 -8.80099
9.53693 -8.65074
9.45407 -8.8096
9.5723 -8.93478
8.44922 -8.57923
9.23571 -8.81875
9.28168 -8.79777
9.4385 -9.00815
8.91173 -8.9827
9.04405 -8.78317
9.27132 -8.81394
9.39252 -8.71489
9.30903 -8.73666
9.48456 -8.47812
9.43127 -8.42874
9.67897 -8.25695
9.48738 -8.51001
9.4942 -8.82975
9.59756 -9.09349
9.2854 -9.0811
9.45663 -8.48433
9.29497 -8.45546
9.02135 -8.49721
8.80372 -9.24635
9.21002 -8.97743
9.12704 -9.08521
9.5045 -9.07979
9.58602 -9.21204
9.5042 -9.02386
9.20136 -8.93707
9.29994 -8.85149
9.54647 -8.46703
8.85627 -8.91482
9.43678 -8.72695
9.44205 -9.061
9.52857 -8.98476
9.19784 -9.09992
9.33738 -9.37229
9.17946 -9.04689
9.042 -9.03291
8.8379 -8.92118
9.56153 -8.9149
9.3998 -8.66466
9.17052 -9.02589
9.29629 -8.56461
9.19413 -8.42046
9.08663 -8.5706
9.24254 -8.56988
9.18579 -8.77844
8.64814 -8.6443
9.06864 -8.78913
9.42063 -8.89586
9.64189 -8.95926
9.1509 -8.87316
9.47619 -9.21178
9.25351 -9.19704
9.36654 -8.8469
9.3348 -8.67629
9.39989 -8.61022
9.59693 -8.80322
9.2749 -8.77672
9.24335 -8.81913
9.38616 -8.87915
9.34246 -8.90216
9.28855 -8.90491
9.31645 -9.22462
9.13048 -8.8207
9.63136 -9.04434
9.18658 -9.1806
9.49586 -9.1046
9.46628 -8.90097
9.39485 -8.70948
9.18477 -8.77393
9.06366 -8.77282
9.12021 -8.92065
8.94951 -8.67484
9.15384 -8.93881
9.15185 -8.89333
9.57147 -8.96665
9.18621 -9.10053
9.23013 -8.94317
9.24074 -9.17235
8.95231 -9.1219
9.53826 -8.84628
9.49364 -9.34842
9.48838 -9.05259
9.33707 -8.79316
9.21785 -9.03228
9.32179 -8.92469
9.32187 -9.05101
9.485 -8.98602
8.9045 -8.91378
9.12812 -9.18909
8.80107 -8.79539
9.28245 -9.13915
9.24278 -9.07522
8.70799 -9.06133
9.26028 -8.92488
8.88454 -8.91761
9.1988 -8.7392
9.10697 -9.34161
9.21681 -9.26441
9.14558 -9.15549
9.16749 -9.06633
9.29225 -8.87497
9.25979 -8.37887
9.51551 -8.74136
9.71822 -9.34607
8.8234 -8.8881
8.98068 -8.75814
8.98035 -8.87574
9.26217 -8.98393
9.14878 -9.01736
9.12234 -9.00123
9.16337 -8.95527
9.22511 -8.89484
9.22095 -8.44684
9.39549 -8.71808
9.35468 -8.97847
9.44151 -8.82668
9.33708 -8.92347
9.05228 -9.26002
9.27523 -9.17962
9.34336 -8.89848
9.44258 -8.93244
9.41546 -8.90709
9.42533 -8.66137
9.41389 -8.74161
9.26895 -8.73753
8.9347 -8.73165
9.17419 -9.20087
9.34359 -9.03071
9.02351 -9.05771
9.65662 -9.07366
9.46581 -9.12022
9.18114 -8.74246
9.23673 -8.92248
9.13479 -9.08162
8.59504 -8.93704
9.2309 -8.99318
9.50145 -9.38743
9.76001 -8.82752
9.41822 -8.80967
9.55758 -9.23662
9.34583 -9.11425
9.13823 -9.15884
9.58272 -8.84973
9.59024 -9.03081
9.46274 -9.00492
9.80154 -9.1034
9.47052 -9.06537
9.56222 -9.25829
9.52222 -9.04167
9.19302 -8.7695
8.94525 -9.0726
9.45538 -9.21002
9.72727 -8.92586
9.50977 -9.09291
9.23574 -9.29184
9.19822 -8.93428
9.5457 -8.52726
9.59627 -8.72987
9.23925 -8.41399
9.26586 -8.66249
9.27653 -8.30165
9.59643 -8.34492
9.66023 -8.75457
9.2421 -8.50802
9.22277 -8.51315
9.08222 -8.74603
8.96254 -8.60941
9.19346 -8.51542
9.40661 -8.35506
9.39243 -8.57453
9.47539 -8.27589
9.55084 -8.62094
9.51004 -8.79259
9.70349 -9.14108
9.54328 -8.62073
9.0342 -8.59739
9.55365 -9.2666
9.57262 -9.17966
9.32361 -9.00605
9.08255 -9.01986
9.1274 -8.87773
9.31807 -8.89075
9.56253 -9.26633
9.50916 -8.57806
9.38201 -8.83608
8.924 -8.86623
9.249 -8.83627
9.19328 -8.83452
9.42101 -9.37432
8.94528 -9.20117
9.26602 -9.13861
9.60265 -8.96388
9.4871 -8.77978
9.08183 -8.95031
9.41832 -8.72834
9.54581 -8.48892
8.93248 -8.59319
9.14556 -9.0452
9.1179 -8.90196
9.14348 -8.80484
9.17134 -8.64425
9.15006 -8.87974
9.4867 -9.08653
9.3102 -8.87691
9.61671 -8.7981
9.54783 -8.56717
9.03757 -8.74408
9.16281 -8.98301
9.23011 -8.63203
9.32426 -8.63621
9.17763 -8.95788
9.18033 -8.76359
9.00506 -8.5598
9.29445 -8.44906
8.95945 -8.25264
9.19789 -8.38248
9.63307 -8.70762
9.41993 -8.71914
9.53685 -8.94363
9.31439 -8.89979
9.34937 -9.40417
9.18309 -9.12261
9.13405 -9.04317
9.09994 -8.89754
9.19393 -9.03447
9.26182 -8.60073
9.12591 -9.0207
9.12565 -8.97229
9.2465 -8.92228
9.3674 -8.84993
9.23882 -8.50556
9.28554 -8.56686
9.41466 -8.90646
9.3134 -8.78362
9.34966 -9.05175
9.12673 -8.68908
9.15095 -8.51486
9.15553 -8.86549
9.54587 -8.60985
9.41148 -9.00433
9.54059 -8.5255
9.78005 -8.74761
9.63944 -9.13464
9.42739 -9.39493
9.19788 -9.35688
9.65056 -8.8486
9.57181 -8.84342
9.21967 -9.04582
9.29861 -8.96495
9.27314 -9.00587
9.55444 -9.29208
9.16945 -8.67804
9.23812 -8.88774
9.18384 -8.59375
9.10843 -8.91192
9.25797 -8.60874
9.32586 -8.73737
9.10692 -8.83198
9.38427 -8.97938
9.56664 -9.05214
9.50963 -9.10426
9.62944 -9.11499
9.8344 -8.86677
9.7676 -8.86699
9.40954 -8.9534
9.60627 -8.85967
9.50343 -9.09276
9.38717 -8.6582
9.28151 -8.79959
9.27657 -8.93243
9.34928 -9.19717
9.50741 -8.98646
9.5298 -8.9507
9.3847 -8.73159
9.4562 -8.60981
9.12055 -8.27488
9.42698 -8.67846
9.51135 -8.47941
9.51159 -8.30363
9.31374 -8.73721
9.5087 -9.16991
9.50638 -8.854
9.27826 -9.02187
9.41172 -9.07839
9.22845 -8.92942
9.41135 -8.64721
9.61099 -8.45475
9.53008 -8.47352
9.30962 -8.72681
9.39588 -8.40647
9.00264 -8.44074
9.31962 -8.54826
9.1509 -8.80637
9.25776 -8.63891
9.23026 -9.03196
9.59218 -9.06649
9.04142 -8.94552
9.38146 -8.89553
9.66316 -9.11023
9.26638 -8.94107
9.51113 -8.81602
9.01557 -9.13348
9.48451 -9.08696
9.10291 -8.95712
9.3786 -8.63446
9.25748 -9.07415
9.29275 -8.73304
9.20914 -8.96234
9.72944 -8.9543
9.49861 -8.98078
9.09707 -8.96615
9.15765 -9.09489
9.03151 -8.95725
9.17802 -8.9419
9.10463 -8.57433
9.17772 -8.71272
9.25182 -8.86908
9.39467 -8.97401
9.5021 -8.81665
9.31423 -8.86556
9.46453 -8.49121
9.12668 -8.66047
9.23077 -8.8293
9.43082 -8.49317
9.45779 -8.53547
9.3396 -9.037
9.80213 -8.9328
9.24559 -8.90842
9.43693 -8.68355
9.47692 -9.0416
9.53798 -8.71508
9.31252 -8.57281
9.32254 -8.62157
9.04033 -8.17801
8.84975 -8.58848
9.22824 -8.77235
9.2294 -8.52231
9.32496 -8.7732
9.0408 -8.44481
9.47371 -8.58104
9.53582 -8.5883
9.46563 -8.97845
9.77667 -8.86529
9.85586 -8.85554
9.38342 -8.97737
9.45109 -8.67045
9.46195 -8.41167
9.06077 -8.5321
9.24577 -8.59454
9.44825 -8.69042
9.1225 -8.95612
9.33194 -8.91339
9.32135 -8.86081
9.24382 -8.81799
9.13594 -9.27212
9.1726 -9.09724
9.24816 -8.78483
9.0947 -9.21631
9.33137 -8.84859
9.45675 -8.93423
9.61187 -8.59337
9.56745 -9.10863
9.32774 -8.94721
9.68082 -9.04423
9.45406 -9.18109
9.72094 -9.0825
9.45607 -9.04162
9.33848 -9.22137
9.68938 -8.97706
9.54598 -9.0605
9.38438 -8.81347
9.33744 -8.91096
9.67404 -8.85146
9.58003 -9.06627
9.84902 -8.86155
9.4995 -8.90396
9.70912 -8.82454
9.61679 -8.87697
9.31653 -8.80906
9.07522 -8.90541
9.32948 -8.74526
9.33523 -9.11364
9.59125 -8.93234
9.05556 -8.77468
9.42904 -8.58354
9.41859 -8.82105
9.01325 -8.6883
9.4755 -8.35532
9.21808 -8.70356
9.34183 -8.88261
9.15547 -8.91672
9.06491 -8.60946
9.11105 -8.88124
9.16424 -9.05523
9.2063 -9.29243
9.43734 -8.58736
9.66399 -8.72247
9.37403 -9.07488
9.51406 -9.12075
8.96263 -9.12738
9.38581 -8.90924
9.42262 -9.00168
9.37396 -8.74031
9.24312 -8.8637
9.43599 -9.25159
9.27536 -8.73273
9.09501 -8.92409
9.41092 -9.08645
9.3771 -9.26153
9.43016 -9.10352
9.56323 -8.66185
8.96684 -8.95304
9.47109 -8.92716
9.02812 -9.23266
9.07407 -8.95453
8.76288 -8.99887
9.24795 -8.85173
9.2657 -8.81782
9.07376 -8.74902
9.40504 -9.16994
9.61326 -9.10145
9.30925 -9.11057
8.89098 -9.18841
9.15953 -9.09407
9.39015 -8.77794
9.32452 -8.60198
9.5313 -8.74054
9.43569 -9.32224
9.34346 -9.00167
9.24261 -8.71579
9.34738 -8.96439
9.2702 -8.81711
9.55108 -8.94303
9.47182 -8.77977
9.5534 -8.79476
9.46674 -8.88973
9.46388 -8.743
9.31061 -9.1123
9.36048 -8.60628
9.49949 -8.5027
9.3411 -8.84798
9.22824 -9.05052
9.03862 -8.91097
9.61016 -9.14496
9.58414 -8.86799
9.03819 -9.10705
9.18844 -9.12641
9.05134 -9.03665
9.34377 -8.92808
9.66941 -8.94038
9.5057 -9.04782
9.09517 -9.21758
9.21659 -9.12567
9.3505 -9.20127
9.20681 -8.78849
8.99197 -8.89145
9.19526 -8.91752
9.59359 -9.271
9.47652 -9.31197
9.49567 -9.05298
9.33037 -9.2031
9.34419 -9.15213
9.14625 -8.91322
9.43438 -8.79412
9.46144 -8.7409
9.57828 -8.6718
9.2639 -8.4851
9.41314 -8.98762
9.48773 -8.8698
9.56692 -9.06009
9.70509 -8.8603
9.33425 -8.62365
9.53767 -8.69331
9.79666 -8.87846
9.5259 -9.04993
9.30641 -8.78213
8.71835 -8.56433
9.26477 -8.85689
9.49897 -9.05112
9.65808 -8.89637
9.32949 -9.12815
9.14369 -9.27515
9.5685 -9.34905
9.48366 -9.0041
9.65846 -8.59728
9.1397 -8.71399
9.39796 -8.90037
9.50438 -8.60357
9.67552 -8.84233
10.1143 -8.71103
9.2821 -8.43371
9.31965 -8.93921
9.58641 -9.26029
9.85391 -9.25465
9.76896 -8.99248
9.7213 -8.75299
9.44568 -9.01825
9.82784 -8.9471
9.50813 -8.70867
9.70392 -8.68633
9.35382 -8.25503
9.36942 -8.67865
9.37821 -9.00615
9.60242 -8.82082
9.4673 -8.99238
9.45609 -8.97365
9.47469 -9.13783
9.96948 -8.7202
9.57682 -9.06747
9.2003 -8.57699
8.95484 -8.63191
9.31884 -8.60498
9.57503 -8.72329
9.4434 -9.06289
9.31233 -8.77272
8.8695 -9.10264
9.05989 -8.69301
9.32335 -9.13519
9.87736 -8.66216
9.38793 -8.93539
9.23265 -9.11356
9.42962 -9.02209
9.53563 -8.70843
9.43408 -9.01981
9.69823 -9.04822
9.35707 -8.66038
9.26527 -8.87553
9.59077 -9.2529
9.79027 -9.04682
9.70693 -8.944
9.3934 -8.95437
9.80716 -9.27587
9.69282 -9.0178
9.14604 -8.80345
9.1682 -9.14192
9.57353 -9.01048
9.60835 -8.86243
9.60552 -8.83242
9.29979 -8.78071
9.44234 -8.66408
9.6269 -8.50749
9.17154 -8.82481
8.98151 -8.65535
9.42342 -8.30762
9.44477 -8.81318
9.69572 -8.76401
9.501 -8.87709
9.58763 -8.35215
9.51773 -8.6996
9.73403 -9.03339
9.85657 -8.7221
9.30184 -8.79215
9.24192 -9.03427
9.55657 -9.11268
9.57486 -9.06627
9.06325 -8.91135
9.49756 -9.07889
9.37376 -8.72351
9.65781 -8.60126
9.56369 -8.69676
9.65757 -8.97352
9.14826 -8.83406
9.12307 -8.68959
9.22135 -8.89064
9.0639 -8.65103
9.71257 -9.05457
9.425 -9.12289
9.6317 -9.1854
9.29819 -9.16933
9.50509 -8.92401
9.87444 -9.06011
9.56385 -9.16872
9.40607 -9.15165
9.36349 -9.34619
8.85264 -8.92393
9.18279 -9.22178
9.50356 -9.04934
9.01145 -9.21475
9.51292 -9.52721
9.42145 -9.28395
9.38627 -9.1939
9.70073 -9.00623
9.34711 -9.08748
8.89252 -8.89611
9.43875 -8.65709
9.37041 -8.98389
9.65688 -9.26244
9.34518 -9.42072
9.02245 -9.1401
9.17262 -9.08109
9.35219 -9.35465
9.44267 -9.26655
9.01721 -9.08813
9.5473 -9.42617
9.29563 -9.39839
9.2608 -9.25936
9.53501 -9.1438
9.64331 -9.14285
9.38541 -9.32134
9.26771 -9.12431
9.32752 -8.83411
9.49686 -9.09856
9.39003 -8.99748
9.20469 -9.19173
8.93655 -8.99964
9.34778 -9.11329
9.09372 -8.73279
8.99662 -8.91262
9.20384 -8.60427
9.55518 -9.0613
9.47368 -8.98728
9.10515 -9.16809
9.36375 -8.95665
9.33839 -9.11921
9.15386 -9.01302
9.47336 -8.61732
9.35003 -8.52534
9.4385 -8.57057
9.46187 -8.85163
9.36738 -8.75223
9.20633 -9.21052
9.67463 -9.26678
9.50946 -9.14553
9.24575 -9.089
9.1249 -9.20891
9.29775 -9.36235
9.32274 -9.26434
9.57634 -9.33971
9.42167 -9.58644
9.5181 -9.13098
9.30915 -8.92109
9.5479 -8.65594
9.54323 -9.18027
9.18047 -8.69265
9.14889 -8.85374
9.61511 -8.9004
9.70711 -8.81949
9.59191 -8.90118
9.65268 -8.71241
9.2103 -8.65051
9.29179 -9.02005
9.38483 -9.22293
9.29041 -9.42384
9.7129 -9.14805
9.26577 -8.68863
9.27893 -8.48065
9.64933 -8.91617
9.62049 -8.80708
9.18305 -9.14634
9.79702 -8.94149
9.497 -9.14104
9.82886 -8.82828
9.54545 -8.95157
9.87683 -9.06943
9.64638 -8.85368
9.7048 -8.96037
9.53056 -8.47021
9.41327 -8.66265
9.70758 -8.56511
9.29896 -8.62647
9.18494 -8.86179
9.196 -9.31438
9.85984 -9.13118
9.52715 -8.86329
9.8106 -9.0524
9.5582 -9.05914
9.39437 -9.35012
9.63025 -8.92828
9.54391 -9.02354
9.23199 -9.02448
9.42044 -8.79689
9.53525 -8.84656
9.6668 -8.78105
9.31105 -9.18143
9.32188 -9.02609
9.6565 -8.9118
9.35838 -9.1483
9.56911 -8.47037
9.48339 -8.48194
9.2966 -8.4691
9.21738 -8.82196
9.44101 -8.8999
9.32741 -8.93339
9.75206 -9.15318 9.83141
8.83301 -8.7251 -7.3909
8.5596 -8.9121 -8.93096
8.81472 -8.80073 -9.45476
8.64461 -8.97057 -9.10454
8.41233 -9.05785 -8.9543
8.52113 -8.99995 -9.12006
8.83009 -8.79228 -9.70387
8.87585 -8.8251 -8.99449
8.56761 -8.88879 -8.94206
8.6394 -9.08242 -9.01188
8.35631 -9.37362 -8.83728
8.55131 -8.9429 -8.85071
8.35473 -8.97787 -9.19712
8.86277 -8.75345 -8.8685
8.82457 -9.22069 -8.85002
8.84688 -9.17352 -9.04291
8.44718 -9.19997 -9.14624
8.39972 -9.20925 -9.03579
8.61819 -9.33657 -9.15539
8.52193 -9.26486 -9.16472
8.67331 -8.87891 -9.13183
8.53191 -9.04754 -9.28102
8.61683 -8.81812 -8.91623
8.72474 -8.93378 -8.67071
8.38983 -9.04944 -8.89138
8.60134 -8.97252 -8.88465
8.36512 -8.73276 -9.44561
8.93992 -9.09905 -9.21744
8.3515 -9.15835 -8.92759
8.74466 -8.37942 -8.82177
8.3854 -8.72495 -8.61158
8.57299 -9.07738 -9.13595
8.6715 -9.11063 -9.13358
8.8425 -9.10699 -9.39451
8.85216 -9.09672 -9.58535
9.03193 -8.5018 -9.16677
9.124 -8.41144 -8.43701
9.27025 -8.86958 -8.97916
8.72005 -8.69553 -9.12095
8.65675 -9.41925 -9.23827
8.65428 -9.2116 -9.36964
8.60338 -9.20048 -9.20695
9.03068 -9.34244 -8.81184
8.88465 -9.00326 -8.56613
8.58533 -8.76634 -8.90948
8.27828 -8.91362 -8.89337
8.98454 -8.78708 -9.04195
8.61289 -8.71735 -9.24626
8.80959 -8.92731 -9.34567
8.46096 -9.15968 -9.09875
8.92647 -8.84845 -8.99316
8.5866 -8.72245 -9.31263
9.01553 -8.77382 -9.08728
8.94947 -8.62411 -9.31356
8.78467 -9.1755 -9.2185
8.80614 -8.98192 -9.00133
9.02404 -8.72097 -8.80191
8.9318 -8.57798 -8.87871
8.46042 -8.72472 -9.00117
8.70467 -9.09637 -9.16589
8.87851 -8.82045 -9.41161
8.9076 -8.70579 -8.765
9.02038 -8.6565 -9.01534
8.40996 -8.57884 -9.17886
8.62489 -8.59179 -8.88223
8.9147 -8.44391 -9.13133
8.75206 -8.8607 -9.2256
8.84507 -8.61967 -9.0097
8.69493 -8.57774 -9.00104
8.79356 -9.01274 -9.0212
9.06747 -9.06386 -9.1093
8.82486 -8.90023 -9.32119
8.77542 -9.01546 -8.97893
9.15665 -8.89289 -9.23824
9.08487 -9.26664 -9.01748
8.99117 -8.97689 -9.17089
8.94476 -8.74847 -9.16699
8.81662 -8.46773 -8.97923
9.04148 -8.75174 -9.20648
8.76146 -8.90391 -9.1488
9.14068 -8.73778 -8.72602
8.75489 -9.09685 -9.12086
9.17222 -9.11275 -8.75403
8.67 -9.14013 -8.63868
8.75309 -9.04535 -8.93379
9.05503 -8.79103 -8.71971
8.81514 -8.9222 -8.90628
8.7176 -9.13455 -9.07892
8.95551 -9.06729 -9.19805
8.88365 -9.19029 -9.39437
8.7387 -9.06791 -9.18277
8.95827 -9.2959 -8.88043
8.51891 -9.18717 -8.72789
8.93261 -9.63988 -9.18645
9.30215 -9.1275 -9.09484
9.06986 -9.02629 -9.75052
8.69649 -9.17936 -9.06177
8.89874 -9.05445 -9.01098
8.33736 -9.34283 -9.13511
9.28838 -9.74168 -8.8106
8.44627 -9.30081 -8.94216
8.44478 -9.21586 -9.2226
9.07332 -9.14134 -8.97014
8.44374 -9.00677 -8.85961
8.97829 -9.03385 -9.48362
8.66298 -9.14592 -9.2855
8.84222 -8.79453 -9.53705
8.99214 -9.25706 -9.25074
8.66855 -9.1681 -9.34117
8.9733 -9.02619 -8.86683
8.76877 -8.82912 -9.17123
8.95112 -8.44335 -9.20382
8.28323 -8.95109 -9.13805
8.77995 -9.23232 -8.9879
8.45466 -9.0169 -9.43842
8.66788 -9.00989 -9.33022
8.82042 -9.08264 -9.35097
8.5153 -8.70104 -8.93665
8.98988 -8.6315 -9.03058
8.5786 -8.90111 -9.28957
8.8994 -8.78875 -9.12859
8.78123 -8.40493 -9.20755
8.84858 -8.83072 -9.49434
8.96778 -9.0889 -9.35544
8.78929 -8.8382 -9.23164
8.53289 -8.47407 -9.04765
8.42559 -8.95861 -8.93491
8.42077 -8.57147 -9.08551
8.7243 -8.51871 -9.09564
8.72063 -8.57504 -8.84064
8.95103 -8.7844 -8.97711
9.07905 -8.86205 -9.14926
8.5272 -8.68189 -9.1955
8.80071 -9.13938 -9.40563
8.88429 -8.81851 -9.22635
8.95735 -8.63404 -9.45282
9.03826 -9.39999 -8.97379
8.75931 -9.20375 -9.42555
8.84975 -8.89095 -8.76256
8.65645 -9.15183 -8.86952
8.58634 -9.19761 -8.82394
8.56997 -9.09057 -8.72014
8.768 -8.96892 -8.8622
8.52349 -8.83193 -8.80306
8.65567 -9.37649 -8.96854
8.99659 -8.85281 -8.42436
8.40813 -9.15747 -8.61818
8.15632 -9.09352 -8.97026
8.35802 -9.16188 -9.00042
8.64325 -8.98609 -9.00223
8.70197 -8.60899 -8.99652
8.32884 -8.85875 -9.13634
8.47687 -8.82506 -8.70238
8.67464 -8.84457 -8.70849
8.67061 -9.15057 -9.34204
8.83859 -8.8308 -9.07717
8.5468 -9.17118 -9.13953
8.87562 -8.77948 -8.89084
8.86111 -9.2391 -9.24919
8.78209 -8.84749 -9.01807
8.66607 -8.96645 -9.05866
8.4082 -9.16855 -8.83744
8.89558 -9.07525 -9.14891
8.91847 -9.00796 -9.01583
8.56261 -8.99059 -9.62623
8.66808 -9.0154 -8.95746
8.72788 -9.02586 -8.70077
9.09188 -8.80762 -8.89362
8.92637 -9.01585 -9.32893
8.65487 -9.24472 -9.04976
8.56581 -8.71501 -9.02077
8.85671 -9.1587 -9.16975
8.46012 -8.97634 -8.92037
8.71873 -9.14009 -8.96081
8.68069 -9.27815 -8.52264
9.0429 -9.17221 -8.90808
8.59341 -9.19125 -8.97757
8.55122 -9.24282 -9.04901
8.42795 -8.83341 -8.76965
9.05208 -8.69712 -8.75025
9.05759 -9.02548 -8.86294
8.79163 -8.50925 -9.07056
8.67327 -8.85044 -8.95479
8.56243 -9.03812 -8.88148
8.16458 -9.1161 -9.10325
8.6772 -8.83638 -9.33714
8.67513 -9.03991 -9.4609
8.48712 -8.49705 -9.05772
8.91739 -8.9044 -9.17454
8.96258 -8.45014 -8.94913
8.59979 -9.18141 -9.24717
9.05443 -8.63725 -9.29219
8.66234 -8.98766 -9.42157
8.36783 -8.69474 -8.76366
8.19539 -8.55955 -8.79763
8.26509 -8.99311 -8.75995
8.36265 -8.73816 -8.68156
8.35281 -9.01812 -8.82828
8.54907 -8.88117 -9.02292
8.55427 -8.89221 -8.56635
8.57067 -9.20579 -8.78414
8.54974 -9.47518 -8.87694
8.90313 -9.27297 -9.0058
8.58864 -9.17793 -8.86698
8.6092 -9.19257 -8.61703
8.40193 -9.34503 -8.64325
8.53842 -9.56676 -8.59244
8.24183 -9.52287 -8.82565
8.57967 -9.487 -8.76706
8.7781 -9.44542 -8.94413
8.73824 -9.25258 -9.04417
8.40841 -9.71124 -8.99534
8.85769 -9.69784 -9.14871
8.39514 -9.62195 -8.84911
8.78589 -9.18512 -8.68777
8.64445 -9.26086 -8.86985
8.64581 -9.63044 -9.22504
8.87385 -9.08413 -9.03262
8.34711 -9.32514 -8.96953
8.35809 -9.39892 -9.0754
8.51998 -8.94589 -9.31722
8.66375 -8.66567 -9.11181
8.60309 -8.87953 -9.23037
8.47299 -9.16408 -9.23678
8.54085 -9.11583 -8.92067
8.38349 -9.10735 -9.0998
8.09756 -9.29479 -9.06171
8.67621 -9.06967 -9.31548
8.43458 -9.30061 -8.73489
8.63229 -9.05526 -8.97989
8.81786 -9.02976 -9.07159
8.36696 -8.77695 -8.99826
8.47357 -8.87712 -8.82259
8.37471 -8.37956 -9.03758
8.97151 -9.00905 -9.05571
8.70997 -9.0887 -8.85014
8.54204 -9.24206 -8.90983
8.80106 -9.15639 -9.15924
8.55739 -9.17904 -8.95801
8.90979 -9.31985 -8.92002
8.73233 -8.87594 -8.96884
8.5604 -8.46856 -8.34628
8.82908 -8.7654 -8.71533
8.82083 -8.89345 -8.83026
8.82056 -8.93012 -9.00037
8.50662 -9.05076 -8.64691
8.69187 -9.04541 -8.79532
8.54519 -8.99516 -8.80524
8.92954 -9.17494 -8.95329
8.79426 -9.06573 -8.88061
8.57137 -9.38329 -8.93269
8.78174 -8.83702 -9.18788
8.63955 -9.24953 -9.19019
8.1546 -9.06536 -9.18479
8.73053 -9.37675 -9.07865
8.79247 -8.93944 -8.95079
9.21566 -9.11398 -8.99001
8.63254 -9.14362 -8.80925
8.83574 -9.24993 -9.23951
8.7745 -9.04756 -9.42678
8.64451 -9.32644 -9.13411
8.61829 -8.96999 -8.9414
8.87333 -9.02749 -9.21495
8.9079 -8.67925 -9.67707
8.50711 -9.09714 -9.34621
8.5608 -9.15492 -9.44016
8.81177 -9.29063 -9.63011
8.47178 -9.31677 -9.59404
9.0264 -8.707 -9.42657
8.82259 -9.15941 -9.34912
8.84184 -8.8413 -9.57465
8.67713 -9.12347 -9.16352
8.65772 -9.13475 -9.25213
8.52502 -9.15267 -9.26269
8.7305 -8.87707 -9.3346
8.67287 -8.59239 -8.80263
8.81439 -8.73902 -9.08176
8.32387 -9.09732 -9.11271
8.4562 -9.43338 -9.3823
8.42961 -9.08754 -8.974
8.56572 -9.18646 -8.99035
9.08646 -9.45406 -9.17842
8.81517 -9.33095 -9.34145
9.22988 -9.38816 -8.97984
8.68657 -9.54386 -9.17357
8.91318 -9.26973 -8.99175
8.55134 -9.12522 -9.14042
8.93007 -8.99959 -9.19878
8.50007 -9.04314 -8.96393
8.63289 -9.17342 -8.90183
8.95935 -8.86991 -8.9403
8.37417 -9.32361 -8.95425
8.36986 -8.8662 -8.96998
8.86528 -9.33021 -8.83277
8.7537 -8.97028 -9.27636
8.67387 -9.16112 -9.17542
9.05602 -9.31235 -9.02344
8.61451 -9.38489 -9.10757
8.49709 -9.06686 -9.47258
8.56642 -8.97236 -9.46111
8.25014 -8.88018 -9.43846
8.75099 -9.04391 -9.11327
8.50759 -8.83944 -9.13248
8.39025 -8.70426 -9.06089
8.35954 -9.02863 -9.32064
8.76967 -8.75352 -9.35878
8.94512 -8.71756 -9.27441
8.81761 -8.90007 -9.33045
8.47946 -8.84299 -9.31914
8.50792 -8.72895 -9.22298
8.78981 -9.15423 -9.30313
8.81807 -8.68022 -9.57566
8.24782 -9.04432 -9.49254
8.6073 -9.36783 -9.16956
8.66201 -9.3277 -9.8676
8.23905 -9.46938 -9.3393
8.65913 -9.14156 -9.27307
8.343 -9.22383 -9.04273
8.80309 -9.23021 -8.82436
8.34419 -9.60201 -8.80183
8.3149 -9.57197 -9.09598
8.71818 -9.48244 -9.17723
8.59033 -9.2538 -9.15468
8.733 -9.68917 -9.28348
8.48246 -8.99311 -8.91818
8.49308 -9.33551 -8.85
8.71486 -8.83911 -8.9614
8.5577 -8.85483 -8.92968
8.88232 -9.46752 -8.78961
8.45241 -8.96038 -8.68917
8.31554 -8.89502 -8.82697
8.85515 -8.79029 -8.57144
8.82524 -8.84774 -8.82358
8.76626 -8.50383 -9.0366
8.41596 -9.19283 -8.92973
8.9134 -8.79636 -8.91328
8.74306 -8.87236 -8.41122
8.86838 -8.7987 -8.80421
8.66309 -8.83015 -8.65579
8.36191 -8.94365 -8.79947
8.89959 -8.57136 -9.06736
8.63083 -8.56823 -9.14211
9.05306 -8.91017 -8.90905
8.78639 -8.93778 -9.43178
8.80034 -8.9215 -9.44676
8.77999 -8.68714 -9.06111
8.91764 -8.76345 -9.15093
8.8491 -9.09136 -9.01945
8.9143 -9.15903 -8.92166
8.42778 -8.94151 -8.855
8.57898 -9.15317 -8.50985
8.99739 -8.97442 -8.89746
8.8978 -8.92481 -8.5407
8.97677 -8.94196 -9.22113
8.2963 -8.95911 -9.10012
9.03618 -9.19364 -9.11166
8.65307 -9.27204 -9.63834
8.70743 -9.19189 -9.14172
8.81542 -9.52469 -8.55189
8.98938 -9.20972 -8.90127
8.60261 -9.26419 -9.04032
8.71619 -9.20911 -8.68992
8.61172 -9.10921 -9.0897
9.02226 -9.28871 -8.93044
8.92983 -9.68951 -8.95359
8.94473 -8.91019 -8.8586
8.72814 -8.75195 -9.13149
8.50532 -8.74657 -8.91111
8.09453 -8.97331 -8.88235
8.35722 -8.91265 -8.91273
9.27197 -9.07548 -9.02089
9.04258 -9.17426 -9.20066
8.89192 -9.17214 -9.18801
9.12926 -8.8599 -8.99776
9.13079 -8.67369 -9.03081
8.97816 -8.7648 -8.58107
9.11489 -8.67713 -8.77965
8.83027 -8.4751 -8.79174
8.44396 -9.03614 -9.0544
8.9765 -8.8279 -9.45049
8.90596 -8.91144 -9.03856
8.91609 -8.96442 -9.17685
8.92767 -8.71917 -9.29197
8.80607 -9.03833 -9.2271
8.41847 -9.00188 -9.11011
8.84777 -8.77725 -9.09059
8.75694 -9.06224 -9.07994
8.99134 -8.56902 -9.34203
9.20548 -9.1373 -9.23806
8.64147 -8.6443 -9.19047
8.93626 -9.00037 -9.18595
8.79619 -8.63385 -9.60305
8.9297 -8.5999 -9.08051
8.86705 -8.93126 -8.86119
8.90614 -9.07592 -8.73353
8.90634 -9.24353 -8.83334
8.71732 -8.92821 -8.85285
8.86344 -9.11653 -8.95046
8.90228 -9.05703 -8.78961
8.636 -9.04134 -8.92968
9.19528 -9.57845 -8.9491
8.9895 -9.34325 -8.80322
9.32252 -9.07189 -9.0399
9.02902 -9.04835 -8.82512
8.96887 -8.88444 -9.25547
9.16622 -9.1116 -9.43509
9.08262 -9.18535 -9.12488
9.08638 -9.23315 -8.8957
8.84976 -9.31099 -8.5442
8.71083 -9.08104 -8.71439
8.74889 -8.84361 -8.78075
8.78515 -9.07495 -8.91413
8.98399 -9.29901 -8.99117
8.90106 -8.81883 -8.65211
8.61507 -8.72854 -8.9971
8.94625 -9.08241 -8.5357
9.03788 -9.17273 -8.85302
8.66184 -8.94361 -8.85393
8.85978 -9.01694 -8.69656
9.19054 -9.45254 -8.85989
8.57376 -9.35405 -8.95695
8.75194 -9.3226 -9.08327
8.6664 -9.518 -9.00572
8.75519 -9.24729 -9.49774
8.61984 -9.21684 -9.10188
8.92266 -9.16408 -9.28867
8.72961 -9.08746 -9.28586
8.7574 -8.9605 -9.39708
8.4749 -8.71335 -9.13553
8.57376 -8.52973 -9.08867
8.51313 -8.69128 -9.33565
8.65579 -9.14881 -8.95334
9.04502 -9.16394 -8.86579
9.00886 -8.97936 -9.21132
8.83185 -8.96765 -9.27196
8.98646 -9.13812 -8.91247
8.69771 -9.08653 -8.80845
8.80978 -9.27811 -8.88003
8.90425 -8.98915 -9.25773
8.88243 -8.99722 -9.43009
9.36246 -9.56415 -9.03731
8.55586 -9.16205 -9.44472
8.58915 -8.98438 -9.33939
8.62423 -9.50421 -9.01125
8.78998 -9.30949 -9.16382
8.93566 -9.41383 -9.14234
8.85464 -9.03258 -9.09489
9.28555 -9.57707 -9.12066
9.10656 -9.49792 -8.75762
8.74091 -9.29625 -8.83166
9.13129 -9.15408 -8.92934
8.98219 -8.9489 -9.44123
9.00946 -8.89643 -9.41008
9.13823 -8.92123 -8.97685
8.78736 -9.04344 -9.10646
8.9984 -9.1161 -9.15744
9.06181 -8.9719 -9.16297
8.74004 -9.14953 -9.35272
8.8634 -9.17233 -9.19949
8.74802 -9.01506 -8.93101
8.76453 -9.25025 -9.05093
9.02753 -9.01882 -8.96663
9.03157 -9.43113 -8.71435
9.48353 -9.11633 -8.32699
8.8688 -8.90332 -8.6654
9.20372 -9.28041 -9.17465
9.07075 -9.42324 -9.02169
8.93693 -9.42096 -9.36241
8.80569 -9.01541 -8.98078
8.86371 -9.45282 -8.99636
8.69325 -9.23806 -9.01382
9.04026 -9.60828 -9.0552
8.85813 -9.18245 -8.93454
9.07785 -9.09344 -9.15532
8.83743 -9.08215 -9.30271
8.68711 -8.82573 -8.97306
8.756 -9.30268 -9.08044
8.83858 -9.16739 -8.72712
8.85061 -8.85051 -8.65163
8.96403 -9.1888 -8.73026
8.75111 -9.28365 -9.02446
8.87672 -8.98924 -9.13262
9.25905 -9.10375 -9.09963
8.97662 -9.30229 -9.30383
8.316 -9.07935 -9.11453
8.53284 -9.03853 -9.51825
9.04218 -8.86873 -9.45924
8.76863 -8.93875 -9.55212
8.93798 -8.91174 -9.11297
8.7467 -9.05113 -8.82235
9.18016 -8.88636 -8.88367
9.07657 -9.17423 -9.07358
8.8426 -9.29267 -8.92964
9.06182 -8.72569 -9.30262
8.75664 -9.13249 -8.79442
8.69093 -9.26784 -9.26131
8.59719 -8.73921 -9.12456
8.52103 -8.9808 -9.15244
9.03725 -9.38891 -9.16054
8.88662 -8.82862 -9.48553
8.68013 -9.41231 -8.87616
8.8862 -9.40062 -8.95726
8.62904 -9.03342 -9.21251
8.46719 -8.82835 -9.29695
8.5652 -8.9463 -9.19076
9.02804 -8.95296 -8.77775
9.07484 -8.99901 -9.10186
9.02129 -8.87773 -9.20329
8.94401 -8.99983 -8.92114
9.33172 -8.96512 -8.76692
8.59708 -9.21052 -9.0585
9.32096 -9.60898 -8.67484
8.74088 -9.27908 -8.85714
9.08699 -9.41766 -9.10423
9.49006 -9.65425 -9.48481
9.26322 -9.20723 -9.41687
8.82403 -9.12061 -9.0217
8.53974 -9.02616 -9.07961
8.51737 -9.10891 -9.12258
9.26306 -9.47856 -8.86291
8.85333 -9.432 -9.15571
8.73209 -9.23734 -9.29361
8.94302 -9.41134 -8.9537
8.71009 -9.37796 -9.00546
9.09705 -9.2626 -9.0228
9.12124 -9.23756 -9.294
8.8575 -9.0035 -9.36134
8.97283 -8.80365 -9.31018
9.17605 -8.83718 -9.11175
9.00385 -8.76062 -8.8903
8.72653 -8.70035 -8.9178
9.03404 -8.97031 -8.81321
8.85775 -8.81662 -9.33836
8.8843 -8.86885 -9.36801
8.90612 -8.90132 -9.15808
9.02821 -8.92509 -9.25038
9.16614 -8.58609 -8.86422
9.34606 -9.05959 -8.97589
9.30876 -8.87312 -9.37694
8.69686 -9.18731 -9.36036
9.06752 -8.48349 -9.27715
8.74503 -8.75557 -9.62227
8.97964 -8.98873 -9.24441
8.58803 -9.3893 -8.99303
8.58188 -9.36696 -8.82761
8.73927 -9.45097 -9.20305
8.84663 -8.9517 -9.10034
8.87856 -8.90247 -9.21734
8.60116 -8.88861 -8.75972
8.76137 -9.15802 -9.35457
8.78986 -8.91353 -9.37184
8.57661 -9.31761 -9.11922
8.5745 -9.36871 -9.46347
9.0644 -9.06749 -9.46711
8.98493 -8.84514 -8.95516
8.91174 -9.38277 -8.98415
8.82972 -9.00876 -9.17116
8.71522 -8.44301 -9.05873
9.25327 -9.07734 -9.08566
8.91949 -8.93058 -9.03767
8.74102 -9.10691 -9.43808
8.16276 -9.01266 -9.3534
8.93658 -8.91299 -9.02977
8.93735 -9.02803 -9.07715
8.95661 -9.14399 -9.58867
9.30392 -9.06585 -9.37857
9.302 -8.60779 -9.23839
8.84475 -9.01092 -9.45273
8.78171 -8.97112 -9.33875
8.82759 -8.58043 -9.44537
9.30742 -8.85956 -9.41378
8.9084 -9.02908 -9.34573
8.75606 -9.05898 -8.93836
9.33619 -9.37998 -9.28936
9.63535 -9.73185 -9.13592
8.57367 -8.98543 -8.98288
9.18835 -9.18315 -9.13829
8.90615 -9.52501 -8.85585
8.9845 -9.14123 -8.98459
8.54909 -8.96291 -9.33768
9.36029 -9.28207 -9.23771
9.28516 -9.09108 -9.23809
8.53903 -8.78592 -9.32197
8.89783 -9.08759 -8.99415
9.04393 -8.8628 -9.26798
8.97116 -8.71396 -9.29743
9.06355 -9.02094 -9.03675
9.04194 -9.01659 -9.16472
8.67659 -8.93296 -9.06632
9.07519 -8.75465 -8.9456
9.35603 -9.17233 -9.21577
8.77933 -9.36272 -9.12754
9.13399 -8.75251 -8.97609
9.4883 -8.7158 -9.22255
8.71235 -9.0818 -8.97651
8.93412 -8.96276 -9.4067
9.20342 -9.24443 -9.05954
9.20977 -8.90797 -9.23974
9.11583 -9.05499 -9.23881
9.28269 -9.31822 -9.23078
8.8702 -9.29505 -9.33426
8.94922 -8.90092 -9.02283
8.89959 -9.20598 -9.10833
8.83196 -8.91896 -8.69576
8.84929 -9.0448 -9.1019
8.89369 -9.03041 -9.14191
8.93797 -8.90054 -9.53398
8.89032 -9.01485 -9.06341
9.09549 -9.34299 -9.10634
8.75091 -8.89971 -8.88651
8.6689 -8.81672 -8.83622
9.01664 -9.05284 -8.81464
8.86235 -9.28943 -8.89669
8.90702 -9.45262 -9.14019
8.91291 -9.103 -9.10378
8.57594 -8.80723 -9.36377
9.18972 -9.25657 -9.49459
8.77994 -8.95088 -9.05351
8.81225 -8.93577 -9.23824
9.01671 -9.06025 -9.06068
9.25275 -8.56346 -9.3285
8.64615 -9.25014 -8.91706
8.84651 -9.23039 -9.20872
9.08699 -9.01589 -9.23004
8.72365 -8.90253 -9.33638
9.03239 -9.16088 -9.39936
9.23897 -9.18763 -9.30803
8.82002 -8.70528 -9.33233
9.33313 -8.70731 -9.27154
8.91975 -8.71009 -9.38152
8.91074 -9.12145 -9.27807
9.26067 -9.20988 -9.08984
8.92104 -9.55816 -9.2707
9.11089 -9.10723 -9.2449
8.86701 -8.77324 -9.26843
8.6004 -8.49395 -9.30931
8.87767 -8.76651 -8.96824
8.96371 -9.00722 -8.66029
8.96562 -9.12891 -8.71298
8.36941 -9.01709 -9.17123
8.38599 -8.80741 -9.1579
8.89895 -9.26572 -9.46154
9.15807 -9.29123 -9.33407
9.00919 -9.0441 -9.08427
9.07447 -9.24454 -8.8985
9.117 -9.04068 -9.04077
9.63609 -8.60431 -9.25219
9.428 -8.99834 -9.30538
9.05495 -9.14313 -9.19736
9.25069 -8.98343 -9.2194
9.27538 -9.20996 -9.22334
8.88045 -9.37352 -9.0879
9.58657 -9.44491 -8.82648
9.2542 -9.55383 -9.23566
9.18889 -9.50404 -9.36392
8.86289 -8.9423 -9.15458
9.01024 -9.15912 -9.43834
9.44233 -9.19127 -9.20791
8.67039 -9.2177 -9.22212
8.62173 -8.98872 -9.58209
8.89377 -9.32664 -9.66556
9.036 -9.29393 -9.43082
9.09514 -9.70547 -9.2631
9.1005 -9.1128 -9.45
9.23034 -9.21989 -9.44222
8.90543 -9.31845 -9.71165
8.92837 -9.29911 -9.43775
8.82356 -9.32866 -9.28836
9.02199 -9.34128 -8.91129
9.12021 -9.25609 -9.21167
9.17375 -9.13737 -9.36978
9.31907 -9.20836 -9.32207
8.47844 -9.32013 -9.37659
8.39009 -8.9754 -9.33048
9.17722 -9.41149 -9.27105
8.66629 -9.02444 -9.63098
8.6736 -9.01896 -9.75571
8.30963 -9.09326 -9.30257
8.62572 -8.72736 -9.36118
8.90662 -9.92011 -9.28568
9.51495 -9.46348 -9.17867
9.33167 -9.57485 -9.14583
8.7551 -8.88697 -9.30468
9.11472 -9.48341 -9.3925
9.38138 -9.35387 -9.20262
9.37221 -8.94944 -9.15066
9.35986 -9.33769 -9.32962
8.78673 -8.66906 -9.34924
8.62605 -9.34832 -9.37439
8.58085 -9.23749 -9.38655
9.04048 -8.9848 -9.49011
8.87429 -9.04499 -9.97955
8.89753 -8.93355 -9.46126
8.70557 -8.7568 -9.23706
9.10407 -9.04437 -9.28946
9.07766 -8.89674 -9.52263
9.16732 -8.70518 -9.23151
8.75586 -8.68729 -8.93208
9.16668 -8.55944 -8.29981
8.38137 -8.88695 -8.369
9.21708 -8.63955 -8.40502
8.38685 -8.72576 -8.7421
8.7293 -8.39566 -8.53029
9.23931 -8.54976 -8.85285
8.65988 -8.6265 -8.83395
8.79951 -9.21813 -8.65678
8.94592 -9.10783 -8.90431
8.68108 -8.83636 -8.61942
8.69048 -8.94935 -8.79273
8.66594 -9.26061 -9.40554
9.01101 -9.15282 -9.33498
8.89611 -8.91732 -9.0174
9.04952 -9.35438 -8.91389
9.31494 -9.14362 -8.8117
8.78365 -9.11334 -9.22487
8.64603 -9.01107 -8.43489
8.87924 -8.82844 -9.003
8.80804 -8.82288 -9.02573
8.84702 -8.95246 -9.29655
8.33618 -9.19125 -9.32951
8.84848 -9.2239 -9.38273
9.11779 -8.95872 -9.43263
9.05122 -8.93979 -9.23796
8.93476 -8.95501 -9.11564
8.76079 -8.61608 -8.93859
8.88068 -9.21626 -8.87098
8.73598 -9.30373 -8.96824
9.20207 -9.59081 -8.97589
8.71729 -9.73264 -8.80788
8.4127 -9.52449 -8.8869
8.93749 -8.92917 -9.54998
8.78415 -8.91172 -9.04142
8.85306 -8.83508 -9.34374
8.47353 -8.62181 -9.11502
8.78003 -8.52594 -9.22426
8.66554 -8.77355 -9.52617
8.89767 -8.96139 -9.76607
8.73913 -9.03836 -9.34285
8.54733 -9.23455 -9.06203
8.7377 -9.39005 -8.83717
8.37352 -9.34136 -9.34631
8.65868 -8.66871 -9.03081
8.46689 -8.8198 -8.55295
8.76986 -8.96042 -8.93848
8.64985 -9.21912 -9.25643
9.13336 -9.18589 -9.28193
8.92943 -9.24894 -9.32039
8.33025 -9.11718 -8.59758
8.63987 -8.97235 -9.11738
9.17823 -9.17772 -9.28561
9.30491 -9.17778 -9.54506
9.47426 -8.91582 -9.2289
9.00365 -9.03333 -9.33864
8.90071 -8.93203 -9.25773
8.82799 -8.61205 -9.0219
8.70862 -8.47075 -8.89563
8.94548 -8.64129 -9.44652
8.7559 -8.66978 -9.54251
8.88245 -9.16419 -9.30163
9.39705 -9.46727 -9.67781
8.92319 -9.38191 -9.47611
9.09496 -8.92435 -9.3204
9.08673 -8.88198 -9.04363
8.48364 -8.81023 -9.21293
8.89264 -9.50252 -9.75514
8.81109 -9.22981 -9.54963
9.27374 -9.22572 -9.45942
8.75975 -8.80348 -9.48655
8.71545 -9.2091 -9.4264
8.88987 -9.36825 -9.19891
8.81612 -9.24062 -9.05833
9.15073 -9.0171 -8.81619
9.2967 -9.23155 -8.84051
9.18862 -8.94481 -9.07267
8.98785 -8.74183 -8.91062
8.92275 -8.77185 -8.94934
9.05049 -8.83824 -9.22257
8.92689 -8.67485 -9.5054
9.04651 -8.97735 -9.60746
8.80275 -9.16109 -8.97485
9.04095 -9.19372 -8.75659
9.12423 -9.40416 -9.42341
9.06337 -9.13281 -9.32311
8.79506 -9.04399 -9.37732
8.7073 -9.03103 -9.68696
9.04493 -9.09644 -9.50921
9.23463 -9.16661 -9.35858
9.12987 -9.1007 -9.1836
8.89954 -9.09647 -9.23992
9.07069 -9.12754 -9.01229
8.65967 -8.92422 -9.02979
8.98846 -8.7499 -8.72675
9.04359 -9.11984 -8.94326
8.7323 -8.94667 -9.0981
9.13571 -9.18861 -8.94158
9.10409 -8.60613 -9.40486
8.87743 -9.48084 -8.67386
8.6713 -9.7346 -8.94088
8.823 -9.35191 -8.8562
9.19851 -8.95107 -8.82032
