1200 100
0.66 0.649049
0.747 0.811803
0.856 0.844108
0.893 0.910461
0.896 0.860044
0.906 1.00817
0.981 1.03167
1.024 1.03446
1.003 1.06005
0.964 1.01972
1.068 1.13251
1.065 1.09587
1.043 1.09625
1.102 1.13273
1.146 1.17586
1.09 1.07297
1.118 1.14522
1.149 1.18598
1.206 1.17274
1.107 1.07262
1.147 1.19859
1.144 1.12239
1.125 1.13851
1.205 1.23021
1.217 1.1911
1.167 1.09821
1.233 1.32804
1.278 1.25797
1.208 1.34408
1.284 1.29063
1.281 1.28332
1.28 1.12072
1.315 1.3291
1.299 1.33894
1.263 1.25709
1.299 1.35495
1.329 1.41417
1.299 1.34294
1.314 1.45286
1.362 1.37233
1.358 1.31715
1.306 1.27964
1.335 1.35813
1.39 1.36326
1.388 1.42288
1.381 1.32917
1.359 1.42154
1.345 1.48346
1.397 1.3067
1.369 1.32416
1.415 1.39017
1.363 1.28051
1.401 1.37557
1.417 1.40051
1.45 1.42893
1.441 1.40392
1.448 1.5048
1.45 1.38488
1.422 1.41333
1.445 1.47245
1.441 1.46598
1.494 1.52349
1.439 1.55383
1.431 1.44068
1.383 1.3917
1.437 1.40944
1.394 1.47424
1.494 1.59956
1.467 1.53044
1.451 1.40701
1.429 1.46042
1.442 1.34999
1.452 1.46917
1.43 1.44454
1.457 1.43959
1.474 1.44677
1.479 1.439
1.52 1.42503
1.525 1.46684
1.49 1.48939
1.525 1.47085
1.506 1.39936
1.508 1.41936
1.499 1.37137
1.47 1.42252
1.495 1.49947
1.531 1.44248
1.513 1.4673
1.485 1.47325
1.537 1.45609
1.506 1.54951
1.465 1.5263
1.519 1.63327
1.497 1.55154
1.538 1.53409
1.502 1.4995
1.447 1.38257
1.469 1.40244
1.506 1.46143
1.513 1.47531
1.513 1.44928
1.513 1.38522
1.519 1.42506
1.509 1.54947
1.449 1.37277
1.543 1.57773
1.532 1.49847
1.558 1.57021
1.513 1.52335
1.553 1.57276
1.582 1.58886
1.57 1.53664
1.598 1.58198
1.559 1.55207
1.539 1.63812
1.516 1.58333
1.546 1.63552
1.549 1.56316
1.625 1.56594
1.565 1.55333
1.571 1.57654
1.57 1.58869
1.527 1.53681
1.576 1.48371
1.575 1.5239
1.604 1.58877
1.55 1.44094
1.579 1.5453
1.61 1.57347
1.605 1.58856
1.571 1.60657
1.592 1.59914
1.608 1.55389
1.547 1.5113
1.622 1.57469
1.589 1.50358
1.601 1.47327
1.528 1.43665
1.617 1.57388
1.603 1.58097
1.585 1.58036
1.585 1.57635
1.62 1.56316
1.626 1.69382
1.6 1.65365
1.608 1.57391
1.622 1.55067
1.578 1.60352
1.566 1.56321
1.552 1.52282
1.59 1.51141
1.605 1.54052
1.625 1.7221
1.556 1.50036
1.643 1.58514
1.614 1.59059
1.619 1.48332
1.673 1.60167
1.601 1.43724
1.65 1.58909
1.603 1.45885
1.562 1.50166
1.666 1.6521
1.654 1.58187
1.618 1.60768
1.593 1.47683
1.537 1.38201
1.598 1.46586
1.62 1.5011
1.63 1.45455
1.563 1.45348
1.608 1.48382
1.583 1.56468
1.644 1.49876
1.609 1.54967
1.618 1.56564
1.658 1.70274
1.609 1.51563
1.623 1.67855
1.665 1.61239
1.632 1.67025
1.695 1.57555
1.645 1.61659
1.626 1.56369
1.665 1.63841
1.662 1.58534
1.67 1.65475
1.688 1.52818
1.702 1.7009
1.69 1.70561
1.698 1.65445
1.762 1.83519
1.727 1.67014
1.718 1.8283
1.71 1.7016
1.663 1.65909
1.687 1.73477
1.658 1.70474
1.685 1.78156
1.646 1.69037
2.049 1.94855
2.16 1.98238
2.173 2.11519
2.201 2.3009
2.187 2.11014
2.296 2.22661
2.324 2.43746
2.316 2.28843
2.357 2.19174
2.347 2.2048
2.354 2.24493
2.373 2.38025
2.446 2.37946
2.432 2.39577
2.456 2.39246
2.486 2.42022
2.513 2.40424
2.511 2.50038
2.586 2.55316
2.597 2.39699
2.589 2.61069
2.572 2.3792
2.699 2.52092
2.708 2.69543
2.751 2.70971
2.736 2.693
2.686 2.6981
2.762 2.93229
2.808 2.77791
2.816 2.79093
2.923 2.93
2.872 2.91253
2.983 2.86758
2.934 2.78243
2.932 2.98436
2.996 2.80078
2.983 2.90161
2.983 3.04175
3.049 2.91952
3.079 3.07583
3.101 3.06386
3.109 3.11423
3.101 3.11792
3.129 3.15752
3.151 3.14735
3.174 3.06679
3.188 3.10977
3.252 3.51601
3.235 3.229
3.273 3.40387
3.254 3.22871
3.329 3.33209
3.352 3.29139
3.371 3.53089
3.403 3.43002
3.37 3.33443
3.495 3.56154
3.441 3.34186
3.451 3.33694
3.446 3.49057
3.541 3.41774
3.538 3.67823
3.538 3.442
3.531 3.45049
3.625 3.626
3.601 3.47928
3.645 3.89487
3.704 3.84623
3.678 3.95227
3.701 3.80941
3.749 4.0961
3.72 3.78338
3.711 3.63511
3.722 3.91863
3.782 3.83431
3.828 3.79221
3.78 3.74134
3.817 3.87539
3.844 3.82349
3.85 4.00951
3.847 3.80339
3.913 3.90333
3.927 3.62129
3.947 3.81801
3.967 3.91983
4.008 3.68162
4.024 3.65508
4.109 3.76488
4.125 3.94332
4.039 4.06554
4.066 4.03768
4.098 4.11051
4.188 4.17683
4.174 3.92965
4.178 4.21853
4.189 4.09537
4.271 4.18174
4.182 4.09097
4.281 4.18623
4.283 4.07699
4.243 4.20416
4.312 4.40506
4.346 4.23852
4.416 4.29924
4.341 4.3811
4.381 4.37221
4.484 4.61436
4.46 4.47688
4.46 4.58098
4.517 4.70241
4.511 4.38026
4.519 4.5582
4.565 4.67845
4.553 4.56175
4.606 4.5393
4.668 4.59237
4.707 4.90005
4.678 4.37669
4.71 4.53443
4.691 4.57409
4.708 4.69944
4.697 4.52572
4.664 4.31342
4.791 4.64797
4.817 4.36988
4.859 4.74586
4.882 4.77285
4.87 4.62372
4.892 4.84718
4.914 4.77738
4.915 4.63041
4.919 4.9574
4.957 4.78594
4.958 4.93517
4.964 4.87358
4.948 4.75805
4.974 4.84417
5.042 4.97922
5.015 5.04182
5.096 5.46625
5.084 5.14008
5.087 5.06249
5.093 5.24159
5.149 5.25205
5.152 5.12202
5.167 5.04816
5.215 5.08786
5.282 5.08556
5.263 5.30714
5.226 5.45238
5.256 5.4319
5.341 5.47019
5.348 5.37027
5.371 5.35471
5.359 5.33545
5.465 5.43621
5.391 5.45157
5.486 5.35316
5.48 5.34895
5.508 5.52947
5.53 5.16026
5.539 5.39788
5.572 5.61643
5.571 5.53249
5.691 5.44897
5.621 5.41878
5.636 5.74525
5.6 5.57558
5.753 5.68768
5.723 5.74001
5.736 5.61392
5.731 5.8625
5.766 5.62086
5.805 5.44442
5.809 5.7823
5.892 5.78612
5.869 5.52136
5.901 5.66687
5.926 5.74627
5.959 5.61894
5.96 5.74615
5.993 5.81677
6.013 5.97681
6.082 5.80108
6.072 5.82864
6.047 5.65845
6.102 6.16576
6.155 6.17315
6.117 5.98129
6.144 6.19546
6.195 6.28926
6.252 6.41291
6.176 6.35138
6.281 6.2563
6.262 6.2456
6.245 6.46544
6.327 6.37244
6.377 6.37525
6.415 6.83161
6.388 6.65011
6.366 6.91896
6.468 6.6236
6.412 6.76702
6.427 6.55322
6.482 6.50218
6.56 6.67508
6.514 6.95075
6.496 7.013
6.591 6.96869
6.536 6.58729
6.595 6.57955
6.702 6.806
6.722 6.83155
6.742 6.68612
6.725 6.9223
6.753 6.7047
6.749 6.82482
6.822 6.51483
6.798 6.79199
6.87 6.74985
6.893 6.90245
6.925 7.28266
6.932 7.03241
6.961 7.23071
6.98 7.30891
7.062 7.49165
7.005 6.93191
7.026 7.11844
7.039 7.15263
7.093 6.72908
7.076 7.13936
7.146 6.79948
7.132 7.2198
7.17 6.99209
7.202 7.41861
7.25 7.31081
7.256 7.51798
7.307 7.60035
7.298 7.12432
7.334 7.51396
7.339 7.73982
7.377 7.56844
7.396 7.34253
7.356 7.15041
7.419 7.17261
7.398 7.28488
7.421 7.29505
7.437 7.38141
7.434 7.16281
7.484 7.64939
7.559 7.69221
7.579 7.46723
7.551 7.36276
7.567 7.3849
7.628 7.75537
7.633 7.5919
7.661 7.64973
7.691 7.64316
7.748 7.59809
7.711 7.65714
7.83 7.74084
7.718 7.75223
7.814 8.03944
7.848 7.85675
7.857 7.88844
7.899 7.8967
7.89 8.03193
7.897 7.73012
7.888 8.16162
7.944 8.14101
7.973 7.98826
8.011 7.88476
8.002 7.96396
8.07 8.25936
8.103 8.08247
8.099 8.43964
8.097 8.22582
8.134 7.94999
8.156 8.14781
8.137 8.22846
8.191 8.31884
8.184 8.38253
8.271 8.51608
8.242 8.33177
8.314 8.55396
8.277 8.68295
8.365 8.71649
8.37 8.45956
8.415 8.28106
8.32 8.4
8.367 8.66698
8.454 8.47236
8.46 8.64104
8.472 8.26548
8.46 8.61902
8.465 8.90968
8.507 8.67463
8.524 8.576
8.514 8.15596
8.514 8.58439
8.51 8.51441
8.54 8.4969
8.559 8.42094
8.642 8.64648
8.687 8.50954
8.707 8.32948
8.729 8.63219
8.738 8.73209
8.703 8.58337
8.739 8.74562
8.757 8.76672
8.754 8.50999
8.824 8.52355
8.875 8.63801
8.856 8.75602
8.857 8.91146
8.845 8.8218
8.898 8.91851
8.948 9.19849
8.972 8.64786
8.986 8.68449
8.981 8.68132
9.041 8.96028
9.049 8.95956
9.077 8.99807
9.129 9.18955
9.075 9.18256
9.115 9.25703
9.129 8.97133
9.146 8.9176
9.17 8.86396
9.205 9.07005
9.225 9.04742
9.23 9.25035
9.277 9.13941
9.299 9.29489
9.258 9.41485
9.25 9.17668
9.246 8.99248
9.319 9.25249
9.327 9.41749
9.307 9.35611
9.374 9.39352
9.445 9.24422
9.447 9.26446
9.415 9.14192
9.447 9.47867
9.476 9.53296
9.453 9.24704
9.525 9.29467
9.587 9.53597
9.569 9.46871
9.619 9.89173
9.639 9.44613
9.677 9.36203
9.682 9.61249
9.721 9.68284
9.755 9.45843
9.81 9.68358
9.794 9.75732
9.786 9.792
9.824 9.60663
9.799 9.4961
9.859 10.1092
9.796 9.97636
9.864 10.0015
9.847 9.7093
9.947 9.57376
9.989 9.75463
9.997 9.94894
9.947 9.9101
10.022 9.97749
9.977 9.63411
10.028 10.1173
10.081 9.70414
10.103 10.1145
10.064 9.90781
10.145 10.1201
10.141 10.1393
10.2 10.1181
10.213 9.64928
10.154 9.68397
10.218 10.0766
10.255 9.97795
10.236 9.95826
10.324 10.5015
10.349 10.4396
10.318 10.2852
10.281 10.2623
10.328 10.1846
10.324 10.1972
10.405 10.6877
10.434 10.1778
10.396 10.1593
10.437 10.7448
10.434 10.0637
10.513 10.1119
10.572 10.3932
10.609 10.5627
10.527 10.5118
10.615 10.4472
10.646 10.4411
10.638 10.3593
10.58 10.364
10.736 10.715
10.638 10.5475
10.712 10.6257
10.826 10.8145
10.785 10.8336
10.865 10.8576
10.796 10.633
10.817 10.5801
10.854 10.7855
10.836 10.5797
10.882 10.887
10.931 10.6789
10.892 10.691
10.926 10.5731
10.978 10.7763
11.039 10.9504
10.989 10.7356
11.052 10.4477
11.034 10.6735
11.051 10.5369
11.093 10.7671
11.061 10.3717
11.11 10.8347
11.162 11.0028
11.156 10.8205
11.208 10.6854
11.208 11.1659
11.289 11.489
11.277 10.8671
11.306 10.7972
11.265 10.7615
11.327 10.943
11.32 11.1688
11.428 11.2381
11.353 10.9433
11.391 10.845
11.423 10.927
11.437 10.923
11.522 10.9465
11.372 10.9025
11.448 11.4848
11.519 11.4471
11.525 11.7371
11.578 11.1871
11.547 11.5714
11.632 11.4901
11.587 11.3818
11.624 11.2299
11.696 11.433
11.733 11.4231
11.789 11.2617
11.747 11.3764
11.775 11.2216
11.791 11.3046
11.854 10.9316
11.827 11.2743
11.821 11.1161
11.889 11.4261
11.884 11.3819
11.903 11.2208
11.881 10.9938
11.994 11.2612
12.035 11.3952
12.002 11.3974
12.019 11.7144
12.029 11.4336
11.961 11.6952
12.114 11.022
12.057 11.7235
12.123 11.6796
12.11 11.4053
12.131 11.7856
12.132 12.0506
12.211 11.9384
12.247 11.8018
12.29 12.0359
12.282 11.6701
12.322 11.9723
12.361 12.1588
12.341 12.0668
12.427 12.4311
12.411 11.948
12.372 11.6773
12.422 11.9519
12.392 11.9002
12.463 11.7664
12.476 11.9093
12.476 12.1195
12.498 11.7117
12.542 11.6959
12.538 12.3689
12.529 12.4356
12.566 12.0016
12.654 12.0964
12.632 11.8104
12.664 12.1152
12.676 12.4555
12.64 12.7291
12.628 12.6162
12.667 12.2584
12.736 12.4427
12.761 12.2181
12.752 12.513
12.726 12.7437
12.825 12.641
12.782 12.3969
12.858 12.3121
12.849 12.3746
12.918 12.4717
12.884 12.5571
12.901 12.5137
12.927 12.31
12.976 12.3678
13.028 12.4777
13.014 12.234
13.055 12.8568
13.117 13.0664
13.143 12.5431
13.106 12.7475
13.126 12.7689
13.188 12.7354
13.176 12.6176
13.232 12.6068
13.288 12.7618
13.249 13.1021
13.245 12.5375
13.246 12.3558
13.324 12.5856
13.358 12.6565
13.404 13.0338
13.403 12.8474
13.318 12.7396
13.389 12.9206
13.4 12.5666
13.427 12.9817
13.457 12.9331
13.488 12.6966
13.503 13.3333
13.573 13.5442
13.611 13.1428
13.588 13.2075
13.58 13.2909
13.583 13.1062
13.605 12.8138
13.666 13.0054
13.677 13.0637
13.662 13.0008
13.708 12.7775
13.738 12.9923
13.757 12.9769
13.735 13.176
13.827 13.2703
13.838 12.8766
13.857 13.2698
13.782 12.9935
13.87 12.7398
13.796 12.6731
13.867 13.1585
13.944 13.2121
13.912 12.5668
13.917 13.1633
13.979 12.9555
14.024 13.1846
14.064 13.1951
14.04 13.552
14.108 13.4558
14.17 13.3084
14.124 13.0817
14.165 13.5333
14.222 13.3801
14.212 13.7508
14.239 13.5374
14.241 13.8448
14.232 13.7559
14.33 13.5907
14.319 13.4547
14.377 13.4743
14.373 13.2491
14.373 13.7556
14.384 13.48
14.439 13.5739
14.423 13.6017
14.455 13.7798
14.466 14.0449
14.498 13.3714
14.541 13.4277
14.587 13.0715
14.611 13.4892
14.53 13.5386
14.612 13.4589
14.648 13.5617
14.679 14.1241
14.618 13.7919
14.66 13.9524
14.708 13.6864
14.781 14.3194
14.723 14.0583
14.768 14.3045
14.788 14.5997
14.879 14.3907
14.869 14.3442
14.883 14.2355
14.91 14.1541
14.93 14.3795
14.943 14.6064
14.896 14.3555
14.946 14.6497
15.029 14.9351
15.099 14.9301
15.025 14.5089
15.065 14.3611
15.101 14.7776
15.127 14.4854
15.093 14.8152
15.129 14.4788
15.196 14.8224
15.131 14.5704
15.176 14.9159
15.23 15.3144
15.27 15.1523
15.329 14.6194
15.283 14.2492
15.298 15.2104
15.325 14.7381
15.353 15.3638
15.361 15.2659
15.476 14.8943
15.442 14.9776
15.423 14.8629
15.452 14.7965
15.435 15.3311
15.461 14.537
15.532 14.8078
15.526 14.9062
15.555 15.028
15.523 14.54
15.668 14.4222
15.614 14.7578
15.663 14.578
15.669 14.6881
15.657 14.604
15.64 15.1175
15.706 14.9645
15.762 14.61
15.732 14.9091
15.832 15.5653
15.827 15.3845
15.812 15.4581
15.892 15.0494
15.887 15.2275
15.906 15.0262
15.937 15.1942
15.97 15.0762
15.988 15.0309
16.016 15.251
16.012 15.4833
16.017 15.0978
16.089 15.0942
16.009 15.2902
16.038 15.3339
16.068 15.7591
16.089 15.5666
16.196 15.5511
16.15 15.5671
16.151 15.3736
16.193 15.277
16.28 15.0667
16.245 15.4865
16.275 15.591
16.269 15.6263
16.239 15.7656
16.351 16.0338
16.332 15.6674
16.306 15.8923
16.379 15.9073
16.41 15.8678
16.446 15.3965
16.427 15.8165
16.438 15.1193
16.53 15.869
16.497 15.8899
16.535 16.2871
16.529 15.4166
16.546 15.5835
16.634 16.2803
16.618 16.2023
16.68 16.4861
16.693 16.7895
16.727 16.4569
16.69 15.9138
16.771 15.8524
16.791 15.9873
16.739 15.9528
16.869 16.4363
16.826 16.2019
16.799 15.9465
16.833 16.2594
16.855 16.3483
16.848 16.0109
16.876 15.8945
16.92 15.9656
16.966 16.6415
17.059 16.6181
17.021 16.8314
16.971 16.4786
17.013 16.7576
17.032 16.5575
17.099 16.3816
17.108 17.2996
17.163 16.1686
17.091 16.319
17.194 16.6991
17.164 16.5076
17.199 16.5499
17.188 16.3951
17.235 16.2801
17.278 16.9777
17.243 17.3313
17.283 17.04
17.339 17.0772
17.367 16.9733
17.368 17.2518
17.406 17.0282
17.397 17.3407
17.444 17.4823
17.459 17.3216
17.487 16.9488
17.482 17.5652
17.496 17.1772
17.532 16.4935
17.602 16.8645
17.604 17.3405
17.645 17.0761
17.647 17.658
17.677 17.7464
17.594 17.3986
17.675 17.589
17.708 17.5783
17.747 17.6006
17.72 17.6172
17.711 18.0015
17.771 18.0506
17.733 17.6414
17.777 17.6069
17.865 18.177
17.885 18.2861
17.87 17.9611
17.929 18.074
17.892 17.7761
17.889 18.4071
17.971 18.1283
17.995 18.1191
18.019 18.2589
18.052 18.1234
18 18.3323
18.058 18.411
18.088 18.0403
18.067 18.455
18.129 18.3347
18.164 18.6758
18.195 18.3433
18.248 18.7593
18.179 18.1131
18.22 18.1738
18.202 17.9592
18.241 18.0209
18.265 18.0088
