2000 5 10
0 0
0 0
0 0
0 0
0 0
0 0
0 0
0 0
0 0
0 0
0 0
0 0
0 0
0 0
0 0
0 0
0 0
0 0
0 0.000511635
0 0
0 0
0 0
0 0
0 0
0 0
0 0
0 0
0 0
0 0
0 0
0 0
0 0
0 0
0 0
0 0
0 0
0 0
-0.000308473 0
-0.000154237 0
0 0
0 0
0 0
0 0
0 0
0 0
0 0
0 0
0 0
0 0
0 0
0 0
0 0
-0.00650069 0
0 0
0 0
0 0
0 0
0 0
0 0
0 0
0 0
0 0
0 0
0 0
0 0
0 0
0 0
0 0
0 0
0 0
0 0
0 0
0 0
0 0
0 0
0 0
0 0
0 0
0 0
0 0
-0.00228081 0
0 0
0 0
0 0
0 0
0 0
0 0
0 0
0 0
0 0
0 0
0.00284706 0
0.000711766 0
0 0
0 0
0 0
0 0
0 0
0 0
0 0
0 0
0 0
0 0
0 0
0 0
0 0
0 0
0 0
0 0
0 0
0 0
0 0
0 0
0 0
0 0
0 -0.000941535
0 0
0 0
0 0
0 0
0 0
0 0
0 0
0 0
0 0
0 0
0 0
0 0
0 0
0 0
0 0
0 0
0 -0.00192195
0 -0.00576586
-0.00192195 -0.00384391
-0.040361 -0.00576586
-0.0192195 -0.00576586
-0.00960977 0
-0.00192195 0
0 0
0 0
0 0
0 0
0 0
0 0
0 0
0 0
0 0
0 0
0 0
0 0
0 0
0 0
0 0
0 0
0 0
0 0
0 0
0 0
0 0
0 0
0 0
0 0
0 0.00111736
0 0.00056334
0 0
0 0
0 0
0 0
0 0
0 0
0 0
0 0
0 0
0 0
0 0
0 0
0 0
0 0
0 0
0 0
0 0
0 0
0 0
0 0
0 0
0 0
0 0
0 0
0 0
0 0
0 0
0 0
0 0
0 0
0 0
0 0
0 0
0 0
0 0
0 0
0 0
0 0
0 0
0 0
0 0
0 0
0 0
0 0
0 0
0 0
0 0
0 0
0 0
0 0
0 0
0 0
0 0
0 0
0 0
0 0
0 0
0 0
0 0
0 0
0 0
0 0
0 0
0 0
0 0
0 0
0 0
0 0
0 0
0 0
0 0
0 0
0 0
0 0
0 0
0 0
0 0
0 0
0 0
0 0
0 0
0 0
0 0
0 0
0.00735475 0
0 0
0 0
0 0
0 0
0 0
0 0
0 0
0 0
0 0
0 0
0 0
0 0
0 0
0 0
0 0
0 0
0 0
0 0
0 0
0 0
0 0
0 0
0 0
0 0
0 0
0 0
0 0
0 0
0 0
0 0
0 0
0 0
0 0
0 0
0 0
0 0
0 0
0 0
0 0
0 0
0 0
0 0
0 0
0 0
0 0
0 0
0 0
0 0
0 0
0 0
0 0
0 0
0 0
0 0
0 0
0 0
0 0
0 0
0 0
0 0
0 0
0 0
0 0
0 0
0 0
0 0
0 0
0 0
0 0
0 0
0 0
0 0
0 0
0 0
0 0
0 0
0 0
0 0
0 0
0 0
0 0
0 0
0 0
0 0
0 0
0 0
0 0
0 0
0 0
0 0
0 0
0 0
0 0
0 0
0 0
0 0
0 0
0 0
0 0
0 0
0 0
0 0
0 0
0 0
0 0
0 0
0 0
0 0
0 0
0 0
0 0
0 0
0 0
0 0
0 0
0 0
0 0
0 0
0 0
0 0
0 0
0 0
0 0
0 0
0 0
0 0
0 0
0 0
0 0
0 0
0 0
0 0
0 0
0 0
0 0
0 0
0 0
0 0
0 0
0 0
0 0
0 0
0 0
0 0
-0.00314357 0
0 0
0 0
0 0
0 0
0 -0.00518396
0 0
0 0
0 0
0 0
0 0
0 0
0 0
0 0
0 0
0 0
0 0
0 0
0 0
0 0
0 0
0 0
0 0
0 0
0 0
0 0
0 0
0 0
0 -0.00248894
0 0
0 0
0 -0.00452802
0 -0.00301868
0 0
0 0
0 0
0 0
0 0
0 0
0 0
0 0
0.000642798 0
0.000642798 0
0 0
0 0
0 0
0 0
0 0
0 0
0 -0.00298916
0 0
0 0
0 0
0 0
0 0
0 0
0 0
0 0
0 0
0 0
0 0
0 0
0 0
0 0
0 0
0 0
0 0
0 0
0.000510961 0
0.000510961 0
0.00102192 0
0.00613153 0
0.00255481 0
0.0066425 0
0.00510961 0.000510961
0.00102192 0.00204384
0 0.00357673
0 0.00255481
0 0.00153288
0 0.00204384
0 0.00408769
0 0.00255481
0 0.000718797
0 0.00715346
0 0.00408769
0 0.00562057
0 0.00306577
0 0.000510961
0 0
0 0
0 0
0 0
0 0
0 0
0 0
0 0
0 0
0 0
0 0
0 0
0 0
0 0
0 0
0 0
0 0
0 0
0 0
0 0
0 0
0 0
0 0.00107092
0 0
0 0.00274497
0 0.0137249
0.00548995 0.0109799
0.00823492 0.0192148
0.0384296 0
0.0329397 0
0.0658794 0.00274497
0.118034 0.00548995
0.164698 0.0137249
0.200383 0.00548995
0.282732 0
0.447431 0.00274497
0.488605 0.00548995
0.54076 0.0137249
0.625854 0.0329397
0.650559 0.0192148
0.702713 0.0238672
0.768592 0.0124685
0.730163 0.0238672
0.785062 0.0456405
0.842707 0.0646688
0.957996 0.0238672
1.01015 0.024286
1.10032 0.0508981
1.05132 0.0164698
1.11171 0.021541
1.17759 0.0356846
1.12269 0.0548995
1.14191 0.118034
1.07054 0.0686243
1.11171 0.154722
1.09799 0.0933291
1.18034 0.129014
1.20504 0.164698
1.17759 0.101564
1.12544 0.0933291
1.15014 0.120779
1.15563 0.123524
1.1721 0.192148
1.20504 0.219598
1.13093 0.225088
1.18583 0.167443
1.17485 0.225088
1.21053 0.241558
1.22975 0.194893
1.25445 0.172933
1.25692 0.150974
1.30832 0.164698
1.29706 0.118034
1.32952 0.172933
1.30935 0.216853
1.33131 0.167078
1.30935 0.178365
1.27916 0.173912
1.31759 0.140243
1.29014 0.15915
1.24832 0.101811
1.26269 0.13418
1.27641 0.0821752
1.26543 0.108281
1.19852 0.0932131
1.24036 0.00660152
1.25098 -0.000903673
1.26129 -0.00437838
1.29801 -0.0380478
1.26196 0.0353947
1.29355 -0.0381058
1.30588 0.00934649
1.33131 -0.0439606
1.31759 0.0378328
1.2819 0.123715
1.29563 0.0629025
1.28465 0.125058
1.23005 0.188193
1.23384 0.0804089
1.2184 0.105172
1.23969 0.0505211
1.23798 0.0474112
1.19748 0.0168517
1.14222 0.0680275
1.146 0.0662612
1.19303 0.0573545
1.25305 0.0429579
1.27983 0.00928851
1.24518 -0.0521955
1.27538 0.0209981
1.27812 0.0371031
1.24793 -0.024074
1.26403 0.0521715
1.24244 0.170877
1.21255 0.0624216
1.16759 0.0981643
1.17997 -0.0189489
1.1793 0.0360665
1.19132 -0.032251
1.1158 -0.0151094
1.09964 -0.00656756
1.12989 0.0143556
1.11617 -0.0546336
1.11891 -0.0900113
1.20779 -0.00925455
1.21499 0.00166736
1.19748 0.0109389
1.24414 -0.0663432
1.24518 -0.106788
1.22426 -0.239086
1.20779 -0.184186
1.227 -0.208219
1.25994 -0.205167
1.25098 -0.250795
1.20188 -0.217242
1.23487 -0.218278
1.18608 -0.111357
1.16686 -0.199312
1.1088 -0.204131
1.12667 -0.178331
1.13697 -0.204496
1.04499 -0.204496
1.01468 -0.175337
1.0367 -0.192479
0.99723 -0.197297
1.11465 -0.179484
1.16552 -0.154356
1.23658 -0.229565
1.16723 -0.222002
1.19736 -0.221023
1.20907 -0.249568
1.25476 -0.275923
1.29044 -0.326369
1.3035 -0.242311
1.34675 -0.203401
1.27324 -0.198641
1.28666 -0.134777
1.31551 -0.150575
1.29288 -0.0276647
1.27879 -0.148195
1.28977 -0.0890907
1.27672 -0.0818924
1.21286 -0.115985
1.2805 -0.170884
1.27843 -0.141303
1.25439 -0.27385
1.22115 -0.218527
1.28636 -0.229507
1.30112 -0.171249
1.33131 -0.077497
1.34126 -0.110437
1.33473 -0.0857899
1.30417 -0.12971
1.28904 -0.0239991
1.30112 -0.050777
1.30008 0.0296149
1.30862 -0.0583402
1.30453 0.0309584
1.30521 0.0515167
1.2575 0.00790401
1.28532 -0.151056
1.31484 -0.0658454
1.30142 -0.196683
1.2963 -0.0957332
1.29252 -0.0771902
1.2877 -0.0974996
1.29081 -0.0315622
1.25403 -0.0579753
1.28563 -0.0297959
1.28904 -0.111838
1.32582 -0.053464
1.30112 -0.126965
1.28154 -0.0717002
1.3193 -0.0194877
1.29801 0.0296729
1.19944 -0.0815855
1.26056 -0.140383
1.26434 -0.18052
1.27465 -0.124526
1.13008 -0.0918936
1.19633 -0.040104
1.29081 -0.134163
1.27434 -0.116656
1.30386 -0.08817
1.22389 -0.00710637
1.18949 -0.136601
1.17339 -0.11013
1.19431 -0.146602
1.18986 -0.14044
1.13356 -0.133068
1.14734 -0.156007
1.227 -0.185836
1.19132 -0.210292
1.10475 -0.3199
1.12691 -0.283179
1.16331 -0.352649
1.14033 -0.248224
1.16034 -0.256517
1.16924 -0.276768
1.16686 -0.361614
1.16961 -0.346429
1.21255 -0.354051
1.2661 -0.329346
1.20133 -0.247917
1.23176 -0.217358
1.24482 -0.190638
1.27501 -0.20394
1.26848 -0.344721
1.29831 -0.4073
1.29831 -0.335814
1.29282 -0.416629
1.24336 -0.321418
1.24299 -0.337158
1.26257 -0.397663
1.2619 -0.355759
1.24159 -0.392787
1.29313 -0.486348
1.31344 -0.407913
1.27489 -0.386741
1.27733 -0.40419
1.32265 -0.437859
1.31375 -0.342092
1.30515 -0.403634
1.25983 -0.491531
1.26397 -0.589794
1.29215 -0.54167
1.30002 -0.439377
1.32064 -0.447612
1.29624 -0.403269
1.29588 -0.347524
1.25263 -0.457978
1.26257 -0.470243
1.33504 -0.409854
1.29039 -0.531176
1.31308 -0.38254
1.30142 -0.607308
1.31448 -0.505079
1.32442 -0.457617
1.31857 -0.366262
1.30417 -0.483907
1.2403 -0.430122
1.25885 -0.461159
1.25299 -0.510153
1.25299 -0.447614
1.2433 -0.477543
1.2955 -0.533736
1.28604 -0.628781
1.30277 -0.572494
1.29606 -0.559951
1.28142 -0.486689
1.28075 -0.38571
1.24604 -0.484874
1.28215 -0.464088
1.33436 -0.369928
1.33851 -0.545338
1.33333 -0.628821
1.31546 -0.566242
1.27977 -0.582559
1.25745 -0.545089
1.27703 -0.565572
1.20658 -0.506372
1.18944 -0.477657
1.25263 -0.483761
1.25086 -0.602296
1.26733 -0.582312
1.30033 -0.6633
1.29298 -0.6853
1.27585 -0.441918
1.30789 -0.694439
1.30582 -0.643073
1.3024 -0.673613
1.27756 -0.608731
1.28075 -0.490311
1.20475 -0.509047
1.23946 -0.642399
1.27489 -0.741295
1.28587 -0.614584
1.21706 -0.639057
1.24873 -0.610071
1.24531 -0.564308
1.18849 -0.792567
1.18481 -0.847026
1.26044 -0.788093
1.18725 -0.836641
1.22537 -0.93663
1.27008 -0.991743
1.26733 -0.939107
1.3202 -0.843455
1.26148 -0.818076
1.2714 -0.909276
1.22821 -0.817675
1.18707 -0.871982
1.1998 -0.781318
1.14479 -0.882461
1.2099 -0.822666
1.21984 -0.839348
1.18064 -0.879735
1.21614 -0.924038
1.16325 -0.989036
1.13897 -1.00754
1.16412 -0.96817
1.12191 -0.914804
1.03364 -0.911925
0.986538 -0.833127
0.901193 -0.894862
1.05827 -0.946267
1.16101 -0.882978
1.19418 -0.916302
1.14294 -0.920006
1.15717 -0.923461
1.18483 -0.75617
1.25848 -0.903747
1.27324 -1.04319
1.23919 -1.0821
1.21026 -1.04065
1.12062 -1.03259
1.18938 -1.02101
1.20792 -1.09617
1.24366 -1.13646
1.20272 -1.08469
1.20708 -1.03382
1.1898 -1.09008
1.24647 -1.11671
1.164 -1.15164
1.16778 -1.05336
1.25092 -1.03664
1.17517 -1.00518
1.19663 -0.998443
1.13989 -1.03278
1.26493 -0.984602
1.10801 -0.998692
1.15845 -0.939472
1.08355 -1.01495
1.09415 -0.902925
1.09898 -0.99946
1.10793 -0.993662
1.02566 -0.964468
1.03938 -0.968672
1.00053 -0.882079
1.08359 -0.818539
1.17229 -0.822015
1.11325 -0.812225
1.21161 -0.899086
1.25706 -0.936691
1.27006 -0.961148
1.23061 -0.967963
1.16918 -0.935041
1.16646 -0.990113
1.16496 -0.911392
1.14916 -1.09924
1.22414 -1.04986
1.19521 -0.969825
1.17066 -1.01887
1.17178 -0.839197
1.18276 -1.02482
1.11238 -0.946368
1.11267 -0.957694
1.19773 -0.949496
1.20093 -1.01562
1.20642 -1.06885
1.16563 -1.02033
1.17725 -0.905115
1.09417 -0.982013
1.12045 -0.981822
1.13358 -0.936979
1.22474 -1.12318
1.16064 -1.1705
1.09553 -1.05666
1.02061 -1.09037
0.967302 -0.971339
0.945495 -1.02979
0.978665 -1.09089
1.05232 -1.19762
1.18707 -1.12285
1.18849 -1.18675
1.22606 -1.12049
1.20901 -1.12274
1.22984 -1.13381
1.24562 -1.04661
1.20249 -1.05204
1.19681 -1.09989
1.23932 -0.950455
1.20333 -0.984241
1.16809 -1.1528
1.2069 -1.16221
1.2099 -1.08243
1.22074 -1.16917
1.25384 -1.19649
1.29826 -1.21181
1.2519 -1.00468
1.15571 -1.04087
1.24641 -1.00067
1.22616 -1.06521
1.24255 -1.07838
1.25635 -1.18052
1.21823 -1.20854
1.17826 -1.07258
1.17352 -1.09951
1.21884 -1.0769
1.24078 -1.14946
1.23737 -1.27585
1.19577 -1.3687
1.29484 -1.35017
1.26516 -1.47213
1.22289 -1.43521
1.24211 -1.46072
1.28175 -1.32796
1.2714 -1.34154
1.28058 -1.3501
1.24142 -1.37546
1.1588 -1.32506
1.2094 -1.27333
1.1687 -1.23116
1.14958 -1.29082
1.17009 -1.22364
1.14237 -1.3138
1.25063 -1.17806
1.29033 -1.21828
1.2599 -1.24118
1.25516 -1.14687
1.23069 -1.11831
1.24627 -0.961976
1.20786 -1.13232
1.22195 -1.14589
1.18114 -1.29771
1.22537 -1.23512
1.21282 -1.19845
1.20817 -1.30297
1.18755 -1.33294
1.2247 -1.298
1.26489 -1.18551
1.23086 -1.32457
1.24146 -1.22746
1.27132 -1.31601
1.26034 -1.29217
1.29409 -1.38634
1.25457 -1.45224
1.18821 -1.4713
1.16627 -1.43863
1.17262 -1.43203
1.08388 -1.42463
1.17757 -1.27681
1.23693 -1.41427
1.26747 -1.48821
1.29409 -1.39727
1.24967 -1.2264
1.25034 -1.3062
1.19892 -1.23976
1.20007 -1.33526
1.23502 -1.4533
1.21159 -1.47063
1.17364 -1.30015
1.21397 -1.50565
1.25497 -1.39396
1.21147 -1.30551
1.1354 -1.57377
1.14724 -1.34269
1.1612 -1.5721
1.26013 -1.59072
1.25078 -1.54043
1.278 -1.41111
1.26977 -1.55352
1.23691 -1.57155
1.31857 -1.64831
1.25507 -1.57036
1.24144 -1.62264
1.18279 -1.62595
1.24284 -1.62451
1.24527 -1.55486
1.18672 -1.49937
1.20608 -1.46904
1.24654 -1.62142
1.21731 -1.55496
1.28177 -1.53765
1.2199 -1.52427
1.2094 -1.46426
1.20704 -1.45236
1.25944 -1.41562
1.17803 -1.46787
1.22673 -1.50509
1.28163 -1.321
1.29031 -1.18561
1.30507 -1.17641
1.23209 -1.35576
1.17632 -1.3292
1.27749 -1.47244
1.3288 -1.478
1.26355 -1.33907
1.247 -1.2935
1.23226 -1.43017
1.21875 -1.44144
1.21051 -1.4366
1.17819 -1.34129
1.24804 -1.37544
1.21354 -1.33958
1.13041 -1.42526
1.18262 -1.2694
1.23113 -1.40608
1.21571 -1.32167
1.19775 -1.26224
1.19504 -1.27257
1.25722 -1.24251
1.27344 -1.24036
1.23593 -1.32737
1.16031 -1.3269
1.13073 -1.40636
1.15911 -1.3735
1.14298 -1.35997
1.1306 -1.32401
1.13344 -1.36529
1.08639 -1.41602
1.13659 -1.47823
1.15206 -1.40408
1.1177 -1.43903
1.14502 -1.39283
1.18352 -1.57183
1.27355 -1.54588
1.22023 -1.52922
1.18554 -1.51638
1.10881 -1.49423
1.12304 -1.42623
1.1178 -1.42283
1.16197 -1.50283
1.10399 -1.29476
1.11365 -1.36066
1.16909 -1.45193
1.20854 -1.58569
1.24535 -1.46328
1.25416 -1.43278
1.23499 -1.38571
1.24328 -1.37095
1.22071 -1.34624
1.23531 -1.42378
1.19122 -1.43691
1.09971 -1.3579
1.08355 -1.51181
1.10983 -1.64582
1.19988 -1.57926
1.17412 -1.52897
1.14642 -1.50461
1.131 -1.47618
1.24721 -1.40145
1.27315 -1.39264
1.19464 -1.25047
1.20295 -1.41616
1.14561 -1.46645
1.27549 -1.50509
1.22009 -1.51375
1.1787 -1.62073
1.16632 -1.68424
1.13722 -1.77397
1.17425 -1.63835
1.22798 -1.46503
1.27532 -1.41512
1.24506 -1.50027
1.25159 -1.54028
1.2843 -1.54412
1.21777 -1.6413
1.2929 -1.57895
1.27096 -1.4858
1.23318 -1.70768
1.22331 -1.73792
1.23808 -1.64152
1.21596 -1.62988
1.24934 -1.75936
1.26856 -1.61934
1.22481 -1.66605
1.22393 -1.7588
1.20184 -1.75291
1.16243 -1.74241
1.24186 -1.77884
1.22049 -1.66826
1.27543 -1.74065
1.27361 -1.61873
1.24718 -1.6711
1.26077 -1.77827
1.26065 -1.86966
1.30453 -1.99513
1.24314 -1.88256
1.25627 -1.84202
1.14703 -1.92654
1.15795 -2.05152
1.09632 -1.94211
1.2002 -1.91796
1.29543 -1.83544
1.24493 -1.99841
1.29543 -2.03269
1.31217 -2.25387
1.25723 -2.13647
1.19191 -2.16321
1.25591 -2.10572
1.18995 -1.95564
1.1755 -2.02943
1.173 -2.13885
1.17147 -2.16361
1.21777 -2.15092
1.23243 -2.09692
1.1841 -2.07784
1.24028 -2.16695
1.18456 -2.18024
1.21253 -2.14998
1.17047 -2.11946
1.25773 -1.98632
1.23846 -2.06101
1.25791 -2.08998
1.2402 -2.09975
1.16961 -2.14962
1.1908 -2.17106
0.991525 -2.12363
1.15576 -1.99436
1.15692 -2.20759
1.17696 -2.09461
1.16548 -2.10916
1.0637 -2.28814
1.06541 -2.12948
1.14759 -2.19029
1.13344 -2.22988
1.19809 -2.21897
1.16822 -2.19183
1.19162 -2.16516
1.09637 -2.15991
1.14853 -2.09312
1.06249 -2.05625
1.07226 -1.979
1.12135 -2.19676
1.11611 -2.08968
1.10849 -2.14317
1.05783 -2.17229
1.07737 -2.12293
1.10726 -2.07537
1.10338 -2.0793
1.19402 -2.18265
1.08701 -2.24936
1.16602 -2.18789
1.16252 -2.10274
1.13782 -2.04554
1.17963 -2.01995
1.10158 -2.11672
1.05541 -2.33092
1.06385 -2.35899
1.07071 -2.3224
1.06272 -2.32511
1.07939 -2.36364
1.12617 -2.37488
1.19389 -2.35712
1.17193 -2.38713
1.17423 -2.42485
1.15114 -2.33864
1.1081 -2.24252
1.08505 -2.12011
1.08522 -2.17269
1.16329 -2.33762
1.05387 -2.44178
1.14709 -2.49728
1.1754 -2.29704
1.20147 -2.30405
1.25904 -2.34977
1.23426 -2.47885
1.12761 -2.20624
1.14841 -2.3314
1.13715 -2.2443
1.10394 -2.24095
1.12766 -2.30981
1.11545 -2.23443
1.13701 -2.18104
1.17552 -2.24528
1.1665 -2.20573
1.10912 -2.14937
1.20479 -2.17488
1.23869 -2.17167
1.1316 -2.27011
1.13949 -2.07708
1.0925 -2.28434
1.08555 -2.29344
1.10754 -2.24748
1.2078 -2.26842
1.19725 -2.36503
1.18575 -2.27443
1.14985 -2.43823
1.17926 -2.31845
1.22831 -2.3564
1.14517 -2.29486
1.14411 -2.32234
1.20324 -2.2628
1.15983 -2.33572
1.15818 -2.26666
1.1587 -2.1134
1.09799 -1.92416
1.19212 -2.03329
1.23591 -2.03546
1.22195 -2.06754
1.20537 -2.15248
1.05361 -2.2423
1.17504 -2.2489
1.16268 -2.34081
1.16959 -2.39538
1.22055 -2.24153
1.12348 -2.13355
1.11803 -2.28328
1.05023 -2.26612
1.05044 -2.12489
1.08847 -2.27882
1.12423 -2.38517
1.12037 -2.38095
1.18773 -2.38536
1.22992 -2.4022
1.17348 -2.4685
1.17201 -2.51019
1.15124 -2.36918
1.16698 -2.37949
1.18262 -2.15618
1.10451 -2.36298
1.10898 -2.30234
1.05516 -2.55093
1.03067 -2.46383
1.16519 -2.4035
1.22781 -2.43274
1.0848 -2.38072
1.07606 -2.39446
1.1116 -2.44685
1.22097 -2.35286
1.14546 -2.31205
1.09117 -2.54387
1.17786 -2.41612
1.08415 -2.44693
1.12393 -2.26522
1.10856 -2.47311
1.13496 -2.43287
1.18322 -2.45658
1.25827 -2.52551
1.21299 -2.44681
1.18792 -2.48376
1.1105 -2.40344
1.13557 -2.40521
1.19362 -2.41364
1.20251 -2.45096
1.17141 -2.34142
1.21339 -2.42622
1.20026 -2.36033
1.20458 -2.25097
1.25338 -2.32069
1.26708 -2.37567
1.27449 -2.43086
1.30225 -2.29042
1.29016 -2.21684
1.23522 -2.25131
1.26925 -2.31201
1.29119 -2.22268
1.25328 -2.25097
1.30544 -2.09145
1.23927 -2.11783
1.28311 -2.14883
1.23 -2.19014
1.22443 -2.01761
1.27737 -2.02993
1.17949 -2.04707
1.14166 -2.14747
1.08468 -1.94606
1.16078 -1.95086
1.16586 -1.93157
1.13803 -1.95923
1.22345 -2.04415
1.1454 -2.07508
1.12701 -2.02075
1.10864 -2.04004
1.15004 -2.04469
1.12275 -2.02369
1.09803 -2.23331
1.11148 -2.28998
1.06839 -2.26182
1.09121 -2.28314
1.15661 -2.40821
1.15319 -2.15935
1.17581 -2.30629
1.07718 -2.19023
1.14622 -2.17614
1.17653 -2.3309
1.19921 -2.09878
1.17652 -2.03077
1.17364 -2.14201
1.14663 -2.16995
1.15089 -2.26733
1.16987 -2.32546
1.15649 -2.45862
1.1353 -2.45301
1.03439 -2.36487
1.10342 -2.41952
1.14615 -2.54398
1.06364 -2.54413
1.12615 -2.72185
1.12211 -2.61167
1.15678 -2.75587
1.15405 -2.64607
1.2093 -2.54404
1.09725 -2.46666
1.02942 -2.458
1.10244 -2.6056
1.13281 -2.53771
1.05335 -2.61169
1.01385 -2.67379
1.16285 -2.654
1.15195 -2.69895
1.17404 -2.75126
1.20249 -2.54519
1.1283 -2.70536
1.16776 -2.73414
1.07754 -2.71615
1.0288 -2.71087
1.08434 -2.71191
1.11918 -2.86788
1.15256 -2.8688
1.17187 -2.84563
1.1927 -2.93988
1.20562 -2.77226
1.20635 -2.89061
1.2056 -2.80027
1.1181 -2.90723
1.19337 -2.97299
1.13143 -2.84102
1.18721 -2.79305
1.19932 -2.86035
1.18135 -2.90848
1.19529 -2.91635
1.20303 -2.89832
1.04172 -2.97128
1.15972 -3.00833
1.18669 -2.87114
1.2266 -2.90469
1.27109 -2.89026
1.2734 -2.86957
1.26516 -2.86598
1.19036 -2.95205
1.20466 -2.84019
1.25249 -2.84635
1.11561 -3.03699
1.08562 -2.9466
1.05865 -2.86365
0.969431 -3.00768
0.999895 -2.8922
1.19197 -2.83641
1.15175 -2.86901
1.24255 -2.86083
1.25937 -2.91779
1.13494 -2.87792
1.10989 -2.75975
1.02593 -2.83588
0.960947 -2.71124
1.0594 -2.8854
1.09902 -2.78451
1.14507 -2.68062
1.11252 -2.80977
0.945188 -2.82077
0.819782 -2.81432
0.947089 -2.67981
1.01596 -2.53745
0.922652 -2.65541
1.06244 -2.63837
1.06714 -2.76529
1.11423 -2.72243
1.19109 -2.72779
1.2037 -2.961
1.22293 -2.92291
1.17337 -2.83943
1.21855 -2.72821
1.2056 -2.77977
1.20617 -2.79783
1.14799 -2.70826
1.14444 -2.95875
1.15179 -2.812
1.10503 -2.88283
1.19523 -2.82417
1.22046 -2.69204
1.14361 -2.81718
0.981715 -2.87141
1.05303 -2.60587
1.08806 -2.7751
1.17957 -2.76284
1.14736 -2.72602
1.13355 -2.77957
1.13085 -2.8
1.11618 -2.75673
1.24585 -2.79917
1.23957 -2.8161
1.15083 -2.93527
1.14924 -2.91408
1.25307 -2.87972
1.27864 -2.83956
1.21038 -2.83783
1.18143 -2.90744
1.15644 -2.85252
1.1402 -2.99177
1.1616 -2.89143
1.2652 -2.897
1.19272 -2.83697
1.20162 -2.78126
1.26299 -2.83983
1.10399 -2.77346
1.14626 -2.60362
1.15872 -2.61483
1.11497 -2.60111
1.11983 -2.61259
1.17398 -2.70168
1.22785 -2.81536
1.20477 -2.7431
1.24794 -2.7418
1.25232 -2.78199
1.13367 -2.83586
1.153 -2.87198
1.14519 -2.87991
1.10586 -2.87527
1.07731 -2.80054
1.08011 -2.60102
1.06491 -2.52696
1.11966 -2.74578
1.08789 -2.74388
1.11966 -2.67638
1.09177 -2.68273
1.16646 -2.4805
1.11636 -2.31964
1.12252 -2.32409
1.15258 -2.45889
1.15546 -2.51471
1.15404 -2.5536
1.17882 -2.56499
1.17936 -2.67815
1.19448 -2.64246
1.18314 -2.83488
1.14918 -2.78365
1.18105 -2.86938
1.16817 -3.01575
1.23105 -3.03062
1.25627 -2.81766
1.17224 -2.7981
1.10424 -2.91817
1.13559 -2.91792
1.19024 -2.84868
1.17016 -2.88648
1.22341 -2.90819
1.14252 -2.80277
1.19239 -2.82899
1.10025 -2.82037
1.16642 -2.83258
1.13738 -2.93134
1.17258 -2.80672
1.13956 -2.72312
1.23241 -2.80374
1.26998 -2.7571
1.26798 -2.7412
1.26962 -2.77794
1.18892 -2.771
1.15999 -2.83227
1.12972 -2.82219
1.14751 -2.74957
1.21408 -2.71942
1.16918 -2.69552
1.19508 -2.61493
1.12565 -2.75633
1.00277 -2.78935
0.966109 -2.80676
0.92242 -2.79585
0.967761 -2.78345
1.11979 -2.73568
1.10424 -2.83701
1.18798 -2.8062
1.24101 -2.91985
1.20631 -2.75654
1.17487 -2.80446
1.19091 -2.84373
1.19437 -2.97722
1.23529 -2.74927
1.25729 -2.81603
1.17606 -2.78081
1.14148 -2.76819
1.23835 -2.85559
1.18849 -2.85104
1.21003 -2.77954
1.14607 -2.82789
1.13459 -2.9847
1.13415 -3.18845
1.11655 -3.2638
1.13688 -3.09608
1.12284 -2.88732
1.19312 -2.99668
1.14104 -2.90207
1.08424 -2.89514
1.08313 -3.14716
1.12018 -3.15632
1.07044 -3.09408
1.17749 -3.01532
1.14542 -3.25549
1.22015 -3.25967
1.19329 -3.07046
1.24293 -3.11374
1.18097 -3.03182
1.20454 -3.14521
1.19926 -3.08249
1.20347 -3.21201
1.08764 -3.15429
1.07624 -3.12753
1.18189 -3.10388
1.16156 -3.00813
1.23055 -3.14599
1.17519 -3.05819
1.16448 -3.08957
1.08272 -3.00797
1.06796 -3.0332
1.0651 -3.15492
1.11079 -3.09798
1.11296 -3.13534
1.13718 -3.05448
1.12354 -3.00795
1.18293 -2.90754
1.17819 -2.89333
1.13423 -2.7829
1.04748 -3.01041
1.13018 -2.77622
1.19567 -2.8813
1.10215 -2.89782
1.15642 -2.80273
1.18917 -3.03663
1.19389 -2.92115
1.15974 -2.86416
1.24606 -2.75653
1.1512 -2.73142
1.04301 -3.0637
1.11317 -3.03316
1.13899 -3.06825
1.19765 -2.94313
1.22593 -3.14363
1.22904 -3.04258
1.15433 -2.96927
1.16177 -2.95816
1.18327 -2.84959
1.21892 -2.90961
1.21245 -2.98889
1.25203 -2.89622
1.20256 -2.9948
1.19074 -3.08506
1.12474 -2.93748
1.08514 -2.98816
1.18032 -3.16598
1.24128 -3.10411
1.20241 -3.13903
1.22585 -2.98676
1.18588 -3.08739
1.20903 -3.02498
1.26758 -3.11454
1.1759 -3.12426
1.18588 -3.0039
1.1974 -2.891
1.14636 -3.04954
1.19362 -3.01826
1.18634 -3.06779
1.16765 -2.86454
1.17849 -2.79309
1.20807 -2.79542
1.25412 -2.86865
1.2375 -2.94067
1.18874 -2.84739
1.20406 -2.99936
1.20759 -2.98345
1.23487 -2.98551
1.17435 -2.90798
1.21187 -2.94734
1.16784 -2.79142
1.2017 -2.87258
1.14632 -2.86272
1.18577 -2.96759
1.16538 -3.02706
1.18126 -2.96281
1.16621 -3.06128
1.10795 -3.04779
1.12849 -3.06015
1.16492 -2.9163
1.1534 -2.80765
1.1415 -2.91349
1.12332 -2.85394
1.20314 -2.85834
1.13862 -2.88202
1.09056 -2.82146
1.08459 -2.73195
1.11119 -2.79749
1.07102 -2.8684
0.997744 -2.86902
1.03781 -2.95707
1.0049 -2.9509
1.10674 -2.74493
1.18558 -2.7824
1.18682 -2.75457
1.26063 -2.68686
1.24409 -2.59939
1.26783 -2.46298
1.26695 -2.66354
1.1578 -2.83757
1.15435 -2.86924
1.19667 -2.72113
1.12782 -2.75933
1.11505 -2.63672
1.23869 -2.71155
1.22452 -2.75065
1.22635 -2.85156
1.27493 -2.9137
1.29668 -2.91764
1.30133 -2.77244
1.26597 -2.99661
1.23616 -2.84844
1.25731 -2.85241
1.12931 -2.92459
1.17099 -2.97043
1.07985 -2.77935
1.18558 -2.75893
1.08015 -2.80999
1.11998 -3.02179
1.10263 -2.98027
1.08549 -2.99467
1.05061 -3.03468
0.990737 -2.88658
1.09509 -3.08582
1.11515 -2.9859
1.0183 -2.90718
1.08562 -3.06072
1.06186 -2.95175
1.104 -3.05596
1.07179 -3.00916
1.19971 -2.93075
1.19266 -3.0297
1.13094 -3.09858
1.03243 -2.97436
1.15532 -2.90744
1.20951 -2.77336
1.21642 -2.6111
1.153 -2.74514
1.18604 -2.65104
1.20519 -2.57128
1.14252 -2.50696
1.16759 -2.75791
1.08791 -2.77801
1.069 -2.82597
1.06295 -2.91209
0.880246 -3.05101
1.0179 -2.88233
1.05003 -2.90755
1.06049 -3.01918
1.10925 -2.91045
1.10906 -3.02008
1.09645 -2.92391
1.16275 -3.05782
1.15185 -2.85298
1.15285 -2.89437
1.15202 -3.03765
0.985497 -3.11349
1.08334 -3.01976
1.24226 -3.11954
1.15703 -3.01857
1.1774 -3.14728
1.19373 -3.19684
1.21992 -3.12687
1.18874 -2.93873
1.18442 -2.99269
1.05483 -3.21665
1.13737 -3.02187
1.09363 -2.91687
1.09067 -3.08266
1.06835 -2.93718
1.15231 -2.88702
1.21278 -2.89554
1.207 -2.95705
1.20105 -2.97231
1.15546 -3.00548
1.13586 -2.868
1.12417 -2.92954
1.0221 -2.79288
0.992868 -2.85162
0.961234 -2.86398
1.01767 -3.108
1.01493 -2.84459
1.14102 -2.85759
1.11108 -3.023
1.06554 -3.02617
1.12576 -3.22462
1.155 -3.12038
1.1496 -3.04339
1.12488 -3.28808
1.04798 -3.23176
1.07491 -3.23161
1.13594 -3.08827
1.10234 -3.00711
1.18717 -3.04786
1.1812 -3.21944
1.1707 -3.23099
1.16759 -3.1373
1.20915 -3.17824
1.06466 -3.23082
1.02604 -3.1735
1.07996 -3.22426
1.08939 -3.17667
1.2624 -3.32596
1.22679 -3.22629
1.20949 -3.0694
1.18379 -2.89209
1.11735 -2.86782
1.05767 -2.80724
1.10653 -3.11035
1.00222 -3.10171
1.21297 -3.03521
1.21617 -3.16385
1.11338 -3.08493
1.16469 -3.09977
1.13394 -3.03796
1.21316 -3.22437
1.11739 -3.24186
1.10812 -3.11369
1.02627 -3.16995
1.0374 -3.09672
1.07608 -3.0221
1.02514 -3.07781
1.0414 -3.13171
1.049 -3.32275
1.13461 -3.34717
0.980487 -3.24167
0.969181 -3.1878
0.972119 -3.16655
0.946244 -3.15375
1.02688 -3.1884
1.07716 -3.23894
1.19109 -3.10562
1.14997 -3.23203
1.07729 -3.17306
1.05614 -3.37585
1.10008 -3.22387
1.05856 -3.16381
1.18026 -3.28831
1.17559 -3.27587
1.13494 -3.20164
1.04155 -3.3574
1.03278 -3.22919
1.08603 -3.09249
1.11803 -3.1286
1.12837 -3.19458
1.16703 -3.31146
1.14453 -3.19444
1.1534 -3.07201
1.0867 -3.09315
1.11148 -3.10286
1.10681 -3.21982
1.01807 -3.08011
1.04078 -3.26157
1.07556 -3.11196
1.17202 -3.15953
1.1655 -3.11223
1.15922 -3.22796
1.15404 -3.11977
1.14016 -3.22758
1.10866 -3.2614
1.12321 -3.26192
1.19719 -3.21756
1.05833 -3.32112
1.09706 -3.29298
1.15603 -3.26013
1.13647 -3.30839
1.13048 -3.10994
1.14668 -2.98991
1.20076 -3.21472
1.08269 -3.1879
1.20112 -3.29154
1.2261 -3.39666
1.21832 -3.29302
1.28042 -3.31313
1.22894 -3.39587
1.28799 -3.32644
1.2471 -3.38602
1.29215 -3.3845
1.21913 -3.40243
1.17268 -3.31565
1.1878 -3.15978
1.17686 -3.18513
1.174 -3.24261
1.24007 -3.22627
1.23297 -3.18333
1.19623 -3.20139
1.16759 -3.17191
1.18905 -3.35842
1.23904 -3.1639
1.28288 -3.31119
1.18538 -3.36231
1.23326 -3.25994
1.25583 -3.24908
1.19204 -3.27326
1.22284 -3.33999
1.28023 -3.34043
1.29789 -3.33947
1.22873 -3.34237
1.22209 -3.45102
1.27956 -3.51026
1.21606 -3.48087
1.1942 -3.4043
1.17425 -3.27776
1.23343 -3.44323
1.21452 -3.38825
1.24422 -3.3456
1.24174 -3.16953
1.22955 -3.37581
1.28969 -3.32124
1.25944 -3.36698
1.20658 -3.38568
1.23318 -3.50377
1.21617 -3.36088
1.2618 -3.45344
1.25923 -3.41863
1.22523 -3.41544
1.21022 -3.47297
1.18064 -3.49945
1.03063 -3.45383
1.09768 -3.43895
1.10799 -3.29434
1.02381 -3.33545
0.933629 -3.40028
0.898846 -3.41548
1.07729 -3.44207
1.05712 -3.47023
1.09921 -3.37521
1.13843 -3.32108
1.15958 -3.39404
1.2184 -3.47497
1.19978 -3.38763
1.09541 -3.35602
1.12615 -3.60464
1.10035 -3.41144
1.10987 -3.46526
1.12831 -3.54195
1.19427 -3.50615
1.22153 -3.55086
1.27614 -3.6066
1.2547 -3.59616
1.25217 -3.69085
1.20667 -3.68852
1.27182 -3.73714
1.21074 -3.74869
1.23165 -3.70285
1.25665 -3.58053
1.2323 -3.62912
1.1526 -3.62348
1.2198 -3.66673
1.27731 -3.69617
1.25794 -3.68738
1.17383 -3.76662
1.16498 -3.5331
1.13148 -3.53635
1.16701 -3.68176
1.11075 -3.74935
1.20671 -3.59941
1.14394 -3.57084
1.24531 -3.5228
1.15097 -3.6668
1.17865 -3.5199
1.16427 -3.56197
1.13438 -3.51848
1.15033 -3.62642
1.17569 -3.48556
1.1316 -3.49529
1.22149 -3.49573
1.24679 -3.59298
1.13628 -3.55357
1.06493 -3.49371
1.08318 -3.58154
1.11643 -3.55437
1.18982 -3.46734
1.22333 -3.37407
1.17415 -3.35153
1.20619 -3.36253
1.20754 -3.40628
1.16269 -3.32279
1.25159 -3.47934
1.22643 -3.62031
1.24435 -3.54554
1.29194 -3.44353
1.19752 -3.34633
1.19032 -3.44204
1.16444 -3.36189
1.10547 -3.43136
1.13609 -3.46912
1.0804 -3.5126
1.12545 -3.57911
1.09564 -3.73167
1.12499 -3.73414
1.21642 -3.7968
1.18846 -3.66133
1.16868 -3.55692
1.22927 -3.46989
1.26102 -3.44691
1.24627 -3.45605
1.14258 -3.57455
1.14333 -3.55643
1.13889 -3.62676
1.17974 -3.53013
1.19366 -3.48285
1.25645 -3.54333
1.11148 -3.5184
1.01535 -3.54314
1.04109 -3.50674
1.122 -3.502
1.0394 -3.51719
0.960541 -3.47918
1.08439 -3.70408
1.08992 -3.71848
1.19241 -3.60434
1.13526 -3.57017
1.18692 -3.62021
1.07815 -3.58002
1.00268 -3.56796
0.997473 -3.51026
1.02099 -3.57052
1.02158 -3.53988
1.09228 -3.70339
1.09871 -3.7553
1.17909 -3.63311
1.15653 -3.54339
1.22905 -3.60676
1.13459 -3.68154
1.16227 -3.7375
1.21228 -3.76048
1.2013 -3.76558
1.24526 -3.62499
1.21775 -3.6611
1.10257 -3.70984
1.08833 -3.60067
1.11206 -3.6096
1.21351 -3.66634
1.10814 -3.63561
1.14004 -3.50224
1.22798 -3.56808
1.22464 -3.48872
1.17285 -3.34007
1.14156 -3.5919
1.14981 -3.42962
1.14183 -3.49124
1.19341 -3.54282
1.1779 -3.35765
1.21506 -3.33233
1.24556 -3.30734
1.20001 -3.31613
1.17436 -3.42743
1.20928 -3.27002
1.21938 -3.34015
1.13822 -3.24513
1.20197 -3.27317
1.16377 -3.19658
1.16037 -2.96605
1.19105 -3.14841
1.18688 -3.27589
1.11914 -3.19331
1.11132 -3.14826
1.02203 -3.31306
0.96678 -3.38988
1.12899 -3.35949
1.17822 -3.44338
1.15185 -3.25153
1.17778 -3.42443
1.21585 -3.41025
1.26954 -3.3198
1.2823 -3.40117
1.27286 -3.50329
1.23883 -3.56122
1.11676 -3.65611
1.26608 -3.72554
1.23412 -3.64851
1.1683 -3.6935
1.18928 -3.56199
1.10294 -3.51444
1.05295 -3.48045
1.10866 -3.61384
1.09307 -3.60079
1.09136 -3.52093
1.10386 -3.30352
1.13536 -3.3402
1.03454 -3.51139
1.06982 -3.51089
1.18469 -3.37961
1.21775 -3.31042
1.24892 -3.57811
1.28242 -3.64699
1.24228 -3.53358
1.18671 -3.64812
1.16776 -3.61698
1.13317 -3.54789
1.15731 -3.49237
1.2278 -3.6005
1.24631 -3.72222
1.31231 -3.79012
1.2175 -3.60583
1.19464 -3.46164
1.18997 -3.3939
1.2709 -3.50039
1.21842 -3.65239
1.19402 -3.64729
1.17849 -3.71595
1.11526 -3.66477
0.964016 -3.76764
