8000 5
5.03186e-07 
6.04952e-06 
5.49538e-07 
0.000338346 
0.00117767 
0.000326495 
0.00019641 
0.000650935 
0.000364084 
6.62998e-05 
0.000186078 
0 
0 
2.91766e-09 
NAN 
2.56951e-05 
0.000350037 
4.10767e-06 
2.05873e-06 
4.07752e-06 
0.000183232 
2.91119e-05 
1.78143e-05 
0.00027458 
0.000622207 
2.16821e-05 
9.4033e-06 
9.70068e-06 
5.55607e-07 
4.50811e-05 
9.0054e-05 
0.000504544 
7.74926e-06 
2.35182e-07 
6.57502e-06 
0.000371882 
0.000380079 
0.000836701 
0.0040784 
0.00202155 
0.00205819 
0.000781735 
0.000557949 
5.69927e-05 
0 
NAN 
0 
0 
0.000176701 
0 
2.88158e-05 
0.000108935 
0.000168339 
0.000367832 
6.29627e-05 
0.000148453 
0.000117394 
0.000273575 
0.000306301 
0.000630192 
0.000418586 
0.000507315 
0.000285476 
0.000435611 
0.000681642 
0.000471251 
0.000650241 
0.000852333 
0.00108313 
0.0021759 
0.000579381 
0.000875576 
0.00158686 
0.0043971 
0.00346256 
0.00478962 
0.00546365 
0.0171837 
0.0188463 
0.0232731 
0.0267392 
0.0453358 
0.0783749 
0.142509 
0.171487 
0.155648 
0.182366 
0.150954 
0.109161 
0.10462 
0.113377 
0.147568 
0.119322 
0.119207 
0.138507 
0.130549 
0.158982 
0.131793 
0.0921345 
0.075655 
0.0636033 
0.0695834 
0.0708662 
0.0923755 
0.0954897 
0.0859039 
0.0687278 
0.0676175 
0.0766815 
0.0520589 
0.0577887 
0.0576014 
0.0717332 
0.0617781 
0.0735478 
0.0610035 
0.0701307 
0.0806651 
0.107443 
0.105837 
0.0944734 
0.0903086 
0.0737396 
0.0745264 
0.0709671 
0.0830404 
0.0629206 
0.0811707 
0.0659422 
0.057429 
0.0663873 
0.0605579 
0.0704328 
0.0556174 
0.0732796 
0.0924753 
0.0969648 
0.0852839 
0.0960812 
0.127708 
0.129749 
0.115998 
0.16291 
0.162413 
0.148687 
0.122899 
0.15009 
0.138699 
0.121758 
0.140617 
0.131446 
0.0962371 
0.0947214 
0.078039 
0.0897595 
0.105297 
0.109873 
0.0798127 
0.108741 
0.122971 
0.134816 
0.137802 
0.121437 
0.102398 
0.112689 
0.124548 
0.0992954 
0.135217 
0.101735 
0.117731 
0.135183 
0.120804 
0.11947 
0.133339 
0.119394 
0.166826 
0.144485 
0.126922 
0.173151 
0.121524 
0.146639 
0.0956001 
0.123216 
0.121012 
0.117586 
0.169573 
0.119523 
0.168202 
0.118907 
0.100532 
0.110932 
0.149004 
0.12192 
0.127046 
0.169186 
0.127577 
0.117162 
0.127948 
0.124493 
0.108208 
0.0816028 
0.0994242 
0.0892887 
0.115677 
0.0979738 
0.128673 
0.124455 
0.113852 
0.102128 
0.123251 
0.113626 
0.0918735 
0.112939 
0.105765 
0.100577 
0.0904894 
0.10728 
0.0877669 
0.105637 
0.0921387 
0.100413 
0.120101 
0.100751 
0.10212 
0.105581 
0.137838 
0.102215 
0.106476 
0.116909 
0.106014 
0.0828855 
0.0738669 
0.0797951 
0.102328 
0.10927 
0.098637 
0.0851875 
0.0824467 
0.0853633 
0.0888879 
0.0873098 
0.098833 
0.0984511 
0.0893409 
0.0873175 
0.0739829 
0.0868654 
0.100498 
0.0959486 
0.0976363 
0.0892512 
0.09035 
0.0772492 
0.0875617 
0.112203 
0.085311 
0.0849301 
0.0779817 
0.0842676 
0.0681301 
0.0756586 
0.0790922 
0.0819895 
0.0918049 
0.0790142 
0.075992 
0.0678421 
0.0726813 
0.0728184 
0.0747601 
0.0683913 
0.071733 
0.0636017 
0.0709491 
0.068172 
0.0738123 
0.086386 
0.0804869 
0.0685174 
0.0688037 
0.0776328 
0.0713634 
0.0692544 
0.0718497 
0.0762507 
0.0833428 
0.0630451 
0.0693086 
0.0752733 
0.0923498 
0.0884789 
0.0762919 
0.0758633 
0.065417 
0.0639077 
0.0573976 
0.0634744 
0.0689522 
0.0796471 
0.0827572 
0.0804034 
0.0679084 
0.0673478 
0.0721033 
0.0625488 
0.0640782 
0.0595796 
0.0578285 
0.0681804 
0.062406 
0.0636558 
0.0622114 
0.0622879 
0.0644874 
0.0724178 
0.0684347 
0.0772043 
0.0857168 
0.089818 
0.0766137 
0.0980765 
0.0828161 
0.0964377 
0.094427 
0.0798005 
0.0840322 
0.0734956 
0.0845004 
0.0845202 
0.0721633 
0.0789113 
0.0687252 
0.0636049 
0.0814753 
0.070375 
0.0711062 
0.0776112 
0.0692873 
0.0715599 
0.0697334 
0.0745996 
0.064039 
0.0805631 
0.0701658 
0.0772639 
0.0803897 
0.0708058 
0.0783184 
0.0797041 
0.0815273 
0.0838279 
0.0946527 
0.0855199 
0.0787144 
0.0821627 
0.0683592 
0.0721504 
0.076216 
0.0827501 
0.0843554 
0.0713425 
0.066807 
0.0690232 
0.0816178 
0.088235 
0.094628 
0.0844576 
0.0941269 
0.0954194 
0.103026 
0.0989811 
0.091546 
0.0854732 
0.0636786 
0.0724581 
0.0760368 
0.0808472 
0.0868839 
0.0744053 
0.0634372 
0.0597679 
0.0525778 
0.0613506 
0.0688402 
0.0714362 
0.056415 
0.0631753 
0.0597216 
0.056783 
0.0463481 
0.0541651 
0.0554091 
0.0568585 
0.0560628 
0.0698451 
0.0643147 
0.0682648 
0.0694081 
0.0580524 
0.0701863 
0.0763295 
0.0634215 
0.0552482 
0.059159 
0.060313 
0.0599978 
0.056444 
0.0676035 
0.0606087 
0.0486161 
0.0624907 
0.0717324 
0.0720172 
0.0781046 
0.078918 
0.0744877 
0.0743941 
0.0683969 
0.0705601 
0.0631573 
0.0681334 
0.0665369 
0.0678031 
0.0664491 
0.0571916 
0.052971 
0.059854 
0.0615459 
0.0611246 
0.0532935 
0.0612834 
0.0689146 
0.0595049 
0.0590696 
0.067203 
0.0658991 
0.056146 
0.0640897 
0.0562274 
0.0620949 
0.0652988 
0.0604624 
0.0578868 
0.0632975 
0.0623474 
0.0540323 
0.0493768 
0.0544382 
0.0539369 
0.0664553 
0.0657626 
0.0658592 
0.068274 
0.0686093 
0.0684993 
0.0614193 
0.0672909 
0.0783326 
0.0641544 
0.0624263 
0.0710988 
0.0779959 
0.081116 
0.0679929 
0.0720334 
0.0604026 
0.0692738 
0.066987 
0.0583598 
0.0586247 
0.0661007 
0.0713929 
0.0813402 
0.078727 
0.0801069 
0.0743768 
0.0722646 
0.0663295 
0.0653569 
0.0759956 
0.0777797 
0.0872922 
0.0910572 
0.0724694 
0.0715987 
0.0811207 
0.073067 
0.0782531 
0.0811903 
0.0781028 
0.0702177 
0.0546441 
0.0498607 
0.0613186 
0.0515766 
0.0514199 
0.0476981 
0.0455496 
0.0519477 
0.0484578 
0.0435805 
0.0484796 
0.0391369 
0.0426016 
0.043552 
0.0482445 
0.0537826 
0.0546614 
0.0508942 
0.0562906 
0.0558899 
0.0496948 
0.0545246 
0.0534202 
0.0514073 
0.0561418 
0.0546678 
0.0584927 
0.0637165 
0.0522446 
0.0566506 
0.0528598 
0.0622349 
0.0580394 
0.0586516 
0.0558561 
0.0592967 
0.0567652 
0.0639259 
0.0586308 
0.0623277 
0.0535181 
0.0539334 
0.0521364 
0.0501499 
0.046388 
0.052553 
0.0599796 
0.0534344 
0.0614019 
0.0616577 
0.0595105 
0.0645864 
0.0542509 
0.0565662 
0.0563397 
0.0592627 
0.0617116 
0.0584225 
0.0646371 
0.0703139 
0.0610344 
0.0582206 
0.0527766 
0.0603842 
0.0578095 
0.068921 
0.0689838 
0.0668702 
0.0510902 
0.0554397 
0.0621938 
0.0631005 
0.0622307 
0.064662 
0.0751776 
0.0658419 
0.0607881 
0.0675575 
0.0724812 
0.0628808 
0.0725276 
0.087231 
0.0731737 
0.0798503 
0.075587 
0.0635108 
0.0586315 
0.0722524 
0.0677551 
0.0720392 
0.0749104 
0.0704614 
0.0639915 
0.0573612 
0.0702947 
0.0583345 
0.0582465 
0.0571494 
0.0531538 
0.0576048 
0.0488891 
0.0589004 
0.0565682 
0.0536976 
0.0603668 
0.060662 
0.0658068 
0.0650481 
0.0616451 
0.0496666 
0.0457438 
0.0413547 
0.0514896 
0.0505896 
0.0451124 
0.0446587 
0.0508708 
0.0436564 
0.0466426 
0.0498292 
0.0448702 
0.0390949 
0.0456346 
0.0476132 
0.0506496 
0.0541123 
0.0493271 
0.0489998 
0.041304 
0.0510356 
0.0577431 
0.0457975 
0.0370326 
0.0398085 
0.0431105 
0.0460872 
0.0462668 
0.0443914 
0.0571235 
0.0549412 
0.0477018 
0.0440494 
0.0539777 
0.0483551 
0.0434686 
0.0464329 
0.0509147 
0.0483152 
0.0529581 
0.0498174 
0.0479359 
0.0420103 
0.0370497 
0.0414599 
0.0504054 
0.0514942 
0.0457487 
0.047191 
0.0473603 
0.0446838 
0.051111 
0.0475209 
0.0497614 
0.0551008 
0.0502588 
0.0495815 
0.0547871 
0.0560598 
0.0566155 
0.0517411 
0.0548754 
0.0424085 
0.0529425 
0.0506888 
0.0470058 
0.0517661 
0.05612 
0.0466538 
0.0535936 
0.0495686 
0.0480152 
0.0455431 
0.0517336 
0.0471741 
0.0463493 
0.0479032 
0.0472077 
0.0422848 
0.0453455 
0.0422672 
0.048151 
0.0434779 
0.0415207 
0.0419531 
0.0475506 
0.0464169 
0.0521152 
0.0480826 
0.0427467 
0.0513738 
0.0507434 
0.0511138 
0.0541376 
0.0519259 
0.0481446 
0.044908 
0.0510827 
0.0465531 
0.0435797 
0.0428139 
0.0426713 
0.0442623 
0.0440771 
0.0454563 
0.0464812 
0.0486352 
0.0439524 
0.0504448 
0.0521083 
0.0635148 
0.0566422 
0.0503393 
0.0600053 
0.0548822 
0.0554801 
0.0504835 
0.0532774 
0.0418949 
0.0393105 
0.0393428 
0.0369479 
0.0355013 
0.0341034 
0.0374903 
0.0448357 
0.0438973 
0.0390973 
0.0369874 
0.0418432 
0.041979 
0.0428457 
0.0381088 
0.0454824 
0.0514191 
0.0527646 
0.0508742 
0.0422912 
0.0429215 
0.0470707 
0.0388332 
0.0406595 
0.0404434 
0.0415457 
0.0495415 
0.054026 
0.0572262 
0.0573971 
0.0527001 
0.0649228 
0.0704228 
0.0727033 
0.065277 
0.0638819 
0.0544963 
0.05592 
0.0517757 
0.0488315 
0.051517 
0.0470164 
0.0471303 
0.0531342 
0.0562865 
0.0469305 
0.0487571 
0.047753 
0.0493793 
0.0436622 
0.0507624 
0.0428047 
0.0421517 
0.0412365 
0.0373608 
0.0362165 
0.0412995 
0.0407091 
0.0448111 
0.0419682 
0.0431262 
0.0454391 
0.048149 
0.0488195 
0.0462882 
0.0460631 
0.0491808 
0.0483208 
0.0556907 
0.0595673 
0.0579834 
0.0577181 
0.0558948 
0.0502273 
0.0502268 
0.054447 
0.062147 
0.0682827 
0.0725704 
0.075588 
0.0768951 
0.0705788 
0.0693227 
0.0766184 
0.0736533 
0.0670348 
0.0784956 
0.0691497 
0.0657266 
0.0714437 
0.0698325 
0.0724508 
0.0683869 
0.0695057 
0.0603313 
0.0708795 
0.0769802 
0.0722339 
0.0797407 
0.0837719 
0.0862473 
0.0834452 
0.0829127 
0.0924772 
0.0890919 
0.0798894 
0.0720028 
0.0835621 
0.0790304 
0.0774326 
0.0783497 
0.0774431 
0.0824532 
0.0888333 
0.0891341 
0.0859335 
0.088503 
0.0894909 
0.0910849 
0.0893876 
0.102315 
0.0984197 
0.0992647 
0.0819437 
0.0858732 
0.0799225 
0.0908056 
0.101747 
0.094246 
0.0944734 
0.105881 
0.0991206 
0.0985125 
0.115901 
0.10435 
0.10541 
0.119571 
0.0904868 
0.0869744 
0.0934441 
0.103378 
0.100177 
0.115105 
0.0956021 
0.0974529 
0.0996079 
0.116634 
0.0891912 
0.0988232 
0.0983899 
0.102861 
0.0882871 
0.0871605 
0.0781738 
0.0848604 
0.0937584 
0.0791618 
0.0757812 
0.0754035 
0.0780512 
0.0876876 
0.0961272 
0.0925972 
0.0994304 
0.094907 
0.112703 
0.111118 
0.0958689 
0.0959636 
0.08175 
0.0851234 
0.0878764 
0.0896919 
0.0928089 
0.110534 
0.106083 
0.107871 
0.100001 
0.0952786 
0.0840345 
0.105298 
0.101777 
0.0927695 
0.0949701 
0.0954278 
0.094009 
0.0866408 
0.102083 
0.0849199 
0.0830792 
0.0972987 
0.103603 
0.0996896 
0.101507 
0.104608 
0.0924446 
0.0820629 
0.0883034 
0.0755236 
0.0862679 
0.088333 
0.0911258 
0.0925472 
0.108911 
0.103671 
0.110775 
0.11217 
0.102258 
0.109068 
0.0941104 
0.0888761 
0.0990055 
0.0931895 
0.0882129 
0.0934904 
0.0753701 
0.0809046 
0.0925737 
0.0970455 
0.106588 
0.100917 
0.114383 
0.106802 
0.0949206 
0.0844564 
0.0784926 
0.071253 
0.0810786 
0.067281 
0.0765914 
0.0961881 
0.0765291 
0.0824517 
0.089366 
0.0909174 
0.0989089 
0.0809122 
0.0746449 
0.0806781 
0.0803544 
0.0854409 
0.084577 
0.0931196 
0.0743015 
0.0986893 
0.104148 
0.102933 
0.103096 
0.109724 
0.0998218 
0.087621 
0.0809806 
0.0997223 
0.113634 
0.0998007 
0.0878555 
0.103557 
0.0966491 
0.105686 
0.103853 
0.0993634 
0.0936738 
0.101834 
0.0858046 
0.10175 
0.102119 
0.118588 
0.0976169 
0.0961848 
0.0824548 
0.0934169 
0.0859603 
0.088134 
0.114002 
0.107845 
0.109836 
0.116908 
0.101366 
0.100608 
0.0900436 
0.101266 
0.0804597 
0.0789648 
0.086366 
0.0810823 
0.0863507 
0.0840878 
0.0885087 
0.0866271 
0.0833679 
0.0883017 
0.072431 
0.0980905 
0.0910904 
0.0786287 
0.0669369 
0.075079 
0.0716249 
0.0716813 
0.0756514 
0.0771318 
0.090131 
0.0700061 
0.0817373 
0.0835853 
0.0839555 
0.0803153 
0.0807449 
0.0771879 
0.0940413 
0.109663 
0.10627 
0.0970862 
0.0880337 
0.0902089 
0.093058 
0.101595 
0.100217 
0.101169 
0.109968 
0.102465 
0.0983585 
0.102494 
0.0982872 
0.0982413 
0.103083 
0.090541 
0.0881359 
0.0822406 
0.0870764 
0.0930568 
0.0931583 
0.0926873 
0.0846854 
0.0787138 
0.0831749 
0.0766488 
0.085043 
0.080315 
0.0763717 
0.0824373 
0.088057 
0.0834544 
0.0842604 
0.0815061 
0.0831767 
0.0858528 
0.0875025 
0.0985614 
0.0825952 
0.0911473 
0.0867303 
0.101796 
0.0848236 
0.0853031 
0.0801961 
0.0781719 
0.0886514 
0.0872568 
0.0793088 
0.074184 
0.0794166 
0.0718352 
0.0752619 
0.0849352 
0.0820064 
0.0914308 
0.092636 
0.0980128 
0.109799 
0.100554 
0.0915513 
0.0946538 
0.0988575 
0.0948395 
0.0769429 
0.0893009 
0.0799971 
0.0689079 
0.0877379 
0.0765846 
0.0772319 
0.0731911 
0.0818409 
0.0869735 
0.0785811 
0.0803793 
0.070155 
0.0738362 
0.0858757 
0.0791197 
0.0736196 
0.0731939 
0.0680192 
0.0672981 
0.0820127 
0.0908357 
0.0818562 
0.0877217 
0.0833553 
0.0966649 
0.0989798 
0.112027 
0.112682 
0.0908798 
0.107845 
0.108911 
0.0885079 
0.0919516 
0.0942603 
0.098538 
0.108279 
0.0911006 
0.110875 
0.115394 
0.108891 
0.0991227 
0.0973776 
0.0978536 
0.0918521 
0.0910711 
0.0859049 
0.0820355 
0.0751281 
0.0880998 
0.0792095 
0.0894512 
0.072508 
0.0740253 
0.0708408 
0.0765399 
0.0738675 
0.0702789 
0.0725405 
0.0766721 
0.0795286 
0.0791376 
0.0849673 
0.0829734 
0.0863271 
0.0858517 
0.0763003 
0.0816809 
0.0774058 
0.0724598 
0.0679384 
0.0704392 
0.0707959 
0.0714595 
0.0781778 
0.0971754 
0.0846421 
0.0898715 
0.0863235 
0.0935821 
0.0782123 
0.079572 
0.0773694 
0.0722863 
0.0717029 
0.0719015 
0.0686331 
0.0720814 
0.0803416 
0.0686777 
0.0697915 
0.0720855 
0.0696719 
0.0768093 
0.0803169 
0.0708681 
0.060629 
0.0594397 
0.0622076 
0.0552071 
0.0634061 
0.0722774 
0.0661115 
0.0663108 
0.0670624 
0.0747137 
0.0786695 
0.0708721 
0.0854196 
0.0886299 
0.0944075 
0.0897631 
0.0807034 
0.0989387 
0.091555 
0.0821498 
0.083322 
0.0828156 
0.0855813 
0.0721454 
0.0801886 
0.0825166 
0.0727095 
0.0749606 
0.0883373 
0.0807774 
0.0898358 
0.0940326 
0.0842209 
0.0807943 
0.0735206 
0.0699547 
0.0795653 
0.0785336 
0.0812009 
0.0863346 
0.0918496 
0.095534 
0.0875806 
0.0892515 
0.0886744 
0.0853734 
0.0909833 
0.0931252 
0.094881 
0.104139 
0.0861427 
0.0833953 
0.0886873 
0.0932933 
0.0815001 
0.083369 
0.0957701 
0.0962296 
0.0940887 
0.0817383 
0.0850404 
0.0889988 
0.0970603 
0.0867067 
0.0972586 
0.0843888 
0.0826838 
0.0823161 
0.100022 
0.0849363 
0.085313 
0.0887343 
0.100389 
0.0987415 
0.0943511 
0.102399 
0.0880344 
0.0856709 
0.0996547 
0.0971952 
0.0990766 
0.0866045 
0.102505 
0.0904396 
0.0805994 
0.0812014 
0.0782114 
0.0780074 
0.0791356 
0.0888197 
0.0907776 
0.0919021 
0.085549 
0.0813272 
0.0869141 
0.0858105 
0.0891082 
0.0900268 
0.0874996 
0.0858528 
0.092592 
0.0832234 
0.0752891 
0.0716467 
0.0766744 
0.0858535 
0.0820179 
0.0800459 
0.0780331 
0.075049 
0.0737832 
0.0707125 
0.0770465 
0.0810579 
0.0726327 
0.076599 
0.0790577 
0.0787536 
0.0713885 
0.07101 
0.075191 
0.0711248 
0.0723664 
0.0522726 
0.0613663 
0.0631368 
0.0735116 
0.0776713 
0.0752989 
0.0819974 
0.0636457 
0.071712 
0.0721755 
0.0748572 
0.0723767 
0.0861438 
0.0776572 
0.0775877 
0.0636249 
0.0782023 
0.0747395 
0.0772456 
0.0791845 
0.0745367 
0.0656858 
0.0750717 
0.0757112 
0.0787372 
0.0622425 
0.0615496 
0.0637599 
0.0656601 
0.0634001 
0.0683186 
0.0673661 
0.0704893 
0.0612612 
0.0606163 
0.0669615 
0.0630484 
0.062364 
0.0583692 
0.0704851 
0.0651927 
0.0732919 
0.0692137 
0.0728308 
0.0778048 
0.0853407 
0.077895 
0.0832403 
0.0737236 
0.0646427 
0.0880941 
0.095431 
0.104256 
0.0880093 
0.0920222 
0.0940359 
0.0825081 
0.0792808 
0.0781527 
0.0867876 
0.0894624 
0.095895 
0.0857397 
0.0858202 
0.0841398 
0.0886189 
0.0940215 
0.0708656 
0.0680298 
0.0683961 
0.0632325 
0.065424 
0.0581726 
0.0696184 
0.0672581 
0.0781888 
0.0796696 
0.0831356 
0.0947902 
0.079291 
0.0720925 
0.0661658 
0.0739651 
0.0771601 
0.0704872 
0.0771093 
0.0705072 
0.0788318 
0.0792648 
0.0805571 
0.0830378 
0.0833062 
0.0797438 
0.0748192 
0.081587 
0.0856465 
0.0770581 
0.0746114 
0.0799278 
0.0834222 
0.088676 
0.0842572 
0.084521 
0.0828109 
0.077795 
0.0813977 
0.0710987 
0.0662396 
0.0858658 
0.0798592 
0.0751611 
0.0655077 
0.0675162 
0.0655303 
0.0697506 
0.0758597 
0.0807143 
0.0727817 
0.0775179 
0.0806575 
0.075339 
0.078956 
0.0760695 
0.0711775 
0.076626 
0.0810975 
0.0701314 
0.0656352 
0.0843392 
0.0886854 
0.088751 
0.0810745 
0.0825692 
0.0826598 
0.0816704 
0.0734271 
0.0720532 
0.0646207 
0.0690795 
0.070942 
0.0770323 
0.0748541 
0.0816617 
0.0813835 
0.0839942 
0.071413 
0.0806066 
0.0730655 
0.0726233 
0.0621699 
0.0782296 
0.0802474 
0.0779368 
0.074779 
0.0761002 
0.0702494 
0.0739955 
0.0784679 
0.0763455 
0.0678874 
0.0643824 
0.0591585 
0.0597618 
0.0633821 
0.0606439 
0.0623264 
0.0647256 
0.0611404 
0.0629991 
0.068335 
0.073302 
0.069035 
0.0698004 
0.0692112 
0.0753745 
0.0706678 
0.0689698 
0.0668717 
0.0678568 
0.0746129 
0.0707227 
0.0662541 
0.0662422 
0.0673974 
0.064101 
0.0692637 
0.0616456 
0.0602805 
0.0698625 
0.0696731 
0.0651311 
0.0710703 
0.0762763 
0.0728901 
0.0767951 
0.0681218 
0.0667659 
0.0819579 
0.073671 
0.0709218 
0.0634018 
0.0693091 
0.0652365 
0.0665103 
0.062565 
0.065935 
0.0684047 
0.0671434 
0.0769595 
0.0709555 
0.0763827 
0.0758998 
0.0760544 
0.0812312 
0.0772146 
0.0920199 
0.092837 
0.081291 
0.09398 
0.0828103 
0.0813669 
0.0693649 
0.0657618 
0.064611 
0.065582 
0.0677894 
0.0660182 
0.0647922 
0.06823 
0.0736848 
0.063844 
0.058374 
0.0517869 
0.0539767 
0.0640252 
0.0606237 
0.0572616 
0.0535481 
0.0593799 
0.0533144 
0.053488 
0.0587304 
0.0563813 
0.0504615 
0.056598 
0.0564467 
0.0575094 
0.0565641 
0.0594654 
0.0644339 
0.070438 
0.0662494 
0.0729778 
0.0642836 
0.0778762 
0.0758499 
0.0673817 
0.081775 
0.0714665 
0.0626221 
0.0652146 
0.0784888 
0.0727689 
0.0684189 
0.069975 
0.0811474 
0.0671161 
0.0692247 
0.0632324 
0.0594565 
0.0634158 
0.0629418 
0.0592719 
0.0576637 
0.0653917 
0.0697385 
0.0709803 
0.0733661 
0.0720083 
0.072317 
0.0766457 
0.0740035 
0.0743212 
0.068773 
0.0738894 
0.0742144 
0.0686425 
0.0725135 
0.0687552 
0.0579569 
0.0627575 
0.0721126 
0.0785778 
0.0774963 
0.0742649 
0.0787567 
0.0745591 
0.0689592 
0.0710044 
0.0793711 
0.0759352 
0.0795975 
0.0677674 
0.0612587 
0.0607029 
0.0679174 
0.062654 
0.0667659 
0.0625835 
0.0630458 
0.0631304 
0.0596895 
0.0588158 
0.0625094 
0.0623246 
0.0548481 
0.0564943 
0.0647473 
0.070449 
0.0598119 
0.0713044 
0.0709583 
0.0747949 
0.0588273 
0.0641582 
0.0569796 
0.0613979 
0.0595873 
0.0727723 
0.0600473 
0.0570879 
0.0569613 
0.056923 
0.0644863 
0.0665775 
0.0624069 
0.061991 
0.0619554 
0.0588061 
0.0607126 
0.0568847 
0.0595652 
0.0600588 
0.0563477 
0.0642543 
0.0435376 
0.04735 
0.0461376 
0.05502 
0.0592653 
0.0656755 
0.0699904 
0.058531 
0.0583496 
0.0709013 
0.0683066 
0.0653836 
0.0655215 
0.0554706 
0.0520674 
0.0574997 
0.0606922 
0.0582919 
0.0600338 
0.0666834 
0.077958 
0.0768856 
0.0696729 
0.0724922 
0.072988 
0.0700528 
0.0655123 
0.0660247 
0.0699542 
0.0661208 
0.0632598 
0.0593855 
0.0580595 
0.0698872 
0.0644804 
0.0541331 
0.0625289 
0.0652572 
0.0651753 
0.0666723 
0.0667051 
0.0653871 
0.0658897 
0.0664668 
0.0608409 
0.0538769 
0.0614675 
0.0527933 
0.0582398 
0.0577028 
0.0559794 
0.0582136 
0.0654059 
0.0710046 
0.0657018 
0.0683493 
0.0698156 
0.0663199 
0.0604785 
0.0683141 
0.0628853 
0.0691901 
0.0759912 
0.0705843 
0.0678761 
0.0714381 
0.0710973 
0.0718892 
0.0751978 
0.0599484 
0.0608497 
0.0616989 
0.0675207 
0.0650144 
0.0683501 
0.0724692 
0.0687207 
0.0659189 
0.066982 
0.0685422 
0.0620388 
0.0614083 
0.0689788 
0.0657746 
0.0723084 
0.0726464 
0.0696781 
0.0701923 
0.0689644 
0.0586488 
0.0559479 
0.0560913 
0.0608873 
0.0583322 
0.0620919 
0.0590603 
0.0606734 
0.063612 
0.0670597 
0.0718969 
0.0627713 
0.064157 
0.0701038 
0.0630888 
0.0551383 
0.05297 
0.0590772 
0.0790314 
0.0780175 
0.0812422 
0.077181 
0.0754261 
0.0791965 
0.0630758 
0.0678403 
0.0660433 
0.0658205 
0.0682441 
0.0731523 
0.0639706 
0.0675619 
0.0669755 
0.0746001 
0.0625287 
0.0614956 
0.059606 
0.0587737 
0.0606034 
0.0705321 
0.06117 
0.0562961 
0.0492829 
0.0562518 
0.0671544 
0.0618805 
0.047168 
0.0577591 
0.0610182 
0.0657922 
0.0659518 
0.0602709 
0.070779 
0.0618066 
0.0660977 
0.0678161 
0.0747579 
0.0778014 
0.0744223 
0.0780384 
0.0705198 
0.0728061 
0.0657511 
0.0558841 
0.0696306 
0.0620885 
0.0651731 
0.0635582 
0.078371 
0.0804436 
0.0684376 
0.0608743 
0.0619855 
0.0659301 
0.0747263 
0.0718233 
0.0719371 
0.0815126 
0.0796613 
0.0623936 
0.0710052 
0.0872683 
0.0863515 
0.0803524 
0.0761415 
0.0725649 
0.0688787 
0.0737571 
0.0760096 
0.081608 
0.0851488 
0.0791068 
0.0770793 
0.0917298 
0.0850456 
0.0940625 
0.0853581 
0.083025 
0.0941818 
0.0752226 
0.0872406 
0.0864564 
0.0851873 
0.0660982 
0.064515 
0.0601691 
0.0671683 
0.0723513 
0.0714382 
0.0665534 
0.0609147 
0.0608823 
0.0593208 
0.0602162 
0.0637777 
0.0550125 
0.0565653 
0.0584579 
0.0657902 
0.0698823 
0.0777357 
0.0799436 
0.0787204 
0.0849032 
0.0761785 
0.0792074 
0.0730721 
0.0709164 
0.0820359 
0.0839195 
0.0778287 
0.0788635 
0.0836878 
0.0942664 
0.0958672 
0.0908332 
0.0819585 
0.0814107 
0.0790822 
0.0825809 
0.0783003 
0.0787538 
0.0853265 
0.0793431 
0.0818533 
0.0824833 
0.0746932 
0.0824307 
0.0795363 
0.0765029 
0.0744873 
0.0756512 
0.0744919 
0.0734025 
0.0776691 
0.0681029 
0.0638771 
0.0695679 
0.0736923 
0.0670533 
0.0686148 
0.0603835 
0.0637278 
0.0666144 
0.0623426 
0.0628868 
0.0644951 
0.0615912 
0.0687232 
0.0689211 
0.0593052 
0.0605981 
0.0591194 
0.0597368 
0.0579649 
0.0698301 
0.0652874 
0.0662 
0.068522 
0.0623239 
0.0594092 
0.0610635 
0.0671032 
0.0735557 
0.0679757 
0.0660542 
0.056703 
0.0631252 
0.0610116 
0.0615476 
0.0587266 
0.0679052 
0.0684415 
0.0649134 
0.0612957 
0.0703625 
0.0690856 
0.068227 
0.0742609 
0.0743574 
0.0686057 
0.07404 
0.0768428 
0.0760179 
0.0804002 
0.0779961 
0.0720229 
0.06951 
0.0617906 
0.0704592 
0.0725622 
0.0766154 
0.0747173 
0.0732423 
0.069806 
0.0763918 
0.0681839 
0.0763173 
0.0715672 
0.0699548 
0.0734752 
0.0667231 
0.0663097 
0.0765097 
0.0862649 
0.0747284 
0.072259 
0.0709059 
0.0718391 
0.0732263 
0.0850492 
0.0790292 
0.0790681 
0.082795 
0.0813885 
0.0855197 
0.0858787 
0.0903675 
0.0873656 
0.0785499 
0.0870386 
0.0780766 
0.0808724 
0.0797782 
0.0803876 
0.0768583 
0.0771851 
0.0738281 
0.0728127 
0.0669077 
0.0616771 
0.0613583 
0.0666526 
0.0661091 
0.0608982 
0.0663158 
0.0782999 
0.073958 
0.0753917 
0.0643076 
0.0606876 
0.0700469 
0.0669565 
0.0667635 
0.0674274 
0.0614712 
0.0585298 
0.0567807 
0.0584589 
0.0641985 
0.0633991 
0.0607741 
0.0589561 
0.0583305 
0.0526666 
0.0493978 
0.0462965 
0.0527882 
0.0476839 
0.0441238 
0.049463 
0.0468917 
0.0464792 
0.0502873 
0.0549937 
0.0556745 
0.0596903 
0.062714 
0.0553172 
0.0500729 
0.0562453 
0.0607302 
0.0500942 
0.0547249 
0.059067 
0.0539831 
0.0543437 
0.0520864 
0.0508711 
0.0613275 
0.0691214 
0.0575463 
0.0663857 
0.0623452 
0.06072 
0.0624748 
0.0669725 
0.0613265 
0.0642194 
0.0611844 
0.0579822 
0.0664901 
0.0722136 
0.0676029 
0.0584701 
0.0555069 
0.0592106 
0.0560773 
0.0626633 
0.0693309 
0.0713396 
0.068892 
0.0648442 
0.0665865 
0.0673821 
0.0732509 
0.0708111 
0.0692566 
0.0626851 
0.0626998 
0.0629192 
0.0686789 
0.0611524 
0.0659583 
0.0679355 
0.0663153 
0.0651653 
0.0698077 
0.0708213 
0.0673282 
0.0634015 
0.0666551 
0.070546 
0.0688256 
0.0717766 
0.075762 
0.0769658 
0.0782815 
0.0716981 
0.0682832 
0.0674374 
0.0715699 
0.0656855 
0.0670003 
0.0591839 
0.0600471 
0.0605278 
0.0595202 
0.0485467 
0.049196 
0.06032 
0.0515308 
0.0616834 
0.0618379 
0.0552596 
0.0578707 
0.0579828 
0.0647053 
0.0632341 
0.0566286 
0.0649494 
0.0723025 
0.0657144 
0.0667216 
0.0619198 
0.0669978 
0.0608863 
0.0637772 
0.0591264 
0.0594237 
0.0633813 
0.0618342 
0.0625853 
0.0625666 
0.0657219 
0.0657078 
0.0633595 
0.063637 
0.0611302 
0.0624776 
0.0616477 
0.0570464 
0.051627 
0.0509941 
0.0544036 
0.0589952 
0.0553028 
0.0532072 
0.0571974 
0.065798 
0.0634494 
0.0576346 
0.0534094 
0.0657785 
0.0605547 
0.067251 
0.070813 
0.0608922 
0.0562644 
0.0564542 
0.0583749 
0.0585579 
0.0535914 
0.0636408 
0.0569685 
0.0628887 
0.0557403 
0.0511355 
0.0558865 
0.0620269 
0.0638779 
0.0594463 
0.0649408 
0.0648989 
0.0651471 
0.0664042 
0.0631527 
0.0674869 
0.0725284 
0.0720028 
0.0682787 
0.0669406 
0.0671014 
0.0754143 
0.0772427 
0.0726131 
0.0768822 
0.0777805 
0.0688666 
0.0674853 
0.0671022 
0.0628775 
0.0644556 
0.0577302 
0.0574257 
0.0576183 
0.0580553 
0.0571036 
0.0689407 
0.0698638 
0.0793983 
0.0702883 
0.0608414 
0.0622711 
0.058143 
0.0611451 
0.0626976 
0.0628697 
0.0619288 
0.0547459 
0.0544091 
0.0542086 
0.0499922 
0.06151 
0.0512059 
0.0468453 
0.0454079 
0.0488088 
0.046481 
0.0523906 
0.0479891 
0.0502615 
0.0465071 
0.0477237 
0.0509142 
0.0550632 
0.0577487 
0.0531592 
0.0583015 
0.0545528 
0.0504107 
0.0537642 
0.0573571 
0.0581135 
0.0595362 
0.0570477 
0.0588447 
0.0571006 
0.045374 
0.0512353 
0.0511813 
0.0456818 
0.0484772 
0.0533367 
0.0544213 
0.0545044 
0.0548676 
0.053233 
0.0563419 
0.0552857 
0.0512588 
0.0537514 
0.0546033 
0.0548002 
0.0610737 
0.07447 
0.0637061 
0.06586 
0.0637491 
0.0655305 
0.0771306 
0.0711077 
0.0620262 
0.0632739 
0.050831 
0.0565444 
0.0636326 
0.0587377 
0.0562117 
0.058508 
0.0534136 
0.0642706 
0.0647417 
0.0656798 
0.0636161 
0.0574786 
0.0566367 
0.0510227 
0.0483918 
0.0571395 
0.0615338 
0.0612822 
0.0604906 
0.0661907 
0.0613736 
0.0707721 
0.0646033 
0.0650537 
0.0658759 
0.0616588 
0.0681617 
0.0744518 
0.0745694 
0.0676776 
0.0697165 
0.0713463 
0.0721423 
0.0765767 
0.0753652 
0.0700787 
0.0636686 
0.0758483 
0.0648825 
0.066854 
0.0675541 
0.068137 
0.0711626 
0.0634101 
0.0607304 
0.0658403 
0.0686545 
0.0589629 
0.0587045 
0.0607318 
0.0644092 
0.0647283 
0.0702454 
0.0689182 
0.0624672 
0.05961 
0.0624421 
0.0582322 
0.0686658 
0.0678231 
0.0591706 
0.0669041 
0.075384 
0.0775135 
0.0699652 
0.0682139 
0.0590235 
0.0655864 
0.0579799 
0.0626931 
0.0664678 
0.0658753 
0.0688941 
0.0743389 
0.068789 
0.062003 
0.0708249 
0.0833849 
0.0842001 
0.076602 
0.0663685 
0.069329 
0.0694888 
0.0569575 
0.0659285 
0.0715526 
0.0654943 
0.0674856 
0.0699325 
0.0600907 
0.0569599 
0.0575546 
0.0546272 
0.0588076 
0.0696576 
0.0727965 
0.0729906 
0.069083 
0.0709812 
0.0693845 
0.0565582 
0.0651234 
0.0607201 
0.0765082 
0.0661982 
0.0654699 
0.0644351 
0.0606056 
0.0686223 
0.066547 
0.0715862 
0.0656205 
0.0615514 
0.055425 
0.0594032 
0.0622609 
0.0700544 
0.0691737 
0.0735438 
0.0699805 
0.0684964 
0.059866 
0.0676062 
0.0704463 
0.0641185 
0.0707457 
0.0652448 
0.064708 
0.0649086 
0.0612752 
0.0544633 
0.0513291 
0.0637685 
0.0662881 
0.0609832 
0.0600626 
0.0583156 
0.061073 
0.0565572 
0.0652965 
0.0700993 
0.0665254 
0.0645606 
0.0759863 
0.065307 
0.0586263 
0.065541 
0.062399 
0.0649234 
0.0653418 
0.0719139 
0.0807392 
0.0858514 
0.0729058 
0.0670739 
0.0771389 
0.0738431 
0.0641847 
0.0638183 
0.0679603 
0.0714937 
0.0746937 
0.0757688 
0.0778825 
0.0735078 
0.0674229 
0.0645802 
0.0697447 
0.0718371 
0.0681057 
0.068716 
0.0744381 
0.074357 
0.0740424 
0.0750531 
0.0746358 
0.0816584 
0.0859006 
0.0802866 
0.0746081 
0.0725697 
0.0717008 
0.0670827 
0.0707442 
0.0651691 
0.0685569 
0.0656777 
0.0636255 
0.0682423 
0.0655092 
0.0620868 
0.0525756 
0.0589568 
0.0594428 
0.0584666 
0.0675391 
0.0752838 
0.0753184 
0.0713699 
0.0737679 
0.0797963 
0.0802743 
0.074611 
0.0696822 
0.0732682 
0.0726389 
0.073007 
0.069168 
0.067182 
0.0670146 
0.0674758 
0.0655668 
0.0712418 
0.078884 
0.0782212 
0.0651422 
0.0675321 
0.0661853 
0.0627865 
0.0685513 
0.0654306 
0.0625619 
0.0577724 
0.0652401 
0.0673605 
0.0680507 
0.0666572 
0.0693153 
0.0742806 
0.0713489 
0.0616691 
0.058086 
0.0684464 
0.0782751 
0.0790732 
0.0801169 
0.0816681 
0.0786286 
0.0783456 
0.0644366 
0.0570101 
0.0569222 
0.0511711 
0.0610535 
0.0642266 
0.0556209 
0.0552996 
0.0633662 
0.0589801 
0.0612248 
0.0650968 
0.067604 
0.0660641 
0.0719847 
0.0672824 
0.0677002 
0.0617306 
0.0688078 
0.0640756 
0.0589875 
0.0585747 
0.0598361 
0.0663127 
0.0731308 
0.0632997 
0.0629487 
0.0602048 
0.0660158 
0.0654522 
0.0528839 
0.054274 
0.063979 
0.0622976 
0.0674479 
0.0738056 
0.0606761 
0.0585184 
0.0591101 
0.0550297 
0.051588 
0.0470145 
0.0466479 
0.0524741 
0.0566734 
0.0520562 
0.0558581 
0.0596467 
0.0554264 
0.0530301 
0.0531106 
0.051876 
0.0566598 
0.0547447 
0.0506041 
0.0553959 
0.0504087 
0.0574136 
0.0616278 
0.0572831 
0.0629488 
0.0623302 
0.0593814 
0.0579054 
0.0583083 
0.0610098 
0.0549098 
0.0552123 
0.0505948 
0.0530521 
0.05797 
0.0543363 
0.054077 
0.0585339 
0.0654414 
0.0686962 
0.0651927 
0.063823 
0.0677847 
0.0724648 
0.068792 
0.071023 
0.0729054 
0.0689135 
0.0679503 
0.0644153 
0.0680956 
0.0663157 
0.0683886 
0.0709301 
0.0644997 
0.0612773 
0.0540398 
0.0615131 
0.0524586 
0.0536173 
0.0557183 
0.0572843 
0.0531196 
0.0503305 
0.0535454 
0.0556781 
0.0471704 
0.0531171 
0.0631712 
0.0596262 
0.056993 
0.0535646 
0.0581084 
0.0536866 
0.0546063 
0.0541367 
0.055493 
0.0521462 
0.0560052 
0.0511035 
0.0491271 
0.052081 
0.0516071 
0.0573036 
0.0591856 
0.0611562 
0.0572416 
0.0599419 
0.0535898 
0.0552933 
0.0507584 
0.0608292 
0.0625314 
0.056439 
0.059237 
0.051926 
0.0525892 
0.0540642 
0.0542497 
0.0578543 
0.0551152 
0.0595674 
0.06177 
0.0606032 
0.0559087 
0.0595053 
0.0570702 
0.054576 
0.0623824 
0.0602578 
0.0541548 
0.0587532 
0.0610927 
0.0645764 
0.0656297 
0.0701957 
0.0649096 
0.0673266 
0.06477 
0.0594793 
0.0616865 
0.0617297 
0.0626537 
0.0673901 
0.0634795 
0.0581937 
0.0645782 
0.062774 
0.0610578 
0.0603383 
0.0584452 
0.0583727 
0.0561572 
0.0642478 
0.0644653 
0.0642379 
0.0633291 
0.064062 
0.0550611 
0.0605729 
0.0582879 
0.051314 
0.0553902 
0.0571736 
0.0550694 
0.0521747 
0.0590204 
0.0604651 
0.0549766 
0.0572795 
0.0476939 
0.0531984 
0.0587664 
0.0652889 
0.0638542 
0.0725574 
0.0731443 
0.0746722 
0.0789964 
0.0784045 
0.0735291 
0.0692688 
0.0647681 
0.0599014 
0.0589418 
0.058821 
0.0546802 
0.0636997 
0.0668944 
0.0689345 
0.0654783 
0.0651264 
0.0760151 
0.0628918 
0.0704986 
0.0661161 
0.0721661 
0.0708391 
0.0720101 
0.0681454 
0.0685704 
0.0642133 
0.061946 
0.0610593 
0.0567677 
0.0593247 
0.0541685 
0.0601795 
0.0591608 
0.0586355 
0.0632528 
0.0608883 
0.0632508 
0.0693638 
0.0683464 
0.0685412 
0.061232 
0.0674791 
0.0676243 
0.0667841 
0.0633834 
0.0684559 
0.0611829 
0.063353 
0.0629839 
0.068948 
0.0659627 
0.0624202 
0.0620115 
0.0582125 
0.0533667 
0.0593026 
0.059146 
0.0642416 
0.06092 
0.0624857 
0.0662044 
0.064353 
0.0639624 
0.0664019 
0.0665389 
0.061431 
0.0633099 
0.0808753 
0.0772564 
0.0780726 
0.0790993 
0.0759651 
0.0648264 
0.0598019 
0.065716 
0.0702234 
0.0603321 
0.0561071 
0.0645706 
0.0710514 
0.0730714 
0.0717024 
0.0773683 
0.0796625 
0.071347 
0.0595981 
0.0585201 
0.0623916 
0.0541196 
0.0650311 
0.0607981 
0.0679527 
0.0642057 
0.05596 
0.0696155 
0.0632296 
0.0668357 
0.0679608 
0.0648458 
0.0688438 
0.0649362 
0.0670737 
0.0618487 
0.0611152 
0.0614847 
0.0577603 
0.068495 
0.0684829 
0.0657475 
0.0647064 
0.0623441 
0.0627921 
0.0767815 
0.0779986 
0.0748099 
0.0700317 
0.0765187 
0.0827199 
0.0720123 
0.0823454 
0.0746814 
0.0723115 
0.0644574 
0.059646 
0.063146 
0.0635073 
0.0659074 
0.066031 
0.0711941 
0.0715913 
0.0770458 
0.0974805 
0.0810998 
0.0842726 
0.0919182 
0.0824057 
0.0854925 
0.0867579 
0.0898072 
0.0852581 
0.0853813 
0.0662967 
0.0750711 
0.0717785 
0.0745077 
0.0624511 
0.0568535 
0.0593819 
0.0692148 
0.0756447 
0.0795152 
0.0772897 
0.0733341 
0.0641424 
0.0715749 
0.0650167 
0.0601538 
0.0596045 
0.0548433 
0.0468042 
0.0435364 
0.0519266 
0.0488109 
0.0521685 
0.0526795 
0.0495589 
0.0575151 
0.0465871 
0.0505862 
0.0536711 
0.0477672 
0.0469263 
0.0551729 
0.0538388 
0.0521095 
0.0493479 
0.0480441 
0.0497244 
0.0557398 
0.0566751 
0.0544627 
0.0612551 
0.0634542 
0.0639245 
0.0619465 
0.0531384 
0.0562957 
0.0591888 
0.0608102 
0.0641425 
0.0712421 
0.070957 
0.0603884 
0.0590306 
0.0587113 
0.0579128 
0.0562967 
0.0594803 
0.0589763 
0.0653751 
0.0618196 
0.0664507 
0.0637488 
0.056058 
0.0591209 
0.0650826 
0.0587133 
0.0606545 
0.0667193 
0.0531865 
0.0561348 
0.0516889 
0.0532946 
0.0515 
0.0566495 
0.0654991 
0.0576218 
0.0625125 
0.0614687 
0.0619956 
0.0583343 
0.0542091 
0.0586586 
0.052076 
0.0553161 
0.0540593 
0.0545297 
0.0546319 
0.0576762 
0.058509 
0.0604271 
0.072905 
0.0690219 
0.0543072 
0.0545971 
0.0581996 
0.0650973 
0.0544319 
0.0551013 
0.0629401 
0.0595704 
0.0603951 
0.058461 
0.0537509 
0.0534233 
0.0476952 
0.043442 
0.0498969 
0.0564017 
0.0630242 
0.057984 
0.0555674 
0.0501982 
0.0516748 
0.0492438 
0.0544968 
0.055667 
0.0651382 
0.0624415 
0.0613266 
0.0612242 
0.0674378 
0.0705508 
0.071472 
0.0769753 
0.0706578 
0.0696446 
0.0708781 
0.0626869 
0.0572567 
0.0565105 
0.0640331 
0.0606719 
0.0615413 
0.062972 
0.0637655 
0.0687118 
0.068992 
0.0720872 
0.0706179 
0.0627969 
0.0572233 
0.055579 
0.0574812 
0.064739 
0.0619798 
0.0597729 
0.0552734 
0.0569848 
0.0613963 
0.0617304 
0.063831 
0.0717282 
0.075906 
0.0863482 
0.0794865 
0.0839858 
0.0702971 
0.070877 
0.0722648 
0.0779537 
0.0773544 
0.0669405 
0.0698098 
0.077329 
0.0822847 
0.0755306 
0.0571238 
0.0617557 
0.0643708 
0.0638714 
0.0611517 
0.0587699 
0.061587 
0.0646547 
0.0758463 
0.0764082 
0.0773169 
0.0784333 
0.0688916 
0.0699138 
0.0641704 
0.0720022 
0.0691172 
0.0691639 
0.0678418 
0.0659758 
0.06234 
0.056423 
0.0641248 
0.0659829 
0.073951 
0.0615073 
0.0695303 
0.0697844 
0.067463 
0.0646271 
0.0647184 
0.0605726 
0.0523361 
0.057981 
0.0556506 
0.0619046 
0.0607016 
0.0720613 
0.0715021 
0.0630273 
0.069805 
0.0743394 
0.0624432 
0.0566432 
0.0682412 
0.0758801 
0.0684845 
0.0771655 
0.0804866 
0.0720901 
0.0684753 
0.0685113 
0.0647479 
0.06147 
0.0591973 
0.0584741 
0.0609265 
0.0596545 
0.0563111 
0.0600378 
0.0605334 
0.0662986 
0.0665362 
0.0576109 
0.0588322 
0.0620199 
0.0621789 
0.055721 
0.0547736 
0.0500911 
0.055477 
0.0597611 
0.0518203 
0.0552313 
0.0584068 
0.0572205 
0.0600489 
0.0548339 
0.0559905 
0.0539293 
0.0549207 
0.0478756 
0.0585509 
0.0628191 
0.0532313 
0.0563427 
0.0546854 
0.057136 
0.0592788 
0.0631312 
0.0623075 
0.0668995 
0.0674144 
0.0637115 
0.0567798 
0.060691 
0.0583449 
0.0561675 
0.0587801 
0.0554279 
0.0561613 
0.0677945 
0.0744393 
0.0740046 
0.0672769 
0.0689179 
0.0770373 
0.0751168 
0.0752589 
0.0758963 
0.0724192 
0.0770594 
0.0728256 
0.0741617 
0.0727809 
0.0733468 
0.0694889 
0.0728364 
0.0681373 
0.0659992 
0.0756934 
0.0734404 
0.0737138 
0.0747208 
0.0780333 
0.0760145 
0.0681908 
0.0755338 
0.0713404 
0.0689988 
0.0651829 
0.0773802 
0.0750702 
0.0696073 
0.0773602 
0.0775415 
0.0658996 
0.0646381 
0.0701519 
0.0752296 
0.0683703 
0.0696167 
0.0644526 
0.0557698 
0.0605453 
0.0632045 
0.0506647 
0.0512883 
0.054077 
0.0494208 
0.0595352 
0.0544628 
0.0588709 
0.0565798 
0.0474972 
0.0540444 
0.0510817 
0.0527499 
0.0584721 
0.0605854 
0.0721387 
0.0703531 
0.0550902 
0.0556516 
0.060334 
0.061852 
0.0678789 
0.0690633 
0.0658043 
0.0794646 
0.0895949 
0.0900159 
0.0895651 
0.0942986 
0.0858425 
0.0761522 
0.0787008 
0.0781512 
0.0707268 
0.062232 
0.0613284 
0.0694758 
0.0730203 
0.0783573 
0.0734356 
0.0831439 
0.0844817 
0.0845953 
0.0683606 
0.0763237 
0.0811167 
0.0812356 
0.0737243 
0.0751227 
0.0610815 
0.0653383 
0.0604847 
0.0616166 
0.0672814 
0.0706081 
0.071141 
0.071905 
0.0817963 
0.0806898 
0.0775254 
0.0689608 
0.0758783 
0.072292 
0.0728705 
0.0767796 
0.0658883 
0.0688946 
0.0678721 
0.066765 
0.0617712 
0.0690106 
0.065766 
0.0716968 
0.0756247 
0.0656808 
0.063988 
0.0633176 
0.0740995 
0.0800729 
0.0819175 
0.0808958 
0.0765638 
0.0678718 
0.0639755 
0.056537 
0.0587679 
0.0650676 
0.0664708 
0.0666208 
0.0715405 
0.0751411 
0.0650455 
0.0702008 
0.0631897 
0.0647935 
0.0679846 
0.0744247 
0.0689211 
0.063429 
0.068269 
0.065628 
0.0604206 
0.0745577 
0.0796484 
0.0812291 
0.0810758 
0.0824431 
0.0756269 
0.07382 
0.0724177 
0.0668626 
0.0673057 
0.0688408 
0.0604258 
0.0690286 
0.0736544 
0.0744329 
0.0726721 
0.0753547 
0.073393 
0.0686755 
0.0667391 
0.067662 
0.0640894 
0.0601434 
0.0721549 
0.0658879 
0.0574816 
0.0608769 
0.0568769 
0.0576083 
0.0594798 
0.0591181 
0.0587872 
0.0605787 
0.0596263 
0.05367 
0.0561897 
0.0573393 
0.0586723 
0.0580612 
0.0572804 
0.0686463 
0.0662562 
0.0600374 
0.0598102 
0.0568433 
0.0665532 
0.0669964 
0.0630301 
0.0599502 
0.0671132 
0.0745599 
0.0679349 
0.0638962 
0.0663634 
0.0586665 
0.0531221 
0.0573482 
0.0616367 
0.0514674 
0.0560429 
0.0535019 
0.0529579 
0.0476174 
0.0486319 
0.0501767 
0.0605861 
0.0577481 
0.0583548 
0.0559381 
0.0627068 
0.0608194 
0.0614213 
0.0642715 
0.0660511 
0.0711638 
0.0636957 
0.0639137 
0.0640703 
0.062533 
0.0653215 
0.0678732 
0.06328 
0.0657792 
0.0699659 
0.0669302 
0.0785424 
0.0739032 
0.0755916 
0.0741755 
0.0701049 
0.0665635 
0.0699027 
0.0635202 
0.0521096 
0.0615999 
0.0613285 
0.0544051 
0.0576455 
0.0567939 
0.054336 
0.0534835 
0.0520671 
0.0582074 
0.0632907 
0.0591102 
0.0575945 
0.0578585 
0.0618494 
0.0598722 
0.0598053 
0.0594239 
0.0698431 
0.0634001 
0.0628834 
0.0652845 
0.0650894 
0.0657686 
0.0580825 
0.0654027 
0.0664498 
0.0706763 
0.0673917 
0.0666827 
0.0702383 
0.0662431 
0.0601848 
0.0687979 
0.0676528 
0.0708573 
0.0672223 
0.0702732 
0.0681138 
0.0720263 
0.0711145 
0.0606018 
0.0602239 
0.0620721 
0.0608632 
0.0659137 
0.0717301 
0.068389 
0.0670529 
0.0733651 
0.0661053 
0.0702903 
0.0667814 
0.0652718 
0.0631671 
0.0661172 
0.0634103 
0.064613 
0.065842 
0.0724545 
0.0620205 
0.059028 
0.0603767 
0.054075 
0.0552591 
0.054285 
0.0555078 
0.0582007 
0.0550235 
0.0556454 
0.0663049 
0.0589093 
0.0621689 
0.0634586 
0.0648107 
0.066018 
0.0589603 
0.0586572 
0.0577802 
0.056865 
0.0556631 
0.0538746 
0.0574269 
0.0729086 
0.0671686 
0.0634875 
0.0633443 
0.0704795 
0.066346 
0.0630742 
0.0602821 
0.0685435 
0.066302 
0.0728039 
0.0659907 
0.0715255 
0.0686971 
0.0675903 
0.0692744 
0.0729568 
0.0694111 
0.0747759 
0.056945 
0.0628291 
0.066563 
0.0634054 
0.0606198 
0.0609344 
0.0616499 
0.0561807 
0.0522152 
0.0557093 
0.0583261 
0.057957 
0.0646125 
0.0681453 
0.0692408 
0.0676955 
0.0617365 
0.0554118 
0.0521774 
0.0671183 
0.0606219 
0.0604768 
0.0583244 
0.0581381 
0.0571842 
0.0662949 
0.0638056 
0.0546994 
0.056906 
0.0620019 
0.0678193 
0.0571421 
0.059196 
0.0688989 
0.0612056 
0.0579281 
0.0638293 
0.0640643 
0.0558912 
0.0550368 
0.0553529 
0.0522706 
0.0597813 
0.0670433 
0.0614477 
0.0555102 
0.0592412 
0.0591758 
0.0659678 
0.0695353 
0.0674706 
0.0652082 
0.0689182 
0.0611179 
0.0614127 
0.0643543 
0.0599857 
0.0508571 
0.0503572 
0.0574806 
0.0536302 
0.055421 
0.0578556 
0.0583141 
0.0587098 
0.0584207 
0.0595568 
0.055181 
0.0512499 
0.0545393 
0.059464 
0.0555355 
0.051762 
0.0576014 
0.0630854 
0.0643866 
0.061281 
0.0596057 
0.0498778 
0.0636912 
0.0580063 
0.0498886 
0.053295 
0.0576124 
0.0579719 
0.0603624 
0.0607346 
0.0560483 
0.0690795 
0.067266 
0.0688352 
0.0613997 
0.0584777 
0.0504396 
0.0610651 
0.0535168 
0.0523293 
0.0541899 
0.054161 
0.0552055 
0.0465557 
0.0450904 
0.0453916 
0.0519393 
0.0500579 
0.051422 
0.0573643 
0.0585255 
0.0614402 
0.0638052 
0.0673454 
0.0694006 
0.0642313 
0.0635471 
0.0611869 
0.0672155 
0.06985 
0.0624694 
0.062498 
0.0583699 
0.0585231 
0.0671813 
0.064212 
0.0637543 
0.060244 
0.0702955 
0.0675728 
0.0693234 
0.0736842 
0.0726435 
0.0696399 
0.0640486 
0.0735778 
0.0663705 
0.0623281 
0.0656956 
0.0620796 
0.0583033 
0.0632 
0.0645141 
0.0646502 
0.0622729 
0.0649581 
0.066749 
0.0695763 
0.0673956 
0.0610757 
0.0660849 
0.0688424 
0.0624481 
0.0655012 
0.0754272 
0.0707358 
0.0682394 
0.0686392 
0.0676589 
0.0673745 
0.0633532 
0.0713658 
0.0787867 
0.0768676 
0.0765281 
0.0694824 
0.0611582 
0.0643457 
0.069094 
0.0666859 
0.0657268 
0.0611419 
0.0625503 
0.0557837 
0.0599518 
0.0650951 
0.0557342 
0.0592315 
0.0641074 
0.0621454 
0.0637641 
0.0592891 
0.0580871 
0.0561861 
0.0614711 
0.0621217 
0.0607733 
0.056945 
0.0608221 
0.0623465 
0.0590432 
0.0646104 
0.0584706 
0.0727606 
0.0675795 
0.0745505 
0.0674043 
0.0626258 
0.0677339 
0.0721912 
0.0680422 
0.0744463 
0.0642243 
0.0679287 
0.0660499 
0.0679443 
0.0715991 
0.0689226 
0.0685587 
0.0655608 
0.0657725 
0.0659825 
0.0707502 
0.0709019 
0.0680624 
0.073813 
0.0714738 
0.0777791 
0.0700492 
0.0708713 
0.0789819 
0.0711931 
0.0750446 
0.0697976 
0.0635721 
0.0762054 
0.076497 
0.0798142 
0.0778548 
0.0716707 
0.066286 
0.0769864 
0.0759739 
0.0842239 
0.0794016 
0.0781583 
0.0739137 
0.0764878 
0.0781624 
0.0683172 
0.072622 
0.0759178 
0.0710894 
0.0659615 
0.0781863 
0.072253 
0.0661973 
0.0683685 
0.0742328 
0.0655608 
0.0713976 
0.0711533 
0.062207 
0.0718892 
0.0687613 
0.0625963 
0.0588053 
0.0580943 
0.0633177 
0.058495 
0.0639632 
0.0669569 
0.0676183 
0.0599838 
0.0696103 
0.0714217 
0.0752436 
0.0825492 
0.0735731 
0.0681693 
0.0601805 
0.0633639 
0.0649674 
0.0634571 
0.0565609 
0.0639409 
0.0589925 
0.0580107 
0.057162 
0.0541422 
0.0501543 
0.0498641 
0.0554267 
0.0525183 
0.0571198 
0.0620537 
0.0689517 
0.0633375 
0.0785736 
0.0721634 
0.0770152 
0.0662954 
0.0568202 
0.0526554 
0.050666 
0.0538572 
0.0567667 
0.0613199 
0.0693072 
0.0685406 
0.059274 
0.0659726 
0.069418 
0.0665097 
0.0689534 
0.0643342 
0.0633282 
0.0507249 
0.0569173 
0.0534432 
0.0595103 
0.0592943 
0.0548862 
0.0584296 
0.0663143 
0.0673544 
0.0664855 
0.0615761 
0.0542046 
0.0638549 
0.0676552 
0.070251 
0.0713436 
0.0710151 
0.0783179 
0.0825379 
0.0740852 
0.0732486 
0.0639846 
0.0694372 
0.0710014 
0.0789321 
0.0734505 
0.0758138 
0.0647233 
0.0620063 
0.067388 
0.067071 
0.0739856 
0.0756383 
0.0822628 
0.0845663 
0.079868 
0.0777809 
0.0680987 
0.0779852 
0.0675192 
0.0723362 
0.0774033 
0.0628979 
0.0720206 
0.0711971 
0.0651386 
0.0646684 
0.0677067 
0.0700765 
0.0711156 
0.0675751 
0.0648092 
0.0717088 
0.0598542 
0.0541492 
0.0574333 
0.0663371 
0.0717617 
0.061837 
0.063584 
0.0717908 
0.0718957 
0.0773753 
0.0822504 
0.0772461 
0.0806708 
0.0721314 
0.0653232 
0.063092 
0.067728 
0.0668674 
0.0588859 
0.0597501 
0.0623378 
0.0692843 
0.0644003 
0.0663911 
0.0647651 
0.0648953 
0.0754612 
0.0696373 
0.0728066 
0.0779112 
0.0780706 
0.0817027 
0.0743626 
0.0691788 
0.0761798 
0.0701136 
0.0727622 
0.0707217 
0.0652498 
0.0685354 
0.0635653 
0.058001 
0.0591633 
0.059975 
0.0579851 
0.0701089 
0.0648051 
0.0612659 
0.0604468 
0.0554261 
0.0626007 
0.0615358 
0.0662373 
0.0629386 
0.0611427 
0.0480735 
0.0500265 
0.0488958 
0.0490949 
0.0472687 
0.0504583 
0.0497359 
0.0548479 
0.0517794 
0.0633474 
0.06155 
0.0565786 
0.0568251 
0.0571381 
0.0485489 
0.0511358 
0.0502638 
0.0542532 
0.0527547 
0.0538403 
0.0535907 
0.060454 
0.0625896 
0.0625498 
0.0674833 
0.0653027 
0.0620149 
0.0594984 
0.0549618 
0.0621023 
0.0625495 
0.05434 
0.0628754 
0.0625179 
0.073635 
0.078436 
0.0721012 
0.0773334 
0.080844 
0.0758421 
0.0746977 
0.0706402 
0.0659632 
0.0788391 
0.0665539 
0.0817382 
0.0901106 
0.0762648 
0.0743149 
0.075422 
0.0734811 
0.0685662 
0.0740766 
0.0732384 
0.0697462 
0.0775837 
0.07976 
0.0776161 
0.0768631 
0.0721014 
0.0666363 
0.0706455 
0.0632523 
0.0775337 
0.0682229 
0.0693666 
0.0698211 
0.0705512 
0.0616549 
0.0589879 
0.0577034 
0.0537553 
0.0620055 
0.0610059 
0.0615254 
0.0584051 
0.0580898 
0.0630614 
0.0652053 
0.0598125 
0.0633699 
0.0650812 
0.0650669 
0.057793 
0.0494686 
0.0461208 
0.0564956 
0.060425 
0.0633905 
0.0623622 
0.0630173 
0.0634153 
0.0594492 
0.0640733 
0.0705724 
0.0695497 
0.0750106 
0.0722336 
0.0822856 
0.0909264 
0.0779008 
0.0864351 
0.0842531 
0.0860584 
0.0796974 
0.0873765 
0.0891788 
0.0863772 
0.0824192 
0.0709783 
0.062328 
0.0621265 
0.0653531 
0.070108 
0.0599511 
0.0594456 
0.060262 
0.0596819 
0.0614854 
0.0716296 
0.0689699 
0.0691907 
0.0623881 
0.0663065 
0.0624922 
0.0734531 
0.0800987 
0.0725747 
0.0779573 
0.0792821 
0.0784238 
0.0654072 
0.0705326 
0.0722976 
0.0601405 
0.056689 
0.0694541 
0.0717576 
0.0785117 
0.0779068 
0.0715118 
0.0704192 
0.0661363 
0.0602136 
0.0664953 
0.0746282 
0.0763362 
0.0685309 
0.0712779 
0.060316 
0.0581781 
0.0580986 
0.0509702 
0.054162 
0.0438843 
0.0396429 
0.0433042 
0.0372853 
0.0368347 
0.0344687 
0.0308514 
0.0346924 
0.0333379 
0.0326591 
0.0332761 
0.0258773 
0.0247331 
0.0250373 
0.0202561 
0.0192526 
0.0231087 
0.0223092 
0.0248333 
0.0296321 
0.0299181 
0.0294864 
0.030163 
0.0293296 
0.0307649 
0.0312201 
0.0274087 
0.0281438 
0.0285457 
0.0288512 
0.0306585 
0.0290242 
0.0310709 
0.0278527 
0.027965 
0.0264212 
0.0270541 
0.0225226 
0.0276062 
0.0238234 
0.0257399 
0.0232959 
0.0265193 
0.0235224 
0.0242392 
0.0223474 
0.02193 
0.023724 
0.0222108 
0.0238877 
0.0257907 
0.0272656 
0.0263849 
0.0266531 
0.0219599 
0.023409 
0.0208506 
0.0170403 
0.0168647 
0.015728 
0.0142607 
0.0147726 
0.0163136 
0.0171953 
0.0163424 
0.0141095 
0.0144029 
0.0116344 
0.012193 
0.0113036 
0.0101447 
0.0110376 
0.0134258 
0.0146573 
0.0174881 
0.0190609 
0.0175956 
0.0151821 
0.0153324 
0.0118847 
0.0123628 
0.0116948 
0.0126575 
0.0142499 
0.0116449 
0.0139091 
0.0122837 
0.0106813 
0.011914 
0.0143979 
0.0116486 
0.0103467 
0.0101102 
0.00959935 
0.00868797 
0.00870097 
0.00997267 
0.00830784 
0.00941517 
0.00880845 
0.00846162 
0.0083595 
0.009036 
0.00922634 
0.00925274 
0.00906163 
0.00905379 
0.00774436 
0.00837904 
0.00871459 
0.00946823 
0.00819857 
0.00740298 
0.00818076 
0.00884163 
0.0108017 
0.0108345 
0.0102329 
0.0115149 
0.0121686 
0.0134584 
0.0133792 
0.0142299 
0.0146398 
0.0155977 
0.0132725 
0.0156494 
0.0139042 
0.0163743 
0.0147005 
0.0147916 
0.0151798 
0.0155628 
0.0135634 
0.0150143 
0.0158178 
0.016124 
0.0149798 
0.016752 
0.0174979 
0.0187867 
0.016267 
0.0169283 
0.0153325 
0.0130023 
0.0141568 
0.0157505 
0.0154793 
0.013036 
0.0115906 
0.0112946 
0.0105699 
0.0123254 
0.0121736 
0.0117934 
0.0131145 
0.012981 
0.0129586 
0.0118116 
0.0116544 
0.012178 
0.0134636 
0.0125828 
0.0121922 
0.0115789 
0.0106705 
0.0122177 
0.0103287 
0.0125923 
0.0122385 
0.0117407 
0.0117744 
0.0122432 
0.0112973 
0.011086 
0.0122558 
0.0124421 
0.0128624 
0.0127925 
0.0117285 
0.0125275 
0.0130139 
0.0142349 
0.0141285 
0.013436 
0.0122936 
0.0107462 
0.0103393 
0.00891744 
0.00972865 
0.00967131 
0.0101346 
0.00790133 
0.00768798 
0.00834623 
0.00878005 
0.00897888 
0.00792325 
0.00775467 
0.00881343 
0.00709692 
0.00679872 
0.00659544 
0.00671928 
0.00682725 
0.00690249 
0.00688352 
0.00715162 
0.00766105 
0.0081346 
0.00674283 
0.00602888 
0.00636736 
0.00585978 
0.00526776 
0.00469394 
0.00439023 
0.00426414 
0.00420238 
0.00373925 
0.00429067 
0.00473929 
0.00445631 
0.00485511 
0.00439431 
0.00467663 
0.00518999 
0.00586324 
0.00546703 
0.00388986 
0.00381133 
0.00290472 
0.00207024 
0.00156577 
0.00152727 
0.00148293 
0.00148067 
0.00141802 
0.00114201 
0.00122136 
0.00137765 
0.00114732 
0.00103207 
0.00136179 
0.00144065 
0.00108123 
0.00108195 
0.00104082 
0.00165373 
0.00141088 
0.00145847 
0.00152654 
0.00159224 
0.00195399 
0.00165756 
0.0011352 
0.00102877 
0.0013518 
0.00137682 
0.0011827 
0.00116342 
0.00134373 
0.00096704 
0.000862918 
0.00096768 
0.000737254 
0.000654472 
0.000544395 
0.000244068 
0.000360824 
0.000393925 
0.000294243 
0.000183673 
0.000121318 
0.000170665 
0.000196016 
0.00016988 
0.000158182 
0.000262644 
0.000271305 
0.000286957 
0.000337903 
0.000447214 
0.000389699 
0.000328103 
0.000335983 
0.000411254 
0.000415221 
0.000483209 
0.0006184 
0.000624942 
0.00057917 
0.000469829 
0.000466913 
0.000462969 
0.000415688 
0.000271405 
0.000288342 
0.00041913 
0.000433131 
0.000479608 
0.000537755 
0.000438751 
0.000405616 
0.000368255 
0.00031398 
0.000337576 
0.000453542 
0.000463902 
0.000428802 
0.00031692 
0.000397146 
0.000432255 
0.000519493 
0.000455496 
0.000469789 
0.000757931 
0.000770644 
0.000784235 
0.000665527 
0.000697102 
0.000778186 
0.000620985 
0.000520426 
0.000600497 
0.000541872 
0.000521974 
0.000446264 
0.000543313 
0.000539107 
0.000463922 
0.000572542 
0.000378063 
0.000492977 
0.000457024 
0.00053277 
0.000446254 
0.000472837 
0.000506724 
0.000563384 
0.000708213 
0.000764218 
0.000926409 
0.000842559 
0.000966763 
0.000791631 
0.000993016 
0.0013627 
0.00143751 
0.001498 
0.00142628 
0.00163273 
0.00155312 
0.00112234 
0.00100627 
0.0007929 
0.000621879 
0.000663427 
0.000477699 
0.000541281 
0.000616755 
0.000591463 
0.000488234 
0.000358387 
0.000307516 
0.000142789 
0.000152482 
0.000382532 
0.000218757 
0.000496182 
0.000543988 
0.000686335 
0.000838834 
0.000841555 
0.000670054 
0.000607194 
0.000483462 
0.000548393 
0.000597777 
0.00064409 
0.000673004 
0.00082086 
0.000772831 
0.000941515 
0.000746686 
0.000576929 
0.000654974 
0.000685872 
0.000915071 
0.000644713 
0.000556506 
0.000702003 
0.000644447 
0.000696167 
0.000580182 
0.000623667 
0.00058274 
0.000548215 
0.00065504 
0.000879142 
0.000850291 
0.000971749 
0.00113068 
0.00117048 
0.000801244 
0.000845007 
0.000810235 
0.000856708 
0.00110617 
0.00114092 
0.000907335 
0.000968531 
0.000938248 
0.00104795 
0.00110284 
0.0010736 
0.00148875 
0.00116049 
0.00123486 
0.00137252 
0.00142653 
0.00127906 
0.00131592 
0.00103159 
0.00108641 
0.0010581 
0.00120905 
0.00128667 
0.00157358 
0.00151049 
0.00150431 
0.0017958 
0.00176738 
0.00167727 
0.0015024 
0.00171366 
0.00189768 
0.00176109 
0.00160223 
0.0016383 
0.00161958 
0.00162166 
0.00155468 
0.00148078 
0.00131518 
0.00147514 
0.00136257 
0.00179453 
0.0017595 
0.00172763 
0.00200354 
0.00176655 
0.00179643 
0.00148139 
0.00158745 
0.00160343 
0.00169749 
0.00173421 
0.00150021 
0.00170845 
0.00171068 
0.00169962 
0.00203861 
0.00164236 
0.00188851 
0.00164163 
0.00151685 
0.00143722 
0.00134991 
0.00149853 
0.00156642 
0.00123921 
0.00153861 
0.00164407 
0.0014371 
0.0014401 
0.00178963 
0.00157056 
0.0017532 
0.00180327 
0.00175743 
0.00160037 
0.00187232 
0.00181272 
0.002004 
0.00185008 
0.00190122 
0.00190444 
0.00174108 
0.00182306 
0.00185896 
0.00170371 
0.00164778 
0.00156995 
0.0013873 
0.00127424 
0.00141803 
0.00171294 
0.00144442 
0.00122683 
0.00125365 
0.00112729 
0.000951687 
0.000813331 
0.000876595 
0.000948089 
0.000988944 
0.000961231 
0.00104149 
0.00109078 
0.0010375 
0.000962877 
0.000911098 
0.000970291 
0.000887654 
0.00141019 
0.0014382 
0.001838 
0.00172857 
0.00148659 
0.00227086 
0.00288413 
0.00269195 
0.00175782 
0.00257339 
0.00179034 
0.00155253 
0.00124209 
0.0015323 
0.00113115 
0.00100436 
0.00109137 
0.00124824 
0.00127006 
0.00119529 
0.00135598 
0.00123833 
0.00151646 
0.00167806 
0.00164077 
0.00174826 
0.00172922 
0.00159685 
0.0018009 
0.00165085 
0.00161095 
0.00182573 
0.00209934 
0.00222962 
0.00214735 
0.00168772 
0.00136467 
0.00161428 
0.00172952 
0.00131464 
0.00154712 
0.00142197 
0.00113042 
0.00116957 
0.00126022 
0.00115022 
0.00105709 
0.000966108 
0.00103066 
0.00106361 
0.00122939 
0.00124584 
0.00107945 
0.00121896 
0.00114502 
0.00139719 
0.00143926 
0.00152003 
0.00150364 
0.00139768 
0.00135348 
0.00126438 
0.00111627 
0.000974014 
0.000964169 
0.00101724 
0.000825526 
0.00100415 
0.000977006 
0.000825931 
0.000720531 
0.000756729 
0.00114259 
0.00144389 
0.00118116 
0.00132499 
0.00111304 
0.000992708 
0.00100466 
0.000888245 
0.000873254 
0.000908817 
0.000822149 
0.00103699 
0.000970943 
0.00114543 
0.000994791 
0.00126257 
0.00116141 
0.00114807 
0.00117271 
0.00121055 
0.00144384 
0.00128655 
0.00125964 
0.00131941 
0.00137834 
0.00128792 
0.00126928 
0.000844887 
0.000825093 
0.000840408 
0.000831281 
0.000795403 
0.000847636 
0.00102186 
0.00090992 
0.0010161 
0.000869629 
0.000872122 
0.000889773 
0.000980475 
0.00110825 
0.00114494 
0.00138364 
0.00117565 
0.00115469 
0.00105631 
0.000858167 
0.000658625 
0.000693424 
0.0007052 
0.000714696 
0.000851328 
0.000800145 
0.000633538 
0.000804139 
0.000931808 
0.00111527 
0.000837224 
0.000632916 
0.000466977 
0.000504686 
0.000427811 
0.000289388 
0.000370783 
0.000367752 
0.000609327 
0.000499476 
0.000505691 
0.000735824 
0.000897051 
0.000844644 
0.000760241 
0.000749384 
0.00108324 
0.000973824 
0.000832894 
0.000704859 
0.000640293 
0.000712934 
0.000704968 
0.000868807 
0.000802892 
0.00079819 
0.000925521 
0.00100652 
0.00106086 
0.00112102 
0.00111106 
0.00123903 
0.00109212 
0.00107058 
0.00109546 
0.00139131 
0.00116163 
0.0012942 
0.00129028 
0.00125972 
0.00127907 
0.00119057 
0.00143244 
0.00124972 
0.00115478 
0.00119719 
0.00151844 
0.0014308 
0.00158007 
0.00150675 
0.00153509 
0.00158541 
0.00155824 
0.00180112 
0.00197663 
0.00215459 
0.00206637 
0.00198731 
0.00237783 
0.00225928 
0.00206627 
0.00204137 
0.00210442 
0.00217819 
0.00213571 
0.00219851 
0.00220487 
0.0025132 
0.00231157 
0.00234626 
0.00260757 
0.00261465 
0.0025956 
0.00239695 
0.00240336 
0.00239458 
0.00241396 
0.00233959 
0.00233689 
0.00231626 
0.00229715 
0.00234276 
0.00249136 
0.0025665 
0.00194364 
0.00180206 
0.00199987 
0.00242974 
0.00249881 
0.0021217 
0.00210731 
0.00219222 
0.00238311 
0.00215621 
0.00209965 
0.00238851 
0.00224363 
0.0020273 
0.00206324 
0.0021862 
0.00210656 
0.00224927 
0.00209299 
0.00202793 
0.00202739 
0.00195548 
0.00206886 
0.00239067 
0.00238939 
0.0020856 
0.00166722 
0.00164429 
0.00135175 
0.00124054 
0.00107802 
0.00121918 
0.001388 
0.0015625 
0.00148895 
0.00140387 
0.00139587 
0.00118662 
0.0013143 
0.00146081 
0.00138998 
0.00123726 
0.00101524 
0.00114949 
0.00127804 
0.00104582 
0.000915724 
0.00101459 
0.00092798 
0.000801305 
0.000879111 
0.000736581 
0.000916043 
0.00112488 
0.00118725 
0.00135794 
0.00133951 
0.00123562 
0.00113026 
0.0013125 
0.00116751 
0.00105871 
0.00114987 
0.00119033 
0.0012007 
0.00127061 
0.0012312 
0.00118366 
0.0011634 
0.00100153 
0.000886706 
0.00101513 
0.00104909 
0.000930862 
0.00080413 
0.000938077 
0.00101532 
0.000963476 
0.000883526 
0.000773682 
0.000835367 
0.00102556 
0.000915632 
0.000916923 
0.000751327 
0.000807873 
0.000586626 
0.000699705 
0.000757986 
0.000709972 
0.000702271 
0.000603307 
0.000576805 
0.000621674 
0.000598229 
0.000704669 
0.000684685 
0.00044232 
0.000419933 
0.000453569 
0.00058802 
0.000679048 
0.00055583 
0.000669509 
0.000668366 
0.000557283 
0.000728017 
0.000881194 
0.00109244 
0.00110762 
0.00134187 
0.0014331 
0.00138581 
0.0010995 
0.00108805 
0.00127061 
0.00103351 
0.00104061 
0.000935357 
0.00080318 
0.000884245 
0.000882728 
0.000927924 
0.000762647 
0.000922993 
0.00108917 
0.000980002 
0.000911927 
0.00118163 
0.0012827 
0.00126991 
0.00120451 
0.00127459 
0.00114686 
0.00132269 
0.00121914 
0.00119992 
0.00111895 
0.000921218 
0.00100713 
0.00103312 
0.00108965 
0.00109903 
0.000904151 
0.000947843 
0.00124669 
0.001307 
0.00113081 
0.00117975 
0.00125992 
0.00112748 
0.00128156 
0.0013234 
0.00120055 
0.00123516 
0.00132373 
0.00157661 
0.0016964 
0.00139119 
0.00129984 
0.00126415 
0.00140903 
0.00138253 
0.00141928 
0.00142456 
0.00137462 
0.00133475 
0.00125067 
0.00121151 
0.000966779 
0.000833448 
0.000952904 
0.000838812 
0.00101259 
0.00104918 
0.000988573 
0.00101796 
0.000650425 
0.000723968 
0.000763772 
0.000657273 
0.000764554 
0.000745357 
0.000654671 
0.000756259 
0.000858611 
0.000984867 
0.00107014 
0.00102448 
0.00100972 
0.00111945 
0.000875646 
0.000944265 
0.000851566 
0.000913543 
0.000831416 
0.000788152 
0.00101871 
0.000868793 
0.000846184 
0.000840739 
0.000827279 
0.000830441 
0.000771432 
0.00073871 
0.000811236 
0.000759816 
0.00083238 
0.000666269 
0.000579766 
0.000572135 
0.000527996 
0.000428633 
0.000407268 
0.00047547 
0.000537882 
0.000523734 
0.000373643 
0.000336037 
0.000245095 
0.000263077 
0.000303006 
0.000251319 
0.000201075 
0.000188833 
0.000201304 
0.00014299 
0.000129047 
0.000209407 
0.000256896 
0.000326697 
0.000220392 
0.000155487 
0.000147566 
0.000143452 
0.000147363 
0.000135962 
0.00019133 
0.000231636 
0.000281498 
0.000247788 
0.000287001 
0.000281236 
0.000265183 
0.000226755 
0.000173142 
0.000124157 
0.000114562 
7.56481e-05 
0.000101345 
0.000115807 
0.000151039 
0.000104758 
8.40972e-05 
0.000102125 
6.48232e-05 
5.74376e-05 
0.000102706 
0.000158423 
4.12609e-05 
3.08318e-05 
2.94705e-05 
2.17537e-05 
4.52579e-05 
0.000129833 
0.000160528 
0.000187795 
9.74915e-05 
0.000206889 
0.000136566 
0.000126802 
0.000153259 
6.04579e-05 
2.65883e-05 
3.53954e-05 
6.84112e-05 
4.48511e-05 
0.000149533 
2.60958e-05 
2.68722e-05 
2.49255e-05 
2.77323e-05 
3.48606e-05 
3.97697e-05 
4.74773e-05 
5.34503e-05 
4.28544e-05 
3.11662e-05 
3.51404e-05 
3.70526e-05 
4.82108e-05 
4.84304e-05 
0.000130608 
4.18374e-05 
3.7129e-05 
3.72031e-05 
3.388e-05 
3.02683e-05 
2.87309e-05 
4.075e-05 
3.26504e-05 
3.83697e-05 
5.29956e-05 
4.84345e-05 
4.79385e-05 
4.47271e-05 
8.50366e-05 
0.000167203 
0.000110992 
6.98014e-05 
8.34522e-05 
6.36205e-05 
7.35928e-05 
5.69326e-05 
6.23665e-05 
0.000108262 
8.17238e-05 
8.9496e-05 
9.85307e-05 
0.000101428 
0.000163853 
0.000122234 
6.86753e-05 
9.51966e-05 
7.64356e-05 
9.57377e-05 
8.03235e-05 
9.09859e-05 
5.6463e-05 
6.32521e-05 
5.49718e-05 
0.000113319 
9.74749e-05 
8.06692e-05 
0.00015673 
7.52529e-05 
8.77614e-05 
9.37068e-05 
8.62061e-05 
7.46919e-05 
6.30208e-05 
5.40246e-05 
5.2241e-05 
6.25964e-05 
5.74048e-05 
8.30419e-05 
0.000108634 
4.43922e-05 
4.78481e-05 
3.84168e-05 
4.95904e-05 
8.77606e-05 
8.2868e-05 
7.16072e-05 
8.17958e-05 
5.44362e-05 
7.77015e-05 
2.72571e-05 
2.87185e-05 
3.38568e-05 
2.88258e-05 
0.00027388 
6.62374e-05 
2.3686e-05 
2.62487e-05 
2.50567e-05 
5.28556e-05 
2.44216e-05 
2.60756e-05 
3.17441e-05 
9.76596e-05 
8.60391e-05 
6.45412e-05 
2.2467e-05 
2.06882e-05 
2.23782e-05 
2.22227e-05 
2.39335e-05 
2.91265e-05 
4.7042e-05 
4.93635e-05 
2.63822e-05 
3.29828e-05 
1.88175e-05 
2.04239e-05 
2.48398e-05 
4.57458e-05 
2.00019e-05 
2.00475e-05 
2.01405e-05 
2.09351e-05 
2.23066e-05 
2.08257e-05 
2.90873e-05 
0.000108494 
0.000124618 
2.19342e-05 
2.78519e-05 
2.03705e-05 
2.27595e-05 
2.16613e-05 
3.07909e-05 
2.99306e-05 
2.19417e-05 
2.456e-05 
2.35252e-05 
2.19866e-05 
2.29471e-05 
2.33813e-05 
0.000103354 
0.000144165 
0.000127201 
0.000167987 
0.000169553 
0.000163109 
0.000243319 
0.000278638 
0.000233884 
0.000361774 
0.000256234 
0.000142352 
0.000196415 
0.000224001 
0.000397244 
0.00045163 
0.000699654 
0.000598358 
0.000252839 
0.000365401 
0.000391764 
0.000392238 
0.000280287 
0.000198015 
0.00018067 
0.000279078 
0.000181373 
0.000158433 
0.00011149 
0.00012411 
6.13435e-05 
7.58921e-05 
8.50877e-05 
3.56432e-05 
3.24317e-05 
3.13903e-05 
2.99361e-05 
2.57963e-05 
2.95779e-05 
2.64215e-05 
2.65083e-05 
3.6965e-05 
5.83383e-05 
9.71352e-05 
0.000146512 
0.000257409 
0.000240644 
0.000290238 
0.000408954 
0.000258683 
0.000166446 
6.69763e-05 
3.32321e-05 
2.70756e-05 
2.09805e-05 
2.59555e-05 
1.85839e-05 
1.86409e-05 
1.9412e-05 
1.93686e-05 
1.76864e-05 
2.10196e-05 
2.29583e-05 
1.99181e-05 
1.83934e-05 
1.64327e-05 
1.69931e-05 
1.93619e-05 
2.03974e-05 
3.21341e-05 
1.81413e-05 
1.87046e-05 
1.97243e-05 
3.93747e-05 
4.95135e-05 
4.31031e-05 
5.00107e-05 
3.5271e-05 
2.28287e-05 
1.85379e-05 
3.35297e-05 
2.54581e-05 
4.46656e-05 
3.29985e-05 
4.41945e-05 
5.5705e-05 
6.93142e-05 
5.31043e-05 
0.000316204 
0.000733589 
0.000227888 
6.35696e-05 
7.14881e-05 
8.87069e-05 
7.8582e-05 
3.55897e-05 
2.14269e-05 
2.43764e-05 
7.98525e-05 
8.98308e-05 
3.52726e-05 
2.08183e-05 
1.98156e-05 
2.00131e-05 
1.88548e-05 
1.84028e-05 
4.04469e-05 
2.23055e-05 
2.21823e-05 
2.2624e-05 
2.1728e-05 
8.87101e-05 
2.8518e-05 
2.75445e-05 
3.34859e-05 
1.69127e-05 
2.08179e-05 
2.15391e-05 
2.33457e-05 
6.38659e-05 
2.96983e-05 
5.20798e-05 
4.76218e-05 
2.64538e-05 
4.09741e-05 
2.62083e-05 
5.10523e-05 
4.84333e-05 
4.29687e-05 
3.84768e-05 
4.05283e-05 
3.51561e-05 
1.87931e-05 
2.00176e-05 
1.82044e-05 
2.15727e-05 
4.22801e-05 
2.08023e-05 
1.77814e-05 
4.94206e-05 
3.86351e-05 
2.99143e-05 
5.43493e-05 
5.40529e-05 
3.31699e-05 
3.05484e-05 
3.61978e-05 
2.46478e-05 
2.45101e-05 
2.27209e-05 
3.33136e-05 
2.73518e-05 
4.06437e-05 
1.59049e-05 
1.47523e-05 
1.29496e-05 
1.46434e-05 
1.30555e-05 
1.14139e-05 
1.05643e-05 
4.85595e-05 
2.44582e-05 
3.48428e-05 
2.95132e-05 
2.0562e-05 
1.11808e-05 
1.09501e-05 
9.79101e-06 
1.0089e-05 
1.97981e-05 
1.52659e-05 
3.51003e-05 
5.38643e-05 
1.45976e-05 
1.6591e-05 
1.53211e-05 
1.6917e-05 
1.91039e-05 
2.25007e-05 
2.04671e-05 
3.57422e-05 
0.000103814 
0.00010419 
7.63857e-05 
2.89913e-05 
1.99701e-05 
2.30004e-05 
2.50695e-05 
2.67355e-05 
2.43217e-05 
2.42329e-05 
3.30136e-05 
1.71596e-05 
1.96643e-05 
2.01015e-05 
2.21064e-05 
4.40558e-05 
3.11901e-05 
2.76988e-05 
2.6449e-05 
2.12193e-05 
1.3002e-05 
1.37795e-05 
1.41869e-05 
2.0354e-05 
1.36029e-05 
4.7988e-05 
1.70422e-05 
1.5684e-05 
3.14317e-05 
1.37877e-05 
2.16458e-05 
5.04833e-05 
3.65829e-05 
6.73999e-05 
0.000272514 
0.000431374 
0.000281303 
0.000162486 
0.000209115 
0.000253411 
0.000248027 
0.000173016 
0.000283401 
0.000215134 
7.78117e-05 
0.000194529 
0.000311645 
0.000330563 
0.000187956 
0.000504637 
0.000325462 
0.000599096 
0.00095691 
0.00119927 
0.00101722 
0.00104251 
0.000763591 
0.000552862 
0.000570762 
0.000570204 
0.000381495 
0.000548894 
0.000768271 
0.000531153 
0.000486729 
0.000362288 
0.000289082 
7.83122e-05 
0.000142611 
4.52126e-05 
6.51465e-05 
7.34087e-05 
5.64831e-05 
3.05534e-05 
5.01259e-05 
8.56232e-05 
5.63557e-05 
6.85586e-05 
9.48908e-05 
0.000110723 
0.000142701 
0.000152514 
0.000287456 
0.000222571 
0.00039689 
0.000434877 
0.000479051 
0.000142865 
0.000223488 
0.000507885 
0.000617949 
0.000590259 
0.000371987 
0.000448985 
0.000433442 
0.000210291 
0.000154633 
0.000141152 
0.000185726 
0.000173261 
0.000157024 
0.000139802 
0.000125387 
0.000138715 
0.000139633 
0.000161024 
0.000147251 
7.44185e-05 
7.48158e-05 
5.17328e-05 
4.87275e-05 
3.98419e-05 
4.10161e-05 
7.22161e-05 
4.66554e-05 
6.70337e-05 
0.000125662 
9.32287e-05 
4.61869e-05 
3.6791e-05 
8.81892e-05 
0.000100909 
7.02424e-05 
0.000162306 
0.000135702 
7.73883e-05 
7.12717e-05 
8.04593e-05 
8.67293e-05 
6.61353e-05 
5.55109e-05 
4.40963e-05 
4.90464e-05 
5.31556e-05 
4.79643e-05 
5.11701e-05 
5.43349e-05 
4.55105e-05 
5.78493e-05 
3.35448e-05 
0.00010286 
0.000186408 
0.000366624 
0.000312695 
0.000116228 
3.49558e-05 
5.87383e-05 
3.4923e-05 
2.59649e-05 
2.30776e-05 
2.37337e-05 
2.52575e-05 
3.14001e-05 
3.34785e-05 
5.50594e-05 
8.38955e-05 
4.84249e-05 
5.26079e-05 
5.84889e-05 
0.000102689 
8.93761e-05 
0.00010301 
7.62668e-05 
8.67376e-05 
9.09623e-05 
0.000103186 
8.48638e-05 
6.90275e-05 
0.000125554 
0.000161762 
7.30096e-05 
0.000109679 
8.24863e-05 
8.04235e-05 
6.49778e-05 
6.64035e-05 
0.000103131 
0.00010637 
5.35048e-05 
5.13352e-05 
4.56622e-05 
3.00702e-05 
3e-05 
3.74625e-05 
4.47428e-05 
4.13688e-05 
4.0831e-05 
4.91697e-05 
4.75677e-05 
5.15189e-05 
5.23605e-05 
5.11817e-05 
4.31224e-05 
3.446e-05 
3.5097e-05 
3.01126e-05 
0.000117045 
5.29367e-05 
5.82661e-05 
3.03025e-05 
3.3539e-05 
3.90628e-05 
7.1032e-05 
0.000118761 
6.70031e-05 
6.66193e-05 
5.46465e-05 
7.36826e-05 
0.000129623 
0.000112877 
0.000192758 
0.000115585 
6.90554e-05 
5.18365e-05 
4.72319e-05 
5.5655e-05 
3.81098e-05 
4.26062e-05 
6.2775e-05 
0.000144629 
0.000134953 
0.000108668 
6.73686e-05 
6.11035e-05 
5.20423e-05 
5.10599e-05 
4.51694e-05 
4.55889e-05 
3.71515e-05 
4.01364e-05 
5.20572e-05 
5.24462e-05 
4.47617e-05 
2.8584e-05 
2.78426e-05 
3.05379e-05 
5.25133e-05 
3.17894e-05 
3.08033e-05 
2.84108e-05 
8.04725e-05 
7.84872e-05 
7.19754e-05 
2.79507e-05 
2.77705e-05 
9.84148e-05 
9.7931e-05 
0.000164509 
0.000160379 
0.00010393 
0.000129551 
0.000140623 
0.000108037 
8.50938e-05 
0.000117614 
9.21664e-05 
8.20652e-05 
0.000134319 
0.000183494 
0.000203916 
0.00038062 
0.00031041 
0.000253293 
0.000231508 
0.000147752 
0.000177954 
0.00022122 
0.000372842 
0.0004491 
0.000462499 
0.000445687 
0.000536166 
0.000544239 
0.000448211 
0.000423854 
0.000386605 
0.000464611 
0.000379685 
0.0002335 
0.000114946 
0.000115586 
0.000141143 
0.000246444 
0.000124297 
8.99657e-05 
4.67761e-05 
2.7941e-05 
2.62652e-05 
3.43282e-05 
3.23815e-05 
3.9166e-05 
3.218e-05 
2.74867e-05 
6.39485e-05 
0.00023769 
0.000234141 
0.000493043 
0.000389881 
0.000783819 
0.000365283 
0.000344216 
0.000429622 
0.000328004 
0.000317555 
0.000234305 
0.000178574 
0.000184967 
0.000133771 
0.00014478 
0.00010816 
9.37431e-05 
0.000113863 
9.18117e-05 
0.000105818 
0.000128572 
0.000108507 
8.60301e-05 
8.89548e-05 
8.29264e-05 
7.27711e-05 
8.54798e-05 
6.6004e-05 
6.53503e-05 
6.08956e-05 
6.28055e-05 
6.75355e-05 
5.58974e-05 
6.71315e-05 
8.65979e-05 
0.000104808 
0.000108797 
0.000123313 
9.65973e-05 
9.42463e-05 
7.4541e-05 
6.86812e-05 
8.67382e-05 
8.77168e-05 
0.000101656 
7.93193e-05 
0.00010825 
8.03135e-05 
0.000100709 
7.87123e-05 
6.97225e-05 
8.72657e-05 
7.33152e-05 
5.22967e-05 
6.2544e-05 
7.70145e-05 
0.000199173 
0.000154617 
0.000415207 
4.26326e-05 
4.48867e-05 
5.44632e-05 
5.22801e-05 
3.8386e-05 
3.4159e-05 
3.44428e-05 
3.80478e-05 
2.80527e-05 
4.44304e-05 
6.07437e-05 
8.62838e-05 
7.80664e-05 
5.67745e-05 
5.93863e-05 
8.48186e-05 
0.000169184 
0.000133929 
0.000151528 
0.000122891 
7.83443e-05 
9.699e-05 
6.58284e-05 
6.5563e-05 
5.65508e-05 
4.82745e-05 
4.75794e-05 
5.80458e-05 
4.19955e-05 
7.18997e-05 
8.1741e-05 
0.000148548 
8.66612e-05 
0.000317985 
1.96121e-05 
2.11228e-05 
1.99475e-05 
2.11742e-05 
2.35319e-05 
2.39683e-05 
2.01607e-05 
2.62247e-05 
4.93142e-05 
2.21752e-05 
2.24767e-05 
2.28954e-05 
2.55457e-05 
2.212e-05 
2.35998e-05 
4.99634e-05 
3.94212e-05 
3.76915e-05 
6.12972e-05 
3.18529e-05 
2.53428e-05 
2.49268e-05 
2.25967e-05 
2.15987e-05 
2.13435e-05 
2.27644e-05 
2.87881e-05 
4.08161e-05 
6.98146e-05 
0.000110051 
6.10738e-05 
4.02999e-05 
6.52454e-05 
2.27955e-05 
2.37537e-05 
3.36409e-05 
2.40093e-05 
2.57205e-05 
3.55562e-05 
3.5098e-05 
4.80244e-05 
8.32766e-05 
6.16164e-05 
2.597e-05 
2.78315e-05 
2.51518e-05 
2.58973e-05 
3.35494e-05 
3.21635e-05 
9.86957e-05 
0.000186901 
0.00011348 
0.000178434 
0.000370755 
0.000282841 
0.000326998 
0.000118621 
0.000175307 
6.71747e-05 
2.37945e-05 
3.78049e-05 
3.10675e-05 
0.000107815 
0.000175062 
4.09899e-05 
4.55349e-05 
3.324e-05 
4.45704e-05 
2.98152e-05 
3.49572e-05 
3.13654e-05 
3.02421e-05 
2.40886e-05 
2.47982e-05 
3.77749e-05 
3.11729e-05 
3.92431e-05 
3.61653e-05 
5.73561e-05 
6.78379e-05 
8.53424e-05 
8.63691e-05 
8.40607e-05 
8.47143e-05 
9.72263e-05 
0.00011071 
0.000100108 
8.52268e-05 
4.5165e-05 
7.29185e-05 
6.58945e-05 
4.02022e-05 
5.53436e-05 
7.24512e-05 
6.66628e-05 
7.05335e-05 
7.63067e-05 
7.43224e-05 
6.3482e-05 
3.51574e-05 
3.13442e-05 
2.20557e-05 
5.54879e-05 
2.37988e-05 
9.38505e-05 
2.81287e-05 
3.13525e-05 
3.60394e-05 
2.32269e-05 
4.32652e-05 
3.88614e-05 
4.23867e-05 
3.72123e-05 
2.66885e-05 
2.90816e-05 
5.01415e-05 
8.6919e-05 
7.40696e-05 
0.000145641 
0.000139307 
0.000234607 
0.000163291 
0.000142304 
0.000108122 
0.000161052 
0.00020133 
0.000181967 
0.000207496 
0.000240781 
0.00022771 
0.000210155 
0.000130197 
0.000122387 
0.000120137 
0.000137455 
0.000108259 
0.000155446 
0.000165361 
0.000149422 
0.000106973 
7.67786e-05 
0.000122319 
0.000110385 
3.68648e-05 
2.50174e-05 
2.28432e-05 
2.66954e-05 
2.61895e-05 
2.32193e-05 
2.31431e-05 
3.0457e-05 
8.72923e-05 
7.94193e-05 
4.40549e-05 
4.15317e-05 
4.47894e-05 
3.20376e-05 
2.86697e-05 
4.09491e-05 
2.8982e-05 
3.74897e-05 
2.04347e-05 
2.22681e-05 
2.82517e-05 
2.78157e-05 
2.6395e-05 
2.45623e-05 
0.000100844 
0.000284109 
9.19363e-05 
0.000241196 
0.000383452 
0.00017997 
2.11176e-05 
2.09531e-05 
2.1869e-05 
2.09526e-05 
6.43583e-05 
4.58311e-05 
2.22833e-05 
2.42935e-05 
3.66381e-05 
2.72995e-05 
1.75587e-05 
2.95959e-05 
6.44787e-05 
7.86147e-05 
8.69095e-05 
3.48217e-05 
7.79098e-05 
8.62856e-05 
5.56191e-05 
0.000144944 
8.33483e-05 
0.000107068 
0.000138196 
0.000152177 
0.000116907 
8.79479e-05 
5.00423e-05 
2.29713e-05 
1.82894e-05 
1.62647e-05 
2.67288e-05 
3.54408e-05 
3.7394e-05 
2.89953e-05 
2.67282e-05 
2.07338e-05 
1.94781e-05 
1.86434e-05 
2.51332e-05 
2.6074e-05 
4.54646e-05 
3.05675e-05 
1.79937e-05 
2.86787e-05 
2.1479e-05 
1.85021e-05 
1.82224e-05 
1.59751e-05 
1.74201e-05 
1.69735e-05 
2.49853e-05 
1.7124e-05 
4.62077e-05 
1.76848e-05 
1.50673e-05 
1.37614e-05 
1.67561e-05 
1.58414e-05 
0.000110608 
5.82677e-05 
3.92217e-05 
2.26725e-05 
2.01057e-05 
3.23801e-05 
2.15034e-05 
2.50517e-05 
2.30585e-05 
2.33098e-05 
2.5857e-05 
2.21555e-05 
2.68703e-05 
1.95164e-05 
2.50739e-05 
2.59264e-05 
2.47123e-05 
2.49974e-05 
2.69847e-05 
2.52686e-05 
2.5654e-05 
4.84473e-05 
2.77433e-05 
2.48289e-05 
2.40553e-05 
3.96669e-05 
4.85112e-05 
4.95417e-05 
4.26518e-05 
5.5171e-05 
8.27555e-05 
9.30226e-05 
7.09072e-05 
0.000145347 
8.00069e-05 
2.88026e-05 
9.31229e-05 
0.000263732 
0.000254186 
0.000225765 
0.000136168 
0.000145686 
0.00017755 
0.000201178 
0.000254639 
0.000307639 
0.000361648 
0.000350254 
0.000271986 
0.000221871 
0.000339076 
0.000322994 
0.000213581 
0.000197917 
0.000199294 
0.000241629 
0.000452744 
0.000528077 
0.000404417 
0.000275241 
0.0001294 
0.000116244 
0.000130834 
0.000145482 
0.000136087 
0.000114483 
5.98242e-05 
3.72141e-05 
3.18164e-05 
3.04751e-05 
3.00168e-05 
4.28878e-05 
4.10197e-05 
4.77659e-05 
4.46496e-05 
7.77949e-05 
6.24066e-05 
7.4249e-05 
9.22477e-05 
0.000129059 
0.000162372 
0.000210164 
0.000397715 
0.00032401 
0.000187348 
0.000134736 
3.42989e-05 
4.06658e-05 
3.53939e-05 
3.73205e-05 
4.80908e-05 
6.88711e-05 
5.76084e-05 
9.13307e-05 
0.00013724 
0.000197407 
0.000474158 
0.000438992 
0.000251065 
0.000114008 
0.000151842 
0.000137437 
0.000411116 
0.000285789 
0.000174529 
0.000200542 
0.000206512 
0.000177591 
0.000142897 
0.00010806 
0.000102354 
0.000103391 
9.81035e-05 
0.000105099 
9.75246e-05 
9.25672e-05 
0.000111869 
0.000110131 
9.52311e-05 
0.000112035 
0.000133975 
0.000155577 
0.000150122 
0.000153635 
0.000118713 
0.000108779 
0.000115723 
0.000121354 
0.000105556 
9.38849e-05 
8.61624e-05 
0.000101474 
0.000103522 
7.86315e-05 
7.87656e-05 
7.11544e-05 
8.54291e-05 
5.61039e-05 
6.67047e-05 
7.40503e-05 
3.36671e-05 
4.55874e-05 
3.64863e-05 
2.86797e-05 
4.47133e-05 
3.34151e-05 
3.64827e-05 
5.7856e-05 
4.81078e-05 
6.02855e-05 
8.56177e-05 
8.4104e-05 
8.01894e-05 
9.78682e-05 
0.000127677 
0.000192244 
0.000110865 
9.98878e-05 
0.000119683 
0.000132962 
0.000113901 
0.00013998 
0.000136822 
0.000133354 
8.59354e-05 
9.14957e-05 
0.000104512 
0.000133251 
0.00029721 
0.000148353 
0.000130711 
0.000134989 
0.000129156 
0.000117538 
0.000138777 
0.000187097 
0.000539422 
0.000402183 
0.00068896 
0.000401507 
0.000731479 
0.000111415 
7.80452e-05 
7.56569e-05 
9.93399e-05 
8.4191e-05 
9.38569e-05 
0.000183972 
8.97352e-05 
0.000101327 
0.000154782 
8.38501e-05 
7.39235e-05 
5.13889e-05 
4.70416e-05 
4.62793e-05 
7.6463e-05 
8.84111e-05 
4.74298e-05 
4.65748e-05 
4.68485e-05 
4.71248e-05 
5.01477e-05 
4.47443e-05 
4.33263e-05 
4.62482e-05 
4.28588e-05 
3.86835e-05 
5.34727e-05 
4.18464e-05 
4.41987e-05 
4.24452e-05 
0.000116089 
4.16289e-05 
4.76893e-05 
5.23223e-05 
5.26689e-05 
6.57596e-05 
6.10556e-05 
4.34892e-05 
3.68412e-05 
4.76752e-05 
5.59273e-05 
9.99588e-05 
4.40069e-05 
0.000105639 
6.54488e-05 
2.46659e-05 
2.42448e-05 
3.05431e-05 
3.28342e-05 
3.70879e-05 
3.97253e-05 
3.59785e-05 
3.38544e-05 
3.35256e-05 
3.51559e-05 
3.50766e-05 
5.59831e-05 
5.08743e-05 
3.68121e-05 
3.24317e-05 
2.60534e-05 
4.41318e-05 
3.32912e-05 
2.85137e-05 
3.50393e-05 
3.64919e-05 
4.64297e-05 
4.78169e-05 
9.779e-05 
0.000116413 
0.000225115 
0.000266774 
0.000430044 
0.000383396 
0.000317318 
0.000280806 
0.000311463 
0.000255049 
0.000161376 
0.000140426 
9.72055e-05 
8.87803e-05 
5.79954e-05 
6.88814e-05 
0.000131652 
4.92315e-05 
4.41619e-05 
5.58947e-05 
5.95659e-05 
5.98499e-05 
6.9262e-05 
7.49321e-05 
0.000109462 
0.000158863 
0.000197352 
0.000252829 
0.000464447 
0.000323744 
0.000119463 
0.00025573 
4.85605e-05 
4.39415e-05 
5.21695e-05 
5.2377e-05 
6.05385e-05 
8.50966e-05 
5.52018e-05 
5.63358e-05 
0.000102821 
0.000186799 
5.73396e-05 
6.33403e-05 
7.52696e-05 
7.77274e-05 
8.78643e-05 
8.46711e-05 
9.37814e-05 
5.22789e-05 
2.59802e-05 
1.91196e-05 
1.8201e-05 
1.79506e-05 
1.72389e-05 
1.64032e-05 
1.60085e-05 
2.86426e-05 
2.01263e-05 
1.89785e-05 
2.23651e-05 
2.08649e-05 
2.45485e-05 
3.96575e-05 
0.00011004 
0.000100903 
0.000192014 
0.000242567 
0.000379387 
0.00016202 
7.99359e-05 
0.000102683 
5.7597e-05 
7.04394e-05 
5.42213e-05 
3.02474e-05 
3.95932e-05 
5.18799e-05 
3.99287e-05 
9.63606e-05 
5.0024e-05 
7.03062e-05 
0.000130391 
0.000111607 
8.86785e-05 
0.000131109 
0.000132481 
0.000127249 
0.000145649 
0.000140326 
0.00012514 
0.000103142 
0.00010213 
0.000122393 
0.000124142 
0.000152801 
0.000146683 
0.000110025 
7.68622e-05 
5.68907e-05 
8.32367e-05 
4.89893e-05 
3.99577e-05 
4.8248e-05 
4.65209e-05 
7.32602e-05 
3.12089e-05 
2.87112e-05 
3.88122e-05 
2.72492e-05 
2.38423e-05 
1.49404e-05 
1.3825e-05 
2.6154e-05 
3.07753e-05 
5.16445e-05 
9.48078e-05 
0.000252097 
0.000304994 
0.000313142 
0.000181056 
0.000204311 
0.000145792 
8.54174e-05 
0.000215803 
0.000117197 
5.51396e-05 
7.43801e-05 
0.000101286 
8.17561e-05 
7.20795e-05 
0.000126394 
0.000114458 
5.94425e-05 
6.9423e-05 
8.08182e-05 
8.41222e-05 
9.59254e-05 
5.34952e-05 
6.48776e-05 
4.15142e-05 
6.00682e-05 
5.99631e-05 
6.00494e-05 
7.81412e-05 
7.60151e-05 
6.32591e-05 
7.41579e-05 
8.55131e-05 
7.84126e-05 
8.16706e-05 
0.000107492 
0.000126649 
0.000113075 
0.00013486 
0.000217768 
0.000344001 
0.000163361 
0.000160876 
0.000129113 
0.00011166 
0.00010568 
0.000105644 
0.000150684 
0.000100862 
0.00012749 
0.000152261 
0.000153168 
0.000173552 
0.000196336 
0.000191546 
0.000183017 
0.000150238 
0.000142466 
0.000140533 
0.000173023 
0.00016691 
0.000143456 
0.000152348 
0.000136791 
0.00015392 
0.000147682 
0.00016736 
0.00019859 
0.000147163 
0.000161973 
0.000171467 
0.000160328 
0.000152889 
0.000142266 
0.000162741 
0.000205242 
0.00020955 
0.00018615 
0.000206272 
0.000240865 
0.000360021 
0.000400399 
0.000352234 
0.000241621 
0.000251419 
0.000243306 
0.000215326 
0.000220498 
0.000246154 
0.000328624 
0.000316876 
0.000227229 
0.000231558 
0.000216733 
0.00023596 
0.000201884 
0.000204229 
0.000190526 
0.00018126 
0.000160943 
0.000218136 
0.000206385 
0.00023373 
0.000234558 
0.000231204 
0.000261885 
0.000268477 
0.0003471 
0.000374513 
0.000285683 
0.000305592 
0.000276568 
0.000296125 
0.000291795 
0.000290322 
0.000277255 
0.000323356 
0.000336901 
0.00031645 
0.000275063 
0.000247611 
0.000313245 
0.000423739 
0.000515883 
0.000464785 
0.000633386 
0.000722056 
0.000578945 
0.000579657 
0.000924884 
0.000845641 
0.000699679 
0.000453407 
0.000336515 
0.000254938 
0.000240369 
0.000267213 
0.000234355 
0.000228035 
0.000220976 
0.000350134 
0.00039142 
0.000307563 
0.000233897 
0.000246342 
0.000331657 
0.000268777 
0.000314913 
0.000273977 
0.000268036 
0.000300043 
0.000342589 
0.000324716 
0.000293561 
0.00029393 
0.000232961 
0.000279295 
0.000261027 
0.000247397 
0.000255605 
0.000254445 
0.000271022 
0.000238706 
0.000241634 
0.000258728 
0.000252708 
0.000254174 
0.000295532 
0.000307964 
0.000311635 
0.000302124 
0.000316327 
0.000275553 
0.000299883 
0.000306141 
0.000295109 
0.000272673 
0.000213601 
0.000244707 
0.000218174 
0.000174814 
0.00017205 
0.000213559 
0.000210881 
0.000276481 
0.00031776 
0.000372707 
0.000404783 
0.000477389 
0.000366116 
0.000260992 
0.000288252 
0.000316509 
0.000320607 
0.000311775 
0.000267837 
0.00023783 
0.000235753 
0.000200233 
0.000228694 
0.000180794 
0.000267401 
0.000224709 
0.000292331 
0.000422387 
0.000477051 
0.000481072 
0.000529084 
0.000655508 
0.000747454 
0.000777986 
0.000811759 
0.00114507 
0.0013113 
0.00126451 
0.000958756 
0.0011328 
0.00099563 
0.00100379 
0.000810658 
0.000637474 
0.000663065 
0.000660648 
0.00055286 
0.000509743 
0.000588711 
0.000530249 
0.000477954 
0.00055681 
0.00046946 
0.000672739 
0.000676356 
0.000709234 
0.000670055 
0.00066838 
0.000589226 
0.000650766 
0.000639502 
0.000863341 
0.000675297 
0.000631446 
0.000497677 
0.000588871 
0.000461196 
0.000513363 
0.000421916 
0.000484889 
0.000527734 
0.000510821 
0.000643845 
0.000725866 
0.00069897 
0.00078865 
0.000761119 
0.000712131 
0.000677094 
0.00101444 
0.000969922 
0.00094637 
0.000915547 
0.00103789 
0.000893075 
0.00087715 
0.000826799 
0.000913164 
0.000790243 
0.000755484 
0.0008599 
0.000803259 
0.000803099 
0.000776957 
0.000925847 
0.000944093 
0.000937133 
0.000941926 
0.00106808 
0.00111659 
0.00110082 
0.00105763 
0.000972532 
0.00106111 
0.000930948 
0.000914204 
0.00090784 
0.000972978 
0.000842064 
0.00074213 
0.000603112 
0.000724799 
0.000676638 
0.000972969 
0.000651713 
0.000659414 
0.000646057 
0.000722935 
0.000714444 
0.000628414 
0.000601372 
0.0006001 
0.000750245 
0.000713618 
0.000585815 
0.000677268 
0.000600271 
0.000572719 
0.000536814 
0.000614006 
0.000694235 
0.000604248 
0.000562125 
0.000672714 
0.000811061 
0.000915929 
0.00107952 
0.00108702 
0.000959595 
0.000940218 
0.000956505 
0.000998167 
0.00122731 
0.00123944 
0.00115637 
0.000985209 
0.00110729 
0.00141687 
0.00138731 
0.00144507 
0.00146773 
0.001373 
0.00128774 
0.00132202 
0.00118795 
0.00125013 
0.00125936 
0.00131683 
0.00129216 
0.00145554 
0.00156101 
0.00140938 
0.00140829 
0.00119587 
0.0011478 
0.00118909 
0.00108488 
0.0011421 
0.00100881 
0.000856496 
0.000800945 
0.000848024 
0.000675976 
0.000709163 
0.000661692 
0.000612802 
0.00050409 
0.000566908 
0.000600146 
0.00065844 
0.000531211 
0.000507515 
0.000572322 
0.00059405 
0.000600972 
0.000547972 
0.00057262 
0.000537227 
0.000591739 
0.000603701 
0.000516003 
0.000540149 
0.000475818 
0.000481129 
0.000465168 
0.000570735 
0.000599188 
0.000619949 
0.000677343 
0.000645715 
0.000602761 
0.000600501 
0.000577879 
0.00055651 
0.000522448 
0.0005427 
0.000559738 
0.000577545 
0.000495836 
0.000510578 
0.000659824 
0.000659761 
0.000708113 
0.000680164 
0.000637289 
0.000656941 
0.00061241 
0.000675761 
0.000669431 
0.000639518 
0.000704188 
0.000704069 
0.000757602 
0.000685454 
0.000633483 
0.000661617 
0.000728554 
0.000788005 
0.000835451 
0.000772488 
0.000621724 
0.000815909 
0.00076623 
0.000726901 
0.000734227 
0.000697516 
0.000678265 
0.000656684 
0.000727515 
0.000657569 
0.00064839 
0.000632955 
0.000634987 
0.000636041 
0.000617805 
0.000638432 
0.000628317 
0.000625311 
0.000682979 
0.000597436 
0.00063048 
0.000599743 
0.000567112 
0.000601019 
0.000587912 
0.000587536 
0.000594175 
0.000601428 
0.000583639 
0.000534891 
0.000580838 
0.000561735 
0.000586312 
0.000595276 
0.000569244 
0.000605316 
0.000604172 
0.000606809 
0.000638226 
0.000690964 
0.000634395 
0.00066204 
0.000708631 
0.000708853 
0.000745786 
0.000703068 
0.000689277 
0.000689297 
0.000642941 
0.000652864 
0.000642686 
0.000681378 
0.000668008 
0.000680035 
0.000651042 
0.000659897 
0.000692779 
0.000675215 
0.000647367 
0.000620102 
0.000640553 
0.000692136 
0.000692951 
0.000695785 
0.000695271 
0.00070203 
0.000710517 
0.000677256 
0.000677466 
0.000695928 
0.000907012 
0.00125382 
0.00113829 
0.000817591 
0.000825061 
0.000646053 
0.000648777 
0.000709729 
0.000678394 
0.000743069 
0.000692443 
0.00063355 
0.000619085 
0.000579749 
0.000612899 
0.000603813 
0.000535838 
0.000555371 
0.000573843 
0.000555231 
0.000609967 
0.000627768 
0.000607642 
0.000634552 
0.00069199 
0.00068137 
0.000657001 
0.000632562 
0.000627093 
0.000623346 
0.000619527 
0.000628056 
0.000673067 
0.00066627 
0.000666878 
0.000649251 
0.000721894 
0.000623367 
0.00064514 
0.000667243 
0.000743174 
0.000983287 
0.00104884 
0.000965599 
0.000862113 
0.00103447 
0.00081433 
0.000858058 
0.000738767 
0.000681429 
0.000587271 
0.000589242 
0.000560843 
0.000583204 
0.000612204 
0.000584709 
0.000522115 
0.000616207 
0.000899708 
0.000855591 
0.00098952 
0.000565187 
0.000557339 
0.000588201 
0.000598804 
0.000596915 
0.000624483 
0.000648505 
0.000721247 
0.000627463 
0.000613835 
0.000555497 
0.000538849 
0.000580158 
0.000571336 
0.000540669 
0.000506661 
0.000526227 
0.000518139 
0.000494844 
0.000502338 
0.000527902 
0.000542293 
0.000550998 
0.000539527 
0.000550134 
0.000494687 
0.000541293 
0.000558881 
0.000584741 
0.000606214 
0.00058944 
0.00063524 
0.000640378 
0.000543987 
0.000570488 
0.000563394 
0.000565009 
0.000548439 
0.00056431 
0.000593863 
0.000541096 
0.000535086 
0.000525133 
0.00052251 
0.000580331 
0.000554106 
0.000514426 
0.00050177 
0.000518996 
0.000501196 
0.000518274 
0.000496663 
0.000488514 
0.000540723 
0.000560712 
0.000488829 
0.000532582 
0.000511359 
0.000435976 
0.000433693 
0.000482217 
0.000503091 
0.000487888 
0.000469169 
0.000489923 
0.00052002 
0.000544918 
0.000566578 
0.000522406 
0.000538699 
0.000510245 
0.000488236 
0.00041584 
0.000435184 
0.000435626 
0.00045209 
0.000501569 
0.000446372 
0.000555316 
0.000574271 
0.000624249 
0.00054519 
0.000583818 
0.000515629 
0.000433929 
0.000410571 
0.000407308 
0.000487195 
0.00051043 
0.00061392 
0.000596776 
0.000602034 
0.000619219 
0.000670304 
0.000572058 
0.000520925 
0.000537446 
0.00049414 
0.000505757 
0.000524298 
0.000486753 
0.000558707 
0.000609424 
0.000536192 
0.000541699 
0.000543383 
0.000515474 
0.000480608 
0.000511443 
0.000424347 
0.000460303 
0.000512014 
0.000522208 
0.000463657 
0.00046779 
0.000460185 
0.000442071 
0.000395823 
0.00040576 
0.000402422 
0.000356719 
0.000334111 
0.00037705 
0.000406461 
0.000385652 
0.000376492 
0.000341613 
0.000319229 
0.000346961 
0.000433893 
0.000490295 
0.000575337 
0.000582215 
0.000877557 
0.000923581 
0.00089713 
0.000728892 
0.000743677 
0.000663757 
0.000644691 
0.000621993 
0.000503064 
0.000472241 
0.000456288 
0.000472612 
0.000501421 
0.000489568 
0.000483576 
0.000618513 
0.000636361 
0.000464376 
0.000412621 
0.00039686 
0.000338947 
0.000297271 
0.000315422 
0.000314149 
0.000332532 
0.000457991 
0.000422511 
0.000440539 
0.000494045 
0.000562368 
0.000486158 
0.000537191 
0.000524897 
0.000549149 
0.000412813 
0.000384791 
0.000376341 
0.000370001 
0.000422453 
0.000513464 
0.000482679 
0.000491199 
0.000545121 
0.000709027 
0.000668494 
0.000719919 
0.000565587 
0.000606388 
0.000529191 
0.0004421 
0.000410834 
0.000460654 
0.000416981 
0.00039041 
0.000368143 
0.000385158 
0.000427954 
0.000426833 
0.000418637 
0.000439756 
0.000471377 
0.000501684 
0.000420708 
0.000421733 
0.000411269 
0.000414283 
0.000376445 
0.000387297 
0.000354854 
0.000397337 
0.000417659 
0.000411875 
0.000443425 
0.000500132 
0.000486352 
0.000539753 
0.000483427 
0.000594412 
0.000633836 
0.000646457 
0.000557714 
0.000540311 
0.000548539 
0.000609485 
0.000659276 
0.000682956 
0.000624075 
0.000676883 
0.000700626 
0.000677728 
0.000717493 
0.000668064 
0.000629712 
0.000692877 
0.000732127 
0.000783789 
0.000774678 
0.000701584 
0.000698013 
0.00063404 
0.000606997 
0.000580797 
0.000601196 
0.000590012 
0.000575937 
0.000536811 
0.000557184 
0.000519501 
0.00050136 
0.000558857 
0.00052147 
0.000506899 
0.000540586 
0.000572879 
0.000546785 
0.000595036 
0.000650126 
0.000767525 
0.000771555 
0.000718001 
0.000579405 
0.000566654 
0.000624277 
0.000511382 
0.000563816 
0.000509896 
0.000565523 
0.000542142 
0.000527919 
0.000531972 
0.000511418 
0.000502448 
0.000517795 
0.000538765 
0.000635133 
0.000631888 
0.000620952 
0.000704768 
0.000596326 
0.000616267 
0.00060483 
0.000571523 
0.000668226 
0.000681867 
0.000688139 
0.000664173 
0.000697652 
0.000902689 
0.000881737 
0.000875452 
0.000751831 
0.000749986 
0.000832111 
0.000744457 
0.000764212 
0.000706319 
0.000809316 
0.000733574 
0.000733197 
0.000805495 
0.000733033 
0.000715908 
0.000732606 
0.000761928 
0.000699877 
0.000628287 
0.000644126 
0.000705632 
0.000789446 
0.000779063 
0.000866486 
0.00108247 
0.00101626 
0.00107547 
0.000969276 
0.000866669 
0.000800308 
0.000753655 
0.000733461 
0.00072044 
0.000718037 
0.000738828 
0.00076793 
0.000780069 
0.000794526 
0.000809049 
0.000777478 
0.000684838 
0.000736083 
0.000910382 
0.000801719 
0.000721941 
0.000688398 
0.000603794 
0.000558285 
0.0005988 
0.000550923 
0.000641845 
0.000588449 
0.000566287 
0.00055484 
0.000557405 
0.000548328 
0.000554361 
0.000567156 
0.000667809 
0.000633493 
0.000779879 
0.00061502 
0.000753194 
0.000667665 
0.000619204 
0.000619381 
0.000646183 
0.000633036 
0.000646311 
0.000649805 
0.000686765 
0.000625262 
0.000617794 
0.000606132 
0.000605647 
0.0006582 
0.000614543 
0.000539861 
0.00050189 
0.000514764 
0.000638035 
0.000543615 
0.000548235 
0.000525797 
0.000482544 
0.000549466 
0.000509808 
0.000534847 
0.000648154 
0.000521423 
0.000502695 
0.000580139 
0.000595681 
0.000609351 
0.000590719 
0.000575051 
0.000629398 
0.00067265 
0.000656532 
0.000717067 
0.000573606 
0.000546947 
0.000497329 
0.000561484 
0.000534379 
0.000582269 
0.000545232 
0.000550171 
0.000490349 
0.000477368 
0.000456932 
0.000430299 
0.000523202 
0.000517381 
0.000483892 
0.000504738 
0.000471026 
0.000460284 
0.000504666 
0.000481995 
0.000481311 
0.000474479 
0.000492748 
0.000517615 
0.000466836 
0.000512192 
0.000553381 
0.000568385 
0.000548501 
0.00104296 
0.000905393 
0.000627744 
0.000562249 
0.000593764 
0.00055827 
0.000523355 
0.000524765 
0.00051954 
0.000508554 
0.000526389 
0.00057688 
0.000515025 
0.000516508 
0.000534486 
0.000488468 
0.000459892 
0.000517977 
0.000506762 
0.000512511 
0.000514053 
0.000491312 
0.000528029 
0.000510768 
0.000505603 
0.000477793 
0.000519154 
0.000463092 
0.000597873 
0.000664538 
0.00101677 
0.00138085 
0.0014069 
0.00118256 
0.00119971 
0.000991593 
0.00119285 
0.000843306 
0.000667313 
0.000526347 
0.000366551 
0.000309645 
0.000291864 
0.000304268 
0.000316761 
0.000344007 
0.000318723 
0.000328049 
0.000292787 
0.000300263 
0.00026381 
0.00028134 
0.000265615 
0.000266503 
0.000296376 
0.000292631 
0.000280624 
0.000304784 
0.00029155 
0.000276504 
0.000312947 
0.000342607 
0.000335372 
0.000352744 
0.000406847 
0.000430108 
0.000429316 
0.000406952 
0.000371164 
0.000317521 
0.000372994 
0.000385692 
0.00037013 
0.000327133 
0.000346781 
0.000314538 
0.000359812 
0.000410685 
0.000475242 
0.000393227 
0.000444835 
0.000503974 
0.000465762 
0.000448752 
0.00045634 
0.000456508 
0.000499854 
0.000476376 
0.000438894 
0.000422891 
0.000434589 
0.000343833 
0.000348912 
0.000358686 
0.00042454 
0.000462812 
0.000460114 
0.000409039 
0.0004685 
0.000442189 
0.000419432 
0.000391559 
0.000363646 
0.000399908 
0.000389728 
0.000409463 
0.000413317 
0.000474204 
0.000439735 
0.000448888 
0.000497837 
0.000421678 
0.000413916 
0.000411809 
0.000365225 
0.000427471 
0.000484913 
0.000511771 
0.000697347 
0.000551201 
0.00035823 
0.000483528 
0.000466142 
0.000602884 
0.000555912 
0.000595536 
0.000976943 
0.00106078 
0.000798296 
0.000730551 
0.000643787 
0.000930094 
0.000940805 
0.00102762 
0.00117687 
0.00163522 
0.0011884 
0.000948031 
0.00067018 
0.000655334 
0.000490613 
0.000684815 
0.000476926 
0.000314771 
0.00035239 
0.000669117 
0.00042616 
0.000225501 
0.000227466 
0.000232121 
0.000329176 
0.000697106 
0.000195225 
0.000230945 
0.000111082 
2.91697e-05 
1.17776e-05 
2.80399e-06 
7.08211e-07 
4.07068e-07 
0 
0 
4.02871e-05 
6.42425e-06 
0 
3.28715e-08 
6.10013e-08 
1.1633e-07 
3.29581e-06 
3.21825e-06 
0 
0 
7.69757e-07 
1.17635e-05 
3.57578e-05 
1.30428e-05 
1.6436e-05 
0 
0 
4.39691e-06 
1.2541e-05 
3.76347e-05 
3.14052e-05 
0 
7.80545e-07 
0 
2.27931e-06 
6.66446e-06 
1.7322e-05 
2.05847e-05 
4.18877e-05 
5.07678e-05 
4.34591e-05 
5.03655e-05 
4.58896e-05 
1.84702e-05 
0.000171473 
0.000227127 
2.29957e-05 
2.56563e-05 
6.89835e-06 
1.79877e-08 
1.54702e-07 
1.06179e-06 
1.05102e-05 
9.02958e-06 
2.25175e-06 
0 
1.66073e-06 
8.31324e-07 
1.91416e-06 
1.41587e-06 
0 
5.47246e-07 
9.41783e-07 
2.34351e-05 
6.83604e-05 
3.25338e-05 
0 
5.06053e-06 
2.46125e-05 
0 
1.20105e-05 
1.80787e-05 
2.94331e-06 
3.18832e-07 
3.32317e-06 
6.93289e-06 
8.99526e-06 
6.49443e-06 
0.00016457 
0.000225185 
5.85505e-05 
6.77884e-05 
3.91916e-05 
8.14143e-05 
6.45027e-05 
6.22395e-05 
3.09708e-05 
2.4397e-05 
3.60434e-05 
3.1363e-05 
3.23778e-05 
2.13857e-05 
3.39362e-05 
5.53119e-05 
5.13233e-06 
2.17921e-05 
9.64046e-06 
1.14186e-05 
2.00276e-05 
6.83452e-06 
4.339e-06 
5.87169e-07 
1.23941e-06 
0 
4.66604e-06 
4.60029e-05 
4.26031e-05 
0.000130808 
0.000134166 
0.000100119 
0.000193518 
0.000148238 
0.000136176 
9.09378e-05 
8.63076e-05 
7.11022e-05 
7.66514e-05 
0.000125045 
0.000189933 
0.000323103 
0.000406176 
0.000360563 
0.000411566 
0.000341306 
0.000378784 
0.00034792 
0.000330835 
0.000433265 
0.000592574 
0.000463178 
0.000444672 
0.000579808 
0.000349661 
0.000304199 
0.000200457 
0.000209364 
0.000224986 
0.000154782 
0.000153626 
0.000163523 
0.000198059 
0.000153468 
8.79808e-05 
9.53728e-05 
0.000109711 
8.30435e-05 
9.47348e-05 
0.00022408 
0.00026884 
0.000245355 
0.000335572 
0.000417134 
0.000509428 
0.000821292 
0.00091276 
0.000868385 
0.000629392 
0.000568969 
0.000538847 
0.000476659 
0.000617291 
0.000539283 
0.000557203 
0.000618709 
0.000534643 
0.000638302 
0.000657571 
0.000521909 
0.000455196 
0.000424992 
0.000332871 
0.000373269 
0.000366921 
0.000425459 
0.000439993 
0.000412107 
0.00031358 
0.000275901 
0.000274845 
0.000276937 
0.000286408 
0.000321551 
0.000343305 
0.000391462 
0.000456782 
0.000572667 
0.000485368 
0.00036827 
0.00042627 
0.000614393 
0.000617806 
0.000652972 
0.000564921 
0.000532389 
0.000459378 
0.000461856 
0.000369466 
0.00044697 
0.000436044 
0.000459337 
0.000377016 
0.000468342 
0.000375859 
0.000383524 
0.000395977 
0.000410416 
0.000481206 
0.000518668 
0.000675655 
0.000652575 
0.00071481 
0.0007839 
0.00070791 
0.000830619 
0.000722473 
0.000804503 
0.000760157 
0.000804162 
0.000806225 
0.000648832 
0.000619371 
0.000629846 
0.000631522 
0.000744673 
0.000836782 
0.000926281 
0.00109173 
0.000991563 
0.00101485 
0.00110333 
0.00121354 
0.00109357 
0.00106861 
0.00113359 
0.00100319 
0.000854948 
0.000841829 
0.000875488 
0.000937854 
0.00104479 
0.00113327 
0.00124627 
0.00126502 
0.00115422 
0.000900588 
0.000685037 
0.000997392 
0.000922225 
0.000800642 
0.00066467 
0.000888481 
0.000728583 
0.000780445 
0.000726276 
0.000627378 
0.000448598 
0.000276725 
0.000361385 
0.000363634 
0.000331291 
0.000300002 
0.000306023 
0.000508166 
0.000554773 
0.000670616 
0.000797949 
0.00077169 
0.000845832 
0.000501859 
0.000571901 
0.00051325 
0.000411116 
0.000405512 
0.000387177 
0.00038693 
0.000386286 
0.000409527 
0.000424933 
0.000382603 
0.000439095 
0.000445791 
0.000502887 
0.000469726 
0.000523511 
0.000573306 
0.000655777 
0.000510061 
0.000475264 
0.000444468 
0.000358977 
0.000417669 
0.000440874 
0.000483569 
0.000508066 
0.000489647 
0.000511808 
0.000613514 
0.000574288 
0.000442126 
0.000481357 
0.000509278 
0.000497175 
0.000505859 
0.000492141 
0.000462283 
0.000504146 
0.00050075 
0.000500935 
0.000470975 
0.00059465 
0.000540984 
0.000552915 
0.000519036 
0.000564247 
0.000570696 
0.000556918 
0.000636798 
0.000755924 
0.00075613 
0.000808227 
0.000873685 
0.000892977 
0.000893046 
0.000956085 
0.000995971 
0.00107959 
0.00119385 
0.00126463 
0.00126409 
0.00128635 
0.00127496 
0.00128953 
0.00126953 
0.00115623 
0.00137339 
0.00147548 
0.0012643 
0.00142165 
0.00131982 
0.00123235 
0.0012532 
0.00119687 
0.00118337 
0.00120734 
0.00124653 
0.00117194 
0.00110993 
0.00119818 
0.00116456 
0.00105683 
0.00108958 
0.00102882 
0.00113407 
0.00116769 
0.00122749 
0.0012395 
0.0012163 
0.00133036 
0.00123418 
0.00138419 
0.00128787 
0.00133128 
0.00134532 
0.00136502 
0.00139442 
0.00118483 
0.00118013 
0.00105922 
0.00118652 
0.00122482 
0.00128949 
0.0013802 
0.00125413 
0.00129526 
0.00128634 
0.00128919 
0.0013828 
0.00133861 
0.00132845 
0.00135431 
0.00130754 
0.00120465 
0.00135187 
0.00135503 
0.00136052 
0.00124134 
0.00116046 
0.00139783 
0.00139362 
0.00132844 
0.00133196 
0.00130991 
0.00141624 
0.00137468 
0.00138367 
0.00141793 
0.00140752 
0.0013032 
0.00125891 
0.00116037 
0.00108582 
0.00102979 
0.00100698 
0.00117021 
0.00112102 
0.00106667 
0.00101996 
0.00103509 
0.00104877 
0.000995919 
0.00100114 
0.00103792 
0.00107328 
0.00110924 
0.0010293 
0.000998446 
0.000983282 
0.00107728 
0.00109592 
0.00110696 
0.00103177 
0.00102835 
0.00109173 
0.00104866 
0.000994102 
0.000997143 
0.00102721 
0.000959809 
0.00105787 
0.0010233 
0.00104802 
0.00108443 
0.00105736 
0.00109019 
0.00100133 
0.0010965 
0.00110876 
0.00104551 
0.00104229 
0.00100995 
0.00100243 
0.00110676 
0.000971536 
0.000997419 
0.00104106 
0.000923227 
0.00106881 
0.00103647 
0.00106902 
0.00117499 
0.00132173 
0.00126865 
0.0014476 
0.00144328 
0.0014118 
0.00155721 
0.00149616 
0.0014365 
0.00135153 
0.00153676 
0.001342 
0.00131925 
0.00130328 
0.00127633 
0.00136715 
0.00143165 
0.00151146 
0.00136019 
0.00135538 
0.00129466 
0.0013809 
0.00136088 
0.00141835 
0.0015552 
0.00142963 
0.00151169 
0.00149019 
0.00156044 
0.00144573 
0.00133085 
0.00115028 
0.0010756 
0.00111987 
0.00102074 
0.00108706 
0.00112735 
0.00104061 
0.00103893 
0.00110715 
0.0011138 
0.0010812 
0.00119536 
0.00128793 
0.00157038 
0.00121507 
0.00111263 
0.00112746 
0.00104332 
0.00109108 
0.000992203 
0.00096219 
0.000882586 
0.000949813 
0.000848125 
0.000817325 
0.000784082 
0.00073867 
0.000638045 
0.00053517 
0.000479128 
0.000514696 
0.000504356 
0.000473594 
0.000473458 
0.000423958 
0.000391581 
0.00039592 
0.000405657 
0.000376439 
0.000364585 
0.000376062 
0.000348536 
0.000282117 
0.000227704 
0.000234325 
0.000186555 
0.000175955 
0.000223617 
0.000230181 
0.000191475 
0.000188932 
0.000211251 
0.000164414 
0.000118057 
0.000118631 
0.000254808 
0.000131993 
0.00011678 
0.000117852 
0.000103354 
0.000100261 
0.000100023 
9.41086e-05 
9.34323e-05 
0.000106712 
0.000127993 
0.000130592 
0.000146006 
0.000162078 
0.000135781 
0.000183484 
0.000160338 
0.000186245 
0.000172711 
0.000163815 
0.00015508 
0.000171403 
0.000193291 
0.000211592 
0.000247758 
0.000226232 
0.00025563 
0.000219346 
0.000147298 
0.000163918 
0.000224265 
0.000193073 
0.000182857 
0.000176752 
0.000243342 
0.000239068 
0.00022168 
0.000191625 
0.000187135 
0.000197688 
0.000212997 
0.000211444 
0.000270377 
0.000293219 
0.000339669 
0.000353903 
0.00036991 
0.000373722 
0.000322159 
0.000199207 
0.000253798 
0.000309266 
0.000272991 
0.000227952 
0.000235106 
0.000237347 
0.000290195 
0.00028971 
