400 100 199
-0.0020525 -0.232301
0.420351 -0.850528
2.90599 -0.974278
3.45078 -1.31674
5.49938 -1.31114
5.67046 -1.37552
5.73239 -1.38935
5.73677 -1.34174
5.74861 -1.3779
5.75737 -1.31748
5.79539 -1.50739
5.86138 -1.37259
6.01691 -1.43199
6.1674 -1.59446
6.39569 -1.62138
6.43297 -1.86955
6.50265 -2.03461
6.62752 -1.96473
6.62163 -2.1357
6.685 -2.14513
6.70037 -2.19582
6.73782 -2.23676
6.74533 -2.32807
6.73148 -2.51082
6.76573 -2.42249
7.00179 -2.53363
7.79257 -2.59426
8.48543 -2.7717
9.00073 -2.8615
9.02647 -2.99087
9.17119 -2.99429
9.21748 -2.93834
9.21756 -2.96626
9.25106 -3.03142
9.26674 -3.49136
9.32358 -3.4429
9.29184 -3.4842
9.28552 -3.36672
9.29176 -3.76816
9.3811 -4.21725
9.38351 -4.01602
9.34699 -4.16776
9.31663 -4.17848
9.32331 -4.26309
9.29974 -4.15922
9.35498 -4.18227
9.40933 -4.16468
9.4445 -4.29033
9.39181 -4.86004
9.36393 -4.93944
9.36262 -4.93348
9.41936 -5.00677
9.35652 -5.0981
9.40744 -5.27205
9.39057 -5.13991
9.47943 -5.35526
9.42122 -5.63176
9.40271 -5.70801
9.40744 -5.60221
9.36903 -6.21763
9.44349 -6.159
9.45276 -6.10213
9.38734 -6.32898
9.34737 -6.16946
9.34869 -6.22351
9.36577 -6.20453
9.32951 -6.18443
9.36161 -6.25118
9.38825 -6.246
9.38472 -6.22845
9.38348 -6.28144
9.40837 -6.28019
9.40295 -6.30804
9.45761 -6.34383
9.4635 -6.51174
9.45646 -6.65342
9.46853 -6.89089
9.43846 -6.89494
9.43322 -6.84695
9.44555 -6.90174
9.42029 -6.84425
9.45789 -6.99889
9.45555 -6.86733
9.47738 -6.92708
9.46265 -6.89579
9.49321 -6.86148
9.49509 -6.89792
9.50271 -6.93158
9.49238 -7.11763
9.47985 -7.14759
9.50254 -7.16046
9.50035 -7.14134
9.49782 -7.11042
9.50097 -7.11508
9.49791 -7.2068
9.50054 -7.25081
9.48441 -7.37968
9.49404 -7.38957
9.47438 -7.42629
9.41112 -7.39345
9.44569 -7.2991
9.40242 -7.38467
9.48899 -7.40615
9.51195 -7.38254
9.55682 -7.32751
9.50088 -7.38851
9.49851 -7.69309
9.49171 -7.68699
9.45666 -7.73571
9.47868 -7.7461
9.49796 -7.87163
9.49513 -7.85489
9.50221 -7.89267
9.50407 -7.88697
9.50381 -7.91597
9.4994 -7.84846
9.50867 -7.77263
9.49911 -7.86895
9.49919 -7.92612
9.50405 -7.95801
9.52557 -7.8631
9.50006 -7.94529
9.44266 -7.93443
9.47943 -7.9778
9.50891 -7.92433
9.49962 -7.98152
9.47852 -7.98089
9.50104 -8.00317
9.50476 -8.02889
9.50969 -7.99321
9.55734 -7.93924
9.52533 -7.96474
9.52772 -7.94402
9.50833 -7.92009
9.56305 -7.95192
9.61742 -7.94177
9.55839 -7.92415
9.50185 -8.01765
9.54391 -7.95612
9.48195 -8.02273
9.4789 -7.96836
9.49577 -8.01929
9.50357 -7.97081
9.49255 -7.95798
9.50133 -7.90495
9.50097 -7.93008
9.50372 -7.98325
9.50291 -8.0515
9.50341 -7.9623
9.50931 -8.10543
9.50903 -7.9792
9.50079 -8.01921
9.50129 -7.96662
9.50217 -7.89217
9.5009 -7.93775
9.50097 -7.93498
9.50174 -7.90991
9.50401 -7.97045
9.52067 -7.94179
9.50191 -7.94904
9.50042 -7.95364
9.50369 -7.96234
9.50648 -7.90402
9.51436 -7.94853
9.50147 -7.95108
9.50675 -7.99737
9.54844 -7.9405
9.55011 -7.9564
9.53668 -7.89368
9.55086 -8.06087
9.50531 -8.16279
9.51317 -8.19259
9.50908 -8.221
9.51947 -8.2094
9.60497 -8.22426
9.62869 -8.37378
9.59986 -8.36308
9.61083 -8.39693
9.75954 -8.39725
9.69867 -8.406
9.84206 -8.38459
9.94297 -8.41502
10.0541 -8.45353
9.94005 -8.45737
9.81668 -8.50767
9.8268 -8.55677
9.78879 -8.51218
9.70491 -8.4957
9.68879 -8.57889
9.68064 -8.60531
9.76997 -8.5919
9.6931 -8.59127
9.6604 -8.60884
9.52995 -8.60818
9.5193 -8.68208
9.53588 -8.68332
9.59669 -8.6669
9.63888 -8.69115
9.51277 -8.6542
9.58688 -8.65843 9.58299
9.54341 -8.68995 9.53003
9.59197 -8.70775 9.50888
9.59632 -8.66915 9.49867
9.62357 -8.68849 9.49628
9.63936 -8.74441 9.47202
9.79222 -8.65285 8.87737
9.83701 -8.73599 8.75633
9.80254 -8.7934 8.44332
9.80413 -8.71873 8.34205
9.76711 -8.72391 8.25291
9.65781 -8.60075 8.13236
9.73587 -8.73619 7.70414
9.78136 -8.8453 7.74786
9.74927 -8.79806 7.51065
9.7408 -8.90673 7.51439
9.89605 -8.90451 7.33813
9.91518 -8.87852 7.2939
9.80176 -8.76491 7.27349
9.6977 -8.68689 7.30131
9.64902 -8.69357 7.26431
9.64604 -8.72799 6.4188
9.5626 -8.71007 6.07953
9.57594 -8.72261 6.07276
9.63502 -8.70681 5.91159
9.625 -8.70748 6.00327
9.6525 -8.72971 5.50937
9.54589 -8.72433 5.49424
9.51647 -8.70329 5.05893
9.59457 -8.73655 4.94839
9.52749 -8.69306 4.89379
9.57624 -8.665 4.82501
9.67472 -8.66607 4.77589
9.72127 -8.70073 4.72272
9.81534 -8.70896 4.72498
9.89249 -8.69144 4.60604
9.98659 -8.70542 4.62769
9.98969 -8.66397 4.70105
9.91444 -8.71348 4.50306
9.79545 -8.67506 4.59496
9.69018 -8.69093 4.50072
9.80574 -8.726 4.4579
9.79677 -8.72207 4.26108
9.8269 -8.85976 4.37076
9.93501 -8.74911 4.3083
9.81232 -8.75 3.84233
9.75517 -8.78421 3.77751
9.72034 -8.77912 3.7624
9.60813 -8.69507 3.78181
9.75675 -8.69842 3.54973
9.81047 -8.65326 3.51909
9.64781 -8.67846 3.59552
9.67718 -8.67969 3.5886
9.66846 -8.67842 3.24151
9.63385 -8.65733 2.77303
9.57493 -8.68817 2.30184
9.6378 -8.67753 1.73589
9.64474 -8.61642 1.44715
9.6183 -8.66182 1.54315
9.54459 -8.68694 1.54219
9.52985 -8.6761 1.32241
9.53783 -8.65439 1.48248
9.54817 -8.68096 1.40845
9.57743 -8.65246 1.557
9.61988 -8.61705 1.38196
9.71884 -8.67309 1.44835
9.60127 -8.64825 1.28657
9.80076 -8.66393 1.29629
9.87664 -8.67835 1.31387
9.86912 -8.66863 1.3185
10.0159 -8.66601 1.23739
9.9508 -8.66692 1.28007
9.87516 -8.70706 1.34923
9.97299 -8.67331 0.984691
10.0317 -8.60779 0.776632
10.1253 -8.6207 0.399944
10.0506 -8.69775 0.329113
10.1958 -8.67014 0.296989
10.2753 -8.69227 0.332496
10.2871 -8.62252 0.457727
10.3414 -8.66736 0.244636
10.4997 -8.65685 0.234749
10.5589 -8.64585 0.0136425
10.5183 -8.67238 -0.180156
10.5497 -8.69054 -0.168426
10.5715 -8.67603 -0.16879
10.4673 -8.66269 -0.719089
10.5358 -8.60873 -0.984054
10.5215 -8.70517 -0.778504
10.2967 -8.88637 -0.69993
10.2041 -8.91243 -0.731972
10.0909 -9.03413 -0.878896
10.3341 -8.87225 -0.937711
10.4407 -8.99058 -0.803631
10.5064 -8.95629 -0.954919
10.4921 -8.89782 -1.06842
10.4766 -8.94719 -1.02871
10.5623 -8.97928 -1.30122
10.6251 -9.10865 -1.12544
10.5588 -8.88636 -1.30293
10.5777 -8.87684 -1.24679
10.5587 -8.95712 -1.26244
10.6571 -9.05523 -1.52719
10.6903 -8.90141 -1.58454
10.6855 -8.95253 -1.47331
10.6109 -8.91384 -1.52846
10.6727 -9.18744 -1.52246
10.6028 -9.22476 -1.70892
10.6609 -9.02838 -1.76396
10.7133 -8.9068 -1.87134
10.5664 -8.84534 -1.93783
10.4286 -8.97855 -2.13213
10.3682 -8.87599 -2.22614
10.3895 -8.89017 -2.29437
10.4365 -9.01084 -2.39721
10.2229 -8.83741 -2.54092
10.3106 -9.01851 -2.60602
10.3237 -9.12409 -2.46406
10.2278 -9.09452 -2.34512
10.1736 -9.13752 -2.41816
10.2687 -9.15325 -2.53578
10.3621 -9.01376 -2.58281
10.4095 -8.87083 -2.48454
10.2 -8.89317 -2.62678
10.0395 -8.93639 -2.97012
9.99817 -9.03433 -2.88736
10.0004 -8.87809 -2.84205
10.1067 -8.91463 -3.14458
10.0804 -8.85913 -2.92919
10.0608 -9.19644 -2.97928
10.1416 -8.96323 -3.18886
10.1037 -8.84398 -3.20224
10.2278 -8.94923 -3.29115
10.0552 -8.97226 -3.2699
10.042 -8.78918 -3.23096
10.1038 -8.90656 -3.39889
10.0756 -8.76275 -3.32127
10.1388 -8.8482 -3.29535
10.2113 -8.94139 -3.33869
10.133 -8.85923 -3.44299
10.2323 -8.68926 -3.6615
10.237 -8.99607 -3.77074
10.1659 -8.92344 -3.68211
10.11 -8.81879 -3.51011
10.1436 -8.97661 -3.53445
10.2218 -8.89828 -3.59374
10.1085 -8.98164 -3.65743
9.91271 -8.79142 -3.72285
10.0426 -8.88326 -3.82935
9.96539 -8.90843 -3.87779
10.0265 -9.10735 -4.10681
10.0635 -9.11538 -4.41713
10.0859 -9.14307 -4.70771
10.1217 -9.06248 -4.72281
10.1819 -9.09682 -4.61842
10.0982 -9.14933 -4.61991
10.2055 -9.14588 -4.64032
10.0581 -9.05573 -4.69509
10.0045 -8.90185 -4.63041
10.0499 -9.28493 -4.75861
10.1254 -9.11544 -4.84369
10.0077 -9.25154 -4.81254
9.98621 -9.21977 -4.86444
9.99853 -9.11217 -4.88435
10.0248 -9.10964 -4.98365
9.96737 -9.22135 -4.88301
10.009 -9.1729 -5.0319
10.075 -9.33853 -4.95599
10.1903 -9.29862 -4.95397
10.0888 -9.10567 -4.97958
10.1708 -9.12139 -4.85861
10.0955 -9.16058 -4.98526
9.97911 -9.14391 -4.93868
10.1042 -9.21759 -4.94847
10.2601 -8.9781 -4.86466
10.2898 -8.87594 -5.00699
10.2524 -8.87776 -4.94976
10.451 -8.88786 -4.86366
10.2987 -8.94638 -4.86946
10.4317 -9.03785 -4.89452
10.5494 -9.22357 -5.3263
10.5529 -9.22969 -5.47106
10.6491 -9.20342 -5.46472
10.6466 -9.15933 -5.42432
10.6575 -9.19746 -5.42396
10.6944 -9.17828 -5.42059
10.6562 -9.22821 -5.50184
10.6567 -9.25151 -5.37606
10.6567 -9.19172 -5.47915
10.6522 -9.24739 -5.63186
10.6476 -9.21852 -5.4878
10.6689 -9.20825 -5.57547
10.6328 -9.19963 -5.55468
10.6428 -9.14624 -5.58568
10.6367 -9.18473 -5.56698
10.6869 -9.19677 -5.55473
10.6162 -9.11796 -5.54868
10.6348 -9.17805 -5.62832
10.5726 -9.21293 -5.5858
10.5819 -9.21161 -6.25291
10.5586 -9.18071 -6.19404
