400 100 199
0 0.000838107
-0.00286757 -0.493326
0.024808 -0.905874
1.31397 -1.34926
2.46259 -1.21269
2.44257 -1.45878
2.43194 -1.60105
2.48763 -1.57906
2.60766 -1.64485
2.73923 -1.61052
3.07011 -1.7678
3.39368 -2.15712
3.64706 -2.19095
3.77413 -2.15677
3.85731 -2.28534
3.91199 -2.55864
4.01214 -2.55083
4.13168 -2.83158
4.24187 -3.11369
4.47962 -3.16241
4.49456 -3.12738
4.55198 -3.02421
4.43253 -3.00315
4.40474 -2.92649
4.47119 -2.91256
4.60642 -2.99442
5.03807 -3.25758
5.28193 -3.35967
5.80208 -3.92486
6.21693 -4.20055
6.67852 -4.29947
6.65354 -4.32094
6.9574 -4.26575
6.95634 -4.40189
7.02854 -4.74072
7.15146 -4.75252
7.11005 -4.71017
7.13847 -4.63462
7.17854 -4.63334
7.69795 -4.64151
8.07211 -4.68614
8.3739 -4.71514
8.95087 -4.78943
9.35644 -4.76744
9.57859 -4.81241
9.93352 -4.75003
9.63198 -4.94147
9.79986 -4.68215
10.2478 -4.92412
10.3699 -4.75371
9.79857 -4.86923
9.86019 -5.09518
9.79828 -5.41493
9.61396 -5.5696
9.59229 -5.51262
9.72381 -5.82134
9.41107 -5.88699
9.69924 -6.04639
9.69606 -6.0063
9.88395 -6.09824
9.97692 -6.05098
9.69588 -6.23787
9.39932 -6.39712
9.97067 -6.45413
9.59379 -6.57706
9.62823 -6.71738
8.97378 -6.90391
9.53957 -6.96512
9.66992 -6.98467
9.59283 -7.06369
9.56715 -7.1513
9.78117 -7.24249
9.59411 -7.38858
9.24813 -7.39976
9.61161 -7.58646
9.41432 -7.86889
9.71458 -7.90826
9.91664 -7.90384
9.81929 -7.98822
9.46574 -7.80493
9.53194 -7.77969
9.72839 -8.08403
9.73571 -7.97688
9.86246 -7.99372
9.70415 -7.99641
9.53294 -8.14891
9.87046 -8.05376
9.20305 -8.12926
9.69438 -8.06381
9.53565 -8.18713
9.26887 -8.48703
9.6378 -8.45146
9.74506 -8.43112
9.67296 -8.43186
9.46448 -8.43249
9.19811 -8.51001
9.41844 -8.20229
9.45655 -8.15032
9.56815 -8.14573
9.59538 -8.08033
9.82748 -8.54907
9.58995 -8.55141
9.80877 -8.45241
9.54313 -8.6598
9.52365 -8.44939
9.53698 -8.6585
10.007 -8.88191
9.98616 -9.02495
9.97034 -8.99452
9.95436 -8.75096
9.87282 -8.64967
9.99817 -8.93643
9.79464 -8.94824
9.76846 -8.64122
9.55077 -8.86624
9.50547 -8.9307
9.5608 -8.82028
9.4427 -9.05826
9.71215 -8.82711
9.65383 -9.03409
9.54196 -8.90058
9.47136 -9.07559
9.58332 -8.99211
9.66432 -8.8599
9.87585 -9.00507
9.33698 -9.08297
9.60936 -9.02158
9.35618 -9.01841
9.71704 -8.8209
10.0765 -8.89906
10.0242 -9.10048
9.81285 -9.14563
9.83172 -8.85616
10.0222 -8.88985
9.94694 -8.73651
9.83139 -8.79948
10.0909 -8.867
9.76193 -8.83895
9.87368 -8.95717
9.65949 -8.90389
9.36668 -8.75551
9.46753 -8.8329
9.35771 -8.84944
9.44157 -8.76019
9.67756 -8.93804
9.47685 -9.08555
9.4593 -9.0183
9.63379 -9.11991
9.83812 -9.03523
9.34819 -8.67199
9.2674 -8.77136
9.41363 -8.67768
9.24091 -8.85644
9.48473 -8.79477
9.43717 -8.62181
8.92823 -8.54109
9.46781 -8.51372
9.22986 -8.76489
9.3224 -8.62454
9.55111 -8.74397
9.48364 -8.60101
9.88229 -8.58374
9.68311 -8.68362
9.89924 -8.66539
9.65931 -8.44745
9.7674 -8.50032
9.51179 -8.46707
9.61856 -8.42051
9.68592 -8.51653
9.34595 -8.91649
9.19534 -8.70371
9.04934 -8.9782
9.28095 -8.85115
9.39233 -9.13146
9.6384 -9.03968
9.46496 -8.95858
9.56982 -8.88446
9.61299 -8.93744
10.087 -9.04216
10.083 -9.05098
9.58393 -9.26172
9.86336 -8.95353
9.68125 -8.9353
9.74815 -8.82107
9.51522 -9.11902
9.29918 -9.23392
9.60832 -9.2074
9.53117 -9.11992
9.32437 -9.11012
9.54714 -9.07122
9.50183 -9.11908
9.51957 -9.0515
9.65116 -9.2864
9.58602 -9.03153
9.31215 -9.01527
9.38538 -9.26164
9.731 -9.10066
9.8083 -9.36045
9.72162 -9.24009
9.63552 -9.46987 9.59559
9.20152 -9.29215 -8.67052
9.42322 -9.36616 -8.91821
9.56582 -9.20496 -8.95031
9.2281 -9.10107 -9.13618
9.06405 -9.21719 -9.2849
9.32933 -9.13537 -9.45926
9.08772 -8.97575 -9.38192
8.96279 -9.09437 -9.5347
9.09107 -8.94669 -9.46283
8.89305 -8.85478 -9.57208
8.96776 -9.01947 -9.90405
9.11561 -9.27904 -9.58711
9.22188 -9.47767 -9.66718
8.99591 -8.81022 -9.71686
9.17183 -9.01338 -9.73375
9.16518 -9.17821 -9.68054
9.03418 -9.13404 -9.47505
9.32898 -9.0736 -9.44504
9.21033 -9.06963 -9.25136
9.00012 -9.22564 -9.68137
9.17494 -9.1268 -9.39285
9.23279 -9.46596 -9.69291
9.21168 -9.15207 -9.71982
9.45468 -9.2401 -9.50754
9.65581 -9.1143 -9.4564
9.19041 -9.3534 -9.38919
9.1949 -9.47457 -9.27457
9.59402 -9.17843 -9.24084
9.13719 -9.52677 -9.24766
9.21745 -9.28714 -9.31321
9.61561 -9.45549 -9.07582
9.71532 -9.08039 -9.11238
9.50634 -9.38882 -9.13796
9.4799 -8.91669 -9.38859
9.43851 -8.8031 -9.24063
8.86797 -8.92817 -9.10844
9.43297 -8.92827 -9.29517
8.84144 -8.83269 -9.04349
9.38509 -8.93356 -8.8393
8.90776 -9.00374 -9.398
9.31246 -9.09664 -9.58377
9.36776 -9.06029 -9.23202
9.56889 -9.14539 -9.30475
9.41105 -9.10129 -9.2265
9.08812 -9.20519 -9.18844
9.36681 -9.01527 -9.21815
8.98627 -9.02759 -9.10882
9.26688 -9.11277 -9.26752
8.90433 -8.89432 -9.38697
9.22993 -8.91193 -9.33604
9.2731 -8.88744 -9.44258
9.20035 -9.27394 -9.43793
9.76186 -9.40501 -9.17761
9.52989 -9.32818 -9.1857
9.44303 -9.25065 -9.25721
9.16482 -9.54407 -9.32404
9.58144 -9.34293 -9.27271
9.56672 -9.29907 -9.32264
9.71764 -9.54573 -9.42894
9.73799 -9.43698 -9.67128
9.59044 -9.57648 -9.45512
9.59128 -9.32765 -9.33878
9.00211 -9.34905 -9.36398
9.45469 -9.09971 -9.56561
9.44031 -8.80017 -9.20635
9.47908 -9.37489 -9.2404
9.24492 -9.12331 -9.25687
9.53728 -9.50165 -9.29165
9.40419 -9.77105 -8.93764
9.25374 -9.46324 -9.32029
9.13882 -9.37332 -9.4084
9.45013 -9.12324 -9.64393
9.20667 -9.23687 -8.99056
9.27951 -9.35811 -9.21409
9.32999 -9.33793 -9.05862
9.14835 -9.20741 -9.34308
9.13589 -8.89829 -9.04696
9.27271 -9.07187 -9.25623
9.04836 -9.31919 -8.87501
9.48505 -9.0623 -8.9283
9.37815 -9.20809 -9.14934
9.20694 -9.24774 -9.09516
9.40184 -9.06475 -9.02255
9.62751 -9.52929 -9.20368
9.61094 -9.15457 -9.38587
9.54282 -9.07709 -9.18668
9.23642 -9.03365 -9.18234
9.40766 -9.12614 -9.3863
9.7395 -9.02654 -9.12187
9.64513 -9.33217 -9.43989
9.41742 -9.03087 -9.42526
9.12608 -9.51443 -9.24761
8.90635 -9.15804 -9.0817
9.17721 -9.14832 -9.25452
9.14196 -9.16438 -9.31244
9.3754 -9.11506 -9.30513
9.21433 -9.2028 -9.25163
8.89268 -9.38959 -9.38627
9.45356 -9.27006 -9.29613
9.36862 -9.1822 -9.23897
9.38703 -8.9535 -9.27066
9.26235 -8.85193 -9.34105
9.4527 -8.82102 -9.2385
9.38114 -8.94346 -9.09376
9.16204 -8.93943 -9.32028
9.46617 -9.2066 -9.32059
9.78204 -9.15614 -9.1962
9.54396 -8.99076 -9.18864
9.65724 -8.88808 -9.50469
9.56212 -8.84813 -9.37169
9.52134 -9.02256 -9.65177
9.47889 -9.07645 -9.27057
8.86224 -8.93581 -9.39378
9.07936 -9.23499 -9.47934
9.20926 -9.00224 -9.35417
9.02523 -8.90084 -9.57354
8.99552 -8.72382 -9.53078
8.91709 -8.56999 -9.6174
9.39242 -9.18629 -9.72361
8.9416 -9.04771 -9.52612
9.24514 -8.71574 -9.35787
9.57586 -9.1724 -9.70397
9.37558 -8.69985 -9.55696
9.57826 -8.86476 -9.68004
9.75621 -8.70675 -9.37459
9.6077 -8.58832 -9.53574
9.47018 -8.95041 -9.25028
9.76068 -9.01669 -9.31578
9.27967 -9.02738 -9.47033
9.14018 -8.95382 -9.69344
9.23069 -8.9881 -9.61818
9.28499 -8.91847 -9.5173
9.0372 -9.22452 -9.585
9.0852 -9.41185 -9.27778
9.56737 -9.33471 -9.70078
9.42732 -9.28802 -9.71872
9.37286 -9.40495 -9.43718
9.3987 -9.31719 -9.36016
9.18411 -9.21927 -9.51137
9.26717 -9.11485 -9.29586
9.47308 -9.02571 -9.28012
9.52727 -9.4612 -9.15027
9.33032 -9.32462 -9.07275
9.47993 -9.18316 -9.31302
9.49158 -8.99908 -9.05257
9.28067 -9.40259 -9.08875
8.892 -9.22192 -9.06737
9.19175 -9.11666 -8.72868
9.11859 -9.07181 -9.07422
9.15301 -9.20001 -8.88542
9.15213 -9.21352 -9.00461
9.4818 -8.98165 -9.11952
8.98438 -9.17342 -9.07914
9.35476 -8.88707 -8.89787
9.45391 -8.85422 -8.98746
9.65709 -9.04214 -8.91415
9.54946 -8.84843 -8.91436
9.66961 -9.08967 -8.93558
9.11 -9.05432 -9.22538
9.57585 -9.04167 -9.24273
9.69368 -9.07881 -9.08925
9.7163 -8.6487 -8.89348
9.24551 -8.73115 -8.77567
9.30246 -8.95092 -8.85705
9.24206 -8.75712 -9.1699
9.39081 -8.76455 -9.14065
9.16071 -8.8022 -9.22214
9.54003 -9.12368 -8.87353
9.26812 -8.97986 -8.9256
9.40104 -9.00005 -9.48211
9.59676 -8.9043 -9.31069
9.44134 -9.05317 -9.34922
9.32354 -9.21185 -9.39859
9.38635 -9.26731 -9.46408
9.47468 -8.86148 -9.53417
9.64114 -9.42279 -9.23458
9.39022 -9.2835 -9.39087
9.33184 -9.16289 -9.62148
9.56173 -9.44364 -9.51066
9.46521 -9.26671 -9.41569
9.0971 -9.41506 -9.06034
9.08795 -9.35655 -8.85975
9.24407 -9.14363 -9.11203
9.40527 -9.09281 -9.24076
9.29612 -9.25777 -9.11386
9.42148 -9.12121 -9.50593
9.17119 -8.98924 -9.34734
9.53926 -9.01782 -9.37712
9.60897 -8.97798 -9.40301
9.3136 -8.85656 -9.50131
9.16445 -8.78975 -9.01943
9.46389 -8.8269 -9.30643
9.29622 -8.67815 -9.32943
9.39156 -8.77818 -9.13145
9.35766 -8.75113 -9.21111
9.12116 -8.89727 -9.09339
9.27935 -8.9082 -9.11917
9.67346 -8.64384 -9.2056
9.3528 -8.70738 -9.04824
9.26116 -8.88652 -8.91691
