201 100 10
6.59684 6.5476 6.74609 6.1957 6.6258 6.58756 6.79013 6.82525 6.31608 6.33457 6.27102 6.78377 
10.2842 -8.97735 -9.7052 -10.1305 -8.89748 -8.06224 -9.44607 -8.67805 -7.86704 -9.03747 -9.22053 -8.73232 
10.3565 -9.56997 -9.25333 -10.2197 -9.11693 -8.95302 -10.7659 -9.69946 -8.85541 -9.12806 -10.1657 -9.65504 
10.3138 -9.68519 -10.1118 -9.71107 -11.511 -10.2405 -10.6324 -8.63299 -9.39375 -9.21345 -8.92716 -8.59012 
9.44061 -10.0927 -11.5661 -10.0535 -9.90141 -10.7247 -10.2693 -9.19165 -10.8753 -10.1049 -10.0283 -8.11159 
9.70806 -9.69755 -9.3058 -9.94365 -9.66554 -9.65748 -8.97705 -9.30328 -10.0853 -11.0815 -9.8365 -9.17847 
9.81121 -9.74599 -9.39367 -9.70555 -10.5664 -9.06739 -9.95436 -9.43975 -8.90277 -10.3902 -10.3761 -9.63236 
10.2558 -9.60773 -9.33766 -9.48409 -9.07598 -9.57453 -9.47364 -9.64715 -10.6265 -8.83872 -10.2584 -9.76207 
9.96676 -9.82685 -9.59292 -9.64017 -9.34554 -9.39092 -9.03133 -10.3131 -10.5575 -9.44038 -10.9528 -9.96498 
9.73644 -9.86181 -10.3652 -10.1371 -9.56058 -9.02778 -9.26279 -9.50028 -11.6424 -10.1226 -9.24219 -9.56573 
9.79082 -9.83861 -10.6748 -9.97736 -10.4218 -8.96593 -9.18173 -9.61911 -10.986 -9.39838 -9.11158 -9.81947 
10.2806 -9.43912 -10.5784 -9.78253 -9.36541 -8.76912 -9.18675 -9.72225 -9.21634 -9.58488 -8.85672 -9.36956 
10.1393 -9.97553 -11.1054 -9.72358 -9.73259 -9.5347 -11.2322 -9.82079 -10.5367 -9.76089 -8.87532 -9.38729 
9.90545 -9.14157 -9.70738 -9.22154 -9.1457 -8.81007 -10.3737 -8.99894 -8.77956 -9.06759 -8.3961 -8.84469 
9.75626 -9.12956 -9.9403 -9.00294 -9.05834 -8.14356 -10.4194 -8.65761 -9.50219 -9.56687 -8.0187 -8.89822 
9.34072 -9.08135 -10.7693 -8.70133 -10.0602 -8.28646 -8.11945 -9.20207 -9.32329 -9.50574 -7.94103 -8.91843 
9.76947 -9.32636 -9.99621 -9.17158 -9.90003 -8.88042 -11.1117 -8.65269 -9.06439 -10.0307 -7.92389 -8.51058 
10.2348 -9.72278 -10.1997 -9.67619 -10.8744 -9.60013 -11.2829 -9.5512 -9.43811 -10.0195 -8.08417 -8.65322 
9.98022 -9.55685 -9.62039 -9.59252 -8.54883 -10.1608 -9.97832 -9.50016 -9.05193 -10.1493 -10.0978 -8.79199 
10.3012 -9.2286 -9.17747 -9.60845 -8.63351 -9.15729 -8.98315 -9.91719 -8.53876 -9.85836 -9.53768 -8.91926 
10.1313 -9.46867 -9.93713 -10.2126 -9.56374 -9.19554 -9.48974 -10.0708 -8.56273 -9.82717 -8.42534 -9.21598 
10.0815 -9.36684 -8.55745 -9.48968 -9.21953 -9.56122 -10.4908 -9.34124 -8.31404 -10.2013 -9.2506 -9.50277 
10.2482 -9.79433 -8.4611 -9.16094 -10.652 -9.63044 -10.9125 -9.95672 -9.11259 -10.133 -9.80555 -9.90799 
10.2402 -9.79761 -9.85041 -9.84284 -10.2052 -9.84585 -10.4345 -10.0359 -9.04056 -10.4835 -9.87886 -8.39628 
10.1039 -9.64351 -10.1465 -9.49192 -10.2639 -9.41349 -10.36 -10.1231 -9.12584 -9.87472 -8.91843 -8.88386 
9.84085 -9.50265 -9.64212 -9.19095 -10.1423 -9.22526 -9.7299 -10.2676 -8.89541 -9.8912 -9.03616 -9.21892 
10.1361 -9.51381 -9.89767 -9.89277 -9.53145 -9.24002 -9.59424 -9.57667 -9.29305 -9.9854 -8.9423 -9.09475 
9.78736 -9.41948 -9.42242 -9.57118 -9.77452 -9.00564 -9.7303 -9.56342 -9.08373 -10.4513 -8.78768 -8.86112 
9.78396 -9.25951 -9.0786 -9.01712 -9.90245 -8.96649 -8.75703 -9.88944 -8.82743 -10.8307 -9.30966 -7.85917 
9.82197 -9.31204 -10.0755 -8.86258 -10.2338 -8.86701 -9.70367 -9.35387 -9.13411 -10.5343 -8.32949 -7.79959 
9.77177 -9.3923 -9.53657 -8.77292 -9.94101 -9.58172 -9.36608 -9.67544 -9.62249 -10.7376 -9.0622 -7.68964 
9.83173 -9.6345 -9.05642 -9.1892 -10.1339 -9.75331 -9.89338 -10.1888 -9.537 -10.9288 -9.34387 -8.40959 
9.91715 -9.70178 -10.4354 -9.03997 -10.2482 -9.73093 -9.53408 -10.526 -9.65113 -9.91511 -9.64594 -8.3023 
9.69687 -9.83993 -10.2927 -9.14149 -10.2079 -10.1475 -10.5541 -9.45826 -10.1628 -10.3995 -10.0113 -8.16116 
9.72495 -9.84471 -10.3427 -9.40161 -10.4953 -10.1584 -9.32905 -9.9034 -9.90638 -9.78168 -10.9957 -8.22897 
9.57544 -9.72836 -9.51 -8.89982 -10.5905 -10.5166 -9.34571 -9.34381 -10.4612 -10.3232 -9.9628 -8.48262 
9.95984 -9.88652 -9.67078 -8.89333 -10.707 -9.96297 -10.1808 -10.3847 -10.5014 -9.9228 -9.89395 -8.64813 
9.68395 -9.64846 -9.13815 -9.0771 -10.0528 -10.2107 -10.0617 -10.3396 -9.67897 -9.82423 -9.00607 -9.23183 
9.8286 -9.68781 -9.39426 -9.15376 -10.3133 -10.0271 -10.3924 -9.92863 -9.84905 -9.73021 -8.7152 -9.18125 
9.75395 -9.37958 -9.37896 -8.15482 -10.1121 -9.09043 -10.7682 -9.99262 -10.1832 -9.3441 -8.25343 -8.86817 
9.38125 -9.73814 -9.30068 -8.73096 -10.6347 -10.5219 -10.4203 -10.3806 -10.2821 -10.003 -7.97619 -8.97375 
9.90831 -9.72013 -8.88504 -9.82398 -10.4717 -10.1325 -9.57113 -10.5107 -9.90607 -9.95523 -8.30215 -9.42703 
10.039 -9.47041 -9.35897 -9.84669 -9.58624 -9.18102 -9.46687 -10.8176 -9.83535 -9.65892 -7.9269 -9.17504 
10.1814 -9.48511 -9.55425 -9.79259 -9.63945 -8.70763 -11.2882 -9.04348 -9.18028 -10.6558 -7.88984 -9.27305 
9.99062 -9.72725 -8.99199 -8.98676 -10.4859 -9.87415 -12.7369 -8.95675 -9.77859 -10.2353 -7.71701 -9.51926 
10.0313 -9.76723 -9.0615 -8.37874 -10.597 -10.4962 -12.3564 -9.05362 -9.84815 -10.5285 -8.1831 -9.51447 
10.3288 -9.10713 -9.07693 -8.22813 -9.98814 -8.72912 -11.0832 -8.51399 -9.33365 -9.4688 -8.00421 -8.56592 
9.74914 -9.31174 -9.84645 -9.41717 -9.71024 -8.15426 -10.6045 -9.55302 -9.37144 -10.0196 -7.79724 -8.61379 
9.86532 -9.26817 -9.17199 -8.01316 -10.0542 -9.85433 -9.64257 -10.1436 -9.10259 -9.39 -8.04117 -9.00677 
9.44273 -9.32747 -9.60483 -7.70661 -10.7036 -10.1026 -10.0743 -10.1012 -9.04278 -9.07584 -7.91129 -8.7468 
10.0911 -9.32728 -9.73676 -9.38741 -9.51664 -10.706 -9.10714 -9.82127 -8.96601 -9.5513 -7.88229 -8.69305 
9.98477 -9.42517 -10.0839 -9.26866 -10.9323 -9.93793 -9.56845 -9.37287 -9.03277 -9.87383 -7.86351 -8.27841 
10.2735 -8.52749 -8.92346 -8.74869 -9.87933 -9.42974 -9.14063 -8.57327 -7.88196 -7.81743 -7.61292 -7.26078 
10.1215 -8.85342 -8.95747 -9.13736 -8.4044 -9.48137 -10.7809 -8.57899 -7.93113 -9.59223 -8.28724 -7.4882 
10.2112 -8.74378 -8.71193 -9.20541 -9.07527 -8.81712 -10.8685 -8.65061 -8.25918 -8.4457 -8.35181 -7.35843 
10.1663 -8.65114 -8.77704 -9.15782 -9.87727 -8.68812 -9.33365 -8.25608 -8.0304 -8.59698 -8.61316 -7.30699 
10.0837 -8.77053 -8.33842 -9.61236 -8.19948 -9.25828 -9.90311 -8.30129 -9.95297 -7.85272 -8.48634 -7.93952 
9.95748 -9.06461 -8.22188 -9.42957 -9.01628 -8.91042 -10.9528 -8.46436 -10.2604 -8.53896 -8.73673 -8.09381 
9.93206 -9.11642 -9.33613 -8.45246 -8.80626 -8.41866 -10.977 -8.46784 -10.753 -8.74174 -8.99003 -8.22197 
9.73439 -8.98233 -8.64738 -8.83978 -9.05479 -8.01012 -9.88571 -8.77614 -10.6845 -8.64238 -9.60306 -7.93405 
10.0136 -8.97911 -8.22963 -8.58973 -9.23553 -8.66101 -10.0603 -8.60294 -10.2249 -8.71564 -9.87356 -7.80904 
10.2565 -9.0541 -8.83282 -8.95376 -9.37937 -8.4796 -9.92476 -8.49184 -10.5643 -8.62148 -9.02431 -8.10401 
9.72273 -9.05447 -9.59854 -8.1133 -9.64057 -8.14067 -10.0167 -8.34978 -10.7038 -8.45804 -9.23382 -8.33651 
9.80586 -9.08323 -10.3801 -7.83553 -9.69662 -9.35299 -9.65489 -8.06798 -8.87497 -8.4416 -10.2274 -8.32087 
10.0708 -9.40298 -10.2685 -8.51725 -9.63428 -10.0256 -10.1741 -8.80757 -9.70823 -8.33458 -9.98673 -8.43521 
10.0927 -9.59405 -10.3032 -8.75477 -9.9491 -9.77368 -10.072 -8.99622 -10.6804 -8.66704 -10.3044 -8.42975 
10.006 -9.48259 -10.731 -8.80322 -9.27723 -9.30137 -10.1227 -9.18786 -10.0234 -8.94771 -9.63327 -8.68984 
10.2183 -9.42356 -10.5175 -8.67568 -9.24319 -9.85231 -9.87593 -9.30691 -9.11796 -8.97493 -10.2242 -8.73652 
9.75042 -9.68829 -10.6327 -8.91438 -10.3688 -10.0455 -9.35884 -9.94481 -9.53029 -9.35267 -10.1517 -8.59923 
10.0096 -9.57369 -10.2512 -8.42773 -9.61752 -9.80597 -9.9591 -9.69147 -9.83873 -9.5475 -9.57597 -8.94079 
10.3535 -9.63343 -10.3111 -8.61214 -9.29415 -10.2791 -9.75374 -10.062 -10.1769 -9.4734 -9.18029 -9.14527 
9.98869 -9.63542 -10.1819 -8.41019 -9.29698 -10.4465 -9.68502 -10.0506 -10.005 -9.75823 -9.25549 -9.05035 
10.0133 -9.53151 -9.89277 -8.90366 -8.66408 -9.87506 -9.82812 -10.4172 -10.3924 -8.84387 -9.0095 -9.39181 
9.8119 -9.46199 -9.59012 -8.66359 -9.11229 -10.1053 -9.74134 -10.2503 -9.77231 -8.81749 -8.8083 -9.57401 
9.80079 -9.62622 -10.1545 -9.20989 -9.12406 -10.1919 -9.68671 -9.98297 -10.0937 -9.06589 -9.03127 -9.72181 
9.9199 -9.51028 -9.77364 -8.90359 -8.50913 -10.2191 -10.314 -9.78829 -9.62453 -9.16144 -9.08782 -9.70464 
10.0381 -9.39102 -9.88981 -8.93891 -8.41781 -10.3277 -10.6451 -9.35609 -9.5332 -8.37996 -9.07275 -9.30301 
10.2239 -9.48351 -9.63345 -8.20419 -9.29713 -9.50802 -10.6219 -9.6406 -10.0189 -8.81935 -9.26471 -9.80561 
10.2577 -9.17819 -8.99122 -8.69292 -9.24569 -9.03499 -10.0649 -8.47497 -9.51028 -8.92503 -9.19213 -9.73378 
9.94251 -9.10342 -8.37623 -8.60501 -9.15765 -9.15759 -10.5566 -8.76 -9.16901 -8.64862 -9.37663 -9.37031 
10.0011 -9.20546 -8.92883 -9.222 -9.2568 -8.8607 -10.3614 -8.63436 -9.10364 -8.99189 -9.03791 -9.73372 
10.4612 -9.34405 -8.54456 -8.95573 -9.82055 -9.46418 -10.0651 -8.90578 -9.38985 -9.28682 -9.56355 -9.40718 
10.2283 -9.27733 -8.90665 -9.35123 -9.3672 -9.90332 -8.68831 -9.62831 -9.11333 -9.45565 -9.11994 -9.32865 
9.80035 -9.11027 -9.21999 -8.86979 -9.39763 -8.28045 -8.8595 -8.89479 -9.06077 -9.38233 -9.32994 -9.70237 
9.84535 -9.30197 -9.18167 -9.47075 -9.64401 -8.02943 -9.61665 -9.18923 -9.43178 -9.29336 -9.02181 -9.98861 
10.468 -9.50887 -9.14537 -9.19319 -9.70136 -8.87164 -10.8762 -10.2799 -10.1801 -8.20632 -8.49664 -9.92035 
10.0484 -9.56022 -9.84249 -9.35009 -9.721 -9.01193 -11.0973 -9.36602 -9.69828 -9.12975 -8.58779 -9.82372 
9.49124 -9.77774 -9.50652 -9.30103 -9.89043 -9.55308 -10.1336 -9.6281 -10.198 -11.0798 -8.38358 -10.0977 
9.56723 -9.38344 -9.67643 -8.92792 -10.0368 -9.645 -10.4532 -8.68443 -8.95275 -9.28019 -8.50939 -9.72328 
9.94398 -9.47482 -9.66166 -9.42358 -9.81254 -9.40163 -10.6104 -8.53452 -9.6015 -9.8659 -8.31914 -9.52591 
9.99498 -9.47616 -9.84621 -8.45717 -9.40585 -9.50441 -10.0543 -8.9449 -9.23433 -9.5751 -9.75776 -10.0442 
9.91205 -9.62696 -10.2488 -8.87091 -8.93114 -10.0771 -10.3776 -9.04302 -9.38267 -10.0951 -9.26479 -9.985 
10.1123 -9.63544 -10.5561 -8.60748 -8.7934 -9.67225 -10.8642 -9.27797 -9.37106 -10.2255 -9.09079 -9.88253 
10.4568 -9.62244 -10.0502 -8.87855 -8.49071 -10.0368 -10.1922 -9.56706 -9.67872 -10.1896 -9.27782 -9.82799 
10.1916 -9.47157 -10.5773 -8.72674 -8.94101 -9.57731 -9.80198 -9.56348 -9.77286 -10.2002 -8.5397 -8.75829 
9.95382 -9.26208 -10.2591 -9.1942 -9.11884 -9.07888 -9.32653 -9.49044 -8.52576 -8.88693 -8.74741 -9.93508 
9.72847 -9.58382 -10.4623 -8.53431 -9.61746 -9.25221 -8.6431 -9.18984 -9.76435 -9.66631 -10.4611 -10.2108 
10.0125 -9.55772 -9.93565 -8.93642 -9.79927 -9.55998 -9.28514 -9.61879 -9.84483 -9.8593 -8.70532 -10.1746 
9.68763 -9.53118 -10.2014 -8.65866 -9.57015 -10.07 -9.2555 -9.49416 -9.4588 -9.47069 -8.85696 -10.385 
9.54262 -9.52517 -10.6943 -8.68861 -9.1902 -9.56559 -9.419 -8.90678 -9.54771 -9.97145 -9.317 -9.94402 
9.86299 -9.49229 -9.83 -8.99759 -8.19109 -9.71371 -8.68327 -8.71452 -9.74695 -9.91005 -10.7399 -10.2946 
9.70411 -9.87802 -9.9004 -9.69668 -9.63566 -9.95561 -9.51803 -8.73488 -9.90727 -10.6065 -10.1345 -10.5319 
9.80908 -9.76033 -10.0719 -8.97755 -9.48858 -10.1048 -9.67569 -8.65808 -10.122 -10.6235 -9.93001 -9.99652 
9.82929 -9.57677 -9.33692 -8.98186 -9.25166 -10.3207 -9.64097 -8.9312 -9.75648 -9.86735 -9.17924 -10.5592 
10.0255 -9.69131 -10.0139 -9.22886 -9.30738 -10.3947 -9.44537 -9.64649 -9.919 -10.5841 -8.77746 -9.46512 
10.0089 -9.43267 -9.59191 -8.96621 -8.51162 -8.94956 -9.55768 -9.59009 -9.75523 -10.351 -9.31949 -9.5989 
9.74087 -9.22587 -8.42294 -8.84434 -8.51326 -9.63081 -9.65165 -9.00498 -10.057 -9.69113 -9.63855 -8.74397 
9.40021 -9.47148 -9.53129 -8.79709 -8.20639 -9.88037 -9.79669 -10.2376 -10.1772 -10.1055 -9.58497 -8.53143 
9.37394 -9.36332 -9.24412 -7.84131 -8.24688 -9.87542 -9.5271 -9.8919 -10.1906 -9.64804 -9.6262 -9.33745 
9.68609 -9.27833 -8.92477 -8.58018 -8.24467 -9.88823 -9.87494 -9.35172 -9.16786 -10.0949 -9.88137 -8.98532 
9.75005 -9.20003 -9.06534 -8.52263 -8.07716 -9.9284 -9.42484 -9.53909 -10.0185 -9.24671 -9.49019 -8.83065 
9.51392 -9.27638 -9.51909 -8.82932 -8.25746 -9.75897 -8.33366 -9.71589 -9.49258 -9.48189 -10.6891 -8.5264 
9.9816 -9.17576 -9.1073 -9.15588 -7.87559 -9.99692 -8.34468 -10.2405 -8.73611 -10.1334 -9.55987 -8.64717 
9.73353 -9.27192 -9.7519 -9.18045 -7.82047 -9.89435 -7.90717 -10.0539 -9.27347 -9.98832 -9.82316 -9.06081 
10.1584 -9.22634 -10.0658 -9.30746 -8.15096 -9.6941 -8.3534 -9.98869 -8.54833 -10.216 -8.83263 -9.09969 
10.1883 -9.27096 -9.76061 -9.19726 -8.08278 -9.37856 -8.58826 -9.54767 -9.11171 -10.0129 -9.50623 -9.43255 
10.0124 -9.38028 -9.94991 -9.55516 -8.60303 -9.4718 -8.55638 -9.83369 -9.44566 -10.0345 -8.88426 -9.39058 
10.2281 -9.37128 -10.1857 -9.43617 -8.83684 -9.43106 -8.40132 -9.4605 -9.71993 -9.64622 -8.74637 -9.87112 
10.2676 -9.35898 -10.504 -9.20986 -9.06835 -9.5117 -8.86436 -9.5968 -9.24061 -8.91399 -8.83331 -9.92027 
10.2848 -9.27749 -10.077 -9.88938 -8.97297 -9.18873 -8.48796 -9.29189 -8.70114 -8.96761 -9.21977 -9.83057 
9.95775 -9.27398 -9.12486 -9.1446 -8.76459 -8.92141 -8.92886 -9.79533 -9.11865 -9.09496 -9.63342 -10.1775 
10.0478 -9.26624 -9.49055 -9.91589 -9.36198 -8.89771 -9.09408 -9.79242 -9.59507 -8.7039 -8.31827 -9.63146 
10.0599 -9.44401 -10.3564 -9.64373 -9.46381 -8.89047 -9.39532 -10.0091 -9.33443 -8.39206 -8.70826 -10.1954 
9.79711 -9.06499 -10.0865 -9.27613 -9.05152 -9.53347 -8.27433 -9.76026 -8.68793 -8.0927 -8.66202 -9.27711 
10.064 -8.87398 -10.1589 -9.2631 -8.49905 -9.09252 -8.03679 -9.94519 -8.59265 -7.86469 -8.51506 -8.78114 
10.2767 -9.06843 -9.75451 -10.4981 -8.49657 -8.2621 -8.82865 -9.46646 -8.74263 -8.50593 -9.19216 -9.09462 
10.0368 -9.01146 -9.9129 -9.11115 -8.73039 -7.92627 -9.21825 -9.52781 -8.80407 -8.04266 -10.0063 -8.92108 
9.94054 -8.89294 -9.60817 -9.01992 -8.45288 -7.72401 -8.9203 -9.50659 -8.6735 -8.23135 -9.99943 -8.75604 
10.2015 -8.94466 -9.87048 -10.4089 -8.14361 -8.38615 -9.80819 -8.32198 -8.42472 -7.97433 -9.53278 -8.56462 
10.1337 -9.04306 -9.63376 -10.5372 -8.02526 -9.87438 -9.53125 -8.57148 -8.84502 -7.64757 -9.43092 -8.26758 
9.64435 -9.35261 -9.18194 -10.5375 -8.14606 -10.6462 -9.67564 -9.50326 -8.78241 -7.91662 -10.0036 -8.99919 
9.64605 -9.40498 -9.35779 -11.1222 -8.04999 -9.96223 -8.74105 -10.0976 -9.00802 -8.40345 -10.2189 -9.47397 
10.1503 -9.59034 -9.45935 -10.7886 -8.52415 -9.64128 -9.1023 -10.4985 -8.91243 -9.0009 -9.8568 -9.8999 
10.18 -9.47202 -9.29444 -9.90614 -8.89514 -9.71135 -10.3696 -9.59656 -9.0568 -8.98419 -10.1953 -8.87502 
10.046 -9.33812 -9.24439 -10.8387 -10.0327 -8.65727 -9.39511 -9.80299 -9.30974 -9.06214 -9.24865 -7.56949 
9.87075 -9.26038 -8.99725 -11.2217 -8.96882 -9.57736 -9.33364 -8.50997 -9.38487 -9.6859 -9.20314 -7.83725 
9.56039 -9.44231 -9.14396 -10.8939 -8.48939 -9.65576 -10.0347 -9.63697 -9.79579 -9.38325 -8.68975 -8.65671 
10.2784 -9.26433 -9.82746 -8.8792 -8.87531 -9.2758 -10.5071 -8.75468 -9.82567 -9.3808 -9.11511 -8.31339 
9.97888 -9.52205 -8.97132 -10.354 -8.79656 -9.55216 -11.0533 -9.79522 -9.87911 -9.54911 -8.62738 -8.89084 
9.78495 -9.69188 -10.6256 -10.3662 -9.22073 -9.64552 -11.435 -9.49592 -9.76402 -9.52346 -7.78155 -9.0204 
9.89739 -9.80304 -10.1984 -10.6528 -9.37374 -9.57478 -11.4253 -10.4379 -10.2114 -9.65336 -7.6983 -8.68865 
10.1489 -9.79174 -10.2023 -9.76427 -9.75312 -9.77948 -11.4414 -9.96266 -10.2021 -9.27116 -7.97791 -9.57246 
9.80269 -9.58422 -9.87555 -9.49733 -9.1915 -9.28373 -10.4039 -10.3598 -9.69813 -9.68807 -8.19911 -9.47758 
10.1076 -9.74113 -9.61324 -9.80614 -9.77654 -9.45623 -10.9715 -10.3785 -9.85856 -9.32854 -8.99318 -9.31748 
9.95288 -9.58193 -9.88476 -9.84029 -10.0452 -9.74976 -11.0147 -8.21486 -9.88152 -9.29871 -8.64659 -9.12741 
10.0668 -9.41417 -9.43252 -9.69663 -9.67649 -9.85071 -10.4882 -8.97968 -9.44954 -9.48657 -8.3319 -8.68552 
10.2968 -9.40757 -9.47201 -9.27088 -9.30474 -9.51577 -10.1535 -9.97896 -9.31208 -9.27998 -8.84667 -8.98971 
10.044 -9.42441 -9.5016 -9.12404 -9.45742 -9.41154 -9.00198 -9.73826 -9.231 -9.52795 -8.78106 -10.4931 
10.1889 -9.41013 -9.47488 -8.94194 -9.547 -8.86633 -9.41983 -8.60976 -8.93507 -9.81118 -9.4433 -10.8507 
10.3389 -9.41218 -9.79282 -9.38476 -8.8758 -10.0389 -8.99933 -8.79536 -9.02187 -9.71169 -9.28093 -10.3978 
10.0389 -9.28162 -9.37383 -9.51995 -8.89626 -9.29015 -9.19717 -8.87413 -9.06445 -10.5135 -9.08564 -9.12111 
10.0302 -9.21239 -9.21405 -9.62944 -8.29893 -8.86617 -8.7877 -8.5249 -9.18258 -11.1819 -9.12705 -9.35006 
10.2372 -8.84678 -8.91416 -9.07451 -8.38644 -8.19341 -8.28959 -8.4759 -8.69744 -11.5586 -8.89993 -8.08854 
9.68437 -9.26303 -9.66076 -9.08518 -8.67391 -9.92167 -8.19986 -9.36106 -8.67239 -11.1742 -8.56418 -9.53437 
9.54764 -9.34865 -9.64003 -8.80507 -8.47337 -9.66061 -8.09133 -9.46825 -8.4923 -10.9151 -9.01065 -10.68 
9.64767 -9.46537 -10.133 -9.12861 -8.57054 -10.0864 -8.46561 -9.25883 -8.57965 -11.0283 -8.93298 -10.3925 
9.71731 -9.46675 -10.3277 -9.79417 -8.67078 -9.35056 -8.50215 -9.05122 -8.45753 -10.7913 -9.26384 -10.3653 
9.83793 -9.4065 -9.32449 -9.67632 -10.5316 -9.48166 -8.31573 -9.16587 -8.88509 -10.1126 -8.5843 -9.88192 
9.85182 -9.83076 -8.72263 -10.1828 -10.2772 -10.1971 -8.46514 -10.423 -9.2743 -10.7702 -9.30067 -10.6254 
10.2569 -9.6705 -9.26546 -10.1269 -10.4931 -9.85709 -8.0237 -10.4605 -8.91494 -9.77997 -8.7129 -11.1411 
10.099 -9.73781 -9.02951 -10.2051 -10.1854 -9.42674 -8.54479 -10.3009 -9.23656 -10.531 -9.06565 -10.9781 
10.3801 -9.60886 -9.00652 -9.51432 -9.61126 -10.5814 -8.1319 -9.3722 -9.77062 -10.1132 -9.09746 -10.9819 
10.0077 -9.4852 -9.18155 -9.80375 -9.33584 -10.4536 -8.42918 -10.0921 -9.4273 -8.71871 -8.95367 -10.6281 
9.90712 -9.49757 -9.23574 -9.39274 -8.92398 -10.948 -9.18988 -10.15 -8.63243 -9.30601 -8.79341 -10.6641 
9.76762 -9.64958 -9.19124 -9.28154 -9.5293 -11.4915 -9.25083 -9.98262 -9.46747 -8.7731 -9.1358 -10.7266 
9.86209 -9.55462 -8.59428 -9.11925 -8.89465 -11.7931 -8.85476 -10.2825 -9.29608 -9.29098 -9.13169 -10.1783 
10.0057 -9.31891 -8.69966 -9.13197 -8.90236 -10.3467 -9.10949 -10.1089 -8.46375 -9.91637 -8.6737 -9.78005 
9.86981 -9.48708 -8.99367 -9.19699 -8.85902 -10.2264 -9.18019 -10.0804 -9.6058 -9.76029 -8.98358 -9.95387 
9.97639 -9.2121 -8.3328 -8.33498 -9.30535 -10.1826 -8.85448 -9.56704 -9.22816 -9.88802 -8.76986 -9.60921 
10.0069 -9.17487 -8.16442 -8.60977 -9.30241 -10.5051 -8.98258 -8.93829 -9.0359 -9.26245 -8.63185 -10.2031 
9.67736 -9.14243 -8.66908 -8.5403 -9.95105 -9.74423 -9.01859 -9.22418 -8.74424 -9.59693 -8.36847 -9.70094 
9.71769 -9.26502 -8.93808 -8.35523 -10.0139 -9.93471 -8.67766 -9.54703 -8.68537 -10.133 -8.66913 -9.48616 
10.2187 -9.07705 -7.81416 -8.4454 -10.5706 -9.97572 -8.41316 -9.29288 -8.65739 -10.3095 -8.53301 -8.90239 
9.86354 -9.03095 -7.9847 -9.18702 -9.96878 -9.87543 -9.01422 -8.80675 -7.98494 -9.80363 -8.45319 -9.00212 
9.98728 -9.00288 -7.7661 -9.18619 -9.63725 -9.81549 -9.16044 -8.78492 -8.07855 -10.294 -8.42318 -8.93008 
9.66453 -9.10705 -7.88719 -9.1652 -9.69013 -10.0815 -9.16257 -8.62416 -8.11627 -9.79062 -8.58693 -9.96333 
9.62594 -9.56255 -8.42469 -9.77203 -9.60036 -9.77829 -10.1973 -9.94179 -8.57719 -10.4425 -8.99892 -9.94258 
9.69877 -9.34877 -8.33099 -9.25947 -8.93848 -9.52451 -10.4219 -9.87515 -9.28916 -9.52852 -8.8001 -9.71348 
9.74472 -9.64426 -9.04991 -9.8955 -8.88577 -10.4809 -10.4619 -9.83403 -8.58754 -10.077 -9.1782 -9.95226 
9.32936 -9.29831 -8.28404 -9.22315 -8.9453 -10.2756 -8.44926 -9.69956 -9.13998 -9.62853 -9.66153 -9.68352 
9.67496 -9.70005 -9.35085 -9.87986 -10.1392 -10.2868 -9.87109 -9.37734 -9.24316 -9.9208 -9.12109 -9.67088 
9.64657 -9.54121 -8.85584 -10.1887 -10.0057 -9.32803 -10.1027 -9.47704 -9.41375 -9.20413 -9.14819 -9.67674 
9.72721 -9.65285 -8.95361 -10.6326 -9.56205 -9.7853 -9.69339 -10.6041 -9.12184 -9.06568 -9.49599 -9.65342 
9.65295 -9.60488 -8.60402 -10.3786 -9.04732 -9.59687 -11.5415 -10.0869 -9.12865 -8.5716 -9.45715 -9.76338 
9.87276 -9.4821 -8.76863 -9.59873 -8.30101 -10.0855 -10.1674 -10.3224 -9.4497 -9.68853 -8.82884 -9.75342 
9.74079 -9.76684 -9.31147 -9.22889 -8.98993 -10.4894 -10.1569 -10.2651 -10.4139 -9.88356 -9.08144 -9.9224 
9.99407 -9.67435 -9.54148 -8.98275 -9.4792 -10.3505 -9.49878 -10.062 -9.84646 -9.42837 -9.93213 -9.61753 
9.99963 -9.60875 -9.87806 -8.30775 -9.30383 -10.1468 -9.30372 -9.82683 -9.71252 -10.2381 -9.07382 -10.0479 
10.0985 -9.41854 -9.51278 -8.707 -9.37266 -9.37735 -9.53636 -8.92384 -9.82212 -9.71213 -9.17337 -9.97841 
9.74419 -9.75803 -9.53709 -9.49687 -9.87746 -9.91045 -9.86832 -9.80172 -9.85715 -10.6446 -8.87113 -9.77701 
9.99415 -9.70743 -9.63941 -9.9508 -9.54182 -9.90278 -9.62883 -9.60094 -9.92019 -10.0157 -9.09467 -9.72321 
9.91103 -9.48947 -9.39866 -9.183 -8.94605 -9.93988 -9.25069 -9.94052 -9.65977 -10.2977 -9.22104 -9.24148 
9.84974 -9.61463 -8.74355 -9.6349 -9.06679 -9.7428 -10.1463 -9.84757 -9.37723 -9.93808 -9.7105 -9.90295 
10.073 -9.89457 -9.4413 -9.62218 -10.0946 -10.2113 -9.73614 -9.14236 -9.94248 -10.074 -9.69611 -10.8552 
9.67958 -9.76308 -9.43907 -9.63568 -10.2638 -9.90075 -10.0682 -9.44903 -9.88309 -9.77513 -9.48715 -9.60311 
9.67244 -9.43413 -9.46711 -9.85834 -9.98303 -9.65907 -9.62709 -8.25018 -9.45229 -7.54517 -10.6678 -9.84682 
9.88178 -9.57519 -9.59326 -9.25115 -10.5027 -9.4998 -9.39762 -8.84766 -9.59042 -9.06911 -10.0652 -10.1596 
10.0739 -9.332 -8.57622 -9.06354 -10.3105 -8.86509 -9.20095 -9.2151 -9.19947 -9.40509 -9.37327 -10.1381 
10.0445 -9.74049 -9.171 -9.83731 -10.4573 -9.04941 -9.63746 -9.15345 -9.15628 -9.24386 -10.6321 -10.9024 
9.87823 -9.49081 -9.09045 -9.76244 -10.3384 -8.54934 -9.40916 -9.09568 -9.06359 -9.19665 -10.3748 -10.087 
9.77208 -9.62704 -9.17816 -9.7297 -10.2595 -8.92018 -9.8412 -10.1286 -9.19195 -8.76517 -10.9838 -9.1988 
