201 100
0.00012207 0.00226564 0.00228249
0.00228247 0.032965 0.00580247
0.00328838 0.0548437 0.00575251
0.00430861 0.0713596 0.00633284
0.0052021 0.0893837 0.00655588
0.00602516 0.0994234 0.00653235
0.00668091 0.111502 0.00637336
0.00757679 0.12286 0.00687252
0.00815724 0.133647 0.0065449
0.0088677 0.146991 0.00724203
0.00952797 0.153393 0.0074592
0.0102152 0.165659 0.00701409
0.0109276 0.177189 0.00691709
0.0114057 0.167262 0.00765966
0.0117327 0.178596 0.00699412
0.012426 0.191209 0.00760813
0.0129733 0.188273 0.0076294
0.0134135 0.204743 0.00757757
0.0139391 0.195269 0.00736943
0.0140397 0.218668 0.00667286
0.0148549 0.208317 0.00777152
0.0151553 0.217602 0.00733026
0.0157841 0.228998 0.00739179
0.0162205 0.238142 0.00799398
0.0169749 0.214867 0.00700879
0.0168846 0.2238 0.00766329
0.0167503 0.241988 0.00759073
0.0172075 0.263065 0.00727862
0.0180483 0.26494 0.00716368
0.0183443 0.251867 0.00689296
0.0185697 0.274731 0.00797304
0.0190013 0.276161 0.00751867
0.0194346 0.27067 0.00760691
0.0194256 0.269 0.00779393
0.019711 0.289465 0.00737029
0.0198659 0.289967 0.00776082
0.0201589 0.259606 0.00750688
0.0209014 0.296754 0.00816372
0.0208637 0.301619 0.00770945
0.021058 0.313602 0.00759553
0.0215274 0.307818 0.00805812
0.0219262 0.333296 0.00813077
0.0221273 0.321148 0.0080163
0.0225871 0.327831 0.00730352
0.0227297 0.326874 0.00751535
0.0226621 0.324367 0.00790988
0.0228454 0.309551 0.00743576
0.0226052 0.346627 0.00752406
0.0229916 0.343285 0.00773108
0.0230381 0.369973 0.00796204
0.0233256 0.322528 0.00811373
0.0240258 0.333754 0.00847952
0.0238349 0.327277 0.00774788
0.0237965 0.333438 0.00774785
0.0242702 0.360669 0.00852414
0.0246431 0.349 0.00788002
0.0246779 0.340316 0.00783527
0.0252832 0.340888 0.0083926
0.0253814 0.341209 0.00801008
0.0256286 0.351561 0.00910133
0.0259158 0.346011 0.00763875
0.0256611 0.338932 0.00811095
0.0258599 0.329198 0.00811203
0.0260617 0.369232 0.008423
0.0260312 0.377061 0.00767511
0.0259464 0.360159 0.00862517
0.0264137 0.381728 0.00886446
0.0268345 0.356218 0.0078585
0.0265253 0.404538 0.00788653
0.0265819 0.375443 0.00880398
0.02683 0.402095 0.00829452
0.0272256 0.413608 0.00867271
0.0272013 0.390158 0.00849002
0.0275611 0.375491 0.0079619
0.0278645 0.382658 0.00797656
0.0275839 0.380616 0.00804142
0.0274637 0.393148 0.00842938
0.0276378 0.380257 0.00799243
0.02816 0.39456 0.00896473
0.0282606 0.396605 0.00789596
0.0283976 0.396044 0.00822037
0.028472 0.405489 0.0082762
0.0288465 0.40508 0.0077996
0.0283752 0.421317 0.00860328
0.0277656 0.408976 0.00792688
0.0284535 0.414314 0.00832141
0.0285506 0.435363 0.00755158
0.0289141 0.406117 0.00862689
0.028692 0.387971 0.00783491
0.0295583 0.400811 0.00804779
0.0289981 0.422922 0.00794565
0.0293588 0.421009 0.00808839
0.0299124 0.443386 0.00871002
0.030352 0.402911 0.0090066
0.0305071 0.432863 0.00761182
0.0301954 0.434977 0.00777637
0.030148 0.461777 0.00805293
0.0299588 0.421082 0.00818376
0.0304717 0.440072 0.00791784
0.0303992 0.447003 0.00806952
0.0305716 0.436126 0.00754412
0.0306834 0.449064 0.00787287
0.0310639 0.449267 0.00803341
0.030668 0.446925 0.00796797
0.030871 0.413556 0.00905009
0.0314625 0.427416 0.00823424
0.0314676 0.447644 0.00856468
0.0313153 0.43414 0.00864565
0.0318817 0.429424 0.00884136
0.031784 0.419993 0.00811994
0.0318901 0.438773 0.00846563
0.0318014 0.433086 0.00799798
0.0324411 0.463466 0.00868306
0.0319273 0.447928 0.00886813
0.032053 0.4373 0.00823955
0.0317235 0.440856 0.00839706
0.0313039 0.454985 0.00872863
0.0314622 0.441146 0.0086054
0.0325716 0.481888 0.00911472
0.0322486 0.455698 0.00806743
0.0322588 0.466826 0.00864419
0.0322589 0.451386 0.00929239
0.0325255 0.459878 0.0087126
0.0325347 0.469308 0.00816677
0.0325811 0.476021 0.00808868
0.0325169 0.470436 0.00808549
0.0327555 0.457548 0.00826915
0.0325219 0.46378 0.0088191
0.0326752 0.489184 0.00794207
0.0323962 0.459209 0.00834026
0.0329393 0.47652 0.00907003
0.0329362 0.475817 0.00852156
0.0334437 0.472373 0.00855746
0.0331989 0.479877 0.009438
0.0328673 0.484508 0.00858263
0.0326619 0.501871 0.00870382
0.0328408 0.493181 0.0090113
0.0322806 0.497933 0.00868547
0.0328494 0.466441 0.00855693
0.0328006 0.481937 0.00831964
0.0331429 0.475066 0.00803438
0.0329869 0.473547 0.00863314
0.0327555 0.485269 0.00912654
0.0324628 0.485008 0.00876743
0.0325015 0.502579 0.00883356
0.0324917 0.460259 0.00907681
0.0333095 0.496358 0.00857548
0.0337288 0.493603 0.00868479
0.0332833 0.516278 0.00817403
0.0333133 0.49802 0.00821916
0.0332712 0.503298 0.00842765
0.0341662 0.49955 0.00850213
0.0343002 0.499697 0.0089251
0.0342284 0.470983 0.00857668
0.034801 0.502061 0.00802029
0.0346922 0.474704 0.00904271
0.034767 0.483208 0.00837154
0.034508 0.492389 0.0081428
0.0338166 0.484029 0.00847657
0.0342185 0.494268 0.00857598
0.0342865 0.472597 0.00862241
0.0337259 0.502917 0.00825409
0.0345488 0.484798 0.0082059
0.0350411 0.489541 0.00822301
0.0349631 0.481212 0.00872303
0.035092 0.498984 0.00805064
0.0346987 0.518466 0.00955565
0.0352269 0.477817 0.00866007
0.0349386 0.510776 0.00842841
0.0352433 0.494176 0.00879025
0.034834 0.522781 0.00898479
0.0343907 0.500279 0.00809939
0.034895 0.474151 0.00888792
0.0349105 0.525323 0.0087969
0.0346244 0.507136 0.00810026
0.0349106 0.51676 0.00819255
0.0354175 0.51236 0.0083609
0.0355156 0.501982 0.00879279
0.0353726 0.506189 0.00872221
0.0353159 0.517419 0.00922824
0.035917 0.507474 0.00835789
0.0352909 0.509944 0.00819426
0.0357072 0.496054 0.00844692
0.0353203 0.519412 0.00884021
0.0353449 0.508838 0.00836426
0.035549 0.509332 0.00941927
0.036098 0.520393 0.00857489
0.0358316 0.508307 0.00883963
0.0359021 0.505504 0.00882405
0.0358695 0.494859 0.00811934
0.0361946 0.525745 0.00837963
0.0359822 0.511759 0.00923611
0.0362687 0.508395 0.00763298
0.0361499 0.524996 0.00858233
0.0366542 0.522606 0.0093831
0.0369656 0.535845 0.00860461
0.0367192 0.51005 0.00796792
0.0368753 0.50096 0.0090864
0.0370221 0.487113 0.00856742
0.0371508 0.527897 0.00931984
0.0364789 0.506382 0.00841368
