1600 50 40000
6.27266e-05 6.25069e-05 7.27878e-05 0.00226372 0.00226851 0.00205405 0.01768 0.0144394 0.183313
0.00615041 0.00372307 0.132649 0.0870771 0.081684 0.325592 0.0147678 0.0145607 0.0256204
0.00826127 0.0057576 0.137479 0.139084 0.13264 0.433507 0.0152768 0.0151002 0.0250635
0.00993912 0.00728794 0.145365 0.164668 0.157953 0.470523 0.0156989 0.01551 0.0262095
0.0109354 0.00825341 0.169743 0.196451 0.189352 0.543791 0.0161828 0.0160055 0.0264452
0.0129287 0.0101492 0.154236 0.229904 0.222695 0.550611 0.0170579 0.0169103 0.0240843
0.0137306 0.0110248 0.152151 0.243617 0.236768 0.541305 0.017613 0.0174643 0.0247836
0.014982 0.0122187 0.15271 0.27283 0.265999 0.567894 0.0181373 0.017873 0.0319558
0.0143262 0.0117325 0.135626 0.269777 0.26379 0.503437 0.0176625 0.0174325 0.0287135
0.014304 0.0117416 0.16782 0.268749 0.26082 0.655676 0.0176617 0.017394 0.0328129
0.0149709 0.0123622 0.156264 0.277054 0.269585 0.645284 0.0180195 0.0177418 0.0330931
0.0149725 0.0125455 0.143924 0.287201 0.280313 0.602994 0.0182196 0.0179801 0.0304751
0.0153204 0.0128032 0.149528 0.29741 0.290541 0.609955 0.0186905 0.0184619 0.031152
0.0142241 0.0119446 0.148584 0.300143 0.293643 0.61433 0.0180425 0.0178149 0.0307988
0.0140381 0.0116481 0.149753 0.301597 0.294823 0.647055 0.01812 0.0178439 0.0341183
0.0142361 0.0117706 0.149445 0.298966 0.292785 0.586176 0.0181184 0.0178988 0.0292233
0.01441 0.0117697 0.180831 0.303473 0.296718 0.642993 0.0179237 0.0176696 0.0327144
0.014961 0.0123237 0.158209 0.297211 0.29102 0.617291 0.0174085 0.0171734 0.0310741
0.014177 0.0115964 0.152075 0.310225 0.303489 0.649047 0.0177187 0.0174962 0.0302187
0.0147616 0.0119021 0.17128 0.312081 0.30492 0.678219 0.0172283 0.0170316 0.0288229
0.0148703 0.0121366 0.158915 0.328461 0.322475 0.586749 0.0173263 0.0171043 0.0292657
0.015542 0.012764 0.169834 0.314391 0.307556 0.638852 0.0172113 0.0170004 0.0283089
0.0149105 0.0121977 0.161333 0.312828 0.306064 0.643408 0.0164822 0.0162068 0.0319359
0.0158246 0.0130429 0.172759 0.320835 0.314206 0.663039 0.0167254 0.0164569 0.0310563
0.0151792 0.0126788 0.157766 0.325236 0.317983 0.704398 0.0171697 0.0169102 0.030756
0.0151628 0.0125018 0.174672 0.327363 0.31982 0.711834 0.0169534 0.0166093 0.0360971
0.0152414 0.0127171 0.151162 0.328957 0.321544 0.696957 0.0170401 0.016769 0.0311763
0.0152007 0.0126118 0.137467 0.326699 0.32072 0.586951 0.0172462 0.0169545 0.0311442
0.0147426 0.0122662 0.155229 0.327085 0.321463 0.589119 0.0171102 0.0168643 0.0305652
0.0148064 0.0123117 0.141551 0.326034 0.320896 0.545991 0.017302 0.0170131 0.0322131
0.0147785 0.0122658 0.140055 0.325064 0.319379 0.585918 0.0176036 0.0173175 0.0323382
0.0146833 0.012195 0.141342 0.329005 0.323152 0.607033 0.0175858 0.0172568 0.0348459
0.0143126 0.0118764 0.149391 0.323091 0.317185 0.619157 0.0175872 0.0173019 0.0329555
0.0143931 0.011883 0.148808 0.316434 0.311551 0.551438 0.0174349 0.0172367 0.0277086
0.0143967 0.0118842 0.161097 0.327865 0.322648 0.589241 0.0181354 0.0178925 0.0307742
0.0140674 0.0115178 0.134465 0.318669 0.313751 0.55415 0.0169997 0.0167539 0.0292751
0.0145733 0.0119035 0.148188 0.322767 0.317837 0.559106 0.0174006 0.017109 0.0342564
0.0143521 0.0119865 0.129352 0.321361 0.315915 0.59295 0.0174101 0.0171562 0.0311732
0.0144349 0.0119174 0.142531 0.317704 0.31349 0.504528 0.0170358 0.0167794 0.0299779
0.0151529 0.0126037 0.152684 0.318679 0.312663 0.619697 0.017117 0.0167983 0.0338231
0.014544 0.0122329 0.125626 0.326483 0.321034 0.566851 0.017279 0.01705 0.027922
0.0146633 0.0122862 0.12674 0.330408 0.324758 0.596635 0.0169795 0.0167183 0.0297534
0.014694 0.0124831 0.128013 0.328287 0.323026 0.570578 0.0168664 0.0165811 0.0319424
0.0147106 0.0123949 0.125612 0.327063 0.322008 0.537937 0.0172022 0.0168695 0.0335412
0.0144212 0.0121831 0.132614 0.324459 0.318888 0.586112 0.0170463 0.0167169 0.0335091
0.0138408 0.0115383 0.134747 0.318654 0.312129 0.637038 0.0166906 0.0164039 0.0313534
0.0136721 0.011307 0.143863 0.321479 0.315114 0.650668 0.016742 0.0164976 0.029383
0.0146784 0.0122215 0.14191 0.340242 0.334361 0.623606 0.0173761 0.0171164 0.0310648
0.0144306 0.0120425 0.132913 0.330508 0.325391 0.562227 0.0170504 0.0167997 0.0300813
0.0141983 0.0118734 0.133136 0.327966 0.323026 0.56653 0.0167847 0.0165201 0.0315471
0.0142994 0.0120165 0.121308 0.333306 0.328445 0.537577 0.0171179 0.0168623 0.029678
0.0145447 0.0121904 0.129242 0.334379 0.32827 0.617824 0.0168085 0.0165653 0.0296227
0.014875 0.012577 0.130192 0.33248 0.326779 0.59237 0.0170688 0.0168292 0.0294891
0.0142901 0.0120816 0.123929 0.326627 0.321298 0.56283 0.0176208 0.0173444 0.0314372
0.0148075 0.0124762 0.140923 0.329604 0.323919 0.595728 0.0174668 0.0173006 0.0260617
0.0152188 0.0127842 0.138166 0.331817 0.326055 0.593616 0.0176723 0.0174854 0.0271395
0.0146323 0.012387 0.133632 0.332128 0.326291 0.59838 0.0179298 0.0176534 0.0327514
0.014097 0.0120264 0.120826 0.321435 0.316057 0.557928 0.0172067 0.017028 0.0267201
0.0146437 0.0125366 0.115605 0.319918 0.314578 0.562885 0.0170359 0.0168715 0.0252874
0.0149995 0.0127567 0.127726 0.336595 0.331459 0.561617 0.0173481 0.0171643 0.0274015
0.0146948 0.01243 0.142496 0.318793 0.313904 0.539406 0.0167094 0.0165799 0.0237401
0.0149312 0.0126228 0.152949 0.331435 0.32652 0.57501 0.0176809 0.0175477 0.0248182
0.0155963 0.0133392 0.135437 0.331179 0.327032 0.537086 0.0174722 0.0173024 0.0271336
0.0148387 0.0126408 0.143221 0.318609 0.314716 0.51405 0.0169322 0.0167788 0.0256517
0.0146656 0.0126492 0.124754 0.329324 0.325363 0.527646 0.017175 0.0170069 0.026732
0.0143821 0.0122537 0.136221 0.330846 0.326027 0.580523 0.0173643 0.0172236 0.0248368
0.0139487 0.0118097 0.143659 0.317367 0.312323 0.59858 0.0168528 0.0166825 0.0268335
0.0141328 0.0119811 0.12645 0.328126 0.323144 0.596539 0.0174022 0.0172741 0.0245235
0.0148585 0.0126603 0.136779 0.333942 0.329432 0.552876 0.0179778 0.0178191 0.0270572
0.0144458 0.0122914 0.142602 0.334745 0.330354 0.532209 0.0179118 0.0177495 0.0267387
0.0140859 0.0120378 0.120949 0.322186 0.317714 0.522746 0.0173439 0.0173115 0.0189656
0.0144538 0.0121661 0.14104 0.33798 0.333007 0.573824 0.0182153 0.0180539 0.0274364
0.0147183 0.0122718 0.168916 0.328841 0.324009 0.571157 0.0178847 0.0177673 0.0243541
0.0143628 0.0120544 0.154747 0.328324 0.323335 0.594301 0.0176208 0.0174897 0.0258226
0.0144957 0.01217 0.156912 0.331453 0.326888 0.56648 0.0179076 0.0178284 0.0225793
0.0144878 0.0121678 0.154817 0.320089 0.315468 0.577094 0.0178829 0.0177684 0.0251781
0.0141772 0.0120253 0.150311 0.324148 0.319006 0.608873 0.0179682 0.0178817 0.0236375
0.0149787 0.0127094 0.141087 0.328663 0.324349 0.548674 0.0180958 0.0180186 0.0227546
0.0152402 0.0130225 0.155071 0.336005 0.330898 0.624814 0.0185573 0.0184569 0.0246771
0.0158528 0.0134723 0.153389 0.346707 0.34112 0.665718 0.0184564 0.0183882 0.0225334
0.0160853 0.0136413 0.172368 0.34046 0.334807 0.679826 0.0183387 0.0181978 0.028313
0.0161371 0.013751 0.154654 0.34616 0.341224 0.599977 0.0185985 0.0184677 0.0263983
0.0156012 0.0133417 0.161839 0.340163 0.334813 0.645827 0.0181334 0.0180406 0.0242595
0.0155454 0.0133708 0.178782 0.342615 0.336741 0.719211 0.0184937 0.0183694 0.0268383
0.0147061 0.0124646 0.165076 0.338095 0.332811 0.653827 0.0180773 0.0179723 0.0252353
0.0151828 0.012941 0.15181 0.340482 0.335828 0.58817 0.0180472 0.0179646 0.0228396
0.0155233 0.0132578 0.150578 0.340802 0.334733 0.695526 0.0179478 0.0178377 0.0252527
0.015428 0.0131129 0.16488 0.345522 0.339364 0.70083 0.0179016 0.0177798 0.0256637
0.0154662 0.0130758 0.181345 0.339028 0.333133 0.706813 0.0179262 0.0177648 0.0286354
0.015259 0.0129731 0.156429 0.340763 0.335522 0.645405 0.0174457 0.01729 0.0282589
0.0157891 0.0135175 0.148998 0.352813 0.34817 0.599185 0.0175641 0.0174602 0.0236158
0.0153873 0.013348 0.123056 0.343185 0.338804 0.558216 0.0174337 0.0173306 0.0230931
0.0147025 0.012579 0.13105 0.345649 0.340916 0.581367 0.0175226 0.0173977 0.0246705
0.0151024 0.0128637 0.149422 0.338396 0.333447 0.604102 0.0172201 0.0170845 0.0248387
0.0141612 0.0119824 0.143474 0.344232 0.339367 0.592479 0.0174807 0.0173018 0.0281714
0.0152604 0.0129169 0.14968 0.354283 0.349423 0.595849 0.0174864 0.017254 0.0318348
0.0149739 0.012811 0.150185 0.338209 0.333036 0.628045 0.0174124 0.0171973 0.0308949
0.0147914 0.0127356 0.136338 0.342834 0.337685 0.620421 0.0177791 0.0176174 0.0273649
0.0152784 0.0131522 0.141365 0.347305 0.342627 0.582135 0.0180585 0.0179642 0.0234351
0.0152309 0.0130388 0.146101 0.34446 0.339683 0.580244 0.0178572 0.0177344 0.0249511
0.0159392 0.0135466 0.139931 0.360935 0.355795 0.592119 0.0182375 0.018104 0.0258287
0.0156548 0.0132921 0.140929 0.358678 0.352868 0.646178 0.0182203 0.018074 0.0259825
0.0160185 0.0136536 0.153476 0.352268 0.34655 0.64192 0.0181382 0.0179395 0.0299043
0.0160186 0.0136527 0.154064 0.360725 0.35502 0.668992 0.017918 0.0177343 0.028863
0.0160247 0.0136649 0.146152 0.359262 0.354019 0.627132 0.018073 0.0178959 0.0290969
0.0152802 0.0130151 0.151944 0.357094 0.351281 0.684306 0.0186261 0.018497 0.0267425
0.0152262 0.0128818 0.191281 0.352244 0.34642 0.719374 0.0177133 0.017517 0.0312661
0.015043 0.01273 0.165014 0.343456 0.337778 0.679191 0.0178128 0.0176737 0.0273911
0.0143939 0.0122856 0.148327 0.356075 0.350964 0.613661 0.0178259 0.017702 0.0253082
0.0147741 0.0125287 0.158969 0.360814 0.355614 0.639706 0.0182083 0.018082 0.0260354
0.0146073 0.0124783 0.144152 0.362757 0.357637 0.634106 0.0180446 0.0178468 0.0313495
0.0145011 0.0124721 0.124762 0.361345 0.356917 0.577698 0.0182209 0.0180991 0.0259403
0.0148464 0.0126199 0.145124 0.349686 0.344939 0.602121 0.0183778 0.0183128 0.0222103
0.0147402 0.0126138 0.148536 0.351669 0.346766 0.641913 0.0185828 0.0185 0.0235525
0.0146566 0.0125949 0.14222 0.348289 0.343891 0.587788 0.0186567 0.0185364 0.0254822
0.0147109 0.0124912 0.155606 0.353455 0.347866 0.663653 0.0187917 0.0186284 0.028546
0.0149508 0.0127952 0.135405 0.349875 0.345203 0.581275 0.0188552 0.0187492 0.0243963
0.0149407 0.012851 0.14129 0.358403 0.353328 0.626006 0.0186698 0.0185929 0.023164
0.0147517 0.0126533 0.161387 0.340421 0.334672 0.668973 0.0184107 0.0182904 0.0261874
0.0149756 0.012809 0.138475 0.3426 0.337609 0.60256 0.0179108 0.0178334 0.0225409
0.014837 0.0128285 0.128621 0.351027 0.34599 0.592533 0.017731 0.0176582 0.0218046
0.014609 0.012574 0.136212 0.341342 0.335745 0.644234 0.0179423 0.017822 0.0251699
0.0147094 0.0126118 0.12879 0.350574 0.3444 0.673602 0.0180309 0.0178997 0.0250978
0.0147388 0.0126265 0.126219 0.347284 0.34196 0.594773 0.0183221 0.0181888 0.024773
0.0149883 0.0128129 0.134836 0.354815 0.348813 0.659877 0.0183081 0.018151 0.0273975
0.0147648 0.0126107 0.131674 0.341134 0.336422 0.568182 0.0185661 0.0184738 0.0235536
0.0152425 0.0130031 0.137951 0.340222 0.335129 0.580503 0.0189246 0.0188043 0.0260178
0.0152133 0.0128329 0.145806 0.35366 0.348236 0.601736 0.0190666 0.0188778 0.0300557
0.0149151 0.012748 0.134796 0.351159 0.345996 0.597144 0.0189611 0.0188046 0.0273819
0.0154538 0.013227 0.146108 0.346987 0.341831 0.610578 0.0192299 0.0189991 0.0334983
0.0149452 0.0127997 0.135813 0.343947 0.338304 0.652752 0.0187889 0.0186355 0.0282536
0.0143028 0.012269 0.151809 0.349709 0.344036 0.658302 0.0187642 0.0186267 0.0276867
0.0143274 0.012304 0.149781 0.337866 0.331835 0.672461 0.0181186 0.0179889 0.0269122
0.0150456 0.0129956 0.13042 0.342171 0.336373 0.651162 0.0181373 0.0180575 0.0230645
0.0154468 0.0134756 0.128815 0.341303 0.335331 0.688832 0.0184327 0.0183453 0.023982
0.0154514 0.0133648 0.150629 0.335351 0.329589 0.662889 0.0182557 0.0180844 0.0299028
0.0145684 0.0127283 0.137948 0.329846 0.324118 0.663839 0.0186786 0.0185044 0.0302262
0.0147527 0.0126508 0.142969 0.339552 0.333774 0.663468 0.0186511 0.0184857 0.0295237
0.0151792 0.012968 0.169187 0.332114 0.326425 0.688929 0.018472 0.0183048 0.0304427
0.0144167 0.0122421 0.169645 0.341523 0.33626 0.665486 0.0192805 0.0191372 0.0287043
0.014816 0.0126969 0.137672 0.350706 0.345433 0.626148 0.0193882 0.0193224 0.0233237
0.0154697 0.013421 0.133696 0.348031 0.342367 0.657312 0.0191014 0.0190262 0.0237265
0.0148297 0.0127568 0.129405 0.336132 0.330873 0.61231 0.0184386 0.0183079 0.0262135
0.0151007 0.0129947 0.138122 0.338888 0.334438 0.550267 0.0181105 0.0180424 0.021773
0.0149056 0.012908 0.132815 0.338412 0.333612 0.597066 0.0177421 0.0176725 0.0218777
0.0154425 0.0132785 0.166988 0.360272 0.354819 0.681126 0.018154 0.018016 0.0276059
0.0159231 0.013679 0.166921 0.359253 0.35364 0.702009 0.0185468 0.0183247 0.0336814
0.0161227 0.013747 0.168358 0.358069 0.352026 0.717995 0.0189254 0.0186696 0.0357815
0.01589 0.0136588 0.156699 0.360523 0.354707 0.67731 0.0186283 0.0184008 0.0331442
0.0161961 0.0139831 0.146995 0.358494 0.353215 0.655614 0.0189449 0.0188148 0.0268667
0.0158208 0.0136059 0.151214 0.351826 0.347146 0.629485 0.018496 0.0184099 0.0237601
0.0152451 0.013155 0.144028 0.344568 0.338698 0.687286 0.0184975 0.0183664 0.0266914
0.0164198 0.0140796 0.170742 0.358905 0.353073 0.687944 0.0188228 0.018621 0.0318234
0.0153833 0.0130332 0.158254 0.341792 0.335953 0.658309 0.0186749 0.0184643 0.0316071
0.0161021 0.0136067 0.174793 0.342955 0.336155 0.768534 0.0191618 0.0189455 0.0339339
0.0159443 0.0135297 0.165649 0.355183 0.348798 0.735505 0.019335 0.0191544 0.0314327
0.0163467 0.0140279 0.167135 0.353624 0.348384 0.659565 0.0189516 0.0187563 0.0324792
0.0160156 0.0136829 0.17604 0.364593 0.358391 0.727221 0.0191198 0.0188604 0.0367661
0.0155829 0.0132408 0.17211 0.346909 0.340685 0.726574 0.0186255 0.0184012 0.0337895
0.0153764 0.0131826 0.153355 0.353563 0.34813 0.649223 0.019219 0.0190275 0.0305502
0.0157805 0.0135456 0.144583 0.360679 0.354546 0.721083 0.0191916 0.0189564 0.033306
0.0156914 0.0136098 0.138761 0.358657 0.353134 0.666742 0.0190462 0.0187938 0.0336182
0.0161277 0.0140057 0.145133 0.352174 0.347034 0.642746 0.0195005 0.0192369 0.0355884
0.0162319 0.0140292 0.148173 0.348951 0.343558 0.651985 0.0195407 0.0193654 0.0300663
0.0163035 0.0142355 0.127287 0.354383 0.3495 0.584668 0.0201498 0.0200143 0.0276246
0.015832 0.0138269 0.127883 0.355038 0.34999 0.632389 0.0199487 0.0197033 0.0352121
0.0157816 0.0135746 0.140298 0.356468 0.351066 0.626141 0.020028 0.0198047 0.0331869
0.0156224 0.0134316 0.155089 0.356204 0.349979 0.716634 0.0195301 0.0193135 0.0336949
0.0147737 0.0128342 0.120197 0.355463 0.350391 0.627084 0.0191671 0.0189644 0.0317393
0.0151611 0.0130922 0.139973 0.361601 0.355478 0.717506 0.0194209 0.0191579 0.0360535
0.0146644 0.0125515 0.145555 0.352861 0.347394 0.638844 0.0188995 0.0186733 0.0323088
0.014948 0.0129431 0.137551 0.370783 0.364811 0.710027 0.0190352 0.0187724 0.0350982
0.0149452 0.0129372 0.127865 0.362339 0.356772 0.640864 0.0187189 0.0185049 0.0302583
0.0148424 0.0128655 0.120585 0.356588 0.350429 0.696632 0.0184337 0.018203 0.0309856
0.0152287 0.0131497 0.131703 0.356694 0.350311 0.731052 0.0188885 0.0186185 0.035461
0.0154558 0.0133402 0.126646 0.359629 0.353649 0.654433 0.0187836 0.0184749 0.0359604
0.0151737 0.0130512 0.141991 0.356909 0.350876 0.700785 0.018738 0.0183949 0.040247
0.0160061 0.0137741 0.162201 0.358687 0.352541 0.695972 0.0185235 0.0182027 0.0371218
0.0157094 0.013519 0.141309 0.359492 0.353477 0.69723 0.0186464 0.0182906 0.0387948
0.0157775 0.0136424 0.148098 0.3491 0.343291 0.658147 0.0180285 0.0176524 0.0393123
0.0156094 0.013492 0.13605 0.365725 0.359736 0.690034 0.0188728 0.0185153 0.0390016
0.0151226 0.0130452 0.142537 0.362278 0.356206 0.706116 0.0189817 0.0184962 0.0494737
0.0159342 0.0137837 0.144141 0.371278 0.36481 0.728271 0.0194456 0.0190596 0.0420848
0.015738 0.0135825 0.145951 0.368098 0.362473 0.695648 0.0195371 0.0191624 0.0405802
0.015173 0.0131637 0.139081 0.370178 0.363751 0.735319 0.0192032 0.0187619 0.047001
0.0149321 0.0129639 0.128524 0.368101 0.362945 0.633391 0.0192465 0.0188003 0.0455186
0.0158077 0.013677 0.146956 0.369604 0.363347 0.720562 0.0195071 0.0191446 0.0413209
0.0158555 0.0136822 0.140715 0.371162 0.365675 0.644897 0.0193452 0.0189574 0.040769
0.0159035 0.0137818 0.123093 0.372806 0.368593 0.568808 0.0194445 0.0191195 0.0368502
0.0155616 0.0133379 0.157042 0.371177 0.365384 0.704367 0.0200806 0.0197951 0.0358651
0.0153674 0.0132647 0.139162 0.372127 0.366526 0.656643 0.0192627 0.0189585 0.0370823
0.0156822 0.0134632 0.133191 0.367976 0.362176 0.665582 0.0195882 0.0191723 0.0436618
0.0163295 0.0141846 0.158991 0.379646 0.373996 0.696784 0.0202582 0.019902 0.0439151
0.0152709 0.0133755 0.126154 0.365868 0.36021 0.657172 0.0197392 0.0194233 0.0388751
0.0148179 0.0130271 0.108179 0.365473 0.360199 0.614728 0.0193423 0.0190042 0.0395905
0.0147888 0.0128367 0.132069 0.370137 0.36462 0.675149 0.0198735 0.0195421 0.0400619
0.0153272 0.0133946 0.127232 0.371589 0.365463 0.714872 0.0202173 0.019904 0.0389253
0.0154203 0.0134301 0.138393 0.362886 0.356485 0.737912 0.0198414 0.0195298 0.0406447
0.0151732 0.0131573 0.129839 0.378205 0.371973 0.691031 0.0196337 0.0193408 0.0367469
0.0155217 0.0134522 0.137316 0.364868 0.35937 0.637549 0.0198544 0.0195658 0.0372055
0.0152555 0.0132237 0.13869 0.370086 0.36436 0.660535 0.0201394 0.0198958 0.0353749
0.0152006 0.0132602 0.122363 0.366417 0.361164 0.621171 0.0196216 0.019357 0.0343123
0.0148208 0.0129271 0.132522 0.356484 0.349901 0.713734 0.019544 0.0192804 0.0353885
0.0151001 0.0131534 0.136943 0.347768 0.341212 0.68992 0.018348 0.0181096 0.0325051
0.0154045 0.013534 0.127215 0.359488 0.352822 0.707492 0.0186396 0.0183921 0.0346772
0.0150259 0.013152 0.136834 0.349393 0.342702 0.730554 0.0186891 0.0184431 0.0339897
0.0148627 0.0130176 0.139254 0.356526 0.349616 0.748116 0.0185728 0.0182587 0.0390155
0.0155526 0.0136875 0.132807 0.362106 0.355579 0.738008 0.0188316 0.0185016 0.0398601
0.015113 0.0131841 0.122429 0.35707 0.350865 0.690191 0.0185619 0.0183174 0.0339232
0.01494 0.0131075 0.132409 0.360548 0.353556 0.769818 0.0187825 0.0184606 0.0400729
0.0146544 0.0128821 0.129085 0.352523 0.345742 0.72589 0.0182898 0.0180806 0.0306089
0.0156673 0.0136645 0.140714 0.373286 0.365979 0.778262 0.018644 0.0183986 0.0338325
0.0150301 0.0131685 0.137264 0.362829 0.355946 0.751415 0.018475 0.0181526 0.0387162
0.0160129 0.014118 0.122166 0.365025 0.358701 0.690543 0.0184938 0.0182067 0.0353476
0.0163374 0.0143565 0.136381 0.361465 0.354277 0.765093 0.0186368 0.0183343 0.0378501
0.0167007 0.0148163 0.130757 0.378024 0.371339 0.701106 0.0195139 0.0191879 0.0398064
0.0165224 0.0146032 0.13431 0.378932 0.372016 0.745468 0.0193667 0.0190947 0.0367551
0.016116 0.0142412 0.129246 0.352454 0.344951 0.767331 0.0192208 0.0189047 0.0388453
0.016268 0.0143193 0.146072 0.367549 0.360287 0.764091 0.0197056 0.0192961 0.0461606
0.016482 0.0144534 0.138601 0.3664 0.359384 0.754786 0.0194249 0.0190973 0.0397649
0.0160493 0.0140924 0.129413 0.370127 0.363201 0.757325 0.0194762 0.019169 0.0397563
0.0161999 0.0142724 0.135955 0.36493 0.358367 0.71428 0.0190386 0.0187832 0.0349445
0.0161006 0.0142274 0.126303 0.370182 0.364591 0.63396 0.0190685 0.0188307 0.0321479
0.0156585 0.0139202 0.117599 0.370783 0.363998 0.73538 0.0191695 0.0188778 0.0381194
0.015909 0.0140633 0.126877 0.371031 0.365243 0.683419 0.0192225 0.0189624 0.0357089
0.0154617 0.0137538 0.113209 0.356503 0.350147 0.699721 0.0186879 0.0184362 0.0336578
0.0150149 0.013216 0.123915 0.353008 0.346614 0.686913 0.0186062 0.0183753 0.0314383
0.0150913 0.0132736 0.12611 0.356386 0.349412 0.767865 0.0186815 0.0184461 0.0313979
0.0148722 0.0130013 0.143234 0.36076 0.354507 0.752157 0.0187137 0.0184324 0.0381129
0.0151921 0.0133624 0.126939 0.368756 0.363159 0.65501 0.0186704 0.0184784 0.0298996
0.0150196 0.0131402 0.122188 0.359563 0.353276 0.688076 0.0187704 0.0185775 0.031121
0.0150597 0.0131027 0.137898 0.356214 0.349537 0.727977 0.0187249 0.0184446 0.0370487
0.0147652 0.012949 0.131232 0.355491 0.349447 0.717759 0.0188769 0.0186118 0.0354228
0.0153992 0.0134449 0.143068 0.359094 0.352664 0.737655 0.0199158 0.0196328 0.0376099
0.0148969 0.0129923 0.129824 0.363857 0.357955 0.659115 0.0191578 0.0189689 0.029004
0.0148059 0.0129216 0.124488 0.364571 0.358843 0.68652 0.019698 0.0194214 0.0367949
0.0151206 0.0132273 0.126871 0.357698 0.350908 0.750917 0.0190846 0.0188062 0.0383999
0.0149999 0.0129699 0.132267 0.360299 0.353787 0.724232 0.0194636 0.0192036 0.0350891
0.0150842 0.0131303 0.136177 0.34837 0.342168 0.70352 0.0193802 0.01915 0.032601
0.0153895 0.0133812 0.138096 0.34936 0.342608 0.728861 0.0191225 0.0189368 0.0302319
0.014977 0.0132556 0.121703 0.347095 0.340412 0.708897 0.0189532 0.0188131 0.0267315
0.0146219 0.0127854 0.124765 0.354347 0.347777 0.702367 0.0190502 0.0188321 0.0319854
0.0149515 0.0130312 0.124495 0.36007 0.353567 0.685739 0.0195654 0.0193798 0.0305166
0.0144329 0.012586 0.127817 0.351832 0.345503 0.68318 0.0186487 0.0184376 0.0319636
0.0149171 0.0129072 0.137765 0.361649 0.355503 0.67809 0.0180276 0.0178921 0.0261316
0.0149982 0.013056 0.121125 0.371499 0.366155 0.61404 0.0186009 0.0184821 0.0250045
0.0149683 0.0130923 0.114642 0.371703 0.366191 0.630228 0.018426 0.0182492 0.0280768
0.0142502 0.0124577 0.115239 0.357032 0.351331 0.630712 0.0188255 0.018633 0.0297741
0.014124 0.012327 0.113156 0.35626 0.350776 0.606433 0.0184856 0.0183288 0.0270489
0.0147974 0.0127944 0.130065 0.367072 0.360598 0.678306 0.0181557 0.0180173 0.0259373
0.0151701 0.0131254 0.131009 0.365469 0.35868 0.702415 0.0184586 0.0182729 0.029044
0.0145965 0.0128091 0.116559 0.374458 0.368985 0.622741 0.0190685 0.0189129 0.0278514
0.014793 0.0129711 0.122455 0.368317 0.362433 0.65256 0.019119 0.0190003 0.0258108
0.0149377 0.0130737 0.12354 0.368065 0.36189 0.700626 0.0189729 0.0187801 0.0312983
0.0150717 0.0131408 0.126432 0.362939 0.358224 0.604024 0.0190557 0.018927 0.0265097
0.0155326 0.0135758 0.133561 0.362486 0.356364 0.696913 0.0192838 0.0190825 0.0322523
0.0157278 0.0137338 0.136491 0.356812 0.35108 0.665026 0.0190488 0.0188253 0.0336013
0.0158512 0.0139273 0.133535 0.371471 0.365523 0.666653 0.0191279 0.0188786 0.0349177
0.0155827 0.0137198 0.121989 0.368392 0.362445 0.655359 0.0187173 0.0184884 0.0326294
0.0157978 0.0138449 0.125647 0.363935 0.357396 0.704458 0.0180766 0.0178166 0.0342109
0.0153334 0.0134997 0.120104 0.354403 0.348237 0.668212 0.0182815 0.0180752 0.030883
0.0154546 0.0136639 0.111654 0.356208 0.349958 0.684087 0.0181312 0.0179419 0.0296898
0.0151357 0.0133724 0.116046 0.355675 0.349576 0.643371 0.0180411 0.0178197 0.031173
0.0153918 0.0135319 0.118612 0.353161 0.346835 0.638709 0.0178563 0.017664 0.0280457
0.0164707 0.0143981 0.145648 0.368137 0.361674 0.725162 0.0181652 0.017922 0.0323059
0.0159213 0.0139309 0.124874 0.362508 0.356931 0.630242 0.0183296 0.0181854 0.0257712
0.0155404 0.0134148 0.14439 0.350255 0.344147 0.658166 0.0177694 0.0176286 0.0258542
0.0155565 0.0133951 0.130114 0.357707 0.352109 0.629631 0.0181277 0.0180277 0.0234633
0.0157313 0.0135761 0.137762 0.367498 0.36194 0.621461 0.0181222 0.0179789 0.0261371
0.0153793 0.0132234 0.146627 0.351699 0.346191 0.623094 0.0182063 0.0180245 0.0280659
0.0155395 0.0134954 0.127791 0.356829 0.351347 0.621501 0.0186836 0.0184999 0.0290652
0.0154312 0.0133911 0.127196 0.347634 0.342482 0.607616 0.0184224 0.0182337 0.0286347
0.0153426 0.0132982 0.12535 0.357513 0.352431 0.604313 0.0185082 0.0182909 0.0311183
0.0156073 0.0135689 0.137475 0.353397 0.347025 0.686952 0.0185953 0.0183651 0.0322349
0.0153095 0.0133267 0.127974 0.356288 0.350079 0.683851 0.0184464 0.0182522 0.0302565
0.0155263 0.0135933 0.126716 0.360773 0.355158 0.686432 0.0188405 0.0186393 0.0302266
0.0151111 0.0131288 0.136514 0.366565 0.36149 0.633705 0.0184697 0.0182613 0.0302859
0.0145364 0.0126464 0.120748 0.351497 0.345085 0.700404 0.0183946 0.0181148 0.0354453
0.0150626 0.0131094 0.126179 0.351719 0.344797 0.752001 0.0184126 0.0181461 0.0354485
0.0151117 0.0130814 0.152044 0.352545 0.345702 0.735531 0.0180777 0.0177989 0.0362651
0.0152786 0.0133492 0.130776 0.350423 0.344064 0.690549 0.0188309 0.0185763 0.0347999
0.0148626 0.0130999 0.116576 0.341977 0.336134 0.632994 0.0185681 0.0183479 0.0316112
0.0154093 0.0135436 0.129039 0.35148 0.344845 0.732215 0.0185532 0.0183268 0.0326168
0.0150226 0.0133143 0.12027 0.357186 0.350549 0.756859 0.018489 0.0182296 0.0351814
0.0147188 0.0130848 0.108451 0.346549 0.340575 0.663509 0.0179057 0.0176114 0.0358348
0.0151029 0.0133445 0.113421 0.355654 0.348995 0.734055 0.017653 0.0173829 0.0337922
0.0152564 0.0133154 0.137195 0.357486 0.351009 0.715219 0.0181898 0.0179167 0.0347468
0.0149928 0.0132936 0.109852 0.36325 0.357793 0.651118 0.0184147 0.0181823 0.0331536
0.0155092 0.0137202 0.118295 0.371499 0.365846 0.659669 0.0185927 0.0184064 0.0293865
0.0156861 0.0138307 0.115645 0.360315 0.35435 0.654388 0.0180996 0.017929 0.0271526
0.0155151 0.0138063 0.105691 0.363407 0.357713 0.666304 0.0188043 0.018631 0.0281466
0.0159931 0.014099 0.119306 0.367575 0.362144 0.65871 0.0188408 0.0185729 0.0341828
0.0160837 0.01414 0.119884 0.382829 0.37709 0.652835 0.0193579 0.0190921 0.0331632
0.0158496 0.0139956 0.127835 0.381717 0.375781 0.694517 0.0192278 0.0189401 0.0359835
0.0160796 0.0141575 0.11742 0.378581 0.373232 0.637065 0.0193301 0.0190114 0.0373009
0.0157221 0.0139142 0.120296 0.379615 0.37438 0.637851 0.0191441 0.0187797 0.0409256
0.0151715 0.0133589 0.131498 0.365953 0.359868 0.700312 0.0193615 0.01895 0.0444432
0.0151666 0.0133493 0.129293 0.371953 0.366587 0.645085 0.0195455 0.0191619 0.0426941
0.0148846 0.0129972 0.128935 0.375076 0.369365 0.673118 0.0194555 0.0189615 0.0494754
0.014968 0.0131652 0.117488 0.370944 0.365081 0.673032 0.019432 0.0189027 0.0504001
0.0151464 0.0132394 0.126772 0.371856 0.366996 0.600278 0.0199706 0.0194757 0.0467761
0.0148511 0.0129355 0.122164 0.364016 0.358634 0.623145 0.019677 0.0192717 0.0417243
0.0156351 0.0137794 0.121791 0.39018 0.384525 0.664987 0.0198181 0.0193427 0.0466143
0.0152772 0.0134658 0.105562 0.390209 0.384716 0.680298 0.0201413 0.0197114 0.043768
0.0149496 0.0131945 0.109831 0.373846 0.367881 0.67699 0.0197073 0.0192297 0.0438777
0.0149092 0.0131887 0.110309 0.36743 0.36161 0.673942 0.0193547 0.0188781 0.0462574
0.0154723 0.0137017 0.114896 0.377819 0.372108 0.671667 0.0195673 0.0191549 0.0435312
0.0152938 0.0136239 0.111441 0.38575 0.379362 0.712678 0.019832 0.0194007 0.044037
0.0150645 0.0134375 0.105383 0.363333 0.357119 0.696637 0.0191779 0.0188002 0.0414132
0.0149483 0.0132781 0.111154 0.374521 0.369266 0.66048 0.0194702 0.0190897 0.0417652
0.0148221 0.0131299 0.102919 0.362235 0.357182 0.599935 0.0192032 0.0188037 0.0407753
0.0153097 0.013569 0.107892 0.370903 0.365387 0.647845 0.0195186 0.019131 0.0413038
0.0155945 0.0137348 0.126028 0.375333 0.369179 0.732784 0.0196373 0.0192393 0.0427467
0.0155721 0.0136133 0.137255 0.375095 0.36851 0.748701 0.0193033 0.0188037 0.0476104
0.0154087 0.0135233 0.132123 0.368603 0.362466 0.714249 0.0190231 0.0185639 0.0475355
0.0153559 0.0134538 0.131746 0.368374 0.361748 0.742478 0.018426 0.0180088 0.0418615
0.0155762 0.0138206 0.10367 0.368756 0.362927 0.659161 0.0191938 0.0186676 0.0493355
0.0158559 0.01396 0.119084 0.376885 0.371846 0.639565 0.0189058 0.0184699 0.0455224
0.0157906 0.0139315 0.110939 0.379653 0.373928 0.648001 0.0188903 0.0185736 0.0361219
0.0155133 0.0137582 0.113496 0.366597 0.360622 0.662655 0.0189424 0.0184784 0.0464592
0.0156189 0.0137828 0.113087 0.368324 0.362346 0.6732 0.0195218 0.0190803 0.0446098
0.0162656 0.0143568 0.122163 0.36538 0.359696 0.66606 0.019744 0.0193391 0.043498
0.0153056 0.0135389 0.116872 0.371026 0.365897 0.619044 0.020047 0.0196121 0.0437135
0.0156207 0.0137784 0.115455 0.367966 0.362493 0.651299 0.0199596 0.0195125 0.0453188
0.0158268 0.0138948 0.116735 0.366313 0.361147 0.596196 0.0199384 0.0195313 0.0407894
0.0158692 0.0139191 0.110562 0.366161 0.361318 0.576319 0.0194106 0.0190014 0.040796
0.015311 0.0133111 0.110096 0.362579 0.356898 0.615017 0.0191704 0.0188388 0.0356768
0.0153668 0.0133377 0.12181 0.356291 0.35035 0.636215 0.0191517 0.0188016 0.0389493
0.015052 0.013143 0.111551 0.35701 0.350875 0.657484 0.0192144 0.0188358 0.0384965
0.0158411 0.0140197 0.10382 0.352376 0.346488 0.62461 0.0193145 0.0189679 0.0373237
0.0157461 0.0138328 0.112384 0.36126 0.354759 0.691984 0.0188281 0.0184992 0.0366238
0.0158393 0.0139245 0.112634 0.36048 0.354198 0.670167 0.0187883 0.0184732 0.0349421
0.0159273 0.0141885 0.10513 0.367327 0.361801 0.631657 0.0196079 0.0192496 0.0379694
0.0160529 0.0141025 0.119307 0.363533 0.357846 0.637883 0.0195202 0.0191082 0.0416159
0.0154878 0.013568 0.110575 0.362424 0.356598 0.642658 0.0192865 0.018903 0.038512
0.0152855 0.0134394 0.103798 0.360938 0.35465 0.674281 0.0191869 0.0187919 0.0392115
0.0152443 0.0133634 0.113432 0.364401 0.358376 0.67041 0.0193634 0.0189888 0.0390246
0.0156426 0.0137149 0.113523 0.381948 0.376423 0.673251 0.0198434 0.0194569 0.0394205
0.0156542 0.0136771 0.120398 0.371066 0.3653 0.653757 0.0194275 0.0190387 0.0388879
0.0149384 0.0129946 0.116175 0.35847 0.352159 0.678886 0.0191829 0.0187562 0.0432448
0.0157918 0.0138501 0.125006 0.36954 0.363463 0.687821 0.0193392 0.0189871 0.038741
0.0156436 0.0137319 0.142649 0.359499 0.352662 0.760068 0.0191534 0.0187478 0.0444322
0.0161227 0.0140694 0.144326 0.37166 0.364645 0.7736 0.0187446 0.0182941 0.046569
0.0160221 0.0141656 0.124777 0.369079 0.362531 0.722462 0.0188252 0.0184218 0.0432976
0.0162162 0.014293 0.14725 0.368518 0.361812 0.7553 0.0186448 0.0182272 0.0445672
0.0159052 0.0141541 0.110319 0.365661 0.359243 0.712936 0.0187809 0.0183649 0.0440317
0.0163869 0.0144796 0.139596 0.373063 0.366363 0.764266 0.0189832 0.0185769 0.044551
0.0161079 0.0141924 0.132467 0.377728 0.371112 0.737214 0.0194009 0.0190289 0.0411575
0.0164972 0.0145542 0.125002 0.36921 0.363527 0.652111 0.0192973 0.0189384 0.0395339
0.0162817 0.0144926 0.119135 0.371426 0.365334 0.714492 0.019506 0.0191313 0.0422034
0.0163224 0.0145158 0.112186 0.375518 0.369488 0.686368 0.0197886 0.0194554 0.0388188
0.0155408 0.013718 0.1156 0.367168 0.360967 0.738667 0.0197501 0.0193748 0.0423844
0.0163837 0.0145589 0.119952 0.385498 0.379435 0.718772 0.0197625 0.0194139 0.0394269
0.0163149 0.0145088 0.111412 0.38032 0.374805 0.663777 0.0201232 0.0198697 0.0342224
0.0164109 0.0146334 0.113942 0.371749 0.366186 0.684734 0.0199081 0.0196488 0.0336211
0.015955 0.0140445 0.121948 0.366472 0.360485 0.706852 0.0199481 0.019677 0.0351352
0.0160752 0.0142327 0.11645 0.377808 0.371496 0.706038 0.0201747 0.0198525 0.0385151
0.0155555 0.0136378 0.123931 0.376491 0.37052 0.708125 0.0206415 0.0203054 0.0400882
0.0159422 0.013941 0.138842 0.370203 0.363482 0.744435 0.0203842 0.0200116 0.0420119
0.0156948 0.0137055 0.128768 0.369475 0.363442 0.686758 0.0203169 0.0199271 0.0424845
0.0151952 0.0133158 0.132905 0.374798 0.368127 0.775479 0.0202422 0.0198579 0.0453464
0.0154473 0.0135618 0.139601 0.379255 0.372666 0.765393 0.0202542 0.0198417 0.0466757
0.0156904 0.0137134 0.134732 0.382794 0.376404 0.763213 0.0209236 0.0205757 0.0427435
0.016171 0.0142115 0.128886 0.371298 0.365237 0.701928 0.0200575 0.0198282 0.0336649
0.0163983 0.0143286 0.132534 0.387798 0.382159 0.66882 0.0212408 0.0209738 0.0365244
0.0162011 0.0142549 0.125534 0.366933 0.361415 0.677388 0.0211635 0.0208755 0.0389058
0.0163561 0.0143747 0.139302 0.379105 0.372142 0.786582 0.0217589 0.0214523 0.0412676
0.0163693 0.0143239 0.147955 0.380227 0.373957 0.753911 0.0215716 0.021317 0.0363593
0.0162177 0.0141152 0.141763 0.367457 0.361511 0.696144 0.0209012 0.0206684 0.0347544
0.0165059 0.0145272 0.138995 0.377452 0.371909 0.676604 0.0209531 0.0206827 0.0381509
0.0164986 0.0146034 0.124484 0.382871 0.377376 0.657043 0.0210707 0.0207732 0.0388978
0.0165174 0.0144446 0.140692 0.370044 0.363644 0.734664 0.0203658 0.0200595 0.040778
0.0163984 0.0143621 0.148096 0.360704 0.354361 0.716614 0.0202499 0.0198943 0.0429814
0.0168178 0.0149024 0.139549 0.370893 0.364843 0.70283 0.0205659 0.0202407 0.0411058
0.0164035 0.0145512 0.139462 0.378949 0.371755 0.787686 0.0208821 0.0205365 0.0443404
0.0167965 0.0148786 0.140312 0.370741 0.36438 0.730049 0.0203732 0.0201048 0.0379639
0.0163338 0.0144827 0.137532 0.370031 0.364009 0.696842 0.0201784 0.0198998 0.0381887
0.0165512 0.0146475 0.131952 0.37742 0.371658 0.675524 0.0206749 0.0204187 0.0358333
0.0161971 0.0143963 0.121053 0.388203 0.38201 0.702286 0.0212862 0.0210086 0.0369041
0.0163863 0.0144976 0.124941 0.379928 0.373034 0.790003 0.0206878 0.0203022 0.0440181
0.0158194 0.0139128 0.128481 0.382793 0.376131 0.743439 0.0202526 0.0198866 0.0423182
0.0155736 0.0135574 0.131711 0.375362 0.368678 0.738478 0.0199989 0.0196437 0.0409104
0.0155903 0.0136065 0.134892 0.372922 0.367072 0.718419 0.0196857 0.0193408 0.0387399
0.0154097 0.0133858 0.142194 0.385313 0.378243 0.805246 0.0195304 0.0191813 0.0416239
0.0154795 0.013352 0.126027 0.386883 0.380982 0.696413 0.0194195 0.0191433 0.0340332
0.0152616 0.0131939 0.128855 0.376915 0.370759 0.707155 0.0193535 0.0190072 0.0377304
0.0148151 0.0129185 0.116718 0.380376 0.374543 0.690763 0.0197631 0.0194689 0.0348886
0.0154234 0.0134704 0.113699 0.382172 0.376448 0.65468 0.0196228 0.0193188 0.0351358
0.0158334 0.0137603 0.126855 0.381677 0.37515 0.746612 0.0196745 0.0193655 0.0361608
0.015657 0.0136911 0.121857 0.373774 0.367762 0.687965 0.0202199 0.0198756 0.0366338
0.0157813 0.0137426 0.131059 0.386753 0.38017 0.742085 0.020514 0.0201901 0.0367598
0.0150591 0.0132759 0.110896 0.377382 0.37167 0.676064 0.0198781 0.0195727 0.0353816
0.0153919 0.0135366 0.116833 0.380008 0.374001 0.717785 0.0199018 0.0196521 0.0325461
0.0158044 0.0139023 0.118108 0.384458 0.37887 0.684209 0.0196536 0.0194374 0.0312656
0.0159277 0.0139868 0.13127 0.385384 0.379778 0.716479 0.0199838 0.0197108 0.0346339
0.0156934 0.0137739 0.123144 0.391358 0.386138 0.672202 0.0197814 0.0195184 0.0328334
0.0163165 0.0145275 0.119912 0.38035 0.374099 0.745511 0.0196141 0.0193935 0.03132
0.0160765 0.0142967 0.114837 0.382352 0.376142 0.728359 0.0199772 0.0197329 0.0325865
0.0157499 0.013997 0.099754 0.377904 0.372644 0.651322 0.0194281 0.0191646 0.0331472
0.0156541 0.01387 0.114749 0.375613 0.3703 0.669011 0.0188901 0.0186262 0.033669
0.0156238 0.0137482 0.108793 0.377153 0.372408 0.605635 0.0191868 0.01896 0.0313707
0.0158867 0.0139373 0.127476 0.359661 0.353856 0.706217 0.0189723 0.018699 0.0366354
0.01626 0.0141332 0.143668 0.379278 0.372747 0.766219 0.019366 0.019089 0.0363405
0.0161914 0.0141089 0.131307 0.38052 0.374549 0.71405 0.0199282 0.0196816 0.0340948
0.0164536 0.0143846 0.12959 0.361042 0.35583 0.661709 0.0192098 0.0189141 0.0363419
0.0157685 0.0137813 0.113293 0.36304 0.358021 0.620948 0.0191663 0.0188765 0.0352275
0.0157587 0.0138708 0.123619 0.36502 0.359477 0.67348 0.0192073 0.0188931 0.0369405
0.015649 0.0135559 0.143274 0.364986 0.359243 0.697415 0.0190188 0.0187454 0.0358393
0.0159933 0.0139834 0.135558 0.381108 0.375465 0.698046 0.0191036 0.0188378 0.0350897
0.0161854 0.0142337 0.135753 0.385574 0.379701 0.724299 0.0198681 0.0196242 0.0338727
0.0163211 0.0142889 0.146745 0.38824 0.383389 0.671256 0.0193975 0.0192196 0.0292505
0.015745 0.0136582 0.154435 0.382311 0.376504 0.728437 0.019135 0.0188974 0.0337124
0.0152558 0.0133261 0.133733 0.365884 0.35987 0.744528 0.0187666 0.0185557 0.0312873
0.0150134 0.0131033 0.121602 0.3545 0.348716 0.687052 0.0185928 0.0183176 0.0357578
0.015271 0.0133062 0.12476 0.371714 0.366025 0.717866 0.018868 0.0186659 0.0297059
0.0149553 0.013015 0.121262 0.364918 0.36029 0.609333 0.0187826 0.0185052 0.0349991
0.0150561 0.0130155 0.123954 0.372541 0.367703 0.62075 0.0191387 0.0189397 0.0306577
0.01489 0.0128667 0.128538 0.369787 0.364499 0.644884 0.0196474 0.0193997 0.0336651
0.0151086 0.0130436 0.122159 0.375583 0.370592 0.638024 0.0190725 0.0188945 0.0286116
0.0150111 0.0129988 0.127446 0.375065 0.369228 0.707297 0.0190334 0.0187498 0.0352145
0.015684 0.0136216 0.133974 0.371752 0.365516 0.711029 0.0192414 0.0189975 0.0330618
0.0154498 0.0134648 0.121855 0.375426 0.370272 0.653728 0.0193625 0.0191518 0.0312497
0.0155352 0.0135621 0.132216 0.370284 0.364764 0.659207 0.0198617 0.0196732 0.0304715
0.0154843 0.0136616 0.124725 0.371553 0.366367 0.625147 0.0198147 0.0196415 0.0292929
0.0157325 0.0139148 0.131309 0.377097 0.371386 0.694829 0.0197688 0.0196032 0.0293311
0.0150867 0.0133329 0.118292 0.369242 0.362924 0.755601 0.0193059 0.0190824 0.0328445
0.0146737 0.0128168 0.128116 0.369996 0.364341 0.699586 0.0195157 0.0192566 0.0363946
0.0149614 0.0130854 0.125233 0.366918 0.361818 0.646033 0.0195131 0.0193255 0.0308946
0.0160026 0.0140034 0.116352 0.385327 0.379712 0.671815 0.019863 0.0196752 0.0303268
0.0158449 0.0138834 0.131038 0.359256 0.353372 0.714888 0.0190703 0.0188358 0.035066
0.0156977 0.0138274 0.115122 0.360176 0.35475 0.652439 0.0192042 0.0190073 0.0311092
0.0154383 0.0136278 0.119427 0.360371 0.354981 0.652843 0.0190474 0.018859 0.0296815
0.0153319 0.0133275 0.124489 0.36332 0.357894 0.644049 0.0185677 0.0183275 0.0325359
0.0156597 0.0137903 0.122544 0.364294 0.35888 0.692929 0.0189375 0.0186803 0.0337681
0.014903 0.012986 0.125049 0.351359 0.3457 0.659733 0.0183684 0.0181414 0.0316871
0.0147038 0.0127868 0.131553 0.365993 0.360135 0.67443 0.0186346 0.0183493 0.034631
0.01561 0.0137369 0.128431 0.369626 0.363288 0.742644 0.019195 0.0188958 0.0382551
0.0152678 0.0134265 0.112854 0.361913 0.356668 0.628102 0.0185227 0.0183378 0.0292343
0.0150139 0.0131874 0.108449 0.366505 0.361233 0.647128 0.018966 0.0187997 0.0281481
0.0143989 0.0126045 0.117554 0.355515 0.349569 0.681617 0.0190216 0.018827 0.0292267
0.0155057 0.0134842 0.128403 0.383868 0.378277 0.663979 0.0195226 0.0193878 0.0259388
0.0151305 0.0132708 0.116584 0.380501 0.374907 0.693415 0.0195197 0.0193167 0.030642
0.0150767 0.0131636 0.120666 0.375766 0.369727 0.685147 0.0195113 0.0192907 0.0313655
0.0147527 0.0129785 0.116578 0.366051 0.359692 0.718894 0.0194917 0.0192182 0.0349879
0.0150302 0.0132788 0.109894 0.371115 0.364795 0.697645 0.0192652 0.0190174 0.0343492
0.0156586 0.0139077 0.1073 0.380029 0.374342 0.668631 0.0194189 0.019129 0.0359564
0.0155368 0.0136905 0.117595 0.369705 0.363927 0.706498 0.0189344 0.0187005 0.0330472
0.015955 0.0140029 0.131218 0.382355 0.376074 0.742076 0.0196072 0.0193209 0.0368679
0.015593 0.0136213 0.117411 0.368811 0.362358 0.708596 0.0194267 0.0191734 0.0334744
0.0150132 0.0130721 0.13073 0.380153 0.373474 0.749352 0.0199217 0.0196654 0.034104
0.015434 0.0134848 0.12459 0.389831 0.38312 0.748807 0.0200832 0.0197975 0.0371988
0.0158858 0.0139182 0.129964 0.393041 0.386564 0.748753 0.0206679 0.02042 0.0337911
0.0156445 0.0138084 0.119091 0.376937 0.370478 0.724511 0.0195762 0.0192653 0.0374643
0.0155326 0.0136515 0.130501 0.379005 0.371965 0.805846 0.0203156 0.0200733 0.0343446
0.0161513 0.0142206 0.145602 0.396554 0.389718 0.819289 0.0204107 0.0201807 0.0350102
0.0151878 0.0133156 0.131479 0.368881 0.362777 0.715446 0.0197278 0.0195041 0.0330737
0.0150572 0.0132141 0.132048 0.385186 0.378376 0.784188 0.0198549 0.0196356 0.0325932
0.0156354 0.0137878 0.132169 0.397979 0.391209 0.794111 0.0197848 0.0195614 0.0319036
0.015496 0.0136911 0.129074 0.388676 0.382112 0.74764 0.0195604 0.0192839 0.0356916
0.0148977 0.0130813 0.130151 0.367417 0.3617 0.683837 0.0186435 0.0184172 0.0324834
0.0158092 0.0138837 0.141019 0.381454 0.375072 0.774756 0.0192888 0.0190348 0.0349183
0.0158759 0.0139904 0.142351 0.388004 0.381081 0.843262 0.0194978 0.0192321 0.0369484
0.0159014 0.0140599 0.135505 0.390491 0.383739 0.808273 0.0193815 0.0191951 0.0316007
0.0157159 0.0137796 0.128967 0.383923 0.377772 0.72206 0.0195503 0.0193009 0.0344097
0.0159839 0.014069 0.141554 0.383806 0.37768 0.748672 0.0192712 0.0190406 0.0337005
0.0163157 0.0145105 0.12338 0.400532 0.394313 0.761405 0.0200935 0.0199488 0.02917
0.0160178 0.0143252 0.114261 0.382449 0.376847 0.692235 0.0200706 0.0199188 0.0287219
0.0169464 0.015153 0.133162 0.396144 0.390349 0.754689 0.0201596 0.0199529 0.0329159
0.016159 0.0144222 0.132484 0.375262 0.368071 0.840164 0.0196052 0.0193624 0.034939
0.0163858 0.01453 0.115161 0.373454 0.367967 0.661291 0.0200035 0.0197858 0.0316192
0.0163539 0.0145727 0.114432 0.363971 0.358297 0.655051 0.0196195 0.0194431 0.0292773
0.0162202 0.0144754 0.126062 0.354313 0.347546 0.750534 0.0189336 0.0187333 0.0317457
0.0164261 0.014683 0.130493 0.355268 0.34902 0.731965 0.0192503 0.0190512 0.0313331
0.0161502 0.0144526 0.125483 0.361995 0.35483 0.798802 0.019324 0.0190796 0.0349747
0.0163135 0.01455 0.127292 0.371385 0.364423 0.786195 0.0199991 0.0197771 0.0349783
0.0166928 0.0149093 0.122119 0.369339 0.363415 0.700265 0.0197304 0.0195618 0.0304999
0.0163956 0.0146371 0.119367 0.374159 0.367541 0.75931 0.0201842 0.0199759 0.0338142
0.0162834 0.014542 0.120571 0.37962 0.373629 0.69436 0.0200455 0.0198238 0.0331356
0.0166718 0.0149553 0.133348 0.383261 0.37642 0.780406 0.0199518 0.0196682 0.0380526
0.0160695 0.0143312 0.127693 0.361631 0.355532 0.699994 0.0198991 0.019678 0.0326587
0.0164853 0.0147379 0.13602 0.357089 0.350975 0.762911 0.0196009 0.0193588 0.034355
0.0159321 0.0140586 0.13557 0.358723 0.351626 0.814813 0.019344 0.0190448 0.0387634
0.0152914 0.0136513 0.11326 0.365742 0.359223 0.742038 0.0193896 0.0191769 0.0327892
0.0155199 0.0138634 0.118797 0.365679 0.358799 0.763737 0.0194476 0.0192014 0.0345314
0.0155373 0.0138575 0.118696 0.368445 0.361822 0.745606 0.0192348 0.0190226 0.0321456
0.0158503 0.0141424 0.120888 0.377138 0.370342 0.779651 0.0202469 0.0199755 0.0367107
0.0158043 0.0140632 0.124238 0.36629 0.359594 0.758204 0.0199077 0.0196463 0.0361759
0.0155538 0.0138826 0.118124 0.365726 0.359713 0.68299 0.0201197 0.0199003 0.0339505
0.0149538 0.0133515 0.10741 0.356648 0.350645 0.684975 0.0195914 0.019332 0.0355361
0.0145788 0.012981 0.106746 0.364264 0.357703 0.747382 0.0196868 0.0194476 0.0352806
0.0145341 0.0128398 0.125354 0.361554 0.355272 0.735804 0.0198146 0.0196054 0.033228
0.0149395 0.0131428 0.113687 0.371131 0.365425 0.67314 0.0197791 0.0195814 0.0316551
0.0143753 0.0126819 0.113625 0.365989 0.359893 0.742901 0.019657 0.0194078 0.035409
0.014754 0.0130387 0.117021 0.379873 0.374207 0.688087 0.0200469 0.0198486 0.0322698
0.014838 0.0131124 0.106986 0.379851 0.373731 0.681908 0.0199725 0.0198275 0.027622
0.0150781 0.0133069 0.11727 0.385973 0.379956 0.711024 0.0202468 0.0200985 0.0288615
0.015674 0.0140267 0.11869 0.381743 0.374879 0.759241 0.0200209 0.0198572 0.0301137
0.0159555 0.014175 0.118653 0.377616 0.371576 0.717984 0.0205853 0.0204431 0.0290081
0.0162668 0.0144641 0.118637 0.393158 0.387584 0.681039 0.0206716 0.0205715 0.0263204
0.0160714 0.0143403 0.113602 0.396017 0.389502 0.745106 0.0211499 0.0209971 0.0307588
0.0159666 0.014211 0.109647 0.381442 0.375485 0.677326 0.0203259 0.02023 0.0258779
0.0160084 0.0142717 0.109374 0.379942 0.374028 0.681714 0.0201611 0.020021 0.0280142
0.0159359 0.014192 0.125431 0.387968 0.380855 0.833031 0.0202717 0.0201049 0.0308398
0.0157053 0.0139008 0.124371 0.381622 0.37487 0.760062 0.0199233 0.0197694 0.0290727
0.0163198 0.0144927 0.137174 0.38901 0.382443 0.772467 0.0200144 0.0198505 0.0299617
0.0159786 0.0141074 0.135736 0.375681 0.369132 0.755689 0.0200203 0.0198474 0.0302892
0.0161058 0.0142738 0.127084 0.377644 0.372091 0.674172 0.0198998 0.0197301 0.030527
0.0159667 0.0141744 0.125018 0.387206 0.381354 0.700073 0.0200366 0.0199129 0.02706
0.015872 0.0140278 0.128288 0.390909 0.385188 0.702981 0.0202902 0.020189 0.0266497
0.0162415 0.0143563 0.126548 0.38711 0.381392 0.706362 0.0202409 0.0201245 0.0269886
0.015889 0.013987 0.137097 0.37515 0.368881 0.743105 0.0197592 0.0195842 0.0308516
0.0159326 0.0140356 0.145669 0.374103 0.367365 0.792991 0.0198169 0.0196684 0.0291399
0.0162022 0.0143407 0.12583 0.381809 0.37514 0.771965 0.0198695 0.0196815 0.0323291
0.0157577 0.0138547 0.139271 0.375714 0.369211 0.753586 0.0195956 0.0194786 0.0273173
0.0148323 0.0132004 0.113599 0.377783 0.371002 0.76018 0.0198834 0.0197609 0.0275447
0.0160408 0.0140947 0.139913 0.382014 0.374363 0.855962 0.0196442 0.0194698 0.0320373
0.0162059 0.01441 0.122166 0.387995 0.381358 0.77758 0.0200999 0.0199111 0.0318188
0.015689 0.0140063 0.127026 0.382543 0.37547 0.794126 0.0199787 0.0198333 0.029338
0.0158904 0.0140262 0.138529 0.399033 0.391787 0.841052 0.0200629 0.0198815 0.0323361
0.0160489 0.0142051 0.134828 0.387125 0.379929 0.802942 0.0200116 0.019869 0.0291836
0.0159987 0.0141064 0.133789 0.374365 0.367439 0.765138 0.0200982 0.0199943 0.0258515
0.0150345 0.0132985 0.125541 0.35989 0.352885 0.787765 0.0195612 0.0193743 0.03183
0.0158748 0.0141623 0.121403 0.387689 0.381256 0.747223 0.0201544 0.0200632 0.0256613
0.0162175 0.0144255 0.118624 0.382597 0.375468 0.784351 0.0202983 0.0201868 0.0269145
0.0167447 0.0149891 0.126475 0.377009 0.37034 0.750846 0.0201566 0.0200228 0.0282683
0.0172692 0.0155116 0.131093 0.373567 0.36648 0.788507 0.0197852 0.0196399 0.0290306
0.0170962 0.0152882 0.129935 0.368441 0.361518 0.761223 0.0192823 0.0191789 0.0259881
0.0172436 0.015341 0.128252 0.37792 0.371473 0.725413 0.0196325 0.0195043 0.0272259
0.0165159 0.0147744 0.122208 0.377874 0.370786 0.777301 0.0197148 0.0194995 0.0330885
0.0156348 0.0139072 0.114933 0.368152 0.362414 0.65641 0.0192942 0.0191855 0.0254285
0.0161055 0.0143364 0.119168 0.370138 0.36337 0.729322 0.0197505 0.0196239 0.0277652
0.0163471 0.014604 0.117705 0.383374 0.377224 0.715312 0.0198374 0.0197111 0.0272282
0.0157033 0.0139553 0.122019 0.370599 0.364529 0.692301 0.0196715 0.0195199 0.0289622
0.0160311 0.0142022 0.118142 0.377543 0.371054 0.72747 0.0204559 0.0203613 0.0257117
0.0149902 0.0133461 0.108267 0.364415 0.357945 0.726547 0.0199496 0.019841 0.0262285
0.0156743 0.0138253 0.12424 0.370392 0.363631 0.734466 0.0198986 0.0197714 0.027525
0.0152928 0.0136239 0.105153 0.375275 0.368524 0.716381 0.0198094 0.0196947 0.0263445
0.0158888 0.0141673 0.110892 0.364139 0.358082 0.675925 0.0197575 0.0197029 0.0229469
0.01594 0.0142887 0.106436 0.374288 0.367632 0.741193 0.0197474 0.0196219 0.0277956
0.0159088 0.0141969 0.12181 0.380428 0.37349 0.756683 0.020499 0.0203745 0.0280394
0.0158834 0.014132 0.13198 0.374835 0.368153 0.755388 0.0201223 0.0199607 0.0300489
0.0159416 0.0141117 0.120831 0.370756 0.36404 0.759933 0.0202257 0.0200274 0.0330461
0.0168265 0.0148902 0.13895 0.373366 0.365886 0.8028 0.0203054 0.0201347 0.0315669
0.016246 0.0144224 0.130016 0.372643 0.365395 0.78049 0.020415 0.0202556 0.0304116
0.0159721 0.0141395 0.127269 0.375083 0.367779 0.797708 0.0203716 0.0201758 0.0322131
0.0156611 0.0136561 0.139789 0.362881 0.355974 0.749128 0.0197052 0.0195477 0.0290284
0.0158646 0.0140506 0.127123 0.36541 0.358425 0.751189 0.0195267 0.019342 0.0310546
0.016338 0.0144823 0.132196 0.370366 0.363272 0.748306 0.0199853 0.0198356 0.0288995
0.0162443 0.0143517 0.131859 0.369255 0.361712 0.818511 0.0200351 0.0198824 0.0300019
0.0158179 0.0140164 0.124547 0.373737 0.366936 0.769257 0.019884 0.0197307 0.0301452
0.0164658 0.0146614 0.133152 0.392361 0.38527 0.811587 0.0204135 0.0202345 0.0318724
0.0161415 0.014422 0.118779 0.376037 0.369902 0.700591 0.0194134 0.0193237 0.0245505
0.0155221 0.0137245 0.124498 0.368202 0.360914 0.828176 0.0195631 0.0193933 0.0304414
0.0161923 0.0143505 0.128794 0.385095 0.377634 0.827843 0.0199331 0.0197653 0.0306327
0.0157595 0.0139212 0.126876 0.376247 0.368986 0.778465 0.019807 0.0196533 0.0293119
0.0164436 0.0145553 0.136355 0.382272 0.374094 0.851405 0.0201234 0.0199708 0.0297384
0.0164089 0.0144955 0.12547 0.378889 0.371401 0.757651 0.0195752 0.0193885 0.0304822
0.0164075 0.0145856 0.119646 0.37542 0.368543 0.720914 0.0200473 0.0198723 0.0294331
0.0159602 0.0141935 0.120232 0.373554 0.366327 0.774485 0.0190049 0.0188251 0.0301184
0.0156175 0.0137911 0.113704 0.373401 0.367088 0.695827 0.0194164 0.0192601 0.0280498
0.016169 0.0143371 0.118755 0.381358 0.374567 0.726866 0.0192775 0.0190902 0.0298647
0.0154543 0.013769 0.109559 0.372933 0.366362 0.707119 0.0196863 0.019502 0.0299495
0.0158157 0.0140036 0.122887 0.390522 0.382901 0.825525 0.0199858 0.0197556 0.0341354
0.0158927 0.0141532 0.113771 0.384434 0.377478 0.745118 0.0204472 0.020194 0.0364529
0.0155967 0.0138498 0.114587 0.378029 0.371286 0.762767 0.0201153 0.0199622 0.0298266
0.015655 0.0138926 0.118682 0.385939 0.379787 0.703262 0.0201689 0.0200031 0.0301108
0.015507 0.0136454 0.120997 0.384938 0.377901 0.761305 0.0203058 0.0201082 0.0317548
0.0158103 0.0139402 0.124157 0.37997 0.373217 0.741993 0.0202141 0.0200456 0.0300203
0.0157521 0.0138732 0.122618 0.378523 0.37217 0.689962 0.019952 0.0197187 0.0339351
0.0161208 0.0142989 0.119133 0.378762 0.372102 0.723646 0.0201209 0.0198721 0.0341398
0.0157265 0.0139888 0.113037 0.390277 0.383189 0.769757 0.0201563 0.0199093 0.0349789
0.0156977 0.0138673 0.127312 0.392451 0.385385 0.811955 0.0206229 0.0203384 0.0384527
0.0163173 0.0143959 0.128911 0.397999 0.390698 0.775636 0.0208667 0.0206003 0.0367346
0.0155613 0.0137034 0.118173 0.384644 0.378454 0.709794 0.0202363 0.019994 0.0341742
0.0165281 0.0145893 0.122596 0.391475 0.384437 0.753612 0.020405 0.0201944 0.0329011
0.0167881 0.0149192 0.127885 0.381255 0.374365 0.749771 0.020289 0.0200255 0.0355652
0.0169837 0.0149892 0.135544 0.383047 0.375971 0.77015 0.0200759 0.0197288 0.0409357
0.0163295 0.0144684 0.133408 0.384083 0.377512 0.716109 0.0199458 0.019654 0.0363851
0.0165768 0.0147064 0.117735 0.385406 0.379208 0.718805 0.0199762 0.0197165 0.0353814
0.0167859 0.0149408 0.124824 0.37793 0.371545 0.696399 0.02011 0.0198966 0.031895
0.0165167 0.0147091 0.118468 0.376495 0.37037 0.667457 0.0197828 0.0195336 0.0335817
0.0165932 0.0147977 0.110487 0.38453 0.378204 0.681693 0.0199416 0.01973 0.031491
0.0169485 0.0151456 0.118987 0.38387 0.376978 0.729339 0.0197161 0.0193962 0.0372556
0.0166526 0.014723 0.123176 0.387674 0.381011 0.759214 0.0198864 0.0196161 0.0343617
0.0171956 0.0152247 0.125805 0.378629 0.372279 0.69172 0.019382 0.0191854 0.0299027
0.0166721 0.0147862 0.124126 0.392831 0.386313 0.772351 0.0197391 0.0195015 0.0332944
0.0162507 0.01429 0.123229 0.387059 0.3812 0.692164 0.0193882 0.0191689 0.0315698
0.0158671 0.0140538 0.117261 0.384943 0.379196 0.678471 0.0195784 0.0193318 0.0340323
0.0164194 0.0145277 0.133266 0.387872 0.382007 0.701124 0.0199617 0.0197067 0.0348212
0.0162128 0.0143553 0.129027 0.382426 0.376209 0.711588 0.0200221 0.0198263 0.0306445
0.0158616 0.0141014 0.115675 0.38773 0.382903 0.641048 0.0197301 0.0195598 0.0288153
0.0160194 0.0141615 0.121641 0.392731 0.386688 0.71424 0.0197689 0.0195534 0.0317687
0.0165007 0.0146255 0.115587 0.383486 0.378229 0.643446 0.0199492 0.0197321 0.0317081
0.0159733 0.0142933 0.0979215 0.384627 0.378568 0.676875 0.0200211 0.0197612 0.0329202
0.0157213 0.0140261 0.107887 0.376766 0.37033 0.740847 0.0199027 0.0196763 0.0323497
0.0155052 0.0137202 0.104157 0.376442 0.370487 0.662943 0.0195773 0.019407 0.0279575
0.0158204 0.0139985 0.116472 0.387512 0.380864 0.738532 0.0195492 0.0193702 0.0290053
0.0154598 0.0137338 0.107684 0.379597 0.372769 0.716847 0.0198781 0.0196355 0.0325163
0.0151216 0.0134521 0.104033 0.378275 0.372111 0.677514 0.0190553 0.0188653 0.0289961
0.01561 0.0139963 0.104915 0.384652 0.378197 0.723714 0.0192774 0.0190891 0.0293599
0.0162512 0.0145442 0.098983 0.378179 0.372258 0.643001 0.0195361 0.0193714 0.0277728
0.0160802 0.0145148 0.0942374 0.380608 0.374133 0.685766 0.0193536 0.0191596 0.0295162
0.0164846 0.0148318 0.0976858 0.384111 0.377336 0.743372 0.0197614 0.0195325 0.0327831
0.0157419 0.0141573 0.0983239 0.384458 0.377839 0.727478 0.019525 0.0194103 0.0257655
0.0154524 0.0137598 0.121456 0.377375 0.370222 0.774178 0.0190704 0.0189355 0.0267188
0.0145714 0.0129673 0.105518 0.366346 0.359576 0.705019 0.0188928 0.018768 0.0262571
0.0147101 0.0130916 0.108 0.373963 0.366785 0.739362 0.0190162 0.0188953 0.0265052
0.0158096 0.0140225 0.120311 0.381525 0.374682 0.725 0.0193815 0.0192446 0.0275944
0.0160778 0.0143561 0.117437 0.373477 0.367332 0.688794 0.0192935 0.0191662 0.0266924
0.015629 0.0139576 0.118081 0.380626 0.374239 0.76928 0.019663 0.0195991 0.0236292
0.0158447 0.0141804 0.109113 0.381144 0.375687 0.657471 0.0196084 0.0195165 0.0250478
0.0149464 0.0133801 0.109165 0.380082 0.373856 0.707849 0.0200004 0.0198637 0.0284227
0.0152113 0.0135513 0.114409 0.383849 0.377469 0.706611 0.0194733 0.0193469 0.027217
0.0147704 0.0132338 0.101935 0.374219 0.368043 0.689798 0.0191081 0.0190487 0.0225714
0.014937 0.0133182 0.115484 0.367592 0.361149 0.717687 0.0188818 0.0188188 0.0228709
0.0150423 0.0134557 0.115334 0.371855 0.365454 0.721092 0.0192865 0.0192263 0.0230505
0.0146608 0.0130066 0.115123 0.357252 0.351856 0.658588 0.0189024 0.0188811 0.0201533
0.0146602 0.0129438 0.122754 0.371598 0.365188 0.735887 0.0192759 0.0192183 0.0231019
0.0155061 0.0138053 0.130092 0.388882 0.382747 0.721451 0.0194158 0.0193531 0.0233623
0.0156688 0.0138478 0.129204 0.388179 0.382056 0.747542 0.0193804 0.0193018 0.0244272
0.0158391 0.0141557 0.115723 0.371607 0.365453 0.717689 0.0195809 0.0195005 0.0249294
0.0161881 0.0145666 0.118959 0.377087 0.371455 0.686397 0.0200981 0.020067 0.0219967
0.0157453 0.0140633 0.123915 0.372453 0.366476 0.717198 0.0200017 0.0199105 0.026033
0.0158478 0.0140768 0.125128 0.388483 0.382707 0.710561 0.02039 0.0203701 0.0215629
0.0158231 0.0139667 0.13857 0.388059 0.381753 0.743201 0.0206557 0.0205791 0.025523
0.0158359 0.0140649 0.126916 0.384615 0.378981 0.704224 0.0204066 0.0203047 0.0270241
0.0159681 0.0141976 0.120813 0.373623 0.367871 0.696144 0.019923 0.0198339 0.0257357
0.0157423 0.0141193 0.119048 0.387605 0.38115 0.764327 0.0199639 0.019862 0.0257923
0.0161047 0.0144468 0.115396 0.389394 0.38375 0.684581 0.019994 0.0199103 0.0250774
0.0159285 0.0141955 0.131952 0.384864 0.378982 0.721224 0.0198616 0.0197637 0.0260184
0.0162249 0.0144965 0.122367 0.372281 0.366543 0.682267 0.0198025 0.0197586 0.0224171
0.0160956 0.0144554 0.113401 0.370892 0.364993 0.696506 0.0195016 0.0194353 0.0235197
0.0172989 0.0155498 0.148818 0.381868 0.374766 0.838122 0.0196185 0.0194876 0.028634
0.0165627 0.0149146 0.126429 0.378192 0.371665 0.764552 0.0201738 0.0201108 0.0240069
0.0162125 0.0146875 0.108767 0.377199 0.371885 0.677582 0.0199616 0.0198737 0.025407
0.0163583 0.0147906 0.118258 0.390955 0.384746 0.739166 0.0201514 0.0200909 0.0239394
0.0164882 0.0148949 0.103663 0.382657 0.376565 0.762692 0.0194586 0.0194158 0.0220673
0.0166059 0.0149705 0.117391 0.389605 0.383024 0.792568 0.0196063 0.0195481 0.0231165
0.0160283 0.0142354 0.124949 0.380577 0.37419 0.786441 0.0190805 0.0189782 0.0256355
0.0157154 0.0140629 0.111207 0.386585 0.381258 0.724765 0.0199046 0.019817 0.0252006
0.0163178 0.0145993 0.126916 0.384079 0.378274 0.742432 0.0196323 0.0195983 0.0215887
0.0153165 0.0137131 0.117347 0.38483 0.378976 0.748637 0.0198401 0.0198158 0.021327
0.0155848 0.013868 0.126094 0.378588 0.372906 0.718562 0.0200329 0.0200276 0.0203502
0.0153937 0.0135957 0.12957 0.374173 0.367455 0.819391 0.0195703 0.0195061 0.0237731
0.0151136 0.0132766 0.138063 0.384212 0.377906 0.754352 0.0200641 0.0200359 0.0219275
0.0154832 0.0136898 0.135369 0.380593 0.374971 0.729999 0.0202163 0.0201402 0.0250534
0.0153244 0.0136114 0.121378 0.380926 0.375213 0.706584 0.0197665 0.0197043 0.0236803
0.0154168 0.0135152 0.135839 0.386582 0.38092 0.707032 0.0196899 0.0196233 0.0239487
0.0152368 0.0133679 0.137827 0.385352 0.37944 0.730711 0.0195524 0.0194564 0.025842
0.0155105 0.0136795 0.13211 0.375053 0.36941 0.687121 0.0194518 0.0194117 0.0218346
0.0157688 0.0139591 0.126984 0.373941 0.368864 0.644281 0.0196564 0.0195417 0.0265374
0.0152732 0.0135603 0.136232 0.362418 0.355807 0.761805 0.0192463 0.0191311 0.0269256
0.015578 0.0139426 0.119798 0.372704 0.366249 0.746232 0.0196134 0.0194872 0.0270091
0.0152581 0.0136946 0.102967 0.360316 0.354592 0.660407 0.0185945 0.0185359 0.0219936
0.0156107 0.0140147 0.109236 0.370696 0.364314 0.731275 0.0191832 0.0191177 0.0230884
0.0158502 0.0141352 0.111049 0.366418 0.359829 0.743541 0.0193422 0.0192158 0.0273583
0.0149109 0.0133067 0.105706 0.366 0.360265 0.669925 0.0194064 0.0193764 0.0212069
0.0153804 0.0137043 0.120086 0.365559 0.35919 0.727794 0.0192695 0.0191412 0.0274633
0.0152811 0.0135853 0.125235 0.35937 0.353445 0.694675 0.0194858 0.0193756 0.0264885
0.0151536 0.013418 0.122876 0.37419 0.36806 0.736919 0.0194271 0.0193467 0.0245348
0.0157558 0.0139995 0.115222 0.378289 0.372049 0.70141 0.0198007 0.0196984 0.0258543
0.0160528 0.0142974 0.108787 0.374586 0.369387 0.621255 0.0196764 0.0196498 0.0210865
0.0151915 0.0135791 0.107362 0.366981 0.36102 0.699769 0.0195244 0.0194224 0.0254817
0.0152371 0.0136137 0.106826 0.366208 0.360655 0.676446 0.0191315 0.0190377 0.0246478
0.0151917 0.0135419 0.115653 0.357845 0.352045 0.680182 0.0192042 0.0191123 0.0247455
0.0147204 0.0130603 0.115456 0.36665 0.360856 0.707423 0.0184822 0.0184168 0.0222556
0.0152838 0.0135834 0.111766 0.367938 0.361616 0.704663 0.0192392 0.0191056 0.0268954
0.0150742 0.0134489 0.0967062 0.361116 0.355756 0.636128 0.0186201 0.0184993 0.025302
0.0151032 0.0134445 0.104364 0.364087 0.358709 0.618942 0.0190446 0.0189027 0.0268252
0.0154876 0.0137291 0.112756 0.37151 0.365311 0.72273 0.019117 0.0188752 0.0329504
0.0155448 0.0139334 0.104616 0.369383 0.36286 0.734699 0.0193171 0.0191578 0.028106
0.0160287 0.0143154 0.114104 0.37237 0.366559 0.679599 0.0195926 0.019414 0.0297249
0.0161972 0.0145604 0.0976846 0.384491 0.3803 0.56099 0.0192129 0.0190961 0.0250711
0.015821 0.0142944 0.0942594 0.381274 0.376076 0.636241 0.0193497 0.019214 0.0262096
0.016792 0.0151634 0.105517 0.383464 0.377484 0.69441 0.019465 0.0193425 0.0260675
0.0161939 0.0146156 0.111164 0.37962 0.373193 0.721353 0.0200709 0.0198876 0.0308146
0.0163285 0.0147422 0.11376 0.371564 0.364876 0.762498 0.0197925 0.0195909 0.0319373
0.0161742 0.0146606 0.10344 0.36536 0.358762 0.726282 0.0195261 0.0193516 0.0297996
0.0168732 0.0152634 0.111013 0.385339 0.378867 0.721441 0.0196325 0.0195132 0.0267486
0.0172902 0.0156036 0.120063 0.391903 0.385389 0.748629 0.0202832 0.0201759 0.0267528
0.0165655 0.0148945 0.111028 0.384617 0.37822 0.722183 0.0199407 0.0198277 0.0259978
0.0164019 0.014686 0.109026 0.372292 0.367173 0.658154 0.0200547 0.0199331 0.0269176
0.016717 0.0150469 0.107971 0.378672 0.372667 0.675132 0.0200189 0.0199298 0.025046
0.0171847 0.0155129 0.120568 0.380474 0.37387 0.744579 0.0202949 0.0201774 0.0273898
0.0170517 0.0154083 0.109817 0.37498 0.369217 0.681744 0.0202893 0.0201981 0.0255561
0.0165069 0.014851 0.116926 0.379007 0.373104 0.690989 0.0205943 0.0205088 0.0256897
0.0161185 0.0145169 0.112887 0.37322 0.367829 0.681408 0.0198338 0.0197215 0.0266893
0.0161098 0.0144418 0.117168 0.382184 0.376595 0.677398 0.0202895 0.0201396 0.029239
0.0162165 0.0146206 0.119618 0.379874 0.373472 0.732331 0.0205706 0.020405 0.0313891
0.0159878 0.014409 0.116166 0.371991 0.367848 0.597552 0.0200218 0.0199015 0.0273551
0.0158697 0.0143356 0.121413 0.367114 0.360822 0.738673 0.0202669 0.020128 0.0298666
0.0158736 0.0144261 0.103822 0.358476 0.353049 0.627761 0.0197184 0.0195903 0.0277805
0.0160839 0.0144719 0.116133 0.3557 0.349535 0.704943 0.0197625 0.0196395 0.0275005
0.0162054 0.0146221 0.11853 0.35881 0.352348 0.739003 0.0201708 0.0200255 0.0300029
0.015881 0.0141972 0.115151 0.363235 0.356953 0.720659 0.0200054 0.0198409 0.0308381
0.0165059 0.0147868 0.116724 0.359117 0.352207 0.751165 0.0201371 0.0200105 0.0282705
0.0164387 0.014767 0.122148 0.357775 0.351169 0.725555 0.020514 0.0204152 0.0268014
0.0171598 0.0155085 0.120966 0.375014 0.368401 0.762034 0.0210756 0.0209808 0.0271342
0.0164109 0.0148058 0.107149 0.370048 0.364023 0.678587 0.0204138 0.020302 0.0273905
0.0161338 0.014508 0.116644 0.363532 0.356949 0.730976 0.0198444 0.0196755 0.0313712
0.0166458 0.0148636 0.122686 0.379246 0.372401 0.747631 0.0198304 0.0196697 0.030368
0.0164535 0.0147582 0.124839 0.379556 0.37349 0.709934 0.0199581 0.0197849 0.0309625
0.0164348 0.0148393 0.113033 0.374131 0.368401 0.677257 0.0193944 0.0192481 0.0289769
0.0158375 0.0142144 0.118909 0.364926 0.359003 0.693355 0.0193331 0.0191715 0.0302237
0.0160246 0.0143906 0.115557 0.3853 0.37902 0.736823 0.0198604 0.0196853 0.0311192
0.0156495 0.0140438 0.107831 0.387156 0.381123 0.724077 0.0206944 0.0205699 0.0284102
0.0161378 0.0144861 0.120906 0.37756 0.371432 0.737761 0.0201152 0.020015 0.0262507
0.0157936 0.014135 0.114956 0.376671 0.370101 0.750646 0.0195768 0.0194467 0.0269961
0.0155682 0.0139119 0.117817 0.368921 0.363273 0.69788 0.0189877 0.0187886 0.0318103
0.0157744 0.0142047 0.114353 0.377048 0.372277 0.663191 0.0189232 0.018706 0.0334375
0.0161505 0.0145377 0.114352 0.381134 0.375063 0.727192 0.0189359 0.0187424 0.0313297
0.0165406 0.0149081 0.124948 0.383624 0.377661 0.773217 0.0192397 0.0190317 0.0341228
0.0161662 0.0145636 0.112323 0.386216 0.380272 0.761948 0.019396 0.0193096 0.0248039
0.0159155 0.0143174 0.113935 0.3798 0.374031 0.70166 0.0193762 0.0192382 0.0283574
0.015297 0.013799 0.112628 0.37481 0.368826 0.735293 0.0193279 0.0191858 0.0281556
0.0150295 0.0135169 0.107467 0.378546 0.374022 0.63499 0.0192562 0.019178 0.0238081
0.015108 0.0135057 0.109712 0.36893 0.36381 0.638608 0.019126 0.0189981 0.0271007
0.0156069 0.0140558 0.105155 0.382058 0.376103 0.711449 0.0189452 0.0188459 0.0247893
0.0154328 0.0138428 0.105381 0.370226 0.36478 0.669483 0.0189458 0.0188159 0.026593
0.0152951 0.0138376 0.100139 0.365252 0.359571 0.6638 0.0188604 0.018736 0.026015
0.0151767 0.0136812 0.103665 0.352661 0.34678 0.719576 0.0189896 0.0188644 0.0272763
0.0150624 0.0135645 0.0990947 0.357661 0.352569 0.63587 0.0189808 0.018912 0.0228483
0.0160489 0.0144231 0.11533 0.367792 0.361926 0.708449 0.0186475 0.0185564 0.0247875
0.0158608 0.0141446 0.120245 0.37214 0.366598 0.675841 0.0189383 0.0188637 0.0236357
0.0151909 0.0135818 0.106289 0.374257 0.369049 0.666086 0.0188744 0.0187555 0.026818
0.0146425 0.0131102 0.108814 0.366697 0.361775 0.621948 0.0184632 0.0183645 0.024292
0.0152209 0.0135571 0.119858 0.372047 0.366464 0.68158 0.0184938 0.018378 0.0258503
0.0149061 0.0133289 0.116743 0.375834 0.370652 0.694488 0.0186046 0.0184218 0.0304279
0.0157325 0.0142861 0.0955693 0.385659 0.380362 0.662721 0.0189615 0.0188073 0.0275319
0.0160563 0.0144245 0.112635 0.382537 0.376243 0.764871 0.0188924 0.0187302 0.028526
0.0158827 0.0142948 0.102757 0.383007 0.377217 0.687363 0.0189835 0.0188374 0.0270927
0.015934 0.0142712 0.102401 0.391597 0.386538 0.658363 0.0189332 0.0187772 0.0277828
0.0158673 0.0142586 0.101584 0.382647 0.37698 0.679792 0.01935 0.019205 0.0277332
0.0157414 0.0141473 0.102335 0.38018 0.375382 0.630253 0.0187796 0.0186511 0.0265097
0.0163123 0.0146237 0.116958 0.383137 0.377873 0.668254 0.0195181 0.0193896 0.0272517
0.0162984 0.0145118 0.122866 0.377517 0.372221 0.664666 0.0190343 0.0188814 0.028633
0.0161707 0.0144868 0.110636 0.374108 0.369894 0.574391 0.0195082 0.0193835 0.0264401
0.0160259 0.0142501 0.124352 0.380546 0.375102 0.679536 0.0194959 0.0193097 0.031119
0.0164708 0.0148627 0.105608 0.391001 0.385906 0.69697 0.0194102 0.0191564 0.033855
0.0166837 0.0149583 0.109654 0.402487 0.397453 0.684378 0.019941 0.0197813 0.0283525
0.0167585 0.0150992 0.106011 0.394309 0.389707 0.645132 0.0194173 0.0192784 0.0271922
0.0168337 0.0151161 0.11184 0.390666 0.38524 0.702467 0.019626 0.0194775 0.0281048
0.0170557 0.0154043 0.101587 0.389457 0.385101 0.607534 0.0199957 0.019926 0.0236682
0.0169458 0.0153535 0.108163 0.389934 0.384755 0.690572 0.0197587 0.0196042 0.0293138
0.0172062 0.0155592 0.117892 0.398565 0.393067 0.723851 0.0198765 0.0197913 0.0246657
0.0171241 0.0154732 0.105768 0.38293 0.377962 0.669514 0.0201373 0.0200606 0.0244355
0.0170943 0.0154584 0.103272 0.386903 0.382357 0.610258 0.0203485 0.0202588 0.0251949
0.0170799 0.0154425 0.11048 0.380328 0.375785 0.631353 0.0203514 0.0202446 0.0267734
0.016685 0.0149924 0.120673 0.374772 0.369898 0.691143 0.0198687 0.0197874 0.0248159
0.0168868 0.0151406 0.125692 0.386476 0.380849 0.749394 0.0202416 0.0201428 0.0264222
0.0165744 0.0149055 0.11197 0.394613 0.388906 0.731504 0.0204371 0.0204094 0.0219545
0.0164219 0.0147128 0.123943 0.391875 0.386047 0.74689 0.0198827 0.0198156 0.0240191
0.0163409 0.0146567 0.121718 0.389583 0.383928 0.744095 0.0198753 0.0197832 0.0254808
0.0158712 0.0141323 0.127726 0.394917 0.389552 0.724155 0.0203103 0.0202153 0.0260549
0.0160432 0.0142406 0.118077 0.387537 0.382455 0.667796 0.0198956 0.0197783 0.0264618
0.015874 0.0141247 0.113976 0.387458 0.382062 0.692465 0.0201948 0.020088 0.0261865
0.0161273 0.0142675 0.127225 0.39677 0.391286 0.719375 0.0200751 0.0199814 0.0255021
0.0161795 0.0143383 0.133542 0.392307 0.386612 0.741192 0.0200767 0.0199909 0.0252585
0.0158249 0.0140364 0.120738 0.395557 0.390259 0.701867 0.0198163 0.0196652 0.029674
0.01544 0.0137844 0.109266 0.387033 0.38142 0.706977 0.0200429 0.0199129 0.027868
0.015524 0.0137764 0.114889 0.370329 0.365672 0.599345 0.0194769 0.019371 0.0252027
0.0160668 0.0142578 0.122232 0.383264 0.37893 0.618318 0.0200019 0.0198777 0.0269789
0.016241 0.0144246 0.126807 0.375643 0.370422 0.666616 0.0192095 0.0190783 0.0273612
0.0168873 0.0147631 0.157488 0.38901 0.384339 0.685324 0.0198068 0.0197141 0.0256123
0.017036 0.0151078 0.132276 0.392543 0.387027 0.729477 0.0198561 0.0197866 0.0240555
0.0171981 0.0152683 0.128641 0.398221 0.393869 0.634105 0.0198556 0.0197833 0.0242182
0.0162491 0.0144417 0.118683 0.386716 0.381947 0.633925 0.0197317 0.0196335 0.0254259
0.0164833 0.0146739 0.117267 0.389549 0.384042 0.712972 0.0201395 0.0200663 0.0245979
0.0166128 0.0147449 0.124639 0.388063 0.382406 0.694836 0.0203369 0.0202516 0.0253521
0.0158586 0.0140737 0.119008 0.384614 0.379677 0.637924 0.0206164 0.0205054 0.0270033
0.0158778 0.0140466 0.122618 0.378325 0.37278 0.694547 0.0202272 0.0200974 0.0276561
0.0158551 0.0139574 0.135031 0.36778 0.361437 0.735558 0.0204415 0.0203011 0.0288149
0.0159334 0.0140411 0.124179 0.374531 0.368826 0.689367 0.0206734 0.0205245 0.0293466
0.0157032 0.0138902 0.135148 0.360239 0.354284 0.729101 0.0201113 0.0199424 0.030843
0.015943 0.0141073 0.11966 0.37572 0.369769 0.732749 0.0205341 0.0203144 0.033786
0.017168 0.015076 0.139093 0.370409 0.363931 0.75981 0.02064 0.0204637 0.0303264
0.0166266 0.014675 0.138291 0.387516 0.381071 0.758942 0.0211077 0.0208863 0.0356586
0.0163536 0.0144879 0.125914 0.386994 0.380555 0.751674 0.0208631 0.0207019 0.0302527
0.0155404 0.013774 0.115484 0.368574 0.362486 0.724869 0.0204884 0.0203126 0.0308046
0.0161677 0.0142799 0.124086 0.391958 0.385917 0.708813 0.0210401 0.0208636 0.0309456
0.0166258 0.0148554 0.122505 0.391508 0.38551 0.763207 0.020448 0.0203216 0.027907
0.0160038 0.0142502 0.113992 0.373752 0.368609 0.657354 0.0199875 0.019853 0.0276935
0.0164825 0.0146074 0.120628 0.382692 0.377192 0.674068 0.0200491 0.0199277 0.0273006
0.0165546 0.0147126 0.131515 0.389143 0.383102 0.75659 0.0203961 0.0202425 0.0298106
0.016755 0.0148029 0.136724 0.382633 0.376657 0.714416 0.0199336 0.0197985 0.0281578
0.0167338 0.0148043 0.13602 0.380098 0.37375 0.754649 0.0202541 0.020133 0.0279178
0.0167922 0.0149172 0.124588 0.384488 0.378171 0.741409 0.0203407 0.0202205 0.0279202
0.0172913 0.0152877 0.134693 0.381977 0.376853 0.657369 0.0202517 0.0201479 0.0265156
0.0161593 0.0142601 0.129954 0.36773 0.362115 0.68649 0.0196615 0.0195458 0.0269247
0.0163445 0.0145143 0.113379 0.372398 0.368021 0.576156 0.0196789 0.019605 0.0237479
0.0162237 0.0142626 0.134741 0.367746 0.361345 0.719292 0.0194456 0.0193889 0.0231126
0.0166128 0.0146209 0.142555 0.382552 0.376096 0.757173 0.0196386 0.0195243 0.0274494
0.0161727 0.0141555 0.138693 0.376555 0.370748 0.68233 0.020273 0.0201536 0.027486
0.0167304 0.0146981 0.137475 0.387882 0.383229 0.651006 0.0203471 0.0202301 0.0276954
0.0162694 0.014369 0.126885 0.378445 0.373367 0.642267 0.0203829 0.0202899 0.0259047
0.0156914 0.0138598 0.121251 0.370613 0.365619 0.622278 0.019953 0.0198865 0.0238134
0.0160894 0.0141424 0.12235 0.373156 0.368538 0.602971 0.0202059 0.0201879 0.0211914
0.0166441 0.0146442 0.123181 0.377881 0.373275 0.60295 0.0203005 0.0202623 0.0223622
0.0166734 0.0146533 0.136866 0.384426 0.379112 0.67085 0.0206461 0.0205946 0.0237814
0.0163965 0.0145208 0.118963 0.38743 0.382199 0.653452 0.0203411 0.0203303 0.0209531
0.0164866 0.0146115 0.117776 0.369887 0.364769 0.631737 0.0201952 0.0201726 0.0215395
