500 100 199
0.000896396 0.00249802
-0.00265711 -0.00349808
-0.00607796 -0.170222
2.0301 -0.189803
5.6092 -0.0430862
6.38053 -0.393861
6.78692 -0.730941
7.0723 -1.42359
7.60838 -1.99055
8.6515 -2.38418
8.69072 -2.77435
8.52636 -3.36666
8.42911 -3.75452
8.24971 -4.3358
8.16737 -5.31744
8.83878 -5.44426
8.73426 -5.57059
8.50067 -6.06423
8.04956 -6.71523
8.29373 -6.92292
8.45895 -7.35939
8.6947 -7.51966
8.35062 -7.84506
8.80172 -7.97938
9.0067 -7.90371
8.00465 -7.93137
8.67103 -7.98127
8.78833 -8.05458
8.89422 -7.99507
8.56374 -7.88967
8.95028 -7.99991
8.69437 -8.21663
9.25604 -8.19781
9.10773 -8.27725
9.01043 -8.27318
8.94908 -8.23446
8.32202 -7.74536
9.00073 -8.18967
8.86629 -8.41687
9.19395 -8.33809
8.59335 -7.79841
8.8043 -7.89957
8.88025 -8.32594
8.43416 -8.32289
8.5901 -8.17498
8.86406 -8.32386
9.08293 -8.43724
8.95278 -7.82406
8.75176 -8.18147
8.80188 -8.20679
8.28269 -8.41685
8.576 -8.37127
8.73413 -8.45961
8.68478 -8.42079
9.00935 -8.40836
9.01854 -8.09323
8.98015 -8.22815
9.07524 -8.2339
8.95415 -8.33918
8.67129 -8.28696
8.58173 -7.9316
8.61596 -8.24006
8.95262 -8.01793
8.52493 -8.28559
8.94627 -8.25536
9.01635 -8.00446
8.50678 -8.23979
8.64105 -8.03529
8.88811 -8.20529
8.83234 -8.17621
8.84191 -8.23507
8.8792 -8.66566
9.20038 -8.29689
8.97848 -8.38796
9.04345 -8.24685
8.52816 -8.50542
8.8751 -8.46855
8.73207 -8.198
8.56937 -8.18982
8.82677 -8.27892
8.48808 -8.42093
8.841 -8.3899
8.70896 -8.33117
8.58187 -8.25313
8.87805 -8.48252
8.70269 -8.55218
8.66096 -8.36876
8.53204 -8.19991
8.89259 -8.56006
8.87224 -8.57335
8.85799 -8.59803
8.26987 -8.51433
8.75639 -8.55171
8.7582 -8.67809
8.9134 -8.83166
8.82454 -8.66294
8.48894 -8.57231
8.60059 -8.2712
8.42359 -8.63852
8.68434 -8.19841
8.59086 -8.40265
8.87742 -8.38387
8.5893 -8.80947
8.83073 -8.35619
8.7139 -8.59522
8.65924 -8.34879
8.52731 -8.73194
8.31053 -8.90792
8.41686 -8.2689
8.50543 -8.54063
8.56475 -8.60539
8.2592 -8.80333
8.55832 -8.53318
8.95454 -8.85283
8.82626 -8.41018
8.79483 -8.64224
8.77156 -8.01265
8.75948 -8.16968
8.22145 -8.50165
8.87898 -8.28521
8.63627 -8.31721
8.53118 -8.41033
8.56048 -8.42625
8.73198 -8.27295
8.63989 -8.80243
8.55753 -8.67322
8.72498 -8.37928
8.168 -8.49941
8.93272 -8.36013
8.75794 -8.51052
8.74143 -8.19849
8.63847 -8.53342
8.2377 -8.55587
8.39228 -8.43497
8.69327 -8.4588
8.44578 -8.19074
8.68693 -8.67663
8.64072 -8.97978
8.74648 -8.77203
8.62076 -8.55111
8.86441 -8.51435
8.75633 -8.8195
8.48619 -8.94595
8.116 -8.66054
8.63925 -8.48041
8.4228 -8.21185
8.43643 -8.38334
9.10643 -8.29014
8.6374 -8.15011
8.64768 -8.37335
8.59967 -8.30057
8.83722 -8.27098
8.34497 -8.82638
8.59999 -8.62009
8.60349 -8.37789
8.86798 -8.23568
9.01521 -8.22954
8.4815 -8.20118
8.69902 -8.55941
8.78223 -8.27694
8.7581 -8.4088
8.8334 -8.7882
8.81535 -8.796
8.743 -8.62774
8.82463 -8.7685
8.85429 -8.64938
8.61908 -8.21717
8.66968 -8.70084
8.70743 -8.5256
8.29605 -8.65537
8.74723 -8.27761
9.22658 -8.76719
8.94376 -8.55928
9.19587 -8.8698
9.22951 -8.75904
8.90161 -8.63431
8.82665 -8.2809
8.855 -8.51896
9.23953 -8.58723
8.541 -9.04961
8.5304 -8.55507
8.92536 -8.51806
9.03066 -8.8128
8.95588 -8.68704
8.7584 -8.58427
8.91053 -8.49559
8.83205 -8.75469
8.62803 -8.3248
9.00389 -8.59245
8.9153 -8.7031
8.96022 -8.9055
9.61374 -9.38265
9.22806 -9.01084
9.23389 -8.72283
9.12385 -9.03366
9.2445 -8.63714
9.14218 -8.63279
9.14557 -8.82663
9.31387 -8.71187
9.29026 -8.9156
8.48424 -8.72454
8.73874 -8.72981
8.4857 -8.71302
8.77195 -9.07118
8.33538 -9.15568
8.54976 -8.99895
8.31157 -9.28287
8.74177 -8.67056
8.59573 -8.86255
8.57104 -8.81115
8.57383 -8.64782
8.18184 -8.65537
8.80784 -8.8391
8.17716 -8.70476
8.50983 -8.46671
8.50738 -8.68751
8.64061 -9.13316
8.358 -8.84732
8.62614 -8.22244
8.29329 -8.54111
8.9242 -8.7766
8.40956 -8.82679
8.67232 -9.0369
8.8928 -9.29331
8.54814 -9.09124
8.44178 -9.02429
8.88554 -8.97179
8.85475 -9.26879
8.32816 -9.06094
8.28053 -9.03946
8.4907 -8.78787
8.90814 -9.08793
8.79882 -8.73133
8.69597 -9.10368
8.51875 -8.81512
8.81866 -8.8216
8.49053 -8.72907
8.53915 -9.15961
8.92283 -8.3921
8.30727 -8.9792
8.88527 -8.80648
8.65836 -8.61288
8.7016 -8.85104
8.64438 -8.91225
8.51316 -9.02922
8.92816 -9.26591
8.68133 -8.71715
8.61409 -8.47153
8.32756 -8.92867
8.87102 -9.05422
8.92236 -8.76402
8.38115 -9.12157
8.80893 -8.78813
8.73417 -8.78597
8.93897 -8.89522
8.79282 -8.71503
9.00025 -9.28222
9.00853 -9.05848
8.96448 -8.86062
8.8386 -9.11187
9.07949 -8.83624
8.80305 -9.11777
8.67494 -9.2613
8.75259 -9.05059
8.85106 -8.95927
8.74076 -9.18449
8.23765 -8.8376
8.59206 -8.95233
8.47996 -9.10955
8.7505 -9.12141
8.93263 -8.9863
8.72722 -9.04872
9.10218 -9.03586
8.83691 -9.12453
9.15192 -8.59027
8.60957 -9.37558
8.50576 -8.93725
8.43948 -8.48479
8.63607 -8.65839
8.88716 -8.88088
8.4866 -9.1971
8.86406 -8.77429
8.6291 -9.14257
8.64202 -8.77623
8.44437 -9.18441
8.62958 -8.81191
9.14433 -8.76948
9.00035 -9.07916
8.68502 -8.66329
8.48436 -8.44437
8.28323 -8.43353
9.10787 -8.55734
8.59763 -9.03051
8.95202 -9.17681
8.69852 -9.05105
8.30198 -8.62798
8.71414 -8.75583
8.96733 -9.43249
9.45513 -9.1692
9.30251 -8.69437
8.70449 -8.79076
8.08395 -8.79109
8.69662 -8.60634
9.17582 -9.23012
8.50355 -8.58699
8.52577 -9.16756
8.50576 -9.17097
8.88046 -9.1354
8.14146 -9.46372
8.58503 -9.24335
8.69034 -8.62211
8.45367 -8.83505
8.81981 -9.14954
8.5619 -8.67897
9.30561 -8.80094
8.68427 -8.70994
8.66498 -8.80999
8.26972 -9.02196
8.76978 -8.63659
8.7496 -8.86068
8.51386 -8.91966
8.64068 -9.15203
8.27337 -8.78596
9.35631 -8.77088
8.76688 -9.20186
8.99485 -8.7855
8.34475 -9.08701
8.68702 -9.26176
8.80702 -8.98676
8.22448 -8.85021
9.07202 -8.97751
8.94251 -8.68768
8.87178 -9.06369
8.8047 -8.53913
8.89788 -9.03577
8.99213 -9.44279
8.69183 -9.37466
8.80736 -8.71019
8.58563 -8.9273
8.82528 -8.66472
8.56062 -8.96363
8.72896 -9.02745
8.58631 -9.14038
9.18748 -8.88373
8.61608 -9.11065
8.80844 -9.097
9.03927 -9.08947
8.99558 -9.0728
9.18783 -8.86926
8.71383 -9.1913
8.56249 -8.75525
8.43598 -8.81012
8.41543 -9.01115
8.99029 -8.87007
8.34549 -8.58494
9.29721 -9.25765
8.67022 -8.88423
8.545 -8.9567
8.59315 -9.13401
8.70071 -9.14151
8.62366 -8.90476
8.4234 -8.85496
8.47178 -9.34572
8.80013 -8.90063
8.7466 -9.01489
8.67224 -9.13999
8.79184 -9.10104
8.51238 -9.46255
9.02017 -8.91506
8.64327 -8.98962
8.56832 -8.79064
8.25176 -9.41426
9.20072 -8.94794
8.66241 -8.91917
8.51436 -8.918
8.52001 -8.55222
8.77233 -9.04675
8.3692 -9.23903
8.64951 -8.78135
8.66975 -9.11299
8.42137 -9.33411
8.70189 -9.12025
8.85581 -9.24322
8.64053 -9.38604
8.69446 -8.98921
8.40765 -9.20892
8.74314 -8.97647
8.98701 -8.80895
8.32473 -9.17277
8.62172 -9.30651
8.4584 -9.03398
8.52648 -8.91799
8.69501 -9.08885
8.31441 -8.7626
8.94506 -8.74012
8.56127 -9.14058
8.85696 -8.77375
8.43591 -9.30821
8.31339 -9.4193
8.53336 -9.59475
