400 100 10
-0.00114332 -0.00427498
-9.06833e-05 -0.000906833
-0.00566598 -0.0716489
0.00548692 -0.00553646
-0.0411315 -0.188588
4.53686 -0.105029
0.306612 -0.342572
5.11218 -0.121682
1.83356 -0.650034
5.16485 -0.188362
5.06389 -0.939538
5.47244 -0.375475
6.03669 -0.459561
6.84032 -1.51523
6.53644 -1.09322
7.90528 -2.78439
7.76784 -1.18969
7.60401 -3.7013
7.96165 -1.69261
8.33057 -2.06811
7.23647 -4.05133
8.09645 -2.35441
7.63961 -4.24946
8.37417 -3.28115
8.22479 -3.75638
7.75814 -5.13421
8.42663 -3.94496
8.23959 -5.3083
8.41115 -4.14656
8.17273 -6.0194
8.3758 -4.62627
8.13806 -4.98165
7.90713 -6.59205
8.21435 -5.17172
7.91806 -7.1605
8.40664 -5.32552
8.13036 -7.48143
8.51475 -6.03925
8.44245 -6.82085
8.17427 -7.51142
8.47152 -7.10077
7.94373 -7.58602
8.42677 -7.10211
8.10353 -7.53991
8.46388 -7.21606
8.74667 -7.01643
7.8483 -7.37867
8.65125 -7.01615
8.03028 -7.66703
8.68399 -7.19692
7.80002 -8.01994
8.47342 -7.24576
8.60677 -7.41829
8.17552 -7.6547
8.64784 -7.28251
8.3916 -7.68792
8.64643 -7.60399
8.78871 -8.30002
8.85538 -7.92627
8.68499 -7.96155
8.87529 -8.03823
8.65523 -8.05711
8.83476 -7.92636
8.85544 -7.90978
8.62766 -8.01716
8.80442 -8.07213
9.09103 -8.06159
8.44997 -7.80555
9.30065 -8.08299
8.94961 -7.86804
9.20192 -7.99745
9.51003 -8.08596
8.90896 -8.03623
9.36767 -8.15273
8.81082 -8.18702
9.13965 -7.90925
9.11127 -8.05401
9.37417 -8.10951
9.21263 -8.16444
8.80842 -8.37962
9.23045 -7.95765
9.09406 -8.1036
9.36984 -8.1969
9.44749 -7.98784
9.33631 -8.7101
9.2354 -8.12645
9.49275 -8.88813
9.54403 -8.09315
9.36982 -8.585
9.74174 -8.21787
9.50449 -8.13211
9.21912 -8.80896
9.54011 -8.08448
9.14753 -8.66349
9.41588 -8.02201
9.20342 -8.56717
9.41719 -7.95641
9.63917 -8.06137
9.47266 -8.50682
9.73515 -8.12559
9.34733 -8.77707
9.69126 -8.17687
9.09868 -8.52784
9.86046 -8.06205
9.73565 -8.13833
8.86905 -8.39076
9.5266 -8.18504
8.85136 -9.03173
9.33206 -8.29858
9.39154 -8.2895
8.99853 -8.74376
9.61245 -8.23809
9.46696 -8.8943
9.55685 -8.30322
9.04838 -8.47007
9.68606 -8.28904
9.59655 -8.42122
9.31856 -8.36623
9.86313 -8.45323
8.91767 -8.98774
9.66512 -8.27063
9.71742 -8.37247
9.34904 -8.38675
9.41929 -8.4149
9.20735 -8.56819
9.81883 -8.24227
8.86469 -8.58348
9.86689 -8.55335
9.62955 -8.60139
9.40595 -8.76362
9.79587 -8.65633
8.96917 -8.43833
9.47781 -8.54472
9.51447 -8.4526
9.63015 -8.4512
9.45402 -8.39304
9.43899 -8.18855
9.57766 -8.43222
9.17179 -8.45375
9.26111 -8.56823
9.17034 -8.42123
9.42813 -8.40865
8.97578 -8.38634
9.27377 -8.45477
9.11928 -8.52337
9.23635 -8.29625
9.02444 -8.45763
9.16283 -8.60359
9.29121 -8.69142
9.23728 -8.52854
9.17686 -8.4748
9.21259 -8.47393
9.16782 -8.67135
9.40968 -8.72125
9.47234 -8.70671
9.04723 -8.57878
9.18732 -8.62674
8.66022 -8.26519
9.14516 -8.71746
9.67261 -8.72238
8.96037 -8.76958
9.58352 -8.73962
9.3548 -8.72083
9.73976 -8.75562
9.35831 -8.62556
9.84689 -8.66353
9.69503 -8.56213
9.08297 -8.47029
9.42669 -8.41529
9.00354 -8.56394
9.52743 -8.71
9.34392 -8.6472
9.62839 -8.55474
9.72433 -8.83621
9.78808 -8.28501
9.74173 -8.75734
9.46893 -8.67317
9.66943 -8.77288
9.91961 -8.77929
9.24653 -8.19781
9.66945 -8.76316
9.57503 -8.5274
9.87819 -8.76252
9.07825 -8.66869
9.53073 -8.51637
9.60685 -8.50507
9.29177 -8.5433
9.71313 -8.4915
9.08861 -8.26948
9.45021 -8.69907
9.48246 -8.70428
9.06116 -8.6976
9.75271 -8.59671
8.90042 -8.65103
9.51133 -8.70677
8.9366 -8.48162
9.54239 -8.77702
9.52065 -8.8898
8.93685 -8.56473
9.48819 -8.87545
9.06114 -9.07169
9.46459 -9.11327
9.19174 -8.85468
9.68718 -8.95941
9.69507 -8.98085
9.08738 -8.95113
9.59058 -8.89457
9.20008 -8.88719
9.64046 -8.81058
9.7544 -9.00507
9.43126 -8.5084
9.44034 -8.80851
9.15488 -8.86506
9.98029 -8.78839
9.42063 -8.89584
9.6935 -8.7883
9.97187 -8.86486
9.2277 -8.85339
9.75308 -8.92476
9.10349 -8.76637
9.56925 -8.7845
9.70695 -8.70673
9.22758 -8.55454
9.61725 -8.62899
9.18371 -8.85232
9.6741 -8.74061
9.41929 -8.93732
9.6345 -8.64151
9.59272 -8.58321
9.30994 -8.9551
9.7131 -8.49642
8.92927 -8.27293
9.40833 -8.53015
9.10616 -8.49781
9.54827 -8.61304
9.539 -8.67995
9.07744 -8.57062
9.28524 -8.59002
8.94515 -8.29244
9.47996 -8.66956
9.51224 -8.6394
9.15538 -8.97083
9.56147 -8.58481
8.95434 -8.60204
9.71107 -8.74215
9.36376 -8.70661
9.8115 -8.76372
9.94689 -8.84683
8.9609 -8.55343
10.0051 -9.17793
9.04059 -8.82717
9.82706 -9.23744
9.19613 -8.65809
9.93077 -9.18703
9.75421 -9.37249
9.02671 -8.82344
9.42792 -9.38452
9.32154 -9.06382
9.93454 -9.49734
9.90945 -9.43552
9.47642 -8.55099
9.81038 -9.45088
9.25769 -8.25927
9.68336 -9.14016
9.16162 -8.45189
9.64058 -9.25418
9.49661 -9.32861
9.28701 -8.6178
9.76635 -9.22856
9.32665 -8.76249
9.57024 -9.31991
9.37831 -8.71802
9.87286 -9.29946
9.75141 -9.50974
8.97152 -8.38414
9.78373 -9.39136
8.89346 -8.47724
9.89746 -9.43037
9.72911 -9.22061
9.44073 -8.62127
9.87353 -9.30182
9.46957 -8.80608
9.96623 -9.35088
9.24918 -8.97232
9.73227 -9.32657
9.67472 -9.16046
9.19061 -8.51778
9.62463 -8.98573
9.13325 -8.49442
9.78591 -8.88584
10.1151 -8.83152
9.36617 -8.52714
10.0536 -9.04715
9.36679 -8.30845
10.119 -8.92859
9.18508 -8.45626
9.9849 -9.09956
9.93916 -9.2185
9.48993 -8.62736
9.68668 -9.17909
9.15989 -8.97115
9.72177 -9.28176
9.9435 -9.28485
9.4161 -9.14831
9.80035 -9.05734
9.43026 -8.92037
10.1071 -9.16962
9.03004 -8.94712
9.85201 -9.18036
9.80784 -9.20663
8.81847 -8.70701
9.8442 -9.32152
9.26243 -8.9236
9.96399 -9.17359
9.84424 -9.26473
9.33593 -8.80495
9.68874 -9.28886
9.43098 -8.08244
9.77266 -9.11312
9.30794 -8.47756
9.72192 -9.21128
9.93484 -9.32332
9.39059 -8.40633
9.68902 -9.22417
10.0177 -8.82758
9.89697 -9.22253
9.919 -9.20282
9.68676 -8.83542
9.64568 -9.24891
9.37841 -8.80462
9.48932 -9.29904
9.61053 -8.86296
9.69762 -9.03421
9.65825 -9.18044
9.26431 -8.95891
9.67358 -9.39668
9.12398 -8.89447
9.88796 -9.11625
9.94306 -9.15657
9.32753 -8.53805
9.72974 -9.12792
9.51623 -8.66107
9.80126 -9.21091
9.25934 -9.08624
9.67496 -9.1739
10.2329 -9.69703
9.57016 -8.95666
10.227 -9.59973
9.44028 -9.17425
10.1492 -9.5458
10.1393 -9.52835
9.67985 -8.97439
10.1366 -9.59446
9.07436 -9.03302
10.0128 -9.61324
9.08414 -8.88506
9.9793 -9.61098
9.90246 -9.63909
9.51289 -8.76648
9.85699 -9.63602
9.29149 -8.43113
9.99359 -9.64899
9.05401 -8.85005
10.225 -9.61543
10.3482 -9.61319
9.41856 -8.89818
10.3637 -9.60589
9.16022 -8.87927
10.4089 -9.65497
10.3724 -9.6306
9.058 -9.17209
10.3582 -9.56669
9.39624 -9.13519
10.4481 -9.57775
9.10971 -9.22794
10.4654 -9.62413
10.4773 -9.59797
9.54642 -8.96531
10.528 -9.59053
9.41251 -8.86448
10.5332 -9.61259
9.36816 -8.51569
10.5032 -9.58297
10.5261 -9.58996
9.15249 -9.04521
10.5526 -9.59794
9.10181 -8.64524
10.5526 -9.59418
10.5722 -9.55561
8.85076 -8.56048
10.5795 -9.67285
9.41143 -8.85104
10.5457 -9.67916
9.83364 -8.34991
10.5577 -9.68501
10.5635 -9.66855
9.29637 -8.39333
10.5392 -9.67172
9.32641 -8.68966
10.5823 -9.65559
9.48534 -9.00892
10.5937 -9.67732
10.5624 -9.68116
9.11597 -8.93353
10.6091 -9.68049
9.11091 -8.97168
10.5437 -9.65812
10.5408 -9.61426
9.42719 -9.09293
10.5455 -9.6143
9.50506 -9.14101
10.5497 -9.59925
9.71905 -9.05352
10.5409 -9.6163
10.5463 -9.61701
9.5594 -8.91436
10.5096 -9.60711
9.41919 -9.09517
10.5336 -9.61506
10.524 -9.5763
9.05504 -8.92414
10.5183 -9.62478
9.41993 -9.23754
10.4382 -9.567
9.42148 -8.97832
10.2924 -9.62216
10.4222 -9.59628
9.61897 -8.85446
10.4164 -9.61294
9.59718 -8.70366
10.4409 -9.62862
10.7284 -9.627
9.72651 -8.68488
10.6271 -9.60611
9.3981 -8.71071
10.544 -9.6338
9.37649 -8.36755
10.5323 -9.58254
10.54 -9.60737
9.15571 -8.72834
10.54 -9.59243
9.00994 -8.2076
10.5405 -9.6031
9.26758 -8.23243
10.5449 -9.56893
10.54 -9.59388
8.78154 -8.67139
10.5394 -9.59061
8.85716 -8.63647
10.54 -9.59897
10.5365 -9.60832
8.94222 -8.63593
10.5374 -9.62599
9.09189 -8.362
10.5397 -9.6291
8.88787 -8.26862
10.5284 -9.58836
10.5751 -9.6242
9.12002 -8.52332
10.5391 -9.62069
9.23615 -8.68501
10.5382 -9.57452
10.5391 -9.63296
9.42226 -8.88006
10.5505 -9.60486
8.9055 -8.41493
10.5396 -9.62878
8.96284 -8.4945
10.5377 -9.62089
10.5382 -9.60406
9.39678 -8.36254
10.5298 -9.63497
9.38702 -8.64892
10.5375 -9.58297
10.5397 -9.6017
9.01891 -8.74578
10.5514 -9.6033
10.3741 -10.0912
10.5453 -9.60165
9.87487 -10.2333
10.5417 -9.54751
10.5533 -9.60354
10.0747 -10.3042
10.5691 -9.63563
10.4542 -10.303
10.5854 -9.62241
10.2946 -10.326
10.5745 -9.66463
10.5667 -9.66683
10.2695 -10.2777
10.5886 -9.63303
10.2041 -10.2869
10.5454 -9.67268
10.2644 -9.97607
10.5345 -9.75315
10.5266 -9.82669
10.2108 -9.96543
10.5392 -9.8088
10.0795 -10.0585
10.4955 -9.90272
10.5398 -9.89975
10.2089 -10.0746
10.5716 -9.90655
10.1906 -10.0298
10.5419 -9.9281
10.291 -10.017
10.5841 -9.9149
10.6249 -9.91227
10.4333 -10.0809
10.6153 -9.9039
10.4357 -10.1025
10.6804 -9.88513
10.2096 -10.0761
10.6116 -9.88269
10.6215 -9.83463
10.2384 -10.0738
10.59 -9.80323
9.96321 -10.0678
10.589 -9.74073
10.5706 -9.75826
9.73126 -10.0451
10.5423 -9.76672
9.74878 -10.0474
10.5482 -9.76861
9.67388 -10.0192
10.5397 -9.77501
10.5235 -9.85526
9.40253 -10.0681
10.5952 -9.97695
9.42725 -10.0768
10.5837 -10.0267
9.4613 -10.0584
10.5688 -9.93844
10.5627 -9.90841
9.43608 -10.0251
10.5633 -9.88626
9.53976 -10.0576
10.5944 -9.89819
9.48583 -10.0452
10.5499 -9.87417
10.5758 -9.8927
9.40839 -10.0431
10.5557 -9.91458
9.36677 -10.0835
10.5865 -9.91977
9.46317 -10.0888
10.5584 -9.86168
10.5568 -9.87578
9.58537 -10.0422
10.5653 -9.89071
9.39005 -10.0224
10.5739 -9.92062
9.36692 -10.0673
10.4974 -9.93184
10.5083 -9.90352
9.3482 -10.06
10.5362 -9.93338
9.47568 -10.0262
10.5474 -9.96041
9.72184 -10.0475
10.5362 -9.95867
10.5241 -9.98024
9.63532 -10.0381
10.5486 -10.0598
9.71821 -10.0255
10.506 -9.97703
9.87389 -10.0632
10.4963 -9.93942
10.5183 -9.91297
9.78264 -10.0732
10.5353 -9.95931
9.72215 -9.99881
10.5398 -9.94565
9.71096 -10.0454
10.5301 -9.96735
10.5405 -9.97981
9.79436 -10.083
10.5788 -10.0961
9.72317 -10.0764
10.5403 -10.029
9.60825 -10.0341
10.54 -10.0686
10.4817 -10.0592
9.57853 -10.0597
10.4548 -10.067
9.56549 -10.0031
10.371 -10.1309
9.56328 -10.1002
10.4805 -10.0609
10.5983 -10.0421
9.56537 -10.168
10.5156 -10.0006
9.56594 -10.0627
10.485 -9.96433
10.442 -9.93275
9.56081 -10.038
10.5382 -9.89198
9.55965 -10.0303
10.544 -9.90341
9.55308 -10.0824
10.553 -9.96589
10.5628 -9.99965
9.55765 -10.1132
10.5435 -9.95459
9.55695 -10.0693
10.5477 -9.91636
9.56915 -10.1065
10.5488 -9.93083
10.5616 -9.9628
9.56314 -10.152
10.5718 -9.91588
9.5571 -10.1724
10.5757 -9.87654
9.54745 -10.1637
10.5302 -9.91153
10.5462 -9.9021
9.54215 -10.2223
10.5941 -9.92501
9.53109 -10.1305
10.5773 -9.91839
9.53491 -10.17
10.5505 -9.91611
10.5432 -9.92888
9.53236 -10.1047
10.5395 -9.89279
9.53784 -10.1493
10.5509 -9.91412
9.52446 -10.0329
10.5639 -9.8987
10.6055 -9.9116
9.53339 -10.03
10.5409 -9.89896
9.54249 -10.0235
10.5413 -9.92388
9.53818 -10.0168
10.5399 -9.92793
10.54 -9.90731
9.53087 -10.0693
10.54 -9.91382
9.5273 -10.0583
10.5447 -9.92329
10.54 -9.91156
9.53812 -10.0654
10.5397 -9.91828
9.55778 -10.0711
10.54 -9.89904
9.60632 -10.0598
10.5421 -9.92584
10.5435 -9.92136
9.60827 -10.0861
10.54 -9.92024
9.60607 -10.0525
10.548 -9.90887
9.61968 -10.0426
10.5489 -9.92098
10.5443 -9.92762
9.60768 -10.0404
10.5659 -9.93337
9.61671 -10.045
10.5423 -9.93079
9.60929 -10.0682
10.54 -9.92998
10.5405 -9.90675
9.63716 -10.0615
10.536 -9.9165
9.64083 -10.0552
10.5065 -9.9219
9.66058 -10.0456
10.5393 -9.91704
10.5298 -9.90894
9.68436 -10.0636
10.5355 -9.93456
9.72215 -10.087
10.5362 -9.92142
10.5338 -9.92128
9.71231 -10.0897
10.521 -9.93627
9.73027 -10.1097
10.538 -9.90183
9.65371 -10.0541
10.5383 -9.89178
10.541 -9.90645
9.68019 -10.0515
10.5205 -9.91942
9.70376 -10.0592
10.5185 -9.90143
9.7265 -10.0094
10.5115 -9.90219
10.5171 -9.82166
9.75598 -9.99582
10.4912 -9.84448
9.79604 -9.97764
9.81308 -9.96541
9.81442 -9.92195
9.8285 -9.89666
9.82608 -9.90985
9.83009 -9.99357
9.85116 -10.0187
9.8486 -9.90573
9.83698 -9.91228
9.87361 -9.94815
9.84248 -9.93189
9.84902 -9.9301
9.8622 -9.88511
9.82764 -9.95643
9.83232 -9.91447
9.8283 -9.91584
9.83055 -9.8776
9.83186 -9.88623
9.83894 -9.90419
9.842 -9.92854
9.82431 -9.89017
9.83055 -9.94727
9.83056 -9.9317
9.83056 -9.89351
9.82949 -9.90763
9.82322 -9.93478
9.79999 -9.91142
9.83063 -9.88589
9.82767 -9.97874
9.82215 -10.0041
9.83125 -10.0115
9.83179 -10.0407
9.82634 -10.0237
9.8308 -10.0026
9.83467 -9.99554
9.82741 -10.025
9.8003 -10.0901
9.83449 -10.0185
9.8576 -10.0194
9.8551 -9.98631
9.83391 -9.97195
9.85013 -9.99396
9.81662 -9.99308
9.85634 -9.94346
9.87257 -9.99465
9.83699 -9.97568
9.84213 -10.0408
9.86334 -10.021
9.83056 -10.0474
9.81731 -10.1522
9.79482 -10.1299
9.78925 -10.1048
9.71756 -10.1102
9.72412 -10.154
9.72304 -10.1347
9.80923 -10.086
9.82792 -10.1294
9.85924 -10.107
9.81909 -10.1068
9.83609 -10.0966
9.81214 -10.1638
9.81117 -10.1252
9.82045 -10.1127
9.81702 -10.109
9.81688 -10.1405
9.79788 -10.1437
9.82144 -10.0877
9.82418 -10.1464
9.83021 -10.1523
9.82997 -10.0467
9.83139 -10.0971
9.83066 -10.1075
9.83098 -10.1352
9.84273 -10.1453
9.81147 -10.1062
9.82849 -10.097
9.83175 -10.1369
9.82867 -10.1321
9.84064 -10.063
9.83642 -10.0321
9.83636 -10.0212
9.83792 -10.0631
9.83184 -10.0456
9.83706 -10.0936
9.82282 -10.1136
9.82737 -10.1694
9.83043 -10.107
9.83133 -10.1136
9.82993 -10.1601
9.86198 -10.0847
9.83056 -10.11
9.83056 -10.1145
9.8369 -10.1328
9.80657 -10.1497
9.82884 -10.1003
9.81831 -10.0955
9.83057 -10.0986
9.82138 -10.1145
9.81284 -10.1421
9.83805 -10.1421
9.82502 -10.151
9.83869 -10.1129
9.831 -10.1375
9.83132 -10.1579
9.81791 -10.1066
9.794 -10.0976
9.83089 -10.1108
9.81925 -10.0987
9.83034 -10.1064
