8000 5
0.000353839 
0.000272898 
0.000685988 
0.00128124 
0.00059161 
0.00293278 
0.00137389 
0.00241755 
0.00314836 
0.00441925 
0.00480937 
0.013213 
0.0216707 
0.0362138 
0.0456461 
0.0452495 
0.0464482 
0.094264 
0.0524578 
0.0832161 
0.173114 
0.0887198 
0.0864936 
0.0836989 
0.0548148 
0.10374 
0.0758111 
0.0480853 
0.0481781 
0.0580072 
0.0399927 
0.047368 
0.0347985 
0.0545242 
0.0362327 
0.0331065 
0.0681985 
0.0370084 
0.0539894 
0.0457117 
0.0298951 
0.0285385 
0.0216707 
0.0224274 
0.0225658 
0.026602 
0.0239036 
0.0242392 
0.0204209 
0.0258962 
0.0304674 
0.0353401 
0.0389959 
0.0466651 
0.0373136 
0.0506825 
0.0535003 
0.0696431 
0.0775027 
0.0799734 
0.0860578 
0.0943527 
0.0805894 
0.104905 
0.101412 
0.108184 
0.116616 
0.0861498 
0.0880237 
0.0797986 
0.067731 
0.0766943 
0.0759862 
0.070421 
0.0750949 
0.0718023 
0.0818046 
0.051905 
0.0665287 
0.0696057 
0.0746777 
0.0656591 
0.054964 
0.0621002 
0.0562915 
0.0478129 
0.0345338 
0.0392139 
0.0335984 
0.0284109 
0.0293089 
0.0288721 
0.028343 
0.0375492 
0.0396416 
0.0354439 
0.045317 
0.0490577 
0.0401239 
0.028505 
0.0421351 
0.044725 
0.0436003 
0.0375304 
0.0370287 
0.0334609 
0.0321373 
0.0308761 
0.0368296 
0.0341524 
0.0424141 
0.0457831 
0.0431173 
0.0371984 
0.0343242 
0.0335367 
0.0335307 
0.0328077 
0.0369213 
0.0361461 
0.031066 
0.0371298 
0.0400785 
0.0367572 
0.0355989 
0.0334827 
0.0334269 
0.0379353 
0.0327106 
0.0392044 
0.0387119 
0.0362202 
0.0407312 
0.0377394 
0.031879 
0.0319437 
0.0375195 
0.0336711 
0.033198 
0.0366858 
0.0421871 
0.0406329 
0.0481116 
0.0440601 
0.0471081 
0.0575946 
0.0378958 
0.0382366 
0.0319872 
0.0390472 
0.0352284 
0.0494066 
0.0426659 
0.0427939 
0.0458282 
0.0507815 
0.0440859 
0.0491297 
0.0486951 
0.0373127 
0.045044 
0.0426047 
0.0368653 
0.0363827 
0.0488956 
0.0439284 
0.0526606 
0.0466559 
0.0526163 
0.0484517 
0.0478868 
0.0579563 
0.0584314 
0.0631098 
0.0511647 
0.0536524 
0.067989 
0.0519837 
0.0455738 
0.0518253 
0.0577841 
0.0582269 
0.045501 
0.0661756 
0.0552699 
0.0520373 
0.0660495 
0.0609247 
0.0636907 
0.0651811 
0.0565986 
0.0569309 
0.054133 
0.0501201 
0.0485039 
0.060146 
0.0542874 
0.059122 
0.0605732 
0.0625445 
0.055748 
0.0547878 
0.0490179 
0.0523425 
0.0396582 
0.0419154 
0.0422128 
0.0425729 
0.0406124 
0.0410574 
0.0412932 
0.0412823 
0.0365023 
0.0429611 
0.0468464 
0.0412477 
0.0362041 
0.0286798 
0.0346963 
0.0325091 
0.033249 
0.0313808 
0.0371705 
0.0370053 
0.0378794 
0.0369679 
0.0358191 
0.0382169 
0.033427 
0.0336234 
0.0326072 
0.0385361 
0.0431203 
0.0442686 
0.0354847 
0.0301347 
0.0391427 
0.0375265 
0.0376541 
0.0382761 
0.0323478 
0.0351045 
0.0314674 
0.0307673 
0.0317882 
0.0348348 
0.0293714 
0.0316174 
0.0316297 
0.0371062 
0.0359861 
0.0326257 
0.0320283 
0.0301629 
0.031098 
0.0330694 
0.0332762 
0.0310247 
0.0358484 
0.0339225 
0.0333502 
0.0341878 
0.0387515 
0.0414658 
0.0361042 
0.0335277 
0.0380395 
0.0406866 
0.0425535 
0.0423103 
0.042194 
0.0424648 
0.0425883 
0.0428099 
0.0376543 
0.0455953 
0.0426496 
0.0365542 
0.0396427 
0.0441104 
0.043221 
0.043042 
0.0390319 
0.0320911 
0.04045 
0.036911 
0.0367336 
0.0342307 
0.0298653 
0.0280033 
0.0259507 
0.0238386 
0.028759 
0.0229016 
0.0225599 
0.0267271 
0.0291647 
0.025068 
0.0255141 
0.023098 
0.0229139 
0.0246661 
0.0243881 
0.0238085 
0.0230368 
0.0207128 
0.0231042 
0.0208291 
0.0241034 
0.0203849 
0.0214324 
0.0205336 
0.0201762 
0.0225548 
0.0247182 
0.0204792 
0.0232339 
0.0244428 
0.0254435 
0.02457 
0.0245577 
0.0235737 
0.0284141 
0.0251834 
0.0254345 
0.0263128 
0.0248884 
0.0246892 
0.0239361 
0.0250712 
0.0240749 
0.0238946 
0.0231449 
0.022099 
0.0273824 
0.0279116 
0.0315674 
0.0301977 
0.0327949 
0.0327593 
0.0317324 
0.030431 
0.0301277 
0.0352769 
0.0345647 
0.0369382 
0.0347441 
0.0308811 
0.0331665 
0.0343438 
0.0315984 
0.0322188 
0.0297758 
0.0344239 
0.0358671 
0.033244 
0.02949 
0.0297532 
0.0318795 
0.0327545 
0.0325873 
0.0317053 
0.0337438 
0.0346472 
0.032082 
0.0266575 
0.0246329 
0.0266623 
0.0270547 
0.0237091 
0.026242 
0.0234893 
0.0205804 
0.0246864 
0.0231977 
0.0233656 
0.02273 
0.0226694 
0.0239338 
0.0267994 
0.0236697 
0.0244531 
0.0265224 
0.0291022 
0.0322626 
0.0314846 
0.0327603 
0.0338868 
0.0311311 
0.0307014 
0.0291021 
0.0316781 
0.0270257 
0.0247546 
0.0261565 
0.0245287 
0.0256153 
0.0265303 
0.0245087 
0.0263938 
0.0263305 
0.0262956 
0.0252521 
0.0214513 
0.0264602 
0.026788 
0.024473 
0.0223382 
0.0307813 
0.0248241 
0.0222655 
0.024612 
0.0212467 
0.0220303 
0.0211822 
0.0248026 
0.0229119 
0.0233162 
0.0215428 
0.021549 
0.023062 
0.0217754 
0.0272122 
0.0272584 
0.026303 
0.0266624 
0.0257811 
0.0287424 
0.0298256 
0.0245759 
0.0218054 
0.0223291 
0.0199498 
0.0249752 
0.0271197 
0.0279392 
0.022375 
0.0256162 
0.0233494 
0.0251267 
0.0298047 
0.0268934 
0.0203818 
0.019238 
0.0205587 
0.0193892 
0.0233671 
0.0208393 
0.019533 
0.0203616 
0.0205179 
0.0157884 
0.0196901 
0.0172704 
0.017868 
0.0198147 
0.0172706 
0.0194471 
0.01531 
0.0173777 
0.0212034 
0.0213761 
0.0219671 
0.0202629 
0.0193349 
0.0232164 
0.0168532 
0.0185422 
0.0208681 
0.02787 
0.0236477 
0.0253188 
0.0240368 
0.022732 
0.0229233 
0.0231362 
0.02095 
0.0201577 
0.0204635 
0.0191283 
0.0222732 
0.0180219 
0.0197147 
0.0261442 
0.0215052 
0.0262866 
0.0248844 
0.0249475 
0.0238391 
0.0260099 
0.0220573 
0.0219305 
0.0234886 
0.0245932 
0.0247975 
0.0210607 
0.0209787 
0.0253012 
0.0270438 
0.0257437 
0.0205067 
0.0229772 
0.0201418 
0.0218474 
0.0261803 
0.0275875 
0.0281954 
0.0273295 
0.0268235 
0.0244818 
0.0225559 
0.0255078 
0.0235891 
0.0211505 
0.0202534 
0.0284818 
0.0260955 
0.024499 
0.0219662 
0.0279878 
0.0226032 
0.02182 
0.0260184 
0.0251489 
0.0243687 
0.0227719 
0.0211886 
0.0223577 
0.0224277 
0.0238185 
0.0222083 
0.0268839 
0.0330093 
0.03103 
0.0296034 
0.029837 
0.0247255 
0.0202417 
0.0208543 
0.0194974 
0.0227565 
0.0191797 
0.021025 
0.0228735 
0.0203279 
0.018829 
0.0208872 
0.0236689 
0.0219845 
0.0223004 
0.0261788 
0.0230733 
0.0258562 
0.0281749 
0.0245118 
0.020856 
0.0200725 
0.0228092 
0.0244147 
0.0248767 
0.0252312 
0.0209884 
0.020463 
0.0232376 
0.0212381 
0.0192741 
0.0212037 
0.0204262 
0.0179837 
0.01674 
0.0159336 
0.0183157 
0.0164033 
0.0147667 
0.0183734 
0.0202046 
0.0199408 
0.0197974 
0.0184872 
0.0193742 
0.0176662 
0.0180411 
0.0178947 
0.0181081 
0.017294 
0.0190895 
0.0233919 
0.0224392 
0.0206854 
0.0224346 
0.0204817 
0.0174874 
0.0186856 
0.0181858 
0.0219795 
0.0240915 
0.0248057 
0.0222622 
0.0247279 
0.0237179 
0.0220968 
0.0207472 
0.0241018 
0.0222385 
0.0197721 
0.0238059 
0.0256347 
0.0263565 
0.0225951 
0.0221227 
0.0208934 
0.018462 
0.0171725 
0.0195114 
0.0202633 
0.0208374 
0.0208474 
0.0217783 
0.0201209 
0.0238934 
0.0217539 
0.0234738 
0.0254776 
0.0219778 
0.0264509 
0.0222409 
0.0208404 
0.0218388 
0.0192119 
0.017226 
0.0168486 
0.015666 
0.0136842 
0.0148399 
0.015061 
0.0182244 
0.016404 
0.0182689 
0.0198783 
0.019849 
0.0181929 
0.019706 
0.0195285 
0.0188244 
0.0200194 
0.0210724 
0.0211642 
0.0216907 
0.0199684 
0.017632 
0.0171242 
0.0147449 
0.0185149 
0.0186595 
0.0193475 
0.0172486 
0.0204988 
0.018632 
0.01607 
0.0164318 
0.0168137 
0.0185863 
0.0170329 
0.0143613 
0.0155293 
0.0164501 
0.0188425 
0.0171627 
0.0174246 
0.0198546 
0.0161188 
0.0166146 
0.016988 
0.0149089 
0.0152913 
0.0153131 
0.0166269 
0.0175271 
0.0175391 
0.0152263 
0.0173748 
0.0149218 
0.015353 
0.0159022 
0.0179578 
0.0181369 
0.0171866 
0.0163391 
0.0171975 
0.0138104 
0.0167988 
0.0166171 
0.0153075 
0.0148563 
0.0178599 
0.0155666 
0.0126306 
0.0139851 
0.0143777 
0.0114257 
0.0135555 
0.01225 
0.014619 
0.0130701 
0.0135921 
0.0176194 
0.0157069 
0.0138049 
0.0139946 
0.0180076 
0.0176847 
0.0151001 
0.0160611 
0.0168892 
0.0191013 
0.0175912 
0.0176999 
0.0183885 
0.0170559 
0.0140832 
0.0133484 
0.0132446 
0.0133811 
0.0129475 
0.0144184 
0.013529 
0.0137922 
0.0149066 
0.0156031 
0.016805 
0.0141061 
0.0129952 
0.0131802 
0.0144533 
0.0167733 
0.0156805 
0.012202 
0.0130443 
0.013599 
0.014705 
0.0145553 
0.0152796 
0.0143086 
0.015946 
0.0147336 
0.016381 
0.0166309 
0.0165012 
0.0169446 
0.0171793 
0.0179589 
0.0174309 
0.0186273 
0.0176696 
0.0160229 
0.0186189 
0.0150715 
0.0156083 
0.0169618 
0.0148491 
0.0142727 
0.012597 
0.0146275 
0.0163557 
0.0169879 
0.0171714 
0.0195904 
0.0180908 
0.0199103 
0.0188169 
0.0198718 
0.0200011 
0.020079 
0.0206256 
0.0210856 
0.0212526 
0.0197819 
0.021243 
0.0200614 
0.024912 
0.0256725 
0.0239856 
0.0218852 
0.0227836 
0.023328 
0.0225871 
0.024026 
0.0210349 
0.0241034 
0.0223758 
0.023852 
0.0239688 
0.024657 
0.0237076 
0.0253423 
0.0245229 
0.0245345 
0.021996 
0.0205577 
0.0189291 
0.0195087 
0.0224991 
0.0247055 
0.0229746 
0.0204192 
0.0199316 
0.0230771 
0.0212929 
0.0209027 
0.0236146 
0.024221 
0.020793 
0.0255945 
0.0305928 
0.0295258 
0.0251401 
0.0221544 
0.0200471 
0.0170397 
0.0183634 
0.0208497 
0.0186023 
0.018123 
0.017227 
0.0180081 
0.018409 
0.0181458 
0.017885 
0.0182335 
0.0169927 
0.0166768 
0.0187336 
0.0184947 
0.0189118 
0.0210763 
0.0197236 
0.0176071 
0.0162837 
0.0178464 
0.0180931 
0.0177225 
0.0163766 
0.0181673 
0.0198306 
0.0173859 
0.0185151 
0.0159814 
0.0166119 
0.01769 
0.0159412 
0.0137763 
0.0146473 
0.0177507 
0.0170007 
0.0141782 
0.0145839 
0.0129138 
0.0114284 
0.0118813 
0.0134263 
0.0134318 
0.0120653 
0.0122787 
0.0152315 
0.0150036 
0.0165877 
0.016381 
0.016987 
0.0153004 
0.0168292 
0.0159209 
0.0140718 
0.0160308 
0.0170465 
0.0133345 
0.0142675 
0.0157771 
0.0136854 
0.0142318 
0.01426 
0.0136397 
0.0141059 
0.0126803 
0.0143715 
0.0139632 
0.0126083 
0.0119358 
0.0139404 
0.0161607 
0.0152139 
0.0170722 
0.0154537 
0.0151543 
0.0165229 
0.0182133 
0.0173601 
0.0167461 
0.0174842 
0.0217975 
0.0208856 
0.0211667 
0.0198533 
0.0202656 
0.0208929 
0.0201356 
0.0218994 
0.0208738 
0.0207953 
0.0215786 
0.0221672 
0.0209811 
0.0194045 
0.0214149 
0.0201033 
0.0199446 
0.0207451 
0.0232986 
0.0230088 
0.0255216 
0.022066 
0.0199428 
0.0192527 
0.0212249 
0.0237774 
0.0219202 
0.0230041 
0.0229188 
0.0216285 
0.0195337 
0.0215585 
0.0208261 
0.016545 
0.0203541 
0.0227929 
0.0199853 
0.0204175 
0.0204254 
0.0189195 
0.018882 
0.01735 
0.021071 
0.0203747 
0.0221577 
0.0190714 
0.0188907 
0.0192446 
0.0194783 
0.0193913 
0.0175577 
0.0183919 
0.0188249 
0.0183616 
0.0154199 
0.0183023 
0.0173346 
0.0180462 
0.0164232 
0.0156388 
0.0136895 
0.0140287 
0.0141876 
0.0144513 
0.0145759 
0.0138977 
0.0156612 
0.0172931 
0.015657 
0.0152442 
0.0135916 
0.0138571 
0.0155801 
0.0161106 
0.014415 
0.014993 
0.0136404 
0.0151137 
0.017009 
0.0174776 
0.0170789 
0.0159904 
0.0149044 
0.0157292 
0.0150154 
0.0173585 
0.0159445 
0.0144943 
0.0154951 
0.016303 
0.0184549 
0.0206624 
0.0193907 
0.0204299 
0.020708 
0.0198802 
0.0231417 
0.0225501 
0.0205612 
0.0189957 
0.0194982 
0.019298 
0.0194059 
0.0191112 
0.0199986 
0.0209385 
0.0216543 
0.0215688 
0.0203611 
0.0210466 
0.0238855 
0.0241585 
0.0227121 
0.0224053 
0.0205506 
0.0194412 
0.022502 
0.0198343 
0.0174388 
0.0180484 
0.0165304 
0.0165174 
0.016281 
0.0159552 
0.0168767 
0.0156129 
0.0164405 
0.016767 
0.0171875 
0.0193186 
0.0171405 
0.0172497 
0.0193767 
0.0179862 
0.0161582 
0.0165158 
0.0175122 
0.0169479 
0.0171315 
0.0170947 
0.0155184 
0.0173287 
0.0166894 
0.0172017 
0.019189 
0.0171258 
0.0172749 
0.0168472 
0.0174804 
0.0152342 
0.0173412 
0.0188582 
0.0194972 
0.0187744 
0.0191464 
0.0188989 
0.0179385 
0.0163047 
0.0185371 
0.021939 
0.0243617 
0.0244065 
0.0228805 
0.0247257 
0.0240339 
0.023897 
0.0232567 
0.0256588 
0.0223759 
0.0216275 
0.0212773 
0.0225619 
0.0212862 
0.022522 
0.0214508 
0.0203871 
0.021169 
0.0206786 
0.0241406 
0.0226317 
0.024426 
0.0236898 
0.0233346 
0.0202886 
0.024544 
0.0245229 
0.0202937 
0.0202113 
0.0207556 
0.0184059 
0.0185909 
0.017988 
0.019439 
0.0200192 
0.0178084 
0.0171093 
0.015294 
0.0165924 
0.0176265 
0.0172095 
0.0191459 
0.0203085 
0.0218774 
0.0199184 
0.0212374 
0.021134 
0.017921 
0.0209402 
0.0211457 
0.0191377 
0.0175691 
0.0183205 
0.0180357 
0.0148048 
0.0158152 
0.01349 
0.0144057 
0.0166559 
0.016245 
0.0169835 
0.0188502 
0.0176892 
0.0178739 
0.020804 
0.0188508 
0.0176475 
0.0175587 
0.0167253 
0.0167257 
0.0199909 
0.0185594 
0.02028 
0.0187672 
0.0160307 
0.0200841 
0.0156429 
0.0155693 
0.0157295 
0.0139565 
0.0141846 
0.0152062 
0.0157152 
0.0192095 
0.0172785 
0.0147236 
0.0174443 
0.0167845 
0.0161187 
0.0189829 
0.0205288 
0.0179963 
0.0173774 
0.0167548 
0.0187623 
0.0180496 
0.0202756 
0.0189765 
0.0217701 
0.0206468 
0.0179161 
0.019414 
0.0206699 
0.0195146 
0.015589 
0.0159278 
0.0146944 
0.0144988 
0.0162558 
0.0179039 
0.0149359 
0.0141981 
0.0163325 
0.0166135 
0.0173278 
0.0189897 
0.019237 
0.0197315 
0.0194336 
0.0206524 
0.017637 
0.0191844 
0.0184766 
0.0185522 
0.0174793 
0.0196906 
0.0221 
0.0240356 
0.0225618 
0.0204054 
0.0205203 
0.0180334 
0.018132 
0.0200944 
0.0214518 
0.0191077 
0.0167244 
0.0187368 
0.0193908 
0.0199296 
0.0178207 
0.0170807 
0.0192162 
0.0215814 
0.0195149 
0.0172219 
0.0179278 
0.0190017 
0.0183878 
0.0169889 
0.0161282 
0.0158854 
0.0183361 
0.0177092 
0.0183554 
0.0190357 
0.0176335 
0.0159174 
0.0180136 
0.0181733 
0.0150388 
0.014596 
0.0145049 
0.0158428 
0.015904 
0.0153116 
0.0170911 
0.0162982 
0.0193433 
0.0184085 
0.0185213 
0.0187111 
0.0167281 
0.0159296 
0.0172856 
0.0155294 
0.0171652 
0.0162328 
0.0160153 
0.0180031 
0.0165372 
0.01608 
0.0175859 
0.0190119 
0.0218036 
0.0180123 
0.0176227 
0.016396 
0.0171335 
0.0163488 
0.0184563 
0.0187678 
0.0186561 
0.0193497 
0.0186661 
0.0179116 
0.0175524 
0.0158352 
0.0143319 
0.0168585 
0.0168348 
0.0172265 
0.015915 
0.0161725 
0.0178033 
0.0166868 
0.0151674 
0.0136495 
0.0145171 
0.0148612 
0.0134584 
0.0138829 
0.0144087 
0.0144606 
0.0137413 
0.0136558 
0.0133886 
0.0132281 
0.0129451 
0.0141123 
0.0145853 
0.015421 
0.0153011 
0.0142974 
0.0158587 
0.01386 
0.015368 
0.0153757 
0.015497 
0.0135715 
0.0132733 
0.0150037 
0.0144727 
0.0132265 
0.0151155 
0.0180547 
0.0178099 
0.0180271 
0.0188442 
0.0162297 
0.0157453 
0.0161402 
0.0160382 
0.0182802 
0.018044 
0.0156096 
0.0154093 
0.0155842 
0.0159976 
0.0149888 
0.0151912 
0.0149936 
0.0155833 
0.0143451 
0.0161926 
0.0178742 
0.0156676 
0.0164111 
0.0166109 
0.0157763 
0.0161701 
0.0182949 
0.0177488 
0.0175121 
0.0166602 
0.0165352 
0.0169708 
0.0177032 
0.0171009 
0.0138883 
0.0155318 
0.0171628 
0.0149358 
0.0145924 
0.0169977 
0.0145035 
0.0139768 
0.0151243 
0.0162359 
0.0169319 
0.0173155 
0.0150322 
0.0156505 
0.0149877 
0.0141867 
0.0149903 
0.0184699 
0.0167118 
0.0183973 
0.0189489 
0.0178646 
0.019618 
0.0208949 
0.020177 
0.0202548 
0.0215756 
0.0227409 
0.0187984 
0.0196087 
0.0197673 
0.0185869 
0.019698 
0.0183061 
0.020437 
0.0215281 
0.0208506 
0.02136 
0.0198741 
0.0190861 
0.0182369 
0.0203725 
0.0227647 
0.0209975 
0.0196957 
0.0199144 
0.0195604 
0.0187131 
0.0207887 
0.0188004 
0.0195433 
0.0195666 
0.0184006 
0.0177438 
0.0210641 
0.0200813 
0.0192768 
0.0182041 
0.0178154 
0.0177685 
0.0176503 
0.0183063 
0.0188724 
0.0194781 
0.0186433 
0.0183761 
0.0206343 
0.0208602 
0.0198393 
0.0194545 
0.0177558 
0.0177879 
0.0198144 
0.0181867 
0.0178018 
0.0202515 
0.0192301 
0.0203414 
0.0204458 
0.019464 
0.0195615 
0.0176841 
0.0198919 
0.0190264 
0.0208397 
0.0192181 
0.0181328 
0.0185328 
0.0189792 
0.0166304 
0.0168469 
0.0177655 
0.0194191 
0.0205315 
0.0226794 
0.0212245 
0.0182485 
0.0198994 
0.0189591 
0.0218705 
0.0213969 
0.0191843 
0.0198021 
0.0168758 
0.0168556 
0.0170258 
0.0186689 
0.0185977 
0.0180487 
0.0186793 
0.0198975 
0.0187921 
0.0216256 
0.0236045 
0.0215938 
0.0191722 
0.0201811 
0.0170817 
0.0175325 
0.0165109 
0.0173126 
0.016645 
0.0171522 
0.0170315 
0.0168187 
0.0183731 
0.0190771 
0.0192653 
0.0199758 
0.0194574 
0.0188043 
0.0184485 
0.0177699 
0.0192055 
0.019316 
0.0180864 
0.0186887 
0.02022 
0.0198245 
0.0180814 
0.0203002 
0.0185781 
0.0172643 
0.0162483 
0.0152727 
0.0147301 
0.0151856 
0.0157813 
0.0159053 
0.0160866 
0.0157098 
0.0157089 
0.0141748 
0.015001 
0.0167859 
0.0169764 
0.016335 
0.0196078 
0.019316 
0.0190061 
0.0189185 
0.0210644 
0.0208135 
0.0206082 
0.0195944 
0.0189038 
0.0177078 
0.0178547 
0.0192978 
0.0187847 
0.018685 
0.0174747 
0.0188093 
0.0202688 
0.0208183 
0.0181415 
0.0192128 
0.0201045 
0.0191254 
0.0206876 
0.0191509 
0.0225649 
0.0209817 
0.0230224 
0.0216108 
0.018886 
0.0196973 
0.0175527 
0.0163602 
0.0153565 
0.0155659 
0.0175166 
0.0164789 
0.0159077 
0.0167585 
0.0153929 
0.0156825 
0.0142583 
0.0180827 
0.0199393 
0.0179894 
0.0179918 
0.0167547 
0.0177798 
0.0179386 
0.0186818 
0.0180072 
0.0170751 
0.0180907 
0.0177728 
0.0166225 
0.0163064 
0.0185103 
0.0174794 
0.0174038 
0.0187483 
0.0190296 
0.020608 
0.0186035 
0.0191683 
0.0188537 
0.0203884 
0.0173757 
0.0169885 
0.015982 
0.0170723 
0.0163671 
0.0186283 
0.0188646 
0.0189628 
0.0180007 
0.020419 
0.018743 
0.0204546 
0.0204946 
0.0192311 
0.0182318 
0.0152571 
0.0156193 
0.0163029 
0.0164796 
0.0157302 
0.0162212 
0.0175558 
0.0162452 
0.0154713 
0.0143634 
0.0143178 
0.015738 
0.0157451 
0.0136555 
0.0134672 
0.013674 
0.0150371 
0.015312 
0.0162521 
0.0153324 
0.0151226 
0.0142917 
0.0155618 
0.0164635 
0.0153041 
0.0151302 
0.0178933 
0.0155443 
0.0181366 
0.0170232 
0.0153197 
0.017084 
0.0192806 
0.0179639 
0.0162628 
0.0175245 
0.0180295 
0.0189471 
0.0172883 
0.01918 
0.018505 
0.0148144 
0.0159045 
0.0164263 
0.0174182 
0.0156758 
0.0155309 
0.0139333 
0.0160029 
0.0149811 
0.0150823 
0.0152557 
0.0144243 
0.0151043 
0.0138469 
0.0165095 
0.016562 
0.0176621 
0.0162064 
0.0176965 
0.0161679 
0.0168586 
0.0147536 
0.0141348 
0.0166488 
0.0173054 
0.014986 
0.0158196 
0.0169459 
0.0153988 
0.017612 
0.0170659 
0.0152839 
0.0166151 
0.0162226 
0.0170246 
0.016667 
0.0168844 
0.0166508 
0.0154736 
0.0180812 
0.0182484 
0.0179935 
0.0162063 
0.0162615 
0.0176754 
0.0159671 
0.0146971 
0.0131503 
0.0124977 
0.0126534 
0.0147416 
0.0138179 
0.012885 
0.0132163 
0.0136405 
0.0153189 
0.0149484 
0.0143401 
0.0141821 
0.0140849 
0.0152876 
0.0157612 
0.0183532 
0.0159598 
0.0160665 
0.0165836 
0.0179822 
0.0192144 
0.017603 
0.0152456 
0.0159825 
0.0151325 
0.01393 
0.0155457 
0.0126092 
0.0119916 
0.0107115 
0.0134707 
0.0137144 
0.0125884 
0.0134873 
0.0138696 
0.0133743 
0.0141778 
0.0145471 
0.0159681 
0.0162995 
0.0175225 
0.0170194 
0.0142427 
0.0165821 
0.0190138 
0.0133471 
0.0151127 
0.0126297 
0.0134816 
0.0136153 
0.0115126 
0.0139046 
0.0147685 
0.0171901 
0.0170141 
0.0159907 
0.0174464 
0.0159079 
0.0145011 
0.0155893 
0.0121864 
0.0142884 
0.0159472 
0.0166296 
0.0152434 
0.0118236 
0.0158146 
0.0149421 
0.016341 
0.0169733 
0.0162814 
0.0136103 
0.0127224 
0.013243 
0.0161397 
0.0163908 
0.0161319 
0.0147534 
0.013326 
0.0143523 
0.0143472 
0.0152151 
0.0144146 
0.0170956 
0.017234 
0.0205395 
0.0178121 
0.0192983 
0.0168759 
0.0164831 
0.0185853 
0.0164076 
0.0182636 
0.0173585 
0.017474 
0.016104 
0.015201 
0.0146613 
0.0164194 
0.0171513 
0.0168587 
0.0198933 
0.0165587 
0.0194883 
0.0160419 
0.0171096 
0.0176043 
0.0168701 
0.015657 
0.0182753 
0.0187439 
0.0198396 
0.0199142 
0.0172851 
0.0180996 
0.014427 
0.0150436 
0.0169378 
0.0165187 
0.0150428 
0.0158791 
0.0150954 
0.0163615 
0.0168152 
0.0156718 
0.0191595 
0.0174697 
0.0187405 
0.0164251 
0.0146591 
0.0172397 
0.0154074 
0.0144541 
0.0153999 
0.0141659 
0.0169735 
0.0170743 
0.0150439 
0.0160826 
0.0154354 
0.0179576 
0.0163658 
0.0201982 
0.0171659 
0.0185167 
0.017371 
0.0181651 
0.0172292 
0.0148589 
0.0170781 
0.0176207 
0.0174468 
0.0163771 
0.0149345 
0.0167074 
0.0148887 
0.0137237 
0.0139949 
0.0143121 
0.014994 
0.0126033 
0.0131387 
0.0138374 
0.013502 
0.0121297 
0.0128418 
0.0134625 
0.0144859 
0.0146754 
0.0159436 
0.0139713 
0.0146546 
0.0145798 
0.0136121 
0.013638 
0.0129186 
0.0128932 
0.0120168 
0.0112675 
0.0108001 
0.0120184 
0.0121115 
0.0136126 
0.01438 
0.0121043 
0.0115435 
0.01214 
0.014353 
0.014635 
0.0133465 
0.0113865 
0.00969289 
0.0114955 
0.0111349 
0.0112323 
0.0114852 
0.0121243 
0.0133489 
0.0135617 
0.011344 
0.013087 
0.0124313 
0.0112259 
0.0111175 
0.0120021 
0.0116142 
0.0119471 
0.0112539 
0.0102917 
0.0115096 
0.0123221 
0.0116325 
0.00993973 
0.00988448 
0.0110514 
0.0106121 
0.0119107 
0.0130614 
0.0118354 
0.0107618 
0.0112832 
0.0103343 
0.0107887 
0.0116519 
0.0139787 
0.0118456 
0.0123897 
0.0129384 
0.0123486 
0.0134103 
0.0141775 
0.0123516 
0.0134159 
0.013251 
0.0119307 
0.0135676 
0.0128541 
0.0122565 
0.0105115 
0.0117611 
0.0114023 
0.011097 
0.0103234 
0.0102884 
0.0108164 
0.0120184 
0.0117947 
0.0121115 
0.0119011 
0.0136872 
0.0128823 
0.0127507 
0.0101926 
0.0135031 
0.0147357 
0.0139714 
0.0129099 
0.0118488 
0.014812 
0.0137144 
0.0133478 
0.0127056 
0.0126541 
0.0136454 
0.0119768 
0.0124328 
0.0118512 
0.010654 
0.0120781 
0.0124492 
0.0123716 
0.0126888 
0.0122589 
0.0125472 
0.0128403 
0.0129349 
0.0119775 
0.0128715 
0.0102822 
0.00872924 
0.00954411 
0.0121028 
0.0113956 
0.00950006 
0.00879792 
0.0128947 
0.0125888 
0.0119117 
0.0129898 
0.0118767 
0.012929 
0.0130878 
0.0124231 
0.0137791 
0.0136704 
0.0137831 
0.0129752 
0.0114308 
0.010396 
0.01058 
0.0107847 
0.012593 
0.0129563 
0.0127865 
0.0131289 
0.0142489 
0.0100701 
0.00931123 
0.0108514 
0.0101818 
0.0100916 
0.00962622 
0.0108504 
0.0110533 
0.0105947 
0.00855718 
0.00817473 
0.0100745 
0.0117134 
0.0135995 
0.0107126 
0.0108162 
0.0103924 
0.0103069 
0.010464 
0.0149481 
0.0144085 
0.0160663 
0.0121758 
0.01063 
0.0122866 
0.0129024 
0.0142955 
0.0118985 
0.0178143 
0.0172671 
0.0140425 
0.0132294 
0.0136811 
0.015636 
0.0146406 
0.0168219 
0.016317 
0.015923 
0.01269 
0.0133336 
0.0127595 
0.0124803 
0.0157969 
0.0146258 
0.0175595 
0.0168168 
0.0148228 
0.0135622 
0.013463 
0.0128216 
0.013622 
0.0131064 
0.0149429 
0.0161004 
0.0130378 
0.0133367 
0.0134445 
0.0147125 
0.0157714 
0.014241 
0.0159142 
0.0149214 
0.0148161 
0.0145157 
0.013718 
0.0133969 
0.0140516 
0.0146133 
0.0144936 
0.012879 
0.0134222 
0.0135224 
0.0118218 
0.0127159 
0.0124165 
0.0137052 
0.0154165 
0.0129565 
0.014502 
0.0141543 
0.0139821 
0.0156774 
0.0145416 
0.0165833 
0.0171089 
0.0174808 
0.0153417 
0.0125388 
0.0148608 
0.0155255 
0.0129799 
0.0140771 
0.0147419 
0.0164015 
0.0151938 
0.0152453 
0.0160778 
0.0180405 
0.0187123 
0.0164129 
0.0168784 
0.0173307 
0.0164102 
0.0166894 
0.0153215 
0.0151359 
0.0165295 
0.0179124 
0.0172041 
0.0183022 
0.0185286 
0.0156132 
0.0176797 
0.0183842 
0.0183183 
0.0186818 
0.0179842 
0.018058 
0.0157328 
0.0163862 
0.0161914 
0.0168616 
0.0162256 
0.0154329 
0.0148441 
0.015834 
0.0160935 
0.0148464 
0.0154309 
0.0150036 
0.0150576 
0.0169554 
0.0172659 
0.018485 
0.0200789 
0.0188635 
0.0205872 
0.019811 
0.0182036 
0.0188879 
0.0188482 
0.0209366 
0.0216842 
0.0205921 
0.0190765 
0.0180687 
0.0184978 
0.0200718 
0.0193593 
0.0179086 
0.0181541 
0.0193797 
0.0194911 
0.0164968 
0.017782 
0.0190228 
0.021371 
0.0218916 
0.0238056 
0.0212815 
0.0215337 
0.0198841 
0.0204643 
0.0219718 
0.0204343 
0.0227242 
0.0222509 
0.0196615 
0.0198213 
0.019964 
0.0212505 
0.0244558 
0.018096 
0.0192479 
0.0197135 
0.0206044 
0.0198145 
0.0185668 
0.017405 
0.0190827 
0.0206243 
0.0219306 
0.0238745 
0.0220894 
0.0220207 
0.0262412 
0.0260861 
0.0244339 
0.0249347 
0.0242028 
0.0250187 
0.023777 
0.0232497 
0.0251758 
0.0229682 
0.0221044 
0.0216434 
0.0222648 
0.0229297 
0.0215357 
0.0228807 
0.021703 
0.0215724 
0.0211115 
0.023571 
0.0228998 
0.0221569 
0.0209492 
0.0227909 
0.0212423 
0.0212543 
0.0205848 
0.0199284 
0.0212475 
0.0214321 
0.0205831 
0.0224677 
0.0256025 
0.0223962 
0.0231807 
0.0238697 
0.0223446 
0.0234127 
0.0226148 
0.0213823 
0.0236573 
0.0216552 
0.0210123 
0.0196697 
0.0198112 
0.0191871 
0.0226908 
0.0191312 
0.0184165 
0.0177419 
0.0202867 
0.0215836 
0.0206731 
0.0213884 
0.0203676 
0.0196526 
0.0192786 
0.0204918 
0.0195001 
0.0176263 
0.0198891 
0.0219991 
0.0236861 
0.0236923 
0.0224338 
0.0179374 
0.0179555 
0.0179736 
0.0187942 
0.017789 
0.0165337 
0.01909 
0.0220782 
0.0240909 
0.0216331 
0.0204837 
0.0201083 
0.0187706 
0.0162973 
0.0171373 
0.0173003 
0.0162523 
0.0164745 
0.0171491 
0.0177471 
0.0180619 
0.0196772 
0.0171546 
0.015643 
0.0170367 
0.0152438 
0.0174252 
0.0151489 
0.0154294 
0.0158345 
0.014577 
0.0152372 
0.0138618 
0.0135396 
0.0142034 
0.0143632 
0.0169089 
0.0150467 
0.0164902 
0.0190839 
0.0190491 
0.0193971 
0.0191208 
0.0175962 
0.0165955 
0.016717 
0.0159931 
0.0168811 
0.0179203 
0.0180982 
0.0161026 
0.0182813 
0.0165087 
0.016093 
0.015634 
0.0160598 
0.0147958 
0.0150284 
0.0161258 
0.0153655 
0.016664 
0.0152805 
0.0150404 
0.0150238 
0.0117437 
0.0140322 
0.0136247 
0.0137908 
0.0129606 
0.014333 
0.0158568 
0.0147452 
0.0128314 
0.0125312 
0.0122572 
0.0137287 
0.0131202 
0.0144374 
0.0139256 
0.0137039 
0.0142008 
0.0159237 
0.0152035 
0.0146288 
0.0157177 
0.0152778 
0.0164815 
0.0160664 
0.0141041 
0.0132323 
0.0136213 
0.0152169 
0.0141279 
0.015119 
0.015934 
0.0182875 
0.0194496 
0.0189001 
0.0157635 
0.0167229 
0.0165391 
0.0166286 
0.0153406 
0.0186963 
0.0201003 
0.020444 
0.018298 
0.0203485 
0.0223525 
0.0199632 
0.0187133 
0.0173809 
0.0211553 
0.0212271 
0.0214254 
0.0200874 
0.0202065 
0.0215027 
0.0194761 
0.0207471 
0.0211955 
0.0189071 
0.019244 
0.0170054 
0.0171701 
0.0172407 
0.0185131 
0.0164571 
0.0175329 
0.0211622 
0.0161699 
0.0160283 
0.015769 
0.0154212 
0.0163578 
0.0151134 
0.0154321 
0.0141168 
0.0138994 
0.0140097 
0.014276 
0.016895 
0.0162155 
0.017197 
0.0170219 
0.0163676 
0.0180608 
0.0171512 
0.0179181 
0.0178806 
0.0160683 
0.0172379 
0.0169139 
0.0183664 
0.0183742 
0.018684 
0.0193599 
0.0155599 
0.0166969 
0.014878 
0.0146249 
0.0172258 
0.0172287 
0.0159134 
0.0130208 
0.0133525 
0.0132606 
0.0130209 
0.0120125 
0.0128006 
0.0136641 
0.0151544 
0.0158376 
0.0157696 
0.0143731 
0.0168854 
0.0154429 
0.0157105 
0.0124919 
0.0132228 
0.0148972 
0.0122828 
0.014318 
0.0137837 
0.0137242 
0.0138867 
0.0131627 
0.0155913 
0.0147594 
0.013524 
0.0132048 
0.0125821 
0.0133765 
0.0136538 
0.0139831 
0.0161042 
0.0161532 
0.0142071 
0.016811 
0.0157168 
0.0161427 
0.0149046 
0.0155552 
0.0140767 
0.0138806 
0.0150388 
0.0172422 
0.0175021 
0.0173649 
0.0165333 
0.0153358 
0.014355 
0.0135041 
0.0134668 
0.0154427 
0.0125648 
0.0127744 
0.0145576 
0.0124955 
0.0122531 
0.011769 
0.0123919 
0.0133523 
0.0143722 
0.0164666 
0.0148184 
0.0147867 
0.0145574 
0.0133935 
0.0153001 
0.0124977 
0.0117721 
0.0118992 
0.0123137 
0.0115389 
0.0127869 
0.0122429 
0.0127412 
0.0147504 
0.0148316 
0.0119749 
0.0123066 
0.0127785 
0.0125503 
0.0146952 
0.0121903 
0.011631 
0.0131087 
0.01268 
0.0107817 
0.0106543 
0.00954927 
0.0106884 
0.00954469 
0.0102089 
0.013441 
0.0112602 
0.0136835 
0.0138333 
0.0125835 
0.0163166 
0.0118101 
0.0127697 
0.0126292 
0.0136364 
0.0136082 
0.0135624 
0.0137248 
0.012681 
0.0142201 
0.013032 
0.0108279 
0.00990119 
0.0111985 
0.0119003 
0.0122042 
0.00990611 
0.0126891 
0.0114924 
0.0138193 
0.0107439 
0.0119648 
0.00953611 
0.0121651 
0.0129176 
0.0114452 
0.0136959 
0.0109685 
0.0115973 
0.00943645 
0.00861589 
0.0106229 
0.00999677 
0.0125594 
0.0113213 
0.0115388 
0.0144341 
0.0127446 
0.0129411 
0.0145045 
0.0161767 
0.0128829 
0.0124465 
0.0146654 
0.0137787 
0.0126497 
0.0135574 
0.0146236 
0.013318 
0.0133326 
0.0130989 
0.012598 
0.013404 
0.0123964 
0.010613 
0.0126563 
0.0113298 
0.0123355 
0.012125 
0.011512 
0.0109107 
0.0123951 
0.0125927 
0.0144207 
0.0113261 
0.010933 
0.0115641 
0.0128414 
0.0134217 
0.014566 
0.0129026 
0.0125407 
0.0128159 
0.0103083 
0.0112283 
0.010267 
0.0101458 
0.00983008 
0.00988907 
0.0110296 
0.00936068 
0.00917545 
0.00742813 
0.00962442 
0.0100752 
0.0103355 
0.0144879 
0.0121681 
0.0106013 
0.0108242 
0.0130847 
0.0140429 
0.011153 
0.0135386 
0.013139 
0.0133552 
0.0102016 
0.01191 
0.0149819 
0.012878 
0.0122647 
0.0134653 
0.0163775 
0.014159 
0.0139944 
0.0128218 
0.015211 
0.014945 
0.0161249 
0.0158074 
0.0176246 
0.0158611 
0.0170245 
0.0169672 
0.0158008 
0.0174518 
0.0189395 
0.0179738 
0.0146192 
0.0132431 
0.0135496 
0.0137227 
0.0133167 
0.0119606 
0.0135919 
0.0140461 
0.0134373 
0.0146198 
0.0128223 
0.012532 
0.0131485 
0.0119531 
0.0124355 
0.0119698 
0.0115629 
0.0128369 
0.0111136 
0.013202 
0.0114567 
0.0120187 
0.0110502 
0.0106433 
0.0126527 
0.0143377 
0.0138832 
0.0126877 
0.00943082 
0.0102544 
0.00834585 
0.00909695 
0.0104026 
0.00958985 
0.0085844 
0.0085957 
0.0115382 
0.0122618 
0.00989067 
0.00982448 
0.00829881 
0.00768786 
0.00863067 
0.0084471 
0.00812933 
0.00958592 
0.0102971 
0.010861 
0.0108418 
0.0134131 
0.0111086 
0.00994152 
0.0099798 
0.010373 
0.00949087 
0.011677 
0.0103826 
0.0115216 
0.00982212 
0.00782711 
0.00923327 
0.0093012 
0.00979683 
0.00967741 
0.0103679 
0.0103825 
0.0112184 
0.0115669 
0.0108165 
0.0114422 
0.0107054 
0.0115038 
0.0113952 
0.0143688 
0.0116266 
0.0117376 
0.01189 
0.0134114 
0.0155017 
0.0138999 
0.0121901 
0.0108265 
0.0124962 
0.0118402 
0.0105362 
0.00993013 
0.0108928 
0.0144382 
0.0115774 
0.0119456 
0.0125115 
0.0110729 
0.0112972 
0.0106526 
0.0110285 
0.0107206 
0.0125438 
0.012108 
0.0106427 
0.0135493 
0.0102263 
0.0125207 
0.0100203 
0.00880327 
0.0121454 
0.0109693 
0.0121369 
0.0113214 
0.0111771 
0.00989712 
0.0103089 
0.0131781 
0.0122035 
0.0110713 
0.00884726 
0.0100327 
0.0102039 
0.00992884 
0.0100029 
0.0129345 
0.0102247 
0.00925716 
0.0090807 
0.0116928 
0.010412 
0.0087616 
0.00944446 
0.00906647 
0.0102088 
0.00902301 
0.00953397 
0.00934308 
0.00864756 
0.0108902 
0.0107937 
0.0113568 
0.00930183 
0.0101258 
0.00978633 
0.00999429 
0.00803967 
0.00879067 
0.00998556 
0.00999472 
0.00932725 
0.00893697 
0.0089223 
0.00926057 
0.00795006 
0.00912392 
0.0108918 
0.0100595 
0.0117682 
0.00904366 
0.00960587 
0.00953897 
0.00888164 
0.0117704 
0.0128533 
0.012272 
0.0140416 
0.0123791 
0.0130587 
0.0141101 
0.011736 
0.011602 
0.00957833 
0.00958876 
0.0101577 
0.0103252 
0.0111388 
0.0120503 
0.011662 
0.00993369 
0.00782877 
0.0094581 
0.00787947 
0.00856261 
0.00827753 
0.00985282 
0.0106461 
0.00876384 
0.00913422 
0.00981143 
0.00865516 
0.00823723 
0.00902807 
0.00689625 
0.0087475 
0.00871836 
0.00770266 
0.00820084 
0.0101131 
0.0093996 
0.00981993 
0.0082204 
0.0100646 
0.010185 
0.00789232 
0.00669478 
0.00718972 
0.00776515 
0.00676157 
0.00661321 
0.00696029 
0.00856491 
0.00742347 
0.00869704 
0.00828508 
0.00888198 
0.0105021 
0.00899735 
0.00778889 
0.00701846 
0.00803636 
0.0078649 
0.00956245 
0.00870737 
0.00876948 
0.00969788 
0.0107441 
0.00840741 
0.00918999 
0.00990499 
0.0093029 
0.00906148 
0.0115484 
0.00852979 
0.00849853 
0.00872786 
0.0101838 
0.00801563 
0.01067 
0.00939651 
0.0122393 
0.0097616 
0.0077864 
0.00741173 
0.00681507 
0.00791528 
0.00761673 
0.00763713 
0.00951164 
0.0095569 
0.00799529 
0.00990267 
0.00827867 
0.00802462 
0.00828937 
0.00978896 
0.00727811 
0.00932061 
0.00723958 
0.010152 
0.00804719 
0.00791466 
0.00648838 
0.00708426 
0.0084748 
0.00725261 
0.00758553 
0.0073095 
0.00813833 
0.00847929 
0.00726401 
0.0106434 
0.0102681 
0.00890723 
0.0108279 
0.00962804 
0.00671908 
0.0080086 
0.00841602 
0.00857274 
0.00891441 
0.00941333 
0.00913309 
0.0099009 
0.0110157 
0.00837235 
0.0089138 
0.00949013 
0.00779351 
0.00860927 
0.00830253 
0.0075589 
0.00770553 
0.00741013 
0.00722345 
0.00815557 
0.00773967 
0.00840709 
0.00798115 
0.00626165 
0.00648652 
0.00877119 
0.00736214 
0.00866791 
0.00975268 
0.0103186 
0.00872909 
0.00714551 
0.0081265 
0.00774754 
0.0081117 
0.00815241 
0.00864193 
0.00631472 
0.00615229 
0.00605458 
0.00821281 
0.00705748 
0.00954586 
0.00784574 
0.00744811 
0.00897034 
0.00704144 
0.00794682 
0.00813733 
0.00945792 
0.00965393 
0.00999041 
0.0110181 
0.0114667 
0.0115782 
0.0091814 
0.00949984 
0.0082211 
0.00801146 
0.00735901 
0.00696563 
0.00929211 
0.00699168 
0.00740027 
0.00689372 
0.00774493 
0.00895631 
0.00887518 
0.00728227 
0.00734029 
0.00764094 
0.0092523 
0.00834647 
0.00908863 
0.00892036 
0.00783942 
0.00800807 
0.00749216 
0.00757458 
0.00823969 
0.00685433 
0.00908588 
0.00773235 
0.00773881 
0.00868529 
0.00625506 
0.0071315 
0.00773531 
0.00798611 
0.0079794 
0.00805141 
0.00625411 
0.0060365 
0.00713615 
0.00726372 
0.00711711 
0.00657726 
0.00620351 
0.00648036 
0.00740933 
0.00785315 
0.00930278 
0.00733579 
0.0083244 
0.00703925 
0.00800336 
0.00887313 
0.00854619 
0.0108467 
0.00953247 
0.0089367 
0.00653945 
0.00700018 
0.00636711 
0.00664735 
0.00611181 
0.00716941 
0.00915003 
0.00855471 
0.00692453 
0.00712622 
0.00747041 
0.00802238 
0.00834251 
0.00903626 
0.00838948 
0.00952362 
0.00784959 
0.0082725 
0.00944067 
0.00867523 
0.00761802 
0.00870802 
0.0086171 
0.00787447 
0.00697294 
0.0069019 
0.00566031 
0.00629858 
0.00709663 
0.00701106 
0.00773343 
0.00657625 
0.00797239 
0.0065702 
0.00674306 
0.00609866 
0.00696971 
0.006816 
0.005933 
0.00637632 
0.00695977 
0.00555266 
0.00673102 
0.00705316 
0.00609646 
0.00827016 
0.00768654 
0.00608121 
0.00604752 
0.00651514 
0.00676544 
0.00573768 
0.00674687 
0.00603755 
0.00637089 
0.00607619 
0.006058 
0.00592306 
0.00635067 
0.00665785 
0.00757748 
0.0061968 
0.00596265 
0.00643547 
0.00812402 
0.00767411 
0.00742664 
0.00883238 
0.0102612 
0.0094708 
0.00800685 
0.00850464 
0.00999088 
0.00819142 
0.0066767 
0.00721808 
0.00711577 
0.0064398 
0.00876145 
0.00890209 
0.00888958 
0.00897443 
0.00975754 
0.00839779 
0.00905314 
0.010768 
0.0106624 
0.00989663 
0.00697357 
0.00911251 
0.0108545 
0.0108322 
0.011401 
0.0116912 
0.0103778 
0.00830785 
0.0102486 
0.00778698 
0.00800069 
0.00805741 
0.00565403 
0.00713923 
0.00787429 
0.00750191 
0.00837771 
0.00882501 
0.00765897 
0.00845762 
0.00857446 
0.00821927 
0.00780775 
0.00586779 
0.00777295 
0.00682199 
0.00653241 
0.00607152 
0.00714531 
0.00586705 
0.00755299 
0.00771837 
0.00638614 
0.00717531 
0.00850255 
0.00776158 
0.00755224 
0.00677406 
0.00810641 
0.00592626 
0.00746171 
0.00789626 
0.00632266 
0.0076367 
0.00813109 
0.00811841 
0.00607934 
0.00642107 
0.00748055 
0.00832997 
0.00739484 
0.00670513 
0.00708057 
0.00726058 
0.00507726 
0.00739234 
0.00790762 
0.0085934 
0.00985785 
0.00866244 
0.0101713 
0.00878621 
0.00976504 
0.00835139 
0.0089161 
0.00695086 
0.00551741 
0.00800764 
0.00709109 
0.00783959 
0.00684847 
0.00672543 
0.00634148 
0.00791657 
0.00788225 
0.00793778 
0.00793856 
0.00790226 
0.00754831 
0.0100006 
0.00765686 
0.0063218 
0.00676875 
0.00805958 
0.00591172 
0.00610725 
0.00787062 
0.00618814 
0.00581943 
0.00861757 
0.00876985 
0.00773898 
0.00790651 
0.00736711 
0.00739296 
0.00823017 
0.00773737 
0.00910435 
0.00834539 
0.00913076 
0.00861903 
0.0106435 
0.00947538 
0.00989669 
0.0097191 
0.0102106 
0.0100724 
0.0101527 
0.00994649 
0.00961051 
0.00969223 
0.0110645 
0.0118993 
0.013082 
0.0115345 
0.0110061 
0.0105176 
0.00973807 
0.0111151 
0.0107588 
0.0117553 
0.010291 
0.00887571 
0.0108025 
0.0113756 
0.0108784 
0.00934877 
0.00978613 
0.00991041 
0.0093203 
0.0102697 
0.00888711 
0.0100865 
0.010721 
0.0114334 
0.00987206 
0.00996715 
0.00996565 
0.00746834 
0.00824778 
0.00852206 
0.00868543 
0.010515 
0.01004 
0.00951106 
0.0103216 
0.011802 
0.0113185 
0.011857 
0.0090534 
0.00962922 
0.0112265 
0.00995418 
0.0112825 
0.010324 
0.0116928 
0.0126714 
0.0108345 
0.0111858 
0.0110963 
0.0107523 
0.00955992 
0.0135175 
0.0135905 
0.0113633 
0.0122087 
0.0111543 
0.0117131 
0.0129622 
0.0108529 
0.0127642 
0.0114451 
0.0119654 
0.0112218 
0.0130837 
0.0122921 
0.0105404 
0.0126476 
0.0126652 
0.0109115 
0.0100197 
0.0119284 
0.0101954 
0.0103623 
0.0119461 
0.00944306 
0.0101373 
0.0108101 
0.00965421 
0.0108301 
0.0106079 
0.0124324 
0.00966606 
0.0117175 
0.012489 
0.0104445 
0.00797214 
0.00929981 
0.00889336 
0.00986435 
0.00793968 
0.0101561 
0.00804118 
0.00608057 
0.00747764 
0.00755259 
0.00646557 
0.00707212 
0.00772898 
0.010979 
0.00951011 
0.0100927 
0.00861548 
0.00883504 
0.00883547 
0.00864724 
0.00723834 
0.00644709 
0.00676215 
0.00562328 
0.00736175 
0.00719835 
0.0068862 
0.00660159 
0.00632976 
0.00588564 
0.00806741 
0.00678473 
0.00635004 
0.00783276 
0.00871292 
0.00815969 
0.00873822 
0.00705632 
0.00631372 
0.00799302 
0.00934306 
0.00853933 
0.00738307 
0.0106212 
0.00827207 
0.00640175 
0.00764437 
0.00774169 
0.00816433 
0.00887602 
0.00840649 
0.0108058 
0.00953124 
0.00711677 
0.00691008 
0.00748581 
0.00810724 
0.00824921 
0.00751018 
0.00699955 
0.00830966 
0.00806393 
0.0073888 
0.00962795 
0.00961152 
0.00712458 
0.00667604 
0.00902234 
0.00902005 
0.00890847 
0.00776884 
0.00919624 
0.009437 
0.00999032 
0.00852859 
0.00824096 
0.00972731 
0.00764207 
0.00846502 
0.00687268 
0.0069793 
0.00756847 
0.00673966 
0.00871776 
0.00713556 
0.00748716 
0.00865878 
0.00829784 
0.0105263 
0.00751351 
0.00701438 
0.0101685 
0.00827715 
0.00759085 
0.00735487 
0.0091971 
0.0101231 
0.00974439 
0.00917849 
0.00841497 
0.00846127 
0.00936488 
0.0100654 
0.0108524 
0.00852452 
0.010773 
0.0109052 
0.00920514 
0.00770881 
0.0106341 
0.00974102 
0.0065015 
0.00651256 
0.00632147 
0.00580507 
0.00776879 
0.00869703 
0.00682728 
0.00737184 
0.00714729 
0.00802197 
0.00886565 
0.0087105 
0.00863015 
0.00771356 
0.00800277 
0.00875769 
0.00910079 
0.0113529 
0.0115934 
0.0101916 
0.0109677 
0.00791115 
0.0100681 
0.00860361 
0.00718166 
0.00759213 
0.00815957 
0.00842485 
0.00750052 
0.00775225 
0.00764172 
0.00784141 
0.00864322 
0.00942775 
0.00852015 
0.00787815 
0.0065151 
0.00825883 
0.00859873 
0.0100057 
0.0081692 
0.00549745 
0.00759361 
0.00779916 
0.00746882 
0.00655558 
0.00810958 
0.00585238 
0.00639051 
0.00754959 
0.0072757 
0.00667698 
0.0061031 
0.00516332 
0.00574346 
0.00597877 
0.0067487 
0.00524041 
0.00430868 
0.00580304 
0.00669154 
0.00592931 
0.00671395 
0.00582825 
0.00669232 
0.0069729 
0.00719575 
0.00710677 
0.00809203 
0.00984254 
0.0084659 
0.00907549 
0.0080047 
0.00786956 
0.00849817 
0.0085176 
0.00673038 
0.00619624 
0.0080338 
0.00902906 
0.00840637 
0.00701835 
0.00920652 
0.00754932 
0.00828284 
0.00834607 
0.00733172 
0.00762014 
0.00765455 
0.0079713 
0.00916079 
0.00796734 
0.00878449 
0.00791257 
0.00694965 
0.00882265 
0.00750021 
0.00667567 
0.00627165 
0.00672236 
0.0059542 
0.00734823 
0.00503023 
0.00690999 
0.00557946 
0.00660916 
0.00622086 
0.00596436 
0.00609372 
0.00725116 
0.00673956 
0.00639479 
0.00712144 
0.0068957 
0.00672538 
0.00814767 
0.00823705 
0.00759028 
0.00953491 
0.00791872 
0.00853001 
0.0073603 
0.00766966 
0.00821058 
0.00753567 
0.00909059 
0.00852858 
0.0091627 
0.00768171 
0.00779597 
0.00722888 
0.00776102 
0.00760166 
0.00702122 
0.00682139 
0.00817315 
0.00785969 
0.00938022 
0.00774042 
0.00820485 
0.0080657 
0.00803582 
0.00733882 
0.007481 
0.00687706 
0.00644661 
0.00677704 
0.00598805 
0.00610937 
0.0077007 
0.00797047 
0.00841221 
0.00619438 
0.00803085 
0.00764555 
0.00633936 
0.00642056 
0.00817088 
0.00853077 
0.00730012 
0.00673846 
0.00832302 
0.00907425 
0.00923728 
0.0112752 
0.0082322 
0.00837905 
0.00688484 
0.00743385 
0.00798864 
0.008287 
0.00846102 
0.00734812 
0.00960819 
0.00944482 
0.00790208 
0.00904735 
0.00823041 
0.00769091 
0.00771185 
0.00909081 
0.00953056 
0.00938821 
0.00691668 
0.00643296 
0.00878623 
0.00731973 
0.00792785 
0.00683618 
0.00750318 
0.00727309 
0.0083067 
0.00874294 
0.0064045 
0.00705638 
0.0060631 
0.00712198 
0.00750727 
0.00666412 
0.00597066 
0.00743833 
0.00663737 
0.0072405 
0.00715069 
0.00801772 
0.00546894 
0.00602641 
0.00479054 
0.00657225 
0.00969626 
0.00734005 
0.00753721 
0.00604672 
0.0069274 
0.00608541 
0.00570315 
0.00660826 
0.00552649 
0.006339 
0.00594718 
0.00721918 
0.0083552 
0.00809862 
0.00634405 
0.00818881 
0.00648909 
0.00681604 
0.00582459 
0.00716996 
0.00734495 
0.00816019 
0.00653245 
0.00732032 
0.0091166 
0.00862973 
0.00787827 
0.00766152 
0.0078453 
0.00677724 
0.00550137 
0.00615339 
0.00665565 
0.00572594 
0.00728919 
0.00771865 
0.00731538 
0.00703989 
0.00965816 
0.00835255 
0.00885365 
0.00738844 
0.00846346 
0.00678275 
0.00797927 
0.00740832 
0.00973643 
0.00905949 
0.00852623 
0.00873481 
0.00693666 
0.00705224 
0.00732542 
0.00899202 
0.00692836 
0.00879523 
0.0094418 
0.00860254 
0.00867157 
0.00879343 
0.00860306 
0.00898334 
0.00998053 
0.0106125 
0.0106186 
0.00968074 
0.00842541 
0.00808458 
0.00769191 
0.00827958 
0.0088525 
0.00761983 
0.00960261 
0.0101637 
0.0106425 
0.011196 
0.00896585 
0.00873081 
0.00826888 
0.00866082 
0.00945222 
0.00900642 
0.0100176 
0.0100374 
0.0113211 
0.00954601 
0.0076615 
0.00737425 
0.00832915 
0.00843302 
0.0105125 
0.00878995 
0.00714843 
0.00798476 
0.00872277 
0.00708343 
0.00759573 
0.0100792 
0.00998131 
0.00875771 
0.0106775 
0.0114362 
0.012765 
0.0110422 
0.0123447 
0.011484 
0.0105198 
0.0100797 
0.0110847 
0.0130125 
0.0105516 
0.0109321 
0.00950025 
0.0106301 
0.00980835 
0.00814678 
0.0100037 
0.0142376 
0.0113981 
0.00952031 
0.00894361 
0.00954144 
0.00749698 
0.00768327 
0.00724129 
0.00796733 
0.00788136 
0.00736763 
0.00916592 
0.00793306 
0.00817324 
0.00824397 
0.0075115 
0.00764037 
0.00727917 
0.00809983 
0.0105545 
0.00921048 
0.00909022 
0.00795299 
0.00916052 
0.00778019 
0.00889181 
0.00940822 
0.0105 
0.00964396 
0.0102049 
0.0093022 
0.00908484 
0.0102197 
0.0100558 
0.0111197 
0.0111293 
0.00922889 
0.00986693 
0.0112113 
0.0095173 
0.00972676 
0.0103785 
0.0118603 
0.010959 
0.00817957 
0.0105171 
0.00950197 
0.0111551 
0.00837923 
0.00921818 
0.00835261 
0.00928912 
0.00891185 
0.0104525 
0.00814145 
0.00899032 
0.010863 
0.0113982 
0.0110332 
0.00951888 
0.00943745 
0.00951519 
0.0118068 
0.0105499 
0.0110542 
0.0115355 
0.0100652 
0.00895732 
0.0101988 
0.00821588 
0.0083064 
0.0110264 
0.0102499 
0.00792017 
0.0125522 
0.0104845 
0.0089203 
0.0110107 
0.0104752 
0.00940141 
0.00977998 
0.00756746 
0.0086498 
0.00887627 
0.0109361 
0.0101966 
0.0109349 
0.0104046 
0.0092581 
0.00943482 
0.0107487 
0.0110602 
0.0115116 
0.010901 
0.0119458 
0.0127206 
0.0105613 
0.0102813 
0.00994658 
0.0101793 
0.0118151 
0.0100448 
0.0102866 
0.00977769 
0.0102164 
0.00973729 
0.0104083 
0.0112073 
0.0121022 
0.0121805 
0.0126038 
0.0127964 
0.0125401 
0.0131614 
0.0119682 
0.0132839 
0.0118966 
0.013703 
0.0145922 
0.0132641 
0.0130418 
0.0132654 
0.0114516 
0.0116877 
0.011427 
0.010898 
0.00996159 
0.0100432 
0.0105651 
0.0126824 
0.0103287 
0.00952565 
0.0105494 
0.0104223 
0.00981038 
0.0104462 
0.0107334 
0.010023 
0.0111134 
0.0110993 
0.011519 
0.0124276 
0.0115431 
0.0107691 
0.013052 
0.0129448 
0.0147081 
0.0120801 
0.0123317 
0.0127747 
0.0115563 
0.0132086 
0.0110029 
0.0117702 
0.00923981 
0.0104478 
0.011141 
0.00933733 
0.00947071 
0.00995075 
0.0121849 
0.0112456 
0.011167 
0.0111216 
0.0113945 
0.0114958 
0.00915483 
0.0111913 
0.0114255 
0.0101802 
0.0096605 
0.00908378 
0.00992324 
0.00989156 
0.0127817 
0.00966458 
0.0102678 
0.0112053 
0.0125898 
0.0117465 
0.0129372 
0.0124692 
0.0130981 
0.0122459 
0.0124395 
0.0126542 
0.0134833 
0.0121822 
0.0141768 
0.0126399 
0.0126092 
0.0137378 
0.0139645 
0.0140866 
0.0120797 
0.0114914 
0.0121561 
0.0123792 
0.0126479 
0.0143026 
0.0136495 
0.013726 
0.0140051 
0.0166453 
0.0156857 
0.0148055 
0.0145511 
0.015463 
0.0149614 
0.014047 
0.014205 
0.0149436 
0.0148182 
0.0168125 
0.0162091 
0.0169607 
0.0159054 
0.0165735 
0.0145129 
0.0136611 
0.015893 
0.0167091 
0.0173087 
0.0154717 
0.0168002 
0.015804 
0.0156316 
0.0161479 
0.0148892 
0.0131539 
0.0133841 
0.0136063 
0.0137704 
0.0158668 
0.0139077 
0.0118466 
0.0143335 
0.0110928 
0.0115392 
0.0128996 
0.0117446 
0.010195 
0.0136777 
0.0146138 
0.0125946 
0.0141142 
0.0113941 
0.0107345 
0.0114857 
0.0130361 
0.0118111 
0.0152208 
0.0109609 
0.0116546 
0.0115471 
0.0112058 
0.0111648 
0.010903 
0.0123102 
0.012328 
0.0131303 
0.0138421 
0.0129675 
0.0126501 
0.0122938 
0.014199 
0.0125557 
0.0140902 
0.0148508 
0.0139247 
0.0137729 
0.013923 
0.013345 
0.0149227 
0.0130383 
0.013321 
0.0137849 
0.0129621 
0.0110751 
0.0114887 
0.0119481 
0.0128436 
0.0122706 
0.0121443 
0.0125278 
0.0115235 
0.0120586 
0.0111803 
0.0123645 
0.012601 
0.0141831 
0.013451 
0.0133499 
0.0123884 
0.01002 
0.0100841 
0.0119033 
0.0112725 
0.00939749 
0.0094626 
0.00909479 
0.0106325 
0.0110276 
0.0108328 
0.0118288 
0.0118958 
0.0127748 
0.0123947 
0.0118412 
0.0112756 
0.0102182 
0.013544 
0.012621 
0.00902947 
0.00836094 
0.00940191 
0.00962415 
0.0100153 
0.0092222 
0.0100992 
0.00924374 
0.0110744 
0.00975028 
0.00910846 
0.00717814 
0.00783948 
0.00823128 
0.00779515 
0.00742966 
0.00682323 
0.00845671 
0.00727522 
0.00690332 
0.00663646 
0.0065543 
0.0061406 
0.00649116 
0.00620769 
0.0062279 
0.00669492 
0.00649221 
0.00593843 
0.00592492 
0.00687906 
0.0058373 
0.00544676 
0.00536719 
0.0053599 
0.0047062 
0.00465082 
0.00509126 
0.00469845 
0.00488375 
0.00493905 
0.00529088 
0.00516415 
0.00567041 
0.0053686 
0.00567777 
0.00627986 
0.00609472 
0.00644493 
0.0061694 
0.00639646 
0.00662976 
0.00714801 
0.00615172 
0.00659781 
0.00697758 
0.00716938 
0.00673279 
0.00664305 
0.00660989 
0.00701065 
0.00603293 
0.00641406 
0.00610678 
0.0059714 
0.00633585 
0.00638552 
0.00607736 
0.00601569 
0.00589769 
0.00555239 
0.00565137 
0.00580386 
0.00656527 
0.00637424 
0.00693648 
0.0067478 
0.00635816 
0.00621109 
0.00583646 
0.00605017 
0.00641337 
0.00668292 
0.00663904 
0.00676317 
0.00582946 
0.00617296 
0.00673979 
0.00685374 
0.00679717 
0.00739942 
0.0067184 
0.0063304 
0.00657182 
0.00715548 
0.00652615 
0.00613157 
0.00551988 
0.00565429 
0.00496306 
0.00507248 
0.00509535 
0.00525435 
0.005416 
0.00558125 
0.00549629 
0.00592935 
0.00581699 
0.0058574 
0.00594606 
0.00667022 
0.0065767 
0.00614493 
0.00639062 
0.00659503 
0.0065681 
0.00662434 
0.00653034 
0.00701585 
0.00642439 
0.00699266 
0.00719864 
0.00690262 
0.00622275 
0.00627952 
0.0066669 
0.00609697 
0.00631082 
0.00614416 
0.00626892 
0.00562748 
0.00580472 
0.00562545 
0.00512745 
0.00517485 
0.00506634 
0.00521552 
0.00542191 
0.00528375 
0.00490304 
0.00456696 
0.00452008 
0.00456171 
0.00459432 
0.0045093 
0.00477576 
0.00426213 
0.0046299 
0.00467935 
0.00467754 
0.00487649 
0.00456497 
0.004219 
0.00409652 
0.00346712 
0.00362502 
0.00357165 
0.0033505 
0.00354315 
0.00304483 
0.00292387 
0.00281997 
0.00303417 
0.00313411 
0.00364636 
0.00401668 
0.00412288 
0.00428173 
0.00481752 
0.00456514 
0.00496382 
0.00526346 
0.0055174 
0.00531525 
0.00515034 
0.00583093 
0.00574925 
0.00568422 
0.00568737 
0.00510424 
0.00553642 
0.00538723 
0.00475587 
0.00466127 
0.00491614 
0.00490134 
0.00498088 
0.00502939 
0.00503127 
0.00459196 
0.00476806 
0.00513203 
0.00505986 
0.00502743 
0.00475636 
0.0046862 
0.00462742 
0.00476666 
0.00492183 
0.00494211 
0.00523069 
0.00546586 
0.00525645 
0.00573241 
0.00538344 
0.0056831 
0.00549338 
0.00552674 
0.00549659 
0.00538724 
0.00533795 
0.00537569 
0.00521588 
0.00505848 
0.0047631 
0.00455075 
0.00439708 
0.00394631 
0.00455792 
0.00470303 
0.00497015 
0.00495382 
0.00479053 
0.00503969 
0.00518049 
0.00469413 
0.00461036 
0.00444132 
0.00428581 
0.00443457 
0.00424689 
0.00384849 
0.00428963 
0.00424219 
0.00405727 
0.00411305 
0.00442157 
0.00433641 
0.00417247 
0.00417541 
0.00432259 
0.00420222 
0.00425643 
0.00418377 
0.00413429 
0.00401787 
0.00425419 
0.00408126 
0.00424923 
0.00418178 
0.00376991 
0.00393023 
0.00402411 
0.00407921 
0.00397558 
0.00416683 
0.00416871 
0.00451589 
0.00439657 
0.00403498 
0.00408052 
0.00391921 
0.00362044 
0.00376142 
0.00383395 
0.00363817 
0.00359374 
0.00396179 
0.00379095 
0.00383279 
0.00375895 
0.00360963 
0.00353529 
0.00363969 
0.00369114 
0.00408515 
0.00394661 
0.00395547 
0.00395045 
0.00431295 
0.00417813 
0.00440098 
0.00398811 
0.00419067 
0.00446853 
0.00449868 
0.00443402 
0.00423556 
0.0045266 
0.00475543 
0.00453957 
0.0042925 
0.00420711 
0.00434476 
0.00434078 
0.00400889 
0.00441852 
0.00468136 
0.00419785 
0.00449227 
0.00471076 
0.00482092 
0.00479784 
0.00424646 
0.00435288 
0.00478192 
0.00474846 
0.00459668 
0.00447812 
0.00430626 
0.00431059 
0.00433634 
0.00439547 
0.00432549 
0.00456526 
0.00452711 
0.00459237 
0.00457654 
0.00426478 
0.00444052 
0.00427794 
0.00428072 
0.00418767 
0.00398845 
0.00420819 
0.0040723 
0.00406233 
0.00414195 
0.00403607 
0.00407946 
0.00423507 
0.00382024 
0.00378597 
0.00417642 
0.00408298 
0.00394518 
0.00409482 
0.00429609 
0.00426675 
0.00424944 
0.00446796 
0.00456307 
0.0046007 
0.0042868 
0.00452724 
0.00447163 
0.00431097 
0.00420242 
0.00401966 
0.00402039 
0.00427377 
0.00432344 
0.00430973 
0.00419304 
0.00414634 
0.00399608 
0.0040929 
0.00402665 
0.00419989 
0.00409281 
0.00411187 
0.00403952 
0.00406793 
0.00416106 
0.00405964 
0.00416576 
0.00389012 
0.00385715 
0.00380933 
0.00412419 
0.00440079 
0.00468505 
0.00462329 
0.0048019 
0.00465573 
0.00467139 
0.00480318 
0.0042577 
0.00436769 
0.00451861 
0.00438911 
0.00448561 
0.00458193 
0.0044284 
0.00473753 
0.0045067 
0.00455211 
0.00456063 
0.00491611 
0.0047218 
0.00463874 
0.0043117 
0.00423183 
0.00409304 
0.00420449 
0.00391219 
0.00417272 
0.00396514 
0.00411705 
0.00416073 
0.0044832 
0.00443687 
0.00414746 
0.00399383 
0.0040732 
0.00444214 
0.00422032 
0.00416319 
0.00420403 
0.00396942 
0.00403994 
0.00420844 
0.004019 
0.0041099 
0.00396474 
0.00407974 
0.004051 
0.00437287 
0.00439687 
0.00442874 
0.00440997 
0.00422659 
0.00437269 
0.00416261 
0.00387423 
0.0040167 
0.00391138 
0.00368123 
0.00370955 
0.00365726 
0.00406301 
0.00379265 
0.0040023 
0.00392681 
0.00370045 
0.00362317 
0.0036492 
0.00363327 
0.00328212 
0.00329989 
0.00316656 
0.00331941 
0.0032913 
0.00316711 
0.00310311 
0.00315507 
0.00334461 
0.003203 
0.00322572 
0.00309604 
0.0029876 
0.00323722 
0.00351401 
0.00337116 
0.00294117 
0.00296279 
0.00328469 
0.00301052 
0.00287643 
0.00275075 
0.00273755 
0.00285216 
0.00298122 
0.0027985 
0.00265215 
0.00251851 
0.00256057 
0.00236015 
0.00252748 
0.00267427 
0.00272189 
0.00284574 
0.00283246 
0.00281541 
0.00290012 
0.00295628 
0.00298431 
0.00293755 
0.00293249 
0.00288665 
0.00297031 
0.00283385 
0.00281842 
0.00263178 
0.00274827 
0.00282885 
0.00286781 
0.00275819 
0.00280751 
0.00271981 
0.00274852 
0.00274597 
0.00287317 
0.0025676 
0.00268637 
0.00248316 
0.00253792 
0.00238183 
0.00236516 
0.00232058 
0.00232194 
0.00221854 
0.0022452 
0.00205539 
0.00195905 
0.00198893 
0.00187666 
0.001713 
0.00185738 
0.00171786 
0.00167176 
0.00165167 
0.00181333 
0.00187349 
0.00187079 
0.00187718 
0.00195316 
0.00197209 
0.00186437 
0.00181268 
0.00169492 
0.00172111 
0.00172839 
0.0017048 
0.00179307 
0.00175019 
0.00185483 
0.00180353 
0.00185992 
0.00172554 
0.00173505 
0.00172363 
0.00178347 
0.00180792 
0.00186423 
0.00174427 
0.00179125 
0.00181594 
0.00179851 
0.00173239 
0.00177663 
0.00195575 
0.00184875 
0.00205365 
0.00210679 
0.00218856 
0.00201411 
0.00182669 
0.0020032 
0.00209484 
0.00205272 
0.00203375 
0.00204337 
0.00202544 
0.00193532 
0.00199833 
0.00201725 
0.00204879 
0.00183602 
0.00198641 
0.00205169 
0.00222968 
0.00205236 
0.00210284 
0.00237904 
0.00237829 
0.00251847 
0.0023027 
0.00255547 
0.00230826 
0.00215608 
0.0020731 
0.00206175 
0.00227036 
0.00243521 
0.00248917 
0.00254239 
0.0024684 
0.00223205 
0.00207881 
0.00199166 
0.00217414 
0.0021021 
0.00188355 
0.00195365 
0.00205238 
0.0019112 
0.00208338 
0.00196314 
0.00193722 
0.00178899 
0.00201886 
0.00197797 
0.00184913 
0.00199495 
0.00190253 
0.00197154 
0.00189814 
0.00194751 
0.00189531 
0.00181357 
0.00174323 
0.00165204 
0.00172107 
0.00175478 
0.00152507 
0.00167396 
0.001591 
0.00150049 
0.00163303 
0.00167856 
0.00163304 
0.00162695 
0.00166791 
0.00160351 
0.00158418 
0.00180719 
0.00175682 
0.00175584 
0.00185435 
0.00163162 
0.00182077 
0.00215189 
0.00239203 
0.00226816 
0.00219213 
0.00228717 
0.00209637 
0.00225354 
0.00184448 
0.00195923 
0.00202128 
0.00182387 
0.00180491 
0.00166605 
0.00161192 
0.0015717 
0.00169117 
0.00179614 
0.0017308 
0.00168072 
0.001641 
0.0015884 
0.00150385 
0.00165681 
0.00167874 
0.00146125 
0.00132537 
0.00123555 
0.00131565 
0.00132142 
0.00136221 
0.00139854 
0.00132078 
0.00127498 
0.00119756 
0.00138191 
0.00148049 
0.00192836 
0.00172352 
0.00174243 
0.00152128 
0.00142053 
0.00136136 
0.00128815 
0.00132497 
0.00136058 
0.00141796 
0.00145481 
0.00151931 
0.00150228 
0.00159805 
0.00156407 
0.00152792 
0.00151575 
0.00140011 
0.00154659 
0.00134478 
0.00137017 
0.00122061 
0.00129944 
0.00126386 
0.00122908 
0.00122751 
0.00109048 
0.00100857 
0.00102916 
0.00112406 
0.0010517 
0.00101349 
0.00103067 
0.00111505 
0.00104365 
0.0010654 
0.00109855 
0.00112015 
0.0010951 
0.00101813 
0.00102939 
0.00103792 
0.000982848 
0.00102291 
0.000935644 
0.000957315 
0.000905823 
0.00101985 
0.00104348 
0.00105459 
0.000932956 
0.00098146 
0.000975429 
0.000986261 
0.00105239 
0.00102951 
0.00104085 
0.00105641 
0.00107881 
0.00113638 
0.00116975 
0.00119785 
0.0011533 
0.00108884 
0.00107478 
0.000975029 
0.000946647 
0.000884245 
0.000890715 
0.000894552 
0.000831138 
0.000941171 
0.000927073 
0.00103562 
0.00101303 
0.000977198 
0.00100874 
0.000999855 
0.000949105 
0.00100923 
0.00101984 
0.00105385 
0.00107749 
0.00112814 
0.00101508 
0.000957941 
0.00104083 
0.00103145 
0.00104986 
0.00104963 
0.00095596 
0.00107515 
0.000986202 
0.00108251 
0.00109819 
0.00109336 
0.00117998 
0.00112959 
0.00119019 
0.00102455 
0.00136133 
0.00122252 
0.000968684 
0.00112787 
0.000942018 
0.00084554 
0.000883604 
0.000845064 
0.000873246 
0.000906021 
0.000831468 
0.000786484 
0.000870368 
0.000806862 
0.000800727 
0.000742667 
0.000803994 
0.000786758 
0.000782109 
0.000802293 
0.000840275 
0.000943067 
0.000860567 
0.00082641 
0.000777845 
0.000792523 
0.000776434 
0.000748615 
0.000722871 
0.000699938 
0.000698536 
0.00071636 
0.000665118 
0.000668325 
0.000644181 
0.000739515 
0.000755137 
0.000687925 
0.000724187 
0.000745202 
0.000721889 
0.00084683 
0.000909803 
0.000872894 
0.000940174 
0.000842134 
0.000875113 
0.000823516 
0.000842712 
0.000824506 
0.000783255 
0.000869435 
0.000911865 
0.000797226 
0.000742377 
0.000732986 
0.00095773 
0.00089919 
0.000923128 
0.00100077 
0.00101854 
0.00098919 
0.00105535 
0.00093089 
0.00101707 
0.000962891 
0.00102745 
0.000978108 
0.00104331 
0.00102786 
0.00101769 
0.00103191 
0.00109441 
0.0011042 
0.00103405 
0.00110661 
0.0010335 
0.00105627 
0.00097622 
0.000993127 
0.000922873 
0.000951844 
0.000966624 
0.000967964 
0.000951523 
0.000991524 
0.000960662 
0.000935698 
0.000897087 
0.000887604 
0.00091005 
0.000969748 
0.000960642 
0.000943734 
0.000939622 
0.0010294 
0.00102215 
0.00101365 
0.000971124 
0.00102132 
0.000899766 
0.000944901 
0.000985603 
0.000886526 
0.000845773 
0.000887924 
0.000837042 
0.000806099 
0.000722709 
0.000762436 
0.000810258 
0.000809172 
0.000782974 
0.000855813 
0.000820359 
0.000819291 
0.000816947 
0.000879187 
0.000812288 
0.000994461 
0.00102955 
0.000991408 
0.000968303 
0.000972465 
0.00103436 
0.00109487 
0.00110918 
0.00114818 
0.0011209 
0.00127561 
0.0011447 
0.00110457 
0.00120458 
0.0011853 
0.00120402 
0.00138676 
0.00125642 
0.00125413 
0.0011359 
0.00109344 
0.00116651 
0.001074 
0.000994448 
0.000998731 
0.000956771 
0.00100863 
0.00106719 
0.000966177 
0.000951298 
0.000961701 
0.000918861 
0.000967364 
0.000991171 
0.00092693 
0.0010212 
0.000977233 
0.000922841 
0.000930414 
0.000933487 
0.000900493 
0.000965143 
0.000996928 
0.00104187 
0.000956563 
0.000931011 
0.000970244 
0.000924179 
0.00100375 
0.00105369 
0.0010828 
0.00102041 
0.00107364 
0.00105394 
0.00109184 
0.00110333 
0.00118033 
0.00110979 
0.0010481 
0.000967863 
0.0010085 
0.00105964 
0.00103703 
0.00103878 
0.0009487 
0.00102847 
0.00108278 
0.00100471 
0.00091549 
0.000921369 
0.000998438 
0.000842525 
0.000837046 
0.000892026 
0.000874087 
0.000772246 
0.000774241 
0.000763012 
0.000694106 
0.000823973 
0.000852454 
0.000798472 
0.000774108 
0.000848637 
0.00088531 
0.000947488 
0.000942394 
0.000860327 
0.000823708 
0.000802181 
0.000722589 
0.000746304 
0.000773704 
0.000783998 
0.000822139 
0.000751004 
0.000761115 
0.000922495 
0.000990193 
0.00106691 
0.00106753 
0.000972005 
0.000935238 
0.000930441 
0.000940933 
0.000940566 
0.000982169 
0.00102359 
0.00100847 
0.00096127 
0.0009522 
0.0010005 
0.000981152 
0.0010239 
0.000994108 
0.000953417 
0.000958925 
0.000943041 
0.000978599 
0.000935055 
0.00099402 
0.000934768 
0.000905 
0.000957313 
0.000870844 
0.000742068 
0.000868161 
0.000950936 
0.000901569 
0.00100736 
0.00103179 
0.00100223 
0.000900265 
0.00086898 
0.00083249 
0.000773538 
0.000782119 
0.000784436 
0.000754514 
0.000766425 
0.000751241 
0.000747321 
0.0007842 
0.00071858 
0.000654679 
0.000631337 
0.000651179 
0.000682946 
0.000819364 
0.000771563 
0.000814406 
0.000750407 
0.000768532 
0.000886419 
0.000839401 
0.000820553 
0.000758002 
0.000697055 
0.000728769 
0.000715495 
0.000700764 
0.000629194 
0.000590105 
0.000522817 
0.000456412 
0.000487661 
0.000528551 
0.000470679 
0.000431143 
0.000417082 
0.000381189 
0.000357834 
0.000501845 
0.000517065 
0.000670169 
0.000672019 
0.000623291 
0.000590638 
0.000595562 
0.000601776 
0.00052475 
0.000422 
0.000440549 
0.000402681 
0.000297065 
0.000354767 
0.00032104 
0.000295712 
0.000330593 
0.000306493 
0.000351378 
0.000323251 
0.000250874 
0.000256767 
0.000267919 
0.00028074 
0.000307377 
0.000295904 
0.000260449 
0.000294493 
0.000311298 
0.000276937 
0.000277633 
0.000259949 
0.00023744 
0.000240442 
0.000275125 
0.000363873 
0.000363943 
0.000490508 
0.000536874 
0.000569064 
0.000579337 
0.000609634 
0.000636869 
0.000644738 
0.000749725 
0.000656512 
0.000695481 
0.000630805 
0.000654877 
0.000601335 
0.000598383 
0.00056232 
0.000548941 
0.000487148 
0.000511609 
0.000511694 
0.000594255 
0.000547352 
0.000698437 
0.000671143 
0.000587098 
0.000486614 
0.000595481 
0.000663418 
0.000705409 
0.000658116 
0.000723233 
0.000584819 
0.000485552 
0.000497124 
0.000488036 
0.000491024 
0.00046111 
0.000444684 
0.000402475 
0.000460017 
0.000388443 
0.000337628 
0.000291256 
0.000287971 
0.000282379 
0.000341151 
0.000328082 
0.000317818 
0.000359846 
0.000368198 
0.000315537 
0.000280704 
0.000383306 
0.000306905 
0.000299216 
0.000248848 
0.000315687 
0.000288467 
0.000281826 
0.000263059 
0.000214709 
0.00022445 
0.000198214 
0.000208686 
0.000178855 
0.000149331 
0.000164997 
0.000138756 
0.000147881 
0.000116417 
0.000178765 
0.00013717 
0.00011256 
0.000144762 
0.00015092 
0.00014783 
0.000170505 
0.000190668 
0.000214249 
0.000206716 
0.000188799 
0.00014537 
0.000172872 
0.000129495 
0.000110377 
9.32629e-05 
6.61419e-05 
6.38372e-05 
5.95226e-05 
0.000107361 
0.000217383 
0.000130483 
0.000113405 
9.06205e-05 
7.66271e-05 
6.63433e-05 
8.88561e-05 
5.54946e-05 
9.58557e-05 
0.000121857 
8.03169e-05 
7.86308e-05 
0.000105305 
9.97524e-05 
8.07884e-05 
6.83847e-05 
8.2209e-05 
9.29539e-05 
9.857e-05 
0.000109022 
0.000166481 
0.000192775 
0.000233526 
0.000180365 
0.00024971 
0.000258451 
0.000271509 
0.000277811 
0.000249556 
0.000307663 
0.000299163 
0.000501159 
0.000509141 
0.000348447 
0.000220299 
0.00024189 
0.000247425 
0.000295881 
0.000275947 
0.000291474 
0.000394624 
0.000379778 
0.000293291 
0.000291077 
0.000296615 
0.000214531 
0.00017422 
0.000177925 
0.000116239 
0.000105228 
0.000114762 
7.82693e-05 
9.9183e-05 
0.00010229 
8.53238e-05 
8.61912e-05 
8.29568e-05 
9.17107e-05 
0.00010654 
0.0001568 
0.000124076 
8.85319e-05 
0.000102121 
0.000128516 
0.000120119 
0.000102627 
0.000109975 
9.79987e-05 
7.38647e-05 
0.000103201 
8.98465e-05 
9.75727e-05 
8.3944e-05 
8.64912e-05 
0.000108403 
8.2935e-05 
8.52952e-05 
8.57583e-05 
8.41596e-05 
0.00010982 
0.0001202 
8.44578e-05 
8.61757e-05 
0.000123738 
0.000100906 
8.65765e-05 
0.000112258 
0.000141769 
0.000160851 
0.000181538 
0.000189132 
0.000249374 
0.000218573 
0.000283301 
0.000265645 
0.000221452 
0.000187622 
0.000263852 
0.000375472 
0.000324444 
0.000367025 
0.000595599 
0.000531186 
0.000430349 
0.000589451 
0.000498141 
0.000575882 
0.000763097 
0.00107948 
0.0008883 
0.00070473 
0.000967765 
0.00113753 
0.00138649 
0.00134568 
0.00113756 
0.00107925 
0.00120243 
0.0013515 
0.00163719 
0.00140573 
0.00147081 
0.000959308 
0.000805473 
0.000771436 
0.00080468 
0.000825306 
0.000918009 
0.000696666 
0.000622336 
0.000571599 
0.000551144 
0.000614266 
0.000592107 
0.000542589 
0.000527596 
0.000610978 
0.00067028 
0.00063085 
0.000678945 
0.000630523 
0.000726724 
0.000852727 
0.000705095 
0.000762557 
0.000765517 
0.000909978 
0.000984889 
0.000982691 
0.000808931 
0.0008136 
0.00084488 
0.000809606 
0.000716687 
0.000685156 
0.000657742 
0.00064778 
0.000616685 
0.000733744 
0.000688569 
0.000618362 
0.000636128 
0.000502976 
0.00048087 
0.000621686 
0.000569263 
0.000569065 
0.000499687 
0.000519831 
0.000480843 
0.000486735 
0.000444384 
0.000401189 
0.000445791 
0.000541632 
0.000510279 
0.000539203 
0.000545088 
0.000627116 
0.000571652 
0.000601143 
0.000626794 
0.000576736 
0.00051138 
0.000548908 
0.000354888 
0.000387166 
0.000438485 
0.000340243 
0.000365914 
0.000314791 
0.000275713 
0.000268504 
0.000235237 
0.000302769 
0.000302482 
0.0003037 
0.00022488 
0.000221927 
0.000249061 
0.000329124 
0.000265908 
0.00029515 
0.000216291 
0.000275717 
0.000232132 
0.000236514 
0.000186127 
0.000242698 
0.000261474 
0.000275256 
0.000266486 
0.000302739 
0.000346162 
0.000345831 
0.000327362 
0.000402245 
0.000374171 
0.00050264 
0.00051049 
0.000473643 
0.000390839 
0.000413287 
0.000443834 
0.000455554 
0.000481254 
0.000578885 
0.000680531 
0.000818082 
0.000643066 
0.000662407 
0.000609404 
0.000557716 
0.000542668 
0.00050386 
0.00044953 
0.000516671 
0.000585738 
0.000608621 
0.000639277 
0.00059436 
0.000695866 
0.000632971 
0.000682096 
0.000594163 
0.000673369 
0.000694288 
0.000574957 
0.000543698 
0.000527986 
0.000493637 
0.000505695 
0.000557625 
0.000682725 
0.000488105 
0.000439015 
0.00043393 
0.000355611 
0.000480353 
0.000360902 
0.000473312 
0.000479834 
0.000350892 
0.000375101 
0.000344654 
0.000284017 
0.000257567 
0.000274738 
0.000285439 
0.000274621 
0.000271342 
0.000294026 
0.000304446 
0.000278581 
0.00031272 
0.000279855 
0.000218841 
0.000297387 
0.000300119 
0.000276328 
0.000283023 
0.000228271 
0.000245443 
0.000295128 
0.000330841 
0.00032915 
0.000259041 
0.0002021 
0.000223882 
0.000290724 
0.000302189 
0.000292336 
0.00018722 
0.000197781 
0.000164276 
0.000194861 
0.000190999 
0.000232414 
0.000219788 
0.000229699 
0.000169762 
9.45656e-05 
7.26405e-05 
3.79559e-05 
2.78763e-05 
1.06051e-05 
2.25607e-06 
1.40858e-07 
2.38743e-07 
1.39775e-05 
4.00801e-07 
8.5845e-09 
2.40971e-06 
4.32526e-06 
1.73599e-06 
1.18809e-05 
5.82994e-05 
5.23719e-06 
1.31253e-05 
1.8413e-06 
3.52741e-07 
6.54887e-07 
5.17069e-06 
1.22141e-06 
6.66725e-07 
1.88203e-07 
1.97832e-07 
6.17707e-07 
4.65848e-06 
2.80723e-05 
3.44936e-05 
5.52632e-05 
5.46402e-05 
7.13525e-05 
6.61111e-05 
8.1144e-05 
8.2159e-05 
3.61062e-05 
3.08999e-05 
5.51817e-05 
5.01422e-05 
4.63204e-05 
2.28532e-05 
2.32983e-05 
1.85102e-05 
5.51295e-06 
3.26173e-05 
2.24307e-05 
2.39384e-05 
1.97514e-05 
1.54484e-05 
2.91559e-05 
6.32473e-05 
3.6092e-05 
9.6746e-06 
1.26446e-05 
2.47231e-05 
4.5768e-05 
2.7007e-05 
3.46277e-05 
3.51549e-05 
6.60604e-05 
4.15738e-05 
2.43743e-05 
3.74512e-05 
1.24488e-05 
6.36186e-06 
3.07412e-05 
1.32262e-05 
7.6872e-08 
2.07713e-06 
3.93476e-06 
7.58089e-07 
1.91153e-06 
4.94355e-06 
3.98543e-06 
7.13707e-06 
1.30884e-05 
1.81357e-05 
2.77699e-05 
6.8006e-06 
1.45763e-05 
5.73386e-05 
5.85396e-05 
6.38167e-05 
6.20843e-05 
4.46624e-05 
1.86739e-05 
2.33137e-06 
3.91328e-06 
0 
0 
2.96803e-05 
1.41831e-05 
1.39754e-06 
7.12032e-06 
8.90862e-06 
7.74086e-06 
0 
5.47397e-05 
1.92166e-05 
6.46576e-05 
5.99727e-05 
1.68784e-06 
2.22286e-07 
4.6484e-07 
7.97816e-06 
6.84247e-06 
2.63358e-05 
1.00338e-05 
6.34584e-06 
0 
3.53062e-06 
0 
0 
3.54738e-06 
3.7929e-07 
0 
1.50245e-07 
1.72385e-06 
4.46364e-06 
0 
0 
2.43569e-09 
1.48396e-05 
7.89268e-05 
4.61372e-05 
9.00401e-05 
0.000232866 
0.00024821 
0.000221586 
0.000185493 
0.000212153 
0.000195552 
0.000351821 
0.000278404 
0.000395207 
0.000526817 
0.000258693 
0.00025909 
0.00032668 
0.000458885 
0.000338127 
0.000490885 
0.000589243 
0.000568393 
0.00054261 
0.000618983 
0.000422106 
0.000536201 
0.000350142 
0.000380442 
0.000371419 
0.000278427 
9.17457e-05 
7.92647e-06 
1.88702e-06 
0 
3.07301e-07 
1.59844e-06 
2.43478e-06 
3.69449e-06 
9.65002e-07 
4.36116e-06 
7.66414e-06 
2.9502e-05 
8.39297e-05 
7.15194e-05 
5.25862e-06 
1.82657e-05 
2.32343e-05 
8.0843e-06 
6.00967e-06 
2.36647e-05 
3.45878e-05 
1.60516e-05 
1.78354e-05 
3.00941e-05 
9.86866e-06 
3.0817e-05 
2.49601e-05 
2.15216e-05 
5.78995e-05 
4.50645e-05 
2.56424e-05 
3.65201e-05 
0.000103144 
8.68327e-05 
9.04808e-05 
4.04114e-05 
5.79163e-05 
5.17524e-05 
3.94221e-05 
1.46486e-05 
4.15564e-05 
7.46469e-05 
2.52345e-05 
5.73864e-06 
1.47193e-05 
2.92416e-06 
3.62594e-06 
9.69982e-06 
9.7181e-06 
3.95644e-06 
2.53452e-06 
0 
0 
1.95929e-05 
5.53674e-06 
9.02215e-06 
1.07797e-07 
7.69663e-07 
3.45742e-06 
9.18513e-06 
5.87612e-06 
3.80108e-05 
9.64809e-05 
9.29697e-05 
0.000117036 
0.00010568 
9.25765e-05 
0.000119447 
0.000182147 
0.000135337 
0.000102225 
9.6576e-05 
7.50319e-05 
7.05575e-05 
7.6339e-05 
3.88963e-05 
4.24598e-05 
4.79238e-05 
3.46219e-05 
3.25687e-05 
3.79872e-05 
3.1353e-05 
4.48071e-05 
4.42165e-05 
3.38347e-05 
3.14983e-05 
3.80287e-05 
3.17441e-05 
4.5226e-05 
2.10063e-05 
1.73326e-05 
1.67787e-05 
1.45383e-05 
1.39921e-05 
2.51437e-05 
2.33544e-05 
3.26569e-05 
4.61267e-05 
1.52769e-05 
1.00002e-05 
6.21199e-06 
6.70758e-06 
4.73623e-06 
1.40017e-05 
1.59542e-05 
1.89845e-05 
2.37226e-05 
3.0217e-05 
1.13657e-05 
5.54762e-06 
1.61669e-05 
1.55857e-06 
3.11837e-06 
5.40823e-06 
1.63612e-06 
0 
2.39025e-05 
2.36066e-06 
1.71833e-07 
1.00419e-06 
0 
1.16334e-06 
1.19273e-07 
1.35909e-06 
2.10654e-06 
4.28825e-07 
3.46766e-06 
3.97249e-05 
8.49327e-07 
1.12125e-06 
3.10833e-06 
1.09485e-06 
5.60706e-07 
1.15811e-06 
6.23336e-07 
4.92818e-06 
2.24617e-06 
3.96925e-06 
5.06948e-05 
6.34857e-05 
0.000135347 
0.000133881 
0.000118477 
9.73679e-05 
6.25142e-05 
4.38207e-05 
3.61314e-05 
8.47038e-05 
8.95421e-05 
0.000189214 
0.000172734 
0.000234713 
0.000236472 
0.000211274 
0.000317023 
0.000274189 
0.000307728 
0.000383312 
0.000441197 
0.000295934 
0.000546426 
0.000538674 
0.000445413 
0.000385627 
0.000473567 
0.000457632 
0.0002744 
0.000193209 
0.000233566 
0.000194749 
0.000127887 
0.000157904 
8.98594e-05 
8.61519e-05 
9.11753e-05 
9.50395e-05 
6.83818e-05 
3.59767e-05 
2.88746e-05 
2.55596e-05 
5.28013e-05 
7.58125e-05 
3.60362e-05 
0.000105825 
6.39541e-05 
0.000131611 
0.000302977 
0.000134065 
0.000118251 
0.000308414 
0.000320188 
0.000174848 
0.000260065 
0.000302251 
0.000496774 
0.000352703 
0.000203488 
0.000163154 
0.00017229 
8.08888e-05 
8.43714e-05 
8.51062e-05 
7.82454e-05 
3.52202e-05 
2.92988e-05 
2.80933e-05 
2.98706e-05 
4.06787e-05 
7.46319e-05 
0.000386325 
0.000109103 
7.10035e-05 
7.68878e-05 
9.6939e-05 
8.73602e-05 
5.81838e-05 
5.20816e-05 
0.000110388 
4.4253e-05 
4.10825e-05 
4.83137e-05 
4.99977e-05 
4.85274e-05 
6.26179e-05 
0.000178903 
0.000134988 
9.94372e-05 
0.000179359 
0.000206064 
0.000246866 
0.000239738 
0.000256181 
0.000188307 
0.000215377 
0.000205088 
0.000208482 
0.000203974 
0.000209154 
0.0001984 
0.000209092 
0.000232092 
0.000266554 
0.000256655 
0.000330385 
0.00039827 
0.000323038 
0.000327703 
0.000328456 
0.000317262 
0.000283208 
0.000327246 
0.000259422 
0.000250776 
0.000262917 
0.000263295 
0.000236753 
0.000245902 
0.000255473 
0.000251458 
0.000247783 
0.000264537 
0.000315913 
0.000360971 
0.000372223 
0.000378802 
0.00028748 
0.00031385 
0.000291972 
0.000324101 
0.000230563 
0.000244941 
0.000217573 
0.000170925 
0.000151733 
0.000188634 
0.000224037 
9.65163e-05 
8.77156e-05 
0.000100716 
0.000109041 
0.000107451 
0.000124879 
0.00011959 
0.000139226 
0.000152718 
0.000147407 
0.000130125 
0.000121802 
0.000127885 
0.000146573 
0.000137541 
0.000129311 
0.000127234 
0.000167497 
0.000118645 
0.000133376 
0.000148112 
0.000141716 
0.000179957 
0.000175113 
0.000164796 
0.000139491 
0.00013077 
0.000141028 
9.68386e-05 
9.04791e-05 
9.20084e-05 
8.53276e-05 
9.4041e-05 
8.44909e-05 
7.46768e-05 
6.7045e-05 
6.59639e-05 
5.83389e-05 
6.36861e-05 
0.000131632 
0.000112338 
6.72132e-05 
6.50651e-05 
8.78173e-05 
5.30215e-05 
5.65657e-05 
5.38797e-05 
5.48246e-05 
4.86054e-05 
4.4622e-05 
4.81602e-05 
5.00807e-05 
4.94808e-05 
4.70788e-05 
4.51479e-05 
4.87695e-05 
4.93973e-05 
4.96743e-05 
5.04314e-05 
8.83497e-05 
7.54207e-05 
6.83259e-05 
5.79413e-05 
6.50755e-05 
7.81762e-05 
8.75958e-05 
9.56096e-05 
0.000111689 
0.000109819 
9.44704e-05 
0.000111682 
0.000132656 
0.000111247 
0.000113091 
0.000130192 
0.000141441 
0.000165155 
0.000267798 
0.000357123 
0.00024218 
0.000179487 
0.000235569 
0.00015459 
0.000108712 
9.2159e-05 
0.000101786 
0.000112263 
0.000106547 
9.13895e-05 
8.21734e-05 
0.000112345 
0.000132406 
0.000124941 
0.000102387 
0.000120992 
0.000153377 
0.000108459 
0.000146712 
0.000203008 
0.000277505 
0.000190169 
0.000246524 
0.000222157 
0.000227476 
0.000223939 
0.000204383 
0.000236362 
0.000213347 
0.000229613 
0.000182613 
0.000152561 
0.000169586 
0.000152716 
0.000183722 
0.000227249 
0.000240316 
0.000219477 
0.000227324 
0.000230512 
0.000262963 
0.000205033 
0.000248116 
0.000269937 
0.000289583 
0.000265548 
0.000290265 
0.000262141 
0.000318555 
0.000282603 
0.000245839 
0.000221411 
0.00018692 
0.00020744 
0.000191772 
0.000167568 
0.000185271 
0.000208709 
0.000190371 
0.000189251 
0.000207234 
0.000239497 
0.000215521 
0.000177164 
0.000202896 
0.000221086 
0.000219294 
0.000292289 
0.000241217 
0.000228154 
0.000193054 
0.000217028 
0.000232316 
0.000226893 
0.000246702 
0.000284133 
0.00034144 
0.000357876 
0.000391503 
0.00041672 
0.000357549 
0.000375968 
0.000381913 
0.00034721 
0.000404412 
0.000473145 
0.000665861 
0.000701774 
0.000839569 
0.000845784 
0.000889816 
0.00097656 
0.00101781 
0.000874302 
0.000976914 
0.000901326 
0.000805976 
0.000761784 
0.000821 
0.000897804 
0.000723778 
0.000868016 
0.000840002 
0.000834355 
0.000826269 
0.000834108 
0.000953402 
0.00111657 
0.000962478 
0.000901154 
0.000849019 
0.000702367 
0.000755183 
0.000961182 
0.000758054 
0.000835709 
0.000816156 
0.000876216 
0.000905084 
0.00109918 
0.00105133 
0.000956103 
0.00091304 
0.000878147 
0.000737981 
0.000748741 
0.000959974 
0.00100957 
0.00110203 
0.00100162 
0.000798345 
0.000806183 
0.000779397 
0.000710868 
0.000681529 
0.000677261 
0.000619546 
0.000615156 
0.000584602 
0.000671486 
0.000627979 
0.000679881 
0.000705429 
0.000672087 
0.000665896 
0.000750782 
0.00078238 
0.00078367 
0.000820401 
0.0008604 
0.000857535 
0.000918817 
0.000940711 
0.000949574 
0.000963256 
0.000885739 
0.00091752 
0.00135429 
0.00115669 
0.000895153 
0.000973564 
0.000989144 
0.00094075 
0.000944453 
0.000938597 
0.00100488 
0.000991306 
0.000969462 
0.000898525 
0.00092697 
0.000916199 
0.000925797 
0.000921094 
0.000879618 
0.00101021 
0.0009412 
0.000932743 
0.000943069 
0.000938408 
0.000951246 
0.000967932 
0.000942225 
0.00105946 
0.00102668 
0.00102391 
0.000991691 
0.00103263 
0.00095842 
0.000950204 
0.0011826 
0.0013853 
0.00124779 
0.00131776 
0.00184519 
0.00119428 
0.00129261 
0.00135925 
0.00138079 
0.00137171 
0.00158286 
0.0015622 
0.00135561 
0.00118165 
0.00139109 
0.00167547 
0.00171996 
0.0016163 
0.00146647 
0.0017989 
0.00172768 
0.00170428 
0.00174422 
0.0022113 
0.00185384 
0.00156231 
0.00179618 
0.00164451 
0.00172925 
0.00170063 
0.00189248 
0.00197305 
0.00240478 
0.00222316 
0.00242931 
0.00246075 
0.00205722 
0.00227878 
0.00260065 
0.00294791 
0.00355999 
0.00400784 
0.00355525 
0.00360441 
0.00287449 
0.00296313 
0.00249304 
0.00240947 
0.00250105 
0.0022263 
0.0025469 
0.0030168 
0.00293526 
0.00288865 
0.00273891 
0.00270163 
0.00265963 
0.0027355 
0.00276952 
0.00292288 
0.00290887 
0.00286179 
0.0026428 
0.0030307 
0.00296795 
0.00290772 
0.00322834 
0.00288127 
0.00258012 
0.00256785 
0.00242817 
0.00209404 
0.00222273 
0.00220129 
0.00211726 
0.00224006 
0.00271769 
0.00215486 
0.0021694 
0.00224562 
0.00226413 
0.00218935 
0.00235703 
0.00231984 
0.00218698 
0.00216209 
0.00215873 
0.00212239 
0.00230082 
0.00231326 
0.00218166 
0.00218114 
0.0021048 
0.00201802 
0.00207769 
0.00190789 
0.00185551 
0.00196188 
0.00199145 
0.00179627 
0.00188371 
0.00196758 
0.002057 
0.00202521 
0.00202808 
0.0021422 
0.00245454 
0.00238473 
0.00232615 
0.00207004 
0.00207312 
0.00185766 
0.00193499 
0.00190641 
0.00196556 
0.00196374 
0.00219064 
0.00216493 
0.00217509 
0.00214614 
0.00217348 
0.00230165 
0.0022241 
0.00206426 
0.00224049 
0.0021845 
0.00215402 
0.00231544 
0.00234492 
0.00229544 
0.00229079 
0.0022026 
0.00228661 
0.00233377 
0.00248159 
0.00210356 
0.00203672 
0.00206052 
0.00196957 
0.00199934 
0.00197108 
0.00205354 
0.00192507 
0.00195406 
0.0018361 
0.0018628 
0.00180671 
0.00168699 
0.00173323 
0.00173189 
0.00195233 
0.00199106 
0.00188034 
0.00178085 
0.00181955 
0.00191565 
0.00181631 
0.00187945 
0.00183418 
0.00163854 
0.00170694 
0.00171273 
0.00167159 
0.00164913 
0.00171027 
0.00157516 
0.00167287 
0.00157867 
0.00173993 
0.00167242 
0.00168451 
0.00169303 
0.00167764 
0.00163503 
0.0016557 
0.00146574 
0.00151442 
0.0014139 
0.00149213 
0.0015716 
0.00172241 
0.00159264 
0.00165241 
0.00169522 
0.00169397 
0.00167219 
0.00166629 
0.00171694 
0.00174605 
0.00163035 
0.00162984 
0.00156694 
0.00158058 
0.00154215 
0.00158321 
0.00162065 
0.00161255 
0.00158083 
0.00162207 
0.00163986 
0.00163129 
0.00153885 
0.00172524 
0.00184222 
0.00179171 
0.00195812 
0.00164646 
0.00206368 
0.002258 
0.00219072 
0.00216272 
0.00219547 
0.00220487 
0.00200854 
0.00217263 
0.0023414 
0.00214321 
0.00197956 
0.00197654 
0.00213364 
0.00227989 
0.00239214 
0.00210593 
0.00189159 
0.00164457 
0.00167008 
0.00176952 
0.0019372 
0.0018212 
0.00179533 
0.00187317 
0.00185516 
0.00214755 
0.00227498 
0.00238526 
0.00261031 
0.00254143 
0.0026784 
0.00250833 
0.00281472 
0.00308563 
0.00300912 
0.00280667 
0.00282988 
0.00269007 
0.00289099 
0.00283749 
0.00286924 
0.00273991 
0.00296745 
0.00308767 
0.00299675 
0.0032614 
0.00342124 
0.00345757 
0.00302185 
0.00330215 
0.00330447 
0.00352604 
0.00368969 
0.00361487 
0.00362744 
0.00326709 
0.0035072 
0.00348605 
0.00356844 
0.00390386 
0.00413579 
0.00387557 
0.00355916 
0.00321165 
0.00294015 
0.00257487 
0.00266446 
0.00234692 
0.00229672 
0.00221077 
0.00242546 
0.0026626 
0.00257251 
0.00270022 
0.00279015 
0.00272863 
0.0024298 
0.00254813 
0.00262172 
0.00298892 
0.00285056 
0.00284599 
0.00262221 
0.00271171 
0.00286664 
0.00258977 
0.00218749 
0.00227122 
0.00241222 
0.00203597 
0.00224554 
0.00238534 
0.00237451 
0.00192945 
0.00168029 
0.00190766 
0.00231922 
0.00211318 
0.00202351 
0.00221302 
0.00198458 
0.00210114 
0.00208486 
0.00184863 
0.0015564 
0.00143491 
0.00148219 
0.00169301 
0.00159122 
0.00169506 
0.00179442 
0.00191066 
0.00174994 
0.00147192 
0.00139144 
0.00164607 
0.00177499 
0.00214787 
0.00199611 
0.00217627 
0.00187769 
0.00214222 
0.00205117 
0.00176071 
0.00188327 
0.00199861 
0.00219511 
0.00205705 
0.00211297 
0.00228847 
0.00254238 
0.00254988 
0.00201582 
0.00197456 
0.00224339 
0.00184354 
0.00181482 
0.00168703 
0.00152672 
0.00147034 
0.00148033 
0.00150137 
0.00114251 
0.00120942 
0.00108421 
0.000815035 
0.000941692 
0.000840063 
0.00111789 
0.0013845 
0.00119266 
0.00117806 
0.00154516 
0.00169708 
0.00235933 
0.00216036 
0.00212786 
0.00246205 
0.00264511 
0.00231251 
0.00202073 
0.00260432 
0.00341163 
0.00304403 
0.0030072 
0.00294537 
0.00276543 
0.00310271 
0.00293238 
0.00316044 
0.00274557 
0.00265083 
0.00277919 
0.00280901 
0.00220279 
0.00183402 
0.00181676 
0.00172385 
0.00184114 
0.00156907 
0.00181586 
0.00171404 
0.00160091 
0.00137186 
0.00125304 
0.00140999 
0.00149124 
0.00139596 
0.00143039 
0.00131474 
0.00141076 
0.00156141 
0.00139778 
0.00124362 
0.00111152 
0.00122259 
0.00140461 
0.00150472 
0.00137873 
0.00111375 
0.00109598 
0.00108943 
0.00112341 
0.00102668 
0.00101357 
0.00100117 
0.000893919 
0.00136309 
0.00140111 
0.00161223 
0.00137322 
0.00154653 
0.00152676 
0.00167775 
0.00171857 
0.00122789 
0.00131852 
0.00140919 
0.00126612 
0.00118933 
0.00143838 
0.00120662 
0.00122514 
0.00119537 
0.00116246 
0.00131107 
0.00103934 
0.000819882 
0.000754894 
0.00082589 
0.000713762 
0.000596535 
0.000596357 
0.000630875 
0.000692465 
0.000596739 
0.000586015 
0.000655151 
0.000733092 
0.00080948 
0.00076568 
0.000857898 
0.00103006 
0.00106787 
0.00117762 
0.00126112 
0.00146643 
0.00136812 
0.00124484 
0.00128983 
0.00135175 
0.00121732 
0.00128621 
0.00123172 
0.00134832 
0.00134142 
0.00140484 
0.0015282 
0.00156403 
0.00136934 
0.00136504 
0.00171216 
0.00153677 
0.00135524 
0.00125845 
0.00151506 
0.00153516 
0.00137929 
0.00126226 
0.0011563 
0.00122728 
0.00112425 
0.00110192 
0.00104843 
0.000871079 
0.000989968 
0.00109322 
0.000935152 
0.000999795 
0.000836465 
0.000761985 
0.00079225 
0.000745586 
0.000723137 
0.000791624 
0.000902052 
0.000828723 
0.000755709 
0.000667964 
0.000678941 
0.000690821 
0.000798699 
0.000832393 
0.000912926 
0.000909786 
0.00101636 
0.000968427 
0.00102069 
0.000995728 
0.000934822 
0.000872614 
0.000745057 
0.00081407 
0.000925202 
0.000823121 
0.000946039 
0.000905894 
0.000821332 
0.000842181 
0.000873483 
0.00097402 
0.000848438 
0.000934872 
0.000980905 
0.00103717 
0.00108825 
0.00100331 
0.00110539 
0.00112835 
0.00112751 
0.00134501 
0.00139118 
0.00135074 
0.00123157 
0.00126029 
0.00124164 
0.00134029 
0.00143019 
0.00149524 
0.00172291 
0.00167649 
0.00169686 
0.00173837 
0.00180521 
0.00187136 
0.00195841 
0.00199952 
0.00213362 
0.00210136 
0.00191278 
0.00190852 
0.00183189 
0.00183432 
0.00194423 
0.00177289 
0.00174142 
0.00180599 
0.00191895 
0.00189534 
0.00180812 
0.00170636 
0.00181279 
0.00169345 
0.00176486 
0.00172072 
0.00190304 
0.0018439 
0.00180819 
0.00198342 
0.0019684 
0.00191527 
0.00202493 
0.00188654 
0.00183307 
0.00186459 
0.00178659 
0.00178096 
0.00186677 
0.00177601 
0.0018791 
0.00188044 
0.00196558 
0.00192572 
0.00194067 
0.00185485 
0.00191231 
0.00200663 
0.00200488 
0.00195248 
0.00195239 
0.00183212 
0.00181066 
0.00182334 
0.00173732 
0.00178053 
0.00147746 
0.00165107 
0.0016728 
0.00162613 
0.00158711 
0.00148878 
0.00146309 
0.00135682 
0.00132934 
0.00129718 
0.0011779 
0.00120775 
0.00150068 
0.00148567 
0.00130348 
0.00125575 
0.00114342 
0.00108338 
0.00111044 
0.00120341 
0.0011861 
0.00120147 
0.00110636 
0.00115914 
0.00118826 
0.0012662 
0.00124566 
0.00116117 
0.00120263 
0.00139926 
0.0015169 
0.00131528 
0.00147121 
0.00152315 
0.00149287 
0.00149236 
0.00152851 
0.0014644 
0.00142447 
0.00143062 
0.0013579 
0.00146119 
0.0015141 
0.00147352 
0.00139345 
0.00140269 
0.00137004 
0.00119675 
0.00120941 
0.00122963 
0.0012727 
0.00120164 
0.00142061 
0.00155628 
0.00155502 
0.00168985 
0.00132427 
0.00138382 
0.00138431 
0.00143103 
0.00128731 
0.00133585 
0.00146123 
0.00153121 
0.00145605 
0.0014271 
0.00138623 
0.00141944 
0.00158046 
0.0015608 
0.00147587 
0.00154091 
0.00151494 
0.00147317 
0.00148714 
0.00146927 
0.00133624 
0.00134975 
0.00147802 
0.00153383 
0.00165629 
0.00167968 
0.00163001 
0.00161669 
0.001649 
0.00165835 
0.0015426 
0.00155042 
0.00146766 
0.00145617 
0.00143634 
0.00140697 
0.00129775 
0.00131441 
0.00126383 
0.00109984 
0.00110413 
0.00107966 
0.0011095 
0.00113799 
0.00107341 
0.00115298 
0.00104572 
0.0011092 
0.00109888 
0.00114309 
0.00110994 
0.00122833 
0.00122677 
0.00108756 
0.00117551 
0.00109502 
0.00110215 
0.00107266 
0.000976577 
0.00104899 
0.00094152 
0.000917944 
0.000941797 
0.000866129 
0.000815397 
0.000952727 
0.000970401 
0.000934917 
0.000951657 
0.00100083 
0.000937681 
0.00094925 
0.000976987 
0.000832256 
0.000728172 
0.000576832 
0.000576508 
0.000507022 
0.000544429 
0.000629589 
0.000771611 
0.000709485 
0.000586865 
0.00057535 
0.00066909 
0.000740385 
0.000723413 
0.000855912 
0.000866435 
0.000880849 
0.000893317 
0.00105578 
0.0011021 
0.00118085 
0.00104277 
0.00104739 
0.00101733 
0.001011 
0.00098669 
0.00100173 
0.00101676 
0.000970679 
0.000916954 
0.000910316 
0.0010139 
0.00100983 
0.00102038 
0.00112778 
0.000968444 
0.000883436 
0.000902691 
0.000910535 
0.00100172 
0.000918673 
0.000903231 
0.000865827 
0.000809916 
0.00085071 
0.000931498 
0.000875367 
0.000929215 
0.00100728 
0.00102932 
0.00104326 
0.00113166 
0.00104346 
0.00110561 
0.00124034 
0.00129575 
0.00124472 
0.00127274 
0.00127125 
0.00122056 
0.00122846 
0.00110645 
0.00127216 
0.00125141 
0.00120404 
0.00112669 
0.00113186 
0.00125097 
0.00127854 
0.00129633 
0.00128237 
0.00130196 
0.00122514 
0.00113667 
0.00124701 
0.00121266 
0.00129051 
0.00133135 
0.00104725 
0.00118988 
0.00105721 
0.000977831 
0.000905987 
0.000935061 
0.000811964 
0.000784322 
0.000806493 
0.000873604 
0.000855383 
0.000854241 
0.000939075 
0.000978465 
0.000927522 
0.000972531 
0.000916014 
0.000848185 
0.000780247 
0.000763415 
0.000705054 
0.000719634 
0.000670575 
0.000719194 
0.000776763 
0.000680366 
0.000687657 
0.000654724 
0.000533507 
0.000526354 
0.000471656 
0.000509272 
0.000555395 
0.000397769 
0.000325481 
0.000318756 
0.000336226 
0.000396867 
0.000764165 
0.000644163 
0.000514187 
0.000592868 
0.000362202 
0.000487691 
0.000789368 
0.000672448 
0.000949157 
0.000809496 
0.000970727 
0.00102447 
0.000753573 
0.000784129 
0.000188958 
7.8212e-05 
0.000105227 
0.000158046 
0.000186868 
0.000148912 
0.000230278 
0.000125691 
0.000130123 
0.000117875 
0.000116776 
0.000119842 
8.16901e-05 
9.85249e-05 
8.86888e-05 
3.25485e-05 
3.54004e-05 
3.83211e-05 
3.72296e-05 
3.98454e-05 
5.30067e-05 
4.93165e-05 
9.70282e-06 
7.87485e-08 
1.11843e-06 
1.07401e-06 
1.83044e-07 
7.90295e-07 
6.49183e-06 
9.48665e-06 
6.71722e-06 
6.48671e-06 
9.06479e-06 
3.52166e-06 
1.27755e-06 
2.05912e-06 
1.82568e-06 
1.39123e-06 
7.92703e-07 
9.01561e-05 
4.6228e-05 
2.67836e-05 
7.49027e-07 
4.8188e-07 
1.34828e-07 
2.61109e-05 
1.75013e-07 
2.33058e-07 
2.61359e-07 
3.08569e-07 
2.44649e-07 
1.03143e-07 
4.73169e-06 
2.94208e-05 
6.13863e-05 
8.31022e-05 
4.45677e-05 
2.21177e-05 
1.07208e-06 
2.47295e-06 
3.82999e-06 
1.2047e-05 
1.74747e-05 
1.70815e-05 
2.85549e-05 
6.04305e-05 
0.000186585 
0.000229808 
0.000291691 
0.000364632 
0.000400663 
0.000663487 
0.000682806 
0.000531739 
0.000432363 
9.53319e-05 
8.2932e-05 
8.47706e-05 
9.75427e-05 
8.43851e-05 
9.38026e-05 
0.000109241 
0.000135007 
0.000153179 
0.000140874 
0.000138017 
0.000179517 
0.000156805 
0.000162678 
0.000137519 
0.000159588 
0.000136312 
0.00012252 
0.000108167 
0.00010836 
0.000105848 
0.000123568 
0.000124293 
0.000101965 
0.000119854 
0.000134615 
0.000118276 
0.000112182 
0.000116175 
0.00010612 
0.000231378 
0.000207659 
0.00022262 
0.000138937 
7.1917e-05 
5.91516e-05 
6.63501e-05 
5.84867e-05 
6.1721e-05 
3.91473e-05 
3.72439e-05 
0.000259347 
0.000106063 
0.000268935 
0.00020261 
0.000162276 
0.000123132 
7.94943e-05 
7.1789e-05 
8.2783e-05 
7.79269e-05 
7.42048e-05 
4.80947e-05 
4.81535e-05 
3.37433e-05 
2.41961e-05 
0.000187227 
0.000116565 
5.17949e-05 
0.000163164 
2.49602e-05 
2.79104e-05 
4.49226e-05 
7.84557e-05 
0.000106318 
3.69319e-05 
1.41921e-05 
1.28588e-05 
1.39114e-05 
1.33347e-05 
1.27285e-05 
1.37644e-05 
2.13364e-05 
1.71527e-05 
2.59879e-05 
1.15021e-05 
7.55411e-06 
2.43909e-05 
1.09087e-05 
1.4802e-05 
3.27194e-05 
6.05844e-05 
4.54576e-05 
1.41204e-05 
5.64819e-05 
2.37027e-05 
1.37628e-05 
8.72366e-05 
6.32196e-05 
6.158e-05 
6.87e-05 
0.000116072 
0.00018928 
0.000172993 
0.000188903 
0.000181292 
5.8527e-05 
2.87522e-05 
2.6625e-05 
5.11452e-05 
0.000120504 
0.000129313 
0.000115997 
0.000147791 
0.000153509 
0.000206763 
0.000231084 
0.000287468 
0.00025441 
0.000173378 
0.000152999 
0.000161272 
0.000153869 
0.00018655 
0.000208679 
0.000233614 
0.000233795 
0.000177326 
0.000190371 
0.000232551 
0.000401783 
0.000259584 
0.000312883 
0.000249559 
0.000206806 
0.000198585 
0.000233999 
0.000286098 
0.000250174 
0.000253033 
0.000263478 
0.000254006 
0.000240767 
0.000305716 
0.000305384 
0.000312839 
0.000264766 
0.000250414 
0.000243399 
0.000309019 
0.000325889 
0.000352636 
0.000273356 
0.000384847 
0.000363778 
0.000343679 
0.000584285 
0.000580547 
0.000802621 
0.000523912 
0.000408249 
0.00043163 
0.000449624 
0.000474596 
0.000543146 
0.000591724 
0.00046178 
0.00025233 
0.000227593 
0.000261703 
0.000301091 
0.000271467 
0.000225571 
0.000220215 
0.00016655 
0.000167424 
0.000192002 
0.00015515 
0.000152686 
0.000162743 
0.000138867 
0.000125697 
0.000103789 
0.000115861 
9.02797e-05 
9.81859e-05 
0.000117955 
0.00012416 
9.93965e-05 
0.000103903 
7.99968e-05 
7.6552e-05 
5.00311e-05 
7.51306e-05 
7.44907e-05 
7.08027e-05 
7.84649e-05 
5.47589e-05 
7.34443e-05 
0.000142731 
3.92357e-05 
6.26796e-05 
4.88185e-05 
8.5569e-05 
6.21454e-05 
3.69386e-05 
1.37498e-05 
1.42805e-05 
9.59041e-06 
1.52168e-05 
3.38866e-05 
3.54784e-05 
6.26851e-05 
8.17841e-05 
0.000101752 
0.000131913 
0.000128002 
6.85205e-05 
9.64696e-05 
0.000101024 
4.17848e-05 
1.8834e-06 
4.79532e-06 
3.49179e-06 
2.74788e-06 
3.04073e-06 
4.77751e-06 
5.76898e-06 
4.16236e-06 
3.8476e-06 
6.06892e-06 
3.91165e-05 
1.53852e-05 
7.92169e-06 
3.43253e-06 
2.32057e-06 
1.76089e-06 
9.14973e-06 
2.33778e-06 
2.48304e-06 
1.7166e-06 
3.25364e-06 
2.56935e-06 
2.53758e-06 
4.71115e-06 
1.0586e-05 
5.24776e-05 
2.76479e-06 
5.75302e-06 
4.08769e-07 
1.64077e-07 
1.42445e-07 
0 
0 
7.36326e-06 
1.83775e-05 
0.000104593 
3.85387e-05 
2.10621e-05 
0.000112115 
1.9348e-05 
0.000160182 
0.000184608 
0 
4.70659e-06 
3.65117e-06 
2.64918e-05 
4.74637e-05 
3.75092e-05 
6.32035e-05 
4.70538e-05 
5.17643e-05 
0.000188126 
0.00015609 
0.000185361 
0.000211251 
0.000261049 
0.000260416 
0.000319914 
0.000378146 
0.000411291 
0.000435859 
0.000505887 
0.000400103 
0.000269232 
0.00028929 
0.000183494 
0.000139164 
0.00015836 
0.000149879 
0.000172285 
0.000300861 
0.000239139 
0.000245666 
0.000221641 
0.000183366 
0.000274306 
0.000445855 
0.000296133 
0.000250498 
0.000259819 
0.000297019 
0.000244292 
0.000400583 
0.000403521 
0.000362992 
0.00031304 
0.000488436 
0.000508231 
0.000451979 
0.000297111 
0.000324599 
0.000422268 
0.000390565 
0.000410294 
0.000438827 
0.00025936 
0.000247125 
0.000405927 
0.000345017 
0.000310403 
0.000412206 
0.000461917 
0.00059057 
0.000734384 
0.000609007 
0.00102709 
0.00085096 
0.000604616 
0.000403231 
0.000542096 
0.000489781 
0.000613144 
0.000641747 
0.000531208 
0.000490886 
0.00047777 
0.000344718 
0.000259996 
0.000156274 
0.000107365 
0.000125116 
0.000140457 
0.000153676 
0.000161151 
0.000151586 
9.26707e-05 
6.90841e-05 
9.3421e-05 
3.66938e-05 
3.57536e-05 
6.53466e-05 
0.000160392 
0.00021262 
0.000239766 
0.000182372 
0.000299902 
0.000384375 
0.000355451 
0.000273456 
0.000370596 
0.000418496 
0.000467992 
0.000438776 
0.000540365 
0.000509382 
0.000565019 
0.000649545 
0.000444587 
0.000418258 
0.000368739 
0.000375627 
0.000259884 
0.000288352 
0.000304133 
0.000378478 
0.000517106 
0.000509651 
0.000547322 
0.000538472 
0.000571947 
0.00049979 
0.000373456 
0.000284936 
0.000491677 
0.000289056 
0.000349533 
0.000423785 
0.000331684 
0.000241716 
0.000361729 
0.000427299 
0.000243223 
0.00023884 
0.00013966 
0.000139514 
0.000187816 
0.000211599 
0.000208627 
0.000128433 
0.000152233 
0.000119261 
0.000158191 
0.000303681 
0.000372849 
0.000302601 
0.000415221 
0.000376031 
0.000351297 
0.000236882 
0.000368736 
0.000379672 
0.000447656 
0.000555725 
0.000363416 
0.000376049 
0.000272308 
0.000154263 
0.000168034 
0.000116431 
0.000209437 
0.00021869 
0.0002191 
0.000264439 
0.00013036 
0.000173318 
0.000255089 
0.000314973 
0.000282956 
0.000414845 
0.000620212 
0.00080404 
0.000801388 
0.000950976 
0.00112692 
0.00112587 
0.0011533 
0.000974621 
0.00104162 
0.00098457 
0.000975989 
0.00100002 
0.00124637 
0.000981089 
0.000862006 
0.000924076 
0.000940831 
0.000663772 
0.000801445 
0.000732937 
0.000902354 
0.000961353 
0.000892421 
0.000928912 
0.000840237 
0.000749887 
0.000810233 
0.000600984 
0.000960908 
0.00108876 
0.00114149 
0.000949467 
0.000706359 
0.000578552 
0.000662573 
0.00064369 
0.000969511 
0.000801039 
0.000708238 
0.000797024 
0.000798907 
0.000948152 
0.00109603 
0.00114983 
0.00116665 
0.00126759 
0.00119445 
0.00116838 
0.00134497 
0.00138423 
0.00157523 
0.00150038 
0.00163437 
0.00166679 
0.00165028 
0.00183443 
0.00166416 
0.0014396 
0.0017622 
0.00151234 
0.00139056 
0.00120946 
0.00150944 
0.00141079 
0.00135099 
0.0011084 
0.00139095 
0.00133553 
0.00137761 
0.00129594 
0.00137193 
0.0013747 
0.0011696 
0.00112503 
0.00112475 
0.000890622 
0.00125055 
0.000843049 
0.000709141 
0.000597674 
0.000710441 
0.000630844 
0.000752707 
0.000903732 
0.00104755 
0.000894349 
0.00080146 
0.000911377 
0.000855241 
0.000803712 
0.000828403 
0.000735893 
0.000931111 
0.00121244 
0.00102224 
0.00104886 
0.000945369 
0.000829426 
0.000890149 
0.000783776 
0.000929782 
0.00101133 
0.00100314 
0.00155731 
0.00166987 
0.00178701 
0.00182878 
0.00190925 
0.00182446 
0.00151618 
0.00154464 
0.0011548 
0.00162578 
0.00177806 
0.00152526 
0.00133778 
0.00110981 
0.00108196 
0.0010608 
0.00112068 
0.000993076 
0.000960512 
0.00100017 
0.000877215 
0.000770989 
0.000697826 
0.000659449 
0.000683698 
0.000738619 
0.000585389 
0.000696453 
0.000683895 
0.000762176 
0.000610144 
0.000648255 
0.000603176 
0.000591652 
0.000604836 
0.000512961 
0.000525936 
0.000506153 
0.000477743 
0.000538398 
0.000585171 
0.000749957 
0.000676247 
0.000689275 
0.000486031 
0.000451137 
0.000369062 
0.000265729 
0.00022771 
0.000240312 
0.000287304 
0.000334334 
0.000293961 
0.000224538 
0.000246972 
0.000328778 
0.000346565 
0.000496306 
0.000505987 
0.000513325 
0.000561911 
0.000501282 
0.000579004 
0.000572082 
0.000709357 
0.000776849 
0.000659995 
0.000694371 
0.000809341 
0.000791976 
0.00065006 
0.000674775 
0.000416437 
0.000566788 
0.000621271 
0.00057262 
0.000462515 
0.000375181 
0.000317515 
0.000515092 
0.000432348 
0.000458769 
0.000299954 
0.000212724 
0.000213719 
0.000197345 
0.000177873 
0.000210925 
0.000124516 
0.000118708 
0.000119732 
5.94576e-05 
7.10456e-05 
4.95466e-05 
5.28825e-05 
4.96683e-05 
5.39524e-05 
6.96819e-05 
0.000269886 
0.000318588 
0.00025943 
0.000202474 
0.000270049 
0.000256205 
0.00023801 
0.000192599 
0.000229082 
0.000178195 
0.000104066 
0.000216631 
0.000227761 
0.000217165 
0.000234965 
0.000268036 
0.000275362 
9.83742e-05 
5.49263e-05 
5.5488e-05 
4.30319e-05 
4.05094e-05 
4.55665e-05 
5.07921e-05 
5.18876e-05 
6.1316e-05 
6.44331e-05 
6.85344e-05 
6.50631e-05 
6.46764e-05 
7.76496e-05 
4.78401e-05 
4.9218e-05 
5.34137e-05 
5.51804e-05 
6.60271e-05 
6.61852e-05 
4.62956e-05 
5.21534e-05 
5.03091e-05 
5.15957e-05 
5.31258e-05 
4.64734e-05 
8.66395e-05 
0.000119522 
7.89116e-05 
6.28186e-05 
7.26426e-05 
0.000102491 
6.20011e-05 
6.89043e-05 
6.2731e-05 
6.48565e-05 
7.18774e-05 
7.32686e-05 
6.79947e-05 
6.18739e-05 
6.50712e-05 
0.000120738 
6.36051e-05 
6.45983e-05 
6.54562e-05 
4.74329e-05 
4.31423e-05 
5.05916e-05 
4.14066e-05 
4.21811e-05 
3.50745e-05 
2.61854e-05 
1.70235e-05 
2.31652e-05 
1.58307e-05 
6.35323e-05 
1.21897e-05 
1.63792e-05 
1.88938e-05 
1.91368e-05 
1.77821e-05 
3.30304e-05 
1.99487e-05 
2.22916e-05 
2.74943e-05 
1.65712e-05 
1.46396e-05 
1.23964e-05 
2.17072e-05 
1.61277e-05 
1.67465e-05 
2.49168e-05 
3.05827e-05 
1.9098e-05 
3.78255e-05 
2.75764e-05 
4.10845e-05 
2.85817e-05 
2.5681e-05 
2.38727e-05 
2.29153e-05 
2.5449e-05 
1.91789e-05 
2.14905e-05 
2.97167e-05 
3.717e-05 
2.21397e-05 
1.98446e-05 
2.07725e-05 
2.18168e-05 
2.38774e-05 
2.69354e-05 
2.50004e-05 
2.95557e-05 
3.92523e-05 
4.02412e-05 
7.23936e-05 
6.37549e-05 
4.14427e-05 
4.3661e-05 
4.17965e-05 
4.34953e-05 
4.45445e-05 
5.13803e-05 
4.79393e-05 
4.95161e-05 
5.95225e-05 
6.55485e-05 
6.79309e-05 
6.79586e-05 
5.42758e-05 
6.02333e-05 
5.79922e-05 
4.70283e-05 
4.19113e-05 
3.82602e-05 
4.30558e-05 
3.77627e-05 
4.10768e-05 
4.35259e-05 
4.04611e-05 
3.93853e-05 
3.67977e-05 
3.56432e-05 
4.3402e-05 
4.29342e-05 
5.5002e-05 
4.63122e-05 
3.97397e-05 
3.81406e-05 
4.48824e-05 
4.72755e-05 
5.21042e-05 
5.56962e-05 
7.00058e-05 
6.45253e-05 
6.07792e-05 
5.93255e-05 
5.90233e-05 
6.17786e-05 
4.95774e-05 
4.89641e-05 
4.32894e-05 
4.43519e-05 
4.98454e-05 
4.97079e-05 
4.51249e-05 
5.34081e-05 
0.000102233 
8.81522e-05 
5.95648e-05 
4.86351e-05 
3.68952e-05 
2.71915e-05 
7.4404e-05 
4.94553e-05 
6.67271e-05 
4.38291e-05 
2.71195e-05 
2.25362e-05 
1.71793e-05 
1.48914e-05 
2.77499e-05 
3.33849e-05 
3.13585e-05 
2.569e-05 
3.52052e-05 
4.2767e-05 
2.93393e-05 
3.37973e-05 
3.21481e-05 
2.16221e-05 
1.60873e-05 
9.46548e-06 
5.75378e-05 
0.000100473 
3.99589e-05 
8.12415e-06 
3.78086e-06 
6.7024e-06 
1.01395e-05 
8.43158e-06 
5.29606e-06 
1.10046e-05 
3.32841e-05 
2.65061e-05 
3.1321e-05 
2.94006e-05 
1.87791e-05 
1.39838e-05 
1.05388e-05 
6.0823e-06 
1.02855e-05 
1.09291e-05 
1.10166e-05 
7.35186e-06 
2.50426e-05 
3.5996e-05 
4.5335e-05 
1.32907e-05 
1.83416e-05 
2.31812e-05 
2.13872e-05 
3.1715e-05 
2.71276e-05 
3.91792e-05 
3.33187e-05 
1.30097e-05 
1.23588e-05 
2.09747e-05 
1.51247e-05 
3.06487e-05 
2.23465e-05 
6.02089e-05 
1.74853e-05 
2.61251e-05 
4.2702e-06 
3.96264e-06 
3.98066e-06 
6.13424e-06 
4.4566e-06 
5.16687e-06 
6.57279e-06 
1.01959e-05 
4.02478e-05 
1.09797e-05 
1.6616e-05 
1.81824e-05 
2.04867e-05 
1.85563e-05 
2.03352e-05 
1.91628e-05 
2.40774e-05 
4.05783e-05 
2.78466e-05 
2.85274e-05 
3.31349e-05 
3.2153e-05 
2.63897e-05 
7.87471e-05 
0.000280252 
0.000292318 
0.000270614 
0.000185351 
0.000115279 
5.61444e-05 
4.20483e-05 
2.32233e-05 
2.77149e-05 
3.07553e-05 
6.2578e-05 
2.38658e-05 
2.28495e-05 
2.48669e-05 
2.55578e-05 
2.08342e-05 
2.09819e-05 
2.39362e-05 
2.57176e-05 
2.67129e-05 
2.71943e-05 
2.97899e-05 
3.57614e-05 
