FirstLine
0.0165434 
0.0126882 
0.0127881 
0.00922025 
0.00813064 
0.00839609 
0.00911277 
0.00921802 
0.00907691 
0.00856159 
0.00908579 
0.00886361 
0.00807088 
0.00921283 
0.00902793 
0.0090295 
0.0084987 
0.00801128 
0.00702759 
0.00678168 
0.00663392 
0.00801437 
0.00663969 
0.00683405 
0.00635173 
0.00598206 
0.00653729 
0.00657368 
0.00654536 
0.00683491 
0.00630285 
0.00682373 
0.00781448 
0.00782705 
0.00851245 
0.00922506 
0.00825996 
0.00774197 
0.00772392 
0.00705373 
0.00638755 
0.00678193 
0.00746496 
0.00660317 
0.0072512 
0.00631094 
0.00640044 
0.00685788 
0.00790811 
0.00687949 
0.00667909 
0.00710733 
0.00834539 
0.00909957 
0.00936728 
0.00963501 
0.00993688 
0.00947908 
0.00838646 
0.00829907 
0.00802948 
0.00970776 
0.010328 
0.00927492 
0.010272 
0.00965036 
0.00976659 
0.00756759 
0.00722353 
0.00698209 
0.0070426 
0.00787797 
0.0079658 
0.00746549 
0.00758787 
0.00742792 
0.00660527 
0.0067441 
0.00717258 
0.00713704 
0.00638608 
0.00658706 
0.00723676 
0.0070416 
0.0068953 
0.00715506 
0.00719413 
0.00734173 
0.00614079 
0.006453 
0.00664669 
0.00682083 
0.00666587 
0.00654236 
0.00644379 
0.00641074 
0.00679903 
0.00694397 
0.0069405 
0.00729489 
0.00694748 
0.00690766 
0.00630872 
0.00675366 
0.00654136 
0.00645893 
0.0067482 
0.00751439 
0.00766824 
0.0076248 
0.00793723 
0.00748774 
0.00754754 
0.00712651 
0.00757487 
0.0073056 
0.007334 
0.00700838 
0.00703965 
0.00728199 
0.00677756 
0.00700819 
0.0070366 
0.00640692 
0.00715129 
0.00786123 
0.00770845 
0.00764119 
0.00790046 
0.00766465 
0.00718124 
0.0073558 
0.00752117 
0.0066189 
0.0065125 
0.00711502 
0.00800153 
0.00852296 
0.00889025 
0.00876889 
0.00872111 
0.00816455 
0.00777991 
0.00782308 
0.00775045 
0.00769335 
0.00706251 
0.00711025 
0.00768306 
0.00773551 
0.0075253 
0.0074896 
0.00725813 
0.00742018 
0.00789964 
0.00724069 
0.00768374 
0.00738548 
0.00678477 
0.00730106 
0.00755961 
0.00713464 
0.00695813 
0.00747184 
0.00628962 
0.00686235 
0.00665895 
0.00688022 
0.00676493 
0.00688917 
0.00678939 
0.00690598 
0.00724407 
0.00617413 
0.0072135 
0.007497 
0.00763759 
0.00722497 
0.00749137 
0.00770866 
0.00779994 
0.00813922 
0.00778536 
0.00724457 
0.00741446 
0.00731689 
0.00711906 
0.00660653 
0.00620461 
0.00636076 
0.0069295 
0.00672472 
0.00644333 
0.00693967 
0.00667332 
0.00639774 
0.00651976 
0.00731749 
0.00721083 
0.00686672 
0.0069281 
0.0074028 
0.00741565 
0.00685275 
0.00670159 
0.00680671 
0.00723598 
0.00679768 
0.00667938 
0.00674308 
0.00617763 
0.00671991 
0.00691768 
0.00679099 
0.00725807 
0.00757439 
0.00774417 
0.00769437 
0.00743046 
0.00785294 
0.00759563 
0.00725311 
0.00761938 
0.00778294 
0.00807564 
0.00765306 
0.00825738 
0.00832901 
0.00800353 
0.00812587 
0.00735239 
0.00776949 
0.0074533 
0.00766764 
0.00766555 
0.00735235 
0.007358 
0.00743245 
0.00687811 
0.00649762 
0.00583991 
0.00637909 
0.00609372 
0.00642643 
0.00706295 
0.00677397 
0.00674587 
0.0066106 
0.00667112 
0.00666602 
0.00680016 
0.0072665 
0.00756093 
0.00712542 
0.00664845 
0.00661059 
0.00634833 
0.00627479 
0.00641996 
0.00629978 
0.00592426 
0.00635233 
0.00656492 
0.00612008 
0.00618435 
0.00605248 
0.0061206 
0.00609678 
0.00619494 
0.00624098 
0.00589233 
0.0061358 
0.00585393 
0.00642394 
0.00581036 
0.00577661 
0.0060005 
0.00646539 
0.00670203 
0.00637998 
0.00625902 
0.00607357 
0.00575549 
0.00620262 
0.00648465 
0.00667871 
0.00650518 
0.00706507 
0.00660038 
0.00644572 
0.00648296 
0.00672614 
0.00665407 
0.00693369 
0.00711147 
0.0060508 
0.00668039 
0.00703261 
0.00698626 
0.00733689 
0.00721997 
0.00720792 
0.00713293 
0.00747187 
0.0074107 
0.00736916 
0.00700164 
0.00696578 
0.00638169 
0.00657692 
0.0070946 
0.00693016 
0.00753776 
0.00790624 
0.00753981 
0.00690656 
0.00730869 
0.00666505 
0.00677928 
0.00698458 
0.00654597 
0.00596299 
0.00560911 
0.00668418 
0.00661632 
0.00591747 
0.00613014 
0.00561437 
0.00573729 
0.0053206 
0.00558535 
0.00545648 
0.00550504 
0.00578362 
0.0058468 
0.00599257 
0.00584505 
0.00628368 
0.00548431 
0.005286 
0.00588807 
0.0056397 
0.00562956 
0.0058908 
0.00564295 
0.00609155 
0.00615206 
0.00659576 
0.0064355 
0.0061838 
0.00597379 
0.00660165 
0.00729444 
0.00657437 
0.00617649 
0.00628735 
0.00588445 
0.00595079 
0.00652302 
0.0067942 
0.00712898 
0.00707087 
0.00720071 
0.00651211 
0.00672021 
0.00655495 
0.00529157 
0.00497975 
0.00546005 
0.00565364 
0.00597314 
0.0061725 
0.00616255 
0.00684494 
0.00630552 
0.00635418 
0.00556461 
0.00563729 
0.00509545 
0.00569163 
0.00505492 
0.00517571 
0.0051537 
0.00605028 
0.00576389 
0.0059113 
0.00556296 
0.00618747 
0.00620291 
0.00630684 
0.00579273 
0.00682787 
0.00647157 
0.00627076 
0.00638109 
0.00644434 
0.00649934 
0.00702008 
0.00758357 
0.00686173 
0.00709554 
0.00701837 
0.00695003 
0.0067583 
0.00638187 
0.00573033 
0.00514086 
0.0058939 
0.00618219 
0.00590491 
0.00531091 
0.00562943 
0.00542365 
0.00572452 
0.00548669 
0.00544948 
0.00511324 
0.00502419 
0.00476084 
0.00395455 
0.00371871 
0.00374946 
0.00400392 
0.00347192 
0.00374034 
0.00373233 
0.00399589 
0.00396701 
0.00390204 
0.0036261 
0.00411793 
0.00480713 
0.00496933 
0.00518926 
0.00590383 
0.00586871 
0.00571099 
0.00593643 
0.00650965 
0.00668512 
0.00691941 
0.00620838 
0.00629052 
0.00622416 
0.00635506 
0.00724849 
0.00662787 
0.00717634 
0.00691799 
0.0075992 
0.00744022 
0.00783591 
0.00761562 
0.00760212 
0.00706536 
0.00789419 
0.0073036 
0.00670062 
0.006888 
0.00700626 
0.00739128 
0.00700675 
0.00676327 
0.00668004 
0.00683589 
0.00699154 
0.00749234 
0.00712085 
0.00725445 
0.00696164 
0.00728999 
0.00735794 
0.00734378 
0.00620795 
0.00554188 
0.00526101 
0.00560437 
0.0058904 
0.00561029 
0.00484729 
0.00506415 
0.00521486 
0.005243 
0.00586164 
0.00550416 
0.00500652 
0.00517356 
0.00474028 
0.00485105 
0.00468615 
0.0047691 
0.00480325 
0.00451048 
0.00472119 
0.00458317 
0.00473117 
0.00500392 
0.00525966 
0.00491796 
0.00521757 
0.00547054 
0.00507577 
0.00510311 
0.00610306 
0.00625644 
0.0063915 
0.0060066 
0.00608559 
0.00532616 
0.00564319 
0.00536923 
0.00510496 
0.00468333 
0.00384738 
0.00388368 
0.0039319 
0.00429143 
0.00345002 
0.00319788 
0.00335362 
0.00353145 
0.00437 
0.00417302 
0.00394807 
0.00365473 
0.00344855 
0.00293098 
0.00278204 
0.00238493 
0.00198677 
0.00195706 
0.0016824 
0.00177493 
0.00178041 
0.00185863 
0.00196121 
0.00209251 
0.00217083 
0.00211811 
0.00216715 
0.0026348 
0.00244253 
0.00233024 
0.00273991 
0.00283124 
0.002256 
0.00227028 
0.00268804 
0.0027394 
0.0023959 
0.00253312 
0.00228358 
0.00215232 
0.00227067 
0.00274508 
0.00257499 
0.00327073 
0.00355036 
0.00397106 
0.00385321 
0.00367888 
0.00362836 
0.00372543 
0.00340789 
0.00374375 
0.0036489 
0.00359457 
0.00332044 
0.0034288 
0.00345005 
0.00320542 
0.00310655 
0.00350215 
0.00366181 
0.00392195 
0.00449022 
0.00451982 
0.00417753 
0.00391294 
0.00390263 
0.00403579 
0.00323395 
0.00337307 
0.00346608 
0.004193 
0.00381988 
0.00361682 
0.00328665 
0.00316319 
0.00319263 
0.003436 
0.00357411 
0.00346622 
0.00419175 
0.00411344 
0.00409493 
0.00335353 
0.00311137 
0.00275173 
0.00240329 
0.00241677 
0.00219636 
0.0021994 
0.00201217 
0.0021841 
0.00253347 
0.00262508 
0.0024356 
0.00275974 
0.00253521 
0.00246303 
0.0024741 
0.00252148 
0.00201833 
0.00255726 
0.00265722 
0.00290579 
0.00286626 
0.00245286 
0.0022393 
0.00226873 
0.00224651 
0.00203767 
0.00219334 
0.00217683 
0.00254156 
0.00231271 
0.00207908 
0.00178368 
0.00188603 
0.00192408 
0.00203594 
0.00219264 
0.00168622 
0.00144438 
0.00173281 
0.00137248 
0.00132569 
0.00130036 
0.000986937 
0.000838943 
0.000762966 
0.000626604 
0.000534741 
0.000568631 
0.000550312 
0.000616217 
0.0007596 
0.000870132 
0.000773081 
0.000722495 
0.000899216 
0.000993728 
0.00100581 
0.00132547 
0.00131808 
0.00143494 
0.0018627 
0.00193963 
0.00195426 
0.00183759 
0.00199697 
0.00218374 
0.00231101 
0.00220868 
0.00251584 
0.00264154 
0.00219363 
0.00225562 
0.00217604 
0.00204218 
0.00229008 
0.00217481 
0.00203141 
0.00183935 
0.0017828 
0.00196482 
0.00214556 
0.00202172 
0.00204828 
0.0020737 
0.00194081 
0.00208981 
0.00197012 
0.00195954 
0.00197119 
0.00172183 
0.00185808 
0.00171763 
0.00195225 
0.00214968 
0.00225015 
0.00207535 
0.00222934 
0.00242472 
0.0026098 
0.00275874 
0.00234323 
0.00250146 
0.00254106 
0.00269793 
0.00301849 
0.0031534 
0.00343869 
0.00348234 
0.00365018 
0.00329171 
0.00278389 
0.00272097 
0.00294268 
0.00259471 
0.00261986 
0.00260326 
0.00272061 
0.00311463 
0.00306904 
0.00313888 
0.00336788 
0.00327687 
0.00320555 
0.00342472 
0.00341813 
0.00312749 
0.00349487 
0.00291837 
0.00296327 
0.00271446 
0.0029455 
0.00327697 
0.00313027 
0.00297034 
0.00362176 
0.00369583 
0.0036161 
0.00361375 
0.0032582 
0.00322781 
0.00324552 
0.00353925 
0.00379419 
0.00384216 
0.00364923 
0.00373964 
0.00386002 
0.00397005 
0.00376362 
0.00359721 
0.00399164 
0.00397252 
0.00328678 
0.00349621 
0.00337769 
0.00338243 
0.00350837 
0.00371643 
0.00408223 
0.00406379 
0.0037169 
0.00362207 
0.00366109 
0.00320444 
0.00315973 
0.00318902 
0.00321454 
0.00304815 
0.00319835 
0.00277491 
0.00288029 
0.00312036 
0.00306914 
0.00269406 
0.00267516 
0.0028262 
0.00255595 
0.00270133 
0.00270962 
0.00291759 
0.00285044 
0.00283875 
0.00265079 
0.00268423 
0.00271277 
0.00300295 
0.00255475 
0.00275176 
0.00259774 
0.00292257 
0.00277506 
0.00263656 
0.00252899 
0.00215233 
0.00212834 
0.00246718 
0.00247439 
0.00295955 
0.00288558 
0.00291074 
0.00267102 
0.0028472 
0.00284323 
0.00311725 
0.00310068 
0.0029158 
0.0033213 
0.00311 
0.00319372 
0.00320284 
0.00311707 
0.00324269 
0.00333157 
0.00378225 
0.00333112 
0.00385287 
0.00383437 
0.00389897 
0.00403374 
0.00416599 
0.00422761 
0.00422078 
0.00403743 
0.00380394 
0.00415246 
0.0038135 
0.00391552 
0.0043086 
0.00463757 
0.00443277 
0.00458996 
0.0045269 
0.0046819 
0.00477504 
0.004717 
0.00447289 
0.00489317 
0.00495126 
0.00471503 
0.00514655 
0.00516758 
0.00497344 
0.00471278 
0.00523139 
0.00512039 
0.00521056 
0.00535086 
0.00550625 
0.00556483 
0.00504792 
0.00531031 
0.00553803 
0.00576129 
0.00554121 
0.00584954 
0.00519588 
0.00537298 
0.00586655 
0.00565323 
0.00544764 
0.00525219 
0.00574024 
0.00559191 
0.00573951 
0.00560337 
0.00594028 
0.00599922 
0.00587669 
0.00568753 
0.0055488 
0.00587289 
0.00542298 
0.00555484 
0.00568089 
0.0054844 
0.00581819 
0.00546692 
0.00533428 
0.00551825 
0.00597348 
0.00587855 
0.00574797 
0.00591773 
0.00630025 
0.00624931 
0.00662564 
0.00685192 
0.00683062 
0.00595679 
0.00598693 
0.00544306 
0.00481971 
0.00478945 
0.00508452 
0.00495641 
0.00485974 
0.00484846 
0.00516438 
0.00522056 
0.00529205 
0.00514298 
0.00499694 
0.00526363 
0.00524301 
0.00484262 
0.00510885 
0.00496099 
0.00497501 
0.00484086 
0.00525163 
0.00521242 
0.00527287 
0.0052282 
0.0053423 
0.00535168 
0.00493274 
0.00502356 
0.00520069 
0.00514296 
0.00508957 
0.00471292 
0.00461501 
0.00435402 
0.00461547 
0.0045934 
0.00466156 
0.00487827 
0.00496082 
0.00490936 
0.00520285 
0.00472595 
0.00492073 
0.00489382 
0.00482404 
0.00458206 
0.00448881 
0.0046502 
0.00459595 
0.00477978 
0.00520401 
0.00531502 
0.00503862 
0.00519551 
0.00476703 
0.0050996 
0.00543719 
0.0057693 
0.00551157 
0.00570137 
0.00576763 
0.00599049 
0.00556943 
0.00548632 
0.00576668 
0.00546568 
0.00546129 
0.00543557 
0.00465043 
0.00521604 
0.00513709 
0.00522313 
0.00534878 
0.00565778 
0.0049928 
0.00587848 
0.00569472 
0.00578579 
0.00591223 
0.00607104 
0.00597493 
0.00586879 
0.00560013 
0.00546093 
0.00550266 
0.00556725 
0.00557196 
0.0055851 
0.0060557 
0.00560464 
0.00604608 
0.00621238 
0.00572456 
0.00598137 
0.00618318 
0.00592117 
0.005394 
0.00561879 
0.005548 
0.00581413 
0.00577386 
0.00541906 
0.00581232 
0.00561796 
0.00554306 
0.00553187 
0.00533342 
0.00560705 
0.00533106 
0.00555357 
0.00551504 
0.00528479 
0.00532693 
0.00499713 
0.004957 
0.00536636 
0.00478677 
0.00498381 
0.00537845 
0.0054936 
0.00515464 
0.00515561 
0.00540785 
0.00544268 
0.00518068 
0.0053645 
0.00532227 
0.00480337 
0.00482763 
0.00450716 
0.00448344 
0.00447965 
0.00434902 
0.00467998 
0.00448239 
0.00481361 
0.00490906 
0.00489207 
0.00476519 
0.00475652 
0.00513434 
0.00493928 
0.00486518 
0.00447992 
0.00448872 
0.00433738 
0.00429567 
0.00434053 
0.0042419 
0.00460357 
0.00437701 
0.00456259 
0.0043395 
0.00454757 
0.00451024 
0.0049065 
0.00495889 
0.00470944 
0.00479297 
0.00482184 
0.00473061 
0.00477151 
0.00450805 
0.00440838 
0.00466867 
0.00468416 
0.00434449 
0.0046774 
0.00428672 
0.00404864 
0.00402082 
0.00420091 
0.0043883 
0.00426847 
0.00435026 
0.00402857 
0.00472333 
0.00467133 
0.00467185 
0.00488098 
0.00499061 
0.00505683 
0.00505307 
0.0050735 
0.00512128 
0.00501552 
0.00513667 
0.00518699 
0.00527704 
0.00543525 
0.00496891 
0.00493468 
0.00510945 
0.00479089 
0.00497016 
0.00511529 
0.00532846 
0.005509 
0.00536326 
0.00480249 
0.00519092 
0.00509771 
0.00532123 
0.00541186 
0.00525736 
0.00516792 
0.00522903 
0.00496134 
0.00550711 
0.0052233 
0.00522027 
0.00513869 
0.00507597 
0.005086 
0.00483211 
0.00517893 
0.00482014 
0.00533461 
0.00507015 
0.0048569 
0.00508441 
0.0050869 
0.00509634 
0.00485966 
0.00478286 
0.00433257 
0.00438058 
0.00454707 
0.00462638 
0.00479437 
0.00454817 
0.00454302 
0.00463923 
0.0045936 
0.004479 
0.00460244 
0.0047229 
0.00461087 
0.00471317 
0.00472147 
0.00472777 
0.00473203 
0.00462264 
0.00462505 
0.00462939 
0.00462288 
0.00441506 
0.00461669 
0.00472678 
0.00471892 
0.00421093 
0.00449123 
0.00451493 
0.00482508 
0.00469941 
0.00453463 
0.00483371 
0.00496819 
0.00509859 
0.00462892 
0.00474571 
0.00510764 
0.00512462 
0.00503394 
0.00521614 
0.00470646 
0.00462664 
0.00515367 
0.00617234 
0.00610229 
0.00585408 
0.00538691 
0.00539103 
0.00500309 
0.00498074 
0.00528857 
0.00511586 
0.00479503 
0.00493852 
0.00501792 
0.00511926 
0.00486895 
0.00519901 
0.00460269 
0.00507263 
0.00497922 
0.00507683 
0.00504726 
0.00466489 
0.0048763 
0.00482924 
0.00507542 
0.00472598 
0.00472302 
0.00520523 
0.00532757 
0.00516984 
0.0052996 
0.00504407 
0.00474173 
0.00509739 
0.00498694 
0.00506848 
0.00500251 
0.00452277 
0.00458671 
0.0048821 
0.00448722 
0.0048049 
0.00439657 
0.00457978 
0.00435159 
0.00438567 
0.00442073 
0.00424394 
0.00397894 
0.00401925 
0.00367819 
0.00404303 
0.00412033 
0.00422491 
0.00436326 
0.00442586 
0.00475107 
0.00459462 
0.00455959 
0.0048116 
0.00449005 
0.00472241 
0.00481248 
0.00458944 
0.00495503 
0.00520818 
0.00510513 
0.00503986 
0.00516004 
0.00508651 
0.00486002 
0.00496199 
0.00521342 
0.00516226 
0.00505476 
0.00488896 
0.00525811 
0.00513092 
0.00490166 
0.00489943 
0.00506174 
0.00500608 
0.00494097 
0.00480413 
0.00476118 
0.00482553 
0.00470062 
0.00476499 
0.00458748 
0.00469973 
0.00492979 
0.00496982 
0.00484644 
0.00473871 
0.00512305 
0.0051905 
0.00500863 
0.00453419 
0.00457011 
0.00481085 
0.00468975 
0.00449487 
0.00430064 
0.00445375 
0.00451738 
0.0044618 
0.00461154 
0.00457017 
0.00432094 
0.00415276 
0.00444188 
0.00432049 
0.00405874 
0.00397615 
0.00414419 
0.00412736 
0.00426661 
0.00426635 
0.00455073 
0.00434561 
0.00426172 
0.00449726 
0.00439685 
0.00458536 
0.00493869 
0.00457065 
0.00462292 
0.00478108 
0.00519199 
0.00484446 
0.00479521 
0.00493173 
0.00489757 
0.00477657 
0.00454933 
0.00466909 
0.004468 
0.00462239 
0.00456011 
0.00464063 
0.00442949 
0.0044337 
0.00479846 
0.00470721 
0.00459804 
0.00472225 
0.00466683 
0.00487248 
0.00476864 
0.00486276 
0.00509614 
0.00523061 
0.00500087 
0.00498553 
0.00453894 
0.00496112 
0.00470857 
0.00465111 
0.00434059 
0.00454613 
0.00466514 
0.0046173 
0.00469915 
0.00443783 
0.00473614 
0.00464497 
0.00439196 
0.00462913 
0.0047785 
0.00467463 
0.00466432 
0.00486078 
0.00466342 
0.00455496 
0.00474556 
0.00464744 
0.00449923 
0.00472883 
0.00437341 
0.00441438 
0.00451575 
0.00449929 
0.00457565 
0.00466014 
0.00431372 
0.00429791 
0.00438076 
0.00416717 
0.00478072 
0.00482934 
0.00443202 
0.00457245 
0.00460945 
0.00459128 
0.00448807 
0.00461019 
0.00457027 
0.00447442 
0.00402361 
0.00421298 
0.00455698 
0.00424247 
0.00417827 
0.00433481 
0.00426823 
0.00440586 
0.00438376 
0.00473237 
0.00452166 
0.00454363 
0.00435381 
0.00438386 
0.00484426 
0.00473856 
0.00453428 
0.00483787 
0.00450281 
0.00486616 
0.00513767 
0.00487141 
0.00501378 
0.00502639 
0.00477552 
0.00489139 
0.00487527 
0.00508347 
0.00499977 
0.00557077 
0.00549031 
0.00528493 
0.00586732 
0.00537225 
0.00554928 
0.00531819 
0.00526673 
0.00527657 
0.00513465 
0.0052584 
0.0053141 
0.00508627 
0.0050777 
0.00520775 
0.00563962 
0.00535564 
0.00563516 
0.00531818 
0.00534081 
0.00523314 
0.00534155 
0.00506373 
0.00479058 
0.00476827 
0.0046006 
0.00491962 
0.00502171 
0.00476879 
0.00479926 
0.00469051 
0.00472944 
0.00468256 
0.0051 
0.00523037 
0.00521242 
0.00470909 
0.00477323 
0.0048615 
0.00486331 
0.0045601 
0.00458396 
0.00479729 
0.00470128 
0.00483204 
0.00462998 
0.00463543 
0.00448457 
0.00500645 
0.0046765 
0.00478101 
0.00505009 
0.00480305 
0.00460133 
0.0046158 
0.0047805 
0.00454573 
0.00437392 
0.00462752 
0.00472555 
0.00477322 
0.00477937 
0.00488093 
0.00486505 
0.00477725 
0.0047551 
0.00466647 
0.00473368 
0.00456023 
0.00447128 
0.0044755 
0.00436335 
0.00465942 
0.00433972 
0.00449023 
0.00428756 
0.00431303 
0.00411615 
0.00405303 
0.00463973 
0.00467158 
0.00499078 
0.00456369 
0.00478011 
0.00465889 
0.00469779 
0.0045239 
0.00485292 
0.0047748 
0.00443789 
0.00441821 
0.00459321 
0.00447267 
0.00479851 
0.00465772 
0.00434941 
0.00428534 
0.00410504 
0.0040037 
0.00403781 
0.00386649 
0.0037698 
0.0037453 
0.0040027 
0.00384746 
0.00403352 
0.00398034 
0.00348859 
0.0040145 
0.00390101 
0.00404767 
0.00412772 
0.00428832 
0.00417692 
0.00369189 
0.00376659 
0.00353122 
0.00345166 
0.00353307 
0.00390173 
0.00428101 
0.00395513 
0.0040125 
0.00389626 
0.00403559 
0.00403991 
0.00392971 
0.00409198 
0.00381284 
0.00396021 
0.00374844 
0.00395676 
0.00395438 
0.00427994 
0.00432541 
0.00383249 
0.00408236 
0.00405963 
0.00399955 
0.00392212 
0.00420976 
0.0041851 
0.0046043 
0.00447687 
0.0044718 
0.00420567 
0.00463796 
0.00415201 
0.00408143 
0.00453343 
0.00449615 
0.00488852 
0.0050957 
0.0055319 
0.00543773 
0.00474418 
0.00524272 
0.00523811 
0.00531808 
0.00516569 
0.00533952 
0.00511408 
0.00500627 
0.00527222 
0.00510818 
0.0050381 
0.00535555 
0.00513143 
0.00475267 
0.0054564 
0.00547892 
0.00632269 
0.00614209 
0.00588116 
0.00538409 
0.00505905 
0.00502486 
0.00461232 
0.00481595 
0.00493812 
0.00493494 
0.00422658 
0.00447368 
0.0045163 
0.00501323 
0.00490696 
0.00503611 
0.0048443 
0.00485988 
0.00480406 
0.00454002 
0.004391 
0.00439539 
0.0046164 
0.00450298 
0.00449323 
0.0046105 
0.00472763 
0.00472046 
0.00484341 
0.00484606 
0.00424166 
0.00463673 
0.00434525 
0.00453191 
0.00431207 
0.00446825 
0.00434443 
0.00430583 
0.00460651 
0.00462151 
0.00439309 
0.00493495 
0.00478983 
0.00480638 
0.00493726 
0.00491602 
0.00480261 
0.0044355 
0.00437032 
0.00432197 
0.00473221 
0.00495057 
0.00496747 
0.00452732 
0.00478068 
0.00458413 
0.00452139 
0.00467116 
0.0048231 
0.00519516 
0.00506893 
0.00474864 
0.00482742 
0.00463869 
0.0044908 
0.00441948 
0.00438273 
0.00437295 
0.00469198 
0.00490939 
0.00459797 
0.00476493 
0.00498815 
0.00482324 
0.00471042 
0.00471624 
0.00505199 
0.00468604 
0.00462486 
0.00499245 
0.0048852 
0.00466743 
0.00404406 
0.00441635 
0.004247 
0.00444259 
0.00491108 
0.00479974 
0.0045202 
0.00513002 
0.00469661 
0.00491545 
0.00454116 
0.00439878 
0.00423184 
0.0044122 
0.00493804 
0.00448814 
0.00492897 
0.00458971 
0.00459135 
0.00476794 
0.00482065 
0.00473123 
0.00463536 
0.00466578 
0.00454018 
0.00463137 
0.00463037 
0.00457512 
0.0048729 
0.0048633 
0.00434662 
0.00436026 
0.00453258 
0.00467896 
0.00435749 
0.00471068 
0.00475033 
0.00450825 
0.00449926 
0.00416213 
0.00433953 
0.0042643 
0.00436126 
0.00458937 
0.00466047 
0.00453914 
0.00427049 
0.00416053 
0.0040545 
0.00432682 
0.00418821 
0.00417275 
0.00393542 
0.00424885 
0.00448877 
0.00447606 
0.00440215 
0.00432694 
0.00441261 
0.0043367 
0.00451135 
0.00426233 
0.00425393 
0.00428755 
0.00438033 
0.00431857 
0.00413949 
0.00373553 
0.00398165 
0.00409163 
0.00381833 
0.00407856 
0.00429933 
0.00420226 
0.00417587 
0.00379391 
0.0037482 
0.0039592 
0.00388058 
0.00406655 
0.00377445 
0.00379743 
0.00380881 
0.00402915 
0.00386088 
0.00354253 
0.00378539 
0.00407824 
0.00437245 
0.00430327 
0.0043151 
0.004402 
0.00460756 
0.00445139 
0.00463535 
0.00441617 
0.00418737 
0.00447764 
0.00436806 
0.00452944 
0.00441819 
0.00470491 
0.00438732 
0.00470451 
0.00467269 
0.00485933 
0.00514698 
0.00467442 
0.00486736 
0.00480849 
0.00481004 
0.00473289 
0.0046736 
0.00474429 
0.00466606 
0.00481176 
0.00485329 
0.00433508 
0.00459747 
0.00446286 
0.00449089 
0.00462361 
0.00471484 
0.00464874 
0.00492472 
0.00493319 
0.00474695 
0.00473294 
0.0047976 
0.00463604 
0.00448866 
0.00438092 
0.0044199 
0.00442778 
0.00445667 
0.00426065 
0.0043958 
0.00423433 
0.00432735 
0.00437275 
0.00404669 
0.00415716 
0.00396503 
0.00384374 
0.00384555 
0.00405896 
0.00419727 
0.00445196 
0.00436703 
0.00454787 
0.0044149 
0.00461321 
0.00417902 
0.00456946 
0.0041419 
0.0039475 
0.00415382 
0.0041745 
0.00421198 
0.00409272 
0.00420958 
0.0039391 
0.0040452 
0.00414819 
0.00402258 
0.00390988 
0.00367424 
0.00377171 
0.00375923 
0.00425755 
0.00403142 
0.00384461 
0.00392163 
0.00365578 
0.00352833 
0.00351706 
0.00369058 
0.00352755 
0.00378796 
0.00425007 
0.00368282 
0.00368054 
0.00378116 
0.00350469 
0.00331813 
0.00364971 
0.00343277 
0.00372619 
0.00423255 
0.00457934 
0.00432636 
0.00463212 
0.00561305 
0.00494108 
0.0049938 
0.00457933 
0.00378292 
0.00381308 
0.00354023 
0.00403222 
0.00349066 
0.00381714 
0.00382214 
0.00385107 
0.0041286 
0.00440487 
0.0040158 
0.00439249 
0.00447419 
0.00496288 
0.0047451 
0.00506647 
0.00555215 
0.00545862 
0.00559741 
0.00590588 
0.00567545 
0.00537099 
0.00512697 
0.00472416 
0.00435291 
0.00406132 
0.00438601 
0.0044105 
0.00402159 
0.00410863 
0.00395045 
0.0040729 
0.00394736 
0.00392382 
0.00395786 
0.00410741 
0.00399339 
0.00370741 
0.00379909 
0.0042582 
0.00422006 
0.00393833 
0.00437936 
0.00424347 
0.00393844 
0.0042276 
0.00391481 
0.00377381 
0.00364096 
0.00383473 
0.00385966 
0.00373907 
0.0036219 
0.00386974 
0.00374989 
0.00404294 
0.00409799 
0.00438039 
0.00411203 
0.00421358 
0.00418098 
0.0039976 
0.00391096 
0.00392787 
0.0038408 
0.00422514 
0.00424354 
0.00382622 
0.0044044 
0.00405961 
0.00401545 
0.00385442 
0.00411806 
0.00430907 
0.00422946 
0.00443304 
0.0043928 
0.00406249 
0.00403954 
0.00416285 
0.00400409 
0.00407881 
0.00432795 
0.00436587 
0.00436583 
0.00460791 
0.00441558 
0.00445538 
0.0041784 
0.0040181 
0.00386656 
0.00421419 
0.00418167 
0.00421998 
0.00452137 
0.00443112 
0.00443137 
0.00428877 
0.00427049 
0.00451381 
0.00425075 
0.00443585 
0.00414164 
0.00419883 
0.00422793 
0.00399165 
0.00347572 
0.00363185 
0.00388269 
0.00392715 
0.00407395 
0.00409635 
0.00433171 
0.00409605 
0.00391843 
0.00365035 
0.00376727 
0.00380957 
0.00378179 
0.00369986 
0.0036754 
0.00393846 
0.00411437 
0.00377055 
0.00330949 
0.00368919 
0.00330709 
0.00316105 
0.00336896 
0.00347883 
0.00327539 
0.00315475 
0.00323946 
0.00314459 
0.00313314 
0.00286394 
0.00309761 
0.00313219 
0.00289888 
0.00309505 
0.00296699 
0.00284608 
0.00279268 
0.00282194 
0.00287161 
0.00282599 
0.00258986 
0.00245989 
0.00228936 
0.00210278 
0.00239839 
0.00235472 
0.00243241 
0.00248217 
0.00285895 
0.00273508 
0.00276548 
0.00271876 
0.0027387 
0.00272718 
0.00268738 
0.00281539 
0.00255417 
0.00272195 
0.00260834 
0.00236338 
0.00213535 
0.00211701 
0.00223067 
0.00210401 
0.0023159 
0.00230794 
0.00210084 
0.00209646 
0.00208771 
0.00204373 
0.00218393 
0.00191142 
0.00176918 
0.00190713 
0.00223705 
0.00239891 
0.0026006 
0.00260289 
0.00242129 
0.00240154 
0.00243058 
0.00242326 
0.00232415 
0.00255823 
0.00278442 
0.00315988 
0.00320055 
0.00312551 
0.00344851 
0.00333148 
0.00343656 
0.00336779 
0.00338653 
0.00312664 
0.00332532 
0.00314073 
0.00306719 
0.00335583 
0.00340001 
0.00343032 
0.00368016 
0.00328552 
0.00321354 
0.00330878 
0.00343555 
0.00336618 
0.00315497 
0.00310237 
0.00327851 
0.00358769 
0.00339989 
0.0033592 
0.00346752 
0.00350033 
0.00394976 
0.00373137 
0.00403806 
0.00425059 
0.00370392 
0.0036825 
0.00378924 
0.00370484 
0.00376675 
0.0034378 
0.00337834 
0.00361302 
0.00355193 
0.00321089 
0.00335514 
0.00320975 
0.00321803 
0.00273145 
0.00266943 
0.00270674 
0.00268911 
0.00257412 
0.00294543 
0.00297494 
0.00244613 
0.00286711 
0.00373143 
0.00314422 
0.00367295 
0.0039788 
0.00395538 
0.00362905 
0.00324491 
0.00318268 
0.00313995 
0.00307831 
0.0026658 
0.00268944 
0.00275717 
0.00259738 
0.00246538 
0.0028807 
0.00253666 
0.00265243 
0.00247834 
0.002641 
0.00277897 
0.00261496 
0.00262221 
0.00272852 
0.00294314 
0.0027813 
0.00250658 
0.00236465 
0.00199376 
0.00249043 
0.00250505 
0.00207558 
0.00216064 
0.00196258 
0.0021959 
0.00227938 
0.00202819 
0.0022095 
0.00231155 
0.00237845 
0.00283386 
0.00233333 
0.00249005 
0.00209736 
0.00198076 
0.00193615 
0.00181743 
0.00151485 
0.00129573 
0.00125965 
0.00142369 
0.00142577 
0.00121119 
0.00140833 
0.0012967 
0.00109622 
0.000985193 
0.000866552 
0.00090357 
0.000650617 
0.00070093 
0.000968285 
0.00110305 
0.000943345 
0.000805274 
0.000932063 
0.000706219 
0.000812573 
0.000795837 
0.000698587 
0.000757588 
0.000826533 
0.000811997 
0.000499728 
0.000763259 
0.00081683 
0.000822547 
0.00061132 
0.000436987 
0.000316478 
0.000265734 
0.000340669 
0.000371221 
0.000423701 
0.000529371 
0.000371486 
0.000357485 
0.000370181 
0.000495272 
0.000457006 
0.000443121 
0.000373058 
0.000581551 
0.000584113 
0.000581209 
0.000465004 
0.000498552 
0.000733785 
0.000912751 
0.00110384 
0.00153728 
0.00132483 
0.00125657 
0.00136827 
0.00131045 
0.00136337 
0.00116905 
0.00120152 
0.00088711 
0.00114261 
0.000964928 
0.00100025 
0.00109742 
0.00113769 
0.00104704 
0.000929446 
0.000953929 
0.00118739 
0.00128731 
0.00138809 
0.00153653 
0.00161394 
0.00162447 
0.0016591 
0.0014054 
0.00121133 
0.00155987 
0.00167134 
0.00171112 
0.00152449 
0.00169841 
0.00160866 
0.0016262 
0.00178398 
0.00205163 
0.00204862 
0.00189837 
0.00227031 
0.00244404 
0.00246349 
0.00228039 
0.00199505 
0.00212519 
0.00256964 
0.00233697 
0.00246798 
0.00229795 
0.00213012 
0.00224243 
0.0022111 
0.00221705 
0.00221732 
0.00221818 
0.00209472 
0.00217193 
0.00197781 
0.00229626 
0.00231999 
0.0022126 
0.00249021 
0.00278258 
0.00291964 
0.00285446 
0.00262503 
0.00268005 
0.00258436 
0.00223518 
0.00221825 
0.00221069 
0.00258918 
0.00240246 
0.00275811 
0.00279831 
0.00260128 
0.00228462 
0.00234871 
0.00247561 
0.00237532 
0.00247301 
0.00259278 
0.00267561 
0.00302316 
0.0029027 
0.00292318 
0.00330269 
0.0029967 
0.0031366 
0.00330911 
0.00312041 
0.00294365 
0.00293482 
0.00299735 
0.0027325 
0.00269538 
0.0021966 
0.00257644 
0.0024046 
0.00268578 
0.00230082 
0.00232274 
0.00288839 
0.00257794 
0.0023485 
0.00244909 
0.00234739 
0.00218719 
0.00213031 
0.0021533 
0.00211782 
0.00174326 
0.00203812 
0.00163411 
0.0017193 
0.00157431 
0.00179126 
0.00181225 
0.00177293 
0.00154169 
0.00130402 
0.00133283 
0.00136439 
0.00123962 
0.00127144 
0.00108999 
0.000903752 
0.000591697 
0.000486033 
0.000382449 
0.000403487 
0.000546753 
0.000419532 
0.000418349 
0.000451536 
0.000375981 
0.000445133 
0.000454721 
0.000494756 
0.000644885 
0.000682201 
0.000590765 
0.000590374 
0.000533153 
0.000671634 
0.000805545 
0.000904337 
0.000977706 
0.00128912 
0.00126271 
0.00114778 
0.00117816 
0.00139125 
0.00157949 
0.00161658 
0.00155663 
0.00144508 
0.00142982 
0.00141291 
0.00155075 
0.0017092 
0.00153585 
0.0013324 
0.0011927 
0.00117459 
0.00114744 
0.00113563 
0.00116757 
0.00117853 
0.00139521 
0.0015223 
0.00168235 
0.00156599 
0.00151513 
0.00141269 
0.00138551 
0.0015524 
0.00152438 
0.00152809 
0.00167083 
0.00152597 
0.00143814 
0.00133012 
0.00116262 
0.00117095 
0.00115881 
0.00105563 
0.000923837 
0.000990141 
0.000851329 
0.000613426 
0.000592116 
0.000409184 
0.000430199 
0.000430928 
0.000336381 
0.000238632 
0.000128572 
0.000125693 
0.00014233 
0.000149642 
0.000145896 
0.000136448 
0.000153879 
0.00013892 
0.000139376 
0.000127836 
0.000141069 
0.000146399 
0.000135152 
0.000146695 
0.000139705 
0.000140257 
0.000172236 
0.000173842 
0.000163448 
0.000156478 
0.000188325 
0.000173997 
0.000198582 
0.000221318 
0.000173143 
0.000166472 
0.00016977 
0.000153024 
0.000167374 
0.000240421 
0.000422086 
0.000286168 
0.00033076 
0.000229565 
0.000204915 
0.00021592 
0.000203412 
0.000200186 
0.000211462 
0.000241308 
0.000214828 
0.000267952 
0.000283177 
0.000354154 
0.000440637 
0.000406268 
0.000454425 
0.00056507 
0.000773323 
0.000783833 
0.00129218 
0.00150286 
0.000610655 
0.000529417 
0.000538471 
0.000488457 
0.000515003 
0.000679017 
0.000424428 
0.000413466 
0.000375936 
0.000233629 
0.00023424 
0.000237125 
0.000233082 
0.000257901 
0.000238234 
0.000246535 
0.000239423 
0.000257899 
0.000263306 
0.000258599 
0.000291429 
0.00028566 
0.00027861 
0.000305932 
0.000293024 
0.000297805 
0.00047995 
0.000392266 
0.000328075 
0.000437711 
0.000372135 
0.000294613 
0.000289959 
0.000251319 
0.000253799 
0.000245562 
0.000238735 
0.000228962 
0.000233753 
0.000227861 
0.000231816 
0.000245166 
0.000230415 
0.000252156 
0.000261466 
0.000230812 
0.000323928 
0.000340067 
0.000374853 
0.000333094 
0.000339062 
0.000236681 
0.000321499 
0.000238985 
0.000227489 
0.000233966 
0.000201656 
0.000180701 
0.000176453 
0.000191963 
0.000151738 
0.000162243 
0.000169382 
0.000179157 
0.00018869 
0.000202814 
0.000186718 
0.000163967 
0.000161039 
0.000171058 
0.000159041 
0.000155566 
0.00015606 
0.000197274 
0.000211819 
0.000207524 
0.000215589 
0.000222226 
0.000231301 
0.000242536 
0.000235315 
0.000302489 
0.000253849 
0.0002557 
0.000246687 
0.000226727 
0.000230691 
0.000223192 
0.000258558 
0.000302606 
0.000306282 
0.000247583 
0.000231689 
0.000245642 
0.000254921 
0.000266581 
0.000275042 
0.000264298 
0.000264086 
0.000293729 
0.000294843 
0.000293698 
0.000299964 
0.000404858 
0.000327951 
0.000356931 
0.000510875 
0.00055024 
0.000560011 
0.000593132 
0.00071252 
0.000621846 
0.000580894 
0.000529349 
0.000608034 
0.000646124 
0.000880219 
0.000692877 
0.000735188 
0.000628444 
0.000870936 
0.00098082 
0.000769702 
0.000615252 
0.000707238 
0.000515455 
0.000531885 
0.000525547 
0.000643355 
0.000759568 
0.000645966 
0.000720178 
0.000858349 
0.000850365 
0.000962501 
0.000583058 
0.000437234 
0.000380059 
0.000376397 
0.00037378 
0.000351313 
0.00038034 
0.0003599 
0.000374105 
0.000376129 
0.000371641 
0.000353694 
0.000386521 
0.000377588 
0.000400208 
0.000358014 
0.000387359 
0.000418259 
0.000398506 
0.000411537 
0.000376023 
0.000361817 
0.000371235 
0.000362786 
0.00036108 
0.000342637 
0.000352883 
0.000342736 
0.000555253 
0.00073659 
0.00040906 
0.000480819 
0.000464568 
0.000698779 
0.000776754 
0.000711687 
0.000640638 
0.00075543 
0.000665457 
0.000477122 
0.000751779 
0.00083073 
0.0014166 
0.00113229 
0.00104131 
0.00146609 
0.00128349 
0.00108051 
0.000810067 
0.000676654 
0.000439549 
0.000351518 
0.000351161 
0.000373664 
0.000361824 
0.000362694 
0.000363544 
0.000382357 
0.000345116 
0.00036208 
0.000346135 
0.000330564 
0.000323748 
0.000335169 
0.00032199 
0.000310816 
0.000295823 
0.00031159 
0.00030205 
0.000308363 
0.000306498 
0.000316772 
0.000318488 
0.000306493 
0.000318694 
0.00031707 
0.0003046 
0.000285144 
0.000295949 
0.000340932 
0.000341208 
0.0002735 
0.000266279 
0.000280457 
0.00026707 
0.000273248 
0.000246066 
0.000230172 
0.000235316 
0.000220393 
0.000228095 
0.000262492 
0.000225433 
0.000217821 
0.0002148 
0.000210332 
0.000221575 
0.000220389 
0.000215396 
0.00021807 
0.000218266 
0.000245912 
0.00024377 
0.000232387 
0.000231366 
0.000244991 
0.000265647 
0.000246062 
0.000245182 
0.00025638 
0.000249934 
0.000256208 
0.000326878 
0.000329815 
0.000310499 
0.00028965 
0.000259713 
0.000280178 
0.000288428 
0.000322112 
0.000304468 
0.00029262 
0.000323022 
0.000309051 
0.0003706 
0.000373214 
0.000445111 
0.000286166 
0.000316766 
0.000283543 
0.000263818 
0.000274083 
0.000279844 
0.000261767 
0.000243159 
0.000258725 
0.000271964 
0.000269635 
0.000263118 
0.000279856 
0.000258194 
0.000269826 
0.000262191 
0.000258251 
0.000272521 
0.000270107 
0.000257557 
0.000246374 
0.00024795 
0.000261332 
0.000260943 
0.000254805 
0.000245304 
0.000252891 
0.000256454 
0.000244099 
0.000255961 
0.000237467 
0.000231579 
0.00023935 
0.000226825 
0.00021636 
0.000222624 
0.000214222 
0.000200176 
0.000205643 
0.000196318 
0.00019056 
0.000198457 
0.000169367 
0.000182202 
0.000190201 
0.000204676 
0.000218691 
0.000178374 
0.000191524 
0.000208259 
0.000199166 
0.000210275 
0.000201675 
0.000192951 
0.000200568 
0.000192881 
0.000194114 
0.000188532 
0.000190239 
0.000183968 
0.000205827 
0.000234634 
0.000235077 
0.000349717 
0.000204056 
0.000166375 
0.000173932 
0.000185122 
0.000186524 
0.00018571 
0.000193399 
0.000186303 
0.000191073 
0.000172088 
0.000164224 
0.000178877 
0.000168839 
0.000177587 
0.000160088 
0.000179258 
0.000540526 
0.000297177 
0.00038368 
0.000735127 
0.00108776 
0.00109952 
0.000814223 
0.000717496 
0.000676361 
0.000745891 
0.000691358 
0.000696363 
0.000584879 
0.000316723 
0.00033321 
0.000181855 
0.000182373 
0.000204636 
0.000161951 
0.000157538 
0.000162549 
0.00014943 
0.000137911 
0.000138924 
0.000128892 
0.000137261 
0.000153466 
0.000142115 
0.000121844 
0.000116964 
0.00010014 
0.000104489 
9.70711e-05 
9.25661e-05 
0.00010907 
0.000130744 
0.000135649 
0.000126303 
0.000117956 
0.000131943 
0.000157945 
0.000131533 
0.000141856 
0.000129269 
0.000141622 
0.00011554 
0.00013309 
0.000192211 
0.000196413 
0.000161282 
0.000131873 
0.000152303 
0.000181546 
0.000135539 
0.000147962 
0.00014645 
0.000120436 
0.00013191 
0.000119526 
0.000121804 
0.000138471 
0.000130753 
0.000118936 
0.000139976 
0.000114805 
0.00011469 
0.000146136 
0.000106116 
0.000118063 
0.000177912 
0.000151676 
0.000122648 
0.000166509 
0.000156996 
0.00016986 
0.000160235 
0.000160008 
0.000157938 
0.000160689 
0.000180906 
0.00019765 
0.000175427 
0.000156714 
0.000159738 
0.000158204 
0.00015168 
0.000152748 
0.000158383 
0.000178633 
0.000176312 
0.000176367 
0.000225411 
0.00030819 
0.00038915 
0.000338454 
0.000246162 
0.00027181 
0.000249227 
0.000176042 
0.000174536 
0.000182915 
0.000192455 
0.000177208 
0.000186304 
0.000171982 
0.00016489 
0.000189949 
0.00020084 
0.000269795 
0.000330962 
0.000325508 
0.000188724 
0.000188151 
0.000178714 
0.000174794 
0.000198039 
0.000188672 
0.000180487 
0.000217731 
0.000202213 
0.000190279 
0.00017521 
0.000189665 
0.000187545 
0.000202872 
0.000200907 
0.00024195 
0.000227501 
0.000345508 
0.000430406 
0.000674358 
0.000556257 
0.000400541 
0.000323657 
0.00030487 
0.000312203 
0.000316095 
0.000327903 
0.000280462 
0.000305333 
0.000298958 
0.000305578 
0.000366244 
0.000344588 
0.00032485 
0.000332961 
0.000351655 
0.000411807 
0.000427924 
0.000471897 
0.000467918 
0.000447152 
0.00040018 
0.000428123 
0.000438974 
0.000413124 
0.000367029 
0.000389733 
0.000385542 
0.000417219 
0.000423758 
0.000443851 
0.00038011 
0.000439921 
0.000461061 
0.000550832 
0.000538684 
0.000550552 
0.00060615 
0.000654791 
0.000740257 
0.000802719 
0.000802338 
0.000803539 
0.000816228 
0.000697678 
0.000583937 
0.000566307 
0.00044899 
0.000358372 
0.000348272 
0.000371876 
0.000391718 
0.000402441 
0.000349238 
0.000288837 
0.000265947 
0.000304325 
0.000241571 
0.000218244 
0.00019781 
0.000204861 
0.000221015 
0.000197969 
0.000221233 
0.000210936 
0.000205318 
0.000207118 
0.000162245 
0.000196192 
0.000169776 
0.000137967 
0.000168307 
0.000204895 
0.000273758 
0.000285001 
0.000290113 
0.000232753 
0.000233184 
0.000223145 
0.000220016 
0.000292332 
0.000262399 
0.000266773 
0.000211415 
0.000245176 
0.000230776 
0.000257386 
0.000226991 
0.000220335 
0.000243084 
0.000244246 
0.000231296 
0.000207911 
0.000199124 
0.000174827 
0.000165878 
0.000197392 
0.000179233 
0.000194994 
0.000190627 
0.000184528 
0.000177788 
0.000189206 
0.000184774 
0.000176749 
0.000184824 
0.000172149 
0.000156472 
0.000156379 
0.000166261 
0.000164094 
0.000156436 
0.000171457 
0.000154112 
0.000139725 
0.000153539 
0.0001652 
0.000157823 
0.000196041 
0.000199646 
0.000208412 
0.000225654 
0.000257756 
0.000286716 
0.000296554 
0.000311073 
0.000359246 
0.00033732 
0.000483881 
0.000527934 
0.000370767 
0.000463487 
0.000363964 
0.000424105 
0.000486608 
0.000546293 
0.000548374 
0.00045034 
0.000389032 
0.000415082 
0.000492156 
0.000403419 
0.000399976 
0.00043279 
0.000498918 
0.000499982 
0.000463512 
0.000440081 
0.000495837 
0.00050068 
0.000452389 
0.000513207 
0.00046386 
0.000473755 
0.000464153 
0.000490102 
0.000490727 
0.000440649 
0.000436599 
0.000481329 
0.000470179 
0.000501986 
0.000556423 
0.000594889 
0.000583411 
0.000656845 
0.000636582 
0.00078242 
0.000693331 
0.000803253 
0.000793231 
0.000815265 
0.000621686 
0.000599803 
0.000668888 
0.000720406 
0.000735925 
0.000746785 
0.00076764 
0.000793011 
0.000878808 
0.000900041 
0.00090781 
0.00086487 
0.00086721 
0.000767411 
0.000711618 
0.000838104 
0.000790638 
0.000751506 
0.000678861 
0.00074371 
0.000762508 
0.000723155 
0.000682267 
0.000630221 
0.000586038 
0.000596937 
0.000620943 
0.000643113 
0.000541796 
0.000530783 
0.00050795 
0.000574256 
0.000448691 
0.000432815 
0.000474915 
0.00045412 
0.000456796 
0.000486664 
0.000480423 
0.000385278 
0.000409147 
0.00045948 
0.000515651 
0.000498964 
0.000471952 
0.000450187 
0.000515694 
0.000624427 
0.000642687 
0.000671404 
0.000648525 
0.000584346 
0.000611666 
0.000716513 
0.000894381 
0.000754481 
0.000741811 
0.000833972 
0.00087606 
0.000805812 
0.000844005 
0.000981413 
0.000943714 
0.000727024 
0.000909336 
0.000893491 
0.00109824 
0.00100526 
0.00100811 
0.000947664 
0.000903447 
0.00106478 
0.000939137 
0.00090846 
0.000902316 
0.00108149 
0.00111581 
0.00108258 
0.00102925 
0.00103977 
0.00106186 
0.00116245 
0.00119635 
0.000949745 
0.00105301 
0.00111676 
0.00112018 
0.00108215 
0.00111382 
0.00114474 
0.0012533 
0.00128539 
0.00164522 
0.00158106 
0.00164966 
0.00169822 
0.00161599 
0.00156301 
0.00186144 
0.00162959 
0.00124683 
0.0012132 
0.00124754 
0.00138535 
0.0013322 
0.00113693 
0.0012102 
0.00125126 
0.00148962 
0.00157433 
0.00143451 
0.00144113 
0.0015903 
0.00148431 
0.0017748 
0.00164957 
0.00175389 
0.0016048 
0.00145072 
0.00150517 
0.00129968 
0.00118514 
0.00136188 
0.0012318 
0.00147966 
0.0014755 
0.00135593 
0.00162872 
0.00126352 
0.0010965 
0.00103045 
0.000932139 
0.00103328 
0.00103379 
0.000916517 
0.000781649 
0.00079811 
0.000734683 
0.000755753 
0.000695371 
0.000613542 
0.000576667 
0.000616562 
0.000572898 
0.000606567 
0.000582663 
0.000555573 
0.000535298 
0.000578007 
0.000481756 
0.000503294 
0.000479448 
0.00048217 
0.000461349 
0.000395915 
0.000434497 
0.000468013 
0.000548452 
0.00052552 
0.000560721 
0.000556598 
0.000506703 
0.00044043 
0.000409586 
0.000415012 
0.00041116 
0.000360346 
0.00032851 
0.000383789 
0.000484841 
0.000507333 
0.0005762 
0.000527479 
0.000478379 
0.00061049 
0.000570359 
0.000651085 
0.000614767 
0.000659105 
0.000652426 
0.000633032 
0.000533542 
0.000651944 
0.000653069 
0.000655077 
0.000646939 
0.000578608 
0.000528061 
0.000512144 
0.00054537 
0.000506638 
0.000529872 
0.000457683 
0.000498371 
0.000475154 
0.000509185 
0.000440948 
0.000526972 
0.000722907 
0.000722084 
0.000760697 
0.000636977 
0.000685183 
0.00073454 
0.000753701 
0.000781329 
0.000887868 
0.00079714 
0.000948206 
0.000644042 
0.000667425 
0.000776879 
0.000738927 
0.000851911 
0.000940887 
0.00116251 
0.000974568 
0.000785706 
0.0005755 
0.000382042 
0.0004338 
0.000513978 
0.000491782 
0.000571401 
0.000559514 
0.000533671 
0.000590184 
0.000540082 
0.000494362 
0.000573607 
0.000634821 
0.000641665 
0.000691605 
0.000701334 
0.000710945 
0.000732029 
0.000740203 
0.000653832 
0.000651212 
0.000640589 
0.000549861 
0.000603198 
0.000738427 
0.0008222 
0.000849361 
0.00078708 
0.000793388 
0.000763235 
0.000839238 
0.000849434 
0.000867708 
0.000783722 
0.000818426 
0.000772173 
0.000834697 
0.000828949 
0.000729085 
0.000628234 
0.000636395 
0.000736893 
0.000759828 
0.000829473 
0.000834781 
0.000790485 
0.000691875 
0.000750728 
0.000840012 
0.000947996 
0.000991482 
0.000879733 
0.000911244 
0.000863816 
0.000858111 
0.000893742 
0.000806848 
0.00103351 
0.000895673 
0.000886356 
0.000872663 
0.00109316 
0.000923908 
0.000854338 
0.00100328 
0.00128244 
0.00155981 
0.00159855 
0.00152059 
0.00154 
0.0012643 
0.00101115 
0.00105906 
0.000875797 
0.000955716 
0.00104839 
0.00101275 
0.00120656 
0.00163229 
0.00125442 
0.00108269 
0.000838487 
0.000988271 
0.000862182 
0.000800708 
0.000910836 
0.000768216 
0.000889125 
0.000559315 
0.000664963 
0.000740869 
0.000868699 
0.00097967 
0.00102369 
0.00103809 
0.00114376 
0.00121287 
0.00152875 
0.00131262 
0.00118808 
0.0010679 
0.00123917 
0.00101358 
0.000881347 
0.000774058 
0.000633433 
0.000616358 
0.000606622 
0.00052487 
0.000472878 
0.000465945 
0.000381055 
0.000507602 
0.00057853 
0.000517593 
0.000486342 
0.000486057 
0.000431591 
0.000423289 
0.000553019 
0.000696955 
0.000546218 
0.000397334 
0.000437611 
0.0004794 
0.000408454 
0.000332063 
0.00025984 
0.000268202 
0.000211628 
0.00020134 
0.000215658 
0.000231263 
0.00028502 
0.000277941 
0.00023 
0.00022977 
0.000244124 
0.000209989 
0.000173192 
0.000177291 
0.000151943 
0.000177117 
0.000170671 
0.000159329 
0.0002073 
0.000242291 
0.000266141 
0.000277458 
0.000317934 
0.00036238 
0.00034705 
0.000390782 
0.000427021 
0.000334203 
0.000347286 
0.000364416 
0.000368209 
0.00038314 
0.000364831 
0.000520106 
0.000542371 
0.000511105 
0.000569466 
0.000519559 
0.000497613 
0.000477087 
0.000504107 
0.000563546 
0.000475969 
0.000508618 
0.00046596 
0.000421565 
0.000476226 
0.000462179 
0.000458219 
0.000492819 
0.000489976 
0.000563316 
0.000574691 
0.000449037 
0.000569727 
0.000554148 
0.000497748 
0.000489272 
0.000558569 
0.000575617 
0.000561801 
0.000487484 
0.000664953 
0.000752469 
0.000693816 
0.000607635 
0.000578758 
0.000562578 
0.000463121 
0.000317755 
0.000302678 
0.000323252 
0.000333865 
0.00034114 
0.000323893 
0.000379017 
0.000394284 
0.000431255 
0.000438913 
0.000516859 
0.000557953 
0.00060836 
0.000696004 
0.000678864 
0.000732093 
0.000631698 
0.00060134 
0.000544694 
0.000466008 
0.000473184 
0.000486664 
0.000431725 
0.000435033 
0.000456176 
0.000396848 
0.000454478 
0.000456486 
0.0004882 
0.000489277 
0.000451551 
0.000369632 
0.000326096 
0.000331544 
0.0003439 
0.000311121 
0.000289712 
0.000267586 
0.000238278 
0.000258607 
0.000297014 
0.000304771 
0.000326377 
0.000319067 
0.000335447 
0.000368984 
0.000358974 
0.000364682 
0.000381503 
0.000339373 
0.000358271 
0.000418707 
0.000435461 
0.000401272 
0.000421493 
0.000394907 
0.000384027 
0.000386922 
0.000356772 
0.00036082 
0.000335875 
0.000351092 
0.00035615 
0.000360164 
0.000353734 
0.000325339 
0.000348649 
0.000335197 
0.000353859 
0.000415785 
0.000490628 
0.000562219 
0.000547039 
0.000548761 
0.000442994 
0.000487882 
0.000503923 
0.000555949 
0.000450646 
0.000480283 
0.00049088 
0.000482397 
0.000526488 
0.000545567 
0.00058953 
0.000624428 
0.000594744 
0.000541705 
0.000469487 
0.000458938 
0.000575903 
0.00062051 
0.000661324 
0.000891372 
0.00079601 
0.000708308 
0.00049574 
0.000555353 
0.000354809 
0.000358551 
0.000375756 
0.000435021 
0.000422447 
0.000394937 
0.000383454 
0.000433748 
0.000426907 
0.000464949 
0.000516703 
0.000495293 
0.0004859 
0.000496193 
0.000477418 
0.000443768 
0.000433068 
0.000429151 
0.000420891 
0.000356824 
0.000328932 
0.000397059 
0.000334669 
0.000392829 
0.000415415 
0.000400166 
0.000437762 
0.000352065 
0.000330442 
0.000307726 
0.000264929 
0.000300571 
0.000254223 
0.000246678 
0.000229215 
0.000233144 
0.000265803 
0.000315506 
0.000308551 
0.000356807 
0.000331765 
0.000303555 
0.000296232 
0.000310139 
0.000271065 
0.000271509 
0.000260443 
0.000253268 
0.000235837 
0.000224834 
0.000218422 
0.000214502 
0.000187851 
0.00019505 
0.00021893 
0.000217691 
0.000222332 
0.000229216 
0.000250354 
0.000275609 
0.000267271 
0.000215907 
0.000212874 
0.000232395 
0.000236393 
0.000219525 
0.000219205 
0.000213953 
0.000213333 
0.000216608 
0.000226771 
0.000243375 
0.00022217 
0.000213679 
0.000216576 
0.000225404 
0.000204342 
0.000205204 
0.000206818 
0.000217849 
0.000224149 
0.000259769 
0.000294514 
0.000216527 
0.000221743 
0.000211669 
0.00022028 
0.000219706 
0.000218818 
0.000223714 
0.000222688 
0.000213501 
0.000217612 
0.000212206 
0.000218712 
0.000215477 
0.00022095 
0.00021631 
0.000226062 
0.000211585 
0.000222422 
0.000224632 
0.000220422 
0.000206634 
0.000187317 
0.000200088 
0.000212814 
0.000220287 
0.000230554 
0.000264349 
0.000257499 
0.000266127 
0.000297139 
0.000294375 
0.000283605 
0.000276465 
0.000235517 
0.000245489 
0.000257665 
0.000207331 
0.00020818 
0.00016106 
0.000150668 
0.000219974 
0.00030853 
0.000218291 
0.000161023 
0.00016911 
0.000111948 
0.000112936 
0.000110149 
0.00010354 
9.88083e-05 
9.50015e-05 
0.000106104 
0.000120247 
0.000106468 
0.000113811 
0.000141176 
0.000111386 
0.00010164 
0.000105106 
0.000110356 
0.000127338 
0.000134193 
0.00011566 
0.00011908 
0.000107139 
0.000110647 
9.72123e-05 
9.39978e-05 
9.47294e-05 
0.000108878 
0.000110851 
0.000100959 
0.000101507 
0.000111235 
0.000104125 
0.000107416 
8.84611e-05 
0.000109492 
8.23057e-05 
6.96572e-05 
5.23953e-05 
5.4158e-05 
6.23262e-05 
7.07559e-05 
0.000108233 
0.000116666 
0.000140701 
0.0001436 
0.000189407 
0.000184815 
0.000234867 
0.000249905 
0.000214626 
0.000152701 
0.000214859 
0.000255912 
0.000272836 
0.00027926 
0.000237662 
0.000228856 
0.0001883 
0.000180739 
0.000171206 
0.000158514 
0.000160419 
0.000165713 
0.000225834 
0.000149877 
0.000132964 
0.00014582 
0.000149433 
0.000159029 
0.000167675 
0.000190235 
0.000278901 
0.000379882 
0.000305018 
0.00036917 
0.000403384 
0.000495733 
0.000498772 
0.000361611 
0.000370356 
0.000242826 
0.000204984 
0.000211468 
0.000149693 
0.000134391 
0.000147016 
0.000145519 
0.000142376 
0.000131423 
0.000125642 
0.00013153 
0.000142042 
0.000129731 
0.000142206 
0.00013861 
0.000149064 
0.000138308 
0.000167661 
0.000181565 
0.000135266 
0.000179749 
0.000236422 
0.000121025 
0.000110013 
0.000113121 
0.000109141 
0.000121013 
0.000108132 
0.000223826 
0.000371003 
0.000359566 
0.000164836 
0.000169209 
0.000174057 
0.000143714 
0.000123096 
0.000126133 
0.000154788 
0.000138549 
0.000148105 
0.00013463 
0.000122348 
0.000141615 
0.000156917 
0.000146071 
0.000128565 
0.000184319 
0.000186627 
0.000228199 
0.000279503 
0.000402473 
0.000359892 
0.000330289 
0.000302677 
0.00034644 
0.000515129 
0.000408219 
0.000305301 
0.000403562 
0.000546316 
0.00088372 
0.000760119 
0.000768845 
0.000742168 
0.000818034 
0.000970925 
0.000896825 
0.000977903 
0.000735915 
0.000649846 
0.000668903 
0.000590311 
0.000590133 
0.000757702 
0.000680484 
0.000580494 
0.000587243 
0.000550137 
0.000582378 
0.000611686 
0.000869628 
0.000766249 
0.000798487 
0.000966566 
0.00129615 
0.00114044 
0.000975469 
0.00107099 
0.00124284 
0.00131507 
0.0012946 
0.00138677 
0.0013905 
0.00140016 
0.00128651 
0.00108169 
0.00119935 
0.0011568 
0.00130184 
0.00126034 
0.00132896 
0.001357 
0.00145563 
0.00141186 
0.00145421 
0.00144066 
0.00168417 
0.00186271 
0.00164171 
0.00150205 
0.00158769 
0.00167707 
0.00168207 
0.0016644 
0.00189502 
0.00176421 
0.001724 
0.00175533 
0.00193198 
0.00192577 
0.00217477 
0.00232933 
0.00229679 
0.00252606 
0.00256616 
0.00247185 
0.0024275 
0.00266415 
0.00251757 
0.00274097 
0.00265217 
0.00262606 
0.00270574 
0.00245282 
0.00251599 
0.00282548 
0.00271377 
0.00281589 
0.00293821 
0.00300097 
0.00290776 
0.00301967 
0.00280342 
0.00282503 
0.00270174 
0.00265468 
0.00266854 
0.00268868 
0.00261687 
0.00263981 
0.00290466 
0.00291508 
0.00271755 
0.00272643 
0.00271749 
0.0026347 
0.00276082 
0.00274713 
0.00271623 
0.00250084 
0.00249697 
0.00230103 
0.00239401 
0.00231302 
0.00193205 
0.00163554 
0.00155255 
0.00146654 
0.00169223 
0.00166385 
0.00171872 
0.00195812 
0.00193262 
0.00176858 
0.00176031 
0.00189568 
0.00176024 
0.00151128 
0.00145395 
0.00152436 
0.00169978 
0.00163252 
0.00151035 
0.00147971 
0.00169416 
0.00168751 
0.00167298 
0.0017668 
0.00182054 
0.00166839 
0.00164844 
0.00190895 
0.00193695 
0.00211797 
0.00231769 
0.00223469 
0.00206052 
0.0020134 
0.00206287 
0.00213613 
0.00221339 
0.00206541 
0.00205352 
0.0021875 
0.00208704 
0.00209034 
0.00204043 
0.00196767 
0.0020375 
0.00208506 
0.00210098 
0.00219072 
0.00223305 
0.00202454 
0.00217186 
0.00219342 
