201 100
0.000104276 0.0021664 0.00253925 0.000113879 9.91775e-05 0.00253212 0.00199483
0.00534176 0.0506726 0.00683465 0.00136793 0.033565 0.0236987 0.168406
0.00595125 0.0693556 0.00616969 0.00178212 0.0415605 0.0346123 0.254653
0.00598553 0.0798648 0.0067081 0.00223558 0.0442258 0.0442775 0.314111
0.00646072 0.093961 0.00675687 0.00263708 0.0476495 0.0535577 0.371158
0.00681362 0.10118 0.00746006 0.0033216 0.044132 0.0618117 0.391523
0.00627162 0.107965 0.00708298 0.00315786 0.0429273 0.0684247 0.399259
0.00679133 0.119399 0.00724859 0.00354061 0.0432934 0.0786194 0.430028
0.00672214 0.118057 0.00694985 0.00357281 0.0456164 0.0817835 0.425238
0.00683334 0.115462 0.00705777 0.00360769 0.0474129 0.0797561 0.427779
0.00710881 0.127667 0.00765239 0.00401089 0.0442838 0.0909246 0.428775
0.00733636 0.138218 0.00729656 0.00435626 0.0444619 0.0993534 0.482025
0.00762684 0.137993 0.00754245 0.00463142 0.047681 0.102995 0.468676
0.0077703 0.150577 0.00787803 0.00492138 0.0462308 0.117012 0.457017
0.0085011 0.146344 0.0079159 0.00546959 0.0494073 0.116206 0.441772
0.00837698 0.151569 0.00691128 0.0055069 0.0488191 0.123402 0.44237
0.0078457 0.152192 0.00824592 0.00534265 0.0441887 0.126705 0.431833
0.00811202 0.156023 0.00750939 0.00533285 0.0514593 0.132262 0.425759
0.00837854 0.152731 0.00756142 0.00567413 0.0506623 0.132669 0.393761
0.00782358 0.159224 0.00860445 0.00555444 0.044833 0.13853 0.418055
0.0071801 0.159086 0.00741616 0.00473155 0.0493301 0.139377 0.418294
0.00868593 0.163328 0.00783555 0.00612771 0.0525142 0.14483 0.396235
0.00806299 0.161305 0.00758958 0.00559156 0.0532757 0.143497 0.400783
0.00754843 0.162474 0.0075203 0.00530558 0.049415 0.14555 0.394978
0.0073459 0.160314 0.00812465 0.0052572 0.0465566 0.144203 0.400687
0.00767886 0.16705 0.00812287 0.00529955 0.0526694 0.150614 0.415781
0.00806333 0.169795 0.00772923 0.00562837 0.0571551 0.152794 0.420907
0.00751538 0.163963 0.00827838 0.00525059 0.05688 0.147937 0.424878
0.00831885 0.164739 0.00777786 0.00599637 0.0578264 0.150567 0.388857
0.00779606 0.162478 0.0076816 0.00554543 0.0540043 0.149317 0.372623
0.00824936 0.16778 0.00839529 0.00586315 0.0582442 0.153869 0.397665
0.00831089 0.172973 0.00851442 0.00600107 0.0525767 0.158529 0.393723
0.00826489 0.173529 0.00893606 0.00595763 0.0535809 0.15733 0.419974
0.00889963 0.181905 0.00797987 0.00646558 0.0572382 0.165951 0.425663
0.00868153 0.184376 0.00727947 0.00637401 0.0526643 0.169512 0.398044
0.00777848 0.17233 0.00868783 0.00542068 0.0595716 0.157728 0.412534
0.00830247 0.178412 0.00815622 0.00600567 0.0520852 0.163401 0.411589
0.0076486 0.172854 0.00769428 0.00540653 0.0577214 0.159505 0.400732
0.00794504 0.175167 0.00797018 0.00567989 0.0594966 0.161886 0.402302
0.00826506 0.184419 0.00876329 0.00612876 0.0555128 0.17192 0.389711
0.00815704 0.189365 0.0090253 0.00590775 0.0625418 0.174575 0.457509
0.00845181 0.187943 0.00866729 0.00619627 0.0611069 0.174689 0.428675
0.00841911 0.186291 0.00761575 0.00630417 0.0581568 0.173098 0.426087
0.00864238 0.195861 0.00837478 0.00663686 0.0543274 0.183195 0.430874
0.00903346 0.19109 0.00842594 0.00678946 0.0579526 0.179658 0.393997
0.00857393 0.186485 0.00846332 0.00637904 0.0618897 0.174002 0.423191
0.00859624 0.185113 0.00782088 0.00621663 0.0632864 0.171468 0.426884
0.00834106 0.184015 0.00850894 0.00606333 0.0603428 0.170993 0.413994
0.00850879 0.184914 0.00855216 0.00606302 0.0664512 0.17439 0.37337
0.00826048 0.184802 0.00858603 0.00596294 0.0664359 0.174362 0.381353
0.00831319 0.178384 0.00807168 0.00613965 0.0621083 0.167278 0.385753
0.00813141 0.176272 0.00879734 0.00586112 0.0655615 0.165716 0.385417
0.00893331 0.183528 0.00795912 0.00647676 0.0720619 0.172029 0.413738
0.00895514 0.184753 0.00857826 0.00659728 0.0728534 0.173788 0.423927
0.00911392 0.19857 0.00827022 0.00689539 0.069603 0.187657 0.429395
0.00867954 0.193532 0.0082635 0.00650844 0.0634583 0.182091 0.431413
0.00837041 0.19517 0.00828489 0.00625049 0.0662266 0.183256 0.447909
0.00835044 0.193827 0.00799778 0.00620891 0.0675267 0.182601 0.430039
0.00797162 0.189695 0.00814365 0.00602908 0.0606144 0.17786 0.44016
0.00784917 0.186752 0.00789601 0.00591737 0.0625434 0.175916 0.430905
0.00827115 0.195817 0.00824326 0.00620953 0.0582925 0.185665 0.390222
0.00822411 0.194917 0.00797688 0.00618521 0.0657213 0.184251 0.429348
0.00846148 0.201718 0.0082765 0.0061995 0.0699341 0.19174 0.414529
0.00861974 0.215148 0.00932027 0.00638836 0.0642357 0.20522 0.427447
0.00788939 0.203555 0.00860814 0.00582204 0.06009 0.194522 0.394689
0.00813139 0.2024 0.00790658 0.00601075 0.0654294 0.193661 0.395225
0.00844113 0.205585 0.00861318 0.00623312 0.0674079 0.196228 0.413667
0.0091322 0.194666 0.00806361 0.00691318 0.0764746 0.185507 0.410015
0.00945181 0.212079 0.00802038 0.00727462 0.0649906 0.203234 0.395517
0.00858556 0.210627 0.00812873 0.00661403 0.0653577 0.200794 0.426969
0.00902625 0.209656 0.00841544 0.00691263 0.0674045 0.199651 0.429354
0.00897858 0.205132 0.00956214 0.00698342 0.0663905 0.194992 0.43707
0.00882467 0.204153 0.00892427 0.00684007 0.0651629 0.193824 0.443045
0.00880743 0.202778 0.00850591 0.00676374 0.0688409 0.191909 0.454426
0.00887743 0.203401 0.00815046 0.00683935 0.0640653 0.192976 0.435583
0.00865833 0.1937 0.00787516 0.00666076 0.065013 0.185028 0.401283
0.00938716 0.202389 0.00900519 0.00746849 0.0596636 0.193674 0.408894
0.00920132 0.199447 0.00844474 0.00720079 0.0661363 0.191166 0.400215
0.00951227 0.205798 0.00923644 0.00737087 0.0760819 0.197743 0.396843
0.00967326 0.207441 0.00880896 0.00753099 0.0738502 0.1996 0.398074
0.00930909 0.211431 0.00903167 0.00741332 0.0696028 0.203676 0.413801
0.00907424 0.209615 0.00845645 0.00724708 0.0632178 0.203303 0.367119
0.00879208 0.212178 0.00876896 0.00689948 0.0646994 0.206141 0.375583
0.00924998 0.221352 0.00877955 0.00726701 0.0719561 0.214218 0.419091
0.00948257 0.215423 0.00868842 0.0075124 0.0755929 0.208915 0.393915
0.00939053 0.213736 0.00778041 0.00746046 0.0761095 0.207398 0.396889
0.00949426 0.216288 0.00833343 0.0074779 0.0771799 0.210733 0.368858
0.00844001 0.207827 0.00846849 0.00642066 0.0767837 0.201563 0.403489
0.00881427 0.212509 0.00926032 0.0067619 0.0833529 0.206782 0.393813
0.00883114 0.211831 0.00842857 0.00703464 0.0822511 0.20605 0.411693
0.00864129 0.206311 0.00822894 0.00686835 0.0794653 0.2008 0.389847
0.00904526 0.206462 0.00829148 0.00714905 0.0948763 0.200222 0.424502
0.00941986 0.212345 0.00813596 0.00769157 0.0738727 0.206601 0.400765
0.00981209 0.213583 0.0080438 0.00790173 0.0827973 0.207295 0.421796
0.00965643 0.204476 0.00889041 0.00776185 0.0909656 0.197484 0.46133
0.00927821 0.21634 0.00901785 0.00733484 0.0951754 0.209255 0.471844
0.00915984 0.216157 0.00875136 0.00735951 0.0851144 0.20988 0.426807
0.00939012 0.213137 0.00935867 0.00760452 0.0850607 0.206654 0.435801
0.00942449 0.21369 0.00953196 0.00757824 0.0859687 0.206906 0.446669
0.0104032 0.22529 0.00970142 0.00840859 0.0996143 0.218318 0.480415
0.00958171 0.219274 0.00891585 0.00766637 0.0890943 0.212484 0.444826
0.0093604 0.218022 0.00930278 0.00737265 0.0873924 0.211461 0.421939
0.00951027 0.224784 0.00937389 0.00748359 0.088447 0.217285 0.469757
0.00938933 0.216144 0.00907866 0.00741334 0.0894973 0.208065 0.487842
0.00928587 0.21934 0.00835107 0.00740266 0.0877191 0.210959 0.512188
0.00975828 0.221425 0.00814875 0.00779375 0.089477 0.213219 0.494073
0.00891597 0.211564 0.00911023 0.00720325 0.0821001 0.20496 0.446221
0.00961357 0.209332 0.00830712 0.00767628 0.0938581 0.203277 0.419699
0.0100583 0.210024 0.00910559 0.00793669 0.103287 0.204237 0.421495
0.00938757 0.206261 0.00802945 0.0074252 0.0979188 0.201241 0.388887
0.00882254 0.198638 0.00908613 0.00705659 0.0842811 0.194171 0.355108
0.00915061 0.210756 0.00848978 0.00727451 0.0920207 0.205535 0.401857
0.00988886 0.217316 0.00882691 0.00774403 0.094087 0.211524 0.414415
0.0100357 0.212434 0.00861715 0.00801612 0.0989512 0.207025 0.406229
0.00996582 0.22588 0.00897705 0.00791921 0.0994485 0.220793 0.412252
0.00945353 0.210785 0.00878004 0.00730803 0.114047 0.20538 0.422462
0.00978215 0.203296 0.00859171 0.00774136 0.0879954 0.198912 0.353206
0.00984402 0.205193 0.00890096 0.00786797 0.0956924 0.199502 0.415422
0.0093901 0.214427 0.00958858 0.00733069 0.0992035 0.208369 0.444256
0.00960805 0.214205 0.00918032 0.00754653 0.104378 0.208708 0.412882
0.00961452 0.213925 0.00823588 0.00752917 0.112514 0.207917 0.455224
0.0094066 0.211828 0.00958961 0.0074197 0.101888 0.205086 0.486662
0.00985248 0.216845 0.00868592 0.00775654 0.10652 0.210518 0.447113
0.00994877 0.205483 0.00815044 0.00781485 0.116782 0.200172 0.43221
0.00982877 0.222819 0.00935141 0.00771355 0.104454 0.218348 0.388933
0.00995942 0.221253 0.00914618 0.00788274 0.113057 0.215993 0.439455
0.0089635 0.207912 0.00877797 0.00717555 0.0928889 0.202798 0.412146
0.010601 0.221399 0.00851448 0.00842763 0.113589 0.215714 0.467118
0.00949534 0.207469 0.00874068 0.00765414 0.101674 0.203469 0.369876
0.00966233 0.208895 0.00841596 0.00766659 0.111977 0.204678 0.397766
0.00972458 0.215212 0.00806416 0.00766084 0.120811 0.210179 0.445785
0.00956966 0.203496 0.00918713 0.00760831 0.10419 0.199508 0.378266
0.00955883 0.215026 0.0086819 0.00751553 0.116355 0.210877 0.393021
0.00937166 0.210641 0.00853922 0.00740097 0.099386 0.205769 0.421456
0.00983035 0.228951 0.00774676 0.00770545 0.113685 0.223725 0.433254
0.00897028 0.21802 0.00820154 0.00708398 0.0989979 0.213282 0.4175
0.00922099 0.222867 0.00951882 0.00722153 0.0977266 0.219298 0.350288
0.0090509 0.223817 0.00968821 0.00714194 0.0977889 0.218873 0.426
0.00899254 0.224896 0.00888627 0.00695124 0.101992 0.220185 0.412864
0.0093525 0.211575 0.00875763 0.00730998 0.101436 0.207747 0.359102
0.0100275 0.218072 0.0091193 0.00794027 0.104998 0.213881 0.387936
0.010049 0.218969 0.00905961 0.00796747 0.109775 0.213863 0.446025
0.00974851 0.213376 0.00838097 0.00785493 0.110658 0.209032 0.400448
0.00951003 0.213072 0.00816738 0.0074905 0.106141 0.208749 0.395657
0.00944612 0.217022 0.00855047 0.00750833 0.0938786 0.212738 0.380882
0.00915076 0.222334 0.00839949 0.00711338 0.126715 0.217542 0.442262
0.00906211 0.220963 0.00931189 0.0071185 0.113822 0.216841 0.402457
0.00894943 0.214488 0.00868936 0.00701668 0.113189 0.210558 0.380986
0.00943004 0.233843 0.00891566 0.0075497 0.119325 0.228726 0.485376
0.00979979 0.23416 0.00881893 0.00780178 0.118763 0.228939 0.465244
0.00982403 0.223426 0.00891638 0.00795296 0.120356 0.217893 0.488333
0.0105821 0.221614 0.010477 0.00853915 0.112335 0.216289 0.457276
0.0100625 0.218509 0.00895939 0.00808802 0.114182 0.213717 0.426388
0.00986885 0.213674 0.00905824 0.00786811 0.107842 0.209221 0.398918
0.00933349 0.212977 0.00877374 0.00736554 0.100253 0.208582 0.382781
0.00917521 0.216274 0.00796756 0.00737762 0.0974206 0.211922 0.413855
0.00979295 0.209888 0.00895829 0.00778262 0.106654 0.206164 0.372294
0.00969668 0.210394 0.00847357 0.007775 0.100185 0.207214 0.338689
0.00983017 0.208046 0.00864026 0.00777574 0.123462 0.204502 0.391198
0.00982365 0.22017 0.00884634 0.0078936 0.114778 0.216323 0.412372
0.00940305 0.221277 0.00861984 0.00754953 0.108999 0.217917 0.37834
0.00989547 0.226502 0.00890502 0.00798839 0.114339 0.222998 0.390304
0.00952629 0.222249 0.00921307 0.00758774 0.122106 0.218642 0.395391
0.00918594 0.224188 0.00852698 0.00728149 0.12587 0.220237 0.420812
0.00975453 0.224156 0.00916962 0.00779395 0.121718 0.220943 0.377996
0.0104543 0.233724 0.00955948 0.00836175 0.10959 0.230444 0.368769
0.010005 0.226091 0.00872033 0.00798949 0.123377 0.222138 0.413206
0.00989572 0.222127 0.00888532 0.00794796 0.114605 0.217451 0.450115
0.00987079 0.22036 0.00851601 0.00804637 0.133614 0.215983 0.458776
0.00940049 0.22915 0.00823338 0.00748191 0.127688 0.225158 0.439745
0.00922881 0.222594 0.00823361 0.0073812 0.11193 0.218913 0.406353
0.00932324 0.222784 0.0090553 0.00746848 0.143625 0.219502 0.415419
0.00939139 0.222447 0.0086131 0.00753353 0.13476 0.218491 0.440521
0.00981845 0.228259 0.00837759 0.00792875 0.146781 0.224104 0.484252
0.0103372 0.220599 0.0093727 0.00851824 0.113516 0.217028 0.419982
0.0100885 0.219554 0.00884547 0.00824253 0.123991 0.215739 0.413242
0.00980343 0.218995 0.00944572 0.00793661 0.116534 0.21539 0.392439
0.0100559 0.22077 0.00834632 0.00800876 0.115782 0.216962 0.386035
0.00944907 0.228572 0.00890323 0.00765724 0.091054 0.224073 0.41403
0.0089981 0.23472 0.00932674 0.00713253 0.107189 0.230174 0.435911
0.00960712 0.229429 0.00829097 0.00772257 0.109928 0.225212 0.431687
0.00977709 0.234635 0.00916283 0.0078133 0.118137 0.230251 0.436434
0.00940472 0.23189 0.00902206 0.00752098 0.116038 0.227655 0.421102
0.0095366 0.236953 0.00953797 0.00765579 0.121967 0.231879 0.487709
0.00965169 0.219102 0.00941537 0.00775046 0.14373 0.21385 0.533941
0.0101776 0.230117 0.00915462 0.00813401 0.126007 0.225774 0.445149
0.00922625 0.214893 0.00816205 0.00744678 0.117247 0.210602 0.436986
0.00915456 0.218688 0.00903599 0.00733218 0.110579 0.214662 0.428497
0.0096609 0.222521 0.00949092 0.00782747 0.116785 0.218364 0.429413
0.00979292 0.214762 0.00891005 0.00782718 0.116205 0.210727 0.408571
0.0101868 0.214537 0.00815596 0.00814907 0.111373 0.210618 0.392015
0.00999768 0.223338 0.00910714 0.00799877 0.116006 0.219642 0.408436
0.00922422 0.224048 0.00936606 0.00731819 0.112975 0.22165 0.339117
0.00921663 0.225667 0.00911673 0.00734616 0.121999 0.22234 0.391088
0.00932073 0.22733 0.00837089 0.00744154 0.123395 0.224209 0.380596
0.00971883 0.226376 0.00942752 0.0076822 0.1199 0.222654 0.39349
0.0091259 0.218744 0.00864415 0.00717033 0.11564 0.215412 0.375612
0.010108 0.233999 0.00901274 0.008192 0.109862 0.229799 0.438675
0.00925365 0.219896 0.00954867 0.00734225 0.110373 0.216679 0.362807
0.00873054 0.222115 0.00909932 0.00706548 0.0989122 0.219002 0.36969
0.00956938 0.227643 0.00867581 0.00778076 0.10842 0.225097 0.339333
