201 100 10
-0.47344 -0.432696 -0.365729 -0.479992 -0.661659 -0.327919 -0.427983 0.122966 -0.0343734 -0.827344 -0.90958 -0.415344 
9.0113 -8.91486 -8.45048 -9.01666 -8.54964 -9.40037 -10.1864 -9.35496 -7.60563 -8.54397 -9.35128 -8.42211 
9.44503 -8.85471 -8.35642 -8.56149 -10.5587 -8.3783 -8.56153 -9.49243 -9.1218 -7.532 -9.55974 -8.48997 
9.40351 -9.06334 -8.21775 -9.0558 -8.55506 -8.73148 -9.58001 -9.03196 -8.8095 -9.96361 -9.52421 -9.43871 
9.12518 -9.37512 -7.53376 -8.94077 -8.48333 -9.13371 -9.14023 -9.62767 -10.193 -10.6383 -9.74981 -10.4073 
9.51104 -9.5078 -9.55802 -9.61489 -10.2887 -7.63627 -10.2715 -10.6856 -10.328 -9.42794 -8.94026 -8.34102 
9.49461 -9.36341 -9.21949 -9.39658 -10.3274 -8.47072 -9.49601 -9.82594 -8.56663 -9.66543 -9.34427 -8.87857 
9.45744 -9.57828 -9.0516 -9.95986 -9.44485 -10.3869 -9.82616 -8.8989 -10.6414 -9.94053 -8.70901 -8.87084 
9.27186 -9.04121 -9.6244 -8.35595 -10.4888 -8.88332 -9.37519 -8.93089 -7.85594 -9.73218 -7.3249 -9.77621 
9.42934 -8.8117 -8.37013 -8.50376 -8.07089 -8.20919 -8.42324 -8.7853 -9.68679 -9.42017 -8.37396 -10.0968 
9.68929 -9.34449 -8.83705 -9.43218 -10.0412 -9.00529 -9.65505 -10.8627 -8.56244 -9.31956 -8.14468 -9.37934 
9.68928 -9.53616 -9.54257 -9.1896 -9.36512 -10.3428 -9.24145 -9.64638 -9.14699 -9.67461 -8.77308 -10.6695 
10.0065 -9.33846 -9.86466 -8.71747 -8.46217 -9.46671 -10.3697 -8.80184 -9.03702 -9.56271 -9.44242 -9.51578 
9.31523 -9.04099 -9.66789 -8.80767 -9.29764 -8.65319 -9.5904 -9.61975 -7.77641 -9.61405 -8.89712 -8.57727 
9.73661 -9.61869 -10.2597 -8.74459 -9.07805 -9.21511 -10.628 -9.78817 -9.68486 -9.26407 -9.61998 -9.95865 
9.78941 -9.06019 -9.38564 -9.53 -8.12179 -8.85512 -8.59061 -9.67353 -10.9099 -8.61459 -8.52737 -8.70509 
9.43931 -8.8495 -8.19144 -7.60297 -9.14228 -9.26249 -8.50368 -8.92383 -10.2504 -9.06941 -9.47319 -8.45045 
9.39594 -9.05232 -8.92583 -9.22666 -8.87786 -8.13715 -9.29666 -8.81728 -10.6913 -8.31039 -9.98187 -8.23405 
9.71891 -9.36073 -9.88157 -8.77249 -9.70132 -8.86165 -9.2371 -10.081 -10.4257 -8.37596 -9.43453 -8.65897 
9.84517 -8.50616 -9.41426 -8.06864 -8.1636 -9.26639 -7.25315 -7.84647 -8.23209 -10.6917 -8.86086 -7.72225 
9.66962 -8.92886 -8.97497 -8.89549 -8.88818 -10.6924 -6.73152 -9.37593 -8.57372 -8.97482 -9.06191 -9.11518 
9.60831 -9.06401 -8.64138 -9.88679 -7.5259 -9.70875 -8.27582 -10.1596 -8.58236 -9.46459 -9.01158 -9.50732 
10.2185 -9.68135 -9.41002 -9.33799 -9.59338 -9.78516 -8.82296 -9.6949 -10.318 -10.296 -9.66771 -9.69147 
9.84835 -8.98085 -8.82791 -9.27816 -9.30575 -9.69122 -9.07216 -9.651 -8.56975 -8.9159 -8.42383 -8.13272 
9.29021 -8.51185 -9.45727 -9.3291 -8.5391 -7.77063 -7.48965 -7.48812 -9.28809 -9.09492 -9.45329 -7.48869 
9.8408 -9.34329 -10.8432 -8.97551 -8.73071 -9.04224 -7.65537 -9.56436 -11.1718 -9.60651 -9.1155 -8.98986 
10.0199 -9.02444 -10.2288 -9.14513 -9.30906 -8.46816 -6.88854 -9.90032 -7.82483 -9.48686 -9.19897 -9.75792 
9.52611 -9.36253 -9.09272 -8.60769 -9.09236 -8.87417 -8.88363 -9.78257 -9.78862 -10.4446 -9.47857 -9.88258 
9.16063 -8.90548 -8.91887 -8.56401 -8.22495 -8.761 -9.26323 -10.158 -8.78153 -9.72636 -8.96657 -7.76533 
9.29151 -9.41003 -9.88751 -9.09476 -9.89718 -9.71601 -9.66413 -9.0066 -9.58827 -9.25008 -8.95907 -8.99526 
9.43663 -9.18222 -8.91849 -10.1755 -8.85605 -9.96007 -8.87364 -9.67248 -7.93503 -9.2494 -8.98873 -9.34094 
9.59855 -8.82724 -9.03558 -8.5732 -8.801 -8.77068 -10.0589 -9.3612 -8.47063 -8.15474 -7.94196 -9.15379 
9.73481 -8.94437 -7.78585 -8.27365 -8.91318 -9.77226 -10.7185 -8.82977 -8.18685 -9.30625 -8.82508 -8.95554 
9.78689 -9.03108 -9.60791 -9.35804 -8.00254 -10.0748 -10.0389 -9.96897 -7.90188 -8.67795 -9.37287 -7.48935 
9.48228 -9.14749 -9.70682 -9.28455 -8.49117 -7.76276 -8.95898 -10.175 -9.52078 -9.50218 -9.22415 -8.885 
9.8252 -9.03635 -9.4472 -7.97622 -9.17458 -8.81022 -8.95658 -10.0774 -9.73069 -8.9109 -9.33815 -7.76566 
9.34832 -8.93708 -8.76711 -7.62968 -9.43728 -9.04378 -8.5332 -10.001 -7.53426 -10.0988 -8.95165 -9.55009 
9.15659 -9.14084 -8.7174 -9.265 -9.94522 -9.1038 -9.56245 -10.0051 -8.07083 -9.07405 -8.71688 -9.10117 
9.52837 -8.63549 -8.85998 -8.79799 -7.83163 -8.73167 -8.28059 -7.8341 -8.53688 -8.85225 -9.44997 -9.11834 
9.26821 -9.39604 -9.45053 -9.20476 -9.90005 -9.57502 -10.0105 -8.45153 -8.81627 -9.65649 -8.94147 -10.0322 
9.40333 -9.40472 -10.0016 -8.78173 -8.8883 -10.5108 -9.64426 -9.45572 -9.66524 -9.42981 -8.51957 -9.12891 
9.73347 -9.12451 -8.62017 -9.18317 -9.44744 -8.4994 -9.65633 -8.45607 -9.61178 -10.2484 -8.80069 -8.5978 
9.53137 -9.32466 -9.89391 -10.681 -8.58686 -9.79027 -9.25907 -8.71545 -9.60637 -8.97539 -8.75507 -9.1858 
9.0775 -9.18804 -8.05411 -10.0258 -8.25437 -8.16582 -9.41804 -9.43705 -10.6443 -10.6627 -8.67245 -8.67854 
9.52855 -9.35043 -9.42552 -8.98494 -8.29575 -8.53796 -9.11497 -11.024 -9.96375 -9.54579 -9.03932 -9.84191 
9.30194 -9.25545 -9.69285 -10.0686 -8.53983 -9.11524 -8.20013 -10.3165 -9.23243 -9.63419 -8.03079 -9.80886 
9.41422 -9.50562 -10.1984 -10.2576 -8.48832 -9.24143 -10.2478 -9.45487 -8.82982 -9.36418 -8.90008 -10.1732 
9.28472 -9.30591 -8.32083 -10.4893 -8.7332 -8.73894 -9.74655 -9.20624 -10.9573 -8.93095 -8.96111 -8.70243 
9.25898 -9.06451 -8.99414 -8.61287 -8.57419 -8.11232 -9.67495 -9.25832 -10.3487 -8.81909 -9.44582 -8.69356 
9.23684 -8.84606 -8.61867 -7.99092 -8.09747 -8.62214 -9.99932 -9.96052 -8.25164 -8.24617 -9.63378 -9.09924 
9.17951 -9.04779 -8.6143 -8.94843 -8.50197 -9.37998 -8.53261 -8.75151 -8.58931 -9.02773 -10.1873 -10.0126 
9.00759 -8.96283 -9.79447 -10.2367 -9.02634 -7.45229 -9.00505 -10.0067 -9.8167 -7.96428 -8.52463 -7.79841 
9.61126 -8.8043 -8.96785 -9.01799 -8.57662 -8.8964 -8.24897 -9.66565 -8.89547 -8.98337 -8.93243 -7.92184 
9.60938 -9.14351 -8.66339 -9.91972 -10.117 -8.56242 -9.25758 -9.93085 -8.87673 -7.6345 -9.07739 -9.61625 
9.36554 -8.65449 -8.14926 -8.31395 -8.88069 -8.78707 -9.49666 -8.25388 -9.57284 -7.90479 -9.07508 -7.99523 
9.88421 -8.5739 -7.6588 -9.21743 -7.56833 -9.79695 -9.04636 -9.52305 -8.55452 -7.63359 -8.78394 -7.78082 
9.47245 -8.30434 -7.91566 -9.57082 -8.13214 -7.85491 -6.63797 -9.50219 -8.61328 -8.05442 -8.32784 -8.5442 
9.40816 -9.21764 -8.31875 -10.3048 -8.92664 -8.42759 -8.84019 -11.0258 -8.7538 -7.72641 -10.7465 -8.8774 
9.02996 -8.96456 -7.81509 -8.88919 -8.67052 -9.89283 -9.74465 -8.78133 -9.08012 -8.41296 -10.3025 -8.24913 
9.27378 -8.73814 -9.09379 -7.58227 -8.52411 -9.15961 -9.02217 -8.16755 -8.74139 -7.60366 -8.83672 -10.7294 
9.57876 -9.13473 -7.72254 -7.49406 -8.95807 -9.65606 -8.97934 -8.69721 -9.96511 -9.79377 -9.32866 -10.5905 
9.52169 -9.36509 -9.5423 -9.6757 -8.31632 -8.92436 -9.51397 -9.73843 -8.47974 -10.3633 -9.86259 -9.14941 
10.0148 -9.10765 -8.63026 -9.14491 -8.55683 -9.2112 -9.58123 -10.6002 -8.27106 -9.81042 -9.69603 -7.39508 
9.50179 -9.17306 -9.28135 -7.54311 -10.1716 -8.83129 -9.381 -9.0832 -9.85529 -8.68825 -9.56159 -9.38506 
9.37618 -8.97004 -9.22994 -7.98336 -8.31419 -8.46158 -9.33853 -8.32685 -10.5357 -9.33992 -9.008 -8.8822 
9.56517 -9.22594 -7.93694 -7.83008 -10.093 -8.87104 -9.38589 -9.85065 -9.62531 -8.95511 -10.259 -9.57933 
9.45119 -9.13005 -7.76397 -8.80042 -8.41781 -8.99412 -11.1991 -9.48396 -8.99827 -9.0184 -10.3497 -8.21444 
9.63761 -8.88454 -10.4032 -9.99964 -8.79421 -8.85146 -8.96753 -9.31679 -8.19772 -8.84229 -7.88339 -7.4154 
9.72521 -9.17141 -9.23836 -8.77688 -9.83823 -8.1245 -8.15555 -10.5314 -9.62959 -9.58412 -8.1647 -9.79173 
9.26393 -8.75932 -10.117 -10.4111 -9.11938 -7.87894 -8.95104 -7.23385 -8.06034 -9.31455 -9.25682 -7.392 
9.66401 -9.0085 -8.81428 -10.4548 -8.83302 -7.62626 -9.69352 -9.50637 -7.80331 -10.0338 -9.35437 -8.14056 
9.26977 -8.95737 -7.6922 -9.4329 -7.9201 -7.90568 -9.6323 -9.09934 -8.45803 -9.88416 -10.3933 -9.01896 
9.21303 -8.57128 -8.38495 -8.46193 -8.14741 -7.15787 -7.71071 -9.17714 -8.43507 -9.9716 -9.42087 -8.7584 
9.58073 -8.9805 -9.16557 -9.12764 -8.04559 -7.88515 -9.61033 -9.65206 -7.55037 -9.36634 -10.2996 -9.08878 
9.61984 -9.28463 -8.61682 -10.4119 -9.2367 -9.39933 -8.6495 -9.96112 -9.54442 -8.78423 -9.65706 -8.56037 
9.65737 -9.06584 -8.53919 -9.49029 -7.89238 -9.17009 -9.92204 -8.54208 -8.7894 -9.729 -9.24919 -9.15851 
9.16167 -8.80532 -8.89455 -8.92422 -9.36288 -8.34225 -9.24484 -8.5932 -8.65856 -9.77058 -8.47196 -7.94281 
9.43048 -9.20001 -9.85571 -9.2385 -8.28887 -9.25514 -9.80473 -10.2978 -9.89292 -8.81272 -8.51047 -7.95703 
9.78532 -9.10693 -10.7607 -8.9294 -9.36808 -8.45922 -9.52198 -7.92052 -8.91882 -9.20238 -9.82461 -8.301 
9.76806 -9.0902 -10.413 -8.4961 -8.30907 -9.02207 -10.3609 -8.67306 -8.85917 -8.77963 -9.35567 -8.334 
9.04834 -9.13472 -9.17531 -10.7068 -8.50649 -8.97868 -8.54609 -8.25242 -8.7822 -11.2203 -8.92529 -8.19129 
9.04767 -9.11769 -9.87618 -8.61985 -7.86631 -8.46185 -9.55782 -10.0523 -8.66301 -9.59807 -9.49475 -9.09228 
9.23404 -9.48973 -7.88113 -8.81972 -8.94177 -7.6679 -10.6681 -9.74061 -10.5032 -10.4467 -9.65529 -10.4336 
9.41679 -9.0784 -8.55893 -9.71768 -9.04965 -7.95244 -9.21529 -8.61914 -10.0732 -9.58058 -9.42219 -8.3426 
9.76884 -8.99421 -10.2653 -10.4767 -8.53948 -8.15954 -9.97349 -8.33866 -7.13734 -8.01551 -9.9277 -8.70939 
9.27768 -9.43163 -9.36477 -9.28498 -8.59451 -10.0935 -9.73603 -8.93468 -8.89632 -10.7178 -8.872 -9.93085 
9.16132 -9.23734 -10.0959 -10.0514 -9.04795 -8.71443 -8.94658 -10.3713 -8.26531 -9.28173 -8.31572 -9.07581 
9.58777 -8.85226 -8.62564 -9.30011 -7.25515 -7.53703 -9.66498 -9.0265 -7.58581 -10.0069 -9.32749 -10.3596 
9.72508 -9.30551 -9.10329 -9.10851 -8.33615 -9.50729 -9.72211 -9.97144 -9.03443 -9.73 -9.24453 -9.24322 
9.1358 -9.00364 -8.62638 -11.4202 -8.07373 -9.22715 -9.01311 -9.78536 -9.9065 -8.32959 -7.14596 -8.52599 
9.21623 -8.93709 -9.02641 -9.61598 -8.11629 -9.00949 -8.82798 -9.37019 -8.48401 -9.30912 -9.07407 -8.57326 
9.5706 -9.28268 -9.00085 -10.709 -8.03489 -10.3424 -8.68808 -9.44811 -8.41823 -10.8352 -8.44551 -9.06784 
9.38006 -9.1428 -9.20418 -9.20702 -8.9017 -8.5975 -8.67738 -8.77427 -9.66973 -9.94979 -8.98939 -9.48087 
9.44032 -9.37641 -8.68256 -8.888 -8.75473 -9.64869 -9.98706 -9.36746 -8.97175 -10.5019 -10.0245 -9.01237 
9.43371 -9.29411 -9.64586 -8.88525 -7.58847 -9.48202 -8.45187 -8.49653 -8.92593 -11.1111 -10.4921 -9.82875 
9.57237 -9.16036 -8.98296 -8.6414 -10.1108 -9.16125 -8.64748 -7.30534 -9.98024 -10.5394 -9.64284 -8.76379 
9.64489 -8.65108 -7.99542 -8.07353 -7.40366 -8.97315 -9.30353 -9.06678 -8.39219 -8.97132 -8.68823 -9.7458 
9.19801 -9.04688 -9.2536 -9.5442 -8.4419 -9.72641 -8.47149 -7.85085 -9.63179 -9.60956 -9.57934 -8.46847 
9.40589 -9.09769 -8.98922 -9.33191 -7.96972 -9.67808 -8.64111 -8.73242 -9.17517 -10.9938 -8.80636 -8.66154 
9.27264 -9.30326 -7.86568 -9.69965 -9.89235 -10.1007 -8.48073 -9.08519 -9.8578 -8.7027 -9.42351 -9.67921 
9.41458 -9.16071 -9.70396 -7.93138 -9.03684 -8.69244 -9.74424 -10.7709 -9.88369 -7.95063 -9.09243 -8.91151 
9.49095 -9.16609 -9.92086 -7.65606 -8.79371 -9.01893 -9.40001 -10.3153 -9.9397 -7.88869 -8.26167 -10.3082 
9.72443 -9.19155 -9.26716 -8.42348 -9.27366 -8.59801 -9.04924 -10.3323 -10.6076 -9.1473 -7.76734 -9.40424 
9.62898 -9.13259 -9.9691 -9.04043 -8.83322 -9.13816 -9.24841 -9.53095 -8.97749 -8.73102 -8.9704 -8.99798 
9.30641 -9.24825 -8.43679 -9.3328 -8.99745 -10.2604 -8.89272 -8.65728 -10.6688 -9.45761 -9.39139 -8.5003 
9.61313 -9.26986 -8.71093 -9.88116 -9.32116 -8.74903 -9.68256 -9.47218 -9.15195 -9.00521 -9.66091 -9.16424 
9.12343 -9.05294 -9.1395 -8.25199 -9.33366 -8.97867 -9.99266 -8.85011 -9.14281 -8.92541 -9.87115 -8.07299 
9.39137 -9.22089 -8.36083 -9.63736 -9.72211 -10.4737 -8.70262 -9.17884 -9.19507 -7.90698 -9.25304 -9.79417 
9.865 -8.92166 -8.41207 -7.84284 -8.93733 -9.80553 -8.70734 -9.87428 -8.08278 -8.6591 -9.17917 -9.44493 
9.28547 -9.36709 -8.78129 -8.61521 -9.95396 -9.80911 -8.92474 -9.62989 -10.1394 -8.71084 -9.92121 -9.18503 
9.05256 -8.72361 -8.79262 -8.5085 -9.23621 -9.5619 -7.49932 -8.70693 -8.04871 -8.23949 -10.0227 -8.71772 
9.10098 -9.02128 -8.80418 -9.53163 -9.84603 -10.1932 -7.44338 -8.31419 -9.09831 -8.9902 -8.9883 -8.61502 
9.69296 -9.4686 -8.80091 -9.60747 -9.15932 -8.66592 -9.28773 -10.2714 -9.33284 -9.29151 -10.7236 -9.39135 
9.71291 -9.06457 -9.48845 -10.6601 -9.40832 -8.74539 -8.89883 -9.69306 -7.387 -9.18928 -9.25096 -8.18823 
9.149 -9.36796 -10.2917 -10.35 -9.57487 -9.20718 -9.24494 -8.2861 -10.0595 -9.87124 -8.80867 -7.7998 
9.33575 -9.29436 -8.06704 -8.32774 -10.0085 -8.99403 -9.79832 -9.99838 -10.0398 -9.0398 -9.29929 -9.25603 
9.65837 -9.0325 -9.03573 -11.0002 -8.58514 -8.8767 -9.03063 -7.84835 -9.69173 -9.40983 -8.28178 -8.70654 
9.23574 -9.00122 -8.70837 -9.13901 -8.11875 -8.9168 -9.00338 -9.71805 -9.64655 -9.08067 -8.97423 -8.5622 
9.46759 -9.30922 -9.66054 -9.42645 -8.55202 -9.19427 -8.97952 -10.9021 -9.33158 -7.49609 -9.86159 -9.50359 
9.49377 -9.49794 -9.71977 -10.4508 -9.13879 -9.69458 -9.58691 -10.1157 -9.33631 -8.14607 -9.8041 -9.09312 
9.68018 -9.14931 -10.0627 -10.4392 -9.34657 -8.46954 -8.62427 -9.95967 -8.21293 -8.40823 -9.58453 -8.46881 
9.1165 -9.21852 -9.46357 -9.61799 -10.0136 -8.86342 -8.76949 -9.60427 -9.44576 -8.36166 -9.51058 -8.54379 
9.34208 -9.24163 -8.67902 -8.93865 -9.24085 -10.0528 -9.07204 -9.05955 -8.62947 -10.7138 -9.57724 -8.57097 
9.53203 -8.8519 -10.7891 -8.84536 -9.23913 -8.37586 -8.01634 -8.33249 -9.07771 -8.4074 -8.70049 -8.52789 
9.59426 -9.25564 -9.5311 -10.0886 -8.90968 -9.38849 -9.27247 -10.2317 -7.96018 -8.66021 -9.9542 -8.53587 
9.70725 -8.86642 -8.18894 -8.64408 -10.4148 -10.0073 -8.1909 -9.77045 -8.03087 -9.11289 -8.16958 -8.05362 
9.00036 -8.83946 -9.27446 -8.06895 -9.89101 -9.01392 -7.91623 -9.67524 -9.52784 -8.29119 -8.82845 -8.04507 
9.67555 -9.37507 -9.7337 -9.49543 -9.81452 -9.49908 -8.16855 -10.6014 -8.502 -8.70971 -9.5769 -9.60743 
9.31002 -8.98631 -8.07693 -8.2127 -9.83291 -9.16595 -8.6805 -10.4494 -8.44471 -8.68558 -9.98245 -8.12748 
9.54264 -9.0543 -8.64168 -8.83478 -10.0691 -8.33726 -8.87717 -9.24877 -8.6485 -8.97665 -10.4296 -8.05274 
9.20103 -9.29499 -10.0752 -11.4558 -9.10743 -8.93062 -8.16923 -9.27945 -8.64562 -8.913 -9.26116 -9.31864 
9.28563 -9.01664 -9.10913 -10.0759 -9.4854 -9.53012 -7.74187 -8.27732 -8.72666 -9.18549 -9.97842 -7.98709 
9.13641 -9.36588 -9.78178 -10.4753 -8.58437 -8.64903 -9.45556 -8.93847 -9.14005 -9.95813 -9.32183 -9.27193 
8.83088 -9.43012 -10.7079 -9.06996 -8.25034 -9.48729 -8.85236 -9.14951 -9.64002 -10.0003 -9.62197 -9.37446 
9.4146 -9.13792 -10.3288 -9.63931 -7.60165 -9.72343 -9.02083 -9.15694 -9.24321 -8.83545 -9.8078 -8.11564 
9.15965 -8.59908 -9.18553 -8.68531 -8.97165 -8.68174 -8.51205 -9.35314 -8.4583 -8.47253 -8.56517 -7.15813 
8.92355 -8.99471 -8.2391 -8.07982 -10.1902 -9.63012 -9.8435 -10.1926 -7.72888 -8.85475 -8.76523 -8.45642 
9.09214 -8.48207 -9.12547 -8.25469 -6.75076 -8.6867 -8.58263 -8.63142 -9.31122 -7.69227 -8.4269 -9.45859 
9.28708 -8.96404 -8.88836 -9.68432 -9.51627 -10.04 -9.30047 -9.03935 -8.78332 -7.99885 -8.91524 -7.35147 
9.0826 -9.50592 -10.3624 -8.01126 -9.41153 -10.445 -9.84519 -8.85114 -7.87953 -9.19974 -9.486 -11.2945 
9.27432 -9.20536 -9.47719 -8.73728 -8.42786 -8.80195 -8.05658 -10.0995 -9.26427 -10.2976 -8.9695 -9.98007 
9.38064 -9.20703 -8.01928 -9.96561 -8.45514 -9.65857 -8.75585 -9.98008 -8.88446 -9.19896 -8.3391 -10.6369 
9.22663 -8.79546 -7.38762 -8.66373 -8.72642 -8.5507 -9.30444 -8.8914 -8.95108 -10.6524 -8.2141 -8.70678 
9.28238 -8.79554 -8.97659 -8.96507 -9.17305 -9.59266 -8.86294 -8.23627 -7.92688 -8.60626 -7.97993 -9.70913 
8.63268 -9.08466 -10.0201 -9.4615 -10.638 -9.32413 -8.75763 -7.74756 -8.23808 -9.40339 -9.18889 -8.02862 
9.03161 -9.25833 -9.7235 -9.21878 -10.3507 -8.81885 -9.06835 -9.141 -8.7973 -9.32078 -8.34091 -9.77059 
9.04194 -9.17178 -9.13016 -9.40534 -10.0046 -9.4546 -8.4736 -8.78082 -9.58059 -9.05747 -8.14254 -9.58042 
9.59421 -8.69762 -8.23093 -8.63198 -7.80665 -8.8425 -8.94377 -8.51878 -9.125 -8.62101 -8.59374 -9.50881 
9.38882 -8.4966 -8.28597 -9.46269 -7.34605 -9.02091 -8.55169 -8.30271 -7.56691 -7.61835 -8.9807 -9.9407 
9.1133 -9.06621 -9.64103 -8.59761 -8.33018 -8.82866 -9.22091 -9.36576 -8.40737 -8.68994 -9.57733 -10.0209 
9.29586 -8.56544 -7.95487 -8.30813 -7.80355 -8.2065 -10.5228 -9.19159 -7.90261 -9.16058 -8.4658 -8.34286 
9.37531 -8.69308 -7.63231 -7.23917 -7.81098 -9.22671 -9.66997 -8.8404 -8.76554 -9.09392 -9.15181 -9.3872 
9.22909 -8.51375 -8.90838 -9.17191 -6.81522 -8.95371 -7.71282 -9.60309 -8.17938 -8.91553 -8.13498 -8.82421 
9.42647 -8.89306 -8.60009 -9.43846 -8.05155 -8.84377 -10.0173 -9.23377 -9.26704 -8.65512 -8.44906 -8.41218 
9.33284 -9.14275 -9.63766 -8.42419 -7.43615 -7.8234 -10.2157 -9.78232 -9.25506 -8.63903 -9.52134 -10.7002 
9.27411 -8.31228 -8.52399 -9.23671 -7.94018 -6.38944 -8.6724 -8.6562 -8.36199 -8.56904 -8.80025 -8.11409 
9.50839 -8.89126 -9.37157 -9.12584 -8.49265 -8.51136 -9.99934 -7.11105 -9.87244 -7.90101 -8.75896 -9.62778 
9.21558 -9.20317 -10.4773 -8.90016 -8.27106 -10.422 -8.80474 -8.07826 -8.47369 -8.04293 -10.235 -10.2556 
9.70449 -8.75598 -8.28579 -8.50217 -7.18617 -8.71023 -9.81691 -8.1003 -8.57402 -9.48736 -9.08316 -9.83395 
9.56288 -8.12673 -8.65733 -8.00206 -6.35879 -8.19808 -9.34619 -7.99432 -8.90701 -8.10421 -7.42345 -8.04438 
9.25915 -8.48617 -9.34023 -7.8103 -7.11395 -8.07871 -8.03066 -7.95141 -8.71029 -7.73505 -9.83123 -10.0847 
9.20496 -8.74983 -8.7259 -9.3023 -7.6359 -9.24601 -8.85334 -7.72651 -8.51308 -8.20155 -9.70658 -9.44934 
9.32405 -8.42141 -9.23843 -8.29388 -8.32387 -8.19392 -7.61651 -8.37757 -9.0332 -7.5825 -8.34659 -9.23245 
9.2307 -8.32224 -10.2254 -9.4738 -5.94799 -8.22375 -8.80364 -6.82608 -8.981 -8.37557 -7.95479 -8.66595 
9.74773 -8.47651 -8.84722 -8.79922 -7.86701 -8.01754 -8.31404 -9.4197 -8.45571 -8.47676 -8.09992 -8.41281 
9.42046 -9.07293 -9.57677 -8.23541 -10.464 -9.28803 -8.27566 -9.10587 -8.8025 -8.43553 -8.92244 -9.5985 
9.5927 -8.77167 -10.2257 -8.60176 -8.42431 -7.89375 -8.75587 -8.5736 -8.68461 -8.14432 -8.69952 -10.0745 
9.36124 -8.85034 -9.32152 -8.5833 -8.24503 -8.57974 -9.49587 -9.19162 -7.95063 -9.10033 -8.15871 -9.94337 
8.84345 -8.53558 -10.8976 -8.27278 -8.37841 -9.34234 -8.56061 -7.96283 -6.92417 -8.47767 -8.26034 -8.5429 
9.05421 -9.21173 -9.42098 -8.9748 -9.21049 -7.13111 -9.44999 -10.4894 -8.70625 -9.02092 -9.84444 -10.1399 
9.25988 -8.87564 -8.43834 -9.3137 -9.95113 -7.86866 -8.31402 -8.74157 -9.22056 -8.4011 -8.36179 -10.242 
8.98719 -8.79535 -8.0963 -9.11623 -8.87206 -7.15135 -9.21099 -9.46367 -8.62384 -8.73081 -8.60623 -9.99721 
9.17673 -8.9441 -8.81204 -9.11549 -8.66347 -8.4801 -8.88801 -10.2003 -7.88672 -8.8637 -8.39789 -9.86603 
9.11649 -9.11206 -9.82078 -8.03646 -9.08053 -8.44558 -9.71296 -9.18033 -9.08365 -9.63949 -9.2247 -9.14209 
9.16056 -8.70022 -8.41254 -8.541 -9.06573 -8.83854 -7.79035 -8.96424 -9.07769 -8.06152 -9.4662 -8.71729 
9.19677 -8.76801 -8.34533 -8.19276 -8.9645 -9.1207 -10.1617 -9.13835 -8.71459 -8.21202 -8.38919 -8.25513 
9.3578 -8.75449 -8.98598 -7.59092 -8.15429 -8.6497 -9.29334 -10.7969 -8.43175 -8.82592 -8.13242 -8.66568 
9.43676 -9.01927 -9.17152 -8.82149 -7.8383 -8.73917 -9.78167 -10.1295 -9.11088 -8.44708 -9.01029 -9.24323 
9.26311 -8.4324 -8.05951 -8.64389 -7.42965 -8.10716 -9.84421 -9.04016 -8.08641 -7.80269 -7.79259 -9.49913 
9.31653 -8.62033 -9.132 -8.56107 -7.89184 -7.86595 -9.16187 -8.73451 -8.71051 -8.67538 -8.12331 -9.14159 
9.00527 -8.81268 -9.78901 -8.74841 -8.00258 -8.28408 -9.1568 -9.60817 -8.25913 -9.1638 -9.73962 -7.70844 
9.47708 -8.81477 -9.39414 -9.08622 -8.17731 -9.85117 -9.69999 -9.25258 -8.47799 -8.42645 -7.95802 -7.94347 
9.0896 -9.15197 -9.13474 -8.65136 -8.96032 -9.33101 -9.56166 -9.9067 -7.88985 -8.34151 -9.75065 -9.77819 
9.4965 -8.86463 -8.69532 -8.8453 -8.72918 -9.98441 -8.69787 -8.26345 -8.44583 -7.66594 -9.54189 -9.74308 
9.39516 -8.74919 -8.51557 -8.56979 -8.83543 -10.3147 -7.80917 -7.85501 -8.52445 -8.656 -8.81885 -9.35566 
9.49393 -9.34502 -9.62654 -9.78598 -9.69859 -10.4714 -9.69517 -8.44735 -8.7203 -8.12601 -9.8494 -8.82442 
9.02751 -8.80406 -9.80837 -9.81556 -9.05834 -9.08398 -8.07981 -7.46317 -7.6841 -8.22122 -10.0612 -8.47139 
9.1594 -8.53417 -9.70362 -6.87739 -10.0054 -7.25007 -8.80519 -8.20215 -8.69474 -8.88814 -8.93535 -7.73484 
9.32519 -8.72868 -9.95808 -8.78041 -8.9144 -8.33135 -9.35854 -9.00536 -8.5977 -8.11513 -8.68398 -7.6455 
9.38932 -8.72797 -9.7761 -7.68493 -8.73984 -8.51441 -8.80366 -9.39864 -9.6761 -7.88225 -8.71985 -8.16869 
9.24111 -9.02106 -10.129 -10.3168 -10.1134 -8.30557 -9.51976 -8.724 -9.27008 -7.84006 -8.42336 -7.77507 
9.36163 -8.68229 -7.78932 -8.75908 -9.36089 -8.42184 -8.90323 -8.52579 -8.76501 -9.43349 -8.36725 -8.46875 
9.14073 -8.98415 -8.58454 -8.25814 -10.2709 -8.50659 -9.90601 -8.3223 -9.59374 -9.10089 -8.50779 -9.00043 
9.03791 -8.78346 -9.10301 -9.26169 -9.71642 -8.776 -7.78312 -8.20442 -9.06241 -9.04254 -8.20366 -8.70031 
9.24912 -8.65667 -9.03977 -8.53455 -9.74473 -8.17998 -9.77196 -7.75949 -8.50672 -8.28796 -7.91653 -8.78075 
9.3005 -9.04994 -10.2324 -8.42474 -9.7022 -8.33062 -9.4217 -8.99571 -8.99214 -8.90502 -8.40655 -9.19879 
9.17507 -9.03309 -9.42537 -9.17542 -9.44728 -9.12541 -9.30858 -8.0482 -9.79204 -8.95573 -8.00233 -9.16162 
9.15327 -9.40439 -9.11642 -8.20108 -9.28449 -9.74182 -9.53138 -9.31285 -10.5679 -9.15843 -9.68549 -9.35627 
9.22979 -9.36549 -9.79244 -8.20655 -10.1544 -9.08687 -9.10649 -9.81864 -9.68342 -9.59455 -8.72817 -9.31534 
8.87474 -8.91089 -9.61807 -8.87762 -10.4296 -8.04137 -8.87401 -8.85913 -8.58317 -8.70082 -8.28815 -8.79699 
9.17167 -8.94926 -8.49192 -8.59889 -10.0285 -9.23027 -10.4511 -9.50181 -9.60673 -8.01482 -7.77711 -7.85546 
