1688
0.000454087 50058
0.000625391 89733
0.0136457 62009
0.0298279 74994
0.737452 94971
0.00376412 77964
0.00291799 34965
0.0128545 43213
0.0227029 27501
0.0114435 47967
0.0064159 79407
0.463297 44956
0.00359284 92517
0.000125016 7858
0.00381199 64953
0.000625391 30393
0.0107601 99260
0.00567046 45040
0.0137645 16635
0.00667805 83021
0.699437 14991
0.000250063 64612
0.001001 66987
0.000485387 55838
0.0156269 63896
0.000125016 22270
0.00554034 24208
0.00050025 98241
0.00807263 22608
0.0247032 47944
0.0162641 65014
0.0139122 67159
0.00236089 32550
0.00263191 87766
0.000250063 60780
0.00050025 61301
0.00974523 92262
0.151603 15045
0.000250063 67545
0.00050025 63958
0.00759396 29942
0.000479768 31373
0.00401606 1181
0.490046 74992
0.00250627 9901
0.00112627 17336
0.00112627 21727
0.00549497 55033
0.00282663 56101
0.00112627 63606
0.00949864 14961
0.000936411 72255
0.00263191 51536
0.0657217 95004
0.00050025 82395
0.00397163 37426
0.00138601 72338
0.000125016 17003
0.000125016 90399
0.333456 55010
0.0467641 6715
0.000375141 20738
6.59461e-06 39215
0.0316794 94901
0.0120177 67281
0.0503913 4953
0.00829388 60230
0.00567497 42266
0.00050025 22130
0.000375141 90432
0.0192249 38286
0.00137689 9328
0.0202817 2798
0.00565682 3697
0.0104313 90311
0.00376412 96584
0.000375141 68874
0.000125016 12770
0.0122627 95001
0.00137689 96255
0.00050025 70823
0.018697 84845
0.00112627 63901
0.00112627 72785
0.00288329 87511
0.0215377 80927
0.00294151 4162
0.000750563 50
0.0323373 25846
0.0021683 59321
0.00363819 63568
0.000125016 60481
0.0109734 50389
0.000125016 75826
0.00679587 13434
0.00426814 46073
0.00452034 1854
0.0051514 19954
0.00439422 2366
0.00162764 63686
0.00050025 29445
0.0124019 63944
0.000125016 47310
0.0158059 63786
0.00832928 23431
0.000250063 32865
0.0146689 68466
0.0031348 22817
0.000750563 28293
0.0115071 80559
0.0160477 92542
0.0165427 58982
0.0071509 24705
0.000125016 76374
0.000637688 58469
0.000625391 72772
0.0239479 12472
0.000447134 74677
8.48519e-05 34006
0.00191373 89980
0.0271354 77200
0.000250063 40592
0.0129463 37812
0.00187852 84514
0.00258046 11870
0.00288329 47083
0.0016917 68120
0.0296477 20144
0.00740528 77540
0.0477761 62800
0.00857287 43291
0.000751988 9744
0.000418626 18660
0.0010104 15485
0.0498788 74377
0.0108984 79883
0.000125016 7185
0.000352349 64790
0.000989594 72213
0.000125016 96626
0.0012883 37739
0.000125016 69803
0.000750563 30184
0.00172417 65327
0.00527771 57204
0.0429767 98711
0.0257318 52539
0.0581366 84173
0.00112627 78099
0.0464868 90129
0.00288329 16443
0.00401606 89009
0.0145548 29071
0.00329056 7433
0.000201968 23464
0.00050025 32595
0.00212953 27752
0.0108181 19021
0.000125016 6942
4.2508e-06 12758
0.0245488 69767
0.00137689 84644
0.00232435 40376
0.00730295 39206
0.00227043 25206
0.000228851 44284
0.00563901 95971
0.001001 43206
0.0104949 57020
0.000487247 36002
0.000125016 42954
0.000125016 80530
0.0139731 8301
0.00966469 99870
0.0021361 13752
0.000862758 18631
0.00852431 6285
0.000250063 46725
0.00112627 45923
0.000125016 41588
0.00156046 1672
0.000250063 38598
0.000356046 42163
0.0211987 7835
0.0099202 90184
0.00637196 40812
0.0334309 78324
0.00352974 20099
0.00553042 74102
7.03946e-05 9578
0.000250063 98829
0.00807936 44926
1.49602e-05 29440
0.0359451 16210
0.000890844 45177
0.0102047 85417
0.0223946 24407
0.00112627 27100
0.00300903 1801
0.000125016 78030
0.0153077 11192
0.00216337 52213
0.000750563 64883
0.0314001 45739
0.00955022 79314
0.00484748 13989
0.00145791 17679
0.00528493 11843
0.000375141 73485
0.0451725 17486
0.00338466 35605
0.000563954 7908
7.3686e-06 55478
0.0941782 49436
0.000375141 14480
0.00326799 38096
0.00197724 63728
0.000125016 85465
0.00288329 72440
0.00217497 19429
0.00391315 2889
0.00250627 98763
0.00187852 4091
0.00148382 86581
0.00205483 62163
0.00351229 54158
0.000125016 26013
0.010822 32268
0.000750563 81980
0.00489888 16632
0.0086424 75952
0.00288329 23268
0.000625391 7519
0.0194903 36431
0.00110064 43160
0.0301678 78815
0.0015997 97077
0.00468105 75492
0.000125016 12692
0.000750563 51121
0.000625391 98677
0.000625391 86827
0.0101716 4919
0.000625391 34067
1.19455e-05 17574
0.000409383 60373
0.015182 95454
0.000425499 28667
0.00175307 31498
0.00806243 3506
0.00162764 41768
0.0134913 36761
0.00882716 72662
0.0385664 79562
0.00352974 9558
0.00125156 75749
0.000125016 15376
0.000750563 94045
8.38997e-05 93102
0.000250063 29664
0.000250063 16025
0.0093905 28228
0.000125016 79114
0.00250627 56530
0.00621042 12898
0.000446101 73055
2.15064e-05 88355
0.0574446 95210
0.00877181 20762
0.000250063 12059
0.000250063 39803
0.0177073 54190
0.000625391 42191
0.00742362 60553
0.000625391 45577
0.000125016 2383
0.0156607 76985
0.00264793 10889
0.000875766 87197
0.0137437 85172
4.16823e-05 95909
0.000528786 16235
0.00667236 17178
0.00112627 28951
0.0118237 21626
0.00501462 45309
0.000921722 93553
0.000125016 36097
0.000616071 40029
0.0323591 99306
0.00050025 38101
0.000125016 57684
0.0149621 8696
0.00270365 65850
0.000281506 71555
0.00050025 34678
0.00715054 10049
0.00142608 20821
0.00467928 1450
0.000125016 93471
0.0387884 88999
0.00317844 63763
0.00125156 69603
0.00031321 16454
0.0273599 29100
0.000250063 65010
0.000236298 40905
0.0147133 9739
0.00407035 21184
0.000125016 50274
0.000125016 25397
0.000625391 24184
0.000125016 73685
0.000125016 10947
0.00150225 22531
0.0382286 65394
0.0168084 94527
0.0024053 75906
0.000250063 60950
0.000125016 13694
0.0178243 89427
0.000125016 21803
0.018733 25196
0.000125016 41752
0.000375141 8608
0.000625391 71934
0.0129196 73902
0.000125016 42526
0.00650371 26602
0.00789237 94077
0.001001 81192
0.0209923 11604
0.0145847 90793
0.000125016 86758
0.00311243 23640
0.0200036 64570
0.0112502 15751
0.000625391 74973
0.00130489 43812
0.0234452 58913
3.32009e-05 1331
8.33959e-05 70645
0.0190294 16250
0.00112627 67568
0.00338643 95545
0.000250063 47871
0.000687517 38529
0.0116338 87926
0.0329445 24974
0.000375141 57254
0.00637108 37788
0.00505827 7418
0.000125016 2983
0.0211388 90854
0.000125016 51475
8.76245e-05 66418
0.00193552 99456
0.001001 29732
0.00616275 37981
0.00562333 38033
0.000679116 59048
0.00173333 56493
0.0106346 50348
0.0147975 88520
0.0041506 81611
0.00768547 91088
0.000125016 34338
0.000125016 25732
0.00987526 21611
0.00661495 66995
0.00500254 19564
0.0051514 70129
0.000125016 74014
8.75648e-05 70200
0.00628703 3214
0.000625391 56880
7.76765e-07 88663
0.044098 45361
0.00194473 69912
0.00971854 18908
0.0248523 50518
0.00704935 53169
0.000250063 43851
0.015627 14027
0.00187852 87031
0.106486 34573
0.000125016 57057
0 2410
0.000125016 78559
0.000375141 53810
0.00340432 2717
0.000125016 36571
0.00275758 95997
0.00257723 17342
0.00172333 99295
0.000750563 2672
0.00292316 93984
0.000125016 82429
0.0528784 95110
0.0282126 74969
0.0334896 68579
0.0032606 22981
0.000523449 33119
0.0062033 46142
0.000557585 48825
0.000750563 78599
0.0139184 82886
0.000250063 4791
0.000375141 87101
0.000596857 5259
0.00937753 10499
0.00356756 2733
0.0252701 83056
0.000125016 75784
0.000375141 20057
0.000875766 35246
0.00175307 12562
0.00329041 84914
0.000125016 95619
0.00582637 96884
0.0064159 54257
0.000308696 56760
0.00137689 95788
0.00704935 52703
0.000125016 53589
0.000211975 29280
0.0250267 95177
0.000375141 33399
0.000125016 63444
0.0163366 97922
0.00112627 53223
0.00137689 48045
1.91115e-05 55374
0.000125016 36306
0.00141098 63335
0.000250063 12872
0.0306412 96116
0.000125016 96738
0.00336378 47040
0.000641034 35466
0.0222925 54988
0.0085939 54213
0.0227875 79931
0.00107088 42551
0.00481765 99341
0.0218732 59976
0.000750563 77338
0.00112627 68920
0.0383076 36947
0.00182035 48992
0.0185155 77516
0.00116536 47301
0.000375141 82093
4.7369e-06 1721
0.00590972 23542
1.74277e-06 60588
0.00491304 63355
0.00442954 3259
0.00783747 20836
0.00974717 9875
0.000625391 67581
0.00115839 91493
5.84824e-05 50233
0.0147975 31265
0.00473921 45115
0.0107386 31016
0.010398 72268
0.00550083 39558
0.0327552 86791
0.0242421 98987
0.000442828 32427
0.0418192 69067
0.00516468 25520
0.00470653 27240
0.00370277 1251
0.0173288 4765
0.00100845 84009
0.000375141 24778
0.000125016 93650
0.000250063 85001
0.0474806 91920
0.00630549 75162
0.0177857 6439
0.00116536 97271
0.015358 43599
0.0180454 75608
0.00270872 35107
0.00258886 32462
0.0156906 59751
0.00200401 49090
0.00517389 11684
0.000125016 99444
0.0492229 21860
0.000772747 80306
5.34453e-05 15987
0.000250063 89068
0.0432751 52535
0.00516741 13211
0.000125016 53236
0.00044682 29376
0.00857287 75818
0.0107026 86363
0.0025 5240
0.0042835 96816
0.00333485 38051
0.00880625 93347
0.00272761 48839
0.0396247 48429
0.000625391 69014
0.00565682 19636
0.0199222 40088
0.00110276 70425
0.0019767 62241
0.001001 58499
0.00989867 92043
0.0237775 86082
0.0123326 49941
0.000125016 7748
0.00206517 15101
0.00187115 71387
0.00466108 77112
0.0359594 13900
0.000375141 37826
0.00112627 2085
0.000125016 52284
0.00433051 16419
0.0033911 89254
0.00393241 64410
0.00232302 51037
0.025834 59443
0.0318771 90006
0.00273159 37768
0.00919034 81062
0.000250063 46809
0.00250627 75024
0.00414209 56769
0.000750563 5440
0.000750563 42310
0.000125016 2316
0.00579623 34169
0.000125063 77474
0.00125156 16002
0.000625391 39179
0.000750563 28781
0.00772506 87646
0.00497664 2432
0.000125016 79066
0.00582637 61230
0.00704098 1295
0.00477267 30070
0.00187852 16635
0.000403175 79627
0.000156256 30217
0.00050025 26268
0.00227899 17959
0.00489888 32855
0.000250063 20468
0.012818 75169
0.00463413 55326
0.00696157 22238
0.00689744 8939
0.0150759 36871
0.000717829 4997
0.00208344 1431
0.029343 4329
0.000125016 99655
0.0095644 47328
0.000875766 35003
0.000125016 56650
0.00236607 86853
0.00579623 45481
0.00439422 42306
0.0503341 26842
0.000125016 93353
0.000625391 26029
0.00719676 59696
0.00365523 75761
0.000125016 80463
0.0257695 23753
0.00292185 51017
0.00729657 13439
0.00704935 24169
0.0252141 88255
0.0030748 7011
0.0277878 83502
0.0711421 15356
0.00363819 81082
0.00302476 43648
0.00520168 83132
0.000125016 3542
0.0148326 73053
0.000125016 88597
0.000250063 91898
0.000750563 75012
0.00412496 21026
0.00137689 32969
0.000305976 11422
0.00852157 74498
0.00740707 61694
0.00203008 57307
0.00524465 83993
0.000902483 96873
0.0116235 46098
0.000916203 18536
0.000125016 61391
0.00936526 29982
0.00137689 41382
0.00187852 24049
0.00038744 54257
1.93003e-05 29086
0.0107001 44515
0.0474818 89049
0.00125156 28631
0.00125156 18187
0.000750563 89884
0.0125245 55308
0.000836417 76889
0.0216644 40446
0.00239165 22235
0.0246801 50250
0.0131254 1811
0.0323973 76002
0.000125016 2588
0.00162764 24888
0.0110079 86229
0.00191295 39782
0.00620631 41933
0.000616643 8148
0.0198376 44557
0.0145991 72508
0.000125016 65921
0.00225507 51760
0.0140818 19892
0.0129462 29742
0.00124024 42884
0.0586562 3158
0.0236308 22920
0.00895447 31842
0.00554645 73657
8.09651e-05 37598
0.000218316 21154
0.0140976 55421
0.00580038 34069
0.0131195 85445
0.000125016 9615
0.000250063 61642
0.0039727 24290
0.017111 22882
0.0209621 28595
0.044958 73882
0.00263191 83307
0.00461392 51588
0.0109946 65884
0.000681322 65465
0.00607826 41765
0.000125016 4272
0.00699587 82958
0.0270796 65072
0.000375141 47390
0.0197448 22091
0.00225507 28414
0.000125016 65311
0.00414209 31261
0.00150225 89859
0.0287383 8941
0.0455303 59274
0.000750563 33922
0.0091541 13301
0.000750563 40020
0.0151148 81159
0.00755668 50392
0.00050025 24107
0.0180845 41801
0.000250063 86201
0.000125016 28537
0.00403633 64842
0.0121654 95927
0.000125016 79541
0.00150225 9440
0.00308376 98801
0.0190361 83648
0.000125016 4407
0.0151114 13459
0.00834716 2064
0.0108668 30667
0.0602467 91936
0.00491577 56549
0.000250063 20446
0.00112627 90160
0.0440948 66027
0.0043656 49264
0.000625391 42959
0.00050025 26859
0.00200401 23322
0.0148421 3199
0.0241447 85137
6.93474e-06 46453
0.00553042 42300
0.00882724 28292
0.0117937 61302
0.00104323 17532
0.00642819 63923
0.00250627 49989
0.00050025 66331
5.62202e-06 31274
0.000625391 90565
0.000125016 87957
0.0632689 58573
0.00453529 15853
0.0255615 87403
0.001001 74672
0.0438583 62794
0.000161558 35503
0.000125016 47332
0.0105476 54469
0.000375141 8006
0.000125016 71514
0.00175307 93199
0.00225507 28470
0.00432319 50103
0.000191481 24503
0.000625391 51859
0.000527338 64761
0.000250063 6489
0.00137689 5775
0.0331248 55923
0.00112627 21006
0.012157 3176
0.0257889 62814
0.000332126 65843
0.000625391 61382
0.00288329 12174
1.13669e-05 8081
0.0078227 25663
0.0493598 14675
0.000250063 86964
0.0031348 7116
0.000299864 1620
0.00187852 85879
0.0466027 90291
0.00927133 4375
0.00162764 81813
0.00263191 17696
0.000375141 2736
0.000125016 36486
0.00826297 42705
0.000125016 52127
0.000125016 6164
0.00440178 51391
0.000125016 22330
0.00150225 35582
0.000375141 47118
0.000625391 42628
0.00363819 95068
0.00938316 10281
0.00969437 21303
0.0137348 42218
0.00162764 70237
0.00897584 63941
0.000375141 87281
0.00466143 39916
0.00586741 28328
0.000125016 45593
0.000305863 29881
0.0159161 31248
0.000250063 76580
0.000125016 95148
0.00520153 83171
0.00716013 65458
1.91751e-05 72299
0.00162764 38541
0.00125156 68981
0.000125016 73912
0.0119543 34852
0.00148379 96401
0.011999 43993
0.00125156 94017
0.000332951 71634
0.0143665 29487
0.000333584 79017
0.000375141 27054
0.000125016 68662
0.001001 46325
0.00150225 19621
0.000125016 27599
0.00121761 25364
0.00112627 99421
0.00212953 98246
0.00439422 19865
0.00164596 36662
0.022624 32047
0.00050025 93014
0.00982544 51832
0.0186021 69269
0.00157842 96067
0.0134593 29335
0.0100003 85090
0.000810706 8659
0.000820753 25005
0.0155011 47303
0.00275993 89000
0.0144727 74769
0.00979869 17274
0.000125016 28534
0.000125016 39319
0.000325502 64202
0.00744154 89824
6.93564e-05 93959
0.0277162 74977
0.0141988 54291
0.00070822 34600
0.00139388 10331
0.0298403 83374
0.00212953 8168
0.00177104 67145
0.000125016 88979
0.000125016 82262
0.000125016 87158
0.0784782 15176
0.000250063 71185
0.0145963 28520
0.000437638 9747
0.00295095 90742
0.00572333 27617
0.000476005 26367
0.0244232 7986
0.000125016 59365
0.0579621 2034
0.00190584 33741
0.00100477 96642
0.00351229 51010
0.000875766 13257
0.016737 16357
0.000125063 65094
0.0423458 72844
0.00439138 31748
0.0129744 69503
0.0105984 88283
0.000125016 8593
0.00125156 13322
0.0115275 97807
0.000875766 79017
0.000875766 36125
0.000875766 11130
0.00071312 60977
0.000250063 33165
0.00819156 87202
0.000429405 6717
0.00137689 27558
0.000125016 39503
0.0186185 63455
0.00734087 48035
0 89173
0.010625 51173
0.000125016 34630
0.00162764 4186
0.00376412 15860
0.00104323 9390
0.000250063 81550
0.000738369 28124
0.000125016 87599
0.000750563 88237
0.00452034 57774
0.00489888 8858
0.000375141 42249
0.00414209 31086
0.0362436 87414
0.0439378 17177
0.000125016 89162
0.0141904 60155
0.000427215 40003
0.0196989 82854
0.000250063 10996
0.00440261 38538
0.0509281 28455
0.0434678 55366
0.000125016 23199
0.0174625 54290
0.000125016 6569
0.00187852 28800
0.000875766 42350
0.00221454 15546
0.00495834 29378
0.000250063 88937
0.00855867 51416
0.00975228 92891
0.000750563 53618
0.0289003 3789
0.0196908 76425
0.0130564 99925
0.00290054 18529
0.0620814 80590
0.000843741 24677
0.020713 30731
0.0118997 75208
0.00252525 46970
0.00565682 89147
0 18697
0.00333055 24573
0.0544953 14990
0.000375141 70882
0.000125016 27848
0.000105381 59101
0.000250063 59174
0.00711281 74749
0.000750563 61554
0.000625391 60073
0.000750563 83553
0.001001 90213
0.00464649 93314
0.00338643 78480
0.00487126 56189
0.0118595 82618
0.000264216 51405
0.00137689 9266
0.001001 54836
0.00731475 69015
0.00338643 79030
0.00489888 49287
0.0156591 4480
0.000250063 32479
0.0716652 12401
0.0390666 76833
0.000125016 55136
0.0138132 58224
0.000125016 51194
0.0254403 85832
0.0138278 80246
0.0251456 29013
0.000125016 533
0.000625391 40848
0.000904163 45167
0.00112627 78379
0.00566993 71842
0.00896066 1943
0.00050025 10116
0.00369614 3219
0.0044425 79265
0.00225507 83415
0.00882724 63736
0.0195605 36923
0.00175307 35882
0.0219094 8751
0.0182234 71941
0.000519822 54053
0.0113043 72529
0.0838151 1661
0.00523221 3464
0.00859194 54171
0.000484204 10539
0.00250627 43959
0.000250063 293
0.00992857 75809
0.00592256 92510
0.0238764 47575
0.000265716 64411
0.0117617 5220
0.000353853 98662
0.00154738 25822
0.000250063 90317
0.001001 39880
0.000125016 45119
0.0406724 18732
2.88317e-05 36187
0.012157 13703
0.00179191 17435
0.000875766 53556
0.0024201 85898
0.0161472 14989
0.000250063 29919
0.000447041 3749
0.0414528 35870
0.0114844 73696
0.0048839 36917
0.0729787 64897
0.0071875 51123
0.000125016 66591
0.000118686 44238
0.00308404 59148
0.0256332 74554
0.00250627 80973
0.000625391 43685
0.00189017 82515
0.00340082 71316
0.000125016 13969
0.00376412 45783
0.0347635 86041
0.000293576 2230
0.000250063 79576
0.00050025 46100
0.000875766 24507
0.0192864 91636
0.000625391 71813
0.00565682 49910
0.00710914 45142
0.00308768 90818
0.0413542 47461
0.0112536 38582
0.00050025 19424
0.00831863 88297
0.0129462 67979
0.0191681 31604
0.00112627 47894
0.00909296 69459
0.00125156 1382
0.00628931 11020
0.0049514 17360
0.000842907 85214
0.0135089 20136
5.00626e-05 1598
0.00137689 78577
0.000375141 54128
2.91783e-05 55118
0.000375141 93233
0.00205701 24012
0.000250063 11284
0.000367909 11749
0.0121276 32072
0.00175307 90692
0.00519765 97124
0.000284561 30352
0.000125016 36047
0.00679587 10049
0.00401606 808
0.113575 94879
0.00171344 79185
0.0273371 21779
0.0183838 9528
0.00050025 57331
0.00117993 63527
0.0012637 95222
0.0137471 94442
0.00477267 85584
0.0165122 90288
0.00302846 69120
0.00167294 9860
0.015744 75070
0.00844573 37889
0.00781053 39760
8.66793e-05 11398
0.000394128 31659
0.000375141 57597
0.0388265 8772
0.000250063 963
0.00200297 79538
0.00107212 62750
0.000250063 57092
0.00224563 32692
0.00187852 58180
0.00050025 26115
0.000250063 82398
0.00150225 12378
0.000250063 13788
0.00975215 34936
0.000125016 13841
0.0143144 72650
0.0270737 15212
0.000750563 85759
0.000288564 33028
0.000125016 13858
0.00488937 26279
0.000250063 29799
0.000125016 19112
2.6835e-05 9479
0.0206265 42948
0.0247439 76743
0.00363819 5631
0.00424861 53593
0.00401606 564
0.00326969 44052
0.00456472 77505
0.00197185 77879
0.000125016 20931
0.00376412 51026
0.00887989 58277
0.000190859 82390
0.0632154 16737
0.021484 9860
1.38834e-05 81433
0.0203025 46681
0.0031348 28752
0.00125156 7313
0.0029172 51562
1.18596e-07 63332
0.0199052 89463
0.0004631 25690
0.0154904 69593
0.0108993 53620
0.000125016 19393
0.00114687 23527
0.0103798 64962
0.00861056 24158
0.000250063 98812
0.00322985 95095
0.00150225 14264
0.00152659 41880
0.00185678 83301
0.000722266 24488
0.000875766 86341
0.00475191 51058
0.00145151 84862
0.0182612 55613
0.0207093 71965
0.000125016 6834
0.0151053 37839
0.0336808 9566
0.000156137 26268
0.00395771 8121
0.010293 36230
0.000125016 9376
0.0037418 42886
0.0051514 70762
0.0190294 69992
0.000125016 87360
0.000447486 75347
0.0128155 15898
0.0251689 34410
0.0145566 65421
0.00175307 80217
0.00418065 60516
0.00189695 71833
0.0189641 98222
0.0132125 17155
1.75409e-06 20799
0.00338643 31861
0.000250063 13476
0.0132518 26499
0.0333338 75662
0.00162764 38564
0.0345706 70137
0.000570876 56940
0.0266244 25184
0.021368 5453
0.001001 70635
0.000540151 25206
0.0288323 46095
0.0323504 62228
0.00406816 52551
0.0598002 43097
0.00227899 5173
0.0703611 74377
0.000355345 37400
0.00235133 20660
0.0032606 89431
0.0457378 84766
0.000125016 80057
0.000125016 41350
0.00311242 62957
0.0550135 5495
0.000125016 28575
0.00401606 60134
0.000125016 12691
0.00050025 12211
0.000364639 53083
0.00125156 81507
0.0169061 63730
0.0227977 62724
0.00112909 81718
0.00178514 85682
0.00617367 42243
0.000375141 1615
0.0116906 84894
0.0144231 43473
0.000606897 78186
0.00162764 29806
2.27899e-05 23764
0.00275758 35245
0.0199474 9447
0.00498641 60185
0.001001 30791
0.000375141 44720
0.00464649 43780
0.00365523 68351
0.000250063 79919
0.00544803 19860
0.00030978 14600
8.95404e-05 9797
0.0227708 63772
0.00527771 95084
0.000241981 12707
0.000250063 37185
0.00503077 90248
0.00415774 61696
0.0262787 74676
0.00050025 94451
0.00465487 82976
0.00590972 37433
0.00275758 68472
0.00050025 37417
0.0107139 22115
0.0189865 99056
0.000125016 22416
0.00232078 22763
0.000125016 56547
0.00150225 12878
0.00351229 20191
0.0352767 40426
0.000350198 91560
0.00444541 16585
0.0109428 64025
0.000125016 84017
0.00137355 48691
0.000250063 7927
0.00803327 7302
0.00123113 52343
0.00547607 95338
0.000375141 6689
0.0160727 9860
0.04857 35954
0.0140702 3118
0.0111547 68848
0.000125016 11387
0.000250063 65482
0.000125016 71292
0.00137689 19508
0.000125016 57346
0.000375141 93634
0.0356059 15857
0.000375141 50393
0.0443861 63554
0.0338674 70079
0.000125016 88803
0.00302846 50965
0.00050025 93466
0.000250063 88815
0.00746739 71340
0.00712542 58168
0.019145 73570
0.00175307 91974
0.00503403 79379
0.00162764 59365
0.00642859 44819
0.00014119 60041
0.00150295 62094
0.0333364 21091
0.00150225 8258
0.000125016 27942
0.00137689 25265
0.00137689 95486
0.000125016 75474
0.0016059 92156
0.0031348 7814
0.00225409 84712
0.000447134 61552
5.79748e-06 74984
4.56421e-05 8049
0.000125016 58753
0.000125016 83264
0.0179917 3551
0.00212953 66602
0.00351229 23433
0.00261501 31698
0.0391789 59294
0.0213632 68916
0.00719676 75084
0.0214484 87865
0.000375141 56208
0.0299347 68846
0.00986381 49282
0.000625391 68973
0.00489888 69539
0.000125016 59817
0.000753943 26904
0.00151334 3407
0.0111547 24203
4.59061e-05 11380
0.0439541 99399
0.0302656 92014
0.000910787 65930
0.000250063 36063
0.0731402 79924
0.00190584 30333
0.000375141 7379
0.000125016 94769
0.000741956 53436
0.0279029 28789
0.027397 61629
0.000250063 90257
0.00318024 82106
0.0291112 65741
0.00225507 28623
0.003825 37812
0.001001 62569
0.0169034 59855
0.0138565 44080
0.00579704 11151
0.0186614 45744
0.00432031 91091
0.000120869 87723
0.00143449 28828
0.00115508 67360
0.000375141 20565
0.00288329 33900
0.000750563 92911
0.00150225 29858
0.000750563 51881
0.0826068 54132
0.0305642 99274
0.0042835 82680
0.0112688 34883
0.000125016 21983
0.000329595 22709
0.00450037 88848
0.00322628 3864
0.00144735 57379
0.000125016 19133
0.00178179 42577
0.000125016 85385
0.0225003 3506
0.000250063 13022
0.0201956 61090
0.0431217 30600
0.000375141 12646
0.0451833 47097
0.000875766 30266
0.00365523 88177
0.000283412 61357
0.00225507 61469
0.000750563 13503
0.0171789 30104
0.00762306 74108
0.0141288 41235
0.00265329 19224
0.0200384 22195
0.00162764 6217
0.000750563 25700
0.000250063 56340
0.001001 86275
0.00107543 44260
0.000125016 60953
0.000375141 17497
0.011027 71379
0.0216793 9884
1.8559e-05 94388
0.000125016 69944
0.000250063 11355
0.000650937 47452
0.00654253 9198
0.00872001 56331
0.000375141 64599
0.0351623 88399
0.0257608 86469
0.0146832 94457
0.00212953 32236
0.00351229 67165
0.0378079 38817
0.00463435 76754
0.000125016 62365
0.0103421 86555
0.000937417 60361
0.000250063 92859
0.0516744 80881
0.00904555 15024
0.0127565 22376
0.0174961 76718
0.0148891 14257
0.0260179 41541
0.00863144 86405
0.00150225 79668
0.00306955 34456
0.000125016 81803
0.0112644 88032
0.000375141 10268
0.0016697 42819
0.00165793 7711
0.00368843 96025
0.0035966 34633
0.0137511 41125
0.00212953 54967
0.0120405 93815
0.00238065 85308
0.00312853 49895
0.00426814 58306
0.0074819 45011
0.00326855 37311
0.00134332 86644
0.000375141 92158
0.000125016 26550
0.000828986 86266
0.00112627 85986
0.00725018 49510
0.000125016 50811
0.000782816 51775
0.00378077 57112
0.00369004 82579
0.000289653 12936
0.00128473 14411
0.00135739 70278
0.00288329 78699
0.0299806 38076
0.00842492 9339
0.00338643 34186
0.00148144 3439
0.0130831 9008
0.000335682 53331
0.0160152 88091
0.000681322 77735
0.000121078 41151
0.0059888 31523
0.000250063 41007
2.98448e-05 41461
0.0118921 87643
0.00666596 89324
4.7834e-05 24181
0.0117937 40176
0.000375141 49797
0.0220659 792
0.0074819 38887
0.00744154 71533
0.000125016 85162
0.0212035 78900
0.00779827 34503
0.00286172 47620
0.00342503 58027
0.0020896 89655
0.00721297 67398
0.013331 71536
0.00902788 37615
0.000487099 74287
0.00740934 38174
0.00184353 74600
0.00171198 36201
0.00187852 98021
0.000250063 80731
0.0143233 91629
0.000875766 86904
0.0344674 19130
0.00690417 12858
0.00050025 94241
0.0205904 28266
0.0049087 51433
0.011175 63040
0.00280458 61603
0.0247286 84932
0.000250063 50906
0.000750563 25558
0.001001 14892
0.000393125 32239
0.0208195 13926
0.00719519 89313
0.00145458 60007
0.000816131 30169
0.00225507 30817
0.00050025 60436
0.0098809 11071
0.00795528 32872
0.000294723 47518
0.012157 50536
0.00100418 51754
0.000634921 34196
0.0204369 34793
0.000125016 15058
0.00122108 80090
0.0114254 26147
0.000743362 29667
0.0436443 48073
0.00408441 12473
0.00340484 16324
0.0102145 58150
0.001001 83808
0.0031348 82257
0.00103694 24048
0.000125016 68417
0.00119508 136
0.0143274 46402
0.0120208 24575
0.0323693 69194
4.16823e-05 99601
0.00886155 54264
0.000750563 77434
0.0455 72898
0.000695065 1745
0.00273206 66799
0.0161466 48372
0.0146786 70259
0.000125016 64776
0.0152817 22084
0.0049714 94313
0.00538444 61836
0.00497197 93184
0.00225507 19745
0.00225507 53151
0.00503908 83705
0.0113891 90225
0.0128578 34376
0.00041672 9653
0.0547536 21273
0.027636 90719
0.00162764 47950
0.0162723 92620
0.000125016 80007
0.000125016 80988
0.0431218 27393
0.000922014 92709
0.00707583 48545
0.000254948 64735
0.000125016 60874
0.0382073 58849
0.00772512 22939
0.0140818 63616
0.000250063 11386
0.00796645 81144
0.0145718 72167
0.00516517 5907
0.000125016 82933
0.0283536 87552
0.00415774 60467
0.0214675 76782
0.00333639 99593
0.00137689 491
0.0157754 96522
0.000163972 5322
0.00616275 49301
0.0113891 75626
0.000430784 60298
0.0308557 13580
0.000375141 80938
0.00162764 5675
0.00840003 83296
4.48209e-07 38916
0.0278397 32007
0.018298 79766
0.00125156 32578
0.000250063 22699
0.0170768 67310
0.0183689 48853
0.0346983 79085
0.0206822 70413
0.00125156 37189
2.79631e-06 63183
0.0200312 37517
0.00439422 59593
0.0187996 92569
0.010039 28484
0.00893912 57379
0.001001 78704
0.0198688 74882
0.00114818 84677
0.00150225 94717
0.0109852 99036
0.0365363 48883
0.0526488 96974
0.0129733 99930
0.00962774 59675
0.0353307 60353
0.000106925 75282
0.000125016 30473
0.024868 47511
0.000375141 6095
0.0108668 12425
0.0131826 74435
0.00338643 5456
0.000698264 80460
0.00351229 39099
0.00569132 19648
0.000125016 22229
0.00050025 21545
0.00175307 9979
0.000375141 88265
0.0209332 18137
6.35935e-06 68396
0.00050025 77801
0.00125156 61351
0.001001 6687
0.0113124 9259
0.000491694 28805
0.022885 13486
0.00598768 59586
0.0263545 65774
0.000125016 32948
0.00378077 62283
0.000250063 7917
0.00050025 18386
0.000250063 99485
0.00263191 52361
0.00909296 88056
0.00208594 5653
0.00987946 88488
0.025191 36612
0.00371286 19099
0.00477267 17785
0.00150225 53621
0.00981327 4254
0.000750563 59712
0.000625391 75707
0.00565682 32385
0.0126195 51957
0.000284482 1664
0.000750563 80458
0.000125016 54005
0.000750563 75157
3.93639e-05 55502
0.00066704 91636
0.000125016 2465
0.00892689 76109
0.00178514 54431
0.000375141 96940
0.000375141 69445
0.0194023 13507
0.000125016 96708
0.0101011 73884
0.000375141 4405
0.000125016 89727
0.000250063 25893
0.000125141 38901
0.000750563 35431
0.000132918 55411
0.00112627 27319
0.00125156 94901
0.000250063 48858
0.00503908 49787
0.00125156 28400
0.00452034 62503
0.00190584 23901
0.0217867 68769
0.00717613 67685
0.0051514 4115
0.0145273 93121
0.00225507 23561
0.0222863 16326
0.00050025 52401
0.000250063 13946
0.000125016 70747
0.00050025 1591
0.0350575 12657
0.00880643 24905
0.000750563 6910
0.000250063 89172
0.000375141 15918
0.00590972 47524
0.00134281 74858
0.00137689 77764
0.00415774 35115
0.00337692 5330
0.0137185 17655
0.00162764 345
0.000125016 1218
0.00150225 21586
0.00157518 71168
0.00050025 13461
0.000750563 65149
0.00125156 97434
0.00279703 99458
0.000125016 85430
0.000125016 98574
0.000107708 30293
0.000125016 67771
0.00050025 23475
0.00125156 19267
0.00253355 3327
0.000875766 46828
0.000125016 85585
0.000875766 95690
0.000250063 40936
0.000250063 84567
0.000125016 64598
0.00050025 44951
0.000375141 57489
0.000250063 81011
0.000125016 42718
0.000375141 99831
0.000125016 85917
0.000375141 30206
0.000125016 59891
0.000250063 86139
0.000125016 49091
0.000250063 22523
0.00050025 47075
0.000125016 73579
0.000125016 55049
0.000250063 35662
0.000250063 29714
0.000125016 91033
0.000875766 14158
0.000625391 5833
0.000125016 24386
0.000125016 14796
0.000625391 54353
0.000375141 7652
0.000125016 25996
0.000125016 26212
0.000125016 81380
0.000125016 89392
0.000125016 43964
0.000250063 80973
0.000250063 80865
0.000125016 52063
0.000125016 74740
