621
0.000250063 98154
0.000125016 7512
0.000125016 18150
0.000125016 84020
0.000375141 88267
0.000625391 24880
0.000198349 35953
0.00315367 59454
0.000125016 80728
0.000125016 48349
0.000250063 67200
0.000493082 94120
0.000250063 47309
0.000625391 21329
0.000250063 84380
0.00453518 6935
0.00050025 53890
0.00363819 1957
0.00336531 9653
0.000875766 43226
0.00150225 75105
0.00050025 75090
0.000875766 73404
0.000125016 48814
0.00137689 4184
0.00050025 71103
0.000160855 37274
0.00781053 10469
0.00125156 31880
0.00175307 37813
0.00175307 20769
0.00050025 51484
0.00122526 72950
0.000125016 66112
0.00394552 82104
0.00530314 97036
0.00263191 84241
0.000375141 51390
0.00162764 85144
0.00125156 73379
0.00502513 12449
0.000250063 53933
0.000375141 61071
0.000125016 47339
0.000125016 23345
0.000875766 54825
0.000125016 34465
0.000875766 72552
0.000125016 678
0.000125016 52318
0.000125016 62561
0.001001 13166
0.00252842 10366
0.000750563 6944
0.000375141 18087
0.000125016 59387
0.000750563 89893
0.000250063 76447
0.00125156 92808
0.00212953 51935
0.00050025 23031
0.00162764 66990
0.00464649 91452
0.000625391 98908
0.00502513 10297
0.00050025 83557
0.00667438 83212
0.00150225 2255
0.000375141 81046
0.000250063 52733
0.00037627 27605
0.000125016 7327
5.96805e-06 57174
0.00227899 58430
0.000375141 86521
0.00050025 57663
0.000125016 36919
0.000125016 78044
0.0031348 54602
0.00050025 22568
0.00200401 39475
0.000250063 28021
1.92935e-05 75727
0.00175307 73260
0.00114687 50002
0.000375141 17215
0.000125016 95034
0.000125016 99949
0.00393371 40807
0.000125016 97026
0.000250063 42827
0.000125016 25752
0.000250063 25789
0.000250063 18759
0.00112627 96719
0.000250063 39507
0.00250627 37827
1.92935e-05 82140
0.000125016 54319
0.000875766 23099
0.00050025 64335
0.00162764 47344
0.00162764 74677
0.00040627 54180
0.000625391 3274
0.00133735 86411
0.00358029 67068
0.000125016 81321
0.00477267 88776
0.001001 27628
0.000625391 23828
0.000375141 35016
0.00112627 7751
0.000125016 2129
0.001001 83951
0.00162764 37714
0.00162764 94173
0.000750563 57366
0.000125016 14818
0.000250063 75814
0.000125016 61078
1.78728e-05 50885
0.000125016 29367
0.000250063 66682
0.000250063 10017
0.00275758 40116
0.000125016 40068
0.00162764 70263
0.000375141 57408
0.000250063 58751
0.000750563 96239
0.000125016 16882
0.000125016 30996
0.000125016 29640
0.000125016 55992
0.000250063 92566
0.00238065 68672
0.00148379 37961
0.000250063 61568
0.00457059 81704
0.000125016 27626
0.000125016 61205
3.22083e-06 24548
0.000375141 25383
0.00116536 83623
0.000250063 83734
0.00050025 84446
0.00187852 46204
0.000250063 8221
8.33959e-05 81320
0.000125016 54363
0.000125016 79872
0.001001 14474
3.06449e-06 46057
0.000125016 77533
0.00238065 86578
0.000125016 40582
0.00288329 280
0.00390638 34753
0.00133735 81257
0.00112627 82015
0.000125016 93385
0.000250063 18373
0.000750563 91530
0.000625391 57038
0.000125016 24895
0.00282663 21326
0.000375141 91022
0.000125016 17552
0.000250063 76453
0.000250063 18495
0.000125016 51800
0.0107502 68874
0.000125016 14531
0.000375141 31199
0.000750563 51564
0.00050025 78855
0.00275758 85804
0.000250063 78478
0.000250063 38894
0.000125016 61071
0.000875766 97388
0.000125016 74606
0.000801001 42391
0.000125016 80516
0.000625391 68340
0.000875766 11236
0.000625391 17843
0.00187852 6851
0 26010
0.00505521 65380
0.000125016 43027
0.00125156 94378
0.00137689 83649
0.000125016 94887
0.00137689 35235
0.00566993 960
0.000780114 99232
0.000250063 32840
0.000125016 31745
0.000125016 29035
0.000250063 5468
0.000750563 58835
0.000125016 35725
0.000625391 30956
0.000250063 13913
0.000125016 84997
0.000625391 80896
0.000750563 29549
0.000125016 68175
0.000125016 39169
0.000375141 98826
0.000250063 53498
0.000125016 96438
0.000375141 61973
0.00101023 48441
0.000625391 44440
0.000125016 5640
0.000125016 7688
0.000375141 67654
0.000125016 73264
0.00257568 89061
0.00141898 24960
0.000125016 70140
0.00150225 92169
0.000625391 22856
0.000125016 69485
0.000375141 33723
0.0033845 31389
0.000125016 29513
0.00050025 84502
0.00288329 19622
0.00137689 58610
0.00742979 99688
0.0107774 98136
0.000125016 76678
0.001001 59411
0.00238065 27639
0.00050025 72965
0.000425499 83185
0.000125016 29996
0.000125016 35228
0.00937044 38966
0.000125016 66674
0.000125016 50885
0.000375141 57314
0.001001 45030
0.000125016 20724
0.00137689 43666
0.000125016 51785
0.00137689 76421
0.00119626 31289
0.00232435 14789
0.000375141 78904
0.000125016 27828
0.000125016 51411
0.000250063 1347
0.00137689 35288
0.000125016 19834
0 48444
0.000375141 44172
0.000250063 27560
0.0084571 75217
0.000125016 18596
0.000250063 57110
0.000722134 59217
0.00252842 42171
0.000375141 69344
0.000125016 75507
0.000125016 12061
0.00137689 39798
0.000125016 14620
0.014956 34051
0.00136418 4989
0.00112627 16629
0.00112627 31688
0.000375141 55898
0.000625391 385
0.00203008 80859
0.000250063 58707
0.00044682 18597
0.000250063 14476
0.00050025 83192
0.000160855 53285
0.000625391 69237
0.00225507 26845
0.000375141 58550
0.000125016 12982
0.0043203 62409
0.000250063 53442
0.00315947 38460
0.000250063 9293
0.000125016 97947
0.00477424 35636
0.000625391 21526
0.000125016 72086
0.00187852 1370
0.000875766 89474
0.000875766 43015
0 23122
0.0106333 94632
0.000750563 45600
0.000375141 42192
0.001001 63987
0.00050025 81409
0.00225507 74900
0.000375141 13165
0.00314075 1543
0.000125016 46963
0.000625391 47118
0.00044682 79490
0.000125016 84899
0.00050025 99566
0.000250063 11123
0.000125016 24619
0.000625391 30602
9.63104e-06 6866
0.000125016 66640
0.00590972 28955
0.000586412 37958
0.00137689 94729
0.00050025 29870
0.00263191 91266
0.000125016 46807
0.000125016 86793
0.000125016 30260
0.00112627 12101
0.000625391 91318
0.000125016 66949
0.000125016 65883
0.000250063 555
0.000125016 48286
0.000125016 67129
0.000211531 12244
0.000250063 81867
0.000375141 94145
0.00405495 2089
0.00250627 410
0.000375141 99247
0.000125016 66589
0.00190584 55706
0.00225507 18505
0.000125016 42934
0.000118656 17581
0.00112627 10487
0.00187852 17177
0.000125016 73369
0.0024959 72226
0.000375141 65919
0.00050025 90447
0.00050025 24285
0.000125016 85527
0.00050025 72222
0.00162764 35411
0.00050025 26070
0.000625391 88367
0.000750563 36281
0.000125016 92114
0.00403203 41024
0.00263191 2875
0.000375141 4680
0.00112627 60189
0.00196761 66210
0.00212953 35395
0.00200401 90132
0.000125016 497
0.000250063 12139
0.000878073 68409
0.00137689 16634
0.000625391 25949
0.0109499 1111
0.000125016 70966
0.000250063 4847
0.000375141 29099
0.000250063 76701
0.000625391 3974
0.000434042 36660
0.00116536 40695
0.000125016 90276
6.59461e-06 40862
0.000125016 54189
3.57769e-05 71149
0.0030637 67832
0.00300903 35968
0.00464649 99118
0.00565682 92941
0.000125016 39849
0.000250063 40932
0.00468429 96477
0.00365523 59018
0.000125016 58399
0.000125016 29417
0.000250063 70341
0.001001 87125
0.00238065 62911
0.000125016 55613
0.00162764 94207
0.00637196 20233
0.0031348 91338
0.000250063 59401
0.00050025 72676
0.000125016 18247
1.47524e-05 50785
0.000676268 87508
0.000249856 97284
0.000125016 84265
0.000125016 19895
0.000125016 1316
0.000875766 42580
0.000125016 57205
0.00050025 85417
0.000125016 35220
0.00215446 88908
0.00212953 51872
0.000250063 96860
0.00200401 88129
0.000375141 21233
0.000125016 92042
0.000681322 67710
0.000333584 8622
0.000375141 90443
0.00798428 68713
0.00112627 28268
0.000250063 50225
0.000375141 2372
0 56489
0.000250063 15134
0.00338643 74144
8.33959e-05 95935
0.00137689 17207
0.00050025 68289
0.00212953 17791
0.00141098 54160
0.00178179 27721
0.000125016 85891
0.000375141 56194
0.000750563 67768
0.000125016 19391
0.00050025 80102
0.000375141 933
0.000125016 9676
0.00112627 39290
5.45045e-06 45604
0.000875766 81632
0.000125016 45772
0.000250063 48449
0.000125016 39591
0.00250627 49724
0.000125016 88032
0.000250063 58685
0.00050025 8200
0.000375141 87542
0.00960227 72171
0.00050025 65164
0.000125016 51876
0.000125016 60837
0.000125016 99501
0.00586142 8577
0.000250063 54884
0.000596857 29221
0.00150225 65336
0.000750563 14166
0.00225507 36748
0.00326038 8301
0.000875766 65219
0.000625391 9910
0.000250063 89206
0.001001 89312
0.000125016 96456
0.000125016 39782
0.00125156 82035
0.00137689 4202
0.00390638 13800
2.50156e-05 31932
0.000125016 3894
0.000125016 99778
0.00466108 71426
0.00452034 61743
0.00351229 76024
0.001001 80461
0.00438533 43922
0.00125156 75090
0.000125016 59810
0.000375141 22336
0.00125156 17998
0.000125016 21736
0.00212953 6447
0.00527771 23173
0.00050025 5335
0.00698352 30549
0.000125016 19467
0.000750563 87057
0.000125016 74193
0.000125016 79152
0.000250063 93889
0.000625391 45307
0.000250063 45089
0.000125016 54318
0.000125016 83365
0.00137689 63219
0.000125016 47965
0.000375141 73617
0.001001 67301
0.000375141 98474
0.00112627 19037
0.000250063 88307
0.000875766 88695
0.000375141 24314
0.000875766 76584
0.000125016 11287
0.000125016 41932
0.000125016 41626
0.000250063 97442
0.000125016 14559
0.000250063 43454
0.000375141 32124
0.000125016 76168
0.000250063 1050
0.000125016 81875
5.00626e-05 19200
0.000125016 36896
0.00212953 25992
0.00365523 46541
0.000250063 6572
0.000125016 15226
0.00050025 8670
0.000125016 82717
0.00389007 18252
0.00125156 86453
0.00050025 84075
0.000875766 26014
0.00628931 76959
0.000471921 63705
0.000750563 16474
0.000625391 26779
0.00101023 59345
0.000125016 85755
0.000125016 20916
0.000125016 81448
0.000625391 21172
0.000250063 57164
0.000125016 20981
0.00112627 98705
0.000625391 42477
0.00250627 25173
0.00187852 77473
0.00137689 64431
0.000125016 25988
0.000375141 10647
0.000125016 49971
0.000250063 18408
0.000250063 19863
0.000750563 23531
0.001001 45112
0.000750563 79540
0.000750563 56527
0.000375141 39590
0.00250627 76411
0.000125016 49888
0.000125016 67134
0.000125016 75104
0.00137689 96284
0.000250063 19519
0.00150225 74164
0.00478704 60392
0.000625391 4756
0.000125016 44200
0.000250063 51327
0.00200401 13568
0.000125016 10618
0.00238065 23398
0.000375141 23136
0.00050025 45488
0.00050025 41184
0.000125016 25220
0.000625391 10302
0.000875766 96504
0.000875766 69483
0.00128797 5445
0.000375141 43565
0.000125016 78874
0.000125016 5085
0.00112627 38567
0.00363819 75481
0.000125016 29292
0.000125016 40607
0.000375141 90405
0.000125016 1962
0.000750563 19163
0.000250063 85590
0.000875766 83142
0.000250063 29391
0.000375141 56138
0.00112627 53459
0.000125016 51961
0.000125016 84305
0.00050025 6606
0.000750563 89952
0.000875766 35254
0.000875766 62188
0.000250063 85394
0.00144953 17370
0.001001 10758
0.00050025 3442
0.000125016 45809
0.000125016 52586
0.000125016 97630
0.000125016 21237
0.000375141 3712
0.000125016 18393
0.00050025 90686
0.000125016 47607
0.000125016 15399
0.000250063 22898
0.000125016 18461
0.000125016 33425
0.000250063 73022
0.000125016 54267
0.000125016 45045
0.000125016 80654
0.000125016 67622
