1200 100
0.158112 -0.0357268
4.21107 0.121124
5.67383 0.0360589
5.95802 -0.554974
6.56475 -1.08993
6.70669 -1.78815
6.74999 -2.49316
6.87426 -2.54962
6.88249 -2.87503
6.84064 -3.14037
7.09969 -3.69489
6.98723 -4.1981
7.06558 -4.59634
7.2807 -5.05274
7.46501 -5.69762
7.87922 -6.17638
7.82514 -6.50173
7.97034 -6.8796
8.13359 -6.85411
8.35445 -6.87207
8.2435 -6.90905
8.17969 -7.00119
8.43625 -6.98835
8.30385 -7.07602
8.32277 -7.18362
8.58408 -7.24431
8.69148 -7.48563
8.66222 -7.41428
8.6869 -7.58656
8.78482 -8.06085
8.75524 -7.68158
8.52952 -7.9985
8.63907 -7.90115
8.68849 -8.12636
8.59259 -8.23085
8.76218 -8.09601
8.74499 -8.29564
8.7416 -8.33889
8.82941 -8.52004
8.91502 -8.6945
8.65615 -8.77765
8.71902 -8.68299
8.71245 -8.71508
8.72916 -8.50097
8.7321 -8.75062
8.68023 -8.51553
8.63113 -8.46872
8.68877 -8.68848
8.71872 -8.79971
8.75361 -8.41934
8.90086 -8.49481
8.79263 -8.84323
8.80246 -8.75375
8.8636 -8.72911
8.97852 -8.88563
9.0812 -8.85555
9.15414 -8.74455
9.13401 -8.87664
9.256 -8.98101
9.27737 -8.71021
9.5751 -8.76672
9.40707 -8.88219
9.57021 -8.68467
9.53276 -8.45761
9.6299 -8.44464
9.46772 -8.55127
9.47536 -8.79773
9.53437 -9.05503
9.40189 -8.90749
9.35742 -9.05605
9.3591 -8.87331
9.68638 -8.63111
9.59708 -8.95734
9.38361 -8.80923
9.6521 -8.87792
9.67758 -9.0779
9.85264 -8.76423
9.71913 -8.90545
9.79113 -8.65056
9.59623 -8.73546
9.86392 -8.62862
9.67598 -8.6668
9.62343 -8.83101
9.52937 -8.64559
9.65172 -8.59093
9.82043 -8.73934
9.66271 -8.57051
9.65811 -8.76621
9.67924 -8.70187
9.87653 -8.82071
9.70931 -8.78319
9.71504 -8.76708
9.93384 -8.6787
9.91869 -8.72827
9.94983 -8.80712
9.62203 -8.63296
9.58001 -8.76722
9.71879 -8.78099
9.5496 -8.79042
9.55542 -8.82128
9.68229 -8.9781
9.91708 -8.85219
9.55455 -9.00555
9.86252 -8.79072
9.51004 -8.80332
9.25767 -9.01997
9.46818 -9.09684
9.99455 -9.1182
10.2205 -9.30514
10.1053 -9.33781
9.89888 -9.12451
9.87606 -9.14681
10.0436 -9.23351
9.91581 -9.07867
9.94524 -8.96926
9.99232 -9.17032
9.89245 -8.90328
9.81944 -8.91189
9.89504 -9.0612
9.73344 -8.85061
9.743 -8.84418
9.79906 -8.92888
9.54502 -8.92257
9.89246 -8.98084
9.88003 -8.742
9.91332 -9.0508
9.84482 -9.00252
9.93901 -9.03504
10.01 -8.97078
9.73647 -8.93211
10.0649 -9.04491
9.79269 -9.15845
9.79573 -9.06618
9.98073 -8.94625
9.90159 -9.13635
9.81132 -9.1631
9.97825 -9.29438
9.85238 -9.29876
9.80775 -9.17312
10.0981 -9.1313
9.90447 -8.72305
10.1756 -9.21467
10.322 -9.1344
10.1895 -8.97313
9.82635 -9.05926
9.94071 -8.90216
10.2007 -8.99016
9.93954 -8.84774
10.0835 -8.85701
10.0214 -8.97358
10.0198 -9.05476
10.0109 -9.17513
9.97852 -9.21519
9.81515 -9.29635
10.1729 -9.337
10.1977 -9.37621
10.1747 -9.2817
10.1299 -9.36484
10.1586 -9.50114
10.4677 -9.677
10.529 -9.48256
10.329 -9.43387
10.2479 -9.03858
9.9266 -9.17219
10.0044 -9.55766
9.89734 -9.43795
10.0355 -9.2092
9.93383 -9.37297
10.1995 -9.54741
9.86194 -9.50845
10.0911 -9.23319
9.88997 -9.40045
10.1414 -9.06283
10.0759 -9.28262
9.96455 -9.06031
9.95343 -9.17799
9.98051 -9.13114
10.3045 -8.95247
10.1624 -9.02684
10.3864 -9.09077
10.1498 -9.28299
10.2243 -9.11686
9.99454 -9.03882
9.98293 -8.8819
10.1785 -9.23665
10.3015 -9.07751
10.0612 -9.2766
10.1353 -9.13071
10.2678 -9.00946
10.4472 -9.25232
10.1695 -9.02372
10.3248 -8.93768
9.9414 -9.16774
9.88055 -8.94534
10.0516 -8.90224
9.98962 -8.86011
9.93142 -8.96892
9.70336 -9.02909
9.80374 -8.9762
9.68796 -8.95435
10.1311 -8.86534
10.2476 -9.02784
10.1962 -9.04577
10.2249 -9.21329
10.2915 -9.32095
10.0842 -9.17394
9.89889 -8.7222
9.91078 -8.99662
9.9994 -8.72218
9.7981 -8.87735
10.1326 -9.02974
10.1108 -8.89614
9.68221 -8.85859
10.0089 -8.74131
10.0444 -8.949
10.0851 -8.80881
9.86363 -8.59714
9.71575 -8.5622
9.8873 -8.71973
10.1464 -8.51411
10.1403 -8.56566
10.1515 -8.61623
10.1911 -8.74517
10.2555 -8.78072
10.1295 -8.78051
10.1362 -8.85726
10.0097 -8.76389
10.0419 -8.89193
9.99337 -8.78545
9.98728 -8.90263
9.88387 -8.71786
9.48403 -8.67257
9.60488 -8.81068
9.76408 -8.71592
9.63149 -8.58209
9.59064 -8.71395
9.61522 -8.85375
9.51969 -8.66002
9.46066 -8.7712
9.56737 -8.61608
9.68689 -8.67408
9.55201 -8.65536
9.70398 -8.52742
9.45299 -8.71822
9.33477 -8.81362
9.26929 -8.5825
9.70749 -8.68523
9.3938 -8.95567
9.70408 -8.93533
9.60129 -9.09615
9.81043 -9.04012
9.37526 -8.75513
9.59648 -8.91282
9.49377 -8.86079
9.76593 -8.9715
9.54759 -9.13473
9.75514 -9.04424
9.64544 -9.09466
9.64656 -9.01584
9.53255 -8.4298
10.0084 -8.77645
10.3321 -8.78709
10.0222 -8.80853
10.2595 -8.53956
10.2299 -8.67512
10.2473 -8.71066
10.0468 -8.83333
10.2437 -8.96687
10.0544 -9.04868
10.3189 -8.6217
10.1597 -8.94119
9.94866 -8.82826
9.97345 -8.74065
9.79358 -8.82933
9.9537 -8.92597
10.1885 -9.06851
9.9569 -8.88353
9.83255 -8.87906
10.0789 -9.05972
9.84551 -8.87589
9.94572 -8.83231
9.98592 -8.96032
9.8978 -9.10431
9.71985 -8.83422
9.82918 -8.85954
9.79564 -9.21496
9.7119 -9.20787
9.77081 -9.23851
9.57503 -9.25058
9.40496 -9.05918
9.35316 -9.03649
9.55333 -8.98336
9.65327 -9.17796
9.70349 -9.1695
10.0159 -9.26745
9.95366 -9.23417
9.72188 -9.35822
9.60127 -9.12523
10.1042 -9.1704
10.2016 -9.26859
10.2015 -9.26857
10.4255 -9.07054
10.1532 -9.3111
9.69614 -9.31712
9.73351 -8.96988
10.1431 -9.1441
10.0667 -9.08282
10.0655 -9.44177
10.13 -8.95061
10.1098 -9.38561
10.2365 -9.12592
10.1764 -9.2313
10.3951 -9.19067
9.9826 -9.3611
10.178 -9.11565
10.0289 -9.15033
10.0092 -9.22324
10.2105 -9.28833
10.4977 -9.33412
10.4167 -9.29314
10.1401 -9.18277
9.9021 -9.27154
10.0995 -9.17094
9.98943 -9.06148
9.81055 -9.1617
9.9458 -8.87083
9.79293 -9.16891
9.887 -8.90655
9.88585 -8.88531
10.0677 -9.06624
10.1679 -9.06055
10.0728 -9.00863
9.9975 -9.14839
10.0579 -9.19796
9.94518 -8.82146
10.1384 -9.091
9.99629 -8.95974
9.7406 -8.98225
9.71555 -9.17323
9.9106 -9.45086
9.63894 -9.29751
9.65053 -9.13492
9.56066 -9.36806
9.59751 -9.15953
9.5792 -9.19755
9.59714 -9.62811
9.53085 -9.57146
9.59774 -9.58917
9.60643 -9.22977
9.82392 -9.1955
9.81944 -9.1259
9.79231 -9.11817
9.81535 -9.35837
9.82058 -9.3103
10.1058 -9.70791
10.0816 -9.5335
10.0259 -9.43705
9.93532 -9.07578
9.75702 -9.23154
9.62577 -9.36458
9.60816 -9.01901
9.4216 -8.90253
9.29763 -8.96899
9.22111 -8.85999
9.28751 -8.95526
9.39772 -9.13785
9.35521 -9.00961
9.15778 -9.10303
9.33519 -8.94664
9.2383 -8.76193
9.24298 -9.06905
8.94749 -8.47721
9.24285 -8.80219
9.43056 -9.00481
9.32919 -8.911
9.52389 -9.22812
9.82494 -8.67123
9.88767 -8.91721
9.84541 -9.01092
9.7875 -9.15599
9.81208 -8.8503
9.79718 -8.95215
9.71897 -8.86658
9.82381 -8.89278
9.73573 -8.95461
10.0795 -8.8766
10.0065 -8.9204
9.92095 -8.96622
9.94292 -9.24291
9.76847 -9.07593
9.71445 -9.08984
9.99019 -9.14072
9.87082 -9.18129
10.0105 -9.07991
9.99358 -9.28557
9.7844 -9.10602
10.1536 -8.9536
10.0744 -8.87598
10.0056 -9.22175
9.74435 -9.23647
10.2191 -9.31289
9.89894 -9.19857
10.033 -8.93361
9.82452 -8.91767
9.62017 -8.641
9.83489 -8.72905
9.90973 -8.81596
10.02 -9.01639
10.0311 -8.93724
10.2514 -8.85957
10.0315 -9.11389
9.89122 -8.8744
9.91021 -8.93886
10.1367 -8.91263
9.83294 -9.04591
9.93509 -8.76997
9.88928 -8.75792
9.88702 -9.0654
9.8462 -8.91278
10.116 -8.97857
9.79635 -8.66055
9.88832 -9.12458
9.70126 -8.93922
9.64653 -8.84076
9.73125 -8.73828
10.0164 -8.89761
9.94091 -9.08382
9.82014 -9.10681
9.53816 -9.13466
9.79773 -9.09332
9.86264 -8.81584
9.92929 -8.96261
10.0097 -8.90799
10.0767 -8.80341
10.1612 -9.24823
10.0143 -9.02157
9.87227 -9.14218
9.98185 -9.18227
10.0439 -9.32436
9.80254 -9.3527
10.0526 -9.21838
9.96063 -8.98222
9.96046 -9.05187
10.1166 -8.82836
10.1365 -8.84754
10.1561 -8.79788
10.1345 -9.07147
10.0762 -8.71226
10.1005 -8.78668
10.0284 -8.78361
9.86226 -8.68058
9.96857 -8.6036
9.86549 -8.62154
9.7185 -8.67976
9.92386 -8.62364
9.72227 -8.51531
9.89887 -8.9083
9.65079 -8.96873
9.54972 -8.54765
9.45616 -8.74915
9.57653 -8.82006
9.74448 -8.84291
9.56983 -8.65483
9.72939 -8.86327
9.67055 -8.63152
9.70105 -8.81685
9.6621 -8.80365
9.51078 -8.63917
9.19771 -8.58405
9.56163 -8.71579
9.35661 -8.68911
9.64963 -8.57379
9.60353 -8.69436
9.33863 -8.89919
9.48043 -8.94893
9.45743 -8.8569
9.60161 -8.91844
9.80509 -8.72983
9.64199 -8.79435
9.82308 -8.61895
9.85648 -8.66585
9.62732 -8.67019
9.77266 -8.48998
9.58293 -8.67746
9.80628 -8.93338
9.85531 -8.81553
9.68969 -8.8165
9.6348 -8.51487
9.80652 -8.58285
10.0319 -8.45131
9.80095 -8.79799
9.71088 -8.54918
9.80731 -8.58356
9.72725 -8.56924
10.0053 -8.53516
10.0243 -8.79613
10.0269 -8.94353
10.0114 -8.59863
9.60708 -8.97438
9.54522 -8.73406
9.87778 -9.05174
10.0282 -8.95219
10.0304 -8.81036
9.70089 -8.84856
9.64004 -8.84423
9.57579 -8.89417
9.45178 -9.16513
9.43343 -8.96271
9.42598 -9.22882
9.36461 -9.3274
9.57658 -9.29092
9.48125 -9.12263
9.50918 -9.06773
9.67144 -9.04896
9.86733 -9.29838
9.89101 -9.51134
9.96778 -9.19383
9.94434 -9.13298
9.77892 -9.21187
9.85043 -9.30794
9.89993 -9.31946
9.86804 -9.25898
9.72757 -9.26813
9.68853 -9.16668
9.8701 -9.29808
9.71251 -9.17661
9.69786 -9.09994
9.82519 -9.35888
9.85065 -9.06532
9.7172 -9.0411
9.57635 -8.8564
9.61246 -9.15693
9.77791 -9.02474
9.45954 -9.25334
9.50188 -9.28527
9.86256 -9.16405
9.85305 -9.25648
9.90326 -9.10001
9.83641 -9.09608
10.1235 -9.11494
9.99473 -8.986
10.078 -9.0561
9.81253 -9.05012
9.74804 -9.14693
9.89407 -9.29026
9.84431 -9.30274
9.76501 -9.10726
9.84777 -8.72596
9.8619 -8.76535
9.73163 -8.93989
9.80214 -8.93692
9.86233 -8.89513
9.99435 -9.06051
9.94889 -9.20071
9.91426 -9.02589
9.77412 -9.20664
9.83226 -9.19451
9.70652 -9.10783
9.58204 -9.15131
9.6637 -9.23546
9.65715 -9.09342
9.66842 -9.40447
9.51961 -9.30547
9.69883 -9.40639
9.70491 -9.31956
9.37378 -8.9484
9.37518 -8.82131
9.35547 -8.97068
9.35929 -8.8784
9.47135 -8.77267
9.5036 -8.85238
9.53593 -8.81079
9.34496 -8.99224
9.38539 -9.08409
9.34579 -9.20081
9.58449 -9.30154
9.77173 -9.32522
9.65744 -9.26607
9.55701 -9.11962
9.51316 -9.18611
9.46685 -9.2899
9.447 -9.2537
9.63816 -9.042
9.62999 -9.23763
9.5535 -9.12552
9.54256 -9.18143
9.60962 -9.3235
9.7553 -9.19057
9.55699 -9.219
9.40619 -9.20407
9.53189 -9.07755
9.58821 -9.06022
9.72305 -9.15997
9.91714 -9.07636
9.69367 -9.26546
9.52104 -8.96137
9.46456 -9.12335
9.63432 -9.13721
9.73245 -9.03617
9.7488 -9.10992
10.0167 -9.10259
9.75207 -9.23343
9.78768 -9.09415
9.86033 -9.24529
9.87932 -9.2356
9.83103 -9.13057
9.83563 -9.11647
9.64305 -9.14108
9.72998 -9.09135
9.92333 -9.11633
9.85733 -9.0205
9.60985 -9.16761
9.88021 -9.25754
9.83269 -9.32683
9.66741 -9.14749
9.77256 -9.15146
9.61588 -9.08166
9.65982 -9.01143
9.70372 -9.22774
9.57081 -9.07684
9.66816 -9.09794
9.53697 -9.13794
9.75309 -9.19221
9.89834 -9.00324
9.65156 -9.06442
9.91439 -9.19774
9.71997 -8.8668
9.67379 -8.93019
9.53907 -8.94902
9.5934 -8.98162
9.64047 -9.18112
9.44917 -9.19354
9.64272 -8.91553
9.44696 -9.0203
9.44641 -8.91967
9.65072 -8.81142
9.69356 -8.92357
9.66627 -8.90237
9.57901 -8.69271
9.46243 -8.84631
9.59987 -8.80473
9.5101 -8.96882
9.36546 -9.07263
9.50818 -9.12504
9.58143 -8.95193
9.7925 -8.99686
9.79897 -8.89929
9.85371 -8.73269
9.75447 -8.86024
9.60231 -8.67063
9.67344 -8.95291
9.50672 -8.99805
9.47148 -8.9973
9.51036 -8.8392
9.16649 -8.73476
9.34353 -8.87166
9.24709 -8.90129
9.47931 -9.01104
9.63544 -9.09711
9.76137 -9.21093
9.67786 -8.91473
9.74973 -8.89143
9.98558 -8.94047
9.75514 -8.71527
9.7203 -9.13804
9.44928 -9.06409
9.45399 -9.11529
9.59625 -9.07512
9.41161 -9.16325
9.48735 -8.99741
9.49563 -9.04933
9.44112 -9.19408
9.41785 -9.18281
9.39072 -8.98726
9.44864 -8.84722
9.68377 -8.87588
9.55275 -8.9411
9.47924 -9.12195
9.46471 -9.00337
9.54149 -9.11859
9.54565 -9.23795
9.16551 -9.02108
9.38629 -9.13623
9.30512 -9.37866
9.46946 -9.31967
9.39684 -9.31525
9.57807 -9.31131
9.44777 -9.47387
9.23775 -9.45606
9.41142 -9.60636
9.38636 -9.58272
9.48372 -9.42458
9.69666 -9.22189
9.53718 -9.47644
9.47547 -9.29119
9.41085 -9.63879
9.80478 -9.57153
9.79991 -9.55625
9.76617 -9.26466
9.69605 -9.48714
9.72705 -9.46193
9.52374 -9.5553
9.58371 -9.47911
9.48304 -9.47279
9.57096 -9.42354
9.57035 -9.42238
9.78883 -9.34058
9.65944 -9.22932
9.76894 -9.2744
9.62231 -9.29535
9.4614 -9.35703
9.31713 -9.15746
9.38189 -9.00722
9.33812 -8.92558
9.65759 -8.89737
9.57914 -8.83795
9.67713 -8.93746
9.45277 -8.98579
9.41083 -9.04002
9.29704 -9.03678
9.41597 -9.1447
9.28489 -9.17945
9.32167 -8.63225
9.56856 -8.69426
9.63945 -9.14122
9.60936 -9.07991
9.52472 -8.89932
9.62964 -8.92752
9.28228 -8.6914
9.60889 -8.71728
9.49173 -9.03915
9.5787 -8.97316
9.71577 -8.79497
9.75718 -9.0063
9.56284 -9.00953
9.5426 -8.65228
9.59789 -8.68046
9.62525 -8.82659
9.38059 -8.7022
9.58039 -9.01212
9.47898 -9.09897
9.47304 -9.20186
9.82944 -9.02691
9.80509 -9.1582
9.78297 -8.83483
9.63141 -8.99928
9.63142 -9.01799
9.57592 -8.8823
9.53767 -9.23089
9.65938 -8.93362
9.74866 -8.81932
9.77778 -9.0482
9.61457 -8.78912
9.56013 -8.8958
9.58066 -8.98075
9.59961 -8.82014
9.22961 -8.82779
9.36803 -8.68445
9.52663 -8.83723
9.64353 -8.69558
9.55835 -8.86431
9.60829 -8.93102
9.73993 -8.93858
9.3771 -9.1034
9.84939 -8.85782
9.66023 -8.95364
9.63938 -8.96625
9.46293 -8.81395
9.49709 -9.01842
9.43085 -8.9079
9.67326 -9.23668
9.6717 -9.2848
9.45574 -9.15422
9.68213 -9.11387
9.88566 -9.46012
9.80047 -9.46193
9.45448 -9.45919
9.58801 -9.11957
9.67286 -9.23963
9.85173 -9.3082
9.61915 -9.07574
9.58923 -9.35875
9.61997 -9.20657
9.45642 -9.08876
9.38251 -9.14853
9.68551 -9.11673
9.65373 -8.8114
9.85765 -8.7561
9.69718 -8.88009
9.55973 -8.96668
9.81428 -8.60847
9.68846 -8.87013
9.84054 -8.91462
9.83633 -9.15376
9.70694 -8.95543
9.92781 -8.96705
9.99539 -9.09361
9.84187 -8.90176
9.75285 -8.92339
9.95035 -8.96946
9.91647 -8.9295
9.78814 -8.63827
9.70632 -8.80528
9.85835 -9.05527
9.71838 -9.10336
9.88733 -9.17539
9.79649 -9.15117
9.69683 -9.25142
9.66956 -9.17768
9.75782 -9.32933
9.75172 -9.42822
9.70354 -9.41513
9.43059 -9.26953
9.60346 -9.39216
9.37736 -9.64576
9.56243 -9.45269
9.68549 -9.40146
9.66736 -9.55896
9.69177 -9.44605
9.67296 -9.61859
9.70097 -9.45627
9.61714 -9.41143
9.6983 -9.51631
9.67165 -9.42755
9.54364 -9.52364
9.56066 -9.50437
9.47055 -9.56881
9.46628 -9.30205
9.55836 -8.98383
9.57831 -9.08501
9.64844 -9.27999
9.61106 -9.30954
9.58548 -9.22275
9.61092 -9.18217
9.80236 -9.22953
9.42343 -9.23351
9.76349 -9.12356
9.75735 -9.14212
9.55798 -8.87199
9.75086 -9.00255
9.73964 -8.93476
9.64775 -9.01767
9.57272 -9.09336
9.47188 -9.20548
9.83179 -9.10112
9.82814 -8.98687
9.59641 -9.07002
9.44464 -8.76294
9.75871 -8.93813
9.63792 -9.09926
9.64645 -9.20256
9.84971 -9.24184
9.45865 -9.05361
9.61703 -9.19709
9.62574 -9.30534
9.68116 -9.21343
9.66143 -9.1976
9.45286 -9.35001
9.66386 -9.15379
9.3288 -9.09196
9.51624 -9.32738
9.58348 -9.36702
9.55368 -9.33801
9.56715 -9.35892
9.54087 -9.37377
9.76717 -9.56142
9.51716 -9.46047
9.55449 -9.52187
9.87854 -8.93379
9.95208 -9.00382
9.94834 -9.21834
9.90516 -9.00728
9.82815 -8.93518
9.50509 -8.97492
9.66001 -9.04981
9.79406 -8.89776
9.91037 -8.79227
9.69513 -9.01793
9.73538 -8.94903
9.78473 -8.74814
9.94295 -8.89332
9.67891 -8.83908
9.55869 -8.77443
9.52943 -8.90306
9.68333 -8.94496
9.65296 -9.00205
9.70897 -8.85547
9.81511 -9.06955
9.48572 -8.88575
9.63221 -9.01823
9.60216 -8.97859
9.76624 -8.86129
9.60462 -8.93541
9.63849 -9.07546
9.58504 -8.91553
9.82154 -9.01179
9.69859 -8.86594
10.0226 -9.0605
9.76055 -9.28322
9.91692 -9.23101
9.88205 -8.98094
9.72242 -9.00687
9.7619 -9.13111
9.83281 -9.04528
9.72475 -9.12538
9.7027 -9.08412
9.86436 -9.23516
9.48044 -9.29813
9.47303 -9.33258
9.53048 -9.31568
9.60591 -9.32655
8.57369 -10.3643
8.82641 -10.2464
8.65482 -9.92738
8.74706 -10.0413
9.01687 -9.83779
8.85103 -10.1577
9.20758 -10.013
9.20154 -9.45576
9.21856 -9.9387
9.36332 -9.69693
9.48138 -9.65433
9.59003 -9.31482
9.55001 -9.06137
9.49872 -8.98095
9.75141 -9.44715
9.60826 -9.64327
9.90482 -9.39763
9.51925 -9.47516
9.66353 -9.72162
9.58568 -9.72311
9.56588 -9.7261
9.78264 -9.32359
9.5854 -9.20925
9.46493 -9.36141
9.45842 -9.45387
9.60563 -9.38223
9.67075 -9.23957
9.72197 -9.39128
9.80483 -9.40464
9.66671 -9.54489
9.60465 -9.2716
9.59133 -9.46298
9.57298 -8.9482
9.5262 -9.14123
9.6499 -9.21192
9.7329 -9.5448
9.52926 -9.19902
9.65467 -9.36158
9.94713 -9.36934
9.67404 -9.52556
9.80156 -9.42306
9.53668 -9.5737
9.56559 -9.41308
9.52765 -9.85546
9.82847 -9.6687
10.0567 -9.49148
10.0864 -9.24902
9.98091 -9.56604
9.97487 -9.55364
9.52253 -9.40609
9.6113 -9.471
9.41565 -9.1632
9.79354 -9.00468
9.92566 -9.08324
9.79385 -9.23779
9.80247 -9.19076
9.32852 -9.30902
9.42942 -9.2138
9.43362 -9.18402
9.54855 -9.26745
9.66362 -9.53161
9.65544 -9.4893
9.67293 -9.40018
9.52017 -9.49886
9.50259 -9.44984
9.37113 -9.27255
9.44736 -9.23942
9.48376 -9.54417
9.6599 -9.45218
9.69441 -9.32192
9.67187 -9.43065
9.88006 -9.2917
9.77163 -9.26242
9.82608 -9.16578
9.76004 -9.36511
9.77657 -9.19222
9.77049 -9.13345
9.74593 -9.14396
9.87693 -9.35909
9.80935 -9.31911
9.70508 -9.33858
9.58701 -9.41398
9.66836 -9.30134
9.78637 -9.23286
9.83184 -9.30937
9.80494 -8.92513
9.81803 -9.07631
9.49051 -9.18429
9.58445 -9.2586
9.50195 -9.17248
9.419 -9.2817
9.45577 -9.31285
9.39695 -9.1353
9.22439 -9.08621
9.53741 -9.05082
9.34014 -9.08542
9.29643 -9.17883
9.57528 -9.1626
9.55517 -8.97554
9.43843 -9.31856
9.70438 -9.40166
9.33273 -9.38152
9.38449 -9.17986
9.51612 -9.06931
9.49684 -9.00313
9.63026 -9.02168
9.3817 -8.9723
9.37603 -9.22354
9.34325 -8.94065
9.30907 -9.14971
9.33739 -9.08176
9.52958 -9.2118
9.42664 -8.95704
9.47914 -9.21044
9.27713 -9.08714
9.48681 -9.21638
9.44039 -9.26796
9.50395 -9.29006
9.43493 -9.25882
9.51954 -9.22675
9.59066 -9.41189
9.5455 -9.45517
9.51686 -9.41878
9.54164 -9.21283
9.37474 -9.21008
9.57056 -9.23027
9.62938 -9.14976
9.49165 -9.19423
9.39517 -9.23432
9.57522 -9.21337
9.58492 -9.21708
9.63567 -9.09245
9.63061 -9.31976
9.6125 -9.31839
9.68785 -9.29671
9.55382 -9.18152
9.7132 -9.35393
9.84617 -9.3994
9.73796 -9.21762
9.70743 -9.23417
9.80463 -9.20809
9.64811 -9.05868
9.88387 -9.15523
9.85449 -9.24681
9.60966 -9.36863
9.80794 -9.17907
9.82914 -9.2754
9.73033 -9.31913
9.89869 -9.3282
9.74715 -9.51749
9.68159 -9.45363
9.8997 -9.24167
9.86825 -9.2405
9.98152 -9.4335
9.78189 -9.32337
9.73639 -9.59335
9.86302 -9.4308
10.0939 -9.22465
10.1147 -9.2466
9.94601 -9.30984
10.0422 -9.19961
9.87428 -9.19689
10.0531 -9.00529
9.97547 -9.24127
10.0766 -9.11202
9.81724 -8.96146
9.99445 -9.10751
9.87842 -8.89432
10.0477 -8.84324
9.84214 -8.81361
9.7686 -8.89267
9.79546 -8.92221
10.0067 -8.88999
10.1608 -8.89766
10.0334 -8.75907
9.80696 -8.71835
9.79603 -8.92674
10.0404 -8.82205
9.91106 -8.90617
9.93537 -8.94214
9.96643 -9.05556
9.7559 -8.94266
9.6816 -9.10655
9.67881 -8.97432
9.7677 -9.02545
9.55451 -9.03384
9.6271 -9.03468
9.78193 -8.83081
9.41898 -9.02076
9.73316 -9.00601
9.68414 -8.86296
9.84967 -8.95596
9.77271 -8.99632
9.89791 -9.02715
9.55553 -9.02447
9.64545 -9.0672
9.83987 -9.15363
9.84007 -9.07062
9.6497 -9.12136
9.71299 -8.95092
9.4882 -9.0217
9.59577 -9.09641
9.76895 -9.08166
9.72987 -9.0403
9.65736 -9.01446
9.80514 -9.13337
9.88958 -8.96598
9.66569 -9.19439
9.46539 -8.91466
9.39599 -8.9959
9.78495 -9.06961
9.83019 -9.03406
9.72661 -8.87654
9.64064 -8.92519
9.53412 -8.92855
9.61183 -9.04548
9.67074 -8.98829
9.53393 -8.89081
9.51114 -9.0644
9.52761 -9.03829
9.38548 -8.8653
9.43032 -8.91966
9.5202 -8.96265
9.51027 -9.01946
9.46283 -9.07216
9.34633 -9.15938
9.37286 -9.22544
9.30023 -9.15654
9.30521 -9.11513
9.36256 -9.13477
9.22483 -8.66331
9.44492 -8.927
9.58853 -8.83507
9.63296 -9.17344
9.26907 -9.16338
9.39579 -9.14717
9.72438 -9.25961
9.56416 -9.07545
9.74549 -9.31414
9.80005 -9.50827
9.63231 -9.4865
9.71125 -9.28584
9.72886 -9.43832
9.70925 -9.3516
9.81173 -9.38856
9.66922 -9.21448
9.60757 -9.20863
9.71337 -8.91714
9.81031 -9.33184
9.80663 -9.15838
10.0585 -9.21109
9.92059 -9.34297
9.8734 -9.33986
9.99252 -9.29647
10.0875 -9.44146
10.0664 -9.06907
9.95673 -9.36142
10.1954 -9.28746
10.026 -9.37752
10.1077 -9.42664
9.99949 -9.43665
10.1314 -9.40678
9.93745 -9.09158
9.86982 -9.32794
9.48926 -9.14094
9.69344 -9.44465
9.67869 -9.21473
9.90218 -9.52398
9.67127 -9.29981
9.79227 -9.34345
9.89678 -9.42804
9.87066 -9.53249
9.91271 -9.66316
10.1466 -9.50517
10.037 -9.24125
9.91185 -9.32619
10.1172 -9.33506
10.2638 -9.34415
10.2712 -9.20736
10.0358 -9.34307
9.95938 -9.19967
10.0669 -9.13262
9.93158 -9.32927
9.74816 -9.24536
9.83103 -9.23277
9.94299 -9.08854
9.67202 -9.24518
9.83843 -9.16494
10.0414 -9.31251
