201 100
0.000153061 0.00216555 0.00220301 0.000208461 0.00013984 0.00214927 0.00216907
0.00606063 0.0580866 0.00652436 0.00161152 0.03784 0.0246179 0.18973
0.00667941 0.0822897 0.00680376 0.00221428 0.0406144 0.0419991 0.270162
0.00643242 0.0915767 0.00687555 0.00261176 0.0419473 0.0499679 0.330707
0.00679041 0.0971338 0.00709744 0.00309701 0.0426404 0.0572934 0.353931
0.00678376 0.112388 0.0073646 0.00356036 0.0400575 0.0709028 0.395872
0.0072271 0.124585 0.00722304 0.00396636 0.0419096 0.0825498 0.418829
0.00728267 0.123563 0.00761883 0.00408833 0.0390886 0.0859296 0.392013
0.00716272 0.127917 0.0072805 0.0040536 0.042423 0.0930221 0.39905
0.00769681 0.13783 0.00736741 0.00428566 0.0479885 0.105535 0.410196
0.00753591 0.137755 0.00732425 0.00435991 0.0457209 0.107961 0.402312
0.00780974 0.143848 0.00733994 0.00459202 0.0492187 0.116782 0.380355
0.00760953 0.146191 0.00822248 0.0047607 0.0430164 0.120181 0.38237
0.00765346 0.142961 0.00751363 0.00451901 0.0478969 0.116115 0.40343
0.0077302 0.148963 0.00760572 0.00476171 0.04678 0.1221 0.413605
0.00716009 0.145655 0.0078962 0.00447365 0.0459974 0.118226 0.432596
0.00795366 0.156703 0.00771246 0.00495643 0.0531777 0.129604 0.44766
0.00798474 0.157189 0.00813208 0.0053295 0.0459353 0.130272 0.447335
0.00837706 0.161762 0.00742126 0.00544374 0.052047 0.137268 0.429965
0.00832609 0.161314 0.0073273 0.00509669 0.0604389 0.137661 0.442524
0.00811777 0.164186 0.00804968 0.00511696 0.0552905 0.140984 0.432567
0.0087571 0.168551 0.00822572 0.00590865 0.050863 0.147143 0.415733
0.00846383 0.168692 0.00728384 0.00557516 0.0500536 0.146565 0.41784
0.00862296 0.181429 0.00739374 0.00580546 0.0516441 0.159245 0.434793
0.00831062 0.177042 0.00769234 0.00545512 0.0500503 0.153918 0.440718
0.00834518 0.168002 0.00817063 0.0053583 0.0563775 0.145208 0.438001
0.00818397 0.165017 0.00836581 0.00555303 0.0509965 0.142554 0.421741
0.00829928 0.161105 0.00791317 0.00553776 0.0534167 0.140006 0.416324
0.00868454 0.162271 0.00759179 0.00581561 0.0574565 0.142125 0.413669
0.0084239 0.169717 0.00788725 0.00565108 0.0547115 0.148859 0.435949
0.00865781 0.181638 0.0079586 0.00587055 0.0534349 0.161803 0.420998
0.00843655 0.17569 0.00843674 0.00588616 0.0524824 0.155918 0.435235
0.00863015 0.177376 0.00778909 0.00608174 0.0511689 0.15917 0.416798
0.00883586 0.183635 0.00768474 0.00609636 0.0575463 0.167802 0.394368
0.00882002 0.184179 0.00793327 0.00588268 0.06223 0.168105 0.408523
0.00832838 0.181304 0.0077751 0.00561442 0.056162 0.164896 0.404446
0.00857665 0.180209 0.00799885 0.00566749 0.0651099 0.164276 0.408098
0.00865944 0.172635 0.00798715 0.00590177 0.0628663 0.157783 0.404379
0.00845823 0.178497 0.00837152 0.00567579 0.0612836 0.161911 0.428587
0.00901041 0.178378 0.00812845 0.00627973 0.06441 0.163192 0.410528
0.00921848 0.18932 0.00860264 0.00667425 0.0625261 0.173771 0.435348
0.00863425 0.181463 0.00848566 0.00606049 0.0626431 0.164476 0.46422
0.00806049 0.185872 0.00800108 0.00572989 0.0575209 0.170441 0.435504
0.00833815 0.19346 0.00882394 0.00572351 0.0594242 0.177783 0.44202
0.00799828 0.178932 0.0086083 0.00569263 0.0588668 0.164214 0.436737
0.00854727 0.187057 0.00779281 0.00614311 0.0600269 0.171958 0.439961
0.00930558 0.200132 0.00959736 0.00688258 0.058182 0.183496 0.470542
0.00861895 0.187857 0.00863263 0.00612112 0.0616777 0.17279 0.448413
0.00827427 0.181311 0.00860628 0.00579933 0.0596479 0.166634 0.442264
0.00814297 0.172624 0.00838348 0.00568278 0.0612831 0.159534 0.398322
0.00880682 0.18921 0.00823446 0.00640146 0.0595825 0.177322 0.38345
0.00865186 0.188313 0.00900941 0.00621976 0.062274 0.175739 0.408779
0.0091878 0.192543 0.00790314 0.00656338 0.0662366 0.180512 0.398906
0.00949617 0.199516 0.00856249 0.00692572 0.0652302 0.186588 0.421487
0.00915186 0.189539 0.00836989 0.00678971 0.0599739 0.178198 0.385992
0.0092748 0.191491 0.00832372 0.00665394 0.0737388 0.180363 0.399617
0.00876497 0.194186 0.00835404 0.00645978 0.0596987 0.182464 0.396536
0.00885443 0.182257 0.00880876 0.00640534 0.0678045 0.169049 0.442997
0.00931785 0.197489 0.00795675 0.00687324 0.0654196 0.18419 0.442093
0.00964135 0.187123 0.0092844 0.00714964 0.0679642 0.17535 0.410808
0.0091637 0.187834 0.00839796 0.00661776 0.0714953 0.175633 0.423423
0.00928182 0.190653 0.00789155 0.00676315 0.0694695 0.177793 0.446653
0.00900509 0.193929 0.00852745 0.00658174 0.076764 0.181042 0.474097
0.00884943 0.191597 0.00758638 0.00644426 0.0750596 0.179363 0.460737
0.00960869 0.204947 0.00815438 0.00702264 0.0779195 0.193697 0.437611
0.00923589 0.192068 0.00885975 0.00674983 0.0727225 0.180883 0.421148
0.00883195 0.180852 0.00851895 0.00635928 0.0788741 0.170157 0.415708
0.00923112 0.186874 0.00828988 0.00681983 0.068505 0.177097 0.382241
0.00889057 0.187591 0.00888252 0.00655481 0.0686254 0.178295 0.382996
0.00928169 0.198592 0.00817555 0.0068632 0.0743986 0.190205 0.374552
0.00872914 0.178462 0.00877339 0.006357 0.0753427 0.169499 0.385927
0.00919651 0.187494 0.00791514 0.0065868 0.0837365 0.17861 0.390852
0.00908099 0.18167 0.00841247 0.00652341 0.0834106 0.172269 0.405823
0.00927164 0.187759 0.00729244 0.00685717 0.08186 0.178189 0.416793
0.00952738 0.19421 0.00842686 0.00692801 0.0829464 0.185734 0.384832
0.00953476 0.193906 0.00792998 0.00698037 0.0851552 0.184706 0.407708
0.00899857 0.200026 0.00978242 0.0066192 0.0752943 0.19082 0.397053
0.0095012 0.204169 0.008277 0.00710136 0.0734202 0.196294 0.369995
0.0091615 0.202317 0.00924985 0.00689307 0.0756403 0.194192 0.388516
0.00897594 0.194322 0.00942887 0.00657743 0.0786796 0.185218 0.40991
0.00920106 0.203591 0.00825382 0.00697748 0.0815416 0.193865 0.445232
0.00969418 0.204609 0.00863582 0.00713724 0.0915731 0.194218 0.47455
0.0101058 0.20136 0.00887021 0.00746282 0.0911778 0.191153 0.449448
0.00955659 0.197897 0.00806124 0.00698317 0.0931343 0.187073 0.484605
0.00909187 0.192687 0.00880724 0.00671479 0.0876942 0.182883 0.453061
0.00957372 0.201088 0.00909304 0.00710624 0.0838604 0.19255 0.406009
0.00959166 0.213054 0.00775638 0.00709644 0.0860941 0.204055 0.429847
0.00991908 0.212172 0.00827781 0.00728824 0.0822929 0.203385 0.404952
0.00978906 0.211366 0.0077117 0.00734326 0.0866415 0.202691 0.429457
0.00906786 0.199386 0.00764132 0.00671056 0.0843989 0.190316 0.419438
0.00937704 0.201662 0.00819241 0.00696991 0.0759899 0.192985 0.406694
0.00942223 0.200426 0.00930558 0.00691593 0.0905353 0.192231 0.415063
0.00926386 0.209663 0.00875175 0.00691703 0.0867638 0.201373 0.437013
0.00906 0.208373 0.00857632 0.00671869 0.0854388 0.200065 0.441617
0.00938269 0.208607 0.00860174 0.00694775 0.0855392 0.200587 0.406962
0.00900362 0.206676 0.00836908 0.00672254 0.0803825 0.197317 0.449156
0.00929877 0.211403 0.00868226 0.00679073 0.091551 0.201615 0.476389
0.00890477 0.20462 0.00963481 0.00644686 0.0874487 0.195397 0.431906
0.00910351 0.20509 0.0077522 0.00670336 0.0862284 0.195618 0.454672
0.00917165 0.204494 0.0081582 0.00677216 0.08145 0.195961 0.418
0.00908033 0.20827 0.00853894 0.00673995 0.0907762 0.199265 0.449113
0.00995858 0.209812 0.0084313 0.00757053 0.0862723 0.201257 0.430308
0.0094077 0.213584 0.0090638 0.00704394 0.0788252 0.204862 0.418653
0.00929883 0.201927 0.00932877 0.0066429 0.0989366 0.193881 0.416376
0.00967285 0.209817 0.00853234 0.00701643 0.0891442 0.20309 0.375792
0.00965078 0.203314 0.0095442 0.0072182 0.0935465 0.195305 0.425141
0.00971956 0.213111 0.00881106 0.00720167 0.0994645 0.20581 0.412332
0.00949451 0.213246 0.00880218 0.00698419 0.0939897 0.205119 0.437698
0.0102672 0.207169 0.00844418 0.00765291 0.0938114 0.199101 0.431729
0.00942324 0.212527 0.00848083 0.00715152 0.0781653 0.203803 0.421208
0.0100662 0.217921 0.00904459 0.00766354 0.0852009 0.209817 0.424227
0.0102792 0.21634 0.0083784 0.007804 0.0935576 0.207994 0.437319
0.00937891 0.213819 0.0094643 0.00714322 0.0891878 0.206084 0.438129
0.00955728 0.212674 0.00845974 0.00725944 0.0879512 0.204918 0.432139
0.00971995 0.211033 0.00810286 0.00737652 0.0962037 0.20319 0.450534
0.0100609 0.209694 0.00911045 0.00759502 0.0945179 0.203249 0.384924
0.00941479 0.213252 0.00908089 0.00694094 0.0901376 0.206162 0.417253
0.0100525 0.207796 0.00867907 0.00780452 0.0917474 0.200832 0.413406
0.00969195 0.211594 0.00851371 0.00737208 0.0838786 0.204489 0.40196
0.00975038 0.209028 0.00908374 0.00767571 0.0836666 0.201445 0.436903
0.00980275 0.21265 0.00966478 0.0076086 0.0882174 0.204414 0.455814
0.0100425 0.20774 0.00887366 0.00783204 0.09531 0.199601 0.450881
0.00992419 0.210569 0.00940995 0.00768491 0.0888197 0.203189 0.420563
0.00993052 0.209923 0.00825443 0.00762973 0.0939937 0.201816 0.442445
0.00962555 0.21509 0.00862476 0.00728586 0.0879791 0.206748 0.433698
0.00932794 0.221736 0.00819921 0.00694879 0.0978788 0.213269 0.464954
0.00924526 0.213211 0.0086641 0.00698087 0.0951789 0.206087 0.431614
0.00956753 0.21982 0.00862179 0.00716066 0.0995472 0.212989 0.422143
0.0102643 0.229459 0.00928797 0.00777344 0.103385 0.22163 0.459161
0.00904355 0.209437 0.00940985 0.0069107 0.0905716 0.202583 0.424252
0.0089243 0.206868 0.00878761 0.00692033 0.0774603 0.199608 0.417036
0.00918697 0.214243 0.00885386 0.00710771 0.0830249 0.206938 0.438251
0.00946286 0.211432 0.00966859 0.0073109 0.091345 0.203403 0.458879
0.00951956 0.224621 0.00910439 0.00741478 0.0830401 0.217424 0.423921
0.00953114 0.212307 0.0087557 0.00732034 0.0888567 0.203117 0.509879
0.0094884 0.208405 0.00792346 0.00757722 0.0769443 0.201415 0.410276
0.00959082 0.213816 0.00884843 0.00733373 0.0939286 0.206581 0.424517
0.0102997 0.22346 0.00853595 0.00798162 0.104152 0.214155 0.52222
0.0103148 0.213713 0.00860845 0.0079541 0.102747 0.204868 0.499062
0.0102349 0.216542 0.00897182 0.00815918 0.0940294 0.207901 0.49351
0.0107155 0.221095 0.0077804 0.00850728 0.0936576 0.213159 0.462212
0.0104953 0.215105 0.00856078 0.00826622 0.0954808 0.207463 0.443619
0.0093383 0.21119 0.00871206 0.00726682 0.0856871 0.203922 0.436282
0.0102958 0.228269 0.0090582 0.00790687 0.0962389 0.220939 0.459673
0.00987027 0.224419 0.00858258 0.00762929 0.0914837 0.217271 0.451878
0.00952113 0.232197 0.00952646 0.00747497 0.0927675 0.224469 0.475411
0.00996828 0.225761 0.00951977 0.00775098 0.0988351 0.217363 0.515612
0.00960873 0.234145 0.00905096 0.00746285 0.085363 0.225541 0.499759
0.00995641 0.229091 0.00932718 0.00788491 0.0896059 0.221711 0.472415
0.0103054 0.233315 0.00902138 0.00806321 0.0930008 0.226403 0.443984
0.00984899 0.227445 0.00938104 0.0075714 0.0962864 0.220469 0.441454
0.0100436 0.226225 0.00906058 0.00772768 0.099459 0.217546 0.522491
0.0096651 0.221314 0.00870305 0.00732478 0.0992253 0.213355 0.482684
0.00932454 0.225116 0.00913943 0.00728626 0.0964879 0.217956 0.470492
0.010195 0.220152 0.00845332 0.00792323 0.0925457 0.213337 0.447018
0.0100604 0.213529 0.00875576 0.00783557 0.101448 0.207562 0.415787
0.00993679 0.217004 0.00854199 0.00771713 0.104097 0.210967 0.421317
0.00875349 0.210015 0.00882079 0.00672609 0.0898494 0.204095 0.398465
0.00957459 0.225138 0.00946937 0.00737622 0.106975 0.218919 0.448131
0.0103986 0.230436 0.00873428 0.00820948 0.0966806 0.224127 0.433299
0.010377 0.217771 0.0085448 0.00819636 0.0962729 0.212201 0.399582
0.0103606 0.225886 0.00851346 0.00827359 0.102189 0.218776 0.473337
0.0100223 0.218686 0.00857306 0.00802987 0.0735023 0.213623 0.358873
0.0102913 0.21905 0.0093879 0.00806811 0.0888102 0.212852 0.419443
0.00980409 0.222472 0.00937213 0.00775056 0.0845245 0.216503 0.399408
0.0103617 0.216382 0.00929781 0.00826228 0.099091 0.209991 0.426937
0.0109318 0.227416 0.00950054 0.00871924 0.0952238 0.22116 0.432368
0.010204 0.216836 0.00845427 0.00823934 0.0855155 0.211645 0.38628
0.00992068 0.224 0.00876055 0.00778464 0.0919037 0.219048 0.377983
0.0105188 0.229768 0.00860021 0.00829247 0.0932128 0.223648 0.421356
0.0100126 0.230029 0.00864141 0.00785329 0.0948727 0.223764 0.441301
0.0102577 0.233366 0.00857603 0.00814545 0.0881012 0.227538 0.404869
0.0098642 0.226584 0.00854888 0.00792501 0.0872379 0.21893 0.493013
0.00985394 0.227516 0.00870894 0.00776452 0.0936855 0.220005 0.492027
0.00976602 0.227211 0.00800382 0.00771177 0.0897838 0.220919 0.429505
0.0101199 0.232649 0.00951335 0.00825239 0.0846362 0.225976 0.455484
0.0100568 0.231793 0.00873653 0.00794743 0.0957507 0.225075 0.451065
0.0105266 0.224744 0.00878141 0.00823926 0.0986434 0.217804 0.457875
0.00987558 0.23728 0.00914285 0.00785934 0.0825498 0.231559 0.403445
0.00972124 0.232862 0.0093804 0.00767678 0.0970041 0.226052 0.467084
0.00970862 0.230784 0.00845599 0.00775696 0.0874032 0.225341 0.416814
0.00937591 0.224221 0.00894096 0.00748197 0.0829313 0.218864 0.393857
0.009943 0.228376 0.00844536 0.00785836 0.0815747 0.223093 0.39458
0.00982209 0.225177 0.0086638 0.00782032 0.0832781 0.220702 0.368912
0.0104014 0.242342 0.00861413 0.0083356 0.0953064 0.237217 0.414374
0.0101651 0.24287 0.0100089 0.00807645 0.0943371 0.237117 0.437272
0.0096795 0.233401 0.0090976 0.00756989 0.0884216 0.227939 0.405598
0.00992507 0.228654 0.00932016 0.00768783 0.0890238 0.222546 0.416995
0.00968468 0.225994 0.00857754 0.0076124 0.078239 0.219294 0.427772
0.0106111 0.230158 0.00796602 0.00850628 0.0936997 0.222352 0.498247
0.0104972 0.233831 0.00827368 0.0084086 0.0894763 0.226939 0.460392
0.0103483 0.245468 0.00907955 0.00827651 0.084243 0.240118 0.413985
0.00964968 0.236807 0.00869544 0.00754087 0.0946344 0.231614 0.409885
0.00970467 0.23379 0.00954233 0.00767835 0.0985341 0.228279 0.430659
0.00943099 0.223574 0.00991394 0.00746036 0.0909342 0.217887 0.429902
0.0102602 0.23871 0.00818439 0.008123 0.104949 0.232932 0.460221
0.0101158 0.235104 0.00936644 0.00800528 0.104063 0.229131 0.453102
0.00958322 0.238697 0.00926663 0.0075779 0.0934556 0.233314 0.432791
0.0098875 0.238441 0.0082244 0.00777692 0.0944163 0.232303 0.445203
0.0099205 0.237405 0.00884485 0.00790168 0.0900824 0.231268 0.453844
0.0102551 0.226973 0.00872995 0.00824619 0.0906114 0.221438 0.429304
