201 100 10
-3.31827 -3.30161 -3.63108 -3.16628 -3.26229 -3.33134 -3.20893 -3.48963 -3.38732 -3.29353 -3.19917 -3.04653 
9.40502 -9.70797 -9.44039 -8.70921 -8.8561 -9.20253 -9.85611 -9.95285 -10.2324 -9.21485 -10.9696 -10.4611 
9.77804 -9.33129 -9.53487 -8.9419 -7.30595 -9.47384 -9.49561 -9.62101 -9.38509 -10.8815 -9.85137 -8.97936 
9.53903 -9.3432 -9.24684 -9.97761 -9.5782 -7.86066 -8.90682 -10.0005 -9.02777 -8.22114 -9.68036 -10.9107 
9.7293 -9.17033 -10.0649 -9.55047 -8.50836 -9.92146 -7.87423 -9.10693 -9.91476 -8.88536 -9.40188 -8.22199 
9.42191 -9.22147 -8.76714 -8.77913 -10.8964 -9.75212 -9.56868 -9.50055 -8.55703 -9.57749 -7.93987 -8.74967 
9.71776 -8.59844 -8.89192 -7.17964 -9.21615 -8.8089 -8.85509 -8.25109 -9.43882 -7.69459 -8.86979 -8.78396 
9.27258 -8.71932 -7.63452 -9.28092 -8.05054 -8.7653 -8.41011 -8.75718 -8.42914 -8.80228 -8.77248 -10.2487 
9.34783 -9.30553 -8.00129 -9.00276 -7.73715 -10.0084 -10.3289 -9.67875 -9.34444 -9.82645 -9.25573 -9.66775 
9.47084 -9.36629 -9.35474 -10.1146 -9.68292 -7.99559 -10.1001 -8.5674 -8.6401 -10.2875 -8.98863 -9.97137 
9.56342 -9.37534 -9.38741 -9.38578 -9.19772 -9.25116 -10.1194 -9.52039 -8.46346 -9.46296 -10.4806 -8.51408 
9.353 -8.98864 -8.67496 -9.60578 -8.66167 -8.99994 -9.76716 -9.01741 -7.89822 -9.01494 -9.23796 -9.06078 
9.18649 -9.04981 -9.00483 -7.76606 -9.11422 -10.4175 -9.00479 -9.60503 -7.91379 -9.14343 -9.97785 -8.29606 
9.3013 -8.80936 -8.71972 -8.43075 -8.76673 -8.612 -8.84761 -9.98998 -9.1762 -9.60023 -8.87197 -7.26703 
9.10414 -9.10989 -9.5346 -8.38728 -7.49469 -7.72709 -11.6582 -10.1847 -9.51981 -8.24008 -9.3858 -9.62135 
9.47539 -8.58138 -8.85502 -7.38798 -9.56343 -8.52144 -8.38069 -8.67629 -8.97024 -7.07239 -8.70806 -9.59897 
9.33809 -9.65274 -9.17034 -7.97262 -9.87585 -10.6049 -10.6359 -10.3203 -8.88741 -10.0321 -9.82427 -9.31659 
9.0934 -9.21953 -8.86653 -9.77808 -8.3423 -9.93715 -9.37758 -10.0267 -8.57262 -9.34914 -7.96133 -9.94471 
8.90625 -9.06308 -8.40404 -10.8491 -8.84269 -7.62464 -8.78919 -10.3021 -8.01279 -8.95771 -9.01117 -9.79547 
9.42207 -9.24937 -7.11127 -9.29965 -8.59932 -9.23906 -9.37148 -8.28504 -10.0672 -9.54587 -9.85867 -11.1208 
9.0764 -9.07458 -9.19517 -8.90373 -8.94222 -10.0319 -8.52741 -8.57164 -8.81357 -10.231 -9.12542 -8.55177 
9.05559 -8.96277 -7.80953 -8.95843 -9.54777 -9.91059 -10.3885 -8.86818 -9.33924 -8.60552 -8.0684 -8.26931 
9.19113 -9.02319 -7.75603 -9.10635 -9.30446 -9.97782 -9.17939 -8.81284 -10.2474 -9.04651 -9.27303 -7.68207 
9.11141 -8.95211 -8.19491 -9.31199 -8.48115 -7.87607 -10.4172 -9.075 -10.0105 -8.65978 -8.98051 -8.19217 
9.38228 -9.01253 -9.10078 -9.74324 -9.7363 -10.4193 -9.71663 -8.40568 -9.95655 -7.15608 -7.34821 -8.37302 
9.13872 -9.13313 -9.73375 -9.06345 -8.4824 -9.3522 -8.03285 -9.42459 -9.26806 -10.8177 -8.5323 -8.83764 
9.61365 -9.15479 -8.28743 -9.69753 -8.69558 -9.32262 -9.3113 -9.71606 -9.36541 -9.57285 -7.82313 -9.63464 
9.279 -9.23777 -8.05644 -9.66674 -8.82844 -10.4541 -9.13134 -9.53781 -9.81217 -9.36156 -9.42815 -8.10923 
9.60189 -9.23305 -9.39556 -8.47331 -7.32964 -9.82549 -9.56201 -8.71561 -9.5529 -9.78448 -9.35889 -10.247 
9.48493 -9.07512 -8.78045 -9.64635 -8.57448 -9.49464 -9.50713 -9.33188 -8.92198 -9.86631 -8.43334 -8.21209 
9.17767 -9.07272 -9.34462 -10.7534 -7.84834 -8.22092 -9.24473 -9.29348 -8.86633 -10.722 -7.96921 -8.65325 
9.04371 -8.81587 -7.97904 -7.95741 -8.56963 -9.20063 -8.95851 -9.22058 -9.61677 -8.57712 -7.8723 -9.97196 
9.33242 -8.91691 -8.03613 -9.15369 -9.36241 -8.62556 -8.70834 -9.2626 -9.77655 -8.13957 -8.36502 -9.62985 
9.17818 -9.3141 -8.28261 -9.66863 -10.4211 -8.31177 -9.06673 -9.15831 -9.3738 -8.60067 -9.55936 -10.4961 
9.70845 -9.1382 -8.96996 -7.46692 -10.1692 -9.44216 -9.88611 -8.19848 -8.3951 -9.53917 -9.96272 -9.24706 
9.21413 -8.83994 -8.91598 -7.3564 -8.96573 -9.71249 -8.60706 -10.2032 -9.16123 -8.55078 -8.49789 -8.32224 
9.5495 -8.89942 -9.56598 -9.15596 -8.57182 -8.25773 -9.88544 -9.6155 -8.90441 -7.20552 -9.96383 -7.71692 
9.33536 -9.14105 -9.60257 -8.78154 -8.69105 -8.30749 -10.0199 -10.3359 -9.96788 -8.1781 -9.17874 -8.36827 
9.06827 -8.90627 -9.24366 -8.43222 -8.78769 -9.4647 -8.59037 -10.3683 -9.12268 -7.44033 -8.03191 -9.66494 
9.51391 -9.39447 -9.37282 -8.14464 -10.1235 -9.48503 -10.2779 -9.63235 -9.59428 -8.50419 -9.09943 -9.99547 
9.50025 -9.04687 -10.3863 -9.05499 -9.07271 -9.55054 -10.4848 -8.53811 -8.41544 -8.02313 -8.04379 -8.55726 
9.60083 -9.11201 -9.09099 -8.92599 -9.14534 -9.59685 -9.3006 -8.58337 -9.62302 -10.149 -8.29778 -8.37933 
9.12182 -8.92572 -8.19754 -8.13686 -9.23591 -9.61151 -9.45606 -9.23406 -9.52219 -7.88031 -10.2052 -7.72429 
9.42973 -9.24498 -10.4725 -7.90025 -9.38332 -9.44877 -9.31956 -9.37116 -9.67646 -8.20525 -9.18494 -9.41162 
9.53944 -9.09771 -9.50076 -8.41763 -10.3492 -8.73707 -9.58075 -8.79521 -7.73407 -9.63356 -9.46685 -8.42885 
9.37422 -9.03461 -10.0774 -8.59547 -8.71541 -8.64524 -7.61008 -8.83846 -10.046 -9.84945 -9.83266 -8.26843 
9.33427 -9.03524 -9.55477 -8.58664 -8.60446 -9.38072 -9.35646 -9.22706 -8.80381 -8.84716 -9.62897 -8.26426 
9.27159 -8.79011 -8.62503 -8.63057 -7.44503 -8.66523 -9.22912 -9.93946 -9.56407 -8.43557 -8.24339 -9.09486 
9.38164 -8.92438 -9.64546 -6.99097 -8.13535 -8.92255 -9.76164 -8.59986 -10.4162 -10.3174 -8.57622 -7.77353 
9.66857 -9.03216 -8.41304 -10.4706 -8.53848 -9.16733 -9.96913 -7.47209 -9.75911 -9.75285 -8.55386 -7.78741 
9.60921 -8.90074 -8.99588 -7.78733 -9.93223 -7.72102 -9.46603 -8.12248 -8.29383 -9.52713 -9.23463 -9.88652 
9.25742 -9.0175 -8.0272 -9.7557 -9.01962 -8.76774 -9.55163 -9.73642 -8.46718 -8.60321 -9.4703 -8.88384 
9.54185 -9.28881 -8.90995 -8.60372 -9.201 -8.35602 -10.0696 -9.62585 -9.37877 -8.94968 -10.3972 -9.59389 
9.14126 -9.00832 -10.232 -8.72114 -9.54882 -8.38765 -8.30537 -9.22396 -8.91984 -9.56253 -9.90289 -7.2723 
8.96729 -8.84337 -8.68876 -10.045 -7.97062 -8.24949 -8.15539 -8.95864 -9.67715 -7.99234 -9.91347 -8.96647 
9.42863 -9.15303 -9.87323 -9.36638 -8.88036 -9.03343 -9.03777 -8.81439 -8.7971 -9.64764 -8.02601 -9.7901 
9.33148 -8.5802 -8.9246 -8.45554 -8.71796 -8.50314 -7.95887 -7.51026 -10.1623 -8.82187 -7.42095 -9.49187 
9.49884 -8.89461 -8.49352 -8.83288 -10.0343 -9.08368 -7.79776 -8.11246 -9.06108 -9.01765 -8.81784 -9.70209 
9.24269 -9.12438 -8.73981 -9.07016 -10.2201 -8.59641 -9.48701 -8.18967 -9.76239 -8.2218 -8.7481 -10.1134 
9.39087 -9.07087 -8.71823 -8.96509 -9.75903 -8.82602 -9.12291 -8.50673 -10.5411 -9.68819 -8.5434 -7.89934 
9.70282 -9.08864 -9.79399 -9.86499 -9.70773 -9.73842 -8.06664 -9.50139 -7.89219 -8.90878 -8.34374 -8.91974 
9.48622 -8.97807 -8.96206 -8.59372 -8.32037 -8.80446 -9.89133 -8.67753 -10.1823 -8.52374 -8.74304 -9.12371 
9.48422 -9.19567 -9.60734 -8.86754 -8.4046 -9.08864 -9.83361 -8.58722 -10.1024 -9.12413 -9.18112 -9.15333 
9.43508 -9.08783 -8.91121 -8.82188 -9.24199 -9.05306 -8.76304 -9.68648 -9.84624 -8.54775 -9.46164 -8.54905 
9.56401 -8.57908 -7.89864 -7.45962 -9.07843 -9.02219 -9.02719 -8.80339 -9.6149 -9.54211 -7.36565 -8.21263 
9.19626 -8.67083 -9.6284 -7.83176 -8.27254 -8.46951 -9.01885 -8.57004 -9.32606 -9.13128 -6.62134 -9.68139 
9.42319 -8.58792 -8.65024 -8.62139 -7.3301 -8.84678 -9.24893 -9.81464 -8.88299 -9.18909 -6.39552 -8.91249 
9.12777 -8.84503 -9.85564 -9.45653 -7.76479 -9.07768 -7.98089 -8.57884 -8.67548 -10.1988 -7.34932 -9.35243 
9.06173 -8.7302 -9.77499 -7.41605 -8.30954 -9.02943 -8.13719 -8.37576 -9.18433 -10.9001 -7.30223 -8.41256 
9.07781 -9.21118 -9.53672 -9.63038 -9.11062 -8.36622 -9.00372 -9.85978 -9.53535 -8.94212 -8.82861 -9.27249 
8.8043 -8.44348 -9.57504 -10.4729 -7.37291 -7.38395 -7.94121 -9.1306 -9.46941 -8.58011 -6.95137 -7.88295 
9.17829 -9.03169 -8.18743 -9.73761 -7.64081 -8.35466 -8.522 -10.7234 -8.2364 -9.25919 -9.3701 -10.376 
8.98221 -9.03908 -10.4969 -8.61955 -8.76764 -9.77518 -8.72514 -8.42782 -8.78366 -8.33488 -8.80232 -9.61564 
8.87656 -8.92671 -9.1138 -9.07306 -9.27953 -9.02698 -6.73458 -10.6979 -9.48451 -10.101 -7.01354 -8.76061 
9.48842 -9.40358 -8.44252 -9.63169 -10.1534 -9.65351 -8.76677 -9.27196 -9.0997 -10.5153 -9.48532 -9.03412 
9.25946 -9.42587 -9.44892 -10.0381 -7.61021 -9.40011 -9.76837 -9.60938 -8.62496 -9.78045 -9.40462 -10.4558 
9.05019 -8.99459 -8.39175 -8.71442 -8.85814 -9.86214 -9.58425 -9.6369 -8.42744 -8.41214 -9.52835 -8.59631 
9.1724 -8.89565 -8.08279 -9.12988 -9.34291 -8.78064 -9.46446 -8.53605 -9.68197 -8.99592 -7.6993 -9.48691 
8.9863 -8.91741 -8.15184 -9.18347 -8.33298 -8.98076 -9.17189 -8.92383 -8.80942 -8.71745 -9.53784 -9.24769 
8.85606 -8.78191 -9.32526 -8.83262 -9.49575 -7.83867 -8.30289 -8.60985 -8.7962 -8.19278 -8.44158 -9.76661 
8.67493 -8.5334 -7.89154 -8.34212 -8.3981 -8.99019 -8.488 -9.86774 -8.01049 -8.7352 -7.81808 -8.76868 
9.02868 -8.87261 -8.92768 -8.16896 -9.40641 -9.34249 -8.5138 -8.96414 -9.74643 -9.65586 -8.23494 -7.88582 
9.3531 -8.79357 -10.0633 -7.40201 -8.34221 -8.80427 -8.83709 -7.99877 -10.8808 -8.84303 -7.6727 -9.17626 
9.47628 -8.85189 -10.227 -8.16531 -8.86427 -8.74807 -8.47276 -7.41197 -9.76522 -9.67077 -8.42461 -8.9575 
9.28879 -8.72729 -8.58038 -8.46613 -8.91767 -8.52358 -9.36274 -7.48183 -9.84693 -10.1607 -7.63574 -8.42779 
9.29234 -8.83001 -10.1342 -8.60354 -7.53144 -8.56858 -8.35756 -7.86931 -10.0258 -9.97692 -7.86822 -8.95804 
9.31434 -9.16449 -10.1994 -8.43102 -9.59002 -8.59574 -8.77246 -7.91867 -9.04481 -9.88594 -10.1269 -9.14571 
9.58135 -8.70525 -9.7907 -8.51846 -8.87683 -7.99396 -8.31217 -8.0416 -9.37551 -8.56143 -9.01576 -8.59211 
9.39794 -8.83375 -8.39526 -7.81101 -9.34376 -8.41204 -7.79762 -8.43255 -9.28924 -10.0619 -9.02942 -9.73108 
9.18012 -8.4521 -8.54046 -7.19943 -9.32751 -8.16629 -8.08665 -8.40475 -8.84572 -7.44937 -9.45512 -9.06279 
8.79641 -8.82499 -9.79531 -8.07254 -9.80987 -8.90192 -8.5258 -7.5858 -7.83002 -10.513 -8.42419 -8.57253 
9.41223 -8.72111 -9.29403 -9.16161 -9.68582 -8.60878 -7.37903 -9.39219 -8.20802 -10.1523 -7.41743 -7.94924 
9.06511 -8.89398 -9.44436 -8.77347 -8.92432 -8.26272 -8.7224 -9.29806 -9.27487 -9.6188 -7.95099 -8.64345 
9.31894 -8.76526 -9.75381 -8.16424 -8.73355 -8.00241 -7.31027 -8.57037 -9.98821 -9.96459 -8.54047 -8.50246 
9.32651 -9.09153 -9.43874 -8.84889 -8.87491 -9.63892 -8.11488 -9.4634 -9.48167 -8.35848 -8.98549 -9.67981 
9.34599 -8.72892 -8.75693 -8.29335 -7.65726 -10.7662 -8.55939 -9.50225 -7.94783 -8.34197 -8.82814 -8.53424 
9.1968 -8.78417 -8.76393 -9.73221 -9.92682 -9.16159 -7.4647 -8.63201 -9.04978 -8.37354 -8.57738 -8.02168 
9.27257 -8.88213 -8.4908 -8.95493 -8.03969 -9.97306 -8.60501 -8.96217 -8.31781 -8.85003 -9.63934 -8.82709 
9.49945 -8.69381 -9.43268 -9.17384 -8.26972 -9.53103 -8.8228 -8.06576 -7.18658 -8.48576 -9.05786 -8.97748 
9.16797 -9.03102 -8.77367 -8.34786 -8.61876 -9.3217 -9.8869 -10.0409 -8.28793 -8.89398 -8.80775 -9.32828 
9.19467 -8.7272 -10.0146 -8.68063 -8.1557 -9.9798 -8.27372 -8.43358 -8.96898 -8.83375 -8.32604 -7.78393 
8.99993 -8.90735 -9.28412 -9.07731 -7.78551 -9.38402 -8.60544 -8.81415 -9.10165 -8.20085 -9.63764 -9.26131 
9.18209 -8.99579 -9.09989 -7.63603 -8.21059 -10.6662 -9.1736 -8.53957 -9.63169 -9.02315 -8.85514 -8.90336 
10.0201 -9.23417 -10.6228 -10.114 -8.54435 -9.22032 -9.23192 -8.13816 -8.47409 -9.00794 -10.2017 -8.8594 
9.42722 -9.26778 -10.189 -10.5063 -8.70303 -9.0487 -10.0049 -9.45396 -8.74948 -8.0612 -8.7459 -9.01679 
9.21501 -8.77888 -10.228 -8.14176 -7.53818 -7.73387 -9.92096 -9.13736 -8.83776 -9.20723 -8.86979 -8.3419 
9.48796 -8.98548 -9.66141 -8.53234 -8.74222 -9.04744 -9.58927 -7.7488 -8.5688 -9.08777 -9.82167 -9.02722 
9.16556 -8.82731 -9.13412 -8.73125 -10.7199 -7.26716 -9.25938 -7.95017 -8.04747 -9.00975 -9.57225 -8.64677 
9.51239 -9.22308 -10.2891 -9.80894 -9.99289 -7.71156 -8.06546 -9.0501 -9.32613 -8.73392 -9.97062 -9.19911 
8.98285 -9.09952 -9.7958 -8.75937 -8.69652 -8.14917 -9.67278 -9.59734 -7.99771 -9.21581 -10.2402 -8.86567 
9.47457 -8.92856 -9.16112 -7.62921 -9.14799 -8.93869 -9.28013 -8.5182 -9.40067 -8.54554 -8.67988 -10.2643 
9.29004 -9.08811 -8.57789 -8.40144 -10.3281 -8.31637 -8.7656 -10.1935 -9.31855 -8.06759 -9.76888 -8.94988 
9.00737 -8.95984 -10.3106 -8.32904 -8.26784 -8.22143 -9.96144 -7.64344 -9.81794 -9.1459 -9.8612 -7.85558 
9.06468 -8.90349 -8.67268 -9.09899 -8.43095 -8.86611 -9.21469 -9.67687 -9.81885 -7.89819 -9.30038 -8.02263 
9.43555 -9.36172 -10.1752 -9.78776 -10.5505 -8.27254 -9.53943 -8.65261 -9.28933 -9.12668 -9.78475 -8.45178 
9.45127 -9.25364 -8.55313 -9.65852 -10.375 -9.62638 -8.69465 -8.95735 -9.82306 -9.36082 -9.5808 -7.83178 
9.39533 -9.51994 -9.96666 -10.0026 -9.12177 -9.24934 -10.5194 -8.97812 -10.4554 -8.807 -9.46722 -8.71887 
9.36541 -8.8265 -9.65816 -7.31877 -8.88505 -9.21802 -9.19634 -7.95635 -8.36428 -9.51669 -9.82663 -8.33855 
9.39234 -9.1141 -9.42537 -10.4541 -8.295 -9.91513 -9.07061 -7.23643 -10.4433 -9.14983 -7.8115 -9.3718 
9.05674 -8.93399 -9.7701 -8.68989 -10.6799 -9.79172 -8.5171 -8.45446 -8.55398 -7.64101 -8.35716 -8.68146 
8.98175 -8.77553 -8.60675 -8.99549 -9.21489 -10.0786 -7.42616 -8.98859 -9.8077 -8.0352 -8.71761 -8.06315 
9.33537 -8.79935 -9.50385 -7.6436 -9.18429 -8.05899 -9.13768 -9.53123 -9.17738 -8.94989 -7.54269 -9.25065 
9.24222 -8.60444 -8.04083 -9.92183 -8.26633 -8.12574 -8.34949 -8.99718 -8.89332 -8.6835 -8.45994 -8.31943 
9.08863 -8.95114 -10.3045 -8.9714 -8.76696 -8.70577 -10.3237 -8.30275 -9.04738 -8.92645 -8.08388 -7.91915 
9.6234 -8.85435 -9.14641 -8.55912 -9.34089 -8.4054 -8.72945 -8.59726 -9.7829 -9.45636 -8.11257 -8.34292 
9.37278 -9.1923 -8.89856 -9.22346 -9.44839 -10.7024 -9.48426 -9.16665 -8.82242 -9.06807 -7.88393 -9.2541 
9.32781 -9.10778 -9.01918 -9.10714 -8.85032 -9.59185 -9.05736 -10.008 -9.16038 -8.94735 -8.09473 -9.22174 
9.36683 -8.99019 -9.01774 -9.8684 -8.82028 -8.48907 -8.95324 -7.77748 -8.90578 -9.97977 -8.77218 -9.26936 
9.63969 -9.12105 -8.73835 -8.73704 -8.59271 -8.76171 -9.87146 -9.47906 -9.18153 -8.8274 -9.94182 -9.13467 
9.20093 -8.89556 -8.07923 -8.8637 -8.25359 -8.28976 -9.40106 -9.17391 -8.15414 -9.04517 -9.71805 -10.0794 
8.99823 -8.58726 -9.51981 -7.83367 -8.91863 -8.65806 -9.57313 -9.37056 -7.61634 -8.27343 -8.68182 -7.25405 
9.16791 -8.67456 -7.69688 -9.11207 -10.2061 -8.52388 -9.18759 -9.59245 -8.78212 -7.63701 -7.62999 -8.6841 
9.4055 -9.05826 -8.44733 -8.47778 -9.53888 -10.4514 -9.94418 -7.87735 -9.61801 -9.6046 -8.50258 -8.08864 
8.96823 -9.12448 -8.08495 -9.25122 -8.24487 -9.1528 -11.0399 -8.27632 -9.88029 -9.97919 -7.92729 -9.64196 
9.0366 -9.21992 -7.62398 -8.99035 -9.55675 -9.94838 -9.0324 -9.3123 -9.82855 -8.63272 -9.56373 -9.64196 
8.88051 -8.79135 -6.99132 -8.4254 -9.7397 -10.193 -9.20539 -9.17452 -9.155 -8.24878 -9.06997 -7.75688 
9.58158 -8.71397 -6.68301 -7.94349 -9.79928 -9.40629 -9.14972 -10.2616 -8.01298 -9.39933 -8.46471 -7.91027 
9.26502 -9.28695 -9.13184 -10.7854 -9.96506 -9.35835 -9.79466 -9.24887 -8.13179 -9.5987 -7.68348 -8.91436 
9.36822 -9.35095 -8.86553 -9.7604 -9.39331 -9.87041 -9.33311 -9.58007 -9.27907 -11.413 -8.02686 -7.9112 
8.84216 -8.91213 -10.421 -9.02605 -8.33313 -8.10999 -8.40699 -9.93824 -9.53815 -8.60414 -7.63422 -9.24442 
9.67861 -8.66399 -8.93421 -8.96209 -7.81075 -8.22751 -7.90797 -8.81996 -8.70436 -9.29705 -9.02737 -9.02638 
9.46527 -8.83132 -9.34942 -8.9629 -8.25754 -9.70037 -9.10358 -8.1803 -8.00797 -8.54769 -7.90211 -10.205 
9.16595 -8.79321 -8.87766 -7.71218 -8.88445 -8.53847 -9.27952 -9.2619 -10.6749 -8.54768 -7.3424 -9.06907 
9.61704 -9.00815 -9.77105 -10.8842 -8.79932 -9.40071 -9.71155 -9.08023 -8.26428 -9.15764 -7.02908 -7.94339 
9.58932 -9.09159 -9.66879 -8.46804 -10.1029 -9.19838 -9.55231 -9.02652 -9.1922 -9.14394 -8.53223 -8.13802 
9.19983 -8.75611 -10.2906 -7.29298 -8.45843 -9.86778 -10.3224 -7.88514 -7.45359 -8.5361 -8.35387 -8.85171 
9.51969 -8.69842 -9.03061 -8.61725 -9.65789 -8.17236 -7.9947 -9.37623 -8.43878 -10.7276 -7.3038 -7.79794 
9.14569 -8.87985 -9.2187 -9.01439 -9.45552 -8.75516 -8.82757 -8.93323 -8.71873 -8.73032 -7.97445 -9.29634 
8.7806 -8.99216 -9.32091 -9.65469 -8.71187 -9.53241 -8.01695 -7.38824 -9.76921 -8.79285 -8.85403 -9.82881 
8.97675 -9.23962 -8.94675 -9.42318 -8.86628 -9.42625 -9.59231 -9.34131 -9.68753 -9.40694 -9.1607 -8.64226 
9.42305 -8.90476 -8.5381 -9.18266 -7.01333 -8.60427 -9.2422 -9.35245 -10.0719 -9.05168 -9.08105 -8.67404 
9.54317 -9.11489 -8.52538 -9.1327 -8.71475 -10.7918 -9.23566 -8.94826 -9.53366 -8.97339 -8.71199 -8.72081 
9.72528 -9.22982 -9.34474 -8.15319 -8.35929 -10.7596 -8.63561 -9.61381 -10.2476 -8.50203 -8.60152 -9.98852 
9.38933 -8.71053 -8.31986 -9.25259 -8.16262 -10.2423 -8.07876 -8.16858 -8.25215 -9.09002 -7.83602 -9.62564 
9.58822 -9.25862 -8.3029 -9.18848 -9.55509 -9.58451 -8.66874 -8.53455 -10.9558 -8.99413 -9.44686 -9.18167 
9.46488 -8.7959 -8.0497 -8.49587 -8.08066 -8.93174 -8.98288 -8.85691 -9.33457 -8.99838 -9.34993 -8.76318 
9.63859 -8.61898 -9.11351 -8.40479 -9.0008 -9.20725 -8.22273 -8.75371 -9.04464 -9.07705 -7.9668 -7.46423 
9.53332 -8.46759 -7.94041 -8.85618 -7.31845 -9.33728 -9.2243 -8.80743 -8.93849 -8.60706 -8.60836 -7.47098 
9.37572 -8.85445 -8.75118 -7.44218 -8.98193 -9.27547 -8.41205 -9.02541 -8.52265 -8.80104 -9.50206 -10.0162 
9.19222 -9.49566 -10.357 -8.23705 -9.86011 -10.395 -8.80162 -8.2762 -8.82408 -9.53868 -9.98324 -10.8034 
9.44395 -9.2037 -9.20996 -8.89284 -8.80542 -8.87867 -9.51257 -9.32793 -9.80764 -8.59812 -8.78367 -10.2302 
9.22926 -9.07832 -8.57542 -9.29216 -8.39025 -10.7946 -9.47756 -8.34294 -9.39084 -8.85224 -9.52285 -8.25811 
9.08816 -8.77332 -8.60509 -7.75838 -7.39705 -10.053 -9.11474 -8.37197 -8.74326 -9.40648 -8.48435 -9.91488 
9.18532 -9.04729 -9.09141 -8.07438 -8.16558 -10.6639 -9.45264 -9.85559 -9.02036 -8.36761 -9.14797 -8.91907 
9.24782 -8.88078 -8.35929 -7.80615 -8.38209 -9.28486 -10.6379 -8.85802 -10.0594 -9.09147 -9.18326 -7.0155 
9.03825 -8.93241 -9.97401 -8.0641 -8.30462 -9.59058 -9.78298 -7.92878 -8.78806 -9.68936 -8.77406 -8.71308 
9.31783 -8.92861 -9.40117 -8.43182 -8.90417 -9.58253 -9.56063 -7.92434 -9.16174 -8.88755 -9.02503 -8.32924 
8.83007 -8.85113 -8.7868 -8.01276 -9.54575 -8.77109 -8.61204 -8.08913 -8.35186 -9.52378 -9.75345 -9.06888 
9.03039 -8.96031 -8.31857 -7.63039 -9.78279 -9.45682 -8.6611 -8.74089 -9.25476 -8.29956 -10.3188 -9.08887 
9.4719 -8.9076 -8.86514 -9.07069 -9.79836 -8.21561 -7.75825 -8.73547 -8.89157 -8.94173 -9.50957 -9.11206 
9.26787 -8.78684 -8.80227 -9.2578 -7.92142 -8.0932 -9.01166 -8.28933 -9.71533 -8.47689 -8.28601 -9.94944 
9.03981 -8.89283 -9.12088 -8.11869 -8.81128 -9.07696 -8.36827 -9.5905 -9.32384 -8.66793 -8.00389 -9.71582 
9.00083 -8.5447 -9.29751 -8.8931 -8.18541 -9.06044 -8.47138 -8.68097 -9.26195 -7.32716 -9.02185 -7.45268 
9.48244 -8.86129 -9.97196 -9.06843 -7.90706 -8.22158 -7.84473 -9.25903 -9.23647 -8.51112 -10.469 -8.17774 
9.41576 -8.79101 -9.36223 -7.72093 -9.04098 -9.35972 -8.71161 -7.83871 -9.20239 -8.18392 -9.50156 -9.25004 
9.26893 -8.26643 -8.94971 -8.70878 -7.30222 -8.79139 -8.49011 -7.91765 -9.1534 -7.19853 -8.46186 -7.88934 
9.45609 -8.8335 -9.10531 -8.27757 -8.95966 -9.69844 -8.51056 -7.50846 -8.91298 -9.00266 -9.24083 -9.02507 
9.6787 -9.25512 -8.17228 -10.6874 -8.6778 -9.78412 -8.40328 -8.61623 -9.59134 -9.37739 -10.1622 -9.39283 
8.96964 -9.1411 -9.28546 -8.67246 -9.83289 -9.72788 -10.0101 -8.42082 -8.56227 -8.58093 -9.58309 -8.84036 
9.13544 -9.08647 -8.35391 -9.61363 -8.53086 -9.97381 -9.18698 -8.48929 -9.06381 -9.69034 -9.22882 -8.84565 
9.20935 -8.76042 -8.31099 -8.13367 -10.4259 -8.91976 -8.56878 -8.56959 -8.87018 -9.12615 -8.66038 -8.03427 
8.6893 -8.81352 -8.75465 -8.71631 -9.03885 -8.94141 -7.94014 -7.87914 -9.72708 -8.93725 -8.27065 -10.0568 
9.30409 -8.90504 -7.96603 -8.89985 -8.73675 -8.93323 -9.87124 -8.0773 -9.51551 -8.49434 -9.51555 -9.08018 
9.37137 -8.76928 -8.99415 -9.28864 -8.67958 -8.53657 -8.71667 -9.62903 -8.74345 -8.60881 -8.13654 -8.30182 
9.13326 -8.58497 -8.74754 -8.55008 -9.22819 -7.12944 -7.8383 -8.32825 -8.91139 -8.82148 -9.23981 -9.08839 
9.12357 -8.68154 -7.93489 -7.87923 -9.36871 -8.53013 -9.10431 -8.97029 -9.2821 -7.86505 -9.43023 -8.6481 
9.19921 -8.99894 -8.18631 -9.2147 -10.2878 -8.61531 -10.688 -9.61291 -8.65362 -8.13756 -8.46632 -8.20788 
9.13473 -9.12003 -9.38081 -8.79479 -10.0636 -9.11745 -8.94929 -8.93362 -8.90542 -8.93035 -8.83681 -9.22788 
9.13328 -8.94331 -8.2116 -10.2164 -9.5375 -9.00089 -9.84059 -7.39518 -9.89882 -8.60569 -9.20252 -7.59285 
9.114 -9.25704 -9.38294 -8.44837 -10.4399 -8.73203 -10.2661 -7.66082 -10.6407 -8.71967 -9.34151 -9.19892 
9.13139 -9.38317 -11.4383 -10.2576 -9.33174 -9.25008 -8.90743 -8.81176 -9.16242 -8.43457 -8.87976 -8.99949 
9.24188 -9.13285 -9.28545 -8.07625 -9.46338 -8.64819 -9.61821 -9.1814 -9.08927 -9.2994 -9.99547 -8.86563 
8.99608 -9.2379 -10.6946 -9.13692 -8.72186 -8.81301 -9.92605 -8.28572 -8.99805 -9.27127 -8.39259 -9.94982 
8.89832 -8.89963 -11.0112 -8.67326 -10.4858 -8.64721 -8.21181 -7.7861 -9.29589 -7.67557 -7.85186 -9.4726 
8.89682 -8.80723 -8.43138 -6.95344 -9.07745 -8.43785 -10.0431 -8.12358 -10.0369 -8.57392 -9.4915 -9.01381 
9.53991 -8.92711 -7.81048 -10.1858 -8.68059 -7.62049 -9.81545 -8.30054 -9.01921 -9.31232 -8.86659 -9.87211 
9.1279 -8.92377 -7.86736 -9.81498 -8.89345 -8.3847 -9.56033 -8.32787 -8.5574 -8.37707 -9.05864 -10.4218 
9.12403 -8.90989 -9.79671 -9.49316 -9.0595 -9.16793 -8.74464 -7.28447 -8.83569 -9.37033 -8.59257 -9.06823 
9.28974 -8.86976 -8.88578 -8.84115 -9.09368 -8.63524 -8.42341 -8.43992 -9.6213 -9.06253 -9.25351 -8.532 
9.15372 -9.10803 -9.87573 -9.059 -8.74492 -10.7607 -8.99429 -7.93933 -8.75641 -8.58192 -8.27371 -9.99265 
9.28556 -9.06392 -8.90865 -8.42515 -10.2583 -8.76544 -9.07679 -8.21629 -9.39853 -10.6598 -7.22219 -9.82289 
