1681
0.00023868 8992
0.0138082 24979
0.0179102 22752
0.000125016 68445
0.00654968 47134
0.016737 88665
0.00233039 56699
0.00125156 33069
0.428458 84981
0.00364559 96121
0.0659631 5049
0.00050025 56546
0.00603622 61440
0.00644617 77750
0.00238065 12890
0.306784 45007
0.0117886 1047
0.00581358 75026
0.0603972 4975
0.0127182 76175
0.00985309 50357
0.0257013 85586
0.0639769 75039
0.0115059 48727
0.347453 5031
0.00756836 90076
0.00369708 4990
0.00439422 81614
0.00853885 73555
0.0111758 2755
0.0947722 5003
0.00676199 3852
0.148174 84989
0.0204148 93482
0.000875766 77501
0.0397645 55049
0.021467 90253
0.0602396 44993
0.000750563 25480
0.00415774 98992
0.0031348 53639
0.000125016 35266
0.00146131 6689
0.00050025 34844
0.000333584 23132
0.00050025 60307
0.000750563 90237
4.99969e-05 41589
0.194282 75045
0.0948745 5005
0.00050025 56515
0.0138416 86148
0.00050025 48552
0.0160441 1134
6.40042e-05 66482
0.0028198 74992
0.0166476 82520
0.000250063 29690
0.141023 95047
0.00565682 54962
0.000495071 53392
0.00226333 84332
0.00155654 71742
0.0425673 35015
0.00828577 64786
0.000125016 38131
0.00797394 55212
0.785439 95039
0.000125016 29930
0.000250063 2665
0.00494661 77506
0.0264081 28599
0.0092632 24953
0.270432 5016
0.000125016 72276
0.0473445 97661
0.000125016 80757
0.00482023 45040
0.0134517 62861
0.113712 24964
0.00305634 55009
0.00132275 39452
0.0111223 14476
0.0114454 99789
0.000250063 3931
0.000116337 60674
0.0427739 34974
0.0058245 68207
0.00831167 43531
0.000250063 43354
0.00394974 90228
0.000546467 74102
0.000125016 80731
0.000215831 97189
0.0165184 61262
0.00530595 9784
0.00502513 96167
0.0133109 29749
0.006875 83133
0.000125016 57034
0.0150288 2343
0.00389007 49715
0.00162764 55228
0.000125016 47304
0.000750563 16530
0.0412259 74207
0.000125016 84356
0.000125016 75422
0.00527109 17004
0.000125016 76784
0.00611016 54560
0.0395881 34368
0.00584576 49528
0.000125016 70687
0.00263191 15733
1.8303e-05 26062
0.00162764 88993
0.00195669 35769
0.0123343 93337
0.00943422 75031
0.000125016 57247
0.00212953 50785
0.000750563 52946
0.000125016 45978
0.000250063 3506
0.00106675 30219
0.000892907 4780
0.00335977 64085
0.00679587 88392
0.00050025 831
0.00849019 33053
0.00327302 90457
0.0184884 38718
0.0189005 61213
0.00351229 5096
0.00275758 1408
0.000250063 66501
0.00604609 1124
0.011418 87378
0.00603622 9
0.0211707 97017
0.00112627 15240
0.000479167 1227
0.000125016 76520
0.0124451 17443
0.000875766 92957
0.000554025 97362
0.0266053 73850
0.00145409 83059
0.00141099 59405
0.000683882 16762
0.0184274 10589
0.00195668 42446
0.00389007 27292
0.00150225 28933
0.000232108 58136
0.00125156 29881
0.000125016 63455
0.00212953 16806
0.000625391 32656
0.000125016 11081
0.0155124 27747
0.00773424 49331
0.00719167 92348
0.000375141 23361
0.00050025 68123
0.000442976 69176
0.0149121 4038
0.00101921 51399
0.00771098 65774
0.00107171 34466
0.0268966 55045
0.000250063 295
0.00866434 18032
0.0429107 58696
0.000206065 82225
0.00540405 94623
0.0171209 36442
0.000125016 24614
0.000750563 52646
0.0156465 23719
0.00221401 47761
0.00624807 48599
0.00050025 5181
0.000161099 95761
0.000125016 63308
0.00806452 97363
0.000250063 64330
0.0161311 5475
0.116109 79476
0.00050025 45408
0.00049643 67326
0.00756836 49594
0.000125016 16397
0.00302039 19547
0.0161064 58723
0.00616275 76333
9.70845e-05 48921
0.00363819 85985
0.0401713 22542
0.00196761 88859
0.00327723 13725
7.5874e-06 7327
0.00768359 71152
0.000250063 9082
0.000550997 575
0.000125016 73002
0.0103008 18046
0.00439422 86630
0.000250063 77691
0.00693462 3763
0.0158893 95650
0.00282741 67204
0.00187852 46874
0.0621101 95075
0.0024598 26930
0.00176579 59264
0.00187852 63383
0.000819258 79752
0.000250063 80433
0 33548
4.54371e-06 29934
0.00314889 48940
0.000750563 29578
0.00755351 98742
0.0247072 69371
0.00025025 83253
0.0027204 18451
3.02142e-05 83368
0.00112627 97122
0.029674 84538
0.000375141 63628
0.0147133 78055
0.000791558 15131
0.012532 50229
0.00385283 70298
0.0017996 67751
0.000125016 39288
0.0177878 35486
0.00270966 23663
0.00849555 55064
0.000125016 41709
0.000766367 83334
0.000250063 87298
0.00439422 13920
0.000375141 21142
0.000125016 26895
0.031995 2870
0.000125016 90197
0.0282546 10552
0.00737504 21689
0.00159798 76440
0.013306 9052
0.00765088 1096
0.00765785 51011
0.000153676 60567
0.0248717 36417
0.0108024 74967
0.00162764 54520
0.000875766 38591
0.00178107 24386
9.55902e-05 79020
0.0284817 75093
0.0010354 59601
0.00414209 63668
0.000250063 61073
0.0196278 44330
0.00966447 892
0.00864631 98708
0.00996846 82956
0.0117168 13642
0.00784723 50015
0.00332295 77735
0.00577458 91941
0.00372363 16919
0.0391533 28176
0.0051514 98334
0.00439422 3201
0.026639 60670
0.00050025 38564
0.0126947 96957
0.00125156 95402
0.00172333 35121
0.0163177 25021
0.0161457 5214
0.0208161 20569
0.0296402 7104
0.00250627 98991
0.00190584 76995
0.00175307 44860
2.7639e-05 64133
0.0177709 15031
0.00844573 77828
0.0187443 93046
0.0035263 10084
0.000375141 6472
0.00288329 4552
0.00445845 14333
0.00819156 21359
0.030501 51484
0.000125016 62644
0.00050025 2393
0.00050025 3083
0.000661365 24201
0.0297899 8931
0.00793174 18012
0.00150225 88950
0.00439422 13575
0.000250063 55831
0.0102286 89428
0.00679587 18458
0.00249104 37997
0.0135694 58245
0.0394533 74375
0.000125016 75691
0.000250063 34270
0.0473579 52894
0.00376412 12535
0.000125016 65952
0.00288329 73570
0.0193374 85986
0.000250063 47111
0.0014403 86163
0.000125016 4507
0.0116683 20655
0.0196646 55269
0.000398248 77751
0.000875766 90511
0.00666918 50859
0.0125301 15362
0.00050025 6992
0.000375141 83146
0.0129238 27257
0.00489888 30760
0.0104203 21652
0.00959112 15234
0.00679587 47821
0.0304511 93578
0.000250063 16376
0.000875766 53520
0.000750563 35658
0.0603052 29197
0.000455169 90952
0.00479777 19800
0.000125016 65933
0.00907315 59294
0.0228048 85760
0.000125016 26636
0.00477267 24073
0.0104838 79435
0.034166 91715
0.00363819 97083
0.000375141 94764
0.000140132 15227
0.000125016 79150
0.000625391 63060
0.00150225 29188
0.00712178 67415
0.00684691 51373
0.00137689 63561
0.0191774 12453
0.00633471 4707
0.00125156 7863
0.001001 50622
0.0191659 30509
0.000375141 37869
0.00819249 4380
0.000125016 37036
0.00142408 77761
1.04334e-06 48808
0.0148916 50109
0.0289535 40913
0.00387736 95299
0.00212953 42566
0.00477267 50447
0.00136254 44286
0.00131592 12871
0.00581413 56012
0.00975228 64376
0.0113891 46655
0.00227997 3117
0.000139791 76617
0.001001 42287
0.0365625 70407
0.00112627 38053
0.000625391 16166
1.32291e-05 25873
0.00635693 44000
0.000250063 37904
0.000250063 36506
0.00200401 28527
0.00828001 82502
0.00461021 53404
0.001001 38319
0.000125016 28564
0.0204256 46286
0.000125016 42546
0.000625391 71388
0.000125016 88229
0.000480965 37953
0.00012436 20698
2.93551e-06 22727
0.00771916 38353
0.010876 51147
0.00826297 54735
0.0224463 71694
0.000375141 52085
0.00363819 46111
0.000125016 12402
0.0165925 44168
0.078923 47258
0.000375141 71830
0.0074681 22954
0.00112627 21783
0.00556146 22788
0.000125016 10095
0.000188581 41725
0.0146452 52237
0.00050025 53167
0.00244229 47432
0.000752272 27593
0.00532561 1227
0.000125016 29726
0.000625391 60047
0.0199752 10585
0.0106952 17971
0.0196173 35682
0.104939 20178
0.00603622 57478
0.000375141 11010
0.00412496 19705
0.0175122 25077
0.00124529 74836
0.000241914 24622
0.00250957 67999
0.0103334 88646
0.000552407 89285
0.000125016 35788
9.78055e-06 48996
0.000125016 46903
0.00464649 47243
0.00646747 25562
0.000730887 58595
0.00838295 39385
0.00137689 71793
0.000250063 55094
0.00703375 83070
0.00050025 38816
0.00050025 53431
0.0274852 78104
0.000625391 48890
0.00551887 99915
0.00050025 58114
0.0174569 91695
0.0296791 83821
0.00112627 5515
0.0359813 72742
0.00553042 41099
7.71739e-05 81988
0.0168446 28662
0.00248958 13352
0.000158141 63118
0.00168558 66068
0.000250063 59147
0.000625391 2550
0.0251001 11848
0.00489888 14919
0.00137689 329
0.00172477 34543
0.000569749 84690
0.00415474 11348
0.001001 18597
0.00413163 77709
0.00442757 82616
0.0131051 31196
0.00632694 66479
0.00578769 53046
0.00180824 5794
7.25288e-05 48702
0.0388187 88753
0.00125156 3860
0.000250063 78572
0.0368519 62839
0.00020985 40783
5.24363e-06 80539
0.00529129 98611
0.00933636 72889
0.050414 73436
0.00959112 97576
0.00137689 60607
0.00691946 10521
0.00175307 10167
0.00727886 93955
0.00175307 58655
0.000375141 32771
0.0177111 23972
0.00719607 52062
0.000375141 96611
0.0110057 70484
0.0582624 23981
0.000375141 37158
0.00604279 42896
0.0035963 65672
0.0301042 37974
0.00404239 14599
0.0051514 95726
0.00537087 65983
0.0123091 34422
0.00203008 52161
0.000250063 64677
0.0171842 82962
4.13232e-07 10781
0.0409171 17300
0.00175936 67389
0.000125016 64380
0.000875766 2919
0.00593069 24175
0.000750563 10328
0.001001 31245
0.0274819 79089
0.0241566 66492
0.000397229 66356
0.000874202 11317
0.000102712 13955
0.000144268 65714
0.00150225 77154
0.00590972 47852
0.0100364 46982
0.00150225 81905
0.00112627 60705
0.000625391 65586
0.00125156 11222
0.03951 12253
0.001001 56532
0.000250063 62749
0.00438464 20053
0.00232435 54803
0.00112627 52309
0.00552993 75781
0.000375141 57420
0.000288937 43690
0.00137689 57021
0.00259371 97716
0.0383092 49035
0.000125016 48760
0.000125016 98517
0.000225141 68483
0.000125016 42738
0.00187852 4670
0.000199923 23426
0.0341515 18820
0.0450024 15656
0.0111515 38254
0.00810068 5960
0.0232082 50969
0.000750563 65452
0.032842 78495
0.0238761 18169
0.0182843 78433
0.00774744 71492
0.00574004 98408
0.0320482 2299
0.00137689 88081
0.0302682 37577
0.0358094 31381
0.00321593 51082
0.00437045 2354
0.000250063 77745
0.0013003 5609
0.000891601 85757
0.000125016 41708
0.00580271 11442
0.00444541 23389
0.0283594 77707
0.0215219 597
0.000125016 73439
0.000333584 55957
0.000250063 51875
0.000125016 7095
0.000125016 93121
0.000125016 88081
0.0139417 56348
0.000250063 42588
0.00449151 11422
0.000125016 28918
0.000125016 10586
0.00150225 14251
0.00898118 12068
0.00832061 50112
0.000250063 95919
0.000375141 22129
0.000375141 21651
0.00228295 98363
0.000125016 33304
0.00477693 23068
0.00187852 33028
0.00562388 90764
0.00050025 10230
0.000250063 80427
0.0232996 32291
0.000125016 37004
0.0084483 53249
0.00640291 96247
0.00112627 21788
0.001001 49661
0.0118376 74982
0.00125628 89364
0.00144021 20214
0.00632981 96203
0.0508524 8399
0.0149562 86429
0.001001 2703
0.000125016 64158
0.00489888 63761
0.000375141 77665
0.00275758 7352
0.00238065 71522
0.00382967 15002
0.0168556 93054
0.00351055 2072
0.053317 17151
0.001001 57974
0.0113408 12481
0.0270264 25000
0.0142597 82752
0.000125016 38007
0.052576 85610
0.00050025 59764
0.000375141 9911
0.00578325 47122
0.000125016 70554
0.00058222 38424
0.00491304 3538
0.00505521 88556
0.0294686 69603
0.00999394 9898
0.000125016 15349
0.00461503 42422
0.00292363 47053
0.0019065 44184
0.00960987 31681
0.0674928 51950
0.000154222 98377
0.000152027 73939
0.00116536 23554
0.0106225 6780
0.00717613 3190
0.000250063 54626
0.0735771 37288
0.000375141 78738
0.00079191 95394
0.00335946 50371
0.000125016 36592
0.000125016 61164
0.0504524 19758
0.000125016 72542
0.0280661 2272
0.0317598 44309
0.0251446 77889
0.0004895 91258
0.000125016 61098
0.0128483 74039
0.0258634 75759
0.00947489 98143
0.0225831 51803
0.00050025 42859
0.00137689 53030
0.000375141 37310
0.00483311 38867
0.000250063 83783
0.000980813 85304
0.00050025 53631
0.00245798 16273
0.00304174 15392
0.00880722 69951
0.00338643 82159
0.00212953 95518
0.00161805 38156
0.000375141 10702
0.001001 40849
0.0417926 80152
0.000516611 99717
0.00364825 49165
0.00654253 3326
0.00924728 46447
0.0159639 87180
0.00238658 67357
0.00250627 44769
0.00050025 14675
0.0145372 3811
0.00471486 58458
0.0486916 33361
0.000125016 33360
0.0141988 18527
0.000125016 47047
0.00137689 23040
0.000125016 39862
0.000750563 47151
0.00495475 64268
0.000125016 26438
0.000375141 3910
2.22004e-05 22304
0.000350363 22343
0.00175307 74547
0.000125016 64050
0.0202805 38799
0.0104203 83563
0.000645115 70892
0.000125016 91215
0.00400116 63249
0.0269397 65816
0.00136418 70322
0.000375141 11586
0.000125016 79432
0.00464649 44839
0.0140549 59174
0.000250063 82010
0.00586496 5419
0.0386857 10923
0.0132027 78438
0.00104365 98390
0.00372327 12532
0.00125156 2434
0.00933636 47134
0.00965107 29308
0.00187852 87485
0.0109723 94373
0.000125016 54106
0.000125016 38271
0.00284306 80092
0.00420108 30150
0.00772058 12192
0.001001 84563
0.00115371 27652
0.00883851 11142
0.000125016 52895
0.000125016 82983
0.00145283 26761
0.014456 30361
0.0172536 49076
0.00443726 44326
0.0264965 1895
0.0178013 2292
0.0140336 46015
0.00973824 52578
0.000125016 11286
0.000125016 58147
0.000250063 94553
0.000250063 48098
0.0158269 10642
0.00179392 48530
0.00137689 57706
0.00107048 7267
0.0151254 79992
0.0284644 75922
0.00607282 19841
0.00162764 80130
0.00218419 49753
0.000125016 1597
0.00830788 86024
0.000375141 48791
0.0131827 90808
0.000375141 57532
0.000112325 18393
0.0228688 64529
0.0588836 74713
0.0107263 81366
0.0028135 57754
0.00895447 30078
0.001001 86336
0.00376412 38207
0.000125016 86514
0.000250063 81368
0.0224371 58479
0.00321608 14813
0.00607042 28408
0.0270186 5563
0.00206613 94255
0.00187852 22944
0.00244915 54107
0.000125016 7211
0.0206637 40500
0.000125016 24611
0.0111525 6456
0.0430784 59844
0.000375141 20978
0.00616275 68087
0.000125016 70777
0.0179457 61931
0.0234686 76686
0.00200401 55226
0.000875766 93414
0.00290452 77075
0.0288444 36227
0.000125016 90581
0.001001 34769
0.00300903 68036
0.00150391 46948
0.00578325 87315
0.00200401 8637
0.000241533 9508
0.00401606 70529
0.000125016 48056
0.000125016 87931
0.0612776 25638
0.000375141 14204
0.001001 78446
0.000125016 46899
0.0169544 13795
0.00760836 68370
0.0031348 92018
0.00616275 39170
0.0243162 58284
0.0258292 61524
0.000875766 62386
0.00344722 59108
0.000350408 20284
0.000125016 19661
0.0101159 60442
0.00746836 16755
0.00441092 10336
0.000250063 22993
0.00619591 12022
0.00589048 14644
0.00180915 32416
0.00894989 76223
0.0174143 87532
7.59366e-06 87829
0.00050025 34933
0.00446882 84755
0.0081199 38789
0.0204183 13413
0.00482998 63357
0.0137892 45169
0.00463834 61297
0.00979038 10908
0.000375141 40351
0.00120825 89306
0.00238065 6037
0.00050025 97571
0.00449001 12770
0.00184923 93147
0.0270611 70487
0.00364307 28723
0.000250063 19316
0.0410497 70652
0.00050025 20871
0.000290548 94637
0.0913408 88051
0.0154115 86852
3.28947e-05 42344
0.00050025 89360
0.000637787 92157
0.000250063 69308
0.00257696 77438
0.00157799 64983
0.000125016 1933
0.00339632 57578
0.00628931 22357
0.00732243 7609
0.00250627 42666
0.0490007 36669
0.0188432 25727
0.0370653 36874
0.0101565 5338
0.0021683 6392
0.0125584 34380
0.00793837 81061
0.00654253 6540
0.00250627 36417
0.000306226 22187
0.0156944 68041
0.00944357 35002
0.0105259 20487
0.000705985 99375
0.00271184 29664
0.00137689 93090
4.92715e-05 96570
0.00688401 61098
0.00959112 66430
0.000250063 35993
0.000989391 80892
0.0123193 39719
0.00300903 34965
0.0332862 15501
0.0056684 58733
0.00137689 87311
0.0283276 44153
0.0107526 97254
0.0197331 95937
0.00536982 90471
0.00477267 50083
0.000375141 89535
0.000125016 52777
0.000125016 95313
0.00200401 88613
0.00464649 69505
0.000250063 23069
0.000256862 93207
0.00255901 83151
0.0127493 189
0.00200401 1388
0.00811384 1099
0.001001 86380
0.0715557 16784
0.130665 40331
0.000250063 33150
0.0051514 77989
0.0181212 57604
0.000125016 28080
0.00811937 57827
0.000204128 14518
0.0132776 40504
0.015719 24801
0.0109425 88570
0.000125016 40921
0.000125016 81283
1.02708e-05 93985
0.000375141 35620
0.000875766 36021
0.0051514 48573
0.00906805 44177
0.00363819 31319
0.0925641 89083
0.0118897 33623
0.000750563 55940
3.28524e-05 28959
0.0114077 72706
0.000125016 57229
0.000667433 68746
0.0401649 55585
0.00175307 44327
0.00125156 87581
1.97117e-05 20682
0.000250063 12485
0.00721128 2714
0.0125298 23282
0 58563
0.0106694 34286
0.00634162 1270
0.000125016 9820
0.000750563 60761
0.0186021 48781
0.000250063 32941
0.00125156 19182
0.0148871 16386
0.00137689 43930
0.00671513 4177
0.000225141 65764
0.000750563 74246
0.00115453 87201
0.0180393 4563
0.000268498 35753
0.000250063 20059
0.000250063 14433
0.000375141 79762
0.000375141 48843
0.00837302 46141
0.0245902 45104
0.000125016 80730
0.0103063 46467
0.00112725 37296
0.000125016 14096
0.0145807 32598
0.000125016 13901
0.000125016 77066
0.009587 8026
0.0122423 64114
0.0105166 93204
0.00112627 4316
0.191452 25036
0.00670894 38047
0.000250063 48881
0.000250063 71837
0.00228847 81488
0.0109206 77174
0.00124529 7600
0.00032371 21848
0.003543 72912
0.0697116 77243
0.00494661 79402
0.000625391 35252
0.000801001 76507
0.00473683 48472
0.0159886 5551
0.0032606 71264
0.000250063 98897
0.0407409 96572
0.01604 43551
0.0266703 62364
0.000125016 68113
0.0341389 53476
0.00345448 86037
0.0220348 53790
0.000125016 26103
0.000557585 27638
0.00676203 60559
0.000875766 40265
0.00806623 44535
0.000125016 84838
0.022589 11069
0.00150078 37382
0.000723664 23146
0.000625391 90912
0.00175307 34440
0.0268872 90603
0.000125016 83923
0.000250063 45191
0.00772058 54051
0.00212953 13425
0.000375141 50793
0.0111234 79453
0.00155031 13198
0.00175307 4969
0.000375141 14820
0.00439422 22426
0.000125016 34230
0.000125016 22446
0.00371435 99018
0.000480148 38166
0.0070175 5906
0.0248895 93885
0.000375141 77994
0.020399 52259
0.00315947 51188
0.00416614 25292
0.000125016 7138
0.000250063 19882
0.0656145 87564
0.00145382 72517
0.0330219 78816
0.000125016 94652
0.000375141 62782
0.00137689 57713
0.000125016 47214
0.0140045 79036
0.0184524 11493
0.000375141 51153
0.0278591 27890
0.0032606 90991
0.00150225 24248
0.000125016 55918
0.000750563 55796
0.000125016 92652
0.0234665 78510
0.0114006 56256
0.00393469 55328
0.000625391 51253
0.000375141 81545
0.010178 90785
0.00978054 30947
0.0225166 91221
0.0120811 66392
0.0284246 52090
0.000910632 18781
0.00162764 81479
0.00489888 93839
0.00730866 15570
0.0296816 57531
0.00050025 96168
0.000125016 47524
0.0103935 65536
0.00050025 68652
0.0312715 58444
0.00238065 51358
0.00050025 48050
0.00793751 9596
0.000125016 20043
0.00129495 10065
0.00524465 55476
0.000125016 55863
0.00038916 90336
0.00671543 63244
0.00949671 57338
0.0197905 38045
0.000125016 6339
0.0100787 70168
5.16532e-06 11937
0.0553054 28054
0.000730732 78458
0.000603726 20807
0.00192935 74973
0.0178243 79612
0.00260117 31828
0.00590972 34739
0.00704935 11294
0.000125016 42322
0.00125156 7006
0.0120816 50716
0.0352899 89986
0 78372
0.001871 48830
0.00303318 88946
0.000569176 27625
0.00632025 13815
0.00680146 56478
0.0365 20549
0.00101187 3881
0.0125951 75343
0.0144692 18470
0.00238065 90180
0.0301335 76827
0.026901 98071
0.001001 45157
0.00315367 47640
0.000333584 57453
0.00431771 54327
0.000125016 13900
0.000625391 39022
0.000375141 80031
0.0157259 85257
0.109722 45935
0.00376412 43559
0.00270377 93588
0.00112627 90393
0.00215446 2011
0.000250063 52120
0.0121363 35054
0.000625391 78072
0.00568075 87913
0.000750563 57309
0.0384632 62471
0.00275758 57868
0.0190108 13231
0.0606898 29248
0.000125016 38035
0.0364179 58653
0.000125016 341
0.000226381 60740
0.0345378 33668
0.0207251 14966
0.00036536 63170
0.00112627 97465
0.000670691 23255
0.000125016 17810
0.0298171 79529
0.00962463 29725
3.32226e-05 69134
0.0262006 29272
0.0121457 79119
0.000125016 95942
0.000125016 25426
0.000588761 28390
0.000250063 37662
1.66515e-05 34919
0.000750563 96627
0.0022732 68884
1.49385e-05 91542
0.000125016 21297
0.0142912 96422
0.00807348 75123
0.000125016 26014
0.001001 93392
0.000125016 78219
0.000625391 84326
0.000125016 44582
0.000250063 28626
0.000250063 5404
0.00137689 36514
0.015414 7757
0.00212953 26178
0.00172528 18831
0.000750563 5814
0.000125016 55499
0.000375141 53440
0.00275758 55693
0.00187852 68922
0.000125016 11801
0.00050025 3029
0.00257066 71070
0.0129462 42774
0.00212953 28036
0.000250063 64140
0.0001408 80520
0.000575621 52712
0.0129238 19236
0.0209526 11314
6.70109e-05 84335
0.000250063 34501
0.00187852 94818
0.0324429 25617
0.0120177 9322
0.00252842 9576
4.59666e-05 56548
0.000125016 53400
0.0167095 38774
0.00589945 72898
0.00684839 32333
0.0098502 25234
0.014616 46773
0.0210587 52119
0.0106952 56463
0.000250063 61513
0.0151041 17883
0.000625391 16452
0.0208183 89599
0.00380989 25751
0.00723786 88897
0.00174009 63509
0.00401606 47125
0.0144681 25937
0.00175307 71221
0.00109899 88869
0.00414478 72054
0.0139467 92943
0.0032464 39545
0.00709611 71548
0.00607826 77398
0.000895063 10518
0.000908143 38629
0.00124529 83631
0.000250063 15725
0.0194399 62155
0.00203008 19813
0.00050025 87148
0.00156267 75956
0.00148379 82686
0.00529582 15783
0.00050186 71847
0.0228497 44162
0.00679587 35758
0.0189784 66765
0.0272816 77302
0.00984549 87814
0.00617881 55800
0.001001 93850
0.000125016 15531
0.00352974 88347
0.0113657 41519
0.034292 8404
0.000125016 22763
0.00652216 41376
8.55865e-05 96360
0.0088324 83851
0.000125016 97139
0.000375141 7581
0.000722134 68697
0.00212953 8899
4.09717e-06 15972
0.000125016 27328
0.000125016 2081
0.0108466 13436
0.000250063 4001
0.00179191 47816
0.000694565 40229
0.00891986 40456
0.000125016 68107
0.0183222 69188
0.00225507 14702
0.00851606 37285
0.0181956 15742
0.000526479 73202
0.0091147 64432
0.000250063 34040
0.000125016 70465
0.000329704 66486
0 73933
0.00175307 61668
0.00447266 24565
0.000125016 39242
0.00426814 99129
0.0311936 70805
0.0112866 28822
0.000225141 98985
0.00230953 14368
0.00305887 20323
0.116112 64532
0.0776181 60157
0.0650013 29369
0.000375141 49012
0.00859524 84742
0.00219343 65085
0.00137689 25591
0.026292 32985
0.00112627 38556
0.000375141 78057
0.00704935 86235
0.0132727 7378
0.000306693 85380
0.000756842 29332
0.000125016 652
0.000750563 61860
0.0118051 47283
0.00190665 6792
0.000302104 5007
0.0051514 52292
0.00112627 10641
0.0134674 6550
0.00489888 33947
0.0764463 95466
0.0619404 14972
0.00175307 27440
0.000681322 37003
0.026857 90887
0.000125016 1977
0.00568548 22049
0.0443287 10030
0.000493826 10225
0.0347235 71054
0.00760836 67611
0.000750563 25597
0.0385788 43181
3.83002e-05 53130
0.000750563 10370
0.00225507 45117
0.00050025 48191
0.00175307 39516
0.0344162 64355
0.00227899 61675
0.00050025 39115
0.00603622 84415
0.00190213 8939
0.000250063 14231
0.0048936 373
0.0121477 75408
0.0069062 82409
0.000250063 73897
0.0169377 42852
0.00363819 47790
0.000625391 58321
0.0683319 7036
0.0415734 8451
0.000738638 30534
0.0545514 53528
0.0518716 59620
0.0235862 1020
0.00706129 97275
0.0672906 56531
0.0016814 23925
0.0064159 1282
0.0402962 17484
0.000125016 41777
0.00426496 26710
0.000125016 34115
0.00494287 16329
0.00187852 64278
0.000250063 14003
0.00182668 81987
0.000125016 31364
0.00390638 21331
0.000125016 70530
0.0875914 78538
0.00340432 92161
0.00717613 1017
0.0123607 50522
2.56179e-05 38443
0.000168066 15987
0.000125016 94797
0.0335555 20690
0.0273245 45239
0.00565682 51941
0.0134149 88728
0.00250627 72414
0.0191566 47998
0.000435478 8473
0.0164989 80059
0.00439422 8121
4.16823e-05 16976
0.000498722 945
0.000971473 48709
0.00822599 46968
0.0485273 34274
0.000106389 62542
8.34899e-06 35329
0.00302846 12836
0.00477267 48589
0.00526601 39397
0.000125016 71929
0.000530605 76153
0.00457059 21973
0.000137977 20252
2.31354e-06 17330
1.17559e-05 87566
0.0129323 22616
0.001001 40816
0.00169309 18424
0.000625391 10537
0.000625391 83728
0.0589786 92095
0.000836411 80010
0.1291 77205
0.000250063 68847
0.0128294 29988
0.00225507 72173
0.000125016 54027
0.0296357 14081
0.00793751 75159
0.000125016 25483
0.000125016 3800
0.0053552 83003
0.0116777 99054
0.000250063 21931
0.0183029 2431
0.0032606 47452
0.00137689 30786
0.0140419 10197
0.00437297 35326
0.00227899 41598
0.000750563 88241
0.020869 72463
0.0139407 69799
0.011378 78956
0.0124623 9139
0.0101285 37587
0.000290557 55976
0.00590972 50839
0.00376412 3598
0.000125016 87316
0.000250063 73460
0.000875766 46241
0.00190584 90569
0.020526 289
0.00363819 63807
0.0102015 36223
0.000250063 28831
0.00889535 21143
0.000523449 9697
0.000125016 47817
0.0205519 39450
0.00315075 73719
0.0001921 37922
0.000433014 6218
0.000687517 79494
0.00225507 77945
0.0139467 95982
0.00612265 77983
0.0193569 18174
0.00609504 58365
0.00226354 17189
0.00263191 82839
0.000125016 76438
3.77253e-05 28886
0.00755668 26586
0.0122079 62983
0.00758145 79517
0.00724388 55736
0.00112627 99315
0.00162051 83172
0.0034167 74717
0.00212205 82852
0.00566993 62129
0.00255638 78465
0.000375141 76842
0.000125016 77418
0.000375141 51303
0.00212953 59773
0.054222 34845
0.00217999 8774
0.0042624 10642
0.0104302 2069
0.0209544 56730
0.0269511 60729
0.00152707 32163
0.00851139 44054
0.000125016 9656
0.00379787 81096
0.00125156 27499
0.0191129 13050
0.000875766 3251
0.000139978 1435
0.00376412 12378
0.014161 85163
0.0692089 44852
0.0122157 56534
0.000250063 11707
0.001001 75991
0.0302508 28373
0.0199119 668
0.00238065 96975
0.0155796 24524
0.0025132 57826
0.000375141 65733
0.00403203 25804
0.0223642 58038
0.00150225 22485
0.000125016 40226
9.91333e-05 24150
0.00216759 20089
0.00275758 44024
0.0164966 76757
0.000125016 50946
0.00263191 1214
0.000563063 96502
0.00582637 32070
0.00290332 8394
0.00189759 62070
0.00301186 76460
0.00359706 52890
0.0141792 37937
0.000875766 19905
0.00777094 71128
0.00578325 15441
0.0864269 27681
0.000875766 40115
0.00200401 70940
0.00479467 722
0.0170782 25031
0.0133167 25197
0.00746739 67617
0.0461104 19261
0.0176822 79684
0.0011695 26945
0.000750563 84001
0.00489888 52154
0.000557005 30582
0.0190157 70491
0.0111862 4983
0.0229215 23812
0.000375141 62144
0.00505689 15766
0.00616275 97246
0.00137689 37385
0.000780643 74830
0.00595757 60301
0.00748065 58376
0.03779 68108
0.000125016 34537
0.0231129 88942
0.0191123 28799
0.00347242 83087
0.00227899 33139
0.000250063 89884
0.00654253 14986
0.00188331 43269
0.000527159 25694
0.0100885 43883
0.00441773 34701
0.000125016 67557
0.0640155 21875
0.001001 97184
0.00079966 11466
6.77717e-05 56525
0.00156277 58328
0.0223545 66088
0.00478624 82210
0.000111362 12687
0.00907213 58079
0.0125301 97638
0.000210738 79572
0.0161913 54209
0.0170856 92020
0.0158317 21984
0.000875766 92354
0.0890851 38956
0.0159044 29669
0.0130659 52085
0.0145491 79072
0.000750563 52794
0.0119784 73510
0.032282 83072
0.00435109 74705
0.0116113 82681
0.0136847 11620
0.00660489 31080
0.00250627 97537
0.00587789 71455
0.0292354 87595
7.50878e-05 20003
0.0144817 10797
0.0221043 59876
0.00320483 34426
0.0042835 45485
0.00278785 61611
3.68387e-05 33543
0.000125016 80128
0.00103923 78464
0.00937044 2984
0.0106266 84551
0.00157735 90609
0.00693741 77598
0.0269354 58782
0.000493752 14458
0.000875766 22682
0.00162764 63616
2.50156e-05 19595
0.001001 1958
0.0209428 93138
0.000125016 90458
0.000750563 77311
0.000109675 77352
0.00679587 785
0.000375141 52566
0.00038176 52037
0.0142568 93476
0.0158866 34237
0.00693462 27332
0.0537905 95703
0.00225507 87316
0.00179662 89691
0.000750563 24432
0.0197711 81623
0.000250063 31184
0.00532327 65511
0.011946 80922
0.0312053 21160
0.00150225 11586
0.00883881 9721
0.0104949 38009
0.00385026 41827
0.000125016 67242
0.0116338 67587
0.000233215 27899
0.0101543 27261
0.00239822 1877
0.00125156 90619
0.00195884 12484
0.00153432 43333
0.00050025 53922
0.000750563 60937
0.000875766 42551
0.000150565 12502
0.00638627 56556
0.00597389 42868
0.000250063 7653
0.00212953 52921
0.0402142 67011
0.000125016 53284
0.00050025 81311
0.00338643 71919
0.000125016 63521
0.000375141 26030
0.00511066 99904
0.00720395 83271
0.0127864 41812
0.00348766 22895
0.000125016 50072
0.00150225 44228
0.0021683 67684
0.00291152 41850
0.000125016 67609
0.001001 67625
0.00344722 69816
0.00401606 75547
0.00128797 73891
0.000250063 25001
0.0030637 28627
0.00579623 73229
0.00502513 73238
0.000125016 54220
0.000569749 15416
0.00050025 45416
0.000125016 20283
0.00250627 63215
0.00288329 30655
0.000125016 61690
0.000750563 81785
0.000375563 92238
0.000625391 21095
0.00112627 6937
0.000250063 20158
0.00162764 63609
0.00050025 8371
0.00200401 93265
0.00175307 61865
0.000125016 60804
0.000250063 35406
0.000250063 22306
0.000250063 96848
0.000125016 22072
0.000125016 57560
0.000250063 70109
0.00112627 1422
0.000125016 58285
0.000125016 38408
0.000375141 18946
0.000125016 64957
0.000125016 96060
0.000125016 72367
0.000125016 45376
0.000250063 5294
0.000375141 11865
0.000250063 30657
0.000375141 65208
0.000750563 6464
0.000625391 7266
0.000375141 60432
0.000250063 65125
0.000125016 1819
0.000125016 63841
0.000250063 28318
0.00044682 98642
