1600 50 799
0.0178978 0.00727693
0.250612 0.119194
0.60103 0.281938
0.732362 0.407088
0.880851 0.564462
0.871893 0.554206
0.859357 0.551674
0.830477 0.41861
0.692933 0.287142
0.580653 0.141544
0.680745 0.102082
0.690241 0.060267
0.946085 0.132337
2.67559 0.290076
3.58634 0.420232
3.72823 0.352438
3.63039 0.268731
3.94446 0.296911
4.25955 0.0532909
4.42999 -0.384541
4.5621 -0.437059
4.27423 -1.16036
4.12138 -1.73404
4.6018 -2.21153
4.78663 -3.16711
5.22869 -4.06988
5.59598 -4.21067
5.40193 -4.74476
5.8221 -4.98191
5.65568 -5.34223
5.33155 -5.22275
5.42161 -5.14008
6.01593 -5.22981
5.87781 -5.48882
5.87493 -5.34674
5.14303 -5.38
6.01545 -5.78496
6.40627 -5.2649
5.88299 -5.58016
6.47021 -5.36943
5.93952 -5.39573
6.04696 -5.82773
5.63853 -5.46893
6.17489 -5.1668
5.62197 -4.88724
5.57648 -4.85664
5.80076 -5.22305
5.63026 -5.31743
5.43621 -5.64303
5.7236 -5.4761
5.581 -4.95438
5.81624 -5.40809
5.67974 -5.5479
5.75514 -5.31836
6.22624 -5.27791
5.7015 -5.39511
6.07431 -5.28778
5.8936 -5.18083
6.2713 -5.1576
5.75961 -5.31023
5.68435 -4.7396
6.03267 -5.48923
5.7971 -5.57332
6.26411 -5.43599
6.8014 -5.63262
6.17253 -5.36936
6.15695 -5.25671
6.38197 -5.5903
6.51181 -5.52026
5.8847 -5.45505
5.6597 -5.17825
5.13336 -5.14267
5.71904 -5.08423
5.68109 -5.31114
5.29289 -4.79055
4.94639 -5.12767
5.10432 -5.14626
5.20442 -5.15921
5.29292 -5.15694
5.91717 -5.15153
5.62384 -5.34711
6.12884 -5.53545
6.06129 -5.41648
6.62651 -5.10795
5.71217 -5.74755
6.19283 -5.66234
6.16356 -5.2568
5.41766 -5.14967
5.82954 -4.86968
5.90164 -5.14463
5.71787 -5.72883
5.55408 -5.4598
5.75414 -5.83864
5.63734 -5.45433
5.93403 -5.6102
6.18889 -6.08815
6.17253 -5.60578
5.70595 -5.86395
5.54734 -5.66892
5.90609 -5.68537
6.29358 -5.72605
5.79332 -5.39345
5.76737 -5.72207
5.91749 -5.42532
6.55352 -5.65861
6.00306 -5.71536
6.28923 -5.58861
5.9692 -5.55095
5.76833 -5.81199
6.33578 -5.06473
5.81423 -5.74949
6.33911 -5.77352
5.99888 -5.6674
5.9151 -5.60182
5.95084 -5.96282
5.74651 -5.4837
5.81182 -5.29049
6.17601 -5.1539
5.91814 -5.1692
5.93803 -5.58817
5.63963 -5.33492
5.62496 -5.41084
5.51263 -5.37939
5.32298 -5.8168
5.57694 -5.42822
5.66314 -5.60892
5.70572 -5.93433
5.92369 -5.28319
6.19254 -5.35781
6.37336 -5.91528
5.67907 -5.56924
5.90098 -5.7101
6.25253 -5.78587
5.87447 -5.80252
6.20716 -5.16726
5.94698 -5.53847
6.40537 -5.62251
6.6754 -5.8747
6.50347 -5.22971
6.0476 -5.69155
6.10079 -5.35291
6.0459 -5.75382
6.43915 -5.91434
6.26369 -6.08342
5.9667 -5.87103
5.53947 -5.83099
6.35904 -5.50457
6.37711 -5.35172
5.96612 -5.52549
5.84068 -5.43701
6.05498 -5.48034
6.52119 -5.47961
6.02031 -5.34637
6.12873 -5.47192
5.81681 -5.74621
5.88603 -5.52544
6.12439 -5.25597
5.87266 -5.24885
5.87176 -5.29032
5.69902 -5.41733
6.1416 -5.68192
6.59269 -5.09866
6.11781 -5.36225
5.96773 -5.69108
6.19012 -5.34173
6.01273 -5.45003
5.92692 -5.76746
6.0488 -5.51448
6.30297 -5.51396
6.10804 -5.71888
6.1804 -5.54505
5.63063 -5.71638
5.83989 -5.4063
6.17695 -5.74371
5.76556 -5.75621
5.8086 -5.81071
5.76612 -5.43675
6.10406 -5.28243
5.73325 -5.41
6.09811 -5.45637
6.09166 -5.17159
5.84352 -5.52842
5.78056 -5.57653
6.03527 -5.34262
5.83946 -5.53004
5.99441 -5.42413
6.42274 -5.68566
6.19187 -5.2448
6.31608 -5.95427
6.25112 -5.17416
6.11337 -5.75972
6.03116 -5.81257
5.59128 -5.76302
5.41412 -5.82672
5.79871 -5.84624
6.13716 -6.09781
6.09902 -5.80251
5.82015 -5.79798
5.88241 -6.22841
6.41552 -5.86335
6.12657 -5.34925
6.12956 -6.05436
6.65676 -5.66881
6.4577 -5.75638
6.10635 -5.69885
6.39118 -5.45581
5.76189 -5.9995
6.34011 -5.65651
6.25841 -5.60678
5.9429 -6.08911
6.12302 -5.08638
5.9497 -5.6141
6.39608 -5.73762
6.01638 -5.64429
6.85504 -5.88344
5.67095 -5.93788
6.31653 -5.44504
5.70127 -5.46526
5.88472 -5.6112
6.21377 -5.20838
6.34228 -5.23611
6.32656 -5.87324
6.63408 -5.62306
6.10968 -5.67809
6.07928 -5.5109
5.76905 -5.34307
5.9441 -5.62886
6.22781 -5.03866
6.02651 -5.9618
6.19606 -5.82367
5.55831 -6.03104
5.99145 -5.77772
5.99814 -5.53109
6.07364 -5.56233
5.83787 -5.58335
5.9171 -5.88467
6.17906 -6.32147
5.75028 -6.01556
6.24363 -5.43851
6.32564 -5.52281
6.20066 -5.93679
6.14138 -6.3015
6.30634 -5.84261
5.88651 -5.98213
6.4066 -6.04955
6.17471 -5.83609
6.03998 -5.61553
5.8089 -5.7032
5.21579 -5.59687
6.26996 -5.47199
6.17033 -5.80478
5.75042 -5.74589
6.26374 -5.85347
5.97369 -6.1926
6.38811 -5.82997
5.70986 -6.09206
5.91143 -5.86233
6.56796 -6.35252
6.86815 -6.17698
6.29348 -5.66249
5.97429 -6.08384
6.03317 -5.96651
6.27929 -6.00097
6.01093 -5.56594
5.73121 -6.10555
5.84537 -5.66552
5.98964 -5.61031
6.14837 -5.86812
6.02727 -5.72449
6.44695 -6.07348
6.14431 -6.11508
6.69262 -5.89548
6.15798 -5.73711
6.17088 -5.8045
6.08712 -5.53053
6.09329 -6.56438
6.17766 -6.0036
6.09375 -6.17107
6.47559 -6.09563
6.30552 -6.28308
6.49397 -5.51124
6.76384 -5.72132
6.21422 -5.82744
6.21754 -6.12276
6.53495 -6.01996
6.20434 -5.76597
5.9348 -5.81161
6.22845 -5.76739
6.72468 -5.86724
6.4402 -5.5657
6.43321 -6.06955
6.55846 -5.55787
6.69532 -5.95267
6.48702 -6.01627
6.19548 -6.33765
6.36214 -5.75659
5.78386 -5.9833
5.72387 -5.93409
6.12643 -5.53892
5.95413 -5.61499
6.97175 -5.52996
6.0915 -5.58982
6.56489 -5.55699
6.4069 -5.94834
6.45392 -5.67548
6.60586 -5.65766
6.35617 -5.6419
6.37642 -5.63756
6.71287 -5.46668
6.40581 -5.85768
6.28486 -5.74168
5.93981 -6.26259
5.81672 -5.46785
6.03087 -5.3808
6.01218 -5.92523
6.61005 -5.72679
6.5661 -6.32616
6.42236 -6.17483
6.2353 -6.27669
6.39367 -5.97263
6.52262 -5.74323
5.95501 -5.43147
6.12886 -5.64716
6.33858 -5.74394
5.93687 -5.88711
5.86353 -5.41085
6.37628 -6.10129
5.85963 -6.00379
6.16071 -6.37099
6.28551 -5.84631
6.08795 -5.84274
6.11913 -5.54988
6.53703 -5.72363
6.17098 -5.48878
6.35346 -5.43867
6.66428 -5.59324
6.49462 -5.9332
6.47137 -5.93108
6.1746 -5.83855
6.11665 -6.06906
6.23635 -5.59526
6.4106 -5.46317
6.47579 -5.92307
5.68555 -5.87076
5.77483 -6.03962
6.25266 -5.70435
6.08819 -5.71411
6.51093 -5.88473
6.251 -5.75537
6.34438 -6.13754
6.41595 -6.00669
6.57788 -6.14046
6.1085 -5.58058
6.43413 -6.08207
6.35903 -5.84411
6.05405 -5.67313
6.71462 -5.45376
6.2478 -5.68682
5.87413 -5.6131
5.98106 -5.38524
6.38147 -5.60111
5.85384 -5.52849
5.84281 -5.66103
6.09295 -5.65811
6.40558 -6.17215
6.17201 -5.71325
6.33547 -6.01721
6.17184 -5.7008
5.75921 -5.83302
5.59466 -6.12685
6.22434 -5.66282
5.85908 -5.78591
6.1233 -5.50739
6.16873 -6.00272
6.55016 -5.89767
6.46439 -6.15459
6.6315 -5.59969
5.89158 -5.75675
6.21435 -5.63525
6.24838 -5.92474
6.19279 -6.06981
6.70378 -5.77306
5.93558 -5.60626
5.98977 -5.37968
5.93283 -5.71729
6.2905 -5.69737
6.3731 -5.38539
6.34948 -5.6433
6.73198 -5.85625
6.36092 -6.05754
6.61987 -5.69746
5.96202 -6.20627
6.05832 -6.01638
5.59762 -5.61047
5.92779 -5.41259
6.44377 -5.63735
6.18958 -5.85071
6.50363 -5.82765
6.00011 -5.71044
6.23795 -5.76215
5.83757 -5.53196
6.25479 -5.75191
5.99442 -5.5405
6.09515 -5.75307
5.82171 -5.58357
5.58014 -5.96485
6.24245 -6.23189
6.059 -6.12989
6.13062 -5.39098
6.53635 -5.71987
6.27052 -5.3859
5.79405 -5.7923
5.9619 -5.53139
5.95029 -5.33628
5.87115 -5.60124
6.44158 -5.76245
6.09571 -5.64962
6.10838 -5.26443
6.16958 -5.58857
5.94781 -5.88943
6.3405 -6.06755
6.34119 -5.55232
5.94105 -5.54962
6.381 -5.19219
6.1947 -5.87792
6.63414 -5.99024
6.98531 -5.82132
6.31579 -6.04745
6.68421 -5.75918
6.4268 -6.03076
6.44183 -5.94854
6.48834 -6.1758
6.39554 -5.96091
6.24071 -5.74742
6.66715 -5.67292
6.50687 -6.04926
6.38047 -6.10649
5.992 -5.84849
6.31302 -5.94336
6.39896 -5.77009
6.09225 -5.94863
6.32075 -5.82446
5.89281 -6.03228
6.10309 -5.9046
6.23171 -5.75321
6.00339 -5.89552
6.52795 -5.85854
6.28419 -5.87509
6.40474 -5.94072
6.47595 -6.33161
6.30844 -6.0897
6.50434 -6.34667
5.56484 -6.15181
6.1798 -5.70719
6.52529 -5.75236
6.17024 -6.13919
6.07664 -6.01824
6.30365 -5.7924
6.62918 -6.48584
6.17783 -6.18567
6.22485 -5.86401
6.36811 -6.21018
6.85146 -6.08339
6.72281 -5.66425
6.55255 -6.07989
6.52105 -5.51344
5.98649 -5.91806
5.95915 -5.99019
5.82219 -5.62829
6.53808 -5.40466
7.04431 -5.77168
6.69546 -6.15511
5.89116 -6.1824
6.51149 -6.02375
6.44049 -6.38949
6.20207 -6.32157
6.7083 -6.29455
5.93203 -6.45642
6.73185 -6.06044
6.43786 -6.08609
6.21558 -6.30817
6.67067 -6.26698
6.44992 -6.37441
6.11038 -5.99974
6.35225 -5.99304
6.11897 -5.95712
6.49546 -6.03066
6.33033 -6.16865
6.04439 -5.7763
6.22812 -5.973
6.17826 -6.20276
6.35217 -5.49346
6.50843 -6.16301
6.29935 -6.02861
6.33329 -6.27127
6.69684 -6.01002
6.35417 -6.53063
6.77885 -6.60113
6.50531 -6.43782
6.63037 -6.72779
6.46196 -5.85278
6.54734 -6.23706
5.68266 -6.11899
6.33864 -5.98685
6.67075 -6.19673
6.12023 -5.95694
7.15134 -5.96369
5.91762 -6.00152
5.91662 -5.63853
5.85838 -5.5166
6.05588 -5.78673
6.58694 -6.17163
6.6427 -6.21329
6.25855 -6.00019
6.92451 -6.41254
6.33429 -6.64205
6.49453 -6.33276
6.66944 -5.96451
6.34214 -6.45384
6.24325 -5.48318
6.3778 -6.31293
6.33351 -5.99114
5.60741 -6.24654
5.89453 -5.77507
6.44477 -5.79414
6.39708 -5.98372
6.3488 -6.00695
6.4064 -6.41469
6.22444 -6.0034
6.14702 -5.40373
6.35548 -5.98658
5.76662 -6.0658
6.66359 -5.63569
6.81257 -6.09092
6.30486 -6.07816
5.9864 -6.15775
6.15831 -5.9222
5.91818 -5.97157
5.7358 -5.5256
6.29962 -5.9636
6.25489 -5.86677
6.52597 -6.01048
6.73408 -5.62919
6.14375 -6.14698
5.90664 -5.75631
6.28547 -5.79898
6.58911 -6.45356
6.3813 -6.19953
6.37403 -6.10797
6.26412 -6.02402
6.7003 -5.84794
6.24564 -5.54966
6.53588 -6.12591
6.56769 -6.07999
6.43493 -5.99026
6.67674 -5.78898
5.89376 -6.01875
6.17752 -6.13024
6.62511 -5.91458
6.39513 -6.04918
5.984 -5.9992
5.96458 -6.00249
6.15899 -6.1308
6.15945 -5.76492
5.90432 -5.82154
6.39352 -6.33347
6.87598 -5.78892
6.77958 -6.11522
6.17936 -5.98664
6.89372 -6.12164
6.33333 -6.47011
6.28749 -6.26465
5.76364 -6.27737
6.00115 -6.14833
6.58541 -5.79449
6.80645 -5.84918
6.45179 -6.35961
6.40996 -6.02437
6.16205 -5.78391
6.21427 -6.03243
6.37767 -5.80354
6.00095 -6.26281
6.35066 -6.08011
6.2477 -6.34586
6.21716 -6.09511
6.41044 -6.0996
5.82317 -6.15938
6.13845 -5.99189
6.10927 -5.82383
5.97757 -5.92378
6.19201 -6.09713
6.4084 -6.04555
6.21424 -5.87049
6.17156 -6.15626
6.32435 -5.8847
6.64939 -6.21939
6.28258 -5.90836
6.61218 -6.00343
6.24998 -5.87181
6.78809 -5.62039
5.98818 -6.01208
6.5902 -5.94684
6.51174 -5.53014
6.31781 -6.15791
6.24378 -5.48956
6.76182 -5.87152
6.61197 -5.95666
6.57144 -5.79074
6.52054 -5.87007
6.22819 -5.71035
6.47993 -6.13597
6.36646 -6.37749
6.35433 -6.1239
6.84122 -5.66791
6.65028 -5.96116
5.89854 -5.80675
6.24179 -5.64273
6.20432 -5.97031
6.51766 -5.87713
6.04831 -5.92233
5.81709 -5.90229
6.25179 -5.965
6.66881 -6.0374
6.0267 -5.65599
6.33236 -6.19774
6.65263 -6.09039
6.40675 -6.12493
6.36417 -6.0825
6.05257 -5.65935
6.28347 -6.06402
6.46407 -6.10043
6.1524 -5.84896
5.59634 -5.92123
6.26081 -5.47499
5.87468 -5.72418
5.95218 -5.70208
6.21969 -6.30371
5.87492 -5.87438
6.49503 -5.51349
6.2775 -5.69942
6.45256 -5.90204
6.63496 -5.78526
6.01406 -5.96208
6.36923 -6.09032
6.31785 -6.0188
6.68838 -5.40085
6.17557 -5.64838
5.96238 -5.33701
6.07768 -5.84343
6.38226 -6.27405
6.45373 -6.10946
6.84047 -6.3911
6.368 -5.53182
6.39939 -6.1546
6.82909 -6.1891
6.17362 -6.16461
6.19032 -5.54806
7.06657 -5.8945
6.09859 -6.18447
7.12152 -6.10825
6.51978 -5.81716
6.80305 -6.35619
6.7719 -6.47098
6.91228 -6.1679
6.441 -5.93307
5.96257 -6.0484
6.6003 -5.9839
6.72967 -5.85374
6.25766 -5.85867
5.63619 -5.57985
5.78968 -6.05755
5.95845 -5.55671
6.42499 -6.58566
6.30199 -6.26403
6.21974 -6.17435
6.56005 -6.03415
6.68248 -5.66354
6.55504 -5.62967
6.61899 -5.68756
6.34669 -5.99448
6.32861 -6.33059
6.88035 -6.09072
6.73544 -5.84488
6.61746 -6.26954
6.42906 -5.815
5.71362 -5.97668
6.23951 -6.19464
5.87715 -5.96049
6.49171 -5.70133
6.81859 -6.35919
6.54723 -6.43745
6.6661 -6.39655
6.79775 -6.34494
6.31317 -6.56929
6.51726 -5.78137
6.58444 -6.13468
6.50164 -5.90864
6.7295 -5.94391
6.41492 -6.17836
6.81198 -6.14044
6.8061 -5.67716
6.81151 -5.4808
6.55785 -5.97752
6.21853 -6.03644
6.62909 -6.09685
6.41544 -5.80459
6.28489 -5.91264
6.32685 -6.01529
6.82475 -6.27276
6.97095 -5.93624
6.6343 -6.30462
6.32928 -6.21029
6.58888 -6.35646
6.53217 -6.08627
5.84836 -6.11062
6.13666 -5.93566
6.08554 -6.28202
6.68404 -5.57627
6.44839 -5.52617
6.68604 -6.69061
6.1132 -6.27223
6.26641 -6.1612
6.38872 -5.95832
5.97639 -5.47525
5.89533 -6.1283
6.3849 -6.59816
6.47092 -6.00183
6.52536 -6.64546
6.1521 -6.02655
6.69168 -6.39627
7.11945 -6.35966
6.52229 -6.12466
6.59617 -6.10393
6.41673 -6.63282
6.6534 -6.22406
6.79432 -6.50455
6.51131 -6.88428
6.56052 -6.32884
6.47676 -6.20948
6.45096 -6.21559
7.24905 -5.98854
6.82351 -6.45208
6.74193 -6.08635
6.42731 -6.53707
6.77641 -6.35701
6.93445 -6.38788
6.72252 -6.6746
6.96369 -5.91572
6.37725 -6.4397
6.18548 -6.14086
6.66039 -6.58023
6.50846 -6.67479
6.47407 -6.14504
6.31345 -6.37728
6.7573 -6.33361
5.96272 -6.42114
6.50005 -5.99707
6.47146 -5.94896
6.27766 -6.32932
6.29651 -6.10464
6.34019 -6.49795
6.39111 -6.1381
6.7441 -6.55534
6.81284 -6.65064
6.60122 -6.41054
6.7884 -6.58097
6.90425 -6.31624
6.65071 -6.47147
6.45281 -6.32529
6.88884 -6.6643
6.30731 -6.19371
6.66399 -6.19845
6.15176 -6.47835
6.79103 -6.0958
6.44432 -6.07677
7.07083 -6.18572
6.98425 -6.00091
6.95396 -6.75737
6.60277 -6.30451
6.11803 -6.5183
6.69514 -6.4316
7.27464 -6.15495
6.22625 -6.78384
6.81403 -6.44553
6.94466 -6.63864
6.82823 -6.69556
6.32236 -6.88427
6.53686 -6.38047
6.31049 -6.45553
6.57348 -6.14951
6.38779 -6.09417
6.05282 -5.85472
6.1021 -6.07757
5.94451 -6.28026
5.85585 -6.09873
6.30756 -5.9788
6.01997 -6.02734
6.25802 -6.25618
7.17516 -6.34007
6.65892 -6.02572 6.87397
4.11981 -6.72807 -6.64552
3.86337 -5.89002 -7.20687
4.03282 -6.54584 -6.93643
4.23175 -6.40504 -6.51522
3.94077 -7.11923 -6.86334
4.20172 -6.56005 -6.3732
3.98708 -6.7931 -6.85665
4.03347 -6.37768 -6.30997
4.68478 -6.49007 -6.35248
4.67689 -6.44981 -6.62472
3.67109 -6.25309 -7.02881
4.19066 -6.57132 -6.86954
3.87148 -6.35865 -6.63051
3.93839 -6.63669 -6.78435
3.88607 -6.89687 -6.76943
3.374 -6.7479 -6.5761
4.14644 -6.6109 -6.56486
4.20998 -6.47943 -6.63145
4.62338 -6.40928 -6.56549
4.01655 -6.84873 -6.38978
4.2118 -6.18042 -6.47148
3.73848 -6.3477 -6.48882
4.30982 -6.49064 -6.37773
3.81798 -6.52804 -6.97566
3.87476 -6.29914 -6.49528
4.18943 -6.45363 -6.90798
4.20163 -6.29614 -6.16788
3.45084 -6.23592 -6.90233
4.03866 -6.62521 -6.18808
3.67126 -6.27609 -6.76773
4.15569 -6.34955 -6.90323
4.53433 -6.60432 -6.59451
3.73363 -6.9516 -7.08325
4.02748 -6.88072 -6.50727
4.04884 -6.78777 -6.76398
4.44678 -6.62199 -6.55275
4.41698 -7.02151 -6.47017
3.88609 -7.06831 -6.55742
4.404 -6.9868 -7.13792
4.69448 -6.65128 -6.59094
4.50553 -6.59971 -6.66152
4.1926 -6.72077 -6.5562
4.52307 -6.66451 -7.11711
4.06657 -6.59928 -6.82045
4.27776 -6.82118 -6.84859
4.08083 -6.7304 -6.28751
4.77497 -6.93469 -6.6518
4.36309 -6.66173 -6.43257
3.98142 -7.05406 -6.74851
4.72913 -7.01551 -6.17624
4.25257 -6.75592 -7.02357
4.32343 -6.64159 -6.30642
4.67551 -6.51149 -6.9012
3.74656 -6.66249 -6.75236
3.97791 -7.20876 -6.94523
4.26687 -6.79981 -6.78179
4.44938 -6.90213 -6.69909
4.3951 -6.69847 -6.6426
3.71825 -6.55981 -6.77883
4.33204 -7.032 -6.63375
4.00887 -6.90704 -6.92193
4.75085 -6.92184 -6.90897
4.32649 -6.94186 -7.37685
4.38986 -6.44016 -6.98044
4.15327 -6.81193 -6.37232
4.20178 -6.36165 -6.71695
4.50002 -6.95919 -6.87767
4.2618 -7.17626 -6.90106
4.92541 -6.70604 -7.14716
4.43765 -6.47055 -6.94115
4.08867 -6.70113 -6.70308
4.41887 -6.55057 -6.5436
4.18995 -6.48066 -6.96212
4.28655 -6.53049 -6.78502
4.31701 -6.77754 -6.64168
4.16513 -6.75198 -6.69119
4.12088 -6.87025 -6.67662
4.31594 -6.65547 -6.77252
4.57346 -6.79748 -6.4653
4.18747 -6.81659 -6.90434
4.15081 -6.92515 -6.49483
4.19172 -6.81912 -6.70323
4.10261 -6.31742 -6.70275
4.16179 -6.35811 -6.26136
3.21807 -6.79331 -6.51219
4.10806 -6.53316 -6.14175
4.10262 -6.35539 -6.32519
3.74817 -6.76387 -6.52989
3.75394 -6.79717 -6.44683
3.79177 -6.65207 -6.87042
4.0266 -7.19446 -6.88471
3.9899 -6.55754 -7.02504
3.9042 -6.72225 -6.20405
4.22323 -6.76275 -6.3965
4.48328 -7.08918 -6.52949
4.84853 -6.57699 -6.67396
5.02106 -6.74671 -6.98067
4.09684 -6.43322 -6.50449
4.50773 -6.73292 -6.56529
4.00267 -6.41056 -6.42845
4.05995 -6.63042 -6.46614
4.01759 -6.64892 -6.63746
4.39032 -6.38041 -6.9412
4.32322 -6.56899 -6.68472
4.18493 -6.35213 -6.67716
4.53842 -6.87198 -7.0862
4.2446 -7.0608 -6.91899
3.58854 -6.8845 -6.80503
4.36493 -6.6255 -6.70109
3.85761 -6.66552 -6.79027
3.87989 -6.36272 -6.10556
4.18855 -5.91711 -6.39765
3.83843 -6.75015 -5.96385
3.90811 -6.82656 -6.48543
4.22281 -6.10039 -5.92021
4.33117 -6.49087 -6.51408
3.77682 -6.445 -6.47624
3.96436 -6.69623 -6.62148
3.7198 -6.68726 -6.64628
3.90793 -6.34577 -6.46247
3.57328 -6.01394 -6.85984
4.01785 -6.77322 -6.50974
3.94904 -6.38384 -6.24012
3.92498 -6.08327 -6.45038
4.13627 -6.56686 -6.80974
3.96791 -6.82054 -6.43531
3.81225 -6.86639 -6.34633
4.54703 -6.98013 -6.42246
3.75058 -6.86062 -6.85277
4.00089 -6.3279 -6.37507
4.35134 -6.33146 -6.42324
4.59391 -6.58061 -6.6645
4.33613 -6.46614 -6.68266
4.40022 -6.24546 -6.02236
4.35942 -6.5109 -6.07766
4.37923 -6.55131 -5.98866
4.12023 -6.50134 -6.15639
4.11545 -6.31347 -6.54145
4.0858 -6.01667 -5.92195
4.04236 -6.80094 -6.94492
4.48679 -6.57699 -6.63832
4.83493 -6.51045 -6.96481
4.64084 -6.32733 -6.35392
4.74331 -6.80571 -6.83616
4.83672 -6.94768 -6.51153
4.28183 -6.56073 -6.47017
3.92769 -6.47185 -6.40009
4.15114 -6.42314 -6.98775
4.19876 -6.27334 -6.65532
4.4705 -6.76028 -6.51847
4.29651 -6.45578 -6.62164
4.15685 -6.36434 -6.67366
3.92759 -6.72345 -6.50146
4.5689 -6.55215 -6.20788
4.84561 -7.02704 -6.65572
4.03585 -6.49623 -6.61396
4.68339 -6.37241 -6.4614
4.16569 -6.18301 -6.65282
4.33312 -6.83174 -6.74968
4.62517 -6.36691 -6.74469
4.23753 -6.23354 -6.55492
3.99226 -6.53499 -7.07564
4.32158 -6.28997 -6.42043
4.1097 -6.60644 -6.46561
4.39391 -6.21594 -6.45591
4.245 -6.23786 -6.60349
4.46023 -5.94783 -5.93702
4.31966 -6.49149 -6.83846
3.99401 -6.16826 -6.517
4.03963 -6.42891 -6.4261
4.41347 -6.47181 -6.25361
4.55701 -5.79338 -6.23916
4.3948 -6.46479 -5.83759
4.36621 -6.68172 -6.05618
4.31624 -6.42758 -6.27599
4.41503 -6.56834 -6.58958
4.13939 -6.93777 -6.41565
3.79756 -6.39862 -6.41638
4.02553 -6.78169 -6.19498
4.14022 -6.25649 -6.34628
3.90814 -6.3979 -6.7276
4.00394 -6.60451 -6.59522
4.36866 -6.67658 -6.43548
4.27472 -6.74415 -6.56832
4.33983 -6.37223 -6.49284
4.6614 -6.60772 -6.32786
3.63727 -6.57431 -6.30249
4.97734 -6.37205 -6.40833
3.93861 -6.398 -6.65295
4.11924 -6.56007 -6.77295
4.48707 -6.53014 -6.67008
4.00185 -7.06939 -6.93386
4.6137 -6.33884 -6.39322
4.17831 -6.18478 -6.82785
3.81021 -6.42111 -6.55922
3.87746 -6.24537 -5.75293
4.30745 -5.97025 -6.13413
3.72673 -6.59303 -6.20332
4.47484 -6.53078 -6.04292
4.13425 -6.64534 -6.37273
3.83507 -6.18874 -6.71046
3.84048 -6.15339 -6.53735
4.39015 -6.40847 -6.19909
4.29715 -6.85301 -6.78219
4.48069 -6.47461 -6.41555
4.7154 -6.8592 -7.05629
4.17844 -6.05208 -6.73363
3.79977 -6.56078 -6.42286
4.5672 -6.45802 -6.64072
4.08855 -6.2734 -6.78736
4.56436 -6.37274 -6.77089
4.98027 -6.3645 -7.21892
3.9419 -6.31804 -6.62395
4.11134 -6.75117 -6.71559
3.66622 -6.4722 -6.58755
4.15261 -6.45885 -6.19053
4.35861 -6.47375 -6.71214
4.46705 -6.46962 -7.07256
4.38005 -6.30919 -7.1059
4.37791 -6.50964 -6.79637
3.99835 -6.81109 -6.52326
4.52891 -6.456 -6.44668
4.38869 -6.38978 -6.9616
3.92484 -6.92287 -6.37373
4.54128 -6.42087 -6.1987
4.84362 -6.55632 -6.46245
3.78488 -6.66101 -6.19472
4.07888 -6.29816 -6.53586
4.34628 -6.24304 -6.33529
3.96224 -6.13835 -6.3875
3.94556 -6.35836 -6.05767
3.91981 -6.58339 -6.33856
4.59897 -6.71188 -6.46124
4.42539 -6.34239 -6.61994
4.07893 -6.5265 -6.50232
4.26239 -5.90418 -6.53965
4.36217 -6.43668 -6.53154
3.49675 -6.21188 -6.14724
4.56226 -6.47 -6.41605
3.6869 -6.59127 -6.06439
4.70052 -6.42132 -6.64956
4.20398 -6.54718 -6.22896
4.16742 -6.38923 -6.72769
4.33795 -6.41595 -6.57021
4.48794 -6.18069 -6.68575
3.80348 -6.38622 -6.43348
4.07271 -6.62794 -6.3297
4.42593 -6.85703 -6.53018
4.1341 -6.44407 -6.66955
4.08834 -6.32673 -6.31399
4.32277 -6.46535 -6.79569
4.29327 -6.46292 -6.40375
4.38956 -6.43304 -6.2499
3.93202 -6.52873 -6.06234
3.87566 -6.75447 -6.35188
3.72979 -6.08267 -6.19599
3.22859 -6.42788 -6.4007
3.72929 -6.44066 -6.2983
4.16614 -6.58711 -6.3513
5.25562 -6.35321 -6.57041
3.89449 -6.61696 -6.12866
4.31343 -6.83516 -6.62221
4.44807 -5.94614 -6.36386
4.55145 -6.48782 -6.10103
3.65806 -6.28522 -6.5824
3.97967 -6.60625 -6.6665
4.11434 -6.67148 -6.68
4.45547 -6.977 -6.27204
4.18112 -6.16989 -6.05518
4.0507 -6.40915 -6.12938
4.02286 -6.48789 -6.28974
3.97373 -6.5339 -6.43028
3.75299 -6.6714 -6.29416
3.81543 -6.83182 -6.38708
3.75752 -6.43287 -6.34021
4.28399 -6.77258 -6.1776
4.1207 -6.47704 -6.79461
4.3275 -6.28966 -6.38476
4.04121 -6.70264 -6.3433
3.78156 -6.61982 -6.43334
4.10052 -6.23379 -6.47761
4.09056 -6.7883 -6.79755
4.15164 -6.29846 -7.12428
3.938 -6.71801 -6.51724
4.01419 -6.30829 -6.09038
4.2824 -6.46831 -6.48803
4.53282 -6.52267 -6.29231
4.71114 -6.28414 -6.61601
4.29567 -6.65373 -6.84048
4.21189 -6.42648 -6.05436
4.34707 -5.94751 -6.11765
3.82026 -6.12162 -6.00592
4.05422 -6.36299 -6.77204
4.19645 -6.29433 -6.72475
4.2047 -6.18671 -6.45517
4.05069 -6.80686 -6.3227
3.86166 -6.57427 -6.14681
4.62021 -6.45275 -6.10925
4.18416 -6.19338 -6.36034
4.31828 -6.68928 -6.00831
4.66121 -6.68451 -6.5653
4.21532 -6.92106 -6.11717
4.48384 -6.49717 -6.33927
4.29041 -6.54443 -7.00999
4.29479 -6.28264 -6.25406
4.70835 -6.1521 -6.52685
3.76223 -6.45247 -7.0753
4.11499 -6.73269 -6.41483
4.55433 -6.35885 -6.58387
4.3253 -5.96949 -6.55001
4.05343 -5.89511 -6.35949
4.4984 -6.72379 -6.02205
4.38809 -6.44682 -6.60268
4.70248 -6.39288 -6.29078
4.21828 -6.27803 -6.32466
4.3516 -6.50703 -6.29762
3.92615 -6.63462 -6.18518
4.42915 -6.65159 -6.54555
4.03485 -6.51308 -6.67239
4.01614 -6.2943 -6.1679
4.22111 -6.08178 -6.09127
3.84126 -6.39935 -6.54306
4.22854 -6.26647 -6.35341
4.62627 -6.05607 -6.35732
3.84563 -6.14536 -6.8282
3.71758 -6.86687 -6.68279
4.41726 -6.60048 -6.46733
4.34401 -6.1955 -6.50346
4.21992 -6.4946 -6.57284
4.40588 -6.60946 -6.71169
3.95504 -6.38992 -6.23876
4.28946 -6.4394 -6.23461
5.02882 -6.63428 -6.45913
4.33317 -6.30965 -6.65921
4.02011 -6.35629 -6.46831
4.15675 -6.97933 -6.67324
4.10044 -6.63543 -6.53608
4.15831 -6.22549 -6.43349
4.10032 -6.52759 -6.37747
4.26953 -6.89544 -6.15056
3.77325 -6.40246 -6.17764
4.57182 -6.50048 -6.63954
3.79065 -6.63619 -6.84471
4.25679 -6.71091 -6.25808
4.22287 -6.48563 -6.29935
3.92506 -6.45646 -6.69103
4.14904 -6.19116 -6.58413
3.73562 -6.52044 -6.30267
3.89143 -6.14807 -6.43719
4.1958 -6.87844 -6.54568
3.91854 -6.96287 -6.62183
4.17261 -6.70478 -6.42001
4.23311 -6.21625 -6.11629
3.92042 -6.10428 -6.95942
4.21429 -6.53235 -6.89583
4.58879 -6.60157 -6.51928
3.81906 -6.45715 -6.26849
4.24479 -6.1423 -6.85461
4.15623 -6.49042 -6.12265
4.44522 -6.50218 -6.6188
4.03412 -6.59376 -6.44089
4.14748 -6.38758 -6.0642
4.22249 -6.19273 -6.02963
4.29137 -6.53929 -6.1525
4.13656 -6.46649 -6.62135
4.18892 -6.48757 -6.31769
4.13332 -6.32905 -6.61714
4.0989 -6.23258 -6.70229
4.49833 -6.23056 -6.74545
4.12895 -6.16086 -6.38184
4.30071 -6.46432 -6.50333
4.12292 -6.50686 -6.46306
4.07653 -6.46041 -6.06391
3.77367 -6.47074 -6.27756
4.53264 -6.49957 -6.6349
4.16357 -6.87039 -6.63767
4.08437 -6.88011 -6.66952
4.16432 -6.29288 -6.53018
3.94955 -6.03786 -6.12137
4.58919 -6.55868 -6.60663
3.96984 -6.42202 -6.63396
3.83999 -6.1393 -6.3551
4.32104 -6.37405 -6.43096
4.30695 -6.5917 -6.33716
3.61139 -6.08172 -6.33301
3.70235 -6.1264 -6.1807
4.36305 -6.30478 -6.47085
3.81008 -6.5383 -6.59872
3.58498 -6.45279 -6.39308
3.99792 -6.52816 -6.43295
4.20359 -6.70592 -6.55454
4.07304 -6.89539 -6.48943
3.8003 -6.0854 -6.69357
4.1832 -6.34768 -6.28648
4.13777 -6.2679 -6.37303
4.30595 -6.07958 -6.77106
4.55479 -6.38372 -6.24028
4.58579 -6.04021 -6.3761
4.04071 -6.57021 -6.89582
4.27218 -6.12457 -6.4074
3.98049 -6.62896 -6.6086
4.48822 -6.43682 -6.33768
3.84974 -6.03159 -6.33451
4.19175 -6.14029 -6.84703
4.06264 -6.28988 -6.22398
4.21692 -6.16919 -6.52768
3.9433 -6.37177 -6.56375
4.03733 -6.5258 -6.59148
3.76057 -6.73239 -6.33362
4.10669 -6.43863 -6.30709
4.17856 -6.57473 -6.50364
4.19694 -6.85474 -6.61654
4.47964 -6.39563 -6.38522
3.71658 -6.34616 -5.98671
4.6602 -6.29387 -6.80093
3.79574 -6.35538 -6.33935
4.39518 -6.51898 -6.5364
3.85823 -6.37335 -6.08746
4.00137 -6.30634 -6.50581
4.60423 -6.78505 -6.12663
4.32135 -6.6423 -6.58334
4.11603 -6.69419 -6.45327
3.90453 -6.30623 -6.43844
4.2964 -6.35481 -6.41892
4.4324 -6.27768 -6.48751
4.27162 -6.55456 -6.97252
4.09846 -6.76053 -6.46167
4.40492 -6.54238 -6.38566
4.39676 -6.46208 -6.18598
4.18253 -6.21498 -6.28595
3.91288 -6.56682 -6.68914
4.61452 -6.64346 -6.25386
4.29144 -6.67382 -6.07201
4.19719 -6.32662 -6.47597
4.2321 -6.41066 -6.17971
4.02226 -5.98863 -6.57711
3.86559 -6.57916 -6.64458
4.43438 -6.08583 -6.67832
4.21463 -6.75671 -5.69222
3.8659 -6.31331 -6.35642
4.49817 -6.35443 -6.66869
4.25424 -6.38965 -6.59365
4.42963 -6.90226 -6.33622
4.11297 -5.97416 -6.8859
3.45031 -6.72262 -6.35647
4.22083 -6.95299 -6.33227
4.42113 -6.67534 -7.01504
3.98247 -6.45613 -6.64517
4.50674 -6.55056 -6.18498
4.17111 -6.36887 -6.24995
4.16342 -6.37519 -6.66817
4.36092 -6.75581 -6.72434
3.95313 -6.68012 -6.78858
3.5415 -6.44579 -6.245
4.63852 -6.10946 -6.57097
4.50106 -6.43047 -6.85665
4.362 -6.5809 -6.35893
3.85527 -6.63672 -6.51484
4.30866 -6.63811 -6.3511
4.0963 -6.8814 -6.81032
4.14442 -6.77728 -6.39292
4.24964 -6.69091 -6.35899
4.58331 -6.46916 -6.80525
4.67304 -6.85041 -6.118
4.2422 -6.76671 -6.77501
3.90018 -6.48083 -6.47007
3.87799 -6.80734 -6.3672
4.28412 -6.76199 -6.93158
4.04004 -6.54921 -7.16731
4.01518 -6.49668 -6.71092
4.12257 -6.64025 -6.49623
4.229 -6.49144 -6.30121
4.46884 -6.25191 -6.53898
3.98755 -6.24103 -6.68118
3.5852 -6.62579 -6.31891
4.22412 -6.13578 -6.72206
4.14743 -6.23681 -6.56741
4.43368 -6.65538 -6.47967
4.40417 -6.48684 -6.45128
4.30554 -6.72106 -6.52933
4.47045 -6.46113 -6.62553
4.51821 -6.58607 -6.65208
4.19579 -6.45694 -6.76828
4.19662 -6.53784 -6.30917
4.05498 -6.39127 -6.38327
3.85874 -6.095 -6.59101
4.33709 -6.4197 -6.55553
3.73666 -6.63079 -6.42374
4.37672 -6.24069 -6.31845
4.32097 -6.27703 -6.21633
4.81864 -6.67704 -5.93864
3.89581 -6.70738 -6.4885
3.88011 -6.62109 -6.34508
4.64249 -6.63406 -6.76402
4.65061 -6.68476 -6.83761
4.03313 -6.49686 -6.71951
4.21949 -6.66745 -6.55668
4.3674 -6.85822 -6.71062
4.49605 -6.6212 -6.37938
4.72945 -6.40169 -6.61169
4.00821 -6.27866 -6.6099
4.05143 -6.67608 -6.60887
4.53926 -6.33735 -6.26237
4.45418 -6.59603 -6.51961
3.42776 -6.61073 -6.00251
4.34903 -6.80866 -6.33437
4.33086 -6.09157 -6.79738
3.98827 -6.31778 -6.14189
4.40686 -5.95829 -6.53986
3.33662 -6.65354 -6.8523
4.34362 -6.65739 -6.71786
4.55831 -6.66245 -6.71253
4.76422 -6.48282 -6.15766
4.29119 -6.60268 -6.50706
4.34191 -6.59458 -6.51914
3.76029 -6.24739 -6.3804
4.10606 -6.66667 -6.72289
4.22685 -6.47613 -6.6754
4.23938 -6.26243 -6.55527
4.436 -6.6449 -6.56116
4.11288 -6.77214 -6.43232
4.14832 -6.39528 -6.80529
4.159 -6.82014 -6.44043
4.34914 -6.43487 -6.75443
3.97941 -6.42049 -6.68527
4.45145 -6.40344 -6.37011
4.16004 -6.56521 -6.61848
4.37826 -6.51092 -6.51454
4.32457 -6.49201 -6.60867
4.52422 -6.2928 -6.97904
3.86665 -6.82139 -6.91288
4.67669 -6.55413 -6.43123
3.79441 -6.79414 -7.1462
3.73359 -6.17883 -6.22444
4.82981 -6.53857 -6.38016
3.74319 -6.95597 -6.5288
4.26259 -6.51981 -6.40632
4.14933 -6.6522 -6.75023
3.99042 -7.03908 -6.38437
4.29556 -6.4257 -6.45709
4.54159 -6.80017 -6.94791
4.81156 -6.18732 -6.42635
4.18989 -6.68438 -6.25778
4.22318 -6.64512 -6.4224
4.27727 -6.64353 -6.19969
4.26918 -6.56401 -6.67999
4.62843 -6.49124 -6.63386
4.22559 -6.55915 -6.52361
4.1353 -6.5908 -6.28356
4.44147 -6.62027 -7.06456
3.73464 -6.85361 -6.62967
4.0289 -6.70482 -7.00974
4.50998 -6.7029 -6.49214
4.62428 -6.43747 -5.90941
4.55371 -6.68269 -6.75222
3.95565 -6.55235 -6.53287
3.86089 -6.52319 -6.77574
4.30068 -6.42503 -6.52862
5.13621 -6.21582 -6.60716
4.10058 -6.62247 -6.86851
4.14194 -6.90744 -6.36342
4.39547 -6.99708 -6.16933
4.01243 -6.96615 -6.55852
4.22558 -6.52716 -6.82847
3.98789 -6.56559 -6.50947
4.07081 -6.6372 -6.64048
4.48197 -6.61842 -6.92637
4.20941 -6.67966 -6.33486
4.91171 -6.68806 -6.64911
4.51086 -6.60318 -6.39957
3.96484 -6.69713 -6.76995
4.30975 -6.46603 -6.93283
4.22254 -6.27373 -6.54433
4.25443 -6.54933 -6.53183
4.37828 -6.40995 -6.30498
4.45814 -6.36249 -6.41439
4.04096 -6.67369 -6.24712
4.38462 -6.51882 -6.45268
3.28369 -6.61145 -6.45807
4.00657 -6.90367 -6.69797
4.5676 -6.14504 -6.52731
4.54971 -6.46212 -6.63008
3.71616 -6.49634 -6.68805
4.38739 -6.7231 -6.77345
4.89963 -6.39955 -7.29417
3.87066 -6.72847 -7.04209
4.46561 -6.54986 -6.82525
3.94328 -6.11912 -6.33718
3.7931 -6.7351 -6.13865
4.30124 -7.12288 -6.11872
4.0481 -7.03294 -6.75149
4.42107 -6.86569 -6.6229
4.57635 -6.58481 -6.44293
3.9584 -7.09668 -6.57052
3.93555 -6.50567 -6.27918
4.11687 -6.67974 -6.93022
4.04 -7.06549 -6.46367
4.30384 -6.71856 -6.44094
4.03639 -6.71071 -6.20483
3.79477 -6.46546 -6.71912
4.73408 -6.73867 -6.91022
3.73672 -6.44396 -6.94313
4.36068 -6.17146 -6.77056
3.87725 -6.85056 -6.88958
4.00499 -5.97916 -6.59672
4.02344 -6.61336 -6.79797
4.20383 -6.37155 -7.09504
4.10406 -6.72608 -6.51881
4.07093 -7.13121 -6.51706
3.75008 -6.54482 -6.55664
4.32585 -6.20141 -6.54947
3.87733 -6.21236 -6.80921
4.33894 -6.50621 -6.61084
4.55546 -6.32292 -6.35408
4.49131 -6.44161 -6.6978
4.24236 -6.76177 -6.67561
4.37554 -6.64963 -6.21085
4.42545 -6.4162 -6.35319
4.05144 -6.5256 -6.56063
4.24521 -6.28787 -6.63662
4.12502 -6.75298 -6.78458
4.34994 -7.2508 -6.11542
4.59719 -6.55154 -6.37786
4.91953 -7.28116 -6.85596
4.76831 -6.43046 -6.57357
4.75372 -6.75418 -6.48165
4.5594 -6.53675 -6.97179
4.94925 -6.33929 -6.40723
4.67255 -5.75014 -6.10604
4.4135 -6.39473 -6.38569
4.90207 -6.55832 -6.27091
3.57145 -6.67469 -6.73308
4.03191 -6.44442 -6.60029
4.41049 -6.52896 -6.38436
4.37476 -6.64698 -6.85359
4.01383 -6.47243 -6.526
4.52736 -6.46336 -6.32858
3.63653 -6.46021 -6.0189
3.8891 -6.20968 -6.44496
4.06286 -6.08558 -6.35973
3.74094 -6.60053 -6.07296
4.62695 -5.9173 -6.07267
4.01531 -6.05317 -6.13828
4.05774 -6.22409 -6.14741
4.0554 -5.9792 -6.37976
4.23277 -5.75803 -6.00294
3.81853 -6.32146 -5.97484
4.48569 -6.04489 -6.07253
4.452 -6.05073 -6.53083
3.78098 -5.99847 -6.18787
3.68982 -6.0563 -5.8784
4.31307 -6.29323 -6.18721
4.02303 -5.99344 -6.49885
4.72889 -6.09048 -6.23157
3.53399 -5.77643 -6.45384
3.61032 -5.94623 -5.7268
3.85682 -6.01821 -6.17235
3.92732 -5.79188 -6.25798
4.06739 -5.86607 -6.05924
4.14242 -5.43551 -6.05553
4.39511 -5.9257 -6.33972
4.40708 -5.99243 -6.30037
4.18329 -6.46453 -5.90832
4.06992 -6.19326 -6.35755
3.75883 -6.16773 -6.09582
3.85291 -5.84125 -5.75768
4.14253 -6.21154 -6.34483
4.07746 -5.71619 -6.07365
4.19529 -6.20687 -6.4217
3.84163 -6.31221 -6.33606
3.7381 -6.30512 -6.07666
3.66612 -6.18802 -6.46981
4.56539 -6.3797 -6.5832
4.39351 -6.15578 -6.13535
3.75865 -6.2907 -6.39031
4.19374 -6.3695 -6.26787
3.93008 -6.30761 -6.12955
3.84178 -5.53253 -6.33449
4.22782 -6.05939 -6.40086
4.07025 -6.46835 -6.59199
3.97217 -6.38119 -6.24104
4.18535 -5.78724 -6.1502
4.0835 -5.75966 -6.03677
3.98257 -6.0937 -6.45196
4.21108 -6.44583 -5.92628
3.94367 -6.15168 -6.67816
4.3327 -6.50032 -6.54688
3.74784 -5.95039 -6.15211
4.25285 -5.86158 -5.89787
4.10532 -6.22117 -5.98493
3.63776 -6.43959 -6.45081
4.04068 -6.56718 -6.64957
3.74137 -6.60015 -6.35212
4.37552 -6.29334 -6.53625
3.86927 -6.33825 -6.66286
4.006 -6.8883 -6.49293
4.74042 -7.00433 -6.55031
3.75014 -6.60514 -6.17238
4.32235 -6.21601 -6.3408
4.85234 -7.1405 -6.72086
4.63403 -6.91135 -6.7548
4.63563 -6.69953 -7.13289
4.47437 -6.31018 -6.65133
4.17284 -6.85991 -6.72776
4.26474 -6.39036 -6.61278
4.31761 -6.58213 -6.62883
4.31847 -6.86739 -6.85341
4.23812 -6.65615 -6.68868
4.2183 -7.01209 -6.70308
4.40996 -6.88227 -6.55615
4.30503 -6.33791 -6.17822
4.33738 -7.15919 -6.43263
4.41802 -6.69139 -6.40069
4.71636 -6.72454 -6.87639
4.57184 -6.14865 -6.32018
4.21042 -6.7214 -6.61799
4.58772 -6.23258 -6.48848
3.95607 -6.60239 -6.40696
4.07121 -6.49796 -6.20456
4.14883 -6.93091 -6.08694
4.05807 -6.61476 -6.61032
4.11412 -6.97989 -6.72946
3.83078 -6.04084 -6.5319
3.77675 -6.312 -6.27577
4.06338 -6.44643 -6.58045
4.55582 -7.02943 -7.0677
4.28299 -6.64988 -6.84189
4.13593 -6.17265 -6.78746
3.96161 -6.54227 -6.90903
4.53072 -6.36479 -6.65911
4.6275 -6.98551 -6.89011
4.45497 -6.70397 -6.28713
4.67455 -7.09571 -6.66634
4.35591 -6.88781 -6.657
4.46403 -6.6582 -6.29524
3.99748 -6.59708 -6.52677
4.7728 -6.91883 -6.73827
4.55811 -7.43934 -7.02744
4.42167 -6.57046 -6.66725
3.94134 -6.62627 -6.38775
4.24928 -6.15002 -6.64857
4.2222 -6.24178 -6.15885
3.91251 -6.65398 -6.39397
4.67196 -6.62831 -6.78728
4.73865 -6.83206 -6.63126
3.76686 -6.81629 -6.61776
4.68349 -6.86738 -6.92982
4.28444 -6.75643 -7.05133
4.62229 -7.15013 -6.91034
4.43026 -6.56225 -6.78043
3.98004 -6.76214 -6.46799
4.67041 -6.26421 -6.95394
4.40322 -6.50641 -6.35715
4.4174 -6.37051 -6.80006
4.62207 -6.42067 -6.20109
4.44578 -6.96296 -6.85454
4.4619 -6.41416 -6.44225
4.65122 -6.84414 -7.11817
3.98688 -6.80017 -6.80764
4.09729 -6.72776 -6.62293
3.95201 -6.83517 -6.88806
3.85522 -7.06473 -6.94295
4.31299 -6.71572 -6.52752
4.09642 -6.94515 -6.30246
3.78718 -6.67193 -6.34089
4.47016 -6.7486 -6.30914
4.06706 -6.97603 -6.61466
4.25641 -6.67902 -6.73939
4.07427 -6.5172 -6.65858
3.95246 -7.16393 -6.51467
4.41582 -6.96632 -6.88496
4.26584 -6.5865 -6.67488
4.62672 -6.68317 -6.62466
5.0045 -6.35887 -6.65453
5.0091 -6.79283 -6.47955
4.48814 -6.44788 -6.87367
4.99017 -6.42087 -6.74055
4.16478 -7.02367 -6.79479
4.41185 -6.76485 -7.13624
4.44489 -6.95016 -6.7142
4.31067 -7.1891 -6.6015
4.21174 -6.6355 -6.88576
4.35479 -6.84894 -6.74984
4.04086 -6.56442 -6.53603
4.64961 -6.64806 -7.08196
4.67873 -7.10032 -6.74892
4.40261 -6.86701 -6.4682
4.0693 -6.55438 -6.77987
4.41938 -6.58763 -6.73564
4.57481 -6.30188 -7.00378
4.60617 -6.82333 -6.8166
4.47532 -6.69655 -7.10801
4.45134 -6.76444 -6.80577
4.92639 -6.98012 -6.94724
4.38521 -7.08354 -6.39124
4.38582 -7.05264 -6.70205
4.25586 -6.82309 -6.656
4.35275 -6.7229 -6.72527
5.0455 -6.61845 -6.98097
4.3238 -6.79485 -6.60702
