400 100 199
0.000612199 -0.00202363
0.0206338 0.00641202
1.08207 0.0476493
2.11685 0.10739
2.15067 0.145455
2.13781 0.0759658
2.99138 0.151077
5.25899 -0.089495
5.26001 -0.229529
5.47964 -0.779648
5.82066 -1.31001
6.30497 -1.2045
6.912 -1.91375
7.15897 -2.58091
7.53944 -2.87298
8.38258 -3.36201
8.3822 -4.19672
8.80412 -4.61868
9.36871 -5.35615
8.88148 -5.76373
9.19187 -6.03447
9.10788 -6.18596
9.28288 -6.45984
9.23579 -6.58096
9.16756 -6.73362
9.04061 -7.28641
8.84564 -7.64623
8.8869 -7.74328
9.08582 -7.88725
9.03325 -7.92729
9.40785 -7.91905
9.43572 -8.25271
9.22393 -8.20685
9.02852 -8.30062
9.10947 -8.27612
9.2738 -8.58699
9.39005 -8.47717
9.2952 -8.55973
9.36702 -8.62935
9.35873 -8.78779
9.26853 -9.13203
9.1978 -8.58054
9.51087 -8.78058
9.48186 -8.75208
9.28965 -8.65376
9.29287 -8.64886
9.45658 -8.56964
9.33234 -8.79295
9.20772 -8.44124
9.3902 -8.5687
9.30061 -8.36612
9.11808 -8.75828
9.31638 -8.37707
9.21447 -8.481
9.19675 -8.49088
8.86241 -8.55204
9.03279 -8.61822
8.94831 -8.471
9.09905 -8.54168
9.19887 -8.69886
9.07826 -8.901
9.17375 -8.65729
8.98574 -8.70085
9.017 -8.69763
9.24746 -8.78286
9.51885 -8.70645
9.46279 -8.96435
9.06325 -9.0163
9.33878 -8.71336
9.12155 -9.15882
9.68891 -8.96646
9.6908 -8.9691
9.35326 -8.86963
9.52644 -9.0406
9.55164 -8.95664
8.98874 -8.523
9.36367 -8.84278
8.97547 -8.72566
9.04091 -8.67212
9.07017 -8.91098
9.29677 -8.90708
9.08606 -8.84548
9.55668 -8.84348
9.56668 -8.91636
9.45397 -8.91952
9.14548 -8.74746
9.14041 -8.94234
9.20209 -8.71759
9.33665 -8.47429
9.28729 -8.94116
9.43203 -8.91291
9.29186 -8.66504
9.13612 -9.06889
8.87797 -8.86536
8.83143 -9.25136
9.09364 -9.06621
9.15876 -8.85818
9.55166 -8.85258
9.38127 -8.81428
9.38215 -8.95341
9.2002 -8.88026
8.87344 -9.00377
8.98779 -8.74857
9.50596 -9.12004
9.61207 -9.26462
8.97869 -8.81046
9.50675 -9.35156
9.52623 -9.18645
9.30769 -9.43822
9.29116 -8.80291
9.18336 -8.67868
9.13423 -9.37877
9.54968 -9.05569
9.06258 -8.99811
9.23232 -8.57448
8.95031 -8.82545
9.12425 -9.01375
9.47525 -8.70434
9.63119 -8.67109
9.18271 -8.44915
9.21419 -8.82814
9.12755 -9.03323
9.35984 -9.16492
9.32349 -9.32337
9.13174 -8.91789
9.73844 -8.94944
9.32027 -8.92249
9.49504 -9.20863
9.48925 -8.88187
9.31191 -8.5118
9.02266 -9.16852
9.29761 -8.93817
9.38847 -8.78214
9.36288 -9.07565
9.1751 -9.12957
9.66611 -9.31296
9.4843 -9.03745
9.23623 -9.1619
9.42704 -9.30094
9.37344 -8.9473
9.34478 -9.23664
9.28969 -8.75778
9.34326 -9.18402
8.99669 -9.06047
9.51867 -8.96378
9.45561 -8.73152
9.49626 -8.87804
9.66363 -9.20931
9.28689 -8.84046
9.3493 -8.8482
9.13687 -8.72806
9.4038 -8.75878
9.26978 -8.72946
9.00548 -8.69913
9.45924 -9.15136
9.31495 -9.01398
9.38907 -9.06085
9.45618 -9.10533
9.44426 -8.94215
9.09581 -8.79279
9.44736 -8.91143
9.05687 -8.78496
9.17044 -9.11797
9.42217 -9.48124
9.26421 -9.39744
9.43898 -9.39198
9.50514 -9.19324
9.17627 -9.20808
9.13462 -8.84157
9.08562 -8.46652
9.1054 -9.22475
9.28586 -9.52001
9.12468 -9.09121
9.06509 -8.89568
9.52554 -8.78964
9.43528 -9.03729
9.59444 -9.20149
9.55568 -9.0986
9.47833 -8.83664
9.45684 -9.19712
9.44946 -8.98001
9.12577 -9.44659
8.86624 -9.11195
9.50737 -8.98109
9.37492 -9.16367
9.60326 -8.73279
9.38724 -8.73356
9.6897 -9.5922
9.30499 -9.0815
9.66507 -8.97227
9.52886 -8.99576
9.08505 -9.3325
9.2601 -9.07857
9.27939 -9.34726
9.08267 -9.17219
9.28982 -9.34393
9.41519 -9.01126
9.1751 -8.8567
9.18533 -8.89734
9.10015 -8.96467 9.0834
8.67191 -8.66791 -8.1472
8.57607 -8.95868 -9.12293
8.57657 -8.8396 -9.28773
8.75338 -8.72171 -9.28025
8.78586 -9.18166 -9.50536
8.5928 -9.36346 -9.1451
8.7335 -9.20428 -9.1354
8.69921 -9.24982 -9.62927
8.80262 -9.28631 -9.30017
9.32143 -9.03217 -9.57085
8.51136 -9.41039 -9.05274
8.6475 -9.3806 -9.05787
8.69587 -9.34373 -9.00329
8.73846 -8.83198 -9.1443
8.77644 -9.15615 -9.09686
8.64289 -9.03652 -9.30192
8.56699 -9.19394 -8.99267
8.77118 -9.00544 -9.39626
8.93403 -9.25489 -9.15111
8.47494 -8.92908 -9.02246
8.69188 -8.92547 -9.07186
8.91482 -9.08481 -9.27179
8.93214 -9.2835 -8.94342
8.94749 -9.52167 -9.25477
9.05691 -9.38012 -9.18403
9.09438 -9.38746 -9.12594
9.56589 -9.15556 -9.10628
9.47772 -9.4386 -9.1823
9.11932 -9.4141 -9.25063
9.42154 -9.34093 -9.52716
9.31968 -9.41942 -9.38806
9.55363 -9.17299 -9.4901
9.09132 -9.16043 -9.28084
9.04826 -9.16459 -9.3181
8.92407 -9.31681 -9.71531
9.06978 -9.18246 -9.43312
9.51569 -9.33225 -9.29938
9.24016 -9.57693 -9.37445
9.19116 -9.22363 -9.77229
9.15802 -9.30335 -9.16471
9.27553 -9.38227 -9.15033
9.50395 -9.48077 -9.35991
9.04263 -9.12095 -8.97433
9.48794 -9.03457 -9.3091
9.27384 -9.11879 -9.43135
9.14935 -9.16133 -9.01673
8.72831 -9.24616 -9.2567
8.73939 -9.22828 -8.92297
8.97049 -9.28536 -9.20963
9.12709 -9.62869 -9.67955
9.37757 -9.55006 -9.54493
8.9483 -9.51421 -9.39291
8.94488 -9.66093 -9.15081
9.19148 -9.50643 -9.13292
8.89498 -9.40596 -9.00638
8.71207 -8.99153 -9.28504
9.40397 -9.25788 -8.90515
9.39665 -8.9578 -9.04849
9.19849 -8.85903 -8.77377
9.315 -9.18945 -9.30415
9.13279 -8.79237 -9.01559
9.4452 -8.72836 -9.52814
9.14887 -9.16431 -9.90088
8.99389 -9.40247 -9.5691
9.14464 -9.45537 -9.22926
9.22137 -8.96254 -8.98045
9.17074 -9.04921 -9.34723
9.11134 -9.26846 -9.53282
9.42848 -9.01489 -9.33199
9.0026 -8.83405 -9.66534
9.12502 -8.72494 -9.38639
9.16298 -8.94655 -9.22851
9.34209 -8.88078 -9.37907
8.98047 -9.37632 -9.07893
9.19523 -9.07039 -9.47972
9.26966 -9.03129 -9.47911
9.69192 -9.29252 -9.33336
8.87594 -9.37965 -9.19879
9.12703 -8.94202 -9.0427
9.45761 -9.44504 -9.22374
9.28493 -8.94932 -9.11822
9.13852 -9.2952 -8.85145
9.04662 -9.13144 -8.87834
9.46609 -9.0736 -9.39627
9.30815 -9.32132 -8.96908
9.50375 -9.19083 -9.20835
9.26747 -9.124 -9.35042
8.4818 -9.08964 -9.09566
9.44683 -9.4881 -9.28351
9.01214 -9.42809 -9.30702
9.19035 -9.60807 -9.39745
8.6973 -9.37221 -9.43772
9.24424 -9.35686 -9.4586
9.12402 -9.79965 -9.61447
9.61026 -9.25796 -9.59543
9.20668 -9.3536 -8.99569
9.19727 -9.33536 -9.19447
9.2968 -9.48239 -8.99873
9.22773 -9.16793 -9.54025
9.34597 -9.10486 -9.32294
9.20079 -9.30531 -9.35762
9.49352 -9.50022 -9.36441
9.70113 -9.27495 -9.61462
9.05695 -9.21645 -9.3386
8.89824 -9.51668 -9.47911
9.08479 -9.17808 -9.67654
9.24219 -9.63588 -9.76145
9.19128 -9.38001 -9.71584
8.90425 -9.21137 -9.63919
9.53412 -9.00721 -9.41633
9.89363 -9.47605 -9.17807
9.9874 -9.19078 -9.68572
9.21777 -9.48871 -9.44837
9.08324 -9.27511 -9.41999
9.35134 -9.28086 -9.4284
8.82432 -9.13069 -9.30081
9.05938 -9.15241 -9.15858
9.09017 -9.17694 -9.43406
9.5459 -9.19672 -9.33162
9.35839 -9.36296 -9.17292
9.25045 -9.13373 -9.23554
9.36043 -9.6092 -9.02401
9.15972 -9.6387 -9.11605
9.24386 -9.62241 -9.40596
9.21143 -9.75447 -9.10294
9.06026 -9.64876 -9.27811
9.28052 -9.51862 -9.08335
9.33975 -9.31577 -9.26764
9.02984 -9.02192 -9.17088
9.37767 -8.85827 -9.22865
8.79666 -9.00244 -8.93772
9.34829 -9.17348 -9.7741
9.58431 -9.40111 -9.20174
9.44926 -9.21527 -9.40903
9.6693 -9.21032 -9.44936
9.15638 -8.96428 -9.15087
8.71488 -9.1139 -9.54841
9.05991 -9.28406 -9.37582
9.36096 -9.50893 -9.34629
9.38379 -9.03115 -9.27971
9.52277 -8.86357 -9.26453
9.55291 -9.44685 -9.28376
9.89069 -9.36779 -9.16325
9.19873 -9.29236 -8.99068
9.31458 -9.45272 -9.29442
9.55687 -9.36895 -9.343
9.16068 -9.67888 -9.52106
9.54637 -9.39904 -8.96389
9.80645 -9.29614 -9.09118
9.50618 -9.5118 -9.10036
9.15407 -9.49397 -9.18427
9.44404 -9.32365 -9.18261
9.79076 -9.2501 -9.36646
9.17336 -9.04111 -9.26473
8.81624 -8.97838 -9.32544
9.57048 -8.82775 -9.44923
9.49068 -9.3128 -9.37319
9.8205 -9.04147 -8.97589
9.7195 -9.47886 -8.85252
9.09722 -9.57745 -9.28195
9.0174 -9.23411 -9.57452
9.04013 -9.64596 -9.09652
9.0869 -9.52893 -9.09404
9.45874 -9.72714 -9.32179
9.49484 -9.24373 -9.5531
9.34072 -8.93655 -9.32447
9.06247 -9.20042 -9.5539
9.3804 -8.86533 -9.46462
9.45792 -9.15614 -9.35498
9.16139 -9.37663 -8.51636
9.64603 -9.03336 -9.51343
9.32934 -8.96192 -9.17577
9.33443 -9.00151 -9.04571
8.92752 -9.20167 -9.08747
9.00815 -9.28228 -9.11179
9.54017 -9.41051 -9.23306
9.33441 -9.52127 -8.96771
9.58811 -9.43934 -9.03227
9.50183 -9.51591 -9.45633
9.49806 -9.66982 -9.24145
9.66928 -10.037 -8.94028
9.21446 -9.92062 -9.65796
9.12777 -9.50061 -9.5518
9.28623 -9.56876 -9.44569
9.24644 -9.41766 -9.67619
9.54341 -9.56371 -9.62852
9.18828 -9.59589 -9.19225
9.27978 -9.58677 -9.31507
9.28664 -9.55818 -9.25387
9.44682 -9.57234 -9.30197
9.27819 -9.45442 -9.06423
9.23135 -9.35215 -9.10679
9.47244 -9.4703 -9.3859
9.35913 -9.44335 -9.15384
9.56606 -8.83639 -9.1819
9.22079 -9.13324 -9.20307
9.49767 -9.60883 -9.23738
9.09035 -9.33836 -9.19146
9.28844 -9.29734 -8.76716
9.12938 -9.4562 -9.1225
