9.32453
10.0596
10.1238
6.44255
8.92552
9.81137
9.5661
9.10918
8.29414
11.1057
8.41774
9.2525
8.39884
10.8746
8.18911
8.88071
9.40176
8.99372
9.97179
10.9902
8.02674
9.09207
9.50057
-7.92887
8.54768
9.94393
9.82848
9.3018
4.98491
10.1211
8.37677
9.9441
8.01575
9.05751
-9.81491
9.3018
10.9902
9.9441
7.34393
9.53447
8.51999
10.4009
9.97179
9.3018
10.0596
7.5336
7.04035
7.63229
9.92696
11.1057
10.1683
9.81137
10.2709
8.77308
8.25569
9.41726
10.2709
8.95723
10.99
9.85611
8.55445
11.1057
-7.74585
10.4009
8.74798
8.5825
10.9902
10.8746
6.40483
10.9902
8.86149
9.9441
8.46705
8.48819
9.97179
5.17389
11.1057
8.23063
9.26273
10.9902
7.68397
7.74775
9.9441
9.41726
10.8746
8.20627
9.85617
8.2957
10.9902
8.25059
7.8961
10.8746
10.2709
10.9902
10.1238
4.64007
9.2248
8.46646
10.9902
11.1057
10.1555
10.0596
10.9902
11.1057
9.20753
9.10934
6.97077
9.3018
9.81137
9.7677
5.15258
11.1057
10.1972
10.1238
10.9902
11.1057
7.46819
10.9902
10.1555
10.0596
9.40453
9.10934
10.5163
10.4819
7.2882
10.9902
10.9902
10.9558
9.3018
8.63979
10.99
8.63252
10.3245
10.4009
9.59
-8.46829
9.47455
8.86099
8.39884
11.1057
9.47455
9.43616
9.3018
8.18617
11.2211
11.2211
8.33815
9.81137
10.2365
11.0713
10.1555
10.9902
7.12413
7.20726
5.9746
10.0596
7.83158
6.97473
7.61339
8.50272
10.6318
11.1057
9.81137
8.37115
9.26741
5.56118
10.2709
10.2709
7.6775
10.2047
10.9902
10.9902
10.2709
10.9902
10.7868
10.9902
7.63194
8.37079
10.1555
10.9902
8.4835
10.9902
11.2211
9.81137
10.5163
7.69403
10.1555
7.58974
9.85617
9.48559
11.1055
10.1555
11.1057
7.52765
10.3665
11.1057
7.50164
9.35474
10.0252
9.81137
10.0867
9.81137
6.73702
9.68156
8.22129
9.10934
7.45939
8.81006
9.92696
10.1211
11.0713
11.1057
10.4009
9.41726
7.9305
10.9902
9.36795
7.67574
11.2211
8.51999
10.0423
8.87134
7.87354
8.67805
10.0331
9.97157
6.7659
10.9902
9.9441
10.9902
6.3067
9.9374
9.9441
11.0713
8.57159
9.38921
8.39884
5.9402
8.2957
8.89798
10.0331
9.07495
8.46705
10.8746
10.8746
9.53447
9.02093
10.1553
11.0369
9.01344
11.0713
10.9902
10.9902
7.74619
10.9902
7.80069
6.83158
11.1057
10.4009
8.46705
10.175
8.48559
8.95932
8.64963
10.9902
11.1057
9.2248
5.08437
8.16728
10.9558
10.9902
9.2525
7.91951
7.75475
11.1057
9.9441
5.35038
6.82334
6.37879
8.63979
5.80164
10.2393
8.82791
10.2709
8.66991
9.82848
9.3207
9.3018
8.43541
8.82791
10.9558
9.82178
11.0177
5.96308
6.70702
9.85569
11.1057
10.9902
10.1406
9.3207
10.0873
9.10934
9.97381
9.43616
8.25569
10.9902
10.9902
9.30586
10.9902
8.2192
7.50076
10.4009
9.5661
8.02223
7.53639
11.1057
10.9902
11.0713
10.1555
9.46618
8.42843
10.0894
7.20957
9.3018
10.1238
10.0594
10.1211
7.36926
8.08056
8.67805
7.44798
9.3018
8.4866
10.9558
9.3018
10.9902
7.41756
8.20638
11.1057
9.10934
7.88886
9.28907
7.78186
11.1057
8.94498
8.97661
8.39884
7.51134
9.34026
9.4702
7.03788
9.2889
10.9902
8.7923
10.2393
10.9902
6.3233
10.1553
8.71245
8.72085
10.2709
8.7923
10.1555
9.47455
9.38511
10.5163
4.95489
11.2211
10.175
8.39004
7.02404
5.34619
9.07495
9.68156
11.1057
9.97179
10.352
8.51873
10.2709
7.8592
11.1057
9.06044
10.99
9.97179
8.94498
8.79351
9.68156
9.26741
9.79702
9.16113
6.03073
10.4009
8.52005
9.3018
9.82848
8.89798
5.15258
7.58974
10.9558
10.2709
8.6054
8.773
9.28907
5.89915
10.99
10.1555
8.63828
10.8746
10.1238
10.9902
9.81137
7.67265
8.75525
10.0596
11.1057
10.9902
10.2709
8.5825
9.47455
11.1057
9.36795
10.1238
9.3018
7.65185
10.1555
9.4702
10.1555
10.2709
7.58834
10.7868
9.18762
9.49731
11.1057
9.53272
9.3018
9.59
10.2365
9.90761
9.38511
10.4009
7.64135
10.4009
7.7156
7.04416
9.5661
8.10567
10.0873
7.7052
9.41726
11.1057
7.76346
10.175
10.9902
8.69796
10.9902
6.84099
9.53447
6.61819
9.81137
7.85308
8.40311
10.175
8.56977
9.87305
9.9441
9.22086
11.1057
10.9902
9.30164
10.9902
10.99
8.46155
9.3018
10.9902
9.94393
8.31979
10.9902
9.59
9.30164
10.9902
6.19726
10.1555
9.89243
10.9902
7.74775
9.3018
9.3018
9.2248
8.63979
10.9902
8.37115
8.71245
10.2709
7.17518
10.0867
8.35563
8.30026
6.71596
9.13639
10.3665
9.36795
9.01344
9.35474
10.8746
10.9902
10.4009
7.35623
9.46618
-9.51441
10.2709
8.06028
9.9097
6.30191
9.3018
9.21381
8.99372
9.2248
10.1555
9.72338
9.9441
10.2709
6.17879
5.62775
10.2852
8.5825
8.25569
9.3018
10.2709
8.63369
7.50424
7.09468
6.19994
8.57401
10.9558
6.69746
9.80476
8.25569
5.23735
6.84082
10.9902
9.9441
6.61236
7.1923
10.9902
8.86149
8.14705
11.2211
8.66357
11.1057
10.1555
10.8746
8.3066
10.9902
9.27675
10.8746
10.1555
10.9558
10.3864
9.47455
10.0252
10.99
10.9022
9.90761
6.55454
7.55284
8.5825
9.10934
9.50466
9.2525
9.74007
10.99
11.2211
10.0596
7.42093
7.56409
10.1555
9.68156
7.50092
11.1057
11.1057
11.2211
10.4009
10.1555
10.1555
11.1057
10.9902
11.2211
9.36795
9.1566
10.9022
11.0713
10.1555
10.0596
7.60066
8.33639
10.4009
6.85532
9.10934
9.04114
10.9902
10.9902
10.2393
9.74065
9.92682
11.0713
7.29203
6.44302
8.96209
11.0713
10.2393
10.1555
8.76525
10.5163
9.59
9.10934
8.88071
7.73698
10.9902
9.3018
9.9097
9.9374
10.9902
8.57376
8.5825
11.2211
9.2248
7.59216
5.90791
9.44015
4.93452
6.9287
8.2957
8.88519
10.9902
8.67805
9.1904
5.98057
10.9902
10.1555
9.5661
10.5163
10.3864
9.53272
11.2211
10.9902
8.27065
10.2365
10.9902
7.35273
10.9902
7.61339
10.1555
10.0423
8.63979
10.2709
9.81137
9.81137
3.16681
10.1553
10.0231
8.71245
8.99617
10.3665
11.1057
10.4009
9.81137
9.5661
10.2709
10.8746
10.9902
10.0231
8.1333
9.62012
9.97115
3.04308
8.9893
10.9902
9.55162
7.89732
7.65185
11.0713
9.27675
10.1211
10.1555
10.5163
8.63551
10.9902
8.51999
9.97179
9.82848
9.97163
10.1211
9.82848
8.39718
5.47404
10.9558
11.0713
10.4009
6.89756
9.10934
8.94221
7.00432
8.2192
10.1555
10.1211
7.6197
9.35474
10.9558
7.96152
10.4009
9.10934
9.90761
9.55561
10.9902
9.3207
10.1555
10.1553
10.1238
6.10279
10.9902
6.01563
9.38244
9.61833
11.1057
6.10279
9.3018
10.9902
9.81137
8.45548
9.9441
8.19624
9.60792
8.6054
9.34026
11.0713
10.9902
7.81216
7.20957
9.59
7.11686
8.48433
9.9441
10.9902
8.94221
10.9902
10.9902
8.69796
9.4702
8.5825
6.40229
8.79295
9.3018
9.04049
10.2709
10.1555
10.9902
9.2525
9.80476
5.74034
10.9902
9.34026
7.71612
9.81137
9.90745
10.9902
8.40102
10.99
9.10934
10.4007
10.0596
8.33675
10.9902
9.9441
10.9902
10.1555
8.37115
10.0398
9.10934
10.9902
9.10934
9.9441
11.1057
8.39761
10.9902
9.2248
9.10934
11.1057
10.1555
9.15668
9.33747
8.2192
8.25517
9.97115
6.89409
7.61339
9.81137
10.9902
10.1555
9.50466
10.0529
8.97661
11.2211
8.24295
5.66164
10.0596
8.29414
10.3547
10.9902
8.45855
10.1555
11.1057
8.73086
8.63142
10.4009
8.06306
8.25569
8.89798
11.1057
11.1057
11.2211
4.94122
11.0713
10.1209
10.9902
10.2709
10.0873
10.2709
10.1555
8.0117
11.1057
8.72085
10.9902
10.9902
6.51401
10.9558
9.81137
11.1057
10.9902
11.2211
9.6814
10.4009
9.10934
9.81137
10.1238
9.26741
9.87305
6.78904
8.41116
9.09207
6.45379
9.1904
9.9097
8.54389
9.53272
9.9441
8.05653
7.13661
10.2709
8.2957
9.35072
7.56996
9.01344
9.50766
9.81137
9.81137
9.07495
8.20638
9.38179
9.18618
8.76525
10.1555
10.2709
10.5163
8.47127
10.0866
7.53245
10.5163
10.2709
11.1057
8.22117
10.2709
9.44015
10.1555
9.9441
9.93675
10.2852
9.81137
10.1555
10.9902
9.27675
9.43616
11.1057
7.1584
10.0894
11.1057
9.41726
4.35187
10.9902
10.9902
9.92682
10.9902
9.81137
9.35072
9.35481
10.9902
10.9902
10.5163
9.4702
8.37115
7.613
10.3665
8.33466
9.47455
10.0873
11.1057
10.0054
10.1238
9.5661
10.4009
4.18961
10.9902
9.01344
9.81137
9.02093
10.0398
10.1555
9.09207
10.9902
8.37115
11.1057
9.82848
10.0398
7.35208
10.4009
9.40436
10.8746
9.38179
9.37013
8.35387
10.1211
10.9902
7.53587
10.9902
9.97115
8.79985
9.13704
9.4702
7.46775
11.1057
5.52078
8.39884
7.20187
7.87463
8.76957
10.1555
9.38921
7.25641
11.0713
8.76957
11.0713
9.81137
10.0596
10.0873
10.2709
9.89243
10.9558
10.8746
7.64874
9.92682
9.9374
10.1555
8.46705
10.9902
7.65643
10.5163
6.77864
7.42077
8.42843
9.85569
10.0596
10.1406
5.32532
6.00345
8.22129
10.9902
7.67574
11.1057
11.1057
6.85548
9.81137
7.50834
9.97163
9.34026
10.0331
8.33675
11.1057
7.67574
9.22201
8.65754
9.2248
8.97695
9.3018
11.2211
10.0596
10.9902
10.9902
8.6054
10.9902
11.1057
10.4007
7.78614
10.9902
9.44015
8.39004
9.92682
9.41726
10.1553
9.41726
6.16008
7.09181
10.4819
10.1238
10.0894
10.9902
9.81137
10.0596
8.38726
9.95201
9.77697
7.87753
9.81137
8.67684
9.34026
9.9441
8.39884
6.747
8.83987
8.33466
10.9902
7.19678
7.46095
9.3207
8.5825
4.88518
8.79809
2.57584
10.9902
11.1057
10.99
9.2248
9.50466
9.41726
11.0713
10.9902
9.35893
9.90761
9.59
9.38286
9.82848
9.53272
8.05443
5.26094
8.37115
8.39884
9.59
9.4702
11.1057
10.9902
9.3018
5.49564
10.5163
10.9902
9.97179
9.85617
9.77697
10.9902
10.9214
10.9902
11.1057
10.0398
8.2381
9.2248
8.33675
10.9902
10.2709
10.2709
9.26724
10.1555
11.1057
9.1904
8.72876
9.81137
11.1057
8.54704
10.1555
10.0596
8.63963
8.92503
9.10934
8.79295
10.1555
8.86359
10.1555
7.58834
9.2248
9.10934
11.2211
6.84099
9.85617
10.8746
5.53613
10.9022
9.56594
8.30228
8.22269
10.3864
6.94935
11.1057
9.92421
10.4009
9.34026
10.9902
10.1238
11.1057
8.46705
9.41726
9.09835
9.3018
11.1057
10.9902
9.43616
10.1211
10.0423
7.42093
9.10934
10.3864
11.1057
9.90761
9.5661
10.9022
9.50466
6.54086
9.97179
10.3864
9.97115
8.41774
10.2393
10.2709
11.1057
9.07771
8.12296
10.1555
10.2852
10.8746
8.75525
10.1238
10.99
9.49725
10.0596
10.9902
9.82129
7.63825
9.38921
7.99502
11.1057
9.07101
8.45855
6.55454
9.64993
10.0873
8.21036
6.71043
9.07495
9.3018
10.0596
8.60816
10.99
9.39221
7.95754
6.49028
7.76108
9.82848
7.63229
8.51999
9.81137
5.82257
10.9902
9.91761
9.5661
9.38511
10.1238
8.40682
10.9558
11.1057
10.0231
9.3018
8.94256
7.87354
11.2211
9.50466
10.4009
9.9441
8.88519
11.1057
9.85569
9.44015
9.3018
6.53497
9.5661
9.81137
10.9902
10.2049
11.1057
10.9558
8.57376
9.35474
8.88071
11.1057
9.3018
10.99
9.97115
9.47455
10.1211
8.73086
11.1057
10.9558
8.63979
10.5163
9.94393
10.9558
7.71091
8.89782
9.1904
8.66582
10.9902
7.42077
7.20185
10.7868
8.32184
10.9558
10.1555
7.08639
8.98273
9.02093
10.0873
10.9558
9.97179
7.12413
11.1057
8.46705
10.2709
9.26741
10.2393
4.762
8.94498
10.1211
11.1057
10.1211
11.1867
10.9902
9.47455
10.2709
11.1057
11.1057
11.1057
6.86055
9.35893
8.18898
10.9902
9.43616
10.4009
9.1904
7.97294
8.08634
11.1057
9.20108
9.66977
7.80069
9.3018
8.57159
6.52633
9.43616
8.12296
5.9954
7.16166
10.9902
8.97645
10.0596
9.92682
8.69796
10.9902
9.2248
8.7923
10.2709
8.35841
9.38921
9.03846
9.4702
10.0596
10.9902
7.04384
11.0713
10.8402
8.43206
10.2049
6.96315
9.36795
7.50424
9.9097
10.9902
8.88519
10.1211
10.9902
10.9902
10.1553
7.42093
11.1057
7.72269
8.45548
8.71229
9.3018
8.5825
11.4861
7.20185
7.81471
4.78908
7.26882
9.13704
10.1555
10.9902
8.37115
10.3665
10.9902
10.8746
10.4009
9.10934
8.97695
9.9441
10.9902
11.2211
8.6054
9.90761
9.97179
8.99356
8.66991
9.81137
11.1057
6.57526
8.99372
9.43581
11.0713
10.1555
10.0596
10.9902
10.9902
9.59
8.43541
10.0596
11.1057
9.02093
9.2711
10.9902
10.0873
11.1057
9.41726
5.93129
9.47455
9.64993
8.99372
9.81137
11.1867
8.8468
11.0713
8.25745
8.2192
9.35474
10.9902
8.82791
8.05224
8.33193
9.53447
9.7333
9.41726
8.40102
7.91112
10.1555
7.93347
10.4819
8.88519
10.1211
9.81137
11.1057
10.2709
9.53272
9.02135
11.0177
10.2393
10.2393
10.1555
9.9441
10.9902
10.1211
8.02674
10.1555
4.97766
10.2508
8.63545
10.0871
10.0082
10.1555
10.9902
9.26741
8.75525
8.43541
7.56409
8.27458
11.1057
10.8678
9.41726
6.26613
10.4009
10.3665
10.0596
10.9902
7.68941
9.94393
9.81137
9.90761
10.6318
9.2248
10.9902
9.35474
9.50466
10.7524
9.2181
9.47455
10.1238
10.2852
10.3864
9.10934
10.8746
10.2709
8.92568
8.46705
11.1057
10.7868
10.4009
10.9214
7.99315
9.82848
6.11235
9.41726
10.3864
11.1057
8.34293
11.1057
8.31703
8.89782
11.1057
8.86359
10.2393
9.94393
10.9902
10.1555
10.0596
9.23912
10.3665
10.9902
10.2709
8.51983
10.9902
10.9902
7.36884
6.91772
8.3066
9.3018
6.72275
8.60388
9.47438
10.9902
8.82791
10.6318
11.1057
10.2365
9.59
8.86149
10.9902
10.9558
10.9902
10.9902
10.0596
8.3046
11.1057
10.9902
10.2709
9.1904
10.1211
10.2709
10.9902
6.20552
9.41726
9.9097
10.9902
5.0899
6.45379
9.50466
10.1555
8.97661
10.9902
11.0713
11.1057
10.9902
9.10264
9.92682
7.78614
6.86185
11.2211
10.2709
10.0596
7.67558
8.75525
10.9902
8.02674
8.48433
10.1555
11.0713
8.5825
10.9902
5.35135
10.2709
6.46379
7.20957
8.32192
11.0713
8.09028
10.9902
10.5163
9.9441
8.69796
9.10639
11.1057
8.97695
9.39221
6.88877
10.8746
8.52282
7.4082
9.47455
9.50466
9.3018
10.9902
6.12134
10.2365
10.9902
9.00674
10.9902
9.2248
7.87769
9.20753
8.46705
11.1057
8.2957
9.9441
9.2248
10.9902
9.41726
5.98733
5.97904
9.9097
8.60523
8.39884
10.9902
8.67684
10.1211
10.8746
8.04595
11.1057
7.82539
8.29142
9.3018
8.33675
5.8452
9.97179
10.9902
8.63979
10.1211
11.0713
11.1057
9.81137
7.74879
9.1904
10.0398
10.9902
9.13639
10.0596
10.9902
6.75892
9.47455
10.4009
9.97179
7.84326
8.63979
8.43541
10.1555
11.1057
8.60896
9.3018
10.9557
10.8746
9.28907
9.41726
9.47455
9.9441
9.43616
10.9902
11.1057
10.2709
9.9441
10.99
10.0873
11.1057
10.9902
9.85569
9.07285
10.9558
9.68156
9.90761
10.9902
9.38921
7.92049
10.3864
9.3207
10.4009
9.47455
10.2852
10.1555
9.9441
7.8692
7.53639
10.6711
11.1057
8.5055
10.9902
9.2525
11.1057
5.9746
9.5661
8.45446
9.34026
10.9902
7.65367
9.81137
10.2393
10.1555
9.70546
9.53272
10.9558
6.58618
10.0596
9.92682
5.6833
9.04114
10.8746
7.31093
8.66726
11.1057
6.3466
10.9902
9.81137
7.98485
6.60729
11.1057
6.56728
9.81151
10.9902
8.2292
8.46705
9.41726
10.1209
8.97695
8.55087
8.45855
6.95644
10.1555
6.77278
10.2365
3.12008
8.94482
11.1057
8.23842
10.2709
10.9558
9.41726
11.1057
9.18618
9.30863
8.71245
9.09207
11.1057
9.07771
7.38793
11.1057
9.85611
8.99372
10.4227
10.0596
9.9097
8.54811
11.1057
9.47455
8.5825
10.7868
8.6017
10.1555
9.43581
6.85863
10.7868
10.2393
9.38286
11.1057
10.2709
9.15179
9.59
10.9902
9.76835
10.2852
10.9902
9.3018
9.55162
7.71969
10.5163
9.85617
9.5661
9.87531
9.5661
10.9902
10.2365
9.16668
11.1057
9.41726
9.3018
8.63418
10.1555
9.18618
6.44312
6.94704
11.0713
8.71245
11.2211
9.5661
9.97179
10.2709
11.4861
7.53538
10.4009
11.1057
9.77697
10.1238
7.83515
10.9558
9.47455
10.7868
9.81137
9.35458
9.07495
9.97179
8.88519
9.38511
7.69265
8.38611
9.1289
9.47455
10.4819
10.9902
8.82791
9.81137
10.175
10.9902
10.4009
9.38228
10.1211
8.88519
10.2709
10.1555
10.4009
9.38921
11.2211
10.3314
7.68523
10.5163
5.15258
6.27804
9.79408
7.7156
8.38726
9.81137
-9.95524
9.25185
10.7866
10.1555
9.97115
10.3864
10.1238
10.1211
7.50424
6.77864
10.7868
8.63545
9.9441
9.34026
10.1555
10.9902
9.3018
9.47455
9.13704
9.9441
8.40437
9.18618
7.59545
7.38444
9.44015
5.89993
10.9902
8.79295
11.1057
10.9902
8.46705
8.38828
9.59
8.39884
4.69899
8.02674
10.2365
8.86359
10.2393
10.9902
6.11228
10.99
10.1553
9.09221
6.80936
9.10934
10.0873
11.1057
4.96892
11.1057
11.1057
8.54389
11.2211
10.1555
10.1553
9.81137
10.2709
7.47272
9.26724
10.9558
7.61339
9.26741
8.09092
10.0894
11.1057
9.35474
10.9902
6.84099
9.47455
8.04595
9.97179
10.9902
8.88071
6.98843
7.56012
9.01328
10.2393
7.23825
11.1057
10.99
10.9902
6.85512
10.0596
7.20013
10.2709
8.46705
8.39004
10.0596
6.10279
8.82791
7.66633
9.41726
9.47455
10.9902
9.38921
10.8746
9.85617
10.9902
9.22464
8.94498
4.60061
8.55036
10.4009
10.9902
9.9441
9.06396
9.1904
7.56626
9.10934
9.18576
9.59
9.22201
10.3864
11.1057
10.1238
10.9558
8.24019
9.68156
10.3516
9.40453
8.25569
8.34609
8.23408
10.1238
10.1555
9.10934
10.4009
9.07495
5.60362
8.22022
9.10934
9.97163
9.00065
11.2211
10.1555
5.34696
10.9902
9.65224
8.02867
8.20856
10.0231
10.2365
8.63252
10.9902
10.1211
9.65224
10.9902
10.2709
10.8746
8.9893
10.1555
9.2248
9.9441
11.1057
9.26633
6.62022
9.28907
10.1555
10.4007
7.60066
10.9558
9.80476
9.3018
10.1238
11.1057
10.9902
6.74633
10.0082
8.66582
7.74619
11.0713
9.90761
6.83158
10.9902
9.2248
10.0894
8.45548
8.42843
11.1057
9.33102
9.68156
11.1057
9.1904
10.8746
7.97482
9.81137
11.1057
8.34309
9.07495
9.47438
8.46705
5.15258
9.34026
9.3018
10.9902
7.59351
9.10934
9.3207
7.51912
9.9097
8.63551
5.40733
4.64441
9.9097
