1600 50 40000
6.24502e-05 6.25402e-05 5.8541e-05 0.00254941 0.00254175 0.00296555 0.0125077 0.00902127 0.192342
0.00540313 0.00303954 0.123582 0.0027076 0.0026952 0.0032903 0.00898542 0.00871455 0.0228821
0.00707724 0.0044262 0.137602 0.00274218 0.00273426 0.00317785 0.00953451 0.00924248 0.0258792
0.00803282 0.00520728 0.155646 0.00251539 0.002513 0.00263307 0.00941725 0.00920811 0.0207808
0.00836136 0.00564908 0.159462 0.00286797 0.0028531 0.00356215 0.0094541 0.00925932 0.0200431
0.00846457 0.00586662 0.162191 0.00272365 0.0027146 0.00321772 0.00952848 0.0093677 0.0199103
0.00917639 0.00653593 0.176504 0.00281476 0.00280781 0.00317324 0.0097216 0.00959482 0.0173451
0.00882392 0.00654384 0.130981 0.00264652 0.00263512 0.00320308 0.00980831 0.00964668 0.0182685
0.00993066 0.00745146 0.146926 0.00253019 0.00252472 0.00284586 0.0108337 0.010601 0.0255666
0.00937185 0.00690765 0.146905 0.00256312 0.00256168 0.00263663 0.0104853 0.0102033 0.0271644
0.00893688 0.00678786 0.136145 0.00284315 0.00283015 0.00354114 0.0100351 0.00984012 0.0218686
0.00939211 0.00705962 0.133769 0.00273566 0.00272652 0.00319536 0.0096888 0.00955121 0.0173776
0.00978613 0.00737497 0.145176 0.00270725 0.00269181 0.00360282 0.0106107 0.0104844 0.0182429
0.00953083 0.00729385 0.137458 0.00275607 0.0027294 0.00426246 0.0103478 0.0102492 0.0168577
0.00951416 0.0072833 0.154121 0.00266005 0.00264305 0.00356149 0.0101561 0.01006 0.0164183
0.00906507 0.00702961 0.161318 0.00255502 0.00254011 0.00334839 0.0110505 0.0109195 0.0199945
0.00878294 0.00687861 0.138753 0.00271554 0.00268666 0.00441548 0.0110521 0.0109053 0.022061
0.00910306 0.00699419 0.177022 0.00283163 0.00280228 0.00462332 0.0110293 0.0108957 0.0217875
0.00975035 0.00738836 0.168088 0.00308268 0.00307419 0.0035615 0.0110767 0.0109718 0.0184955
0.0095566 0.00724981 0.175291 0.00295922 0.00294453 0.00380344 0.0109714 0.0108531 0.0196049
0.00940972 0.00707659 0.144449 0.00248546 0.00248102 0.00271163 0.0107932 0.0107063 0.0159642
0.00967448 0.00710466 0.183505 0.00254638 0.00254379 0.00267644 0.0105726 0.0104761 0.0166307
0.00992243 0.0074056 0.197523 0.00309454 0.00306096 0.00485775 0.0108694 0.0107164 0.0214387
0.0101537 0.00766019 0.166921 0.00262231 0.00260988 0.0032221 0.0109501 0.0108212 0.0190269
0.00990327 0.00755213 0.14544 0.00272443 0.00270761 0.00351867 0.0109906 0.0108542 0.0181396
0.0100482 0.00789935 0.157706 0.00266398 0.00265821 0.0030071 0.0114991 0.0112489 0.0298379
0.00945885 0.00729894 0.134797 0.00289634 0.00288621 0.00338482 0.0106583 0.0105132 0.0193125
0.00962337 0.00756893 0.13096 0.00263914 0.00262869 0.00319771 0.0113154 0.0111351 0.0222222
0.00964918 0.00749919 0.138062 0.00285791 0.00283863 0.00388771 0.0112016 0.0110576 0.0205524
0.00935567 0.00714033 0.132553 0.00273595 0.00271665 0.00376936 0.0107556 0.0105997 0.0200445
0.00970081 0.00749937 0.150167 0.00294479 0.00292448 0.00397381 0.011264 0.0111118 0.0208401
0.00979238 0.00757091 0.173194 0.0024674 0.00246242 0.00273984 0.0115054 0.0112389 0.0301533
0.00962802 0.00754301 0.152918 0.00257516 0.00256499 0.00315858 0.011182 0.010933 0.0299411
0.0091069 0.00701923 0.168573 0.00246966 0.002464 0.00279957 0.0112506 0.0109765 0.0322756
0.00891602 0.00679848 0.1653 0.002751 0.00273656 0.00357793 0.0108094 0.0106303 0.0232686
0.00925523 0.00699162 0.140012 0.00261776 0.00261196 0.00294222 0.0105312 0.0103774 0.0201744
0.00894127 0.00694292 0.135587 0.00246543 0.00246404 0.00253775 0.0103702 0.0101801 0.0218894
0.00958047 0.00756714 0.138369 0.00268803 0.00267625 0.00321999 0.0102569 0.0100548 0.0215002
0.00927214 0.00721283 0.151648 0.00265164 0.00263599 0.00355361 0.00996192 0.00977059 0.0232914
0.00935014 0.0072599 0.128016 0.00288107 0.00287565 0.003169 0.0102865 0.0100257 0.0257175
0.0091601 0.00702197 0.138809 0.00281934 0.00279232 0.00438526 0.0103193 0.00997722 0.0325307
0.00917034 0.0070836 0.120097 0.00289291 0.00287148 0.00400636 0.0103274 0.00997652 0.0295512
0.00972186 0.0077882 0.119499 0.00276924 0.00274755 0.00374132 0.0103452 0.00998191 0.0296722
0.00967147 0.00771402 0.129669 0.00256466 0.00256949 0.00233793 0.0102941 0.00999197 0.0273504
0.00916496 0.00733748 0.120157 0.00274383 0.00273499 0.00316778 0.0102437 0.00989309 0.0308397
0.00924991 0.00729725 0.120831 0.00267975 0.00267833 0.00274857 0.0107769 0.0103144 0.0367123
0.00874636 0.00675807 0.127501 0.00281863 0.0028063 0.00342744 0.0105164 0.00999827 0.0399059
0.00858577 0.00662923 0.13142 0.00290208 0.00289289 0.0034022 0.0104203 0.0100859 0.0312457
0.00911655 0.00702694 0.123871 0.00248425 0.00248565 0.00240293 0.0106949 0.0103206 0.0326721
0.00961181 0.00737646 0.134108 0.00271631 0.00269743 0.0038361 0.011098 0.0107308 0.0339732
0.0097341 0.00762357 0.155652 0.00262621 0.00262096 0.00291313 0.0110779 0.0107514 0.0340937
0.0100092 0.00777691 0.144082 0.00286451 0.00284643 0.00388616 0.0114311 0.0110297 0.0363295
0.00935649 0.00730062 0.144712 0.00271707 0.00269397 0.00396772 0.0109545 0.0105924 0.0347495
0.00997086 0.00786783 0.138511 0.00278932 0.00276875 0.00408628 0.0113348 0.0110474 0.0326967
0.00963103 0.00749804 0.139421 0.00283441 0.00282442 0.0034023 0.0112347 0.0110171 0.0247812
0.00979984 0.00761945 0.153776 0.00275975 0.00273605 0.00417316 0.010621 0.0103357 0.0308558
0.00945217 0.00745408 0.126825 0.00275607 0.00274641 0.00335889 0.0106907 0.0104038 0.0296449
0.00969274 0.00767055 0.136416 0.00281257 0.00280518 0.00326082 0.0107388 0.0104941 0.0278682
0.00928615 0.00730765 0.133872 0.00279044 0.00277769 0.00351889 0.0106961 0.0104266 0.0293179
0.0092284 0.00708558 0.148244 0.00269979 0.00269372 0.00305273 0.0107636 0.0104418 0.0325679
0.0096928 0.00746009 0.171724 0.00277328 0.00275864 0.00351126 0.0112471 0.0108699 0.0357324
0.00955674 0.0074456 0.136737 0.00271194 0.00270798 0.00291417 0.011652 0.0111615 0.0398163
0.00880851 0.00688348 0.130206 0.00304396 0.00303934 0.00332484 0.0112543 0.0107977 0.04229
0.00943774 0.00724581 0.157319 0.00276789 0.00273212 0.00489893 0.0116277 0.0112024 0.0390741
0.00907111 0.00700161 0.143522 0.00270832 0.00269659 0.00334769 0.0115209 0.0110651 0.0420737
0.00911444 0.00694715 0.141648 0.00269731 0.00268807 0.00321272 0.0113032 0.0109119 0.0369462
0.00876264 0.0067301 0.141322 0.00259143 0.00257607 0.00336189 0.01143 0.0110565 0.0336899
0.00947691 0.00719891 0.128166 0.00276528 0.00274416 0.00386692 0.0114503 0.0109388 0.0422447
0.00938351 0.00707633 0.141289 0.00285269 0.00285823 0.00259596 0.0111528 0.0107313 0.0350115
0.00923468 0.00711634 0.143418 0.00283203 0.00281828 0.0035562 0.0113615 0.0109528 0.0365802
0.00924162 0.00696142 0.143317 0.00258508 0.00258209 0.00273542 0.0109435 0.0105244 0.0360215
0.00935346 0.00713198 0.146547 0.00257216 0.00256299 0.00307523 0.0108119 0.0104875 0.0331106
0.00962446 0.00745351 0.139434 0.00266597 0.00265172 0.00337983 0.0112516 0.0110071 0.0259408
0.00951398 0.00744034 0.131918 0.00275851 0.00273692 0.00401635 0.0107723 0.0105282 0.0261633
0.00937099 0.00739687 0.124716 0.00283884 0.00282752 0.00343599 0.0111659 0.0109622 0.0234318
0.00925586 0.0071439 0.132897 0.00284979 0.00284689 0.00302368 0.0109617 0.0106263 0.0339462
0.00916367 0.00702936 0.160258 0.00252825 0.00252395 0.00274092 0.0110034 0.0106541 0.0313425
0.00906578 0.00719844 0.108561 0.00276669 0.00277218 0.00247934 0.0117759 0.0114305 0.0317046
0.00904519 0.00696457 0.143571 0.00308102 0.00307067 0.00362317 0.0110031 0.0106206 0.0361203
0.00960705 0.00749642 0.14106 0.00276026 0.00274703 0.00341717 0.0115606 0.011166 0.0346402
0.00978556 0.00754819 0.162236 0.00257055 0.00255942 0.00306588 0.0112355 0.011024 0.0230264
0.00965681 0.00754107 0.139614 0.00276033 0.00275432 0.00306454 0.0110379 0.0107446 0.0282235
0.00944 0.00731116 0.140138 0.00275505 0.00272925 0.00424221 0.0111081 0.0107873 0.0323031
0.00927378 0.00727634 0.14763 0.00273031 0.00271041 0.00377909 0.0111608 0.0108206 0.033751
0.00960908 0.00744693 0.161854 0.00273469 0.00272658 0.00321849 0.0110449 0.0107689 0.0316712
0.00965165 0.00750766 0.160914 0.00285952 0.00285048 0.00329848 0.0112115 0.0109947 0.0247053
0.00943186 0.00739653 0.146784 0.00298911 0.00298183 0.0033853 0.0109844 0.0107356 0.0282396
0.00920026 0.0071733 0.126145 0.00270765 0.00268313 0.00405566 0.010666 0.010452 0.023183
0.00941417 0.00738487 0.126268 0.0026163 0.00261903 0.00246507 0.0108892 0.0105835 0.0280705
0.00887717 0.0069694 0.122144 0.00267818 0.00266084 0.00354074 0.0105773 0.010233 0.0314147
0.00907633 0.0071048 0.133104 0.00266649 0.00264618 0.00386944 0.0106397 0.0103522 0.0292379
0.00987391 0.00774155 0.148344 0.00262045 0.00260958 0.00323571 0.011087 0.0107139 0.0353701
0.00991074 0.00775705 0.155042 0.00274738 0.00272869 0.00378612 0.0111906 0.0108659 0.0330944
0.00989214 0.00787971 0.154995 0.0028175 0.00279221 0.00418241 0.0116178 0.0112904 0.0337074
0.0099196 0.007922 0.141949 0.00264321 0.00262942 0.00342729 0.0120476 0.0117658 0.0298908
0.0102101 0.00810882 0.156737 0.00248323 0.00246386 0.00358793 0.0120891 0.0118114 0.0314577
0.0101598 0.00818649 0.153597 0.00274501 0.00273877 0.00309014 0.0114551 0.0111869 0.0293557
0.0100149 0.00795072 0.132744 0.00284383 0.00283537 0.00329774 0.0117003 0.0114713 0.0247871
0.00983106 0.00780718 0.139788 0.00273391 0.00272531 0.00320244 0.0115408 0.0111916 0.033944
0.00960629 0.00748426 0.164587 0.00274822 0.00272693 0.00401553 0.011027 0.0106601 0.0377754
0.0097006 0.00743093 0.143927 0.00287203 0.00286241 0.00342131 0.0108968 0.010467 0.0378508
0.00986285 0.00773718 0.127166 0.00287602 0.00286377 0.00357556 0.0112101 0.0107556 0.0382085
0.0100612 0.00784202 0.142703 0.00254205 0.00253113 0.00315772 0.0114803 0.0110197 0.0391265
0.0100975 0.00792092 0.139077 0.003087 0.00307501 0.00375536 0.0116487 0.01118 0.0418452
0.0104386 0.00815133 0.138841 0.00276954 0.00275962 0.00323226 0.0118486 0.0113992 0.0365613
0.0103205 0.00807615 0.129216 0.00284164 0.00282403 0.00367874 0.0114047 0.0110079 0.0319698
0.0102179 0.00802825 0.128978 0.00289381 0.00287716 0.00375161 0.0112727 0.0108158 0.0376333
0.0100345 0.00770532 0.142348 0.00269223 0.0026765 0.00352164 0.0112895 0.0108226 0.0383565
0.0101875 0.00791695 0.139673 0.00268711 0.00267921 0.00305027 0.0111288 0.0106601 0.0379081
0.00983743 0.00747523 0.141099 0.00280402 0.00278657 0.0035679 0.011241 0.0108042 0.0346588
0.00985238 0.0075349 0.131372 0.00269217 0.00267232 0.00350744 0.011686 0.0112208 0.0347552
0.00979135 0.00743206 0.144075 0.00300665 0.00297262 0.00453817 0.0108417 0.0104987 0.0299788
0.00997443 0.00770228 0.126187 0.00277848 0.00276543 0.00335119 0.0108673 0.0105371 0.0278172
0.00953671 0.00741992 0.12699 0.00270774 0.0026973 0.00316107 0.0113584 0.0109602 0.0329329
0.00941627 0.00729327 0.113147 0.0029048 0.00288442 0.00374726 0.0112405 0.0109152 0.0270927
0.0096691 0.00745079 0.123635 0.00260089 0.00259014 0.00311097 0.0109039 0.0104745 0.0338861
0.00949594 0.00721373 0.132443 0.00262164 0.0026154 0.00292709 0.0108432 0.0103529 0.0384141
0.0101572 0.00784475 0.136613 0.00294921 0.00294666 0.00306101 0.0113233 0.0108193 0.0391343
0.0105384 0.00807078 0.140692 0.00269152 0.00268373 0.00309965 0.0114883 0.0110586 0.0359365
0.0102249 0.00770541 0.156007 0.00287514 0.00286586 0.0033064 0.0117625 0.0113296 0.0363932
0.0105824 0.00812883 0.14703 0.00281098 0.00278083 0.00427033 0.0121935 0.0117479 0.0371039
0.0103036 0.00794734 0.145201 0.00258639 0.00258351 0.00272676 0.0125528 0.012004 0.0456373
0.0105125 0.00788271 0.16085 0.00260585 0.00258897 0.00345527 0.0126337 0.0120223 0.0477678
0.0103616 0.00796848 0.140851 0.00272995 0.00271505 0.00344722 0.0123096 0.011839 0.0367095
0.0101425 0.00781598 0.14024 0.00263161 0.00262242 0.0030777 0.0118417 0.0114015 0.0374692
0.0098884 0.0074912 0.12952 0.0026637 0.00265225 0.00320429 0.0115071 0.0111366 0.0312361
0.0102218 0.00769428 0.146191 0.00276369 0.0027516 0.00327407 0.0114371 0.0110624 0.0311667
0.0101864 0.00789311 0.124085 0.00269482 0.00269083 0.00286894 0.0109743 0.0105777 0.0311078
0.0102978 0.00804832 0.130963 0.00279291 0.00278585 0.00311123 0.0113067 0.0109379 0.0305563
0.0104111 0.00814957 0.126246 0.00261869 0.00260169 0.00338151 0.0110566 0.0106558 0.0318292
0.0105564 0.0082832 0.130455 0.00266652 0.00266329 0.00283068 0.0116796 0.0112718 0.0351903
0.0102935 0.0080995 0.138032 0.00271797 0.00271096 0.00305962 0.0116549 0.0112494 0.0362569
0.00982869 0.00768475 0.142564 0.00247808 0.00247946 0.00240977 0.0110396 0.0105936 0.0393459
0.0103057 0.00798007 0.127209 0.00259159 0.0025683 0.00373354 0.0109484 0.0105282 0.0344324
0.0105202 0.00827218 0.132507 0.00246566 0.00246527 0.00248584 0.0112807 0.0109419 0.0306981
0.00995786 0.00796456 0.115449 0.00296729 0.00294274 0.00423073 0.0112543 0.0108877 0.0332201
0.0106957 0.00838447 0.144167 0.00258586 0.00257427 0.00314124 0.0109111 0.0105818 0.0301843
0.0103151 0.00823053 0.159991 0.00269414 0.00267278 0.00376365 0.0108202 0.0104426 0.0359899
0.0103655 0.00839788 0.128098 0.00249083 0.00248318 0.00284995 0.0110681 0.0107152 0.0315023
0.0104013 0.00835297 0.121691 0.00269254 0.0026823 0.00320966 0.0113484 0.0110142 0.030592
0.0102497 0.00812687 0.140835 0.00263089 0.00263281 0.00253679 0.0112463 0.0109173 0.0312601
0.0100135 0.00789304 0.141481 0.00285729 0.00284373 0.00352733 0.0107611 0.0104536 0.0292642
0.0101152 0.00810859 0.125521 0.00247205 0.00246526 0.00280441 0.0111447 0.0108233 0.0282991
0.00992131 0.00793728 0.122645 0.0028241 0.00279996 0.00395488 0.0108804 0.0105775 0.027395
0.0101311 0.00804084 0.14724 0.00293499 0.00290802 0.00418792 0.0114756 0.0111524 0.0304045
0.00971698 0.00782304 0.107879 0.00275321 0.00272207 0.0044076 0.0108413 0.010513 0.0285767
0.00960926 0.00750136 0.13421 0.00295085 0.00293093 0.003899 0.0110915 0.0107448 0.0317726
0.00992361 0.00761389 0.138903 0.00270374 0.00268481 0.00363554 0.0113737 0.01103 0.0301496
0.0105888 0.00830568 0.123714 0.00270663 0.00270043 0.00299931 0.0117953 0.011541 0.0246428
0.0104862 0.00817113 0.136657 0.0025997 0.00258246 0.0034952 0.0116748 0.0113818 0.0286432
0.010386 0.00815483 0.125795 0.00278334 0.00277672 0.00311406 0.0115915 0.0112913 0.0276121
0.0104124 0.00821705 0.12446 0.00259397 0.002587 0.00295606 0.0118747 0.0115392 0.0301171
0.00988829 0.00772247 0.123215 0.00287793 0.0028709 0.00322563 0.0116581 0.0114117 0.0245655
0.010043 0.00785626 0.126782 0.00255967 0.0025495 0.00308621 0.0119181 0.0116289 0.0276962
0.0102776 0.00797605 0.12823 0.00272677 0.0027061 0.00380183 0.0117307 0.0114063 0.0288551
0.00974755 0.00766115 0.122253 0.00251428 0.00250668 0.0029269 0.0117119 0.0113857 0.02959
0.0105056 0.00823911 0.128704 0.00271049 0.00269081 0.00369777 0.0118986 0.0115435 0.0315536
0.00985492 0.00776829 0.126212 0.00253025 0.00252077 0.00302147 0.011505 0.0112037 0.0288148
0.00988553 0.00768483 0.139482 0.00257449 0.00257584 0.00250604 0.0114914 0.0112199 0.0274564
0.00960458 0.00754476 0.114214 0.00289692 0.00289115 0.00318191 0.0117342 0.0113862 0.0300932
0.00978239 0.00788928 0.110991 0.00272935 0.00272525 0.00293974 0.0119216 0.0115659 0.0300498
0.00992953 0.0078291 0.12162 0.00282536 0.00280973 0.00351864 0.0117816 0.0114049 0.0308089
0.0100191 0.00792531 0.119763 0.00258598 0.00257537 0.00309307 0.0120261 0.0116605 0.032854
0.00998267 0.00780954 0.129226 0.00274693 0.00273676 0.00319597 0.0120222 0.0116699 0.0303355
0.00985872 0.00759698 0.136992 0.00288125 0.00287597 0.00312615 0.0113758 0.0110646 0.0281915
0.0105958 0.00826876 0.136077 0.00294207 0.00292755 0.00361012 0.0118421 0.0115055 0.0293082
0.0100164 0.00780402 0.118523 0.00278255 0.0027688 0.00340701 0.0114121 0.0111083 0.0270459
0.0104855 0.00830786 0.121971 0.00268347 0.00267722 0.00294382 0.0116551 0.0113971 0.0234729
0.0102593 0.00797254 0.120853 0.0027653 0.00275023 0.00337267 0.011439 0.0112144 0.0216408
0.0101515 0.00798145 0.105995 0.00251796 0.0025029 0.00323017 0.0111783 0.0110173 0.0189222
0.0105358 0.00845981 0.119473 0.00266658 0.00265491 0.00316286 0.0113156 0.0111873 0.017208
0.0105606 0.00843301 0.121508 0.00238956 0.00238235 0.00272557 0.0110619 0.0109338 0.017647
0.0100524 0.00797931 0.11177 0.00273582 0.00272156 0.00333604 0.0115147 0.0113025 0.02087
0.0105543 0.00843689 0.113203 0.00271775 0.00271667 0.00276667 0.0115991 0.0113758 0.0237796
0.0105407 0.00842912 0.113208 0.00278669 0.00277897 0.00314242 0.0117529 0.0115582 0.0216167
0.0102787 0.00824126 0.129829 0.00299497 0.00296838 0.00427669 0.0117452 0.0114989 0.0256867
0.0101985 0.00807045 0.128222 0.00260341 0.00258935 0.00325145 0.011394 0.0111748 0.0236648
0.0103733 0.00837075 0.126953 0.00258941 0.00258767 0.0026629 0.0116327 0.0113873 0.0248926
0.0107746 0.00857218 0.121816 0.00318196 0.00316967 0.00377243 0.0111502 0.0108562 0.0285818
0.0110818 0.00880845 0.15444 0.00292987 0.00292151 0.00333341 0.0115058 0.0112631 0.0256964
0.0101049 0.00795276 0.137428 0.00254996 0.00254227 0.00290899 0.0111234 0.0108759 0.0249578
0.0104964 0.00826634 0.124336 0.00271053 0.00268763 0.00389492 0.0113874 0.0110902 0.0269679
0.00973999 0.00773929 0.0995215 0.00288177 0.00285924 0.0039386 0.0111135 0.0108338 0.0245321
0.0100229 0.00803154 0.104677 0.00262326 0.00262453 0.00256369 0.0112118 0.010911 0.0265458
0.0104878 0.00835375 0.122845 0.00266846 0.00264462 0.00369147 0.0110838 0.0107324 0.0283907
0.0109508 0.00880264 0.120666 0.00242667 0.00242287 0.00258995 0.0117847 0.0114181 0.0297365
0.0108204 0.00868137 0.11335 0.00295101 0.0029295 0.00388603 0.0117775 0.0114663 0.0264188
0.0106211 0.0083357 0.118289 0.00274221 0.00274797 0.00246286 0.0117509 0.0114101 0.0289747
0.0102669 0.00809681 0.115814 0.00261213 0.00259681 0.00339104 0.0116493 0.0113093 0.0292668
0.0102841 0.00807343 0.117049 0.00257964 0.00257037 0.00304137 0.0114105 0.0110595 0.0292893
0.00974541 0.00768945 0.109391 0.00276951 0.00274969 0.00364938 0.0116668 0.0113899 0.0239464
0.00998308 0.00795834 0.11076 0.00268953 0.00266879 0.00377105 0.011831 0.0114556 0.0309676
0.010149 0.00814795 0.110204 0.00299688 0.00298006 0.00379341 0.0122675 0.0119117 0.0310549
0.00965667 0.00765703 0.111452 0.00280303 0.00278163 0.00379691 0.0114248 0.0111546 0.0255127
0.00990266 0.00795988 0.122688 0.00256116 0.00255601 0.00278702 0.0116239 0.0113812 0.0244698
0.00987143 0.00804661 0.11051 0.00278718 0.00278051 0.00310852 0.0115959 0.0113308 0.0260875
0.0103798 0.00834895 0.133858 0.00288056 0.00286412 0.00365977 0.0114056 0.0110986 0.028875
0.00995425 0.00801707 0.108843 0.00292726 0.00290735 0.00385867 0.0114288 0.0110778 0.0300577
0.0101431 0.00812618 0.126741 0.00275657 0.00274783 0.00314042 0.0115487 0.0112177 0.0287396
0.0105279 0.00849198 0.124327 0.0027416 0.00271636 0.00385569 0.0118614 0.0116298 0.0240919
0.0101 0.00809671 0.107815 0.00285937 0.00283505 0.00403049 0.0119621 0.0116413 0.0293309
0.00969395 0.00774067 0.10458 0.00288215 0.00286912 0.00345481 0.0118363 0.0114529 0.0321856
0.00967595 0.00763184 0.105482 0.00284332 0.00282097 0.00396943 0.0119092 0.0116028 0.0277425
0.00974443 0.00785409 0.0998645 0.00259036 0.00258356 0.00288978 0.0115474 0.0112403 0.0259746
0.00990004 0.00795208 0.11073 0.00266607 0.00264834 0.00343898 0.0118021 0.011474 0.0280391
0.0105039 0.00840543 0.122983 0.00310375 0.003075 0.00455471 0.0119397 0.011587 0.0322245
0.0102808 0.00815227 0.127407 0.00284698 0.00282776 0.00371896 0.0116412 0.0113101 0.0301209
0.0103293 0.00817746 0.130777 0.00273283 0.00272136 0.00323326 0.0118691 0.0115076 0.0308447
0.0105239 0.00848106 0.115277 0.00270024 0.00268567 0.00337529 0.011905 0.011577 0.0284938
0.010331 0.00836568 0.105189 0.00260478 0.00258919 0.00334467 0.0121654 0.0117551 0.0335196
0.0098321 0.00788421 0.105452 0.00285948 0.00284015 0.00381798 0.0117006 0.0113469 0.0298536
0.0100951 0.00803537 0.114441 0.00267507 0.00266485 0.00315384 0.0116729 0.0112843 0.0322813
0.00961279 0.00767545 0.108012 0.00267539 0.00267324 0.00277626 0.0116392 0.0112556 0.0311926
0.00981746 0.00784855 0.104582 0.00304078 0.00303029 0.00350676 0.0117603 0.0113904 0.0296837
0.0100958 0.00801017 0.111795 0.0025283 0.00251645 0.00303231 0.0119931 0.0115443 0.0340026
0.010271 0.0082009 0.112247 0.00288827 0.00287328 0.00356332 0.0118 0.0113432 0.0346005
0.010396 0.00829194 0.107356 0.00266589 0.00263839 0.00389592 0.0115848 0.0111743 0.0316172
0.0104055 0.00843277 0.103417 0.00262289 0.00260442 0.00335854 0.0115742 0.0112633 0.0255762
0.0101476 0.00815642 0.101105 0.00267613 0.00266774 0.00305359 0.0111985 0.0107331 0.0342242
0.00989001 0.00793122 0.0972292 0.00275512 0.00274381 0.00328081 0.0106569 0.0102126 0.0315833
0.0096987 0.00768859 0.10342 0.00269301 0.00267915 0.00331127 0.0108947 0.0104833 0.0313724
0.00956084 0.00762565 0.0959617 0.00269697 0.0026897 0.00300926 0.0108196 0.0104658 0.0267525
0.00970232 0.0077452 0.0969283 0.00285726 0.00281213 0.00480227 0.0111469 0.0108194 0.0254482
0.0101964 0.00810777 0.104781 0.00311896 0.00308939 0.00439626 0.0118398 0.0114691 0.0296186
0.0100686 0.00786908 0.111523 0.00301846 0.00299991 0.00382533 0.0117079 0.0113728 0.0276167
0.0100334 0.00811481 0.0966439 0.00270947 0.00270647 0.00283617 0.0118878 0.0116469 0.0230124
0.0103323 0.00822218 0.114854 0.002704 0.00270353 0.00272466 0.0116511 0.0113725 0.0250299
0.0102411 0.00816289 0.10482 0.00288513 0.00286766 0.00360246 0.0116594 0.0112553 0.0305781
0.0103388 0.00819752 0.105667 0.00287416 0.00285643 0.00361149 0.0120198 0.0115726 0.0323162
0.0103082 0.0082998 0.104244 0.00280979 0.00279001 0.00353678 0.0120975 0.0117209 0.0286304
0.010311 0.00820125 0.102436 0.00272154 0.00271475 0.00300327 0.01191 0.0115717 0.0269709
0.0103525 0.00832336 0.105333 0.00280128 0.00277643 0.00391698 0.0118742 0.0114995 0.0301151
0.0102914 0.00829195 0.110092 0.00258278 0.00256177 0.00345447 0.0120167 0.0116482 0.0293692
0.0104993 0.00836848 0.107196 0.00287837 0.00287435 0.00306359 0.0120957 0.0116733 0.0332093
0.0100802 0.00807983 0.112234 0.00310896 0.00307146 0.00474442 0.0119266 0.0114647 0.0356573
0.00951945 0.00767247 0.0984825 0.00272211 0.0026954 0.00382819 0.0113741 0.0109501 0.0313371
0.0100206 0.00809305 0.100292 0.00301827 0.00299046 0.00421772 0.0115475 0.0110427 0.0363703
0.0105285 0.00835708 0.120729 0.00310247 0.00308684 0.00377514 0.0118269 0.0113248 0.0368921
0.0100546 0.0079865 0.115529 0.00245095 0.00244648 0.0026437 0.0117145 0.0112674 0.0341945
0.0100124 0.00791105 0.113208 0.00260941 0.00259819 0.00313329 0.0113544 0.01093 0.0330477
0.0102038 0.00812852 0.102515 0.00279382 0.00277106 0.00379707 0.0117742 0.0112469 0.0371798
0.0103342 0.00817622 0.113227 0.0027866 0.0027603 0.00390851 0.0116856 0.0112348 0.0338619
0.0102208 0.00817217 0.123245 0.0026642 0.00265371 0.00308102 0.0116972 0.0111019 0.0424804
0.0104246 0.00839112 0.113857 0.00254872 0.00253717 0.00303048 0.0120372 0.0115879 0.0347542
0.0106899 0.00862964 0.103611 0.0026689 0.00265063 0.00333047 0.0121974 0.0117792 0.0301377
0.0106768 0.00871509 0.101541 0.00285536 0.00282203 0.00413385 0.0121059 0.0115701 0.0366041
0.0102498 0.00831445 0.0941127 0.0026949 0.00268748 0.00298726 0.0121673 0.011691 0.0343772
0.0106627 0.00852238 0.101052 0.0026267 0.00262139 0.00284572 0.0120661 0.011664 0.0299632
0.00968341 0.00792577 0.0930779 0.00270039 0.00269204 0.00301116 0.0122765 0.0117931 0.035268
0.0104008 0.00834466 0.105285 0.00286758 0.00284818 0.00367178 0.0120937 0.0117222 0.0307383
0.0102342 0.00807388 0.107977 0.00272386 0.00271709 0.0030107 0.0118623 0.0114649 0.0306834
0.0103955 0.00810722 0.12731 0.00319244 0.00315717 0.0046945 0.0117211 0.0113887 0.0290951
0.0101692 0.0080584 0.117147 0.0029657 0.00294743 0.00371021 0.0120019 0.0117365 0.0249043
0.0103932 0.00822994 0.118856 0.00275039 0.00273918 0.00321608 0.0124524 0.0120851 0.0309581
0.0101872 0.00800535 0.122121 0.00305044 0.00301658 0.0045202 0.0124813 0.0121169 0.0320545
0.0102769 0.0081436 0.120265 0.00280294 0.00279545 0.00313786 0.0117497 0.0113531 0.0319633
0.00994672 0.00790579 0.114177 0.0025573 0.0025446 0.00313411 0.0115989 0.0112086 0.0311059
0.0106732 0.00850292 0.132377 0.00266611 0.00265851 0.00301999 0.0119979 0.0115627 0.0356338
0.0102752 0.0081805 0.109817 0.00324324 0.00321964 0.00422937 0.012124 0.0116819 0.0329189
0.0103934 0.00821188 0.112922 0.00292397 0.00291388 0.00339007 0.0121626 0.011746 0.0323759
0.0101429 0.00804708 0.112653 0.00280194 0.00278065 0.00377365 0.0128414 0.0123158 0.0400636
0.00999862 0.00798668 0.108584 0.00284543 0.00282403 0.0038385 0.0121101 0.0116862 0.032947
0.0102247 0.00804378 0.108545 0.00240818 0.00240792 0.00242116 0.0118916 0.0114828 0.0319331
0.0103485 0.00815826 0.121997 0.00255116 0.00254207 0.0029807 0.0121473 0.0116945 0.0353123
0.0103346 0.00843402 0.104732 0.00276819 0.00273985 0.00414535 0.0122778 0.0117698 0.0383599
0.0106532 0.00859078 0.109121 0.00303611 0.00302245 0.00364515 0.0121883 0.0117645 0.0333018
0.0101489 0.00815624 0.116141 0.00292735 0.00290431 0.00394619 0.0118301 0.0114861 0.0295718
0.0100357 0.0080108 0.109946 0.00247222 0.00245268 0.0033899 0.0117078 0.0113397 0.0302626
0.00969491 0.00762017 0.106987 0.00287722 0.00288061 0.00272234 0.0116512 0.0111937 0.033409
0.00976892 0.00766524 0.116616 0.00297547 0.0029568 0.00379787 0.0115078 0.0111028 0.0311023
0.00976812 0.007729 0.118986 0.00303366 0.00301892 0.00364771 0.0117374 0.0113099 0.0335924
0.00988573 0.00779193 0.115432 0.00279066 0.00277698 0.00337314 0.0114959 0.0110906 0.031959
0.0101836 0.00793712 0.124282 0.00281009 0.002797 0.00341594 0.0114931 0.0111019 0.0323985
0.00967522 0.0076158 0.109488 0.00301223 0.00298051 0.00439908 0.0114517 0.0111031 0.0286805
0.00964532 0.00773527 0.101785 0.00271786 0.00270083 0.00347946 0.0114311 0.0111113 0.0273323
0.00930566 0.00729658 0.102937 0.00283139 0.00282589 0.0030637 0.0114149 0.0110759 0.027318
0.00987247 0.00789491 0.097874 0.00258923 0.00258266 0.00287263 0.0118862 0.0115912 0.0264666
0.0101528 0.00807448 0.112915 0.00256037 0.00255595 0.00273886 0.0117248 0.0113615 0.0278841
0.0105958 0.008637 0.100494 0.00279128 0.00277583 0.00345567 0.012003 0.0116484 0.0283878
0.00983686 0.00795872 0.0903758 0.00271636 0.00269902 0.0034309 0.011985 0.0116774 0.0256596
0.0104284 0.00846249 0.0932253 0.00274232 0.00271301 0.00396147 0.0118251 0.0115253 0.0244038
0.01033 0.00831435 0.0888672 0.00288392 0.00285966 0.00390668 0.0118617 0.0115304 0.0262383
0.0101156 0.00823331 0.0910892 0.00275452 0.00274237 0.00329356 0.0117786 0.0114631 0.0262622
0.0098533 0.00811822 0.0840874 0.00282488 0.00280963 0.00347288 0.0120582 0.0117756 0.0247829
0.010025 0.00799733 0.0989993 0.00273868 0.00273757 0.0027872 0.0119867 0.0116756 0.0265637
0.00993432 0.0081047 0.0972789 0.0029228 0.00291096 0.00340942 0.011921 0.01169 0.0223763
0.00996238 0.00810703 0.0972428 0.00246691 0.00245478 0.00295201 0.0121138 0.0118889 0.0224382
0.00991969 0.00812538 0.095016 0.00239779 0.00240346 0.00217782 0.0119444 0.0117144 0.0222076
0.0097663 0.00787186 0.0980156 0.00263756 0.00262635 0.00310983 0.012128 0.0119031 0.0232624
0.009953 0.00797556 0.0952205 0.00270316 0.00268754 0.00331137 0.0117504 0.0115263 0.0217573
0.01001 0.00811398 0.0975839 0.00256744 0.00255881 0.00297073 0.0112796 0.0110058 0.0247607
0.010491 0.00867159 0.088546 0.00285641 0.00283835 0.00368067 0.0118837 0.011674 0.0213425
0.0104008 0.00856545 0.0971692 0.00265061 0.00263135 0.00354798 0.0116686 0.0114109 0.024482
0.0106198 0.00864802 0.107937 0.0028321 0.00281551 0.00349739 0.0116042 0.0113729 0.022194
0.0104733 0.0086147 0.099846 0.0024902 0.00246472 0.00367485 0.0114925 0.0112029 0.0262817
0.0103871 0.00855074 0.0923617 0.00257681 0.00257342 0.00272255 0.0118321 0.0115516 0.0247352
0.0098266 0.00813313 0.0922301 0.00254886 0.00253704 0.00308641 0.0115687 0.0113122 0.0245737
0.010366 0.00850953 0.105652 0.00278943 0.00277841 0.00331105 0.0119772 0.0116762 0.0284809
0.0101938 0.00852147 0.0948863 0.00271592 0.00270846 0.00304421 0.0122711 0.0120443 0.0236769
0.0107875 0.00889381 0.111244 0.00293604 0.00292095 0.00367688 0.0125914 0.0123206 0.0275783
0.0105972 0.0086058 0.12568 0.00282465 0.00282563 0.00277756 0.0124937 0.0122101 0.0278615
0.0106004 0.00870127 0.115243 0.00259312 0.00258527 0.00294962 0.0120965 0.0117804 0.0282027
0.0100982 0.00823155 0.120375 0.00259457 0.00257841 0.00341685 0.0120383 0.011747 0.0279515
0.00988985 0.00796185 0.108128 0.00264634 0.00262793 0.00359728 0.0118829 0.0116105 0.0253907
0.00977315 0.00791091 0.0996868 0.00270193 0.00269016 0.00332061 0.0121452 0.0118438 0.0276538
0.00984117 0.00798578 0.0968079 0.00295722 0.00293504 0.0040948 0.0118419 0.0115477 0.0272249
0.0101573 0.00824681 0.112017 0.00286368 0.00285379 0.00337109 0.0121548 0.0117534 0.0346642
0.0100324 0.00818182 0.111318 0.00271234 0.00269522 0.00355919 0.0119107 0.0115449 0.03149
0.0102579 0.00846335 0.0988268 0.00293625 0.00294051 0.00273395 0.0119052 0.011606 0.0269482
0.00995053 0.0082639 0.0945819 0.00310554 0.00307314 0.00484208 0.0118149 0.0114558 0.0308397
0.0100443 0.00827411 0.101765 0.00268687 0.00267935 0.00305129 0.0121075 0.0117202 0.0336606
0.0106548 0.00875368 0.107875 0.00289733 0.00288801 0.00332936 0.0122499 0.011961 0.0269897
0.0106213 0.00876212 0.0985953 0.00264944 0.00263984 0.00308957 0.0119918 0.0117235 0.024356
0.0104017 0.00853521 0.107331 0.00293633 0.00292819 0.0033212 0.0120113 0.0117461 0.0255351
0.0101932 0.00830134 0.111706 0.00262755 0.00262391 0.00279183 0.0121136 0.0118198 0.0260865
0.010683 0.00879294 0.11063 0.00287936 0.00285961 0.00372916 0.0124938 0.0121962 0.0267805
0.0101176 0.00819949 0.118536 0.00281683 0.00279784 0.00376111 0.0122254 0.0119818 0.0266062
0.0096459 0.00798358 0.102142 0.00259281 0.00257641 0.00342763 0.0122065 0.0119445 0.027142
0.00997204 0.0081877 0.118159 0.00285908 0.00283297 0.00414639 0.0121291 0.0118181 0.0293148
0.010047 0.00830074 0.110023 0.00278359 0.00277363 0.00330154 0.0120704 0.0117469 0.0309936
0.0102008 0.00833985 0.124452 0.002791 0.00278085 0.00328999 0.0121073 0.0118174 0.0285994
0.00987775 0.00817213 0.107098 0.00258831 0.00258277 0.00288695 0.0119508 0.0116588 0.0282746
0.00971567 0.00797699 0.120508 0.0024525 0.00244748 0.00271516 0.0116121 0.0112937 0.0323462
0.00981669 0.00805629 0.12369 0.00295415 0.00294239 0.00360473 0.0118393 0.0115483 0.0296421
0.0100176 0.00838615 0.121481 0.00279756 0.00277919 0.00383908 0.011521 0.0112335 0.0307536
0.0105694 0.00882631 0.110623 0.00275701 0.00275572 0.00283284 0.0120879 0.0118049 0.030303
0.0102908 0.00857924 0.130465 0.00255181 0.00254285 0.00304585 0.0120905 0.011783 0.0320256
0.0107399 0.00905068 0.119717 0.00247442 0.00247854 0.00223631 0.0122242 0.0118896 0.0349483
0.0103462 0.00857769 0.107315 0.0026512 0.00263715 0.00343713 0.0117031 0.0113979 0.0288262
0.0100064 0.00829456 0.110654 0.00289891 0.00288829 0.00359324 0.0117749 0.0114431 0.0316703
0.0098034 0.00791435 0.11696 0.00266311 0.00265736 0.00298356 0.0113311 0.0110623 0.0267924
0.0102789 0.00857563 0.0938476 0.00270189 0.00269554 0.00304097 0.0119165 0.0116626 0.0238266
0.0101978 0.00852953 0.114884 0.00312169 0.00309975 0.00450608 0.0117911 0.0114298 0.0339827
0.0105444 0.00877543 0.123415 0.0027011 0.00269777 0.00288189 0.0121583 0.0117848 0.0335327
0.0105106 0.00859812 0.116304 0.00290625 0.00287283 0.00470982 0.0119993 0.0116635 0.0307799
0.0102772 0.00846249 0.116367 0.00287817 0.00284114 0.00523015 0.0122202 0.0117988 0.0390994
0.00997762 0.00816075 0.104785 0.00266016 0.00265198 0.003118 0.0120469 0.011713 0.0311258
0.00955147 0.00780666 0.119239 0.00251976 0.00250662 0.00327964 0.0117255 0.0114035 0.0331268
0.0102193 0.00825914 0.128891 0.00267583 0.00267412 0.00276558 0.0117179 0.0113526 0.0342436
0.0105159 0.00846211 0.135243 0.00273022 0.00272395 0.0030784 0.0116515 0.0113112 0.0329509
0.0101085 0.00826401 0.11094 0.00242863 0.00241865 0.00304444 0.0113946 0.0110549 0.0323521
0.0104858 0.00860096 0.114842 0.00261775 0.00261288 0.0028993 0.0117432 0.0113921 0.0332499
0.0104405 0.00851079 0.129616 0.00294384 0.00291506 0.00473525 0.0119031 0.0115618 0.0356637
0.0107216 0.00874088 0.12946 0.00278454 0.00276177 0.00410323 0.0119651 0.0116102 0.0369153
0.0104538 0.00856153 0.117791 0.00305324 0.00303504 0.00409619 0.0117971 0.011463 0.0326537
0.0106156 0.00873304 0.133646 0.00282602 0.00280588 0.00401678 0.0117965 0.0114743 0.0334797
0.0101832 0.00846958 0.118286 0.00273536 0.00271122 0.00426408 0.0113723 0.0111051 0.0293039
0.0102512 0.00838685 0.12468 0.00284625 0.0028275 0.00395942 0.0118325 0.0115619 0.0299322
0.010027 0.0082178 0.115194 0.00272591 0.0027209 0.00300264 0.0115719 0.0113316 0.0258511
0.00957999 0.00771033 0.124466 0.00304467 0.0030218 0.00437935 0.0110759 0.0108399 0.0264326
0.0100082 0.00805849 0.139355 0.00266202 0.00264178 0.00384143 0.0115207 0.0113223 0.0246549
0.0104348 0.00857417 0.112815 0.0026005 0.00258814 0.00333072 0.0119114 0.0116837 0.0253203
0.00994662 0.0080788 0.111787 0.00301373 0.00298886 0.00426817 0.0117535 0.011521 0.0244429
0.0101808 0.00825409 0.123413 0.00274217 0.00272376 0.00363847 0.0117004 0.0115379 0.0209627
0.0100515 0.00818612 0.115835 0.00312616 0.00309572 0.00471614 0.011104 0.0109533 0.0197455
0.0102289 0.00820675 0.119282 0.00266031 0.00265038 0.00316578 0.0114621 0.0113177 0.0191051
0.0100999 0.00815411 0.123157 0.00289308 0.002875 0.00391385 0.0112467 0.0110911 0.0216559
0.010671 0.00872406 0.1196 0.0026751 0.00266843 0.00303707 0.0116608 0.0114639 0.0234951
0.0102356 0.00823972 0.121354 0.00269717 0.00268563 0.00329752 0.0118783 0.0116096 0.0279644
0.0101064 0.00821514 0.113247 0.00273524 0.00272642 0.00314826 0.012044 0.0117656 0.0268284
0.0103269 0.00831272 0.109647 0.00270631 0.00268758 0.00363854 0.0123478 0.0121446 0.0232015
0.00981562 0.00797724 0.113454 0.00283378 0.00282566 0.00321764 0.0123584 0.0121825 0.0212396
0.0101125 0.00826778 0.112608 0.00297118 0.00295111 0.00394856 0.0125034 0.0122923 0.0237461
0.0100104 0.00820549 0.0934422 0.00247968 0.00247317 0.00282463 0.0118643 0.0116364 0.0246637
0.0102658 0.00839468 0.121299 0.0026051 0.00259877 0.0029451 0.0120051 0.0117713 0.0262273
0.0101145 0.00823956 0.113102 0.00268748 0.00267803 0.00322556 0.012318 0.0120623 0.0274485
0.00985988 0.00796942 0.112636 0.00304651 0.00301614 0.00464974 0.0115503 0.0113549 0.0225039
0.0103664 0.00830892 0.122824 0.00294085 0.00291157 0.00461463 0.0116978 0.0114601 0.0261317
0.0104585 0.00851556 0.118488 0.00296685 0.0029429 0.0043041 0.012185 0.0120102 0.0224202
0.0108012 0.00873406 0.131401 0.00280254 0.00278637 0.00363341 0.0122044 0.0120274 0.0228412
0.0105815 0.00859044 0.128943 0.00291772 0.00289179 0.00422674 0.0128203 0.0126612 0.0228067
0.0108674 0.00867535 0.150843 0.00296594 0.00296119 0.00321776 0.0125916 0.0124016 0.0254169
0.0107671 0.00859241 0.130214 0.00256756 0.0025573 0.00313355 0.0128592 0.0126912 0.0229477
0.0104109 0.00844669 0.117805 0.00284335 0.00282401 0.00388147 0.0126587 0.0124846 0.0228679
0.0100451 0.0081244 0.125701 0.00268082 0.00267772 0.002845 0.0122387 0.0120889 0.0210892
0.0104754 0.00840433 0.132994 0.00271306 0.00269112 0.00379474 0.0125756 0.0123424 0.0262339
0.0108114 0.00870367 0.133336 0.0030977 0.00308035 0.00396304 0.0124311 0.0122088 0.0249699
0.0103228 0.00841306 0.139837 0.0028176 0.00280293 0.00359553 0.0122962 0.0120691 0.0257383
0.010227 0.00829128 0.131904 0.00302446 0.0030061 0.00400553 0.0125654 0.0123469 0.0262648
0.0102052 0.00818295 0.150562 0.00266938 0.00265568 0.00341223 0.0127215 0.0125049 0.0262495
0.0103368 0.00845254 0.131704 0.00260121 0.00259531 0.00295081 0.012199 0.0119933 0.0268578
0.00979365 0.00797247 0.129831 0.00275495 0.00273806 0.00370423 0.012091 0.0119128 0.0242255
0.00987593 0.00803944 0.117601 0.00293817 0.00292593 0.00356266 0.0122174 0.0120247 0.0231631
0.0104551 0.00850767 0.132757 0.00278686 0.00278513 0.00288117 0.0121587 0.0120058 0.0215374
0.0104747 0.00855251 0.13955 0.00272995 0.00272608 0.00290517 0.0122393 0.0120736 0.0209514
0.0105349 0.00855072 0.121702 0.00280724 0.00278071 0.00421982 0.0123785 0.0122136 0.0212824
0.010396 0.00845815 0.115133 0.00291332 0.00289498 0.00393291 0.0123013 0.0120873 0.0235062
0.0105681 0.00858153 0.134533 0.00284315 0.00282848 0.00369132 0.0123061 0.0121201 0.0232601
0.0100665 0.00820914 0.134905 0.00281225 0.00278707 0.00432209 0.0121163 0.0119157 0.0255558
0.0103384 0.00849171 0.113478 0.00285191 0.00284672 0.00318448 0.0126083 0.0124335 0.0239697
0.0105307 0.00843802 0.152768 0.00266156 0.00265646 0.00294761 0.012253 0.0120278 0.0276985
0.0107308 0.0087585 0.142526 0.00284674 0.00282884 0.0039195 0.012271 0.0121108 0.0231634
0.010836 0.0088082 0.158408 0.00263047 0.0026146 0.00361518 0.0116394 0.0114987 0.021726
0.0109907 0.00905401 0.146923 0.00259714 0.00259272 0.00285465 0.01195 0.0118111 0.0213606
0.0108082 0.00884701 0.150873 0.00282318 0.00281825 0.00312554 0.0117917 0.0116626 0.0213085
0.0104662 0.00837672 0.174958 0.00269148 0.00267594 0.00370223 0.0117741 0.0116628 0.0204714
0.0107796 0.00877699 0.156068 0.00272323 0.0027129 0.00334448 0.011931 0.0117841 0.0226068
0.010806 0.00883631 0.153007 0.00285237 0.00284254 0.00341184 0.0123694 0.012245 0.020665
0.0107247 0.0087677 0.16351 0.00272281 0.00272081 0.00285094 0.0120504 0.0119857 0.016935
0.011247 0.00915298 0.171187 0.00296017 0.00294153 0.0041105 0.0124427 0.0123626 0.0182481
0.0101314 0.00824953 0.156531 0.00277674 0.0027587 0.00405465 0.0118795 0.0118259 0.0161128
0.00980326 0.00800421 0.143223 0.00269082 0.00267926 0.00348885 0.0118456 0.0117743 0.0179139
0.010194 0.00833081 0.134335 0.00270835 0.00269886 0.0033258 0.0125899 0.0124868 0.0203933
0.0104569 0.00848671 0.152124 0.00296705 0.00294544 0.0043192 0.0123045 0.0121082 0.0279155
0.0106439 0.00861343 0.148961 0.00276279 0.00273542 0.00440023 0.0125947 0.0124559 0.0216369
0.0101448 0.00827724 0.144787 0.00270124 0.00268095 0.00388 0.0122155 0.0121021 0.0200244
0.0106304 0.00866773 0.156689 0.00282305 0.00280417 0.00389111 0.0120074 0.0118559 0.0231841
0.0102612 0.0083422 0.13861 0.00283718 0.00281833 0.00401344 0.0120624 0.0119285 0.0220171
0.0103317 0.00836427 0.162547 0.00274084 0.0027255 0.00361732 0.012325 0.0121742 0.0227338
0.00989161 0.008049 0.129047 0.00281318 0.0028031 0.00343404 0.0119159 0.0117432 0.0240515
0.0100794 0.00815248 0.145254 0.00261917 0.00261277 0.00300374 0.0119871 0.01184 0.0219637
0.0105434 0.00860743 0.130001 0.0024591 0.0024635 0.00219868 0.0121574 0.0120503 0.0192322
0.0105706 0.00869323 0.148768 0.00260724 0.00259214 0.00343497 0.012273 0.0121776 0.0185268
0.0109401 0.00899289 0.157567 0.00277028 0.002764 0.00312396 0.0122562 0.0122153 0.0150451
0.0107566 0.00886166 0.156404 0.00268067 0.00267866 0.00281994 0.0119483 0.0118516 0.0194462
0.0105456 0.00865227 0.153551 0.00292391 0.00291626 0.00340442 0.0120747 0.0119686 0.0196496
0.0106013 0.00871193 0.135837 0.00269316 0.00268159 0.00344169 0.0119275 0.0117681 0.0228034
0.0103989 0.00862465 0.148078 0.00288945 0.00285542 0.00516553 0.0122024 0.0120975 0.0199993
0.0104524 0.00864938 0.144271 0.00278071 0.00277363 0.00330834 0.0124067 0.0122803 0.0225359
0.0107569 0.00890437 0.149938 0.00277368 0.00274931 0.00441248 0.0127417 0.0126058 0.0229102
0.0104138 0.00861344 0.123347 0.00265151 0.00262823 0.00407749 0.0127265 0.0125768 0.0223276
0.0101293 0.00830822 0.136696 0.00297859 0.00296178 0.00410421 0.0122457 0.0120715 0.0244947
0.0100433 0.00816548 0.141764 0.00273421 0.00272038 0.00354826 0.0117996 0.0116664 0.0203191
0.0104719 0.00845548 0.154917 0.00281919 0.00278767 0.00487024 0.0118941 0.0117036 0.0256537
0.0106136 0.00868985 0.155455 0.00258918 0.0025861 0.00278102 0.0124444 0.0122863 0.0238203
0.0105304 0.00877625 0.138525 0.00281092 0.00279023 0.00403803 0.0121073 0.0119508 0.0238639
0.0107282 0.00884546 0.159338 0.00290281 0.00290235 0.00293222 0.0119595 0.011767 0.0269858
0.0106898 0.00888007 0.130958 0.00289378 0.00287189 0.00438272 0.0126191 0.0124189 0.0275302
0.0104865 0.00870892 0.142474 0.00317485 0.00314649 0.00489773 0.0126447 0.0124406 0.0276995
0.0103775 0.00850856 0.126496 0.00263901 0.00261351 0.00422726 0.0127336 0.0125701 0.024335
0.0106666 0.00887181 0.114808 0.00270069 0.00269151 0.00328296 0.0126362 0.0124933 0.0222765
0.0108732 0.00892741 0.138106 0.00269269 0.00268448 0.0031456 0.0124972 0.0123626 0.0209978
0.0106241 0.00873629 0.139992 0.00285781 0.00284564 0.00347145 0.0124569 0.0122963 0.0227037
0.0103171 0.00849846 0.135162 0.00278321 0.00275925 0.00418671 0.012896 0.0127044 0.0255795
0.0105519 0.00868288 0.123904 0.00293484 0.0029237 0.00355682 0.0129755 0.0128098 0.0238168
0.0110749 0.00905132 0.126773 0.00287258 0.00286731 0.00314899 0.0128928 0.0127367 0.0218458
0.0110005 0.00906219 0.121533 0.00269009 0.00267996 0.00323265 0.0127756 0.0125917 0.0232394
0.0109788 0.00889374 0.138167 0.0028552 0.00282555 0.00433654 0.0124015 0.012201 0.0239006
0.0105396 0.00858899 0.129682 0.00289154 0.00288061 0.0034466 0.0121146 0.011885 0.0254611
0.0107565 0.00864352 0.143875 0.00285668 0.00281496 0.00489178 0.0122639 0.0120133 0.0272151
0.0108657 0.00887485 0.122405 0.00270129 0.00268163 0.00372577 0.0123459 0.0121217 0.0253838
0.0107265 0.00872334 0.120806 0.00273174 0.00272123 0.00327656 0.0124912 0.0122603 0.025511
0.0104306 0.00850575 0.112937 0.002702 0.00268031 0.00379888 0.0125327 0.0122838 0.0257965
0.010384 0.00848921 0.110722 0.00265293 0.00265084 0.00275351 0.0123324 0.012069 0.0256184
0.0100408 0.008246 0.103862 0.00299491 0.00298015 0.00374048 0.0123008 0.0119907 0.0283419
0.0100238 0.00812934 0.114488 0.00305217 0.003035 0.00388365 0.0118085 0.0115538 0.0253028
0.0104561 0.00843727 0.128327 0.00257576 0.00257558 0.00258506 0.0118253 0.011545 0.0274181
0.00985554 0.00795181 0.115467 0.00309014 0.0030729 0.00390857 0.0117699 0.0115154 0.026278
0.0105034 0.00846522 0.133006 0.0029939 0.00297339 0.00396807 0.0118787 0.011586 0.0278718
0.010802 0.0088084 0.125202 0.00282562 0.00280777 0.00384663 0.0119456 0.0115599 0.036306
0.0107397 0.00872292 0.128281 0.00250176 0.00250196 0.00248995 0.0121433 0.0117729 0.0343994
0.0106139 0.00859682 0.132401 0.0027009 0.00267899 0.00396806 0.0121649 0.0118885 0.0294328
0.0108998 0.00879839 0.124531 0.00284521 0.0028312 0.00361023 0.0120424 0.0118314 0.0237781
0.01006 0.00816636 0.12393 0.00269962 0.00267963 0.00375151 0.0119464 0.0117258 0.0242374
0.0103684 0.00844907 0.125934 0.00284911 0.00282972 0.00396227 0.0119604 0.011724 0.0274448
0.0107001 0.00876823 0.128596 0.00282516 0.00280748 0.00391805 0.0121312 0.0118875 0.02769
0.0107575 0.00876753 0.129368 0.00291135 0.00289084 0.00421956 0.0121099 0.0118477 0.0295568
0.0109897 0.00898406 0.14147 0.00274788 0.00272117 0.00434213 0.0115329 0.0112388 0.0309226
0.0107439 0.00879131 0.137777 0.00305837 0.00302875 0.0047801 0.0113078 0.011058 0.0278352
0.0109178 0.00890805 0.125524 0.00293507 0.00291211 0.00428223 0.0111596 0.0109303 0.0245119
0.0108164 0.00876256 0.14072 0.00300619 0.0029827 0.00425049 0.0114838 0.0112069 0.02745
0.0107116 0.00878358 0.117833 0.00311794 0.00309206 0.00438258 0.0117335 0.0114965 0.0248387
0.0105928 0.00873345 0.116485 0.00264612 0.00262832 0.00350669 0.0119859 0.0117168 0.0278634
0.010534 0.0086159 0.121355 0.0025979 0.00257817 0.00363512 0.0119798 0.0117417 0.0259023
0.0107712 0.00884349 0.126534 0.00346078 0.00342939 0.00532848 0.012379 0.0121048 0.031993
0.0112372 0.00917647 0.128538 0.00284937 0.00283219 0.00377994 0.0125242 0.0123429 0.0228858
0.0108078 0.00866663 0.135711 0.00257027 0.00256405 0.00291737 0.0122291 0.0120175 0.0245898
0.0106642 0.00869835 0.135551 0.00273434 0.00273472 0.00271473 0.0123422 0.012138 0.0245221
0.0108735 0.00891673 0.130341 0.00306993 0.00304914 0.0043001 0.0116586 0.0114097 0.027712
0.0108891 0.00890502 0.129832 0.00282663 0.00280433 0.00418296 0.01174 0.0114166 0.0325723
0.0112594 0.00927095 0.146473 0.0026364 0.00261385 0.00415373 0.011939 0.0116962 0.0299007
0.0110653 0.00896134 0.148688 0.00279479 0.00278548 0.00340793 0.0119203 0.0115967 0.0352563
0.0105925 0.00861665 0.138628 0.00305421 0.00304922 0.00333056 0.0119211 0.0116058 0.0323962
0.010332 0.00835171 0.150249 0.00271002 0.00270238 0.00313626 0.0117145 0.0113802 0.0334543
0.0102982 0.00838057 0.125759 0.0027708 0.00276565 0.00306713 0.0114521 0.0112085 0.0269962
0.0110671 0.00896113 0.143684 0.00264239 0.00262309 0.00381008 0.0111643 0.0108767 0.0308279
0.0112826 0.00913911 0.175045 0.0030611 0.00303918 0.0043105 0.0117852 0.0114687 0.0345365
0.01149 0.00944583 0.150733 0.00274314 0.00273304 0.00335931 0.012307 0.0120093 0.034186
0.0115219 0.00958281 0.132794 0.00287047 0.00285393 0.0037925 0.0122818 0.0119387 0.034169
0.0114511 0.00946307 0.14977 0.00272219 0.00269396 0.00446482 0.0122615 0.0119328 0.035968
0.0116461 0.00957093 0.142842 0.00278986 0.0027857 0.00303402 0.012471 0.0121343 0.0360234
0.0111804 0.00916124 0.137735 0.00255239 0.00253116 0.00390745 0.0121974 0.0118893 0.0322041
0.0109836 0.00889284 0.146283 0.00261889 0.00260967 0.00318244 0.0124189 0.0121307 0.0316826
0.0106919 0.00874016 0.126198 0.00270394 0.00269561 0.00317984 0.0116884 0.0114402 0.0268697
0.0105708 0.00855699 0.145201 0.00296779 0.00294945 0.00404835 0.012139 0.0118678 0.0299797
0.0104633 0.00847408 0.152134 0.00284393 0.00283076 0.00354093 0.0122345 0.0119372 0.0326376
0.0102848 0.00826058 0.132856 0.00275431 0.00274303 0.00339417 0.0119178 0.011612 0.0317879
0.0103097 0.00835828 0.129549 0.00253643 0.00253634 0.00254117 0.0121719 0.0119206 0.0281927
0.0105797 0.00860231 0.128912 0.00256898 0.00257642 0.00215528 0.0118956 0.0116295 0.0294468
0.0103453 0.00844685 0.140945 0.00296993 0.00295616 0.00381284 0.0120271 0.0117496 0.0315016
0.0106829 0.00863217 0.137773 0.00262333 0.00261282 0.00321003 0.0119056 0.0116483 0.0289659
0.0112563 0.00914843 0.146764 0.00298226 0.0029691 0.00371212 0.0125458 0.0123397 0.0262811
0.0112975 0.00926165 0.136253 0.00298391 0.00297579 0.00341866 0.0126309 0.0124209 0.0252338
0.0111164 0.00918243 0.113753 0.00314832 0.00312376 0.00450338 0.0126533 0.0124779 0.0223298
0.010959 0.00912727 0.112749 0.00274959 0.00272606 0.00397243 0.012812 0.0126105 0.02459
0.0110102 0.00918859 0.117167 0.00278825 0.00277989 0.00322358 0.0129001 0.0126475 0.027756
0.0107425 0.00877206 0.119775 0.0028553 0.00284239 0.00355379 0.0124051 0.0121617 0.0270737
0.0110109 0.00911943 0.130906 0.00273154 0.00271851 0.00348444 0.0124508 0.0122339 0.0258628
0.0107922 0.00884904 0.137818 0.00244289 0.00243774 0.00274406 0.012377 0.0121227 0.0288069
0.0109176 0.00901691 0.131826 0.00296936 0.00295089 0.00400881 0.0125612 0.0122794 0.031531
0.0111918 0.0092045 0.134899 0.00291351 0.0028883 0.00444457 0.0124777 0.0121688 0.0342759
0.0109247 0.00892202 0.140873 0.00269699 0.002679 0.00374554 0.0122614 0.0119214 0.0353805
0.011146 0.00909986 0.132244 0.00275869 0.00275038 0.00320502 0.0123584 0.0120231 0.0333328
0.0116548 0.00955636 0.135411 0.00247566 0.0024763 0.00244265 0.0121979 0.0119039 0.0300736
0.0111282 0.00913038 0.127 0.00277944 0.00276698 0.00341796 0.0116102 0.0112862 0.0314372
0.0103273 0.00833111 0.12989 0.00279974 0.00278471 0.00354327 0.0112473 0.0109686 0.0289847
0.0101829 0.008283 0.124726 0.00278642 0.00277143 0.00351666 0.0117027 0.011384 0.030901
0.0103321 0.00867663 0.100475 0.00268944 0.0026883 0.00274482 0.0112745 0.0109212 0.03018
0.0108381 0.00891376 0.125997 0.00259259 0.00258168 0.00312405 0.011863 0.0115495 0.0299254
0.0109567 0.00888181 0.155553 0.00284583 0.00282855 0.00381164 0.0120834 0.0116306 0.042056
0.0101984 0.00839837 0.119195 0.0026139 0.00259994 0.0033282 0.0116932 0.011325 0.0340187
0.010109 0.00827964 0.107448 0.00333633 0.00331044 0.00465956 0.0118399 0.0115461 0.0289281
0.0104998 0.00864497 0.110353 0.00282045 0.00279739 0.00397353 0.0117787 0.0115091 0.0274598
0.0106187 0.00854934 0.128884 0.00316154 0.00313969 0.00428064 0.011675 0.0114205 0.02724
0.0107832 0.00879564 0.115338 0.00269078 0.00267361 0.00361393 0.0123027 0.0120657 0.0250887
0.0102991 0.00843385 0.10942 0.00265297 0.00264403 0.00308992 0.0122906 0.0119849 0.0287038
0.0102885 0.00840665 0.119108 0.00250697 0.00249559 0.00308027 0.0125463 0.0123088 0.0261808
0.0102596 0.00844859 0.123621 0.0027142 0.00269362 0.00378056 0.0125042 0.0122339 0.0286317
0.0110397 0.00897623 0.1322 0.00289728 0.00288003 0.00380366 0.0125576 0.0123099 0.0273311
0.011248 0.00921259 0.130035 0.00306291 0.00304894 0.00377549 0.0129264 0.0126624 0.0280012
0.0103648 0.00857965 0.1061 0.00253611 0.00252155 0.00324595 0.0123844 0.0121248 0.0276339
0.0102623 0.00836783 0.127512 0.00263922 0.00263554 0.00284095 0.0120474 0.0117648 0.030177
0.0104872 0.00851305 0.12826 0.00250545 0.00249463 0.00307846 0.0124078 0.0121082 0.0310582
0.0104004 0.00835073 0.123336 0.00256458 0.00255516 0.00306872 0.0121156 0.0118157 0.0297994
0.0106869 0.00873756 0.111478 0.00280616 0.0027829 0.00403421 0.0117988 0.0115653 0.0259781
0.0108499 0.00880718 0.120113 0.00270435 0.00268485 0.00363446 0.0120315 0.0118305 0.0229204
0.0110761 0.00906702 0.110746 0.00260177 0.00258615 0.00336959 0.0121853 0.0120236 0.019975
0.0111763 0.00927145 0.122586 0.00305162 0.00301589 0.00513709 0.0121742 0.0119256 0.0267432
0.0113669 0.00927513 0.129848 0.0029727 0.00295221 0.00418815 0.0122701 0.0119947 0.0284729
0.0111277 0.00916967 0.12685 0.00332594 0.00331374 0.00397213 0.0119887 0.0117188 0.0264638
0.0115208 0.00952282 0.123555 0.00306289 0.00304306 0.00408686 0.01214 0.011861 0.0277871
0.0111098 0.00910178 0.125014 0.00299427 0.00296333 0.00470178 0.011623 0.011348 0.0272268
0.0110096 0.00906362 0.111404 0.00268995 0.0026739 0.0036521 0.0112682 0.0110041 0.0264861
0.0108747 0.00892711 0.122814 0.00287399 0.00285807 0.00371108 0.0119416 0.011668 0.027462
0.0103695 0.00844712 0.110289 0.00261171 0.00259878 0.00329921 0.0121141 0.0118474 0.0261617
0.0104198 0.00845464 0.110999 0.00285692 0.00284045 0.00366753 0.0118895 0.0116389 0.0248873
0.0107017 0.00869184 0.11307 0.00255473 0.00255339 0.00261699 0.0118789 0.011636 0.0233964
0.0102617 0.00842765 0.0945166 0.00270696 0.00268928 0.00362141 0.0117125 0.0114995 0.0222431
0.0106356 0.00875154 0.110094 0.00295429 0.00293496 0.00393316 0.0119542 0.0117273 0.0238352
0.0103217 0.00848539 0.107902 0.00276367 0.00274652 0.00355981 0.0121091 0.0118827 0.0236517
0.010372 0.00846676 0.121073 0.00267726 0.00267894 0.00258838 0.0123732 0.0121081 0.0269043
0.0104926 0.00870019 0.104283 0.00279779 0.0027844 0.00347514 0.0125561 0.0123159 0.025699
0.0106486 0.00870636 0.125136 0.00293637 0.00292764 0.00336107 0.0125818 0.0123642 0.0244789
0.0115054 0.00937114 0.123047 0.00257826 0.00257513 0.00273751 0.0124906 0.0121724 0.0286369
0.0107082 0.00873843 0.123626 0.00271404 0.00270536 0.00321862 0.0122231 0.0119043 0.0317327
0.0105229 0.00858619 0.109598 0.00283608 0.00282493 0.00342118 0.0120534 0.0117993 0.0252474
0.0106006 0.00860683 0.12499 0.00277543 0.00277097 0.00303742 0.0125281 0.0122887 0.0266061
0.0108265 0.00880496 0.130666 0.00270047 0.00268033 0.00379633 0.0125599 0.0123443 0.0244126
0.0107685 0.00880765 0.1394 0.00262816 0.00261336 0.00351434 0.0121337 0.0118824 0.0279322
0.0113122 0.00918667 0.143495 0.00289516 0.00287292 0.00407888 0.0121206 0.0118981 0.0259079
0.0112968 0.00904591 0.15006 0.00281772 0.00280668 0.003432 0.0124139 0.0122401 0.0222483
0.011216 0.00924452 0.131636 0.00280783 0.00280436 0.00300365 0.0121241 0.0120272 0.0180169
0.0114417 0.009299 0.129185 0.00303569 0.0030168 0.00407805 0.0124173 0.0123178 0.0182806
0.0109818 0.00889954 0.142917 0.00297588 0.00297198 0.00317348 0.0119772 0.011836 0.0207895
0.0110845 0.00889975 0.144233 0.00253764 0.00253483 0.00269314 0.01202 0.0118765 0.0205789
0.0114593 0.00938194 0.13269 0.00288395 0.00286849 0.00369815 0.01305 0.0129362 0.0195976
0.0109859 0.0089105 0.133113 0.00267608 0.0026743 0.00276657 0.0125615 0.0124631 0.0178341
0.0112201 0.00907031 0.13035 0.00278368 0.00276721 0.00366162 0.0121622 0.0120565 0.0180754
0.0114798 0.00938259 0.131451 0.00273003 0.00271872 0.00335821 0.012584 0.0124959 0.0179466
0.0111792 0.00915581 0.138428 0.0025555 0.00255401 0.0026507 0.0125262 0.0123947 0.0210877
0.0113238 0.00935108 0.128371 0.00275727 0.00274109 0.00366703 0.0119891 0.0118644 0.0194575
0.0110985 0.00899723 0.140981 0.00295692 0.00294536 0.00367237 0.0120712 0.011942 0.0203095
0.0108665 0.00874767 0.142178 0.00299849 0.00299197 0.00339345 0.0119982 0.011854 0.0214188
0.0111178 0.0089853 0.146473 0.00273851 0.00273129 0.0031356 0.0122758 0.0121479 0.0202192
0.0116314 0.00944272 0.137534 0.00258639 0.00258863 0.00245527 0.0125536 0.0124428 0.0193693
0.0115244 0.00937845 0.144749 0.0028512 0.00282525 0.0041684 0.0123616 0.0122661 0.0179151
0.0112104 0.0092479 0.142989 0.00258642 0.00258562 0.00263105 0.0128392 0.0127242 0.0203544
0.0112954 0.00935251 0.131388 0.00251874 0.00251951 0.00247254 0.0131402 0.0129681 0.0246578
0.0109719 0.00907425 0.138396 0.00270617 0.00270867 0.00257218 0.0132204 0.0130119 0.0273831
0.010769 0.0088881 0.128252 0.00291791 0.00290354 0.00377328 0.0125618 0.0123787 0.0247884
0.0111009 0.00907421 0.130087 0.00273243 0.00272388 0.0031872 0.0123379 0.012121 0.025038
0.0113888 0.00933104 0.134743 0.00262021 0.00261978 0.00264335 0.0129701 0.0127875 0.0246208
0.011517 0.00949046 0.135135 0.00240252 0.00240273 0.00239032 0.0126796 0.0124639 0.0281494
0.011166 0.00895632 0.164603 0.00274084 0.00272548 0.00364026 0.0126574 0.0124581 0.0269592
0.0108618 0.00872077 0.15488 0.00316759 0.00315111 0.00409863 0.0126657 0.0124814 0.0256536
0.0106488 0.00867034 0.153596 0.00278875 0.00277848 0.00341871 0.0124516 0.0122741 0.0258085
0.0113787 0.00919186 0.151333 0.00266601 0.0026574 0.0032157 0.0133245 0.0131161 0.0285376
0.0111266 0.00898587 0.149906 0.00266256 0.0026522 0.00326721 0.0126894 0.0125425 0.0225693
0.0110167 0.00882368 0.154127 0.00286216 0.00285767 0.00312941 0.0126141 0.0124351 0.0241914
0.0104633 0.00843405 0.148455 0.00250712 0.00248734 0.0036841 0.012369 0.0120902 0.0318473
0.0104465 0.00847502 0.10748 0.00279193 0.00277928 0.00350236 0.0121631 0.0119853 0.023011
0.0110505 0.0089171 0.128179 0.00267685 0.00266976 0.00306707 0.0122286 0.0120582 0.0223494
0.0106685 0.00859594 0.130411 0.00282317 0.00280921 0.0037214 0.0120186 0.0118028 0.0263388
0.0110563 0.00896601 0.131512 0.0028426 0.00282364 0.0040313 0.0123809 0.0121554 0.0265045
0.0104362 0.00855853 0.126707 0.00290167 0.00287324 0.00439766 0.0126046 0.012395 0.0253864
0.0109676 0.00892663 0.139105 0.00313228 0.00313377 0.00305498 0.0129411 0.0127338 0.0256963
0.0107604 0.00869622 0.159449 0.0028381 0.00283776 0.00285614 0.0128785 0.0126701 0.0263773
0.011229 0.00907083 0.16014 0.00310298 0.00307726 0.00455575 0.0129968 0.0127853 0.026779
0.0109777 0.00893962 0.140961 0.00300012 0.00299431 0.00330501 0.0129442 0.0127887 0.0227247
0.0109536 0.00886461 0.160119 0.00273961 0.00272331 0.00363027 0.0128906 0.0127084 0.0248711
0.0109811 0.00890392 0.13829 0.00261409 0.00260512 0.00305943 0.0125113 0.0123248 0.0229928
0.010718 0.00869005 0.151078 0.00252568 0.00251444 0.00311579 0.0124703 0.0123144 0.0220162
0.0104571 0.00840313 0.145049 0.00267632 0.00265429 0.00395178 0.0118765 0.0117071 0.0225821
0.0102625 0.00823375 0.16589 0.00274343 0.00273173 0.00343907 0.0123779 0.0122069 0.0246059
0.0109959 0.00887608 0.149998 0.00279383 0.00278035 0.00358353 0.0123489 0.012173 0.0241666
0.0105195 0.00849845 0.160963 0.00260921 0.00261119 0.00248131 0.0120471 0.0118802 0.0240826
0.0107852 0.0086151 0.149671 0.00298534 0.00298121 0.00326315 0.0123563 0.0121674 0.0256985
0.0103208 0.00818059 0.157429 0.003086 0.0030838 0.00321826 0.0122556 0.0120909 0.0230968
0.0106105 0.00844691 0.150045 0.00276058 0.00274631 0.00385017 0.0126587 0.012479 0.0265075
0.0103907 0.00828915 0.169159 0.00257943 0.00256969 0.00326236 0.0121335 0.0119228 0.0288886
0.0106734 0.00850234 0.156879 0.00278512 0.0027642 0.00425816 0.0125128 0.0123394 0.0250198
0.010798 0.00864481 0.165827 0.00270165 0.00269263 0.0033374 0.0127314 0.0125777 0.0247215
0.0108434 0.00868894 0.166836 0.0029108 0.00291215 0.00281838 0.0128277 0.0126498 0.0262851
0.0107833 0.00873583 0.183652 0.0028166 0.00278063 0.00534366 0.0129052 0.0127284 0.0276955
0.011093 0.00903219 0.189926 0.00269571 0.00268653 0.00335937 0.0125573 0.0123344 0.0314724
0.0110748 0.00891978 0.19401 0.00260705 0.00259884 0.00325275 0.0124112 0.0121524 0.0352923
0.0111905 0.00900978 0.196953 0.00277785 0.00276584 0.00374016 0.0125761 0.012365 0.0341035
0.0112373 0.00900767 0.182996 0.00316704 0.003143 0.00504318 0.0126839 0.0125029 0.0287829
0.0107473 0.00874573 0.152616 0.0028921 0.00288311 0.0035569 0.0120762 0.0119104 0.0248193
0.0101618 0.00804266 0.157924 0.00285035 0.0028385 0.00369709 0.0116032 0.0114342 0.0234899
0.0101279 0.00801527 0.161644 0.0027837 0.00277712 0.00324149 0.0115548 0.0113725 0.0246198
0.0103553 0.00818781 0.169464 0.00298505 0.00294513 0.00607594 0.0116804 0.0114173 0.0329723
0.0105331 0.00837227 0.149305 0.0027375 0.00272462 0.00364653 0.0118177 0.011572 0.0305996
0.0109655 0.0088145 0.161208 0.00282188 0.00279589 0.00456805 0.0118744 0.0115918 0.0328776
0.0106678 0.0086571 0.160239 0.00273676 0.00272486 0.00364715 0.0120473 0.0118059 0.0319291
0.0108516 0.00875495 0.160564 0.00314667 0.00313301 0.00403441 0.0125606 0.0123257 0.0281944
0.0107545 0.00856892 0.154004 0.00296171 0.00295371 0.00348497 0.0117924 0.0115385 0.0291562
0.010368 0.00832597 0.169105 0.00273309 0.00273687 0.00248391 0.0120392 0.0118105 0.029018
0.0110581 0.00874062 0.172195 0.00268382 0.00268287 0.00274636 0.0123998 0.0121365 0.0321088
0.0108267 0.00857913 0.163933 0.00267779 0.00267182 0.00302383 0.0119992 0.0117607 0.0280485
0.0107504 0.00849339 0.164908 0.00273594 0.00272117 0.00374657 0.011807 0.011577 0.0290608
0.0108645 0.00858181 0.188912 0.0023413 0.00233983 0.00244173 0.011686 0.0114506 0.0294921
0.0102508 0.00812267 0.159086 0.00273206 0.00271856 0.00367268 0.0115335 0.0112681 0.0324199
0.0101727 0.00800861 0.159562 0.00252063 0.00252152 0.00246128 0.0116799 0.0114423 0.0291387
0.0105522 0.00841159 0.167508 0.00284091 0.00283341 0.00332007 0.0118401 0.0115658 0.030803
0.0107732 0.00855613 0.143444 0.00290737 0.00289454 0.00375693 0.0119751 0.0117244 0.0289475
0.0105078 0.0082423 0.178958 0.00256564 0.00256993 0.00228413 0.0116613 0.0113402 0.0359151
0.0107687 0.00844199 0.181742 0.00265363 0.00263829 0.0036839 0.0115383 0.0112318 0.0370348
0.0103011 0.00810662 0.185704 0.00279885 0.00278399 0.0036541 0.0113034 0.0110082 0.0324032
0.010293 0.00807375 0.168264 0.00258879 0.00258253 0.00295878 0.0113038 0.0110246 0.0313565
0.0103104 0.00802953 0.164202 0.00258025 0.00255874 0.00385035 0.011343 0.0111279 0.0262196
0.0106097 0.00840677 0.173697 0.00259672 0.00258632 0.00332105 0.0114358 0.0112401 0.0269491
0.0112656 0.00911931 0.145013 0.00238732 0.00237393 0.00330732 0.0118992 0.0116925 0.0267974
0.0108199 0.00864952 0.161497 0.00281013 0.00280377 0.00324711 0.0118923 0.0116862 0.0273083
0.0107448 0.00855357 0.17452 0.00262143 0.002607 0.00354748 0.0115913 0.0113825 0.0267573
0.0105724 0.00845795 0.171272 0.00288087 0.00287022 0.00356461 0.0117946 0.0116252 0.0249612
0.0109458 0.00869381 0.184352 0.00292253 0.0029022 0.00416215 0.011813 0.0117137 0.0191617
0.0111742 0.00889234 0.197424 0.0028253 0.00279379 0.00485849 0.0122759 0.0121314 0.0234825
0.0112113 0.00893207 0.195512 0.00283414 0.00281796 0.00400021 0.0124566 0.0122697 0.0274133
0.0116272 0.00940647 0.163581 0.00263685 0.00263026 0.00300276 0.0123443 0.0122023 0.0217573
0.011273 0.00912348 0.149081 0.00263533 0.00263295 0.00277817 0.0119313 0.0117897 0.0208836
0.0109302 0.00891997 0.159172 0.00286455 0.00284843 0.00385814 0.0120183 0.0118261 0.0261085
0.0110363 0.00883892 0.171859 0.00284411 0.00282259 0.00427321 0.0122644 0.0120515 0.0271937
0.0112969 0.00918303 0.146059 0.00261812 0.00261029 0.00320493 0.0123027 0.0121121 0.0265404
0.0113418 0.00916095 0.160796 0.00284297 0.00282902 0.00367252 0.0127289 0.0125651 0.0242062
0.0110836 0.00889044 0.163139 0.00261375 0.0026043 0.00325277 0.0127561 0.012576 0.0254822
0.0110672 0.0089437 0.159458 0.00309485 0.00307431 0.00438865 0.0129188 0.0127305 0.0261962
0.0114694 0.00930249 0.169166 0.00303824 0.00303627 0.00316616 0.0127824 0.0126014 0.0265615
0.011272 0.00896159 0.174517 0.00261215 0.00260662 0.00301188 0.0122918 0.0120864 0.0289936
0.0109555 0.00868203 0.166652 0.00291097 0.00290267 0.00339023 0.0124753 0.0123313 0.0218026
0.0108268 0.00860096 0.185594 0.00263854 0.0026198 0.0040989 0.0121844 0.0119839 0.0304721
0.0109316 0.0086958 0.214389 0.0028618 0.00286769 0.00242228 0.0118155 0.0116786 0.0236936
0.0110299 0.00874684 0.191073 0.00266937 0.00265569 0.00360542 0.0122466 0.0120514 0.028576
0.0112522 0.00894225 0.190078 0.00271715 0.00271938 0.00256325 0.0123004 0.0121484 0.0239057
0.0104167 0.00832206 0.16926 0.0028926 0.00286674 0.00494677 0.0115101 0.0113654 0.0232404
0.0102028 0.00808156 0.187933 0.00341147 0.00338126 0.0057063 0.0112352 0.011085 0.0233308
0.00991887 0.00783731 0.183284 0.00288465 0.00287789 0.00339425 0.0112843 0.0111383 0.0234276
0.0101414 0.0080268 0.144239 0.00257784 0.00257488 0.00280229 0.0112659 0.0111612 0.0190988
0.0100988 0.00797209 0.158389 0.0027659 0.0027519 0.00367018 0.0111774 0.0110638 0.0194758
0.0104856 0.00825583 0.157847 0.00280586 0.00280019 0.00316691 0.0115858 0.0114909 0.0173372
0.0110618 0.00876775 0.174371 0.00299551 0.00298228 0.0040199 0.0119893 0.011885 0.0196268
0.0111728 0.00901645 0.152014 0.00274379 0.00272556 0.00397039 0.0122369 0.0120854 0.0222753
0.0115195 0.00914632 0.190619 0.00275036 0.00273921 0.00349452 0.0121966 0.0120793 0.0206254
0.0105537 0.00840754 0.170965 0.00294334 0.00293759 0.00335473 0.0116891 0.0115992 0.0185803
0.0106805 0.00851694 0.136502 0.00297188 0.00296359 0.0034532 0.0117425 0.0116094 0.0198769
0.0108441 0.0086664 0.144097 0.00299643 0.00298022 0.0039927 0.0117195 0.0116193 0.0181795
0.0106891 0.0085468 0.156109 0.00285992 0.00284455 0.00386934 0.0117275 0.0116228 0.0196111
0.0109521 0.00883223 0.148746 0.00291192 0.00290636 0.00324697 0.0117924 0.0117051 0.0174664
0.0106217 0.00834873 0.17058 0.00280284 0.00279149 0.00347602 0.0118692 0.0117161 0.0219685
0.0109363 0.00870637 0.154735 0.00267289 0.00266917 0.00291789 0.0114087 0.0112382 0.0231946
0.0107918 0.00867607 0.142022 0.00268777 0.0026752 0.00345884 0.011381 0.0112694 0.018937
0.0112177 0.00904498 0.139922 0.00296812 0.00295281 0.00396791 0.0120157 0.0118838 0.0202726
0.0112929 0.00899042 0.16003 0.00297195 0.00295784 0.00394944 0.0115121 0.0113599 0.0220916
0.0114632 0.00916241 0.198159 0.00250159 0.00248323 0.00388249 0.0120048 0.0118565 0.0253066
0.0110676 0.00899082 0.188056 0.00271299 0.00271333 0.00269025 0.0120571 0.0119002 0.0243937
0.0106156 0.00850104 0.178467 0.00276345 0.00274258 0.00421167 0.0118383 0.0116892 0.0240793
0.0110726 0.00880866 0.195824 0.00284245 0.00282537 0.00413326 0.0118777 0.0116885 0.0291964
0.0112589 0.00899576 0.180115 0.00279898 0.00279385 0.00313345 0.0123666 0.0122278 0.0235136
0.0110266 0.00886484 0.17835 0.00264513 0.00263228 0.00354472 0.0123878 0.0122474 0.0236798
0.0110606 0.00885046 0.196713 0.00270059 0.00268402 0.00403075 0.0124103 0.0122983 0.022517
0.0114151 0.0091569 0.189889 0.00254951 0.0025396 0.00330726 0.0125125 0.0123418 0.026269
0.0108795 0.00888318 0.156986 0.00269909 0.00268479 0.00383737 0.0123386 0.0121884 0.0251689
0.01067 0.00867618 0.173337 0.00256617 0.00256251 0.00285674 0.0120885 0.0119514 0.0232239
0.010762 0.00862994 0.146324 0.00269352 0.00269285 0.00273603 0.0126738 0.0125298 0.0221332
0.0106092 0.00851227 0.156632 0.00253289 0.002535 0.00240288 0.0123986 0.012279 0.0204845
0.0105284 0.00847333 0.165584 0.00292639 0.00291423 0.00365693 0.0125772 0.012408 0.0243932
0.0104334 0.00848722 0.138495 0.00293582 0.00292818 0.00339109 0.0123921 0.0122465 0.0221061
0.0110922 0.00889311 0.172974 0.00257173 0.00256661 0.00288238 0.0122389 0.0121131 0.0209962
0.0109209 0.00882695 0.176343 0.00281915 0.00279334 0.00436966 0.0122303 0.0120821 0.0228291
0.0105549 0.00848217 0.157718 0.0026523 0.00264137 0.00331245 0.0119544 0.0118195 0.0212864
0.0106462 0.00856229 0.155766 0.00280129 0.00278221 0.00395648 0.0119664 0.0117804 0.0257133
0.010932 0.00874754 0.155542 0.00274909 0.002743 0.0031164 0.011807 0.0116312 0.0240933
0.0107263 0.00854351 0.147151 0.00284469 0.00284027 0.00310467 0.0114879 0.0113056 0.0232515
0.011074 0.00891476 0.154574 0.00304361 0.00303523 0.00360579 0.0117948 0.0115654 0.0268668
0.0114234 0.00920353 0.175403 0.00272704 0.00271635 0.00353328 0.011159 0.0109489 0.0286922
0.0115022 0.00930961 0.182303 0.00259394 0.00257856 0.00367609 0.011578 0.011375 0.0278784
0.011075 0.00892318 0.163459 0.00276366 0.00274676 0.00394423 0.0119276 0.0117133 0.0270571
0.0110994 0.00890176 0.177549 0.00262663 0.00262353 0.00283779 0.0121266 0.0118594 0.0320956
0.0110221 0.00880309 0.175944 0.00289096 0.00288418 0.0032993 0.0120958 0.0118801 0.0270833
0.0107893 0.00883544 0.146353 0.00282074 0.00281747 0.00302958 0.0124113 0.0122392 0.0233914
0.0104961 0.0085125 0.131655 0.0027179 0.0027162 0.00282242 0.0122736 0.0120993 0.0239874
0.0108844 0.00874749 0.159214 0.00296189 0.00296564 0.00272439 0.012603 0.0124171 0.0257974
0.0111152 0.00885365 0.176938 0.00273897 0.00273051 0.00327693 0.0125655 0.0123826 0.0265412
0.0102832 0.00832062 0.143457 0.00260304 0.00259523 0.00307679 0.0119014 0.0117148 0.0249358
0.0105717 0.00842157 0.156102 0.00272765 0.00272894 0.00264691 0.0116599 0.0114709 0.026556
0.0109327 0.00874537 0.181763 0.00247639 0.0024782 0.00235983 0.0115474 0.0113611 0.0257422
0.0110842 0.00888139 0.178927 0.00301707 0.00301022 0.00344024 0.0113771 0.0112427 0.0214457
0.0110168 0.00880454 0.182837 0.00239501 0.0023862 0.00293639 0.0115514 0.0114097 0.0219313
0.0106929 0.00857731 0.146858 0.00291911 0.00290632 0.0037218 0.0118279 0.0116858 0.0220333
0.0111369 0.0089152 0.156437 0.00314275 0.00312762 0.00407104 0.0122426 0.012083 0.023834
0.0108484 0.00873507 0.152941 0.00310529 0.00309374 0.00381394 0.0120463 0.0119329 0.0200115
0.0109417 0.00864616 0.145849 0.00272973 0.00271898 0.00337296 0.011799 0.0116988 0.0181399
0.0103486 0.00806895 0.169924 0.00302766 0.00301787 0.00361463 0.0117156 0.0116128 0.018776
0.0113645 0.00900176 0.178971 0.00273974 0.00273616 0.00294693 0.0118949 0.0117516 0.0220454
0.0108881 0.00870465 0.163536 0.00274384 0.00274585 0.00263849 0.0115063 0.0113561 0.0212663
0.0109237 0.00872881 0.166228 0.00282102 0.00279787 0.0042176 0.0117393 0.011583 0.022655
0.0106809 0.00842753 0.178415 0.00241789 0.0024178 0.00242406 0.0116278 0.0114429 0.0256034
0.0109449 0.0085775 0.200499 0.00276937 0.00276303 0.00320685 0.0117872 0.011578 0.0280875
0.0107961 0.00855613 0.179146 0.00295194 0.00293308 0.004261 0.0119005 0.01171 0.0275451
0.0115267 0.00929371 0.164552 0.00282663 0.00279858 0.0046721 0.0120783 0.0118935 0.0251306
0.0116841 0.00943689 0.151558 0.00341452 0.00339767 0.00440089 0.012334 0.0121678 0.0227433
0.0108581 0.00873724 0.139472 0.00268574 0.00268075 0.00296013 0.0119396 0.0117462 0.023304
0.0111825 0.00890331 0.152738 0.00253599 0.00253997 0.00231596 0.0122867 0.0121278 0.0219515
0.0107455 0.00861554 0.13614 0.00280078 0.00279681 0.00301174 0.0123374 0.0121866 0.0214629
0.0105745 0.00838692 0.158301 0.00266629 0.00265999 0.00303878 0.0120874 0.0119535 0.0206742
0.0105556 0.00843285 0.160046 0.00264389 0.00263353 0.00328011 0.0117108 0.0115557 0.0226927
0.010257 0.00809343 0.146165 0.00273277 0.00271997 0.00350133 0.0120706 0.0118669 0.0260663
0.0103318 0.0082238 0.136648 0.00292094 0.00289868 0.00428806 0.0118771 0.0117678 0.0190188
0.0100024 0.00791402 0.145922 0.00257909 0.00255595 0.00387831 0.0116908 0.0115272 0.0219382
0.0100233 0.00776429 0.162536 0.00246202 0.00245832 0.00267857 0.01122 0.0110814 0.0199546
0.0104409 0.00831744 0.143587 0.00278084 0.00277564 0.00310458 0.0119533 0.0117896 0.0229707
0.0103623 0.00825438 0.136244 0.00281349 0.00280043 0.00355664 0.0116116 0.0114883 0.0189785
0.0103224 0.00817962 0.149368 0.0025027 0.00250587 0.0023142 0.0116491 0.0114841 0.0220993
0.0108666 0.00865952 0.147291 0.00280447 0.00278813 0.00370722 0.0111752 0.0110178 0.0212932
0.0106647 0.00832336 0.166999 0.00259718 0.0025871 0.00314082 0.010866 0.0106937 0.0211215
0.0108063 0.00848578 0.164358 0.00302504 0.00300841 0.00388815 0.0115162 0.0112515 0.0282192
0.0107043 0.00848224 0.154567 0.0026358 0.00262322 0.00347586 0.0110231 0.0108299 0.0243543
0.01094 0.00865157 0.152145 0.00264522 0.00264715 0.00252676 0.0111463 0.01093 0.0251086
0.0109846 0.00876081 0.180734 0.00297557 0.00295289 0.0043507 0.0113589 0.011144 0.0268695
0.0109661 0.00885609 0.154697 0.00315107 0.00313339 0.00416809 0.0115836 0.0113993 0.0239108
0.0103019 0.00821808 0.14668 0.00255825 0.00254085 0.00354554 0.0115119 0.0113177 0.0242281
0.0107589 0.0086161 0.161924 0.00297429 0.00295617 0.0039338 0.0121329 0.0120031 0.0200697
0.01088 0.00883154 0.140558 0.00302102 0.00300538 0.00406096 0.0122184 0.0120827 0.021414
0.0108914 0.00863178 0.152148 0.00258119 0.00256782 0.00342415 0.012002 0.0118615 0.0213212
0.0106827 0.00848686 0.165658 0.00294912 0.00293731 0.00366497 0.0120211 0.0118648 0.0229736
0.0107463 0.00863978 0.144335 0.00274481 0.00274001 0.00301465 0.012096 0.0119724 0.0207647
0.0105952 0.00829025 0.1593 0.00284077 0.00282077 0.00403932 0.0122761 0.0121246 0.0226317
0.010455 0.00828338 0.134403 0.00271512 0.00271116 0.0029661 0.0118683 0.0116988 0.022174
0.0106628 0.0085261 0.144388 0.00287304 0.00285363 0.00410617 0.0123047 0.0121634 0.0219525
0.0105736 0.0083886 0.141096 0.00319719 0.0031657 0.00512535 0.0118608 0.0117575 0.0182677
0.0103231 0.00806754 0.141666 0.00262898 0.00262397 0.00295753 0.0115342 0.0114397 0.0174018
0.0105348 0.00824277 0.147633 0.0030399 0.00302161 0.00416219 0.0117256 0.0116139 0.0185989
0.0104191 0.00827762 0.143888 0.00279669 0.00277989 0.00383938 0.0114484 0.0112923 0.0213539
0.011015 0.00866908 0.156459 0.00262015 0.002616 0.00288991 0.0118625 0.0116746 0.0242989
0.0111614 0.00888009 0.146598 0.00273588 0.00273666 0.0026869 0.0118681 0.011723 0.020601
0.0108305 0.00854654 0.162684 0.00284404 0.00283086 0.0036235 0.0113065 0.0111057 0.0244442
0.0110203 0.0088132 0.150901 0.00290426 0.00288982 0.00383323 0.0117286 0.0115665 0.0222224
0.0112549 0.00902354 0.150445 0.00271552 0.00272178 0.00231013 0.0122685 0.0121278 0.0215313
0.0111471 0.00897216 0.135715 0.00275078 0.002738 0.00349854 0.0119708 0.0117919 0.0228731
0.0109975 0.00881551 0.152766 0.00273301 0.00272544 0.00321346 0.0123146 0.0121854 0.0210853
0.0106316 0.0086284 0.125666 0.00278707 0.00277665 0.00343345 0.0121532 0.0120042 0.0220347
0.0105759 0.00839343 0.157442 0.00273003 0.00272838 0.00282634 0.0117022 0.011566 0.0212012
0.0104441 0.00829216 0.157473 0.00281723 0.0028208 0.0026141 0.0112931 0.0111675 0.0200256
0.0102631 0.00830362 0.145522 0.00260096 0.00259703 0.00284026 0.0114034 0.0112564 0.0214481
0.010904 0.0088053 0.127456 0.00274164 0.00272467 0.00379984 0.0116557 0.011527 0.0191258
0.0103073 0.00808157 0.144935 0.0027373 0.0027211 0.00374697 0.0117903 0.0116891 0.0178677
0.0106041 0.00855088 0.148415 0.00294728 0.00293777 0.00353383 0.0115212 0.0113707 0.0215662
0.0108686 0.0086095 0.155516 0.0026503 0.00263287 0.00368954 0.0116975 0.0115646 0.0204999
0.0109147 0.00868303 0.14632 0.00271285 0.00269841 0.00359006 0.0116053 0.0114831 0.0195161
0.011 0.00884558 0.138279 0.00291885 0.00287767 0.00547517 0.0117614 0.0116374 0.0192194
0.0108961 0.00879838 0.131569 0.00305483 0.00302497 0.0047751 0.0121441 0.011968 0.0232619
0.0111791 0.00905599 0.162387 0.00250724 0.00249311 0.00342999 0.0121378 0.0120187 0.0203884
0.0106867 0.00865322 0.13093 0.00277707 0.00276476 0.00359611 0.0117522 0.0116299 0.020167
0.0108181 0.00874862 0.147877 0.0026666 0.00266393 0.00283855 0.0118289 0.0116733 0.0231869
0.0104747 0.00841299 0.165237 0.00265253 0.00265447 0.00253599 0.0118199 0.0116522 0.0237863
0.0106757 0.00867678 0.145459 0.00251639 0.00251725 0.0024573 0.011765 0.0116436 0.0207794
0.0108098 0.00866253 0.159606 0.00291731 0.0028933 0.00428742 0.0122301 0.0121297 0.0187539
0.0109639 0.00872868 0.184487 0.00258649 0.00258067 0.00298004 0.0120991 0.0119679 0.0222103
0.0108389 0.00878112 0.148531 0.00291182 0.00289584 0.00401146 0.0119134 0.0118277 0.0178381
0.0107966 0.00869123 0.181186 0.0027265 0.00272721 0.00268168 0.0122044 0.0120605 0.0230092
0.0106766 0.00865274 0.154923 0.00235971 0.00236027 0.00232253 0.0120632 0.0119216 0.0238127
0.0110442 0.00895048 0.156188 0.0029109 0.00289092 0.00419061 0.011796 0.0117225 0.0170434
0.0108816 0.0089061 0.147485 0.00250204 0.00249599 0.00287809 0.0122279 0.0121605 0.0170321
0.0110254 0.00897045 0.160589 0.00286681 0.00285405 0.00365884 0.0122314 0.0121261 0.0193271
0.0108712 0.00877726 0.16024 0.00300583 0.00298511 0.00428092 0.0121251 0.0119918 0.0217626
0.0108577 0.00879342 0.168079 0.00283395 0.00280998 0.00458266 0.0124379 0.0123132 0.0228741
0.0107248 0.00861659 0.176925 0.00312941 0.00309212 0.00565824 0.0125914 0.0124631 0.0225411
0.0104646 0.00844366 0.149434 0.00283599 0.00281682 0.0042199 0.0126203 0.0125635 0.0165656
0.0103512 0.00826003 0.161358 0.00265501 0.00264526 0.00330219 0.0122765 0.0122146 0.0165087
0.0104642 0.00834206 0.158076 0.00277358 0.00278005 0.00237001 0.0127351 0.0126246 0.0202617
0.0110285 0.00894153 0.133945 0.00282388 0.00281352 0.00345366 0.0128894 0.0127987 0.0185411
0.0106013 0.00850359 0.144459 0.00264078 0.00262946 0.00340594 0.0126207 0.0124974 0.0208838
0.0110609 0.00898105 0.147201 0.00294761 0.0029245 0.00449802 0.0124747 0.0123476 0.0208766
0.0112022 0.00898142 0.173824 0.00297258 0.00295582 0.00406107 0.0122791 0.0121679 0.0199151
0.011434 0.00911852 0.160948 0.00275787 0.00274271 0.00380568 0.0126492 0.0125061 0.0219194
0.0107806 0.00864584 0.148059 0.00273805 0.00273772 0.00275936 0.0120869 0.0119723 0.0196029
0.0108225 0.00867595 0.159976 0.00273062 0.00272566 0.00303814 0.0117898 0.0117195 0.0165603
0.0110942 0.00897384 0.156276 0.00247529 0.00246747 0.00296768 0.0122133 0.0121227 0.018192
0.0110138 0.00895877 0.142315 0.00296528 0.00296382 0.00304804 0.0116066 0.0115601 0.0142245
0.0111439 0.00904082 0.152667 0.00300724 0.00297623 0.00514037 0.0119918 0.0118922 0.018633
0.0107522 0.00863141 0.153024 0.00269582 0.00268227 0.00357269 0.0120412 0.0119717 0.0166164
