400 100 10
-0.00875119 -0.170739
0.11626 -0.46898
2.73376 -0.284152
3.02151 -0.375845
2.97731 -1.1955
3.50632 -1.57345
5.19628 -2.03624
7.21687 -2.30883
7.9474 -3.02302
8.14972 -3.74376
8.29238 -4.52614
8.43335 -5.31687
8.51235 -5.58132
8.49583 -6.15576
8.52002 -6.11109
8.6424 -6.14356
8.71493 -6.39065
8.81731 -6.22458
8.92122 -6.43675
8.81718 -6.50781
8.78307 -6.65276
8.59921 -6.65306
8.73817 -6.5552
8.49347 -7.05211
8.66468 -6.79769
8.80519 -7.11367
8.57879 -7.45933
8.91427 -7.42533
8.69098 -7.76184
8.6841 -7.72231
9.09463 -7.81266
8.77639 -7.73041
8.55071 -8.18493
8.76384 -8.20054
8.79868 -8.28686
8.65641 -7.67782
8.84106 -7.91993
8.98013 -7.81898
8.82822 -8.16988
8.87893 -8.05841
8.87735 -8.07859
9.18177 -8.15559
8.70847 -7.99211
8.40138 -7.9764
9.04419 -8.00644
8.85492 -8.67752
8.80786 -8.49488
8.66576 -8.20088
8.54238 -8.60359
8.8386 -8.62489
8.84241 -8.62167
9.17921 -8.35171
8.85912 -8.56779
8.69182 -8.26726
8.79427 -8.58744
8.54006 -8.47407
9.36626 -8.66357
9.02825 -8.41916
9.04831 -8.59095
8.77619 -8.29528
8.97279 -8.90294
9.00523 -8.12615
8.57061 -8.46565
8.59951 -8.59861
8.85989 -8.35407
9.18251 -8.33263
8.99137 -8.36935
9.75283 -8.42052
9.06094 -8.78744
8.63946 -8.32511
8.97102 -8.36935
8.86567 -8.37903
8.67721 -8.52411
8.80082 -8.73391
9.20026 -8.51449
8.90822 -8.76651
9.62887 -8.84759
9.21279 -8.19064
8.5608 -8.7083
9.26431 -8.60129
9.20966 -9.30935
8.85689 -8.80548
9.01456 -8.97526
9.13342 -8.51052
9.50545 -8.24869
8.53865 -7.93439
9.34869 -8.44824
9.56642 -8.50799
9.14042 -8.7366
9.04895 -8.61168
9.07915 -8.61014
9.46346 -8.87922
9.09539 -8.28546
8.9622 -8.84097
9.38444 -8.12039
9.44511 -8.30395
8.91376 -8.38304
8.89625 -8.30058
8.49354 -8.45941
8.79891 -8.86018
9.17422 -8.37966
8.87405 -8.36082
9.00883 -8.34962
9.46537 -8.24612
9.13448 -8.53283
8.92166 -8.45227
8.91219 -8.61839
9.3868 -8.347
9.26126 -8.85466
9.40512 -9.05294
8.93239 -8.83459
9.06861 -8.75335
9.23388 -8.6086
9.31475 -8.27425
9.21079 -8.43986
9.13781 -8.39061
9.01928 -8.27857
8.88276 -8.20315
9.1048 -8.46773
9.18498 -8.93692
8.90133 -8.22037
8.85411 -8.35902
9.16899 -8.43207
9.09428 -8.16974
8.97222 -8.62314
9.59676 -8.1895
8.8334 -8.20801
9.49842 -8.93946
9.31475 -8.392
9.02777 -8.72011
9.1851 -8.44141
8.89252 -7.68984
9.42462 -8.18957
9.28643 -8.36135
9.22016 -8.54296
9.37844 -8.75022
9.09554 -8.84167
9.39329 -8.66228
9.28527 -8.44621
9.08261 -8.53721
9.24277 -8.57952
8.5133 -8.69131
8.9645 -8.64174
9.06979 -8.46097
9.01741 -8.51253
9.03244 -8.71071
9.21372 -8.35299
9.08805 -8.63137
9.02313 -8.57029
8.82601 -8.67384
9.12377 -8.53281
8.91661 -8.99315
9.1686 -8.96805
9.29049 -8.62512
9.24307 -9.0591
9.01006 -8.79039
9.44778 -8.75688
9.23767 -8.56974
9.4357 -8.45402
9.14142 -8.47281
9.64704 -8.82578
8.9185 -8.78833
9.35713 -9.32005
9.31391 -9.04351
9.37832 -8.65435
9.85743 -8.44251
9.20047 -8.94501
8.81591 -8.62602
9.17912 -8.88417
9.41151 -8.87674
9.34221 -8.35678
9.78308 -8.57792
9.25319 -8.59672
9.49333 -8.48825
9.12766 -8.3876
9.22976 -8.19255
9.72244 -8.68021
9.39251 -8.93444
9.25685 -8.60998
9.63017 -8.5251
9.51881 -9.36337
9.27602 -8.79404
9.39151 -8.77669
9.6482 -9.04077
9.3808 -9.03975
9.12836 -8.80328
9.28696 -8.82691
9.18318 -8.96863
9.34462 -8.74212
10.0241 -8.72377
9.65939 -8.63413
9.65989 -8.99584
9.39801 -8.90446
9.35175 -8.85222
9.5754 -8.74254
9.55227 -8.48103
9.39052 -8.53851
9.11445 -8.68746
9.21729 -8.74608
9.83711 -8.54104
10.5102 -9.37745
10.1881 -9.7162
10.6557 -9.9433
10.2916 -9.96865
10.1166 -9.8901
10.4226 -9.72532
10.1281 -9.54109
10.0505 -9.51881
9.89541 -9.76238
10.0689 -9.76887
9.91802 -9.63175
9.63374 -9.54322
9.7127 -9.5384
9.82361 -9.56682
9.92473 -9.61545
9.8687 -9.66389
9.75725 -9.59379
9.67043 -9.69493
9.70778 -9.64961
9.70269 -9.61001
9.5937 -9.6497
9.98362 -9.66265
9.89491 -9.67967
10.0613 -9.68615
10.4476 -9.74273
10.2645 -9.68291
10.1253 -9.74114
10.066 -9.6686
9.73625 -9.63056
9.73551 -9.65626
9.80972 -9.72741
9.84627 -9.73424
9.78493 -9.775
9.65499 -9.72674
9.51985 -9.75224
9.53274 -9.78144
9.57655 -9.79893
9.72117 -9.76629
9.74586 -9.76674
9.70889 -9.80792
9.79469 -9.76267
9.93471 -9.77473
9.97132 -9.7714
10.0949 -9.77389
10.1277 -9.81629
10.108 -9.79655
10.1257 -9.77008
10.1453 -9.78983
10.1533 -9.79198
10.1541 -9.78883
10.1927 -9.78985
10.1872 -9.75049
10.1816 -9.74172
10.172 -9.81847
10.161 -9.84678
10.1891 -9.77656
10.2008 -9.83921
10.1663 -9.79975
10.1617 -9.78902
10.2556 -9.80604
10.2307 -9.86514
10.1789 -9.94882
10.2032 -9.90622
10.158 -9.83227
10.1644 -9.79951
10.1384 -9.76705
10.1714 -9.76815
10.1907 -9.75101
10.1907 -9.76518
10.2175 -9.81619
10.1938 -9.75712
10.1389 -9.81511
10.1703 -9.75792
10.2091 -9.78439
10.2265 -9.77938
10.1899 -9.74781
10.1686 -9.7456
10.1708 -9.76451
10.1858 -9.74687
10.2363 -9.75549
10.2552 -9.76133
10.3071 -9.74513
10.278 -9.72154
10.2983 -9.71569
10.3048 -9.80342
10.259 -9.73898
10.2123 -9.72667
10.1951 -9.75217
10.1878 -9.75234
10.1814 -9.75212
10.1747 -9.73414
10.1703 -9.75816
10.1564 -9.71673
10.1286 -9.73411
10.1761 -9.7495
10.1583 -9.75618
10.1973 -9.79665
10.2051 -9.80277
10.1797 -9.78585
10.1506 -9.77795
10.0503 -9.75988
10.0987 -9.73056
10.0311 -9.70834
9.99412 -9.78718
10.1045 -9.77246
10.1677 -9.7733
10.1663 -9.75207
10.1466 -9.69986
10.1373 -9.59904
10.2083 -9.62304
10.1896 -9.59122
10.2091 -9.69185
10.1946 -9.71766
10.2456 -9.77768
10.2466 -9.74891
10.2268 -9.77089
10.1978 -9.74823
10.1554 -9.77573
10.1154 -9.77973
10.09 -9.80329
10.116 -9.83862
10.1461 -9.85996
10.1472 -9.82716
10.1828 -9.73191
10.237 -9.776
10.1489 -9.81252
10.1112 -9.81691
10.1331 -10.0405
10.097 -9.94625
10.1384 -9.97518
10.1479 -9.96327
10.1473 -9.97423
10.1475 -10.0326
10.1473 -9.98267
10.1562 -9.86987
10.1494 -9.88482
10.1483 -9.85217
10.1454 -9.8937
10.1425 -9.84671
10.1217 -9.84869
10.1454 -9.87498
10.1542 -9.84938
10.1561 -9.89451
10.1444 -9.85511
10.1548 -9.8712
10.1473 -9.88335
10.1086 -9.88577
10.1502 -9.89118
10.1479 -9.89101
10.1487 -9.90174
10.1581 -9.92161
10.1491 -9.85745
10.141 -9.82956
10.1508 -9.86236
10.1484 -9.86597
10.1393 -9.88799
10.1438 -9.85605
10.1496 -9.874
10.1454 -9.87806
10.1368 -9.91009
10.146 -9.89103
10.1361 -9.89422
10.1202 -9.9108
10.1298 -9.85205
10.1219 -9.874
10.1523 -9.92705
10.1515 -9.90128
10.1757 -9.83831
10.1832 -9.83863
10.161 -9.83394
10.1354 -9.85095
10.0833 -9.84697
10.0878 -9.9129
10.0168 -9.88352
10.0534 -9.96127
10.0647 -9.98299
10.0826 -9.99235
10.0691 -10.0009
10.0656 -10.0159
10.0644 -10.0249
10.0928 -10.008
10.0864 -10.0725
10.1284 -10.0085
10.0949 -10.0211
10.0363 -10.0863
10.1132 -10.0951
10.1043 -10.0482
10.1326 -10.0264
10.142 -10.0257
10.1396 -10.0495
10.1474 -10.0449
10.1473 -10.0612
10.1395 -10.0617
10.1479 -10.0288
10.1472 -10.0129
10.1505 -10.0237
10.1505 -10.0087
10.1473 -9.99782
10.1501 -9.99785
10.1451 -9.99477
