8000 5
0.000702925 
NAN 
1.10354e-05 
0.000155004 
5.03898e-05 
9.7115e-05 
8.0149e-06 
7.04941e-07 
1.29678e-05 
4.13232e-06 
0.000127952 
0.000607229 
0.000504681 
6.23641e-06 
1.57817e-06 
6.29371e-06 
0.00253044 
0.00391851 
0.00569873 
0.00494076 
0.0102064 
0.016409 
0.0418166 
0.0333161 
0.039519 
0.0443727 
0.110055 
0.12227 
0.0879592 
0.11235 
0.206186 
0.168115 
0.207625 
0.132045 
0.104486 
0.0812901 
0.0952268 
0.0731807 
0.0909355 
0.0805221 
0.0730496 
0.084807 
0.0527748 
0.0611362 
0.0418486 
0.0381749 
0.0431423 
0.0444459 
0.0545657 
0.0784582 
0.0762404 
0.073182 
0.0770298 
0.113944 
0.147817 
0.162138 
0.218571 
0.189882 
0.154302 
0.171973 
0.152412 
0.15355 
0.184863 
0.164198 
0.222754 
0.131778 
0.106488 
0.119349 
0.1387 
0.150398 
0.100547 
0.107933 
0.156062 
0.0712518 
0.0783173 
0.0745846 
0.0730814 
0.0830775 
0.0755289 
0.0769187 
0.0916531 
0.0839003 
0.096071 
0.101825 
0.0978655 
0.0990787 
0.094559 
0.127257 
0.127545 
0.112225 
0.101777 
0.11086 
0.109181 
0.0929552 
0.0950292 
0.0911678 
0.102235 
0.119089 
0.0943494 
0.0726043 
0.112346 
0.130869 
0.130941 
0.0732972 
0.0699297 
0.103378 
0.101994 
0.0926027 
0.0811805 
0.0939872 
0.0999366 
0.100361 
0.121373 
0.09539 
0.0959215 
0.087475 
0.0871568 
0.0854149 
0.0963041 
0.0874694 
0.0978558 
0.0843142 
0.0786079 
0.0974403 
0.112028 
0.0900448 
0.099513 
0.0984816 
0.103278 
0.099224 
0.067284 
0.0855827 
0.0773292 
0.0643339 
0.0925328 
0.102976 
0.0914802 
0.0967918 
0.073146 
0.0781639 
0.0533358 
0.0644442 
0.0638493 
0.0621703 
0.0552058 
0.0797657 
0.0711721 
0.059522 
0.0715598 
0.0698046 
0.0699027 
0.0755342 
0.0749176 
0.0586639 
0.0642672 
0.0679022 
0.0588206 
0.0739888 
0.0672315 
0.0709296 
0.0681952 
0.0717935 
0.0771143 
0.075257 
0.07485 
0.103084 
0.10079 
0.104561 
0.0892382 
0.0854334 
0.0770566 
0.0704764 
0.071003 
0.0714274 
0.0687972 
0.0795685 
0.0991612 
0.0873821 
0.0740786 
0.0734513 
0.0794843 
0.0762372 
0.0854889 
0.101067 
0.0847279 
0.0720749 
0.0672376 
0.0672431 
0.0804848 
0.0826967 
0.0964669 
0.064591 
0.061742 
0.0675871 
0.0678222 
0.0742241 
0.0793615 
0.0887865 
0.0800972 
0.0851865 
0.105835 
0.0827201 
0.0890172 
0.103102 
0.115244 
0.0731514 
0.073209 
0.0909015 
0.0777818 
0.0609325 
0.0620991 
0.0569641 
0.0640306 
0.0633669 
0.0740411 
0.0806546 
0.0630905 
0.0482463 
0.0578848 
0.0592762 
0.0568278 
0.0594697 
0.0568072 
0.0672915 
0.0553898 
0.0474053 
0.0486078 
0.0522786 
0.0677487 
0.0611919 
0.057753 
0.0636599 
0.0665017 
0.0621517 
0.0561457 
0.0580219 
0.060345 
0.0498235 
0.0509885 
0.0614368 
0.061794 
0.0609007 
0.0515669 
0.0603112 
0.0572051 
0.0505622 
0.0534127 
0.060991 
0.0590538 
0.0603096 
0.0630556 
0.0635838 
0.0605896 
0.062452 
0.0533873 
0.0467193 
0.0502413 
0.0476254 
0.0536535 
0.0484952 
0.0514861 
0.0486257 
0.0442926 
0.0477047 
0.0469233 
0.0454078 
0.0486441 
0.0490614 
0.0508163 
0.0433708 
0.0472645 
0.0491214 
0.0438131 
0.042021 
0.0419086 
0.0457565 
0.0452609 
0.0410202 
0.0376231 
0.0383554 
0.0379121 
0.0345818 
0.0370353 
0.0444165 
0.0410818 
0.0454475 
0.0481356 
0.0530094 
0.0461857 
0.04701 
0.05436 
0.0451439 
0.0467429 
0.0409517 
0.0403166 
0.0348337 
0.0408096 
0.0382633 
0.0408327 
0.0385283 
0.0421662 
0.0409928 
0.0424326 
0.0404474 
0.0408787 
0.0431073 
0.041338 
0.0374014 
0.0367681 
0.0385903 
0.0396621 
0.0382855 
0.0413255 
0.0435569 
0.0452511 
0.0348246 
0.042682 
0.0429486 
0.0392894 
0.0354652 
0.032473 
0.0355195 
0.0352418 
0.0429812 
0.0316226 
0.0347956 
0.0377646 
0.0357359 
0.0350884 
0.0353501 
0.0314994 
0.0379632 
0.0417756 
0.0426262 
0.0362084 
0.0381924 
0.0440741 
0.0441652 
0.0527083 
0.0438672 
0.0485943 
0.0551802 
0.0526988 
0.0503166 
0.0516459 
0.0464619 
0.039672 
0.0397049 
0.0441459 
0.0390929 
0.0410094 
0.0423498 
0.037513 
0.0397177 
0.0369743 
0.0298843 
0.0352656 
0.0342456 
0.0329415 
0.0291132 
0.0342387 
0.0338673 
0.0304976 
0.0405926 
0.0440864 
0.0425002 
0.0404224 
0.0426064 
0.0386942 
0.0378549 
0.0363892 
0.0326327 
0.0334757 
0.0325247 
0.0359686 
0.038805 
0.038088 
0.0320717 
0.0306734 
0.0319711 
0.0355912 
0.0322347 
0.0316491 
0.036537 
0.0417119 
0.0411204 
0.0417293 
0.0445489 
0.040135 
0.0351939 
0.0382036 
0.0393539 
0.0373372 
0.038487 
0.035736 
0.0352598 
0.0317545 
0.0296891 
0.0347521 
0.0375813 
0.0386867 
0.0391228 
0.039044 
0.0466311 
0.0443394 
0.0542909 
0.0589125 
0.0501719 
0.050419 
0.0402381 
0.0378891 
0.0369575 
0.0353289 
0.0401329 
0.044718 
0.0429082 
0.0449385 
0.0488385 
0.0449609 
0.0477693 
0.0453563 
0.0462482 
0.0460553 
0.0498927 
0.0479683 
0.0493828 
0.0494358 
0.0475411 
0.0429154 
0.0421402 
0.0448644 
0.0503865 
0.0488896 
0.0496548 
0.0473768 
0.037683 
0.0463466 
0.0434282 
0.0505837 
0.0431799 
0.0479621 
0.0414546 
0.0436881 
0.0451529 
0.0464985 
0.0411394 
0.0421176 
0.0421246 
0.0463382 
0.0482823 
0.0495002 
0.0439954 
0.0500177 
0.0559978 
0.0529638 
0.0485118 
0.0517422 
0.0453592 
0.0404423 
0.0375517 
0.043423 
0.0380712 
0.0381899 
0.0402731 
0.040393 
0.0423806 
0.0419585 
0.0456778 
0.0393105 
0.0393597 
0.0373433 
0.0379691 
0.0380674 
0.0407152 
0.039169 
0.0425923 
0.0489417 
0.0526864 
0.0468542 
0.0469681 
0.0512011 
0.0560269 
0.0493891 
0.0473915 
0.0441678 
0.0499772 
0.0500605 
0.0491239 
0.0507824 
0.0465533 
0.0566346 
0.0572038 
0.054272 
0.0642757 
0.0636201 
0.0563629 
0.0589259 
0.0537898 
0.0526989 
0.051971 
0.0544866 
0.0603558 
0.0611304 
0.0590341 
0.053849 
0.0466791 
0.0474619 
0.0440017 
0.0383269 
0.0412767 
0.0424397 
0.0439648 
0.044659 
0.0387364 
0.0441124 
0.0396055 
0.0429753 
0.0424748 
0.0423303 
0.0453054 
0.0439511 
0.0404895 
0.0425735 
0.0381932 
0.0403061 
0.040079 
0.0394729 
0.039178 
0.0382435 
0.0398683 
0.0379292 
0.0431986 
0.0406379 
0.0390861 
0.034479 
0.0372676 
0.0336497 
0.0390614 
0.0316224 
0.0320542 
0.0359051 
0.0350086 
0.0356667 
0.0368245 
0.0351156 
0.0329554 
0.0310901 
0.0381915 
0.0359511 
0.0348859 
0.0414046 
0.0449693 
0.0454073 
0.0429536 
0.0398535 
0.0380272 
0.0385737 
0.0351465 
0.0377913 
0.0384709 
0.0367452 
0.0418366 
0.0468017 
0.0440216 
0.0379925 
0.0417131 
0.0449163 
0.0393975 
0.0388431 
0.0371074 
0.0394871 
0.0398499 
0.0377928 
0.0366003 
0.0363468 
0.0357484 
0.0358786 
0.0336443 
0.0328758 
0.0320599 
0.0346632 
0.0352867 
0.0335285 
0.0317701 
0.0356789 
0.0342447 
0.0400202 
0.0348989 
0.037473 
0.0318636 
0.033226 
0.0323628 
0.0341328 
0.0393085 
0.0361147 
0.0356496 
0.0372543 
0.0418483 
0.0403827 
0.0411796 
0.0381488 
0.0356718 
0.0362036 
0.0325994 
0.0378126 
0.0377808 
0.0413688 
0.0425749 
0.040025 
0.0391143 
0.0338862 
0.0451671 
0.0465898 
0.0457645 
0.0520423 
0.0505368 
0.0441867 
0.053333 
0.0509919 
0.0465693 
0.0503922 
0.052555 
0.0559819 
0.0475586 
0.0360125 
0.0374139 
0.0378273 
0.0419217 
0.037898 
0.0356763 
0.0408049 
0.0436115 
0.0407376 
0.0424116 
0.0366183 
0.0351066 
0.0314296 
0.0387391 
0.0390856 
0.0368694 
0.0396482 
0.0389187 
0.0423116 
0.0416195 
0.0376625 
0.0389405 
0.0382025 
0.0437099 
0.0497714 
0.0505363 
0.044489 
0.0479562 
0.0500453 
0.0500865 
0.046463 
0.0494753 
0.0483763 
0.0481379 
0.048828 
0.0494131 
0.0425829 
0.0490663 
0.0483145 
0.0479944 
0.0433802 
0.0423622 
0.0445732 
0.0461031 
0.0437863 
0.0442232 
0.0440426 
0.0474154 
0.0417064 
0.0386985 
0.03976 
0.0433322 
0.0386054 
0.040335 
0.0412116 
0.0369105 
0.0354744 
0.0388091 
0.0399506 
0.0401642 
0.0386092 
0.0438653 
0.0422004 
0.0464471 
0.0409624 
0.0456618 
0.0476849 
0.0495928 
0.0397175 
0.0377077 
0.0394987 
0.0439382 
0.0392033 
0.038483 
0.0417784 
0.0405316 
0.0347125 
0.0434122 
0.0407632 
0.0419343 
0.0452924 
0.0415124 
0.0379154 
0.0355888 
0.0426314 
0.0423849 
0.0444935 
0.0401345 
0.0423236 
0.0420753 
0.0453071 
0.0406463 
0.0372371 
0.0395623 
0.041903 
0.0463028 
0.0408668 
0.0457315 
0.0465491 
0.0465703 
0.0471049 
0.0520064 
0.0442497 
0.0439835 
0.0425859 
0.0430322 
0.0366974 
0.0324884 
0.0292121 
0.0358129 
0.0356532 
0.0415715 
0.040127 
0.0403828 
0.0428092 
0.0405813 
0.0480371 
0.0508004 
0.0467715 
0.0470805 
0.0449534 
0.0439631 
0.0479143 
0.0431573 
0.0468068 
0.0440354 
0.0423545 
0.038905 
0.0377699 
0.0442806 
0.0439337 
0.0411112 
0.0423549 
0.0462024 
0.0388357 
0.0377152 
0.0347137 
0.0350981 
0.0394955 
0.0380557 
0.0342178 
0.0333939 
0.0337996 
0.0338584 
0.0339449 
0.0339097 
0.0345534 
0.0347208 
0.0369851 
0.0420812 
0.0414687 
0.0391173 
0.037534 
0.0363987 
0.0346022 
0.0331327 
0.0346324 
0.0334876 
0.0382311 
0.0373754 
0.0348348 
0.0347344 
0.0392855 
0.0354669 
0.0386059 
0.0412397 
0.0407771 
0.039857 
0.0479741 
0.0380916 
0.04692 
0.0463593 
0.0460749 
0.045419 
0.0426662 
0.0393329 
0.0449135 
0.0415073 
0.0423395 
0.0385152 
0.0352463 
0.0393759 
0.0412854 
0.0427164 
0.0410612 
0.0336519 
0.0338134 
0.0364701 
0.0348692 
0.0390079 
0.0401906 
0.0381266 
0.037222 
0.0380969 
0.0409353 
0.0419456 
0.0347667 
0.037221 
0.0325874 
0.0415886 
0.0387633 
0.0373055 
0.0410449 
0.040124 
0.0418774 
0.039356 
0.0373081 
0.0394504 
0.0408134 
0.0473136 
0.0470161 
0.0484452 
0.0457062 
0.043104 
0.0398584 
0.0420345 
0.0370837 
0.0370899 
0.0320564 
0.0290431 
0.0320361 
0.0301123 
0.0324358 
0.0332743 
0.0317647 
0.033703 
0.0348547 
0.0351019 
0.0359214 
0.0396672 
0.0421153 
0.0437976 
0.0441211 
0.041458 
0.0403846 
0.0364323 
0.0432207 
0.0474208 
0.0437413 
0.0421555 
0.0409649 
0.0442181 
0.041178 
0.0459274 
0.0416988 
0.0344619 
0.0353961 
0.0455542 
0.0395362 
0.0374107 
0.0386928 
0.0373109 
0.0405534 
0.0416823 
0.0396684 
0.0385622 
0.0333845 
0.0364005 
0.0373533 
0.0365695 
0.0359381 
0.0332312 
0.0367637 
0.0395259 
0.0411379 
0.0433787 
0.04305 
0.0467228 
0.0402903 
0.0453307 
0.0459585 
0.0420459 
0.0381059 
0.0372891 
0.0364645 
0.039013 
0.0347612 
0.0391367 
0.0425131 
0.0398746 
0.0446705 
0.0427191 
0.0395571 
0.0416841 
0.0498519 
0.0467372 
0.0458724 
0.0452325 
0.0426338 
0.0372882 
0.0405558 
0.0413968 
0.0403191 
0.0382347 
0.035955 
0.0332496 
0.0314363 
0.0344977 
0.035489 
0.0370185 
0.0330349 
0.0350857 
0.0341887 
0.0335634 
0.0339819 
0.0403894 
0.0366335 
0.0367105 
0.0391052 
0.0367533 
0.0363159 
0.0373958 
0.0357087 
0.0389625 
0.0458021 
0.0396894 
0.0433767 
0.0483971 
0.0547118 
0.0520087 
0.0502499 
0.0490594 
0.0456254 
0.0489386 
0.0525705 
0.0503496 
0.0495442 
0.0510561 
0.047958 
0.0476331 
0.0511604 
0.05067 
0.0480415 
0.0508639 
0.048823 
0.0471118 
0.04271 
0.0434744 
0.0463251 
0.0535397 
0.051929 
0.0517352 
0.0527596 
0.0556316 
0.0485267 
0.0493636 
0.0512307 
0.0504623 
0.0472642 
0.0509852 
0.0530892 
0.0568334 
0.058879 
0.0584982 
0.054 
0.0556283 
0.0523243 
0.0560385 
0.0554938 
0.0472593 
0.0476595 
0.0458871 
0.0503095 
0.0539081 
0.051526 
0.0533265 
0.052396 
0.0436774 
0.0478778 
0.041024 
0.0383456 
0.0425861 
0.0446694 
0.0485612 
0.0493531 
0.0506568 
0.0506916 
0.0470168 
0.0435204 
0.0522573 
0.0501618 
0.0546828 
0.057225 
0.0572227 
0.0563842 
0.0524771 
0.04684 
0.0465565 
0.0451631 
0.043551 
0.0397836 
0.042308 
0.0493452 
0.050761 
0.0502643 
0.0454477 
0.045176 
0.0433382 
0.0470107 
0.0486035 
0.0470434 
0.0441947 
0.0434828 
0.0434549 
0.048758 
0.0479002 
0.049914 
0.0501037 
0.0521839 
0.0479571 
0.0538174 
0.0506312 
0.0526288 
0.0563231 
0.0495535 
0.0550818 
0.0515995 
0.0492059 
0.0528318 
0.0474548 
0.0480266 
0.046106 
0.0567338 
0.0575074 
0.0570577 
0.0571315 
0.0673973 
0.0482149 
0.0543252 
0.0566472 
0.0553882 
0.0542536 
0.0499756 
0.0514836 
0.0544326 
0.0507088 
0.0539609 
0.0561633 
0.0556586 
0.0570028 
0.0558933 
0.0584421 
0.0558638 
0.0519259 
0.0522496 
0.0502868 
0.0522781 
0.0543945 
0.0492853 
0.0528198 
0.0487951 
0.0393206 
0.0445099 
0.0422909 
0.0492611 
0.0503931 
0.0476734 
0.0432974 
0.0475582 
0.0481071 
0.0502003 
0.052498 
0.0493336 
0.0499151 
0.0514884 
0.0516801 
0.051539 
0.0509175 
0.0509718 
0.050691 
0.0478584 
0.0447653 
0.0501604 
0.0572609 
0.0557449 
0.0564775 
0.0569926 
0.049149 
0.0467354 
0.0397875 
0.0424041 
0.0415571 
0.0414641 
0.0412481 
0.0439566 
0.041741 
0.0394659 
0.0414879 
0.0404716 
0.041271 
0.0453296 
0.0395209 
0.0453898 
0.0428008 
0.0444295 
0.0519824 
0.0554877 
0.0536528 
0.0558477 
0.054572 
0.0549321 
0.0528442 
0.0502738 
0.0488906 
0.0470373 
0.0447447 
0.0442815 
0.0465917 
0.0433103 
0.0434697 
0.0521767 
0.0487176 
0.0490245 
0.0516743 
0.0530275 
0.0488836 
0.0487339 
0.0543669 
0.0520544 
0.0432007 
0.0370763 
0.0420255 
0.046464 
0.0448716 
0.0481787 
0.0452324 
0.0505734 
0.0535357 
0.0518851 
0.05265 
0.0508592 
0.0464878 
0.0512115 
0.0489864 
0.0473158 
0.0514952 
0.0457168 
0.0531002 
0.0589932 
0.0601031 
0.0562276 
0.048373 
0.0593101 
0.0621065 
0.0579551 
0.0601069 
0.0646398 
0.0682977 
0.0653172 
0.0606122 
0.053791 
0.0563013 
0.0483901 
0.0548103 
0.054545 
0.0535989 
0.0491635 
0.0550618 
0.0540642 
0.0555661 
0.0573434 
0.0637188 
0.0630937 
0.0600991 
0.0574875 
0.0647561 
0.0634492 
0.0588165 
0.0647966 
0.0650798 
0.0598163 
0.0529319 
0.0580449 
0.0537643 
0.0576373 
0.0587771 
0.0570505 
0.0573263 
0.0546752 
0.0541406 
0.053634 
0.050297 
0.0490992 
0.054857 
0.0517722 
0.0519908 
0.0515544 
0.0484809 
0.053387 
0.0489536 
0.0534672 
0.0588381 
0.0620318 
0.0554567 
0.0633338 
0.062808 
0.0631466 
0.0648864 
0.0636782 
0.0679018 
0.064016 
0.0629227 
0.0509415 
0.0536555 
0.0581585 
0.0585837 
0.0632479 
0.0602871 
0.0517829 
0.0517683 
0.0556499 
0.0610531 
0.0617004 
0.0559398 
0.0527093 
0.0516204 
0.0503897 
0.0520636 
0.0477437 
0.0518005 
0.0511721 
0.0547528 
0.0607647 
0.0700146 
0.0629798 
0.0633935 
0.0541018 
0.054372 
0.0527637 
0.0582416 
0.0633837 
0.066624 
0.0626083 
0.0628815 
0.0641118 
0.0620151 
0.0653841 
0.0655131 
0.0594007 
0.0615442 
0.0614462 
0.0616894 
0.0654752 
0.0568149 
0.0633113 
0.067209 
0.0670787 
0.054418 
0.0556552 
0.0604709 
0.0570111 
0.0553681 
0.0603899 
0.062001 
0.0616788 
0.0556399 
0.0540547 
0.0556705 
0.0578656 
0.0541619 
0.0492125 
0.0553475 
0.0585124 
0.0562218 
0.0633951 
0.0614339 
0.0617027 
0.0616206 
0.0607797 
0.0597053 
0.0574998 
0.059373 
0.0642917 
0.059401 
0.059722 
0.0560856 
0.0660114 
0.0621836 
0.0538596 
0.0576119 
0.0568874 
0.0620303 
0.0621457 
0.0542775 
0.0609365 
0.0629285 
0.0676683 
0.0658092 
0.0605506 
0.059516 
0.0537206 
0.0571339 
0.0613028 
0.05698 
0.0661826 
0.0688366 
0.0708629 
0.0595561 
0.0586396 
0.0552767 
0.0584824 
0.0661772 
0.0704169 
0.0669771 
0.0628232 
0.0639211 
0.0599134 
0.0619935 
0.067328 
0.0686097 
0.0582215 
0.070284 
0.0679086 
0.0686612 
0.0663557 
0.0713619 
0.0627466 
0.0656841 
0.0606826 
0.0598626 
0.056621 
0.058498 
0.0656153 
0.0596398 
0.063358 
0.0559237 
0.0680364 
0.063076 
0.0650309 
0.0629489 
0.0649536 
0.0641388 
0.0616944 
0.0589217 
0.0628215 
0.0600774 
0.0584052 
0.0619142 
0.0617306 
0.0590637 
0.0625946 
0.0653426 
0.0723288 
0.0768992 
0.0698479 
0.0674802 
0.0604127 
0.0581086 
0.0687334 
0.074639 
0.0750087 
0.0744125 
0.075592 
0.0719748 
0.0733274 
0.0659629 
0.0633307 
0.0654851 
0.0661393 
0.0828852 
0.0774974 
0.0744688 
0.0806696 
0.0781936 
0.0728697 
0.0744791 
0.0800581 
0.0748307 
0.0754468 
0.0731014 
0.0753651 
0.0678741 
0.0675704 
0.0744396 
0.0696524 
0.0667705 
0.061628 
0.0638149 
0.0649681 
0.0687366 
0.0633468 
0.0572271 
0.0584713 
0.057058 
0.0622696 
0.0528343 
0.053888 
0.05287 
0.0518897 
0.0480272 
0.049444 
0.0555518 
0.054802 
0.0520738 
0.0549666 
0.0541677 
0.0540362 
0.0559699 
0.0530668 
0.0607583 
0.054423 
0.05582 
0.0613733 
0.0551949 
0.0643351 
0.0582894 
0.062097 
0.0595496 
0.0498354 
0.0555857 
0.0509784 
0.0568725 
0.0633476 
0.0665446 
0.0681393 
0.0658933 
0.0603461 
0.0589736 
0.0621076 
0.0592486 
0.0616549 
0.0577314 
0.0574917 
0.0554272 
0.055769 
0.0644133 
0.0632003 
0.0685218 
0.071943 
0.0644306 
0.0649657 
0.0561283 
0.0628403 
0.051112 
0.0483709 
0.0484698 
0.0521678 
0.0482954 
0.0537982 
0.0536125 
0.0542285 
0.0521594 
0.0566272 
0.0615192 
0.0721347 
0.0723541 
0.0704577 
0.0622141 
0.0641596 
0.0614072 
0.0610997 
0.0556769 
0.0524784 
0.0557201 
0.0561631 
0.0628871 
0.0683174 
0.0741329 
0.072535 
0.0766467 
0.0662564 
0.0692693 
0.0751024 
0.0649148 
0.0679098 
0.0776276 
0.0745377 
0.0761946 
0.072621 
0.0619056 
0.0670978 
0.0682079 
0.0678836 
0.0685135 
0.0684548 
0.0680081 
0.065233 
0.0700845 
0.0591036 
0.0622353 
0.0626579 
0.0584175 
0.0574667 
0.0586408 
0.05635 
0.0608452 
0.055741 
0.0558639 
0.0510768 
0.0526618 
0.0569367 
0.053205 
0.057707 
0.0626802 
0.0582119 
0.0614141 
0.0573917 
0.0565952 
0.0605186 
0.0574259 
0.0576492 
0.0591836 
0.0646939 
0.0645115 
0.0649175 
0.0619883 
0.062857 
0.064693 
0.0539244 
0.0606114 
0.0560145 
0.0548454 
0.0497528 
0.055304 
0.0563661 
0.0558018 
0.0639877 
0.0592019 
0.0513514 
0.054738 
0.0539763 
0.0547165 
0.0550248 
0.0624548 
0.0590891 
0.0574274 
0.0541818 
0.0541385 
0.0561512 
0.058941 
0.0577745 
0.0602246 
0.0628525 
0.0610102 
0.0581709 
0.0519414 
0.0530815 
0.0550856 
0.0490333 
0.050379 
0.0481819 
0.0525493 
0.0536694 
0.0522491 
0.0472668 
0.0486951 
0.0475807 
0.0478031 
0.0477921 
0.0534542 
0.0554795 
0.0558588 
0.0575016 
0.0542295 
0.0489518 
0.0553496 
0.0488578 
0.0603795 
0.0578535 
0.0559774 
0.0555823 
0.0568354 
0.0516037 
0.0594979 
0.0658866 
0.0605487 
0.0497502 
0.049149 
0.0564115 
0.0558007 
0.0538691 
0.0532604 
0.0521714 
0.0560784 
0.0607394 
0.0647988 
0.0538608 
0.0540449 
0.054626 
0.0550183 
0.0545617 
0.0591964 
0.0580276 
0.0517944 
0.0513729 
0.058609 
0.0525579 
0.0596227 
0.0620458 
0.0626584 
0.0660996 
0.0642181 
0.0565531 
0.0530824 
0.0472653 
0.0544526 
0.0624289 
0.0614046 
0.0575489 
0.0610481 
0.0557449 
0.0533924 
0.0516011 
0.0561634 
0.0552906 
0.0555659 
0.0577884 
0.058215 
0.0587306 
0.0606483 
0.063042 
0.0647627 
0.0627608 
0.056894 
0.0559259 
0.0549426 
0.0525559 
0.0514417 
0.0462942 
0.0385751 
0.0417446 
0.0373033 
0.0330445 
0.0379675 
0.0434766 
0.0436837 
0.0406819 
0.0416397 
0.0398736 
0.0376689 
0.0416827 
0.0434312 
0.0463778 
0.052696 
0.0524876 
0.0488668 
0.0524068 
0.0561803 
0.0651616 
0.0623216 
0.0637527 
0.0570201 
0.0525413 
0.0549008 
0.0499455 
0.0460019 
0.0496756 
0.0504109 
0.0514095 
0.0557667 
0.0590108 
0.0671828 
0.0614373 
0.0544202 
0.0504508 
0.0534649 
0.063524 
0.0640287 
0.0654316 
0.0705024 
0.0713687 
0.0692108 
0.0690533 
0.0625492 
0.0650494 
0.0577444 
0.066744 
0.0635722 
0.0637278 
0.0641447 
0.0571152 
0.0612357 
0.0604698 
0.0631473 
0.0630552 
0.0572474 
0.0525233 
0.0577467 
0.0582458 
0.063037 
0.0623365 
0.0629226 
0.0585993 
0.0606179 
0.0623122 
0.0652652 
0.0606439 
0.0665198 
0.0686692 
0.0571837 
0.0635511 
0.0601836 
0.0640951 
0.0716524 
0.0599378 
0.0661876 
0.0712721 
0.0760983 
0.0734094 
0.0645367 
0.06619 
0.0757481 
0.0714948 
0.0775446 
0.0681038 
0.0724011 
0.0732233 
0.0731283 
0.0666924 
0.0663067 
0.0655858 
0.0647863 
0.0647643 
0.072037 
0.0673324 
0.0649398 
0.0747044 
0.0686338 
0.0742903 
0.0754185 
0.0796744 
0.0722871 
0.0728383 
0.0605776 
0.0636482 
0.0617077 
0.0601615 
0.0674829 
0.0660597 
0.0624575 
0.0579009 
0.0635099 
0.0636692 
0.0571209 
0.0581967 
0.0539953 
0.065942 
0.0614436 
0.0624319 
0.0629042 
0.0649384 
0.0554225 
0.0640151 
0.058746 
0.0600211 
0.0548054 
0.0578882 
0.0539471 
0.0600183 
0.0616232 
0.0601721 
0.0525735 
0.0531521 
0.0491313 
0.0534256 
0.0572723 
0.0638737 
0.0587951 
0.065504 
0.0560435 
0.0542456 
0.0570343 
0.0588278 
0.0632883 
0.0630605 
0.0665773 
0.0747246 
0.0650402 
0.0638533 
0.0628659 
0.0635428 
0.0674199 
0.0615457 
0.0579552 
0.0574316 
0.0599955 
0.0579395 
0.0573854 
0.0465084 
0.051846 
0.0503601 
0.0565959 
0.0512802 
0.047008 
0.0565673 
0.0521626 
0.051487 
0.0503492 
0.0515452 
0.0478523 
0.0577494 
0.0571798 
0.0580099 
0.0589261 
0.0503283 
0.0586148 
0.0558409 
0.0549479 
0.0523181 
0.0498636 
0.0506754 
0.050462 
0.0509391 
0.0513148 
0.0565928 
0.0610103 
0.0587633 
0.0611275 
0.0617111 
0.0621749 
0.0574663 
0.0542362 
0.0571393 
0.0546565 
0.059402 
0.0656014 
0.0706066 
0.067239 
0.0727759 
0.0671266 
0.0653784 
0.0616779 
0.0567046 
0.0551176 
0.0626115 
0.0635811 
0.072087 
0.0682807 
0.0757986 
0.0692489 
0.061206 
0.0606081 
0.0648358 
0.0662896 
0.0717943 
0.066276 
0.0690242 
0.0690924 
0.067923 
0.072384 
0.0593145 
0.059217 
0.0629688 
0.0623467 
0.0685371 
0.066799 
0.0657286 
0.0744449 
0.0714597 
0.0661958 
0.0613245 
0.0623063 
0.0644425 
0.0699457 
0.0615505 
0.05458 
0.0562007 
0.0555978 
0.0596243 
0.0546037 
0.0547645 
0.0550369 
0.0619121 
0.0593965 
0.0735883 
0.0748041 
0.0626012 
0.0652738 
0.054544 
0.0617263 
0.0549803 
0.056159 
0.0597231 
0.0624083 
0.0575895 
0.0571783 
0.0550175 
0.0584612 
0.0618914 
0.0620174 
0.0620129 
0.0616111 
0.0535371 
0.0557687 
0.0611829 
0.0586896 
0.0606553 
0.0695025 
0.0694183 
0.0622849 
0.0555538 
0.0526158 
0.0535988 
0.0553901 
0.0627889 
0.0611927 
0.0595607 
0.0604692 
0.0532478 
0.0563843 
0.0558733 
0.0602053 
0.0593276 
0.059594 
0.0587439 
0.0613511 
0.0628251 
0.0648328 
0.0676931 
0.0641006 
0.0658086 
0.0686119 
0.0622412 
0.0585064 
0.0622205 
0.0564524 
0.0600046 
0.0597237 
0.0643285 
0.0587418 
0.0634972 
0.0617649 
0.0582269 
0.0570146 
0.0672867 
0.0636648 
0.0636045 
0.0663601 
0.066793 
0.061085 
0.0632739 
0.0603455 
0.0613749 
0.066279 
0.0624707 
0.0682977 
0.0631482 
0.0613358 
0.0642523 
0.0561994 
0.0647023 
0.0562287 
0.0663095 
0.0613071 
0.0638776 
0.0612891 
0.0596564 
0.0544881 
0.05305 
0.0650696 
0.0676963 
0.056256 
0.0584734 
0.0548586 
0.0660338 
0.0558627 
0.0629479 
0.0760662 
0.0705914 
0.0743 
0.0702387 
0.0731142 
0.0711792 
0.0801877 
0.0696976 
0.0748208 
0.0710933 
0.0677023 
0.0621525 
0.0620189 
0.0615825 
0.0737291 
0.0736439 
0.0624096 
0.0605478 
0.0574801 
0.0534315 
0.0582595 
0.0569004 
0.0536124 
0.0614073 
0.0608311 
0.0587501 
0.0590611 
0.0647304 
0.0668663 
0.0707258 
0.072927 
0.0807352 
0.0668918 
0.0761264 
0.0637063 
0.0706056 
0.0732328 
0.0744125 
0.0762542 
0.0787734 
0.0766355 
0.0726151 
0.0687905 
0.0738021 
0.0734807 
0.0612631 
0.0632148 
0.0660288 
0.0661579 
0.0543495 
0.0556127 
0.0529169 
0.0524926 
0.0575961 
0.0632705 
0.0663659 
0.063644 
0.0626255 
0.0593379 
0.0627647 
0.0642243 
0.0642058 
0.0627147 
0.0596911 
0.0625292 
0.0646798 
0.0646073 
0.0682945 
0.061584 
0.0693595 
0.0718852 
0.0662326 
0.0693453 
0.0741167 
0.0822084 
0.0806474 
0.0739642 
0.0790096 
0.0703902 
0.068653 
0.0689747 
0.0737629 
0.0705816 
0.0781942 
0.0713945 
0.0661278 
0.0706567 
0.0696795 
0.0606205 
0.0663216 
0.0701896 
0.0619272 
0.0642707 
0.0616875 
0.0738169 
0.0729051 
0.0673721 
0.0571984 
0.0550565 
0.0639453 
0.0670393 
0.062857 
0.0702975 
0.0740126 
0.066208 
0.0712472 
0.0680995 
0.071555 
0.06587 
0.0696143 
0.0773625 
0.0789781 
0.0796218 
0.0742005 
0.0721174 
0.0705573 
0.0690938 
0.0673661 
0.066929 
0.0645139 
0.0559164 
0.0585024 
0.0548779 
0.0569297 
0.0583975 
0.0654834 
0.0631154 
0.0622918 
0.0619583 
0.0572105 
0.0570667 
0.0543861 
0.0559517 
0.0633721 
0.058632 
0.0690713 
0.0694515 
0.0661136 
0.0616058 
0.0619648 
0.0639171 
0.0627423 
0.0551262 
0.0587814 
0.0709895 
0.0703165 
0.0639191 
0.0691977 
0.0646994 
0.0656958 
0.062903 
0.0687381 
0.0626387 
0.0724918 
0.0713884 
0.0658656 
0.0616496 
0.0663943 
0.064585 
0.0630383 
0.0634307 
0.0683794 
0.0617527 
0.064502 
0.0758824 
0.0704871 
0.0689241 
0.0710967 
0.0638837 
0.0691666 
0.0646255 
0.0671483 
0.0657369 
0.0669234 
0.0706536 
0.0630053 
0.0797514 
0.0746323 
0.0633954 
0.0590677 
0.0623863 
0.0622853 
0.0613998 
0.0617748 
0.0589247 
0.0541066 
0.0556991 
0.0553979 
0.0634258 
0.0589271 
0.0581315 
0.0662123 
0.0560273 
0.062204 
0.0567713 
0.0545491 
0.0503652 
0.0527679 
0.0613612 
0.0563778 
0.0626391 
0.0698985 
0.0712617 
0.0641344 
0.0740463 
0.064293 
0.0564386 
0.0617077 
0.0619367 
0.0605894 
0.0620389 
0.0630748 
0.0698692 
0.074821 
0.0775359 
0.0737883 
0.0739259 
0.0612631 
0.0616818 
0.0579873 
0.049415 
0.0546244 
0.0593692 
0.0519869 
0.0487557 
0.0533227 
0.0494021 
0.0478183 
0.0526763 
0.057479 
0.0596035 
0.0611591 
0.0582211 
0.0658412 
0.0625585 
0.0743239 
0.075587 
0.0692142 
0.0677621 
0.0776266 
0.0754093 
0.0682791 
0.0715417 
0.0694991 
0.0613327 
0.0560819 
0.0632105 
0.0619262 
0.0599346 
0.0680636 
0.0638645 
0.0509415 
0.0542472 
0.0579199 
0.0600923 
0.0616835 
0.059169 
0.0650921 
0.0503242 
0.0544373 
0.0568125 
0.0575295 
0.0502531 
0.0571387 
0.0554271 
0.0525577 
0.0591903 
0.0559102 
0.0625801 
0.0596904 
0.0637482 
0.0626077 
0.0636308 
0.056348 
0.0560067 
0.0616567 
0.0630577 
0.0689465 
0.0625737 
0.0706005 
0.0728 
0.0761473 
0.067331 
0.0681758 
0.0629858 
0.0684996 
0.0739864 
0.0706976 
0.0741924 
0.0697408 
0.0645993 
0.0743769 
0.0710811 
0.0621038 
0.0611897 
0.0626373 
0.0684768 
0.0656972 
0.0678277 
0.0663027 
0.0706468 
0.0674964 
0.0682582 
0.0639935 
0.0554466 
0.0518935 
0.0506692 
0.0491689 
0.0467784 
0.051709 
0.0488094 
0.0569244 
0.0612736 
0.0596258 
0.071735 
0.0663424 
0.0642681 
0.0722561 
0.0640509 
0.0588912 
0.0631195 
0.0762362 
0.0743053 
0.0706697 
0.074912 
0.0650626 
0.0694974 
0.0752575 
0.0751823 
0.0715956 
0.0762972 
0.0664245 
0.0613901 
0.0650407 
0.0637393 
0.0522925 
0.0542378 
0.061844 
0.063873 
0.0685489 
0.0767078 
0.0659242 
0.0716107 
0.0739698 
0.0805459 
0.082094 
0.0659693 
0.0748035 
0.0829586 
0.0763937 
0.066538 
0.0620276 
0.0714813 
0.0611769 
0.0663333 
0.0608537 
0.0666825 
0.0725155 
0.0714769 
0.0694203 
0.0730163 
0.072928 
0.079341 
0.0739742 
0.0714531 
0.0843861 
0.0788172 
0.0762248 
0.0764797 
0.0826338 
0.0833885 
0.0845292 
0.0863134 
0.0915838 
0.0818963 
0.0779565 
0.0791484 
0.0854181 
0.0725624 
0.0679733 
0.0741913 
0.0658721 
0.0649657 
0.0584481 
0.0618985 
0.0654275 
0.07104 
0.0714967 
0.069053 
0.0642613 
0.0639916 
0.0634529 
0.0733727 
0.0735341 
0.0695028 
0.0706032 
0.0662655 
0.067505 
0.0653273 
0.0709166 
0.0800338 
0.0650713 
0.0695561 
0.0657694 
0.0643293 
0.0658031 
0.0654993 
0.0592849 
0.0622692 
0.0695287 
0.069686 
0.0656454 
0.0645842 
0.0611821 
0.0610944 
0.0658968 
0.0695488 
0.086409 
0.0785305 
0.0812441 
0.0788012 
0.0816065 
0.0758076 
0.0709334 
0.0749402 
0.0742796 
0.0767553 
0.0689292 
0.0647704 
0.0600414 
0.0646493 
0.0640363 
0.0676624 
0.0649098 
0.0698849 
0.0609346 
0.0618803 
0.0593696 
0.0633207 
0.0630302 
0.0614228 
0.0684271 
0.0720873 
0.0733403 
0.0676935 
0.0531903 
0.0579344 
0.0657851 
0.0684078 
0.0792355 
0.0796873 
0.0746871 
0.0737666 
0.0741032 
0.0748629 
0.0738516 
0.0655909 
0.0745268 
0.0699354 
0.0674512 
0.0746935 
0.0641967 
0.0790969 
0.0703685 
0.0721403 
0.071999 
0.0656925 
0.0565966 
0.0617257 
0.0619963 
0.0616037 
0.0744254 
0.0737586 
0.0686015 
0.0660076 
0.0785303 
0.0856547 
0.0848865 
0.0804472 
0.0724655 
0.075199 
0.0824127 
0.0661578 
0.0628321 
0.0691274 
0.0648117 
0.0691737 
0.064282 
0.0685313 
0.0730998 
0.0721537 
0.0725195 
0.0587948 
0.0681514 
0.0661048 
0.0534686 
0.0539127 
0.0537931 
0.0596349 
0.0644841 
0.0617805 
0.061089 
0.0667261 
0.0705464 
0.0702853 
0.0636364 
0.0609272 
0.0658486 
0.0646955 
0.0649793 
0.0540678 
0.0606286 
0.05841 
0.0610274 
0.0507075 
0.0448575 
0.0484874 
0.0521423 
0.0460628 
0.0492498 
0.0465773 
0.0543755 
0.0556229 
0.0510273 
0.059404 
0.0599948 
0.0670358 
0.0722452 
0.0685884 
0.0692475 
0.0628978 
0.0558767 
0.0627099 
0.0576606 
0.0565475 
0.0561747 
0.0609769 
0.056692 
0.0486448 
0.0600042 
0.0555675 
0.0535347 
0.0493095 
0.0501072 
0.0521793 
0.0530709 
0.0499467 
0.0426094 
0.0464103 
0.046639 
0.0481757 
0.0514442 
0.0583588 
0.0577435 
0.0646794 
0.0597731 
0.0563644 
0.0624637 
0.0644601 
0.064218 
0.0723728 
0.0790482 
0.0840988 
0.0803013 
0.0691269 
0.0676961 
0.061351 
0.0612742 
0.059128 
0.0599724 
0.0609569 
0.05874 
0.0675252 
0.0617181 
0.0663184 
0.0721988 
0.0680287 
0.0739979 
0.0763075 
0.0639749 
0.0544672 
0.0597275 
0.0681986 
0.0648453 
0.0613789 
0.063305 
0.0677384 
0.0735316 
0.0755148 
0.0726398 
0.0623783 
0.0553815 
0.0578978 
0.0492001 
0.0623169 
0.0655081 
0.0633687 
0.0685515 
0.0608027 
0.059739 
0.0634258 
0.0697037 
0.0688258 
0.0702355 
0.0757886 
0.0630925 
0.0709199 
0.0696566 
0.0728245 
0.0815785 
0.0760324 
0.0754309 
0.070979 
0.0762148 
0.0803293 
0.0786447 
0.0687177 
0.0594041 
0.0665902 
0.0654146 
0.0720853 
0.0635005 
0.0631663 
0.071176 
0.0619526 
0.0732615 
0.0592871 
0.065719 
0.0666574 
0.0559142 
0.0642125 
0.06114 
0.0543285 
0.0581358 
0.0612693 
0.059871 
0.0599385 
0.0568211 
0.0633915 
0.0636575 
0.0642578 
0.0570074 
0.0541513 
0.0556538 
0.0549431 
0.0632902 
0.0642241 
0.0612562 
0.052282 
0.0610617 
0.0561759 
0.055802 
0.0616015 
0.054678 
0.0565182 
0.056444 
0.0663727 
0.0568025 
0.0697184 
0.0719161 
0.0736832 
0.0617211 
0.0588176 
0.0698876 
0.0702166 
0.0642756 
0.053738 
0.0583054 
0.0691513 
0.0599922 
0.0545753 
0.0592041 
0.058647 
0.0598579 
0.0668474 
0.062492 
0.0718358 
0.0709957 
0.0733723 
0.0739475 
0.0649392 
0.0674483 
0.0554633 
0.0594019 
0.0608276 
0.0626608 
0.0610485 
0.0620919 
0.0601611 
0.0600921 
0.0581208 
0.0618365 
0.056945 
0.055706 
0.0532594 
0.047026 
0.0497877 
0.0471748 
0.0490729 
0.0473287 
0.0449956 
0.0451935 
0.0493954 
0.0452139 
0.0464977 
0.0522234 
0.0551296 
0.0568889 
0.0569223 
0.0572642 
0.0557163 
0.0518831 
0.0514748 
0.0535455 
0.0566905 
0.0518795 
0.0495489 
0.047602 
0.0416707 
0.0405436 
0.0386109 
0.043613 
0.0446338 
0.0490129 
0.04424 
0.0475864 
0.0460577 
0.0483776 
0.0459209 
0.0484174 
0.056294 
0.0556096 
0.055136 
0.0500023 
0.0488808 
0.0432852 
0.0434049 
0.0537511 
0.0547972 
0.0519731 
0.0500203 
0.0514517 
0.0513582 
0.0472812 
0.0514043 
0.048347 
0.0506639 
0.0517451 
0.0484336 
0.0578634 
0.0617091 
0.0612505 
0.0608059 
0.0620731 
0.0581119 
0.0588885 
0.0579516 
0.0567067 
0.0615807 
0.0611925 
0.0536509 
0.0513659 
0.0508499 
0.0474603 
0.0552919 
0.0584019 
0.0534541 
0.0521567 
0.0553605 
0.0591965 
0.0611633 
0.0630089 
0.0565016 
0.0664739 
0.0603938 
0.065927 
0.0653047 
0.0592511 
0.0622419 
0.0581626 
0.0591279 
0.0566819 
0.0585684 
0.0557495 
0.0599997 
0.0621615 
0.0594411 
0.0537889 
0.0577185 
0.0534507 
0.064798 
0.0683608 
0.0626661 
0.0691308 
0.0659235 
0.0726179 
0.0763483 
0.0722964 
0.0719469 
0.0664027 
0.0654915 
0.0611524 
0.0616791 
0.0646457 
0.0646499 
0.0680228 
0.0613725 
0.0630631 
0.0647784 
0.0605314 
0.0645276 
0.0616036 
0.060402 
0.0574841 
0.0497927 
0.0601472 
0.0715337 
0.0656072 
0.0691603 
0.0629763 
0.0593548 
0.0654307 
0.0732294 
0.0699861 
0.0661668 
0.0627583 
0.0667927 
0.0623693 
0.0708039 
0.0678827 
0.0634968 
0.0540834 
0.0613707 
0.0597974 
0.0670195 
0.0660444 
0.0630877 
0.0729026 
0.0657864 
0.0579142 
0.0593207 
0.0633598 
0.0606823 
0.0577529 
0.0575984 
0.0516343 
0.0598225 
0.061096 
0.0612728 
0.0584168 
0.0623021 
0.0578932 
0.0553114 
0.059426 
0.0559971 
0.0527837 
0.0463536 
0.044198 
0.0453094 
0.0511448 
0.0474506 
0.0471863 
0.0452984 
0.0428575 
0.045969 
0.0467976 
0.0546941 
0.0551194 
0.0627861 
0.0638891 
0.0611168 
0.0545513 
0.0539894 
0.0612535 
0.0630136 
0.0520749 
0.0555718 
0.0654442 
0.0646728 
0.0583063 
0.061786 
0.0620345 
0.0612044 
0.0664965 
0.0711989 
0.0776666 
0.077606 
0.0713041 
0.0864715 
0.0807442 
0.0833241 
0.0850785 
0.0711097 
0.0755583 
0.0646705 
0.058178 
0.0595887 
0.0596703 
0.0565803 
0.0561717 
0.0610605 
0.0645711 
0.0713379 
0.0624493 
0.0654363 
0.0662118 
0.0670013 
0.0594178 
0.0595456 
0.0614063 
0.0669636 
0.0765532 
0.0752395 
0.065711 
0.0635466 
0.0693932 
0.0562726 
0.0581471 
0.0548333 
0.0575328 
0.0600903 
0.0517893 
0.0594473 
0.0632174 
0.0555008 
0.0635485 
0.0625385 
0.0642861 
0.066172 
0.0717295 
0.0813112 
0.0778037 
0.0736098 
0.0784801 
0.0730204 
0.0614547 
0.0690656 
0.067332 
0.0604728 
0.0599641 
0.0681736 
0.0686093 
0.0693471 
0.0574658 
0.0644739 
0.0618732 
0.0786761 
0.0697684 
0.0799405 
0.0744241 
0.0714308 
0.0768705 
0.0731406 
0.0699292 
0.0718646 
0.0640336 
0.0783665 
0.0733528 
0.0803915 
0.0809814 
0.0704677 
0.0880159 
0.0786512 
0.0848861 
0.084948 
0.0704848 
0.0738639 
0.0799584 
0.0737179 
0.081696 
0.0850044 
0.0839627 
0.084586 
0.0731773 
0.061683 
0.0603179 
0.0560551 
0.0520779 
0.0588691 
0.0603728 
0.0556017 
0.0568028 
0.0522852 
0.0558641 
0.0579479 
0.0572661 
0.0613625 
0.0621174 
0.0667347 
0.0675434 
0.0623975 
0.0612269 
0.0633164 
0.060887 
0.0561099 
0.068299 
0.0635311 
0.0617117 
0.068908 
0.0647199 
0.0688628 
0.063946 
0.066275 
0.0684026 
0.0630744 
0.0698858 
0.0733414 
0.0680107 
0.058859 
0.059056 
0.0632431 
0.0565925 
0.0755137 
0.0813388 
0.0698863 
0.0886223 
0.0766787 
0.08523 
0.0795255 
0.074179 
0.0672535 
0.0719472 
0.0705942 
0.0712711 
0.0743222 
0.0741593 
0.0704754 
0.0661913 
0.0800353 
0.0780914 
0.0965153 
0.0873503 
0.0810867 
0.0869987 
0.0928794 
0.105379 
0.0971611 
0.0971439 
0.101858 
0.0916695 
0.0899591 
0.075858 
0.0775253 
0.0795811 
0.0723056 
0.0782216 
0.0806035 
0.0796187 
0.0811192 
0.0809793 
0.0901085 
0.0833237 
0.0833519 
0.0796394 
0.0823773 
0.0826443 
0.0749799 
0.0779016 
0.0746606 
0.0672742 
0.069213 
0.0710757 
0.0734201 
0.0668902 
0.0619128 
0.0581274 
0.0563532 
0.0602425 
0.054567 
0.0516207 
0.0588858 
0.0677369 
0.0645746 
0.0578951 
0.0634467 
0.0662942 
0.066173 
0.0662192 
0.0645709 
0.0646309 
0.072881 
0.0636993 
0.0850679 
0.0747357 
0.0760886 
0.0754548 
0.0681622 
0.0733104 
0.0777154 
0.0755404 
0.0794826 
0.0826678 
0.077631 
0.0777223 
0.0742317 
0.0773632 
0.0747414 
0.0748685 
0.0643993 
0.0622883 
0.071826 
0.0654361 
0.0664454 
0.0677023 
0.0717584 
0.0661963 
0.0719594 
0.0699824 
0.073571 
0.0737607 
0.0785962 
0.065718 
0.0710451 
0.079273 
0.0667733 
0.0712065 
0.0683168 
0.0727991 
0.0637041 
0.0684051 
0.0628192 
0.0754929 
0.0721551 
0.0670952 
0.0686058 
0.0720709 
0.0760144 
0.0802783 
0.0782847 
0.0761876 
0.0648357 
0.0580861 
0.0542945 
0.0536042 
0.0568211 
0.0602797 
0.0631092 
0.0603335 
0.0711726 
0.0713726 
0.0724528 
0.0605374 
0.0721829 
0.0686083 
0.0654042 
0.0619153 
0.0633963 
0.0573276 
0.049127 
0.0547086 
0.0608927 
0.0645685 
0.0623988 
0.0632325 
0.0614835 
0.0611418 
0.0660439 
0.0689835 
0.0712238 
0.0727162 
0.0721205 
0.0695685 
0.0789514 
0.078741 
0.0712471 
0.0742581 
0.0825848 
0.087236 
0.0829751 
0.0771292 
0.0781449 
0.0790999 
0.081501 
0.0698507 
0.0794843 
0.0828181 
0.0835544 
0.0858474 
0.0761601 
0.0775629 
0.074187 
0.0683727 
0.0697124 
0.0746895 
0.0712809 
0.0893719 
0.0754504 
0.077668 
0.0709315 
0.0773997 
0.0668576 
0.0824075 
0.0807212 
0.0899773 
0.0791941 
0.0698268 
0.0665962 
0.0644662 
0.0682976 
0.0653228 
0.0642148 
0.0619247 
0.0683899 
0.0642769 
0.0759892 
0.0736725 
0.0771782 
0.074466 
0.073805 
0.0844698 
0.0813485 
0.0763393 
0.0912844 
0.0761047 
0.0664982 
0.064519 
0.0639153 
0.0699954 
0.0701144 
0.0652531 
0.0673695 
0.0707761 
0.0677255 
0.0642816 
0.0660786 
0.0612441 
0.0549139 
0.0562317 
0.0535138 
0.0573339 
0.0493905 
0.0506051 
0.0584055 
0.0644394 
0.0718595 
0.0626961 
0.0626896 
0.0588743 
0.0694511 
0.066243 
0.0642179 
0.0547975 
0.0629294 
0.0693085 
0.0707242 
0.0638136 
0.0560649 
0.0568549 
0.0589935 
0.0670093 
0.0564919 
0.0605571 
0.0629735 
0.0631006 
0.0651895 
0.0627094 
0.065403 
0.0647903 
0.0601449 
0.0708077 
0.0666982 
0.0700007 
0.0737344 
0.0700902 
0.0676822 
0.0779063 
0.0737067 
0.0632803 
0.0673672 
0.0763082 
0.070354 
0.0675581 
0.0691437 
0.0776202 
0.0732343 
0.07033 
0.0738502 
0.0708036 
0.0777628 
0.0764268 
0.0772963 
0.0712356 
0.0684174 
0.0652946 
0.0726274 
0.0645594 
0.0677982 
0.0674584 
0.0568093 
0.0652157 
0.0615718 
0.0691756 
0.0715174 
0.0742095 
0.0770342 
0.0739839 
0.0790791 
0.0809389 
0.0840637 
0.0824602 
0.0848548 
0.0802425 
0.0772477 
0.0716226 
0.0722898 
0.0642593 
0.0715531 
0.0649664 
0.0651779 
0.0636543 
0.0704512 
0.0596638 
0.0710889 
0.0676729 
0.0647636 
0.0657129 
0.0764444 
0.0747711 
0.0705286 
0.0633179 
0.0642073 
0.0654174 
0.0683488 
0.0903563 
0.0984775 
0.0840812 
0.090712 
0.0796997 
0.070979 
0.0685955 
0.0681284 
0.0675689 
0.0584045 
0.0558123 
0.0555627 
0.0576384 
0.0614255 
0.0621973 
0.0668368 
0.0663432 
0.0558358 
0.058754 
0.0680347 
0.0673401 
0.0636942 
0.05771 
0.0583925 
0.0599274 
0.0548363 
0.059732 
0.0621884 
0.0597341 
0.0551606 
0.0587896 
0.0573171 
0.051807 
0.0520376 
0.0623679 
0.0552506 
0.0627369 
0.0588302 
0.0557171 
0.0596845 
0.0538972 
0.0593699 
0.0616162 
0.0650191 
0.0686266 
0.059662 
0.0560537 
0.0625273 
0.0619062 
0.0623172 
0.0627256 
0.066297 
0.0676036 
0.0713027 
0.064806 
0.0694692 
0.0659838 
0.0620817 
0.0618747 
0.0615337 
0.0659123 
0.0574715 
0.0626977 
0.0523501 
0.0522584 
0.0566756 
0.0506808 
0.0472919 
0.0495393 
0.0501266 
0.0532422 
0.0563113 
0.0568548 
0.0583566 
0.0680646 
0.064877 
0.069272 
0.0666208 
0.0640716 
0.0658285 
0.0666562 
0.0660395 
0.0700474 
0.066339 
0.0681475 
0.0564042 
0.0559468 
0.0650743 
0.0713689 
0.0653832 
0.0562987 
0.051898 
0.0599545 
0.0571283 
0.0599972 
0.0616664 
0.0637206 
0.0575865 
0.0587084 
0.0556834 
0.0630784 
0.0653172 
0.0660269 
0.0719107 
0.0667446 
0.0663225 
0.0614859 
0.060052 
0.0579166 
0.0570371 
0.0634319 
0.0620393 
0.0594334 
0.0553435 
0.0583608 
0.0538888 
0.0521763 
0.0489768 
0.0479125 
0.0502951 
0.0509901 
0.0590307 
0.0562961 
0.0581787 
0.0486938 
0.0543388 
0.0580015 
0.0467871 
0.0464494 
0.0454945 
0.0461599 
0.0482755 
0.0460638 
0.0521418 
0.0505325 
0.0502095 
0.0488111 
0.0486362 
0.0513368 
0.0537897 
0.0497534 
0.0443637 
0.0500863 
0.0505646 
0.0448033 
0.0510477 
0.0506989 
0.0522754 
0.0595764 
0.056737 
0.0428497 
0.048209 
0.044618 
0.0472972 
0.0454527 
0.0491231 
0.0509903 
0.0504798 
0.0461304 
0.0541143 
0.0587771 
0.0647517 
0.0625102 
0.0662854 
0.065148 
0.0580419 
0.0610524 
0.0623882 
0.0609933 
0.0576486 
0.0670901 
0.0662573 
0.0715057 
0.0650994 
0.0624021 
0.0641934 
0.0636658 
0.0675102 
0.0600979 
0.0686406 
0.0697802 
0.0669034 
0.0613223 
0.0496846 
0.0477368 
0.0526704 
0.0493088 
0.0504691 
0.0495115 
0.0644459 
0.0654704 
0.0665901 
0.0617705 
0.0662426 
0.0690982 
0.0644528 
0.055974 
0.0536451 
0.064154 
0.067374 
0.0616695 
0.064127 
0.0663943 
0.0663262 
0.0704936 
0.0643637 
0.0616549 
0.0681125 
0.0584922 
0.0568208 
0.0665585 
0.0659941 
0.0726241 
0.0641368 
0.0592773 
0.0626002 
0.0687915 
0.0663912 
0.0746052 
0.0695438 
0.0707858 
0.0733781 
0.0659002 
0.078971 
0.0763067 
0.0701232 
0.0610681 
0.073379 
0.0743407 
0.0756453 
0.0717408 
0.0715267 
0.0758173 
0.0661123 
0.0631428 
0.0764672 
0.0727813 
0.086652 
0.0687554 
0.057745 
0.0558435 
0.0594708 
0.0515711 
0.054159 
0.046419 
0.0503975 
0.059962 
0.062066 
0.0618852 
0.0607541 
0.0587928 
0.0634845 
0.0722023 
0.0684591 
0.0708372 
0.0755765 
0.0568179 
0.0705174 
0.060444 
0.0649028 
0.0733768 
0.0735392 
0.0712803 
0.0646028 
0.0656439 
0.0758242 
0.0724802 
0.0636617 
0.065907 
0.069679 
0.0640103 
0.0646831 
0.0619311 
0.0647938 
0.0632937 
0.0731185 
0.0582084 
0.0571527 
0.0547241 
0.0608062 
0.0671688 
0.0633712 
0.0685842 
0.0638062 
0.0589772 
0.0598935 
0.0680296 
0.0673882 
0.0666327 
0.0681049 
0.0703586 
0.0792133 
0.0733101 
0.0788647 
0.0786738 
0.0722821 
0.0708707 
0.0702434 
0.0733014 
0.0681071 
0.0624066 
0.0564019 
0.064438 
0.0591938 
0.0605686 
0.0640657 
0.0624894 
0.0575731 
0.0618271 
0.0731445 
0.0717133 
0.0668544 
0.0621482 
0.0591697 
0.0552002 
0.0465345 
0.0518109 
0.0532833 
0.0608041 
0.0600478 
0.0615904 
0.0538161 
0.0486137 
0.0577358 
0.0626301 
0.0574788 
0.0569737 
0.0658548 
0.0597299 
0.0598408 
0.0605145 
0.0588509 
0.0565091 
0.0568319 
0.0686579 
0.071336 
0.0653949 
0.0678088 
0.0589825 
0.0705286 
0.063558 
0.0647207 
0.0613009 
0.0620384 
0.0612615 
0.0641265 
0.0691849 
0.0655452 
0.0686351 
0.0653524 
0.0657172 
0.0667068 
0.0705594 
0.0707328 
0.0732873 
0.0715795 
0.0693302 
0.0730892 
0.0679567 
0.0734028 
0.0763635 
0.0742032 
0.0655631 
0.0726247 
0.0871813 
0.081967 
0.0777057 
0.0772678 
0.0787215 
0.0685175 
0.0681718 
0.0679726 
0.0701302 
0.0756235 
0.0770915 
0.0691526 
0.0757304 
0.0767668 
0.090921 
0.083873 
0.0726829 
0.0829418 
0.0775004 
0.0814826 
0.0780553 
0.0841715 
0.0792515 
0.0770175 
0.0789626 
0.0758827 
0.0688212 
0.0709192 
0.0755605 
0.0791546 
0.077473 
0.0714324 
0.0748622 
0.0756358 
0.0767919 
0.0812523 
0.0793045 
0.071344 
0.0777238 
0.086881 
0.0784186 
0.0767989 
0.079375 
0.0710334 
0.0721099 
0.0726551 
0.0623397 
0.0582101 
0.0677562 
0.05705 
0.0587497 
0.0631297 
0.0706352 
0.070684 
0.0807588 
0.0806866 
0.0725377 
0.0768404 
0.0739123 
0.0692119 
0.0665266 
0.0731394 
0.0797304 
0.074968 
0.0742833 
0.076797 
0.0695805 
0.0686425 
0.0720833 
0.0732936 
0.0747658 
0.0684152 
0.0771023 
0.0738341 
0.0724256 
0.0733342 
0.0687694 
0.0649181 
0.0723986 
0.0724243 
0.070149 
0.070378 
0.0713888 
0.065977 
0.0819462 
0.0755769 
0.066608 
0.0681068 
0.0689372 
0.0737117 
0.0786813 
0.0794265 
0.0809535 
0.0819231 
0.0806226 
0.0747832 
0.072433 
0.0804284 
0.0766667 
0.0791245 
0.0744603 
0.0793049 
0.0778279 
0.0866104 
0.0863693 
0.0884256 
0.0816239 
0.0685745 
0.0764522 
0.0769036 
0.0770517 
0.0778714 
0.0742463 
0.0768745 
0.0866017 
0.0630912 
0.0837329 
0.0741877 
0.0689827 
0.073917 
0.079792 
0.0909761 
0.083901 
0.0732271 
0.0689116 
0.0783467 
0.0915865 
0.0872682 
0.0924293 
0.0745755 
0.0778203 
0.0807206 
0.0710875 
0.0818908 
0.0730146 
0.0769518 
0.0761412 
0.0761887 
0.0762123 
0.077909 
0.0706802 
0.0704109 
0.0726279 
0.0708349 
0.0778534 
0.0775295 
0.0758648 
0.0749385 
0.0719029 
0.0795436 
0.0749498 
0.0667164 
0.0674754 
0.0685228 
0.0715029 
0.0706 
0.0657168 
0.0758837 
0.0712483 
0.0690261 
0.072632 
0.0711237 
0.0787718 
0.0698216 
0.0727797 
0.0635059 
0.0754639 
0.0857691 
0.076884 
0.0743499 
0.0675893 
0.0697715 
0.062122 
0.0483849 
0.0589571 
0.0548335 
0.0568769 
0.0570173 
0.0550181 
0.0504261 
0.0526112 
0.0578433 
0.0547434 
0.0579204 
0.0614178 
0.0647718 
0.0620362 
0.0576119 
0.0584293 
0.0632411 
0.0612978 
0.0599565 
0.0576593 
0.0622106 
0.061721 
0.0602325 
0.0537657 
0.0515131 
0.0460881 
0.0451669 
0.0526996 
0.0508516 
0.0517541 
0.0564153 
0.0530492 
0.0569497 
0.055668 
0.0525001 
0.0525164 
0.0588739 
0.0496658 
0.0529723 
0.0556469 
0.0520391 
0.052843 
0.0564322 
0.053225 
0.0624702 
0.0621011 
0.0598751 
0.0616986 
0.059041 
0.0696903 
0.0672058 
0.0830802 
0.0803874 
0.0774273 
0.0760755 
0.0769422 
0.0776073 
0.073617 
0.073894 
0.0862382 
0.0862879 
0.0936569 
0.0955255 
0.0937414 
0.0953646 
0.0893686 
0.0770504 
0.0964539 
0.0904199 
0.0899974 
0.0956011 
0.0971122 
0.0756314 
0.0780148 
0.0851305 
0.0823521 
0.0694255 
0.0703726 
0.0673181 
0.0738739 
0.0738036 
0.0680644 
0.0813054 
0.0862197 
0.0958711 
0.0877648 
0.0825773 
0.0876907 
0.0911009 
0.0770771 
0.0844892 
0.0808414 
0.0702605 
0.0702153 
0.0776483 
0.0908734 
0.0928603 
0.0925056 
0.0836015 
0.0766456 
0.072031 
0.086057 
0.0818602 
0.0771153 
0.0938508 
0.0733184 
0.0777054 
0.0850329 
0.0894718 
0.0922646 
0.094124 
0.0940633 
0.0794889 
0.0844972 
0.0840617 
0.0874415 
0.0880254 
0.0986058 
0.0891823 
0.0875269 
0.0909096 
0.0967153 
0.0785648 
0.0790644 
0.0828402 
0.0795742 
0.0857519 
0.0722061 
0.0750563 
0.0816748 
0.0819756 
0.0816905 
0.0767629 
0.0777443 
0.0824659 
0.0911586 
0.0869613 
0.0751637 
0.0860974 
0.0713582 
0.078734 
0.0717689 
0.0634744 
0.0540544 
0.067772 
0.0675964 
0.0671881 
0.0717985 
0.0734256 
0.0755935 
0.0688681 
0.0841205 
0.0759273 
0.0806565 
0.0826241 
0.0827184 
0.0870446 
0.0794257 
0.0784573 
0.0713704 
0.07304 
0.0710709 
0.0585396 
0.0574885 
0.0670993 
0.0505541 
0.0535681 
0.0499416 
0.0488735 
0.0471302 
0.0423099 
0.048001 
0.0566069 
0.0522963 
0.0484123 
0.0444757 
0.0387845 
0.0384655 
0.039837 
0.0341527 
0.0334942 
0.0372279 
0.0322604 
0.0320966 
0.0310603 
0.0270994 
0.03044 
0.0316161 
0.0320318 
0.0354959 
0.0347027 
0.0279372 
0.0351748 
0.0352253 
0.0367868 
0.0318506 
0.0300892 
0.0295511 
0.0310774 
0.0292377 
0.0264041 
0.0239414 
0.0250821 
0.0244231 
0.0227431 
0.0253598 
0.0234171 
0.0226841 
0.0238692 
0.0251033 
0.0276002 
0.0271642 
0.0251012 
0.0250228 
0.0274268 
0.0291787 
0.0265956 
0.0279015 
0.0272922 
0.02645 
0.0286651 
0.0272083 
0.0288211 
0.0291358 
0.0277675 
0.0274536 
0.0291082 
0.0275477 
0.0292545 
0.0310053 
0.0339713 
0.0329664 
0.0315643 
0.0305856 
0.0319352 
0.0297512 
0.0268561 
0.0283483 
0.0258797 
0.0267904 
0.0297271 
0.026204 
0.0256458 
0.0237439 
0.0218762 
0.022122 
0.0195307 
0.0201334 
0.023695 
0.0196746 
0.0201536 
0.0182357 
0.0199802 
0.0204783 
0.022135 
0.0210705 
0.0223629 
0.0247201 
0.0197651 
0.0198492 
0.0196119 
0.0182755 
0.0190867 
0.0180314 
0.0163896 
0.016605 
0.0180885 
0.0186517 
0.0185333 
0.0205989 
0.0202552 
0.0210827 
0.0210624 
0.0205805 
0.0217739 
0.0202564 
0.0203335 
0.0229483 
0.0210681 
0.024759 
0.0239364 
0.0225054 
0.0205809 
0.0229175 
0.0254603 
0.0230073 
0.0245745 
0.0197491 
0.0213845 
0.0203007 
0.0202611 
0.0194118 
0.0175294 
0.0198518 
0.0192005 
0.0186446 
0.0193188 
0.0184608 
0.0183232 
0.01866 
0.018675 
0.0162072 
0.0153629 
0.0200285 
0.0191583 
0.0190955 
0.0201893 
0.022403 
0.0177951 
0.0200364 
0.0208064 
0.0218003 
0.0194632 
0.0207895 
0.0217995 
0.0233129 
0.021253 
0.0213852 
0.0209102 
0.0212917 
0.0196184 
0.0191539 
0.0216504 
0.0203724 
0.0236287 
0.0203773 
0.0193952 
0.0206644 
0.0198904 
0.0195501 
0.0191835 
0.0203565 
0.0228286 
0.022422 
0.0231183 
0.01904 
0.0222972 
0.0203696 
0.0210091 
0.0185586 
0.020009 
0.0168783 
0.0169107 
0.0158466 
0.0161062 
0.0175907 
0.0174985 
0.0189813 
0.0183949 
0.0184275 
0.01614 
0.0165008 
0.0157642 
0.0171109 
0.0167687 
0.0188786 
0.0189799 
0.0188509 
0.0175825 
0.0171292 
0.0192088 
0.022433 
0.0191426 
0.0168775 
0.0184175 
0.0191912 
0.0193009 
0.0210899 
0.0213894 
0.0222712 
0.0203868 
0.0212759 
0.0204256 
0.0224945 
0.0221817 
0.0207869 
0.0222578 
0.0200521 
0.0193165 
0.0204579 
0.0208806 
0.0192793 
0.0201364 
0.0210839 
0.0219506 
0.023007 
0.0206988 
0.0211204 
0.0204402 
0.0212759 
0.0199417 
0.0202574 
0.0196329 
0.0191213 
0.0202981 
0.0203608 
0.0206531 
0.0215944 
0.0200641 
0.0188171 
0.0177958 
0.0189688 
0.0184021 
0.0185141 
0.0177937 
0.019811 
0.0192154 
0.0209975 
0.0193667 
0.0210424 
0.0207798 
0.0215568 
0.0208185 
0.0210684 
0.0209086 
0.0199802 
0.0203322 
0.018113 
0.0189048 
0.019848 
0.02056 
0.0222753 
0.0191874 
0.0193949 
0.019012 
0.0169345 
0.0195039 
0.0193474 
0.0214619 
0.0209423 
0.0218915 
0.0211633 
0.0213703 
0.0212647 
0.0189687 
0.0182955 
0.0185075 
0.0205533 
0.0213917 
0.020613 
0.0211457 
0.0211695 
0.0179346 
0.0176254 
0.0184002 
0.0193786 
0.0190976 
0.0171507 
0.0171581 
0.018911 
0.0189425 
0.0192408 
0.0187366 
0.0178021 
0.0183561 
0.0198359 
0.0190851 
0.0188694 
0.0207218 
0.020189 
0.0209381 
0.0184378 
0.0200051 
0.0206557 
0.0198989 
0.0190252 
0.0178166 
0.0178548 
0.0179609 
0.0185113 
0.0191218 
0.0178889 
0.0177682 
0.0177593 
0.0184677 
0.0176055 
0.0171796 
0.0177623 
0.0188475 
0.0189647 
0.0191206 
0.0208046 
0.0185542 
0.0216075 
0.0194435 
0.019667 
0.0213096 
0.0229587 
0.0189478 
0.0177193 
0.0188652 
0.0202465 
0.0211351 
0.017624 
0.020427 
0.0189479 
0.019027 
0.0204968 
0.0205021 
0.0205688 
0.0205619 
0.0198099 
0.0213686 
0.0205893 
0.0198469 
0.0197901 
0.0221684 
0.0228973 
0.022126 
0.0213208 
0.02052 
0.0231392 
0.0222332 
0.0204509 
0.0213394 
0.0204906 
0.018931 
0.0231867 
0.0198819 
0.0206802 
0.0216158 
0.0199861 
0.0198763 
0.0187389 
0.0200008 
0.0221704 
0.0196976 
0.0190055 
0.0214433 
0.0197973 
0.0191547 
0.0173303 
0.0177768 
0.0182075 
0.0184426 
0.0193793 
0.0185843 
0.0190093 
0.0180629 
0.0193227 
0.0196036 
0.0188168 
0.0187174 
0.020274 
0.0182505 
0.0202548 
0.0202142 
0.0201161 
0.0210267 
0.0199547 
0.0192205 
0.0204673 
0.0196145 
0.0188016 
0.0182948 
0.017639 
0.0195081 
0.0184385 
0.0155375 
0.0182676 
0.0174921 
0.017245 
0.0178762 
0.0183419 
0.0174761 
0.0183806 
0.0180335 
0.0173788 
0.015512 
0.0162918 
0.0174839 
0.0168071 
0.0174319 
0.0170096 
0.0185684 
0.0170219 
0.0172061 
0.0159994 
0.0179538 
0.0189985 
0.0175998 
0.0179824 
0.0169758 
0.0206592 
0.0206616 
0.0191924 
0.016618 
0.0174527 
0.0174142 
0.0188344 
0.0194124 
0.0187052 
0.0207129 
0.0194603 
0.0168048 
0.015914 
0.0176155 
0.0170667 
0.015902 
0.0167597 
0.0168746 
0.0189362 
0.0195946 
0.0177135 
0.0178862 
0.0189911 
0.0199133 
0.0194559 
0.0192385 
0.0187526 
0.0188214 
0.0182194 
0.0191622 
0.0191249 
0.0177774 
0.0209016 
0.0206456 
0.022111 
0.0194143 
0.0181089 
0.0202842 
0.0202957 
0.020352 
0.0202671 
0.0187629 
0.0195744 
0.01976 
0.0205921 
0.0191418 
0.0201449 
0.0178852 
0.0178086 
0.0176835 
0.016478 
0.0164021 
0.016964 
0.01825 
0.01857 
0.0184449 
0.0189059 
0.0197392 
0.0176054 
0.0183491 
0.0191424 
0.018453 
0.0170769 
0.0190803 
0.0161701 
0.0150391 
0.0142928 
0.0168938 
0.0182072 
0.0179723 
0.0185499 
0.0173731 
0.0172946 
0.0170086 
0.0174866 
0.018195 
0.0186384 
0.0170599 
0.0192954 
0.0192808 
0.0187847 
0.0187456 
0.0180424 
0.0174643 
0.0166548 
0.0162021 
0.0158549 
0.0161556 
0.0161518 
0.0151532 
0.0165075 
0.0150759 
0.0156176 
0.0149215 
0.0163882 
0.0168204 
0.0161486 
0.0171609 
0.0182006 
0.0174372 
0.0186471 
0.0188911 
0.0184794 
0.017985 
0.0185959 
0.0188682 
0.0180386 
0.0172967 
0.0179894 
0.0181225 
0.0178801 
0.0166743 
0.0170688 
0.0185966 
0.0200576 
0.0190758 
0.0165562 
0.0195463 
0.0193526 
0.0195815 
0.0178763 
0.0171439 
0.0182067 
0.0170007 
0.015795 
0.0167376 
0.0162646 
0.016056 
0.0157606 
0.0174785 
0.0175647 
0.0179329 
0.016959 
0.0156395 
0.0147137 
0.0174753 
0.0161795 
0.0179966 
0.0175116 
0.0164139 
0.0165457 
0.0206345 
0.0172131 
0.0170022 
0.0177039 
0.0170566 
0.0176849 
0.0181971 
0.0180195 
0.01839 
0.0164347 
0.0166481 
0.0178407 
0.0186165 
0.0178689 
0.0169484 
0.0185928 
0.0190511 
0.0183859 
0.0186228 
0.0185705 
0.0191552 
0.0199879 
0.0202281 
0.0210045 
0.0167269 
0.0185244 
0.018503 
0.0178625 
0.0167254 
0.0176477 
0.0169816 
0.0165269 
0.0159086 
0.0174128 
0.0174973 
0.0154656 
0.017515 
0.017912 
0.0163268 
0.0185618 
0.0182464 
0.0167633 
0.0166149 
0.0176962 
0.0156018 
0.0166159 
0.016556 
0.0171018 
0.0171234 
0.0158512 
0.0164776 
0.0155881 
0.0163593 
0.0184322 
0.0179559 
0.0171736 
0.0161821 
0.0165481 
0.0154699 
0.0163726 
0.0171264 
0.0163536 
0.0153426 
0.0163388 
0.0160175 
0.0147449 
0.0141372 
0.0133583 
0.0145635 
0.0150071 
0.0140009 
0.0151777 
0.0160115 
0.0142382 
0.0146711 
0.0152991 
0.014237 
0.0139746 
0.0156577 
0.0159882 
0.0141639 
0.0144404 
0.0141834 
0.0149578 
0.0154762 
0.0141422 
0.0140214 
0.0129261 
0.0130175 
0.0129292 
0.0124179 
0.0132049 
0.0144284 
0.0146351 
0.0129054 
0.0133441 
0.0121086 
0.0140327 
0.0129564 
0.0132684 
0.0138373 
0.0137828 
0.0136438 
0.013815 
0.0135471 
0.0124439 
0.0128648 
0.0136688 
0.0136948 
0.0130463 
0.0116679 
0.0118636 
0.0123073 
0.0126771 
0.013436 
0.0136654 
0.0131357 
0.012832 
0.0122925 
0.0122371 
0.0128459 
0.0114652 
0.0109549 
0.0120506 
0.0106804 
0.0113025 
0.0107763 
0.0123735 
0.0132401 
0.0136066 
0.0138707 
0.0129776 
0.0143151 
0.0129535 
0.0129211 
0.014151 
0.0124765 
0.0120755 
0.0134557 
0.0133824 
0.0142894 
0.0140685 
0.0139661 
0.01346 
0.0114718 
0.0104282 
0.012562 
0.0150372 
0.0139001 
0.0133352 
0.0109093 
0.0113159 
0.0101836 
0.0108398 
0.0110578 
0.0105031 
0.0102691 
0.0103287 
0.0103179 
0.00982863 
0.00976594 
0.0105039 
0.0107024 
0.0114675 
0.0125157 
0.0119007 
0.0114677 
0.00948989 
0.0101755 
0.0103947 
0.0103694 
0.0108244 
0.00896979 
0.0107076 
0.0109887 
0.0137807 
0.0145315 
0.0130024 
0.0133837 
0.0150619 
0.0129859 
0.0123788 
0.0121038 
0.0113211 
0.0125913 
0.0123481 
0.0134184 
0.0123337 
0.0120947 
0.0117955 
0.0124619 
0.0117129 
0.0126789 
0.0116406 
0.0116418 
0.0129592 
0.0105376 
0.0103162 
0.0113593 
0.0107705 
0.0113128 
0.0106544 
0.0115571 
0.0118721 
0.0120319 
0.0122665 
0.0137051 
0.0129432 
0.0129801 
0.0137572 
0.0148432 
0.0156871 
0.0165058 
0.0160688 
0.0170859 
0.0136429 
0.0158853 
0.0157339 
0.0158245 
0.0144617 
0.0148614 
0.0156383 
0.0155795 
0.0147665 
0.013631 
0.0134573 
0.013449 
0.0127971 
0.0137021 
0.0143254 
0.0115214 
0.0108577 
0.0118839 
0.0106038 
0.00919364 
0.0101957 
0.00946228 
0.0110444 
0.0112416 
0.011157 
0.010892 
0.0103333 
0.0109689 
0.0114252 
0.0101447 
0.0116495 
0.013638 
0.01212 
0.0122235 
0.0122526 
0.011486 
0.0120915 
0.0117178 
0.0116226 
0.0111131 
0.00867208 
0.00824239 
0.00939346 
0.00929746 
0.0101016 
0.0110558 
0.0104088 
0.0102656 
0.0081154 
0.00818378 
0.0077666 
0.00705354 
0.00850988 
0.00778317 
0.0068338 
0.00719095 
0.00755166 
0.00787399 
0.00756601 
0.00911703 
0.00957371 
0.0092121 
0.00861905 
0.00821558 
0.00860523 
0.00775501 
0.00663165 
0.00790534 
0.0075028 
0.00857938 
0.0095041 
0.0098564 
0.00875956 
0.00915054 
0.0089818 
0.00964842 
0.00900661 
0.00923207 
0.00868666 
0.00927659 
0.00969534 
0.00871541 
0.00902346 
0.00728816 
0.00699941 
0.00661648 
0.00703536 
0.00738996 
0.00699899 
0.00635874 
0.00785463 
0.00817053 
0.00825453 
0.00891031 
0.00926327 
0.00813842 
0.00778462 
0.00849856 
0.00842572 
0.0103464 
0.010396 
0.00990695 
0.0105172 
0.00918743 
0.00968853 
0.00903614 
0.00963844 
0.00964168 
0.00856107 
0.00863187 
0.00783308 
0.00802537 
0.00725053 
0.006507 
0.00541842 
0.00551322 
0.00450344 
0.00448628 
0.00466471 
0.00456424 
0.00509689 
0.00554645 
0.00528606 
0.00520132 
0.0052722 
0.00500684 
0.00491168 
0.00474705 
0.0052565 
0.00530823 
0.00522574 
0.00480757 
0.00373526 
0.00384682 
0.00346985 
0.00344259 
0.00249905 
0.00254832 
0.00223384 
0.00220254 
0.00235577 
0.00222169 
0.00153498 
0.00161552 
0.00153714 
0.00132405 
0.00168176 
0.00157649 
0.00130004 
0.000963308 
0.000672741 
0.000524061 
0.000500238 
0.000458019 
0.000330434 
0.000433978 
0.000382256 
0.000410216 
0.000489314 
0.000635418 
0.000505173 
0.000395873 
0.000430107 
0.000255566 
0.000240185 
0.000263124 
0.000245914 
0.000296696 
0.000355511 
0.000414234 
0.000430751 
0.000539074 
0.000591933 
0.000659059 
0.000679223 
0.000668817 
0.00057039 
0.000485466 
0.00059514 
0.000657443 
0.000532832 
0.000612495 
0.000706112 
0.000661826 
0.000827027 
0.000972783 
0.000871006 
0.000862163 
0.000998185 
0.000867118 
0.000870049 
0.00088341 
0.000888922 
0.000964021 
0.00113517 
0.00129659 
0.00120687 
0.00136742 
0.00139663 
0.00116565 
0.00125603 
0.00127243 
0.00155549 
0.00134062 
0.00132532 
0.00142647 
0.00124692 
0.0012919 
0.00129465 
0.00116944 
0.000892039 
0.000932813 
0.000852125 
0.000950636 
0.000929988 
0.000966178 
0.00090192 
0.000992149 
0.000867326 
0.000917772 
0.000991273 
0.000982684 
0.0011213 
0.000840109 
0.00112899 
0.0012483 
0.00114065 
0.00115609 
0.00101774 
0.00110244 
0.000905724 
0.000988181 
0.00107191 
0.00091612 
0.00059693 
0.000674429 
0.000806049 
0.000841243 
0.000884334 
0.000736045 
0.00087343 
0.000812631 
0.00101648 
0.00117016 
0.00110185 
0.0011245 
0.0012781 
0.00119141 
0.00111332 
0.000944805 
0.00104253 
0.0013622 
0.00140062 
0.000957216 
0.000809789 
0.000724408 
0.000883818 
0.000920998 
0.000975266 
0.00120052 
0.00100318 
0.00107176 
0.00104225 
0.00135152 
0.0013904 
0.00145291 
0.00100345 
0.000990235 
0.000954163 
0.000964955 
0.00116315 
0.0009369 
0.00103418 
0.00111477 
0.000861781 
0.000797339 
0.000918467 
0.000985776 
0.00101483 
0.000987116 
0.00120334 
0.001392 
0.00105971 
0.00104111 
0.00114098 
0.00112285 
0.00133229 
0.00126372 
0.00151022 
0.0017485 
0.00149539 
0.00151133 
0.00154859 
0.00128603 
0.00118073 
0.00134276 
0.00147858 
0.00150366 
0.00137752 
0.00121837 
0.0010243 
0.000881181 
0.00107875 
0.000841905 
0.00114142 
0.000984056 
0.00093508 
0.000958009 
0.00113495 
0.00119929 
0.0009167 
0.00076693 
0.000909942 
0.000724753 
0.000866001 
0.000735493 
0.000732074 
0.000591062 
0.000717356 
0.000850535 
0.000980651 
0.00110361 
0.00137791 
0.00117398 
0.00112696 
0.00119925 
0.00112404 
0.00121108 
0.00112854 
0.000964605 
0.00100876 
0.00108783 
0.00105652 
0.00105052 
0.0011365 
0.00118673 
0.00103531 
0.000923528 
0.000913258 
0.000901086 
0.000696404 
0.000654082 
0.000628352 
0.000563569 
0.000449063 
0.000393566 
0.000451014 
0.000454287 
0.00039814 
0.000523828 
0.000460032 
0.000968388 
0.000454741 
0.000680739 
0.000769002 
0.000696917 
0.000687427 
0.000604436 
0.000515837 
0.000381009 
0.00035092 
0.000311655 
0.000285583 
0.000328594 
0.000311921 
0.000303092 
0.00035842 
0.000367294 
0.000329395 
0.000407737 
0.0004036 
0.000345242 
0.000329401 
0.000358327 
0.000352897 
0.000349608 
0.000307475 
0.000336533 
0.000364259 
0.000471193 
0.00038414 
0.000429046 
0.000503729 
0.000443466 
0.00038089 
0.000340835 
0.000334309 
0.000337803 
0.000334804 
0.000318808 
0.000311009 
0.000258354 
0.000251571 
0.000347238 
0.000310792 
0.000257664 
0.000258049 
0.000309376 
0.000323044 
0.000311844 
0.000362051 
0.000296193 
0.000341441 
0.0002991 
0.000296588 
0.000299024 
0.000274839 
0.000298989 
0.000347279 
0.000327866 
0.000326317 
0.000299897 
0.000275014 
0.000272317 
0.000255424 
0.000237426 
0.000253369 
0.000284137 
0.000366575 
0.000280158 
0.000275816 
0.000286993 
0.000294908 
0.00026362 
0.000268443 
0.00030301 
0.00032782 
0.000288105 
0.000283654 
0.000283968 
0.000311524 
0.000293868 
0.000304229 
0.000290783 
0.000293644 
0.00033341 
0.000360804 
0.000441741 
0.00043483 
0.000455456 
0.000518516 
0.000562386 
0.000455952 
0.000481063 
0.000494221 
0.000541616 
0.000538642 
0.000578464 
0.000584586 
0.000579568 
0.000558754 
0.000502685 
0.000575897 
0.000554806 
0.000543542 
0.000545313 
0.000488391 
0.000489258 
0.000513461 
0.000470668 
0.000506875 
0.000633642 
0.000703109 
0.000542738 
0.000553903 
0.000570131 
0.000555971 
0.000506765 
0.000498927 
0.00048744 
0.000507358 
0.000517209 
0.000477651 
0.000492448 
0.000499729 
0.000463902 
0.000492475 
0.000508388 
0.000478512 
0.000553 
0.000722313 
0.000718465 
0.000576194 
0.000716512 
0.00101408 
0.00103323 
0.00100901 
0.000828607 
0.000649358 
0.000675816 
0.000742483 
0.0006682 
0.000658481 
0.000585895 
0.000649848 
0.000614996 
0.000557284 
0.000562895 
0.000547673 
0.000508118 
0.000592094 
0.000602143 
0.000556913 
0.00053424 
0.000521929 
0.000427702 
0.000478234 
0.000561868 
0.000560851 
0.000615209 
0.000604028 
0.000658234 
0.000641825 
0.000724259 
0.000753438 
0.00079984 
0.000781762 
0.000816573 
0.000834635 
0.000851224 
0.000847054 
0.000836664 
0.000750336 
0.000787661 
0.000732618 
0.000786692 
0.000793681 
0.000837125 
0.000763568 
0.000806748 
0.000910564 
0.00101317 
0.000807362 
0.000758028 
0.00085779 
0.00101153 
0.000953968 
0.00100292 
0.0010074 
0.000934711 
0.00101574 
0.00100686 
0.00113926 
0.00109288 
0.00101275 
0.00102616 
0.00106407 
0.00108297 
0.00123261 
0.00134286 
0.00125144 
0.00135014 
0.00100736 
0.00111923 
0.0011737 
0.00137044 
0.00132323 
0.00141872 
0.00132291 
0.00134593 
0.0013183 
0.00146293 
0.00151348 
0.00163279 
0.00163815 
0.00162222 
0.00141897 
0.00142815 
0.00124805 
0.00132282 
0.00144172 
0.00155443 
0.00150662 
0.00151709 
0.00162429 
0.00159324 
0.00151444 
0.00135275 
0.00148616 
0.00146071 
0.00158599 
0.00168834 
0.00164053 
0.0016338 
0.00160579 
0.00172253 
0.0016686 
0.00155333 
0.00161625 
0.00187344 
0.0019641 
0.00186602 
0.00195056 
0.00174266 
0.00192101 
0.00191501 
0.00190104 
0.00170183 
0.00139135 
0.00131905 
0.00128917 
0.00153471 
0.00137446 
0.00139776 
0.00117621 
0.00128963 
0.00122508 
0.00111807 
0.00119261 
0.0012386 
0.00116943 
0.00123996 
0.00118849 
0.00108191 
0.00103671 
0.00112308 
0.000854316 
0.000916521 
0.000963703 
0.000778375 
0.000812064 
0.000826974 
0.000862532 
0.00113466 
0.000962503 
0.000932446 
0.00076841 
0.000749276 
0.000729456 
0.000786205 
0.000733643 
0.00070475 
0.000696923 
0.000685487 
0.000655143 
0.000700321 
0.000623044 
0.000677946 
0.000612096 
0.00059169 
0.000592319 
0.000626385 
0.000670244 
0.000777694 
0.00069604 
0.000875065 
0.000898894 
0.000696381 
0.000760383 
0.000738772 
0.000684882 
0.000711991 
0.000686326 
0.000631167 
0.000637497 
0.000566808 
0.000616323 
0.000565338 
0.000650572 
0.000523609 
0.000499113 
0.000524558 
0.000568967 
0.00056693 
0.000485203 
0.000477121 
0.000508149 
0.000537829 
0.000556702 
0.000539597 
0.000522419 
0.000507905 
0.000525235 
0.000529584 
0.000488714 
0.000496104 
0.000502616 
0.000513699 
0.000519537 
0.000532153 
0.000565213 
0.000535462 
0.000524499 
0.000486742 
0.000454408 
0.000542025 
0.000547404 
0.000595605 
0.0005724 
0.000541536 
0.000518981 
0.000537394 
0.000478542 
0.000508561 
0.000455502 
0.00046397 
0.000450487 
0.000473476 
0.000495847 
0.000707855 
0.000799847 
0.000965084 
0.00106674 
0.00109851 
0.00126142 
0.0011317 
0.000803264 
0.000987122 
0.000790294 
0.000741952 
0.000698494 
0.000851269 
0.00075111 
0.000655884 
0.000605898 
0.000555634 
0.000525804 
0.000510984 
0.000519026 
0.000517408 
0.000547123 
0.000583511 
0.00061051 
0.000702473 
0.000519215 
0.00056546 
0.000549137 
0.000504738 
0.000500247 
0.000516656 
0.000550926 
0.00050596 
0.000495986 
0.000543262 
0.000477912 
0.000451251 
0.000510121 
0.000505189 
0.000488539 
0.000490655 
0.000503708 
0.000511623 
0.000555345 
0.000510768 
0.000515478 
0.000483119 
0.000516142 
0.000510532 
0.000510264 
0.000492528 
0.000511239 
0.000519199 
0.00045388 
0.000498822 
0.000492211 
0.000470197 
0.000491625 
0.000440362 
0.000491713 
0.000579884 
0.000636731 
0.0005127 
0.000578262 
0.000544604 
0.000530688 
0.00047909 
0.00050024 
0.000527144 
0.000492504 
0.000519974 
0.0005078 
0.000505578 
0.000466103 
0.000472209 
0.000508784 
0.000519015 
0.000534392 
0.000489906 
0.000512903 
0.000558164 
0.000599303 
0.000596809 
0.000532094 
0.000565449 
0.000526627 
0.000460486 
0.000585699 
0.000509315 
0.000535963 
0.00052877 
0.000533206 
0.000547893 
0.00053178 
0.000490018 
0.000528158 
0.000539474 
0.000565206 
0.000540738 
0.000543353 
0.000483658 
0.000481259 
0.000484311 
0.000496604 
0.000515114 
0.000479134 
0.000509746 
0.000494305 
0.000522707 
0.000548716 
0.000504922 
0.000546763 
0.000539262 
0.000471415 
0.000538919 
0.000469968 
0.000539205 
0.000524259 
0.000549689 
0.000569271 
0.000648519 
0.000539121 
0.000517848 
0.000527302 
0.000535588 
0.000499039 
0.000560245 
0.000553305 
0.000506257 
0.000546464 
0.000540148 
0.000525698 
0.000537934 
0.000460539 
0.000457935 
0.000471038 
0.000496228 
0.00050316 
0.000468141 
0.000473185 
0.000460931 
0.000472408 
0.000504829 
0.000512326 
0.000546851 
0.000490272 
0.000473353 
0.000518009 
0.000471536 
0.000494199 
0.000448103 
0.000426065 
0.00044749 
0.000486578 
0.000498836 
0.00042526 
0.00041358 
0.000406145 
0.000431463 
0.000387094 
0.000381974 
0.000313172 
0.000281586 
0.000328346 
0.00033353 
0.000339656 
0.00030952 
0.000277347 
0.000382455 
0.000304443 
0.000264742 
0.000336921 
0.000406124 
0.000340604 
0.000317746 
0.000352447 
0.000343302 
0.000372737 
0.000336233 
0.00034666 
0.000348647 
0.000298585 
0.00029653 
0.000313843 
0.000260386 
0.000248115 
0.000242939 
0.000315919 
0.000594525 
0.000747694 
0.000541159 
0.000591058 
0.000437956 
0.000530162 
0.000554736 
0.000588501 
0.000450953 
0.000363621 
0.000308588 
0.000202155 
0.000288289 
0.000407585 
0.000471109 
0.00043329 
0.000304661 
0.000306383 
0.000271104 
0.000234548 
0.000323086 
0.000286735 
0.000270373 
0.000253675 
0.000257984 
0.000240285 
0.000257326 
0.000241018 
0.000241272 
0.000244536 
0.000287995 
0.00028761 
0.000253513 
0.000253499 
0.00029516 
0.000295246 
0.000315057 
0.000427546 
0.000392737 
0.000501221 
0.000644807 
0.000461105 
0.000410865 
0.000601796 
0.000486747 
0.000354359 
0.000474915 
0.000519644 
0.00035969 
0.000340772 
0.000374665 
0.000349178 
0.000339649 
0.000350507 
0.000377297 
0.000322582 
0.000306375 
0.000274153 
0.000250844 
0.000276928 
0.000310691 
0.000311576 
0.000316321 
0.00031736 
0.000306921 
0.000306611 
0.00027456 
0.000283238 
0.000306194 
0.000292986 
0.000299457 
0.000277488 
0.000282208 
0.000283484 
0.00028999 
0.000319044 
0.000322565 
0.000326576 
0.000314797 
0.000347591 
0.00033189 
0.000337778 
0.000324825 
0.00050629 
0.000418178 
0.000696171 
0.000665764 
0.000969007 
0.000998428 
0.000751606 
0.000578638 
0.000529344 
0.000355634 
0.000367352 
0.000535201 
0.00046461 
0.000549123 
0.000890718 
0.000823583 
0.00105369 
0.00108078 
0.000835458 
0.000975497 
0.00106862 
0.000871925 
0.000909714 
0.00083993 
0.000704317 
0.000724689 
0.000696937 
0.000612141 
0.000521473 
0.000520469 
0.000523186 
0.00050464 
0.000586345 
0.000595864 
0.000598254 
0.000641001 
0.000590276 
0.00068249 
0.00083779 
0.000883375 
0.000947498 
0.000851235 
0.000859282 
0.000898048 
0.000977048 
0.000949723 
0.000964431 
0.000947803 
0.000830533 
0.000863967 
0.00099296 
0.000959057 
0.00091187 
0.000755207 
0.000697822 
0.000812114 
0.000999052 
0.00107688 
0.0011197 
0.00088711 
0.000999853 
0.00100961 
0.0008219 
0.000857207 
0.000863903 
0.000862381 
0.000952774 
0.00102206 
0.0011189 
0.00104279 
0.00117065 
0.00114888 
0.00119571 
0.00117703 
0.000940917 
0.000852689 
0.000819145 
0.00069842 
0.000605204 
0.000693968 
0.000832696 
0.000830958 
0.000836899 
0.000740417 
0.000756341 
0.00083066 
0.000739242 
0.000808013 
0.000690045 
0.000708473 
0.000514072 
0.000481646 
0.000494508 
0.000469614 
0.000469114 
0.000472305 
0.000471543 
0.000499064 
0.000472043 
0.000551273 
0.000536883 
0.000472301 
0.000552646 
0.000450381 
0.000472022 
0.000522311 
0.000626962 
0.000612854 
0.000563763 
0.000540043 
0.000412889 
0.000491812 
0.000560161 
0.000595625 
0.000707462 
0.000723034 
0.000666471 
0.000746516 
0.00067451 
0.000750637 
0.000713924 
0.000684399 
0.000673946 
0.000674547 
0.000707428 
0.000593692 
0.000531015 
0.000506412 
0.000622422 
0.00057927 
0.000476529 
0.000447143 
0.000461775 
0.000681968 
0.00111179 
0.00140558 
0.00216184 
0.00321121 
0.00342958 
0.0024681 
0.00263868 
0.00225495 
0.00230942 
0.00207371 
0.0014039 
0.00113748 
0.00151989 
0.00138233 
0.00234553 
0.00277284 
0.00226162 
0.00203702 
0.00226195 
0.00181989 
0.00217191 
0.00193032 
0.001923 
0.00134357 
0.00259525 
0.00277057 
0.00276783 
0.00131838 
0.000834316 
0.000750001 
0.000634591 
0.000640912 
0.000637197 
0.000495538 
0.000506185 
0.000560045 
0.000552013 
0.000535861 
0.000529544 
0.000560258 
0.000675147 
0.000784503 
0.000669092 
0.000667492 
0.000670102 
0.000662144 
0.00076599 
0.000686433 
0.000760025 
0.000815581 
0.000657484 
0.000720504 
0.000722628 
0.000955295 
0.000992677 
0.000941125 
0.00100722 
0.00101843 
0.000857144 
0.000840552 
0.00093363 
0.00100699 
0.00100313 
0.00107433 
0.000949125 
0.000994401 
0.000979903 
0.00103759 
0.00124191 
0.00108933 
0.00113141 
0.00084228 
0.000846129 
0.000988475 
0.00123469 
0.00132763 
0.00132668 
0.00138008 
0.0015123 
0.00120715 
0.000877477 
0.000942235 
0.00113993 
0.00106755 
0.00110546 
0.0010098 
0.00110103 
0.00105181 
0.000876994 
0.000879315 
0.00121211 
0.000789226 
0.000922324 
0.000771057 
0.000915469 
0.000970563 
0.00125074 
0.0015999 
0.00147165 
0.00149773 
0.00160059 
0.00162592 
0.00129545 
0.00121598 
0.00131436 
0.00136723 
0.00173351 
0.00173444 
0.00185981 
0.0017439 
0.00132362 
0.00133173 
0.00135695 
0.0012066 
0.00157854 
0.00109101 
0.00125114 
0.00142274 
0.00158813 
0.00172025 
0.00153691 
0.00158074 
0.00147491 
0.00158384 
0.00197462 
0.00227262 
0.00244981 
0.00257115 
0.00234661 
0.00267054 
0.00303487 
0.00293344 
0.00282967 
0.00282394 
0.00262121 
0.00252546 
0.00267853 
0.00311588 
0.0031269 
0.00326802 
0.00325438 
0.00286121 
0.00284337 
0.00291086 
0.00311565 
0.00254473 
0.00283486 
0.00260746 
0.00280574 
0.00325014 
0.0031506 
0.00305891 
0.00274656 
0.00303923 
0.00301375 
0.00347646 
0.00365334 
0.00300943 
0.00255392 
0.00235767 
0.00226533 
0.00217045 
0.00192979 
0.00179732 
0.00186205 
0.00151467 
0.00159345 
0.00187798 
0.00139994 
0.00140088 
0.00120071 
0.0013408 
0.00134074 
0.00144559 
0.0014917 
0.00173299 
0.00234863 
0.00179008 
0.00170293 
0.0016806 
0.00161717 
0.0016312 
0.0017303 
0.00177566 
0.00161841 
0.00154661 
0.0020164 
0.00201634 
0.00167249 
0.00132885 
0.00164162 
0.00178001 
0.00137128 
0.00136722 
0.00157182 
0.00161232 
0.00154575 
0.00130608 
0.00130552 
0.00127622 
0.0010665 
0.00120248 
0.00160375 
0.00142863 
0.0013916 
0.00152388 
0.00151842 
0.00192729 
0.00231456 
0.0025624 
0.00276466 
0.00268816 
0.00273706 
0.0033577 
0.00314427 
0.00365881 
0.00376326 
0.00395779 
0.00367377 
0.0032264 
0.00307383 
0.0032793 
0.00239067 
0.00206075 
0.00233491 
0.00216969 
0.00244759 
0.0024609 
0.00234481 
0.0021003 
0.00277421 
0.00344605 
0.00319406 
0.00325764 
0.00308676 
0.00318045 
0.00340223 
0.00304702 
0.00266772 
0.00273718 
0.00234152 
0.00255304 
0.00342064 
0.00298063 
0.002735 
0.00273813 
0.00287513 
0.00279837 
0.00322068 
0.00322365 
0.00355032 
0.00357865 
0.00422754 
0.00418645 
0.00377135 
0.0040193 
0.00503753 
0.00528791 
0.00499925 
0.00422189 
0.00400463 
0.00310858 
0.00376781 
0.0029811 
0.00253036 
0.00256376 
0.00236595 
0.00253648 
0.00262206 
0.0024767 
0.00310284 
0.00255143 
0.00203908 
0.00180821 
0.00205768 
0.00223185 
0.00272653 
0.00244425 
0.0029178 
0.00235553 
0.00270703 
0.00280004 
0.00266206 
0.00302265 
0.00288557 
0.00363766 
0.00352469 
0.00372071 
0.00376181 
0.00369072 
0.00377822 
0.00383841 
0.00367064 
0.00355481 
0.00379362 
0.00413188 
0.0037745 
0.00402369 
0.003875 
0.0046135 
0.00393505 
0.0039192 
0.00395722 
0.00412963 
0.00423223 
0.00419232 
0.00455922 
0.00437897 
0.00447813 
0.00469306 
0.00489657 
0.00523562 
0.00476253 
0.00411229 
0.00331027 
0.00310972 
0.00354301 
0.00364415 
0.00256167 
0.00251141 
0.00291814 
0.00255593 
0.00255057 
0.00277837 
0.00260983 
0.00223158 
0.00232772 
0.00234902 
0.0021549 
0.00186962 
0.00164718 
0.00148811 
0.00161417 
0.00166593 
0.00155947 
0.00124643 
0.00100815 
0.0010113 
0.00101307 
0.000940761 
0.00108016 
0.00110963 
0.00115845 
0.00103744 
0.00106014 
0.000887072 
0.000903842 
0.000836063 
0.000862306 
0.000907902 
0.000770781 
0.000984405 
0.000930428 
0.000951064 
0.00117286 
0.00105531 
0.000885947 
0.000682278 
0.000711859 
0.000558949 
0.000573306 
0.000551625 
0.000596876 
0.000596064 
0.000619109 
0.000627914 
0.000622791 
0.000560974 
0.000570784 
0.000543407 
0.00053436 
0.000565209 
0.000579622 
0.000614674 
0.000604369 
0.000639297 
0.000635409 
0.000668692 
0.00062735 
0.000630604 
0.000621358 
0.000626491 
0.000614872 
0.000600596 
0.000557769 
0.00061005 
0.000586704 
0.000638546 
0.000581173 
0.00061743 
0.000621005 
0.000620567 
0.000616767 
0.00062143 
0.00059572 
0.000626758 
0.000604722 
0.000643797 
0.000621018 
0.000634627 
0.000630473 
0.000597338 
0.000628459 
0.000687923 
0.000643612 
0.000667977 
0.000684578 
0.000641765 
0.00059567 
0.000619794 
0.000548768 
0.000624917 
0.000576441 
0.00059691 
0.000622089 
0.000616635 
0.000577482 
0.000610354 
0.000601177 
0.000584738 
0.000595546 
0.000611988 
0.000679549 
0.000693326 
0.000774527 
0.000778436 
0.000679683 
0.000729441 
0.000688537 
0.000631305 
0.000716197 
0.000714959 
0.000652483 
0.000666504 
0.000654579 
0.000633448 
0.000631964 
0.000618005 
0.000603724 
0.000561588 
0.000649836 
0.00068302 
0.000712043 
0.000703481 
0.000659854 
0.000713373 
0.000681795 
0.000646629 
0.000580632 
0.000584677 
0.000555117 
0.000557538 
0.000608731 
0.00061458 
0.00062827 
0.000618301 
0.000605932 
0.000600049 
0.000560388 
0.00052401 
0.000552491 
0.000566515 
0.000558811 
0.000545671 
0.000582869 
0.000593176 
0.000581254 
0.000479889 
0.000487184 
0.00049684 
0.000839636 
0.000886786 
0.00080434 
0.000864647 
0.00138983 
0.0011063 
0.00168309 
0.00210246 
0.00184858 
0.00133126 
0.00110831 
0.00118167 
0.00128931 
0.00130249 
0.000830508 
0.000774502 
0.000984589 
0.000741694 
0.000599367 
0.000701248 
0.000574158 
0.000563709 
0.000518118 
0.000597119 
0.000658188 
0.00093202 
0.000689914 
0.000560386 
0.000566006 
0.000526691 
0.000480528 
0.000486619 
0.000522784 
0.000528584 
0.000492525 
0.000480019 
0.000555002 
0.000548205 
0.000580003 
0.000630339 
0.00061739 
0.000611404 
0.00063901 
0.000639957 
0.000637644 
0.000635359 
0.000587648 
0.000579355 
0.000570862 
0.000576553 
0.000503224 
0.000495148 
0.000564378 
0.000581849 
0.000593678 
0.000590342 
0.000566 
0.000578671 
0.000568136 
0.000568181 
0.00059941 
0.000582779 
0.000515207 
0.000522866 
0.000521781 
0.00050122 
0.000471427 
0.000528452 
0.00052297 
0.000522235 
0.000510481 
0.000486719 
0.000479544 
0.000445967 
0.000420009 
0.000494724 
0.00048921 
0.000451246 
0.000440511 
0.000447062 
0.000425356 
0.000415568 
0.000434644 
0.000397601 
0.00040357 
0.000380155 
0.000379677 
0.000404035 
0.000399257 
0.000438112 
0.000484897 
0.000457082 
0.000464234 
0.000453774 
0.000434039 
0.000506655 
0.00055641 
0.000546489 
0.000511049 
0.000494673 
0.000486059 
0.000518737 
0.000490622 
0.000525214 
0.000478392 
0.000481524 
0.000528525 
0.000589676 
0.000538297 
0.000548537 
0.000473548 
0.000479845 
0.000507912 
0.000517606 
0.00051435 
0.000517842 
0.000487642 
0.000519883 
0.000498884 
0.000522796 
0.000506627 
0.000492387 
0.000459103 
0.000486613 
0.000457096 
0.000534852 
0.000516609 
0.000630625 
0.000738162 
0.000891207 
0.000861226 
0.000864439 
0.000827028 
0.000909392 
0.00111044 
0.000888126 
0.000972789 
0.000897021 
0.000844163 
0.000975651 
0.000882821 
0.000888097 
0.000883639 
0.000750591 
0.000816782 
0.000766723 
0.000760628 
0.000700594 
0.000773619 
0.000789281 
0.000719668 
0.000624871 
0.000522874 
0.000655641 
0.000630377 
0.000635337 
0.000635285 
0.000686971 
0.000634037 
0.00060423 
0.000585424 
0.000634667 
0.000596538 
0.000600295 
0.000608358 
0.000578937 
0.000571155 
0.000554811 
0.000498963 
0.000543184 
0.000581476 
0.000639734 
0.000607684 
0.000567142 
0.000562559 
0.00057387 
0.000547466 
0.00055509 
0.000618325 
0.000600992 
0.000551945 
0.000533382 
0.000476167 
0.000508765 
0.000481723 
0.000434342 
0.000409666 
0.000413705 
0.000446631 
0.000451217 
0.0004679 
0.000487417 
0.000500915 
0.000491075 
0.000576203 
0.000522843 
0.000531707 
0.000557323 
0.000520968 
0.000485397 
0.000434329 
0.000401264 
0.000370298 
0.000383148 
0.000401697 
0.000415385 
0.000430058 
0.000470766 
0.000453412 
0.000474306 
0.000470855 
0.000449444 
0.000411486 
0.000498886 
0.000517255 
0.000496761 
0.000464931 
0.000430424 
0.000414027 
0.000389305 
0.000465198 
0.000446756 
0.000388122 
0.000368692 
0.000472383 
0.000532365 
0.000522041 
0.000655233 
0.000588767 
0.000585047 
0.000818023 
0.000585023 
0.000423059 
0.00034407 
0.000561069 
0.000871312 
0.00129289 
0.00133844 
0.00179246 
0.00177564 
0.0022522 
0.00275065 
0.00296693 
0.00244341 
0.00322357 
0.00353513 
0.00247101 
0.00245028 
0.00252654 
0.00220171 
0.00153791 
0.00137292 
0.000987522 
0.00160416 
0.00176222 
0.00128918 
0.00194775 
0.00160266 
0.00158844 
0.002292 
0.0030476 
0.00255901 
0.00251629 
0.00231826 
0.00237236 
0.00243869 
0.00358061 
0.00298692 
0.00390207 
0.00393922 
0.00376735 
0.00346888 
0.00234862 
0.00254857 
0.00206118 
0.00195363 
0.00150789 
0.00206395 
0.00249949 
0.00308992 
0.00335053 
0.00326444 
0.00290987 
0.00314393 
0.00267676 
0.00218623 
0.00227422 
0.00258068 
0.00199191 
0.00276052 
0.00228585 
0.00199672 
0.00196044 
0.00204294 
0.00239587 
0.00207161 
0.00200398 
0.00167602 
0.00158023 
0.0013251 
0.00125458 
0.00150008 
0.00152506 
0.00123354 
0.000823006 
0.000838192 
0.000618997 
0.000652824 
0.000725103 
0.000658187 
0.000919056 
0.00111013 
0.00106887 
0.00128251 
0.000999321 
0.000564863 
0.000485899 
0.000348942 
0.000155044 
0.000136221 
0.000118348 
0.000110376 
9.38975e-05 
8.16291e-05 
0.000106938 
7.29722e-05 
7.23858e-05 
9.13057e-05 
0.000128907 
0.000167944 
0.000233842 
0.000190947 
0.000137486 
0.000128483 
0.000248414 
0.000231847 
0.000177052 
0.000145714 
0.000134955 
0.000118375 
8.99984e-05 
8.33843e-05 
7.17177e-05 
6.61127e-05 
6.57266e-05 
6.54726e-05 
6.55842e-05 
7.10507e-05 
8.51271e-05 
0.000125787 
7.64524e-05 
7.75649e-05 
7.96997e-05 
9.93968e-05 
7.54939e-05 
7.93153e-05 
8.14519e-05 
0.000112629 
0.000137518 
7.98495e-05 
8.22488e-05 
7.74375e-05 
9.10744e-05 
0.000122315 
7.69535e-05 
6.86242e-05 
7.25384e-05 
0.000312886 
0.000118053 
0.000162102 
6.44279e-05 
6.94682e-05 
7.1298e-05 
6.80591e-05 
7.20435e-05 
7.4397e-05 
7.53341e-05 
9.75737e-05 
0.000113512 
7.71175e-05 
7.55315e-05 
7.2064e-05 
6.67049e-05 
8.31958e-05 
8.32994e-05 
8.50729e-05 
7.09379e-05 
8.32606e-05 
7.61734e-05 
7.32841e-05 
7.9507e-05 
7.72789e-05 
8.06041e-05 
7.7942e-05 
9.9285e-05 
0.000123857 
8.11238e-05 
9.0525e-05 
9.02515e-05 
8.72832e-05 
7.93009e-05 
8.6506e-05 
8.42814e-05 
9.04268e-05 
0.000153275 
0.000132212 
9.84336e-05 
9.64754e-05 
0.000122986 
0.000184352 
9.97689e-05 
8.60189e-05 
8.92306e-05 
8.61593e-05 
9.19174e-05 
0.000106963 
0.000107912 
0.000115932 
0.000135208 
0.000126876 
0.000122 
9.56288e-05 
9.81875e-05 
9.96864e-05 
0.000107628 
0.000101382 
0.000168953 
0.000200848 
0.000312366 
0.000529396 
0.000781334 
0.000662769 
0.000712311 
0.000294405 
0.000306395 
0.000246715 
0.000184681 
0.000187905 
0.000209894 
0.000204642 
0.000228852 
0.000241244 
0.000241039 
0.000248231 
0.000257715 
0.000246026 
0.00022248 
0.000206468 
0.000194534 
0.000262062 
0.000366293 
0.000364917 
0.000265023 
0.000236442 
0.000231821 
0.000220317 
0.000201216 
0.000223672 
0.000161857 
0.000209982 
0.000218398 
0.00028787 
0.000340887 
0.000180148 
0.000206531 
0.000238699 
0.000238589 
0.000280448 
0.000277406 
0.000260558 
0.000265454 
0.000260176 
0.000183558 
0.000185781 
0.000126839 
0.000111631 
0.000349982 
0.000443304 
0.000275768 
0.000178327 
0.000189794 
0.000239993 
0.000244699 
0.000240411 
0.00025786 
0.000251929 
0.000219443 
0.000276555 
0.000245759 
0.000258113 
0.000280683 
0.000309223 
0.000297756 
0.000340223 
0.000346906 
0.000333571 
0.00033191 
0.000402106 
0.000373047 
0.000364086 
0.000384738 
0.000544876 
0.000555938 
0.000478792 
0.000479135 
0.00049722 
0.000501861 
0.000529354 
0.000540004 
0.000550474 
0.00057054 
0.000599365 
0.000567191 
0.000546394 
0.00058284 
0.000535197 
0.000503502 
0.000431205 
0.00042964 
0.000469562 
0.000522718 
0.000592434 
0.000695648 
0.000662501 
0.000662203 
0.000602478 
0.000547757 
0.000483348 
0.000511867 
0.000536286 
0.000557407 
0.000618827 
0.000714054 
0.000686988 
0.000676644 
0.000677977 
0.000682239 
0.000670727 
0.000759451 
0.000724859 
0.000714115 
0.000789123 
0.000853631 
0.000770317 
0.000814418 
0.00075507 
0.000680773 
0.000583581 
0.000642323 
0.000665685 
0.000716741 
0.00067672 
0.000706698 
0.000768361 
0.000812058 
0.000824474 
0.000941399 
0.000901784 
0.00098694 
0.000943194 
0.000869098 
0.0010014 
0.000919079 
0.000912774 
0.000862219 
0.00094606 
0.000924932 
0.000987307 
0.000987657 
0.00101724 
0.00100935 
0.000941027 
0.000975144 
0.00107346 
0.00110367 
0.00104252 
0.00113171 
0.00110052 
0.00109563 
0.00107114 
0.00101681 
0.00102468 
0.00107266 
0.00114694 
0.00113858 
0.00110842 
0.00106792 
0.00110349 
0.0011457 
0.00126498 
0.00130912 
0.00122862 
0.00131329 
0.00134167 
0.00122101 
0.00115278 
0.00125407 
0.00113403 
0.00111733 
0.00115731 
0.00110681 
0.00111322 
0.00122146 
0.00127281 
0.00120833 
0.00120969 
0.00117428 
0.0011792 
0.00127329 
0.00124214 
0.00124892 
0.00128575 
0.00142499 
0.0014019 
0.0014694 
0.0013625 
0.00148016 
0.00135686 
0.00131359 
0.00127988 
0.00131329 
0.00130208 
0.00124653 
0.00128016 
0.00126516 
0.00129379 
0.00127637 
0.00114492 
0.0012415 
0.00114939 
0.00114062 
0.00118503 
0.00116525 
0.00115763 
0.00114092 
0.00117535 
0.00119871 
0.00111451 
0.00107612 
0.00111234 
0.0010828 
0.00111155 
0.00108142 
0.00107789 
0.00112407 
0.00116757 
0.00111054 
0.00107946 
0.00103903 
0.00105472 
0.0011998 
0.00124178 
0.00128 
0.00121675 
0.00105509 
0.00102092 
0.00110619 
0.00130358 
0.00128453 
0.00125475 
0.00136248 
0.00124481 
0.0013116 
0.00131279 
0.00131247 
0.00123939 
0.00117997 
0.00130881 
0.00130479 
0.00136761 
0.00134742 
0.00128179 
0.0012723 
0.00118276 
0.00119627 
0.0012284 
0.00121298 
0.00118998 
0.00116316 
0.00127737 
0.00132779 
0.00132925 
0.00137211 
0.00131769 
0.0012933 
0.00126971 
0.00133306 
0.00134035 
0.00132991 
0.00137094 
0.00132943 
0.00141531 
0.00125639 
0.00130421 
0.00113628 
0.00116133 
0.00118763 
0.00126582 
0.00132207 
0.00129331 
0.00129066 
0.00129641 
0.00128914 
0.00127202 
0.00118052 
0.00114844 
0.00122961 
0.00126361 
0.00124497 
0.0011823 
0.00125299 
0.00139993 
0.00150236 
0.00150292 
0.00137449 
0.00145673 
0.00125934 
0.00123236 
0.00109327 
0.00115084 
0.00108654 
0.00117623 
0.00122494 
0.00123611 
0.00123057 
0.00125563 
0.0011734 
0.00149151 
0.00151032 
0.00153324 
0.00153414 
0.00136129 
0.00129597 
0.00129777 
0.00135596 
0.00141527 
0.00140897 
0.00148959 
0.00162496 
0.00164232 
0.00145993 
0.00138888 
0.00125997 
0.00112416 
0.00117086 
0.00123435 
0.00142345 
0.00154033 
0.00151807 
0.00173396 
0.00150582 
0.00139851 
0.00126602 
0.00129601 
0.00132618 
0.00125929 
0.00124747 
0.00120254 
0.00122585 
0.00118494 
0.00129858 
0.00128398 
0.00113201 
0.00126922 
0.00122168 
0.00129649 
0.00129317 
0.00124939 
0.00108801 
0.00110278 
0.00111059 
0.00109652 
0.00108848 
0.000954302 
0.000945183 
0.000925934 
0.000973498 
0.00101578 
0.0010029 
0.000955084 
0.000996894 
0.000995725 
0.000899152 
0.000871839 
0.000867445 
0.000842553 
0.000832181 
0.00074127 
0.000708565 
0.000646648 
0.000607063 
0.000624067 
0.000682003 
0.000722487 
0.000692803 
0.000698505 
0.000664507 
0.000722776 
0.000633126 
0.000623538 
0.000593322 
0.000603103 
0.000670438 
0.000748027 
0.000704963 
0.000792391 
0.000757342 
0.000791622 
0.000977864 
0.00088008 
0.000808559 
0.000722772 
0.000692131 
0.000685324 
0.000722011 
0.000752238 
0.000728998 
0.000691912 
0.000653821 
0.000726546 
0.000646815 
0.000620695 
0.000609056 
0.000644894 
0.000842462 
0.000840978 
0.000650161 
0.000664709 
0.000660234 
0.000684774 
0.000669818 
0.000635214 
0.000592421 
0.000560575 
0.000581901 
0.000632862 
0.000639131 
0.000676872 
0.000678335 
0.000655979 
0.000618115 
0.000723385 
0.000841005 
0.000814701 
0.000916586 
0.000760187 
0.00088883 
0.000952265 
0.0005717 
0.000817723 
0.00167153 
0.00134787 
0.00131937 
0.00176765 
0.0015828 
0.00188311 
0.00129116 
0.00156468 
0.00138127 
0.00128377 
0.00126138 
0.000813604 
0.000968273 
0.00152729 
0.00201381 
0.0026404 
0.00248189 
0.00204857 
0.0015825 
0.0021287 
0.00215268 
0.0017578 
0.00185822 
0.00179302 
0.00208157 
0.0021227 
0.00179309 
0.00131392 
0.00119376 
0.000966792 
0.00106005 
0.000883271 
0.000680374 
0.000465169 
0.000527285 
0.000399457 
0.000525389 
0.00051138 
0.000556985 
0.00052874 
0.000517955 
0.000556404 
0.000580844 
0.000526753 
0.000551278 
0.000491833 
0.000448948 
0.000415506 
0.000399649 
0.000428489 
0.000465455 
0.000350046 
0.000336013 
0.000336906 
0.000445049 
0.000468665 
0.000526173 
0.000626433 
0.00049503 
0.000448185 
0.000412374 
0.000463099 
0.000406152 
0.000415341 
0.000428668 
0.00041934 
0.000392337 
0.000409343 
0.00040323 
0.00037553 
0.000355638 
0.000378054 
0.000323954 
0.000313513 
0.000297599 
0.000271541 
0.000252721 
0.00028989 
0.000254636 
0.000297774 
0.000375034 
0.000351621 
0.000535252 
0.000457684 
0.000343412 
0.000356542 
0.000351281 
0.000365864 
0.000391974 
0.000312442 
0.000396471 
0.000503647 
0.000601461 
0.000591386 
0.000768281 
0.000722061 
0.000668218 
0.000651876 
0.000797256 
0.000800421 
0.000697989 
0.000790525 
0.000926597 
0.000824166 
0.000641588 
0.000619496 
0.00069574 
0.000613515 
0.000647124 
0.000622772 
0.000629583 
0.00063572 
0.000702732 
0.000668166 
0.000715103 
0.000713748 
0.000752645 
0.000751414 
0.000603233 
0.000751594 
0.000610686 
0.000715157 
0.000701108 
0.00053796 
0.000430104 
0.000399072 
0.000348073 
0.00034949 
0.000361799 
0.000417275 
0.000328642 
0.000350026 
0.000317003 
0.000325776 
0.000327902 
0.000351989 
0.00036447 
0.000323821 
0.00028462 
0.000277317 
0.000252124 
0.000187249 
0.00033606 
0.000384478 
0.000705675 
0.000723386 
0.00020284 
0.000153921 
0.000178904 
0.00014664 
0.000151414 
0.000135124 
0.00013579 
0.000165514 
0.000156281 
0.000145559 
0.000132725 
0.00014245 
0.000154964 
0.000185747 
0.000184459 
0.000146954 
0.000130674 
8.89867e-05 
8.83765e-05 
8.42271e-05 
8.12109e-05 
0.000112598 
0.000161107 
7.43031e-05 
6.91902e-05 
6.84122e-05 
6.71074e-05 
6.59125e-05 
6.73997e-05 
9.17131e-05 
8.76155e-05 
0.000113694 
0.000149352 
0.000141047 
0.00011016 
7.35471e-05 
6.89073e-05 
5.96648e-05 
6.15126e-05 
6.54839e-05 
7.14647e-05 
6.30451e-05 
6.60396e-05 
6.75427e-05 
0.000121159 
0.000158112 
0.000372966 
0.00026346 
9.56221e-05 
6.81826e-05 
6.77032e-05 
7.08053e-05 
6.84948e-05 
8.10749e-05 
7.71908e-05 
6.96765e-05 
6.59813e-05 
6.07769e-05 
6.33705e-05 
7.28425e-05 
0.000112072 
0.00014598 
0.000129373 
0.000121821 
0.00016123 
0.000154218 
0.000193711 
0.000372579 
0.000299582 
0.000372021 
0.000350611 
0.000280184 
0.000218568 
0.000170703 
0.000196706 
0.000199491 
0.000442909 
0.000451204 
0.000426154 
0.000420156 
0.000571665 
0.000789657 
0.000667763 
0.000799309 
0.000695152 
0.00054126 
0.000442367 
0.000449765 
0.000512966 
0.00037232 
0.000302569 
0.000284284 
0.000208437 
0.000280217 
0.000160951 
0.000131541 
0.000147278 
0.00014446 
8.96714e-05 
0.000103777 
6.02023e-05 
6.41823e-05 
8.64529e-05 
9.57895e-05 
7.45537e-05 
7.39848e-05 
7.25423e-05 
0.000106011 
9.25397e-05 
0.000138134 
0.000194719 
0.000119072 
0.000115614 
9.99967e-05 
9.49226e-05 
0.000116645 
0.000115655 
0.000102379 
7.32728e-05 
7.42244e-05 
7.55862e-05 
7.56177e-05 
6.63915e-05 
6.09838e-05 
6.65671e-05 
7.05806e-05 
8.64137e-05 
7.24338e-05 
7.11495e-05 
6.94573e-05 
7.35101e-05 
7.22073e-05 
7.21957e-05 
7.6654e-05 
7.35351e-05 
8.11221e-05 
8.9139e-05 
0.000133465 
0.000178572 
0.00020931 
0.000280243 
0.000304666 
0.000282638 
0.00018377 
0.000145605 
0.000158989 
0.000229974 
0.000186758 
0.000126374 
0.000132166 
0.000134152 
0.000125946 
0.000167047 
0.000165154 
8.4844e-05 
8.09658e-05 
8.14002e-05 
8.61883e-05 
7.63438e-05 
8.45809e-05 
8.20724e-05 
8.03158e-05 
0.000103246 
0.000109277 
8.65509e-05 
9.62549e-05 
7.97403e-05 
9.17377e-05 
0.000123582 
0.000125265 
9.30084e-05 
0.000124934 
8.47772e-05 
8.56841e-05 
8.37244e-05 
0.000134839 
8.54885e-05 
9.66734e-05 
9.29712e-05 
8.69993e-05 
8.9571e-05 
9.88386e-05 
9.56546e-05 
9.59786e-05 
0.000108114 
9.43173e-05 
0.00010523 
0.000115158 
0.000104251 
9.89887e-05 
8.85918e-05 
8.08619e-05 
0.000110656 
8.27392e-05 
0.000122038 
0.000127059 
0.000163633 
0.000318418 
0.000277013 
0.000186343 
0.000160145 
0.000253162 
0.000262049 
0.000252111 
0.000274924 
0.000314606 
0.000290337 
0.000244359 
0.000135081 
0.000163696 
0.000133204 
9.79873e-05 
0.0001147 
0.000137825 
7.18137e-05 
7.05945e-05 
7.55508e-05 
7.68635e-05 
0.000118733 
8.41679e-05 
8.47363e-05 
8.47732e-05 
0.000104922 
8.76838e-05 
9.99527e-05 
0.000120667 
0.000100249 
8.80833e-05 
8.15566e-05 
7.71486e-05 
7.70345e-05 
7.17698e-05 
7.1486e-05 
6.78252e-05 
6.84906e-05 
6.62993e-05 
7.01188e-05 
7.54448e-05 
7.41118e-05 
6.78487e-05 
6.7786e-05 
7.26719e-05 
7.69878e-05 
9.64915e-05 
9.87226e-05 
9.36692e-05 
8.42082e-05 
8.14196e-05 
8.12945e-05 
8.17619e-05 
7.9331e-05 
7.05315e-05 
7.33458e-05 
7.18424e-05 
7.70297e-05 
7.0557e-05 
7.05754e-05 
7.6144e-05 
8.77987e-05 
7.84554e-05 
0.000108135 
6.50094e-05 
6.10867e-05 
5.81508e-05 
6.00556e-05 
5.38111e-05 
5.08042e-05 
5.59712e-05 
8.90003e-05 
7.22795e-05 
0.000152229 
0.000177501 
0.000115461 
9.47527e-05 
5.39839e-05 
5.76076e-05 
4.99405e-05 
5.73542e-05 
5.42787e-05 
5.65007e-05 
5.82667e-05 
6.1234e-05 
6.30205e-05 
6.11065e-05 
5.60533e-05 
6.19877e-05 
6.49793e-05 
7.35403e-05 
8.45929e-05 
7.45751e-05 
7.49742e-05 
6.4351e-05 
7.47336e-05 
8.16508e-05 
6.88798e-05 
6.87689e-05 
6.91009e-05 
6.53001e-05 
5.71295e-05 
7.53201e-05 
6.48943e-05 
8.93806e-05 
8.60085e-05 
8.39759e-05 
8.9969e-05 
9.6186e-05 
0.000101442 
0.000100208 
0.0001047 
0.00010378 
0.000103448 
0.000117937 
0.000102855 
0.000194411 
9.61532e-05 
9.25036e-05 
0.000104056 
0.000163581 
0.000149363 
0.000143177 
0.000142548 
0.000113862 
0.000120721 
0.000121851 
0.000130362 
0.000107733 
0.000136589 
0.000140892 
0.000133612 
0.000116931 
9.14346e-05 
0.000109465 
8.38112e-05 
6.46192e-05 
4.00158e-05 
4.21873e-05 
6.63684e-05 
6.35847e-05 
4.3978e-05 
6.2963e-05 
6.42651e-05 
5.2643e-05 
7.23394e-05 
9.09592e-05 
0.000108896 
0.000113562 
0.000191636 
0.000170646 
0.000146603 
0.000125018 
0.000111696 
0.000120464 
6.76786e-05 
4.82274e-05 
5.69236e-05 
6.25522e-05 
6.99129e-05 
6.33837e-05 
5.94367e-05 
5.69261e-05 
6.20177e-05 
7.70045e-05 
7.6911e-05 
8.57658e-05 
9.29505e-05 
8.62788e-05 
8.52813e-05 
8.60302e-05 
8.05773e-05 
0.0001049 
0.000144377 
0.000192296 
0.000158097 
0.000217849 
0.000258166 
0.000276276 
0.000331417 
0.000395986 
0.000375876 
0.000419636 
0.000358143 
0.000388109 
0.000321639 
0.000338944 
0.000430957 
0.000455914 
0.000453501 
0.000370392 
0.000398476 
0.000486842 
0.000541479 
0.000572867 
0.000492724 
0.000485157 
0.000401449 
0.000376639 
0.000420311 
0.000478324 
0.00039287 
0.000450817 
0.000495542 
0.000366333 
0.000464829 
0.00048454 
0.000427756 
0.000430512 
0.000535359 
0.000490692 
0.000396923 
0.00046407 
0.000498886 
0.000558177 
0.000585062 
0.000630477 
0.000626973 
0.000539977 
0.000285259 
0.000301661 
0.000353691 
0.00023506 
0.000301214 
0.000155507 
6.78736e-05 
6.76691e-05 
4.50377e-05 
7.36641e-05 
0.000100496 
0.000106404 
9.09552e-05 
0.000289692 
0.000177042 
0.000245569 
0.000207216 
0.000166023 
0.000192497 
0.000174625 
0.000113453 
0.000114524 
0.000179374 
0.000328766 
0.00056143 
0.000823355 
0.000929678 
0.000914757 
0.00103811 
0.000899651 
0.00125135 
0.0011227 
0.00121536 
0.00126752 
0.00108808 
0.000818105 
0.00071842 
0.000475131 
0.000610293 
0.000823259 
0.000987102 
0.00116721 
0.000840131 
0.000647037 
0.00067285 
0.000822605 
0.0006868 
0.000985628 
0.00114165 
0.000896494 
0.00131934 
0.00140806 
0.00135455 
0.00157288 
0.00167835 
0.00153473 
0.00112342 
0.0012987 
0.000830941 
0.00111025 
0.00127718 
0.00107133 
0.00111064 
0.00070875 
0.000623841 
0.000354688 
0.00056869 
0.000796008 
0.000861208 
0.000449913 
0.000522055 
0.000283266 
0.000149202 
0.000137117 
0.00013321 
0.000155442 
0.000117722 
0.000132932 
0.000148865 
0.000136249 
0.000180918 
0.000221054 
0.000195692 
0.000225625 
0.000219161 
0.000227587 
0.000252946 
0.000339653 
0.000308929 
0.000258081 
0.000275224 
0.000232656 
0.000262281 
0.000257923 
0.000241956 
0.000216192 
0.000190672 
0.000184396 
0.000141035 
0.000112419 
0.000167006 
0.000183985 
0.000232135 
0.000215691 
0.000254692 
0.000291639 
0.0002441 
0.000305759 
0.000317704 
0.00035889 
0.000328821 
0.000337215 
0.00031762 
0.000375092 
0.000363302 
0.00037801 
0.000418523 
0.000412273 
0.000440933 
0.000464538 
0.000458359 
0.000555106 
0.000505882 
0.000549733 
0.000592286 
0.000450363 
0.00055273 
0.000545563 
0.000541194 
0.000583712 
0.000515361 
0.000482324 
0.000444885 
0.000475516 
0.000573718 
0.000509033 
0.000600741 
0.00055769 
0.000537947 
0.000528596 
0.000511546 
0.000569353 
0.00046612 
0.000500622 
0.000473382 
0.000504188 
0.000473753 
0.000485795 
0.000585205 
0.00059218 
0.000728087 
0.000875898 
0.000711821 
0.000793452 
0.00109121 
0.000945658 
0.000665619 
0.000683991 
0.000680549 
0.000728712 
0.000712214 
0.00075934 
0.000848249 
0.000812297 
0.000780479 
0.000863149 
0.000786921 
0.000944995 
0.000799177 
0.000849552 
0.000927421 
0.00110048 
0.00107136 
0.000778827 
0.000756937 
0.000778371 
0.00102047 
0.00101019 
0.000894516 
0.00103023 
0.00163479 
0.00189791 
0.00175093 
0.0017643 
0.00240346 
0.00245624 
0.00231194 
0.00238845 
0.0018718 
0.0019219 
0.00263992 
0.00237482 
0.00179338 
0.000880954 
0.000647249 
0.000639371 
0.000783288 
0.000921794 
0.00100746 
0.000851785 
0.000957556 
0.000907177 
0.00126219 
0.00132919 
0.00115902 
0.00104942 
0.000830129 
0.000974415 
0.000883238 
0.0010588 
0.00121307 
0.000987464 
0.00124356 
0.00122463 
0.00122884 
0.0010377 
0.000910282 
0.000856438 
0.0007668 
0.000728003 
0.000753469 
0.000829571 
0.000857228 
0.000843092 
0.00088043 
0.000859585 
0.000844553 
0.000854855 
0.00103544 
0.000988184 
0.000982016 
0.000855371 
0.000921256 
0.000962557 
