FirstLine
0.0722092 
0.0751851 
0.0667957 
0.0569772 
0.0586819 
0.0567864 
0.056588 
0.0547225 
0.0536919 
0.0541369 
0.0523235 
0.0566929 
0.0557042 
0.0545742 
0.0509692 
0.0487435 
0.0425019 
0.0441476 
0.04292 
0.0434721 
0.0422343 
0.040009 
0.0446252 
0.0470228 
0.0478356 
0.0501213 
0.0453615 
0.0417313 
0.0440735 
0.0472905 
0.0464254 
0.0459561 
0.0410953 
0.0380058 
0.0387097 
0.0406712 
0.0386675 
0.0405636 
0.0424494 
0.0465792 
0.0526933 
0.0486621 
0.0444079 
0.0459906 
0.0422808 
0.0412717 
0.038544 
0.0343399 
0.0383376 
0.0366414 
0.0343007 
0.0356027 
0.0367701 
0.0350892 
0.0350802 
0.0378319 
0.0391379 
0.038222 
0.03646 
0.0349811 
0.0370607 
0.0360595 
0.0353303 
0.0335467 
0.0345715 
0.0372628 
0.0369585 
0.0385728 
0.0334741 
0.0385876 
0.0352887 
0.0365077 
0.0339046 
0.0344771 
0.0364307 
0.0359645 
0.038833 
0.038032 
0.0367738 
0.037127 
0.0366425 
0.0417554 
0.0421897 
0.0407209 
0.0411794 
0.0392311 
0.0391774 
0.0419896 
0.0397554 
0.0384068 
0.0390719 
0.03941 
0.0376481 
0.0372753 
0.0357612 
0.0394596 
0.0395018 
0.0327612 
0.0332058 
0.0296562 
0.0298497 
0.0317188 
0.0313782 
0.0345325 
0.0341511 
0.0335118 
0.034169 
0.039194 
0.0388206 
0.0358816 
0.0352846 
0.038359 
0.0405184 
0.0382116 
0.0349171 
0.0368642 
0.0317493 
0.0323401 
0.0282798 
0.0267738 
0.029117 
0.0299179 
0.0295038 
0.0340726 
0.0312766 
0.0301894 
0.0310155 
0.030577 
0.0279591 
0.0277697 
0.0266944 
0.0262354 
0.0263148 
0.0268771 
0.0287017 
0.0296385 
0.0275642 
0.0267473 
0.0275596 
0.0271602 
0.0246147 
0.0256109 
0.0251108 
0.0260997 
0.0240048 
0.0255503 
0.0293002 
0.0273126 
0.0286646 
0.0292725 
0.0305195 
0.0274051 
0.0278951 
0.0283914 
0.0276826 
0.0286878 
0.0252334 
0.0263641 
0.0255909 
0.0252527 
0.023112 
0.0217973 
0.0238708 
0.0240901 
0.0234737 
0.0237587 
0.0207687 
0.0225096 
0.0238053 
0.0238458 
0.0222655 
0.0213351 
0.023331 
0.0246311 
0.0242066 
0.0243274 
0.0237515 
0.0230926 
0.0198898 
0.0208283 
0.0215933 
0.0235017 
0.0208138 
0.0223869 
0.0231329 
0.0228894 
0.0206628 
0.0216504 
0.0198002 
0.0210666 
0.0212594 
0.0188803 
0.0164187 
0.0169379 
0.0153829 
0.016372 
0.0171074 
0.0179023 
0.0193202 
0.0227317 
0.0198826 
0.0203987 
0.0212023 
0.0199036 
0.0195801 
0.0199521 
0.0229158 
0.0243111 
0.0232202 
0.0214301 
0.0222951 
0.0227112 
0.0228618 
0.022849 
0.0242361 
0.0253347 
0.0234058 
0.0202814 
0.0197998 
0.0202728 
0.0222659 
0.0211003 
0.0201309 
0.0228556 
0.0233795 
0.0211532 
0.0209595 
0.0217064 
0.0213616 
0.0196572 
0.0206141 
0.0172712 
0.0173244 
0.0163997 
0.0176382 
0.0171324 
0.0167611 
0.0179435 
0.0170026 
0.0178531 
0.0164155 
0.0187459 
0.0185283 
0.0171833 
0.0165863 
0.0178219 
0.0173761 
0.0178999 
0.018445 
0.0184887 
0.0179161 
0.015124 
0.0159302 
0.0153653 
0.0170653 
0.0170211 
0.0167204 
0.0159226 
0.0161928 
0.0146731 
0.0142025 
0.0127024 
0.0146733 
0.0151536 
0.013576 
0.0138166 
0.0152118 
0.0149592 
0.0155685 
0.0160764 
0.0153126 
0.0143878 
0.0162669 
0.0142451 
0.0137966 
0.0142397 
0.0134114 
0.0154569 
0.0136726 
0.0142289 
0.0151143 
0.0137317 
0.0128804 
0.0122101 
0.0135391 
0.0143359 
0.0135155 
0.015294 
0.0143456 
0.015153 
0.0140117 
0.0139622 
0.0137617 
0.0134084 
0.0129257 
0.0121214 
0.013399 
0.0134824 
0.0115717 
0.0120874 
0.0135283 
0.0118176 
0.0129396 
0.0117133 
0.0134776 
0.0126349 
0.0136589 
0.012089 
0.0112134 
0.0117291 
0.0121921 
0.0107171 
0.0109272 
0.0122027 
0.012288 
0.0127549 
0.0126372 
0.0127957 
0.0126194 
0.0128165 
0.0129555 
0.0122092 
0.0121744 
0.0121472 
0.0119499 
0.0107999 
0.00985674 
0.0103397 
0.0106183 
0.0108231 
0.0111598 
0.0111863 
0.01171 
0.0116586 
0.00991829 
0.0102606 
0.0104455 
0.01054 
0.0108731 
0.0107745 
0.0103066 
0.011347 
0.0114915 
0.0108089 
0.011222 
0.0105838 
0.0112307 
0.0111026 
0.00976338 
0.00903298 
0.0101005 
0.00934353 
0.00921496 
0.00871455 
0.00930597 
0.00879609 
0.00895796 
0.00895668 
0.00870574 
0.00934831 
0.00899626 
0.00812539 
0.00757661 
0.00713899 
0.00910022 
0.00863746 
0.00834653 
0.00907758 
0.00815755 
0.00931983 
0.00914383 
0.00916942 
0.00902499 
0.00905773 
0.0109176 
0.00979187 
0.0088313 
0.00884986 
0.00890552 
0.00943923 
0.00958583 
0.00909242 
0.00842631 
0.00882672 
0.00830483 
0.00697962 
0.00700824 
0.00781433 
0.00818415 
0.00743909 
0.00729024 
0.00732216 
0.00773042 
0.0076255 
0.00740563 
0.00712391 
0.0063033 
0.00719225 
0.00666472 
0.00623837 
0.0065511 
0.00704616 
0.00670928 
0.00571454 
0.00685854 
0.00812523 
0.00799258 
0.00815669 
0.00818216 
0.00836722 
0.00782293 
0.00816923 
0.0086 
0.00709381 
0.00720941 
0.00797212 
0.00812304 
0.00846128 
0.00869166 
0.00936767 
0.00885999 
0.00964859 
0.00965239 
0.00957488 
0.00871041 
0.00788205 
0.00839372 
0.00850912 
0.0089651 
0.00859839 
0.00933657 
0.00864156 
0.00829806 
0.00842762 
0.00879936 
0.00888672 
0.00886271 
0.00834576 
0.00855852 
0.00912738 
0.00896029 
0.00998352 
0.00913718 
0.00923865 
0.00940358 
0.0099068 
0.00993048 
0.0089562 
0.00807384 
0.0082571 
0.00865806 
0.00832266 
0.00883141 
0.00881379 
0.00861944 
0.00932357 
0.0093003 
0.00866409 
0.0089418 
0.00934833 
0.00903233 
0.00892566 
0.00975873 
0.00960734 
0.0106654 
0.0103884 
0.00866136 
0.00904586 
0.00966596 
0.00949649 
0.00923231 
0.00996408 
0.0103569 
0.00962869 
0.00969196 
0.00915792 
0.00910927 
0.00841003 
0.0090216 
0.00868658 
0.00901618 
0.00874231 
0.00990547 
0.0104109 
0.0106225 
0.00948842 
0.0087539 
0.0096566 
0.00953303 
0.00975731 
0.010547 
0.0107194 
0.0100801 
0.0101641 
0.0109616 
0.0104766 
0.0118312 
0.011268 
0.0107424 
0.0108757 
0.0108129 
0.00953979 
0.00979401 
0.0107943 
0.0103018 
0.0109145 
0.0108407 
0.0104442 
0.00901941 
0.00921664 
0.00839443 
0.00850658 
0.00875267 
0.00765837 
0.00806939 
0.0083806 
0.00815327 
0.00738317 
0.00751707 
0.00822191 
0.00831861 
0.00878718 
0.00890452 
0.00905548 
0.00971755 
0.00903809 
0.00847585 
0.00908593 
0.00850512 
0.00890969 
0.00927612 
0.00908647 
0.00927528 
0.00813716 
0.00896285 
0.00903318 
0.0081989 
0.0079688 
0.00814163 
0.00769969 
0.00808129 
0.00759282 
0.00712725 
0.00734242 
0.00629072 
0.00627227 
0.00640322 
0.00675856 
0.0068813 
0.00664733 
0.00694702 
0.00677495 
0.00639177 
0.00719338 
0.00668851 
0.00721928 
0.00648554 
0.00692117 
0.00600877 
0.00590968 
0.00685383 
0.00651921 
0.00673616 
0.00663824 
0.006209 
0.00573713 
0.00535923 
0.0050995 
0.00490272 
0.00451505 
0.00413435 
0.00401139 
0.00423645 
0.00372121 
0.00372542 
0.00404081 
0.00392098 
0.00392233 
0.00407038 
0.00383749 
0.00374329 
0.00316571 
0.00278191 
0.00261217 
0.00284338 
0.00319289 
0.00361768 
0.00307268 
0.00318424 
0.00267944 
0.00229473 
0.00254434 
0.00287471 
0.00276856 
0.00271299 
0.00278466 
0.00301067 
0.00311762 
0.00393968 
0.00396272 
0.00356865 
0.0037858 
0.00398207 
0.00435718 
0.00399473 
0.00428603 
0.00399153 
0.00349916 
0.00328069 
0.00322887 
0.00324521 
0.00357547 
0.00390967 
0.00385799 
0.00379803 
0.00414666 
0.00393921 
0.00405985 
0.00407782 
0.00443814 
0.00494452 
0.00499411 
0.00501536 
0.00389498 
0.00407223 
0.00414358 
0.00402871 
0.00469233 
0.00534416 
0.0057722 
0.00536851 
0.00486578 
0.00481079 
0.00426354 
0.0044995 
0.0045242 
0.00443809 
0.00438735 
0.00425813 
0.00469177 
0.00432296 
0.00434987 
0.00488812 
0.00408269 
0.00372001 
0.00381494 
0.00404907 
0.00389275 
0.00426498 
0.00380919 
0.00320827 
0.00297661 
0.00334525 
0.00342589 
0.00326042 
0.00328487 
0.00263344 
0.00251783 
0.00233297 
0.0022878 
0.00265457 
0.00264649 
0.00265874 
0.00268461 
0.00250283 
0.00288273 
0.00276641 
0.00253155 
0.00259211 
0.0029801 
0.00273089 
0.00278936 
0.00282613 
0.00304917 
0.00299432 
0.00282297 
0.00288404 
0.00274302 
0.0027069 
0.00292598 
0.00270541 
0.00267424 
0.0024681 
0.0021933 
0.0027728 
0.00252495 
0.00215029 
0.00217341 
0.00251733 
0.00216455 
0.0021824 
0.00229203 
0.00236985 
0.00243406 
0.00240074 
0.00256856 
0.00216136 
0.00192419 
0.00214727 
0.00199837 
0.00177324 
0.0019948 
0.00204326 
0.00202185 
0.00197529 
0.00191147 
0.00187284 
0.00176659 
0.00176241 
0.00162696 
0.00163239 
0.00175482 
0.00150746 
0.00152831 
0.00156653 
0.00160247 
0.00151562 
0.0014152 
0.00134626 
0.00133187 
0.0012194 
0.00123737 
0.00129136 
0.00129475 
0.00122882 
0.00130684 
0.00143616 
0.00141018 
0.00173654 
0.00172873 
0.00151164 
0.00137479 
0.00159249 
0.00220544 
0.00260376 
0.0021545 
0.00195382 
0.00204232 
0.00204395 
0.0018851 
0.00172358 
0.00178495 
0.00154328 
0.00180283 
0.00176372 
0.00171072 
0.00176417 
0.0017675 
0.00155715 
0.00163058 
0.00142726 
0.00146792 
0.00149812 
0.00132293 
0.0014531 
0.00152203 
0.00143951 
0.00158661 
0.00171632 
0.00169027 
0.00159057 
0.00149057 
0.00152318 
0.00143966 
0.00143947 
0.00165249 
0.00156558 
0.00174483 
0.0016769 
0.00169282 
0.0017867 
0.00184731 
0.00185351 
0.0017543 
0.00182107 
0.00195558 
0.00187254 
0.0019094 
0.00191437 
0.00175939 
0.00174941 
0.00171488 
0.00164804 
0.00141745 
0.00137136 
0.0014532 
0.00157218 
0.00162293 
0.00155329 
0.0015389 
0.00147725 
0.00155712 
0.00139701 
0.00147048 
0.00132145 
0.00152616 
0.00149856 
0.00149823 
0.00134122 
0.00138082 
0.00145377 
0.00152922 
0.00156994 
0.00153835 
0.00147358 
0.00145237 
0.00142124 
0.00150667 
0.00157365 
0.00156928 
0.00177007 
0.00164805 
0.00175812 
0.00161942 
0.0015502 
0.00148473 
0.00167216 
0.00146795 
0.00145113 
0.001363 
0.0014043 
0.00143734 
0.0015709 
0.00157959 
0.00169698 
0.00170674 
0.00162963 
0.00156908 
0.00144803 
0.00151504 
0.00130031 
0.00133791 
0.00111984 
0.00108634 
0.00119228 
0.00130656 
0.0014181 
0.00128857 
0.00123197 
0.00121712 
0.00109996 
0.00128939 
0.00129541 
0.00122313 
0.00114419 
0.00113093 
0.0011234 
0.00116129 
0.00115775 
0.00115133 
0.0011311 
0.00129026 
0.00107785 
0.00101599 
0.00104932 
0.00104634 
0.00117781 
0.00111683 
0.0011131 
0.00112575 
0.0010172 
0.00103839 
0.00106061 
0.00106882 
0.00112987 
0.00123609 
0.000907624 
0.000914186 
0.000951427 
0.00092351 
0.000893164 
0.000852557 
0.000700353 
0.000763169 
0.000696353 
0.000779154 
0.000769883 
0.000843398 
0.00059084 
0.000519406 
0.000442794 
0.000453831 
0.000442832 
0.000385744 
0.00042321 
0.000366934 
0.000281594 
0.000259805 
0.000227962 
0.000250782 
0.000297546 
0.000295705 
0.000218753 
0.000242557 
0.000196561 
0.000181291 
0.000173399 
0.000261478 
0.000224418 
0.000215157 
0.000261177 
0.000159382 
0.000390134 
0.000356214 
0.000272177 
0.00023653 
0.000220916 
0.000240855 
0.00016904 
0.000178738 
0.000150754 
0.000186451 
0.000198776 
0.000142543 
0.000156205 
0.000204586 
0.000252977 
0.000236445 
0.000236325 
0.000282893 
0.000255347 
0.00026675 
0.000306829 
0.000327428 
0.000375006 
0.00037977 
0.000358079 
0.00032181 
0.000161368 
0.000143359 
0.000121655 
0.000129262 
0.000143506 
0.000160633 
0.000145304 
0.000110543 
7.7617e-05 
7.21591e-05 
8.48572e-05 
0.000126128 
0.000293255 
0.000104023 
0.00011817 
0.000223573 
0.000237172 
0.000169488 
0.000120956 
0.000131885 
0.000152917 
0.000142244 
0.000126721 
0.00013147 
0.000117262 
7.47733e-05 
5.86901e-05 
4.03458e-05 
4.5377e-05 
6.05854e-05 
5.80382e-05 
9.22324e-05 
8.44751e-05 
6.28597e-05 
5.06638e-05 
6.73314e-05 
4.0962e-05 
4.8354e-05 
4.25498e-05 
9.00819e-05 
8.60699e-05 
8.03801e-05 
6.49183e-05 
8.64289e-05 
0.000168429 
9.28186e-05 
9.2077e-05 
9.62257e-05 
6.95112e-05 
6.70408e-05 
4.52893e-05 
2.6876e-05 
2.44503e-05 
3.3792e-05 
4.26576e-05 
5.48332e-05 
6.85015e-05 
7.19632e-05 
0.000167511 
0.000220191 
0.00015471 
0.000252075 
0.000302449 
0.000260627 
0.000311128 
0.000355862 
0.000162277 
0.000273742 
0.000421377 
0.000588913 
0.000738592 
0.00054527 
0.0003332 
0.000191002 
0.000274415 
0.000112875 
0.000163371 
0.000275605 
0.000333218 
0.000334083 
0.000365304 
0.000609456 
0.000805554 
0.001062 
0.000910618 
0.000567668 
0.000395785 
0.000342094 
0.000226805 
0.000182797 
0.000171633 
0.000146279 
0.000189394 
0.000192496 
0.000146499 
0.000305628 
0.000683915 
0.000818236 
0.000954137 
0.000664135 
0.000773193 
0.00040033 
0.000213079 
0.000275565 
0.000197681 
0.000165108 
0.000245778 
0.000145049 
0.000176957 
0.000315884 
0.000679074 
0.000779467 
0.000587396 
0.00021292 
0.000220899 
0.000198212 
0.00020853 
0.000198708 
0.000266845 
0.000149533 
0.000185069 
0.000192543 
0.000168006 
0.0001442 
0.000155204 
0.000137158 
0.000106625 
0.000138158 
0.00011366 
0.000124642 
0.00011827 
0.000106782 
0.000115607 
0.000122543 
0.00012206 
0.000131438 
0.000138846 
0.000140252 
0.000147858 
0.000143269 
0.000146354 
0.000140308 
0.000220246 
0.000156691 
0.000121298 
0.000117512 
0.000130235 
0.000107755 
0.000135411 
7.03348e-05 
6.90847e-05 
7.55286e-05 
9.13904e-05 
7.70724e-05 
8.30839e-05 
0.000164784 
0.0002015 
0.000248749 
0.000214411 
0.000317336 
0.000285993 
0.000311747 
0.000413797 
0.000573452 
0.000557445 
0.00057539 
0.000522808 
0.000664082 
0.000720534 
0.000682277 
0.00085718 
0.000710163 
0.00068546 
0.00086754 
0.0008894 
0.00105103 
0.000982497 
0.000862131 
0.000968729 
0.000989178 
0.000937492 
0.000890043 
0.000802506 
0.00065679 
0.000594544 
0.000659399 
0.000559583 
0.000601881 
0.00044828 
0.000495329 
0.000501006 
0.000460931 
0.000516645 
0.000404926 
0.000419247 
0.000421567 
0.000403735 
0.000471966 
0.000431949 
0.00045182 
0.000382263 
0.000423432 
0.000303963 
0.000334659 
0.000317317 
0.000323516 
0.000301765 
0.000258151 
0.000233214 
0.000278729 
0.000209328 
0.000173947 
0.000163814 
0.000162327 
0.000182869 
0.000169197 
0.000122678 
0.000124323 
0.000128603 
0.000138443 
0.000133504 
0.00012144 
0.000133799 
0.000100147 
9.61702e-05 
9.9559e-05 
0.000109199 
0.000156562 
0.000254203 
0.000246236 
0.000200758 
0.000114972 
7.55537e-05 
7.61391e-05 
8.03897e-05 
6.0512e-05 
4.68693e-05 
0.000101413 
8.13548e-05 
9.10595e-05 
0.000121995 
0.000114371 
0.000134607 
0.00023998 
0.000403935 
0.000280243 
0.000309482 
0.000373362 
0.000351811 
0.000291496 
0.000440863 
0.000438657 
0.000286291 
0.00041853 
0.000494631 
0.000482017 
0.000407972 
0.000460386 
0.000515189 
0.000438301 
0.000703179 
0.000775057 
0.000991578 
0.00110565 
0.00132114 
0.000897411 
0.00100816 
0.00113814 
0.00109986 
0.00132506 
0.0012563 
0.00132576 
0.001978 
0.0018616 
0.00174021 
0.00171117 
0.00220162 
0.00187738 
0.00175388 
0.00149766 
0.00127695 
0.00153882 
0.00162465 
0.00197854 
0.00186631 
0.0014563 
0.00163986 
0.00140683 
0.00130686 
0.00102813 
0.0011979 
0.00124119 
0.00118891 
0.000739998 
0.000585762 
0.000695656 
0.000662695 
0.000783986 
0.00055873 
0.000727641 
0.000878422 
0.000695328 
0.000868571 
0.000901419 
0.000708883 
0.000710056 
0.000860409 
0.000737161 
0.000580909 
0.000531513 
0.000537422 
0.000424618 
0.000288265 
0.000279854 
0.000322465 
0.00041802 
0.000476304 
0.000398627 
0.000565997 
0.00039991 
0.000563873 
0.000597267 
0.00116923 
0.000711728 
0.000725195 
0.000709525 
0.000563941 
0.000548722 
0.000654385 
0.00097193 
0.00098409 
0.000835166 
0.000602673 
0.000572028 
0.000413054 
0.000343896 
0.000450396 
0.000613548 
0.000454685 
0.000370272 
0.000443616 
0.000315269 
0.000230917 
0.000205425 
0.000252493 
0.000386168 
0.000135441 
0.000136976 
0.000132939 
0.000125079 
0.000117528 
0.000134566 
0.000121499 
0.000121817 
0.000137951 
0.000123917 
0.000130249 
6.13064e-05 
5.63991e-05 
5.62081e-05 
0.0002128 
9.513e-05 
9.07756e-05 
0.000110712 
0.000121733 
0.000115643 
9.65922e-05 
8.18198e-05 
8.64498e-05 
7.51754e-05 
8.9379e-05 
0.000105299 
0.000134937 
0.000146346 
0.000160788 
0.000146147 
0.000141732 
0.000142235 
0.000192096 
0.000304176 
0.000190795 
0.000355801 
0.000300664 
0.000496226 
0.000355728 
0.00038159 
0.000425144 
0.000428786 
0.000438579 
0.000433297 
0.000416006 
0.00030691 
0.000365089 
0.00045687 
0.000237998 
0.000188208 
0.000127472 
0.000164686 
0.000119447 
0.000102761 
0.000126009 
0.00014522 
0.000128015 
0.000101871 
9.63863e-05 
6.45845e-05 
6.22594e-05 
7.57396e-05 
0.000131344 
9.2864e-05 
0.00017487 
0.000106747 
8.16959e-05 
0.000128175 
8.85249e-05 
9.84386e-05 
0.000168773 
0.000263384 
0.00023883 
0.000205087 
0.000150911 
0.000183314 
0.000190194 
0.000147868 
0.000149591 
0.00016634 
0.000180808 
0.000134769 
0.000134867 
0.000192492 
0.000184612 
0.000189477 
0.000154241 
0.000149722 
0.000150004 
0.000151981 
0.00015809 
0.000181993 
0.000186424 
0.000232988 
0.000212682 
0.000226577 
0.00027896 
0.000277527 
0.000278161 
0.000231434 
0.000203099 
0.000166662 
0.00017461 
0.000204471 
0.000198113 
0.000179691 
0.000177984 
0.000198888 
0.000144246 
0.00013064 
0.000123662 
0.000121417 
0.000124781 
0.000185114 
0.000330489 
0.000272622 
0.0002743 
0.000418577 
0.000279437 
0.000376624 
0.000313969 
0.000204553 
0.000244685 
0.00026845 
0.000293736 
0.000246346 
0.000281394 
0.000286191 
0.000298179 
0.000280953 
0.000265924 
0.0002848 
0.000308964 
0.000289377 
0.000313782 
0.000257952 
0.000265177 
0.000284131 
0.000269535 
0.000245189 
0.000239448 
0.000284641 
0.000283907 
0.000257858 
0.000244074 
0.000280301 
0.000284054 
0.000291456 
0.000358567 
0.000292299 
0.000252949 
0.000249666 
0.000223735 
0.000260057 
0.000262848 
0.000291664 
0.000327148 
0.000332597 
0.000346471 
0.000411676 
0.000604595 
0.000946625 
0.00104223 
0.00104799 
0.000899102 
0.00093924 
0.000900186 
0.000846581 
0.000468694 
0.000505306 
0.000424986 
0.000393949 
0.000505182 
0.00059525 
0.000569611 
0.000604537 
0.000534081 
0.000388611 
0.000394082 
0.000600051 
0.000671271 
0.000517682 
0.000548217 
0.000509289 
0.000431267 
0.000328277 
0.000290538 
0.000274494 
0.000402428 
0.000464264 
0.000430101 
0.000418305 
0.000320729 
0.000387011 
0.0003509 
0.000426349 
0.000338938 
0.000460445 
0.000572023 
0.000612756 
0.000537053 
0.00046529 
0.000473209 
0.000497109 
0.000418148 
0.000442418 
0.0004892 
0.000421764 
0.000395527 
0.00036395 
0.00037699 
0.000523059 
0.000729424 
0.000475896 
0.000606552 
0.000518265 
0.000444081 
0.0006273 
0.000754883 
0.000662617 
0.0006985 
0.000524168 
0.000460545 
0.000451101 
0.000428127 
0.000518874 
0.000549329 
0.000594858 
0.000523576 
0.000492977 
0.000588158 
0.000349739 
0.000313558 
0.000243633 
0.00020729 
0.000210496 
0.000192951 
0.000203933 
0.000209996 
0.00021362 
0.000246162 
0.000277796 
0.000248412 
0.00024875 
0.000202997 
0.000239444 
0.000224387 
0.000211342 
0.000299732 
0.000318315 
0.000303104 
0.000233596 
0.000229426 
0.000213922 
0.000246797 
0.000212809 
0.000184238 
0.000244386 
0.00018283 
0.000172227 
0.000169223 
0.000149646 
0.000137633 
0.000117377 
0.000136362 
0.000136579 
0.000148868 
0.000161143 
0.000132129 
0.000124816 
0.000150543 
0.000129515 
0.000135054 
0.000184368 
0.000255062 
0.000396222 
0.000351194 
0.000191647 
0.000156423 
0.000253811 
0.000228473 
0.000300025 
0.000304447 
0.000237045 
0.000220428 
0.000267093 
0.000163453 
0.00013668 
0.000109678 
9.90319e-05 
0.000135606 
9.81396e-05 
0.000105887 
0.000100576 
0.000100871 
0.000103028 
0.000162602 
0.000113411 
0.000115079 
0.000119779 
0.000177586 
0.000161635 
0.000176553 
0.000175168 
0.000212263 
0.000225505 
0.000228288 
0.000212673 
0.000182288 
0.000150885 
0.000153777 
0.000200356 
0.00022457 
0.000218056 
0.000270082 
0.00030442 
0.000248386 
0.000258995 
0.000259685 
0.000272277 
0.000287966 
0.000311426 
0.000280046 
0.000227544 
0.000253616 
0.000245079 
0.000251665 
0.000251217 
0.000290341 
0.00027234 
0.000310038 
0.000278964 
0.000312587 
0.00030307 
0.000300996 
0.000319112 
0.000315502 
0.000268769 
0.000288434 
0.000281481 
0.000253183 
0.00026253 
0.000275463 
0.000284302 
0.000295718 
0.00033209 
0.000512895 
0.000411633 
0.000331263 
0.00034824 
0.000325791 
0.000371456 
0.000369898 
0.000371431 
0.000373523 
0.000353982 
0.000358593 
0.000356644 
0.000597797 
0.00048643 
0.000401261 
0.000397849 
0.000391239 
0.000392478 
0.00042227 
0.000420544 
0.00044653 
0.000498791 
0.000434234 
0.00044307 
0.000588307 
0.000576083 
0.00046159 
0.000490761 
0.0004878 
0.000382483 
0.000342655 
0.000320625 
0.000328883 
0.000314379 
0.000321836 
0.000318264 
0.000330328 
0.000315554 
0.000360585 
0.000334095 
0.000320753 
0.000355181 
0.000384357 
0.000415933 
0.000390107 
0.000405941 
0.000409548 
0.000377191 
0.000361471 
0.000424322 
0.000408925 
0.000378609 
0.000357817 
0.000379805 
0.000388275 
0.000380135 
0.000395616 
0.000419471 
0.000414945 
0.000433788 
0.000466276 
0.000413486 
0.000429879 
0.000423807 
0.00042622 
0.000419672 
0.000434682 
0.000421247 
0.000445341 
0.000460083 
0.000485343 
0.000475422 
0.00051294 
0.000481846 
0.000481872 
0.000506762 
0.000550163 
0.000681996 
0.000997913 
0.000853538 
0.000618326 
0.000547356 
0.000538838 
0.000487166 
0.000501419 
0.000494193 
0.000533 
0.000490908 
0.000506966 
0.000469385 
0.000479629 
0.000445489 
0.000433881 
0.000456004 
0.000877407 
0.00058076 
0.000776693 
0.000678235 
0.000427685 
0.000424 
0.000500643 
0.000473966 
0.000524571 
0.000526572 
0.000506259 
0.000457535 
0.000444448 
0.000452879 
0.000490599 
0.000478501 
0.000499888 
0.00047796 
0.000443153 
0.000441539 
0.000455125 
0.000454239 
0.000459309 
0.000436412 
0.000465697 
0.000484296 
0.00046942 
0.000459321 
0.000462536 
0.000500778 
0.000483421 
0.000433913 
0.000394901 
0.000370106 
0.000380084 
0.000345153 
0.000317316 
0.000316895 
0.000306693 
0.000320603 
0.000339101 
0.000338061 
0.000372347 
0.000347816 
0.000367165 
0.000300407 
0.000333276 
0.000311631 
0.000291923 
0.000323656 
0.000298589 
0.000335849 
0.000289388 
0.000284785 
0.000303454 
0.000316144 
0.000264763 
0.00025452 
0.000221334 
0.000219391 
0.000184364 
0.000190022 
0.000160814 
0.000181128 
0.000179897 
0.000165258 
0.000153749 
0.000112735 
0.000152916 
0.000182931 
0.000146506 
0.000147759 
0.000169435 
0.000205964 
0.000219163 
0.000220716 
0.000166642 
0.000160065 
0.00013274 
0.000153077 
0.000170944 
0.000183212 
0.00019262 
0.000174509 
0.0001879 
0.000263817 
0.000240454 
0.000213096 
0.00018451 
0.000166753 
0.000141925 
0.00011011 
0.000118906 
0.00012374 
0.000140312 
0.000125098 
0.000138233 
0.000111335 
0.00012519 
0.000129778 
0.000124948 
0.000110755 
0.000107462 
9.74991e-05 
0.000114443 
9.469e-05 
9.43691e-05 
8.19005e-05 
6.95044e-05 
8.83033e-05 
7.67945e-05 
5.81808e-05 
6.98595e-05 
0.000104648 
7.55662e-05 
7.07051e-05 
7.35155e-05 
7.0359e-05 
5.53682e-05 
4.47328e-05 
4.4908e-05 
4.55436e-05 
4.99685e-05 
3.51974e-05 
3.75246e-05 
8.5428e-05 
7.731e-05 
0.000121279 
6.02529e-05 
4.65043e-05 
0.000134056 
0.000250228 
0.000192593 
0.000308762 
0.000196766 
0.000184064 
0.000199099 
0.000139608 
0.000141637 
0.00011897 
0.000132733 
0.000147352 
0.000168979 
0.00016055 
0.00016086 
0.000170023 
0.000163783 
0.000173134 
0.000171448 
0.000166893 
0.000192406 
0.000199318 
0.000211988 
0.000248074 
0.000208156 
0.000224617 
0.000234625 
0.000208781 
0.000216616 
0.000255238 
0.000271216 
0.000277606 
0.000281489 
0.000275298 
0.000307417 
0.000294319 
0.000288776 
0.000263016 
0.000339171 
0.000336196 
0.000329996 
0.000385994 
0.000324082 
0.000338523 
0.000336402 
0.000292941 
0.000329183 
0.000361777 
0.000390387 
0.000543948 
0.000410029 
0.000635573 
0.000368798 
0.000296798 
0.000308379 
0.000323858 
0.000281911 
0.000255161 
0.000281219 
0.000247391 
0.000280877 
0.000277577 
0.000282295 
0.000279583 
0.000296636 
0.000304173 
0.000296967 
0.000283132 
0.000284441 
0.000307392 
0.000318177 
0.000294147 
0.000269173 
0.000324458 
0.000312277 
0.000302511 
0.000329363 
0.000353066 
0.0003449 
0.000352267 
0.000340571 
0.000411557 
0.00032882 
0.000374093 
0.000394394 
0.000350383 
0.000338632 
0.000311005 
0.000305097 
0.000314231 
0.000253278 
0.000260275 
0.000253577 
0.000247954 
0.000255842 
0.000377493 
0.000338366 
0.000430161 
0.000643647 
0.000550771 
0.000403541 
0.000406716 
0.000374506 
0.000374787 
0.000344849 
0.000458656 
0.000392054 
0.000399378 
0.000290811 
0.000332942 
0.000263573 
0.00022676 
0.000216756 
0.00023362 
0.00024448 
0.000225374 
0.000238499 
0.000236383 
0.000308344 
0.000344632 
0.000305455 
0.00031357 
0.000281745 
0.000303092 
0.000281985 
0.000293458 
0.000304377 
0.000303245 
0.000378006 
0.000524222 
0.000376886 
0.000336532 
0.000325596 
0.000372905 
0.000320772 
0.000332224 
0.000367056 
0.000361863 
0.00033114 
0.000363501 
0.000359725 
0.000396373 
0.000417916 
0.000495648 
0.000493227 
0.000544886 
0.000603453 
0.000668874 
0.000670398 
0.000644872 
0.000736817 
0.0006573 
0.000642018 
0.00056958 
0.000621095 
0.000549276 
0.000563292 
0.000567138 
0.000569083 
0.000540196 
0.000492459 
0.000559501 
0.000535911 
0.000574136 
0.000524123 
0.000530476 
0.000460226 
0.000585415 
0.000525952 
0.000484278 
0.000486432 
0.000526173 
0.000570257 
0.000491531 
0.000621025 
0.000665912 
0.000701219 
0.000707395 
0.000717678 
0.000729193 
0.000740619 
0.000721918 
0.000667623 
0.000537974 
0.00048981 
0.000504748 
0.000443873 
0.000437489 
0.000415506 
0.00045709 
0.000460955 
0.000503615 
0.000514604 
0.000671523 
0.000809967 
0.000495286 
0.000451141 
0.000468844 
0.000503011 
0.000524202 
0.000469756 
0.000516935 
0.00048045 
0.000515196 
0.000567622 
0.000580113 
0.000556737 
0.000531872 
0.000517285 
0.000526899 
0.000548001 
0.000533986 
0.000483214 
0.000430785 
0.000526694 
0.000472089 
0.000492082 
0.00057482 
0.000599552 
0.000617467 
0.000645508 
0.000627493 
0.000601999 
0.00057353 
0.000551027 
0.000576143 
0.000699438 
0.000740148 
0.00071479 
0.000742255 
0.000692252 
0.000656954 
0.000686031 
0.000676912 
0.000664846 
0.000652638 
0.000649902 
0.000715432 
0.000642112 
0.000649779 
0.000666774 
0.000681167 
0.000616365 
0.000628117 
0.000520673 
0.000593015 
0.000588638 
0.000595492 
0.000513017 
0.000585453 
0.000571532 
0.000512465 
0.000484516 
0.000457776 
0.000470933 
0.000432835 
0.000601503 
0.000525904 
0.000526019 
0.000511785 
0.000538449 
0.000486101 
0.000748029 
0.000496656 
0.000572755 
0.000531984 
0.000565029 
0.000565405 
0.000477363 
0.000398231 
0.000366912 
0.00028917 
0.000217238 
0.000191306 
0.000223333 
0.000221006 
0.000299764 
0.000242211 
0.000224913 
0.000225512 
0.000215483 
0.000213874 
0.000197341 
0.000202357 
0.000229072 
0.000230296 
0.000205479 
0.000189919 
0.000178256 
0.000197698 
0.000234851 
0.000230476 
0.000298797 
0.00032751 
0.000300909 
0.000296747 
0.000332397 
0.000278077 
0.0003054 
0.000300275 
0.000271282 
0.000264723 
0.000269626 
0.000260382 
0.000278686 
0.000258011 
0.000259908 
0.000241653 
0.000314411 
0.00033122 
0.000319942 
0.000275533 
0.000326598 
0.000302936 
0.000332206 
0.000349193 
0.000348345 
0.00027583 
0.000303624 
0.000220873 
0.000268264 
0.000313149 
0.000240932 
0.000295545 
0.000251567 
0.000230054 
0.000193764 
0.000199127 
0.000189957 
0.000204386 
0.000239295 
0.000263853 
0.000169121 
0.000160696 
0.000145936 
0.000190613 
0.0002539 
0.000296488 
0.000325951 
0.000275111 
0.000379312 
0.000346479 
0.000205139 
0.000337851 
0.000315121 
0.000304939 
0.000303014 
0.000379658 
0.000372619 
0.000498054 
0.000536358 
0.000678199 
0.000651546 
0.000834873 
0.000696216 
0.000664935 
0.000482921 
0.000351947 
0.00034917 
0.000257924 
0.000267567 
0.000359204 
0.000533138 
0.000461713 
0.00083523 
0.000548028 
0.000572074 
0.000414879 
0.000470462 
0.000441795 
0.000312861 
0.000303797 
0.000256322 
0.000196812 
0.000177354 
0.000207249 
0.000159873 
0.000150916 
0.00016665 
0.000174311 
0.000164438 
0.000166984 
0.000169244 
0.00015479 
0.000163124 
0.000167331 
0.000170924 
0.000176846 
0.00020909 
0.000232611 
0.000215112 
0.000236308 
0.000224554 
0.000210086 
0.000221943 
0.000216725 
0.000221341 
0.000208498 
0.00018136 
0.000195229 
0.00016245 
0.000135592 
0.000174925 
0.000155524 
0.000154117 
0.000149429 
0.000141104 
0.000120004 
0.000127515 
0.000128624 
0.000123287 
0.000130335 
0.000134327 
0.000132201 
0.000133208 
0.000136416 
0.000197362 
0.000201298 
0.000190807 
0.000211549 
0.000216919 
0.000186698 
0.000204241 
0.000230796 
0.000266391 
0.000307336 
0.000239569 
0.000209488 
0.000188938 
0.000201461 
0.00021605 
0.000216029 
0.000268653 
0.000285725 
0.000321691 
0.000302908 
0.000294371 
0.000275026 
0.000268617 
0.000282306 
0.000242898 
0.000286242 
0.000277067 
0.000254786 
0.000266028 
0.000237665 
0.000242263 
0.00025104 
0.000255513 
0.000207345 
0.000229837 
0.000264521 
0.000270784 
0.000279226 
0.000300669 
0.000311696 
0.000294683 
0.000286188 
0.000323415 
0.000341654 
0.000371549 
0.000370459 
0.000291144 
0.000302441 
0.000325238 
0.000294446 
0.000282457 
0.000266828 
0.000347442 
0.00026855 
0.000260761 
0.000295754 
0.000258258 
0.00026976 
0.000260805 
0.00029453 
0.000290487 
0.000222924 
0.000231599 
0.000240964 
0.000188915 
0.000183399 
0.000226906 
0.000180735 
0.000171418 
0.000175954 
0.000196419 
0.000200604 
0.000194819 
0.000250151 
0.000251981 
0.000215866 
0.000261353 
0.000355947 
0.000186312 
0.000141415 
0.000133361 
0.000150169 
0.000141239 
0.000120952 
0.00011061 
0.000133986 
0.000149565 
0.000126287 
9.36522e-05 
7.33011e-05 
5.93061e-05 
3.83289e-05 
4.74031e-05 
4.0369e-05 
4.17722e-05 
5.04928e-05 
4.45906e-05 
3.45996e-05 
3.97094e-05 
3.69672e-05 
2.50408e-05 
4.47709e-05 
8.80708e-05 
0.000164216 
0.000236604 
0.000157619 
0.00018433 
9.59876e-05 
0.000119013 
9.07452e-05 
8.82119e-05 
0.000170389 
0.000192849 
0.000145863 
0.000257219 
0.000328553 
0.000329053 
0.000460352 
0.00055395 
0.000366624 
0.000363237 
0.00046997 
0.000350856 
0.000515461 
0.000629779 
0.00081266 
0.000961337 
0.00113251 
0.000757595 
0.000869216 
0.00096122 
0.000515833 
0.000359287 
0.000216733 
0.00028342 
0.000282232 
0.000596711 
0.000746948 
0.000924305 
0.000659298 
0.000649823 
0.000478199 
0.000514879 
0.00060418 
0.00096633 
0.00137863 
0.0014736 
0.00168366 
0.00142111 
0.0018994 
0.00146969 
0.00176599 
0.00160427 
0.00131921 
0.00119113 
0.000858497 
0.000852005 
0.000378756 
0.00026537 
0.000513673 
0.000442491 
0.00035215 
0.000371334 
0.000305947 
0.000320911 
0.000481731 
0.000135839 
0.000158429 
0.000224572 
0.000295214 
0.000492621 
0.000448625 
0.00014337 
4.51729e-05 
9.20795e-05 
8.017e-05 
0.000110093 
0.000130764 
0.000106069 
8.73085e-05 
4.94725e-05 
6.77574e-05 
5.12725e-05 
6.03217e-05 
5.68598e-05 
6.07735e-05 
8.37879e-05 
7.04456e-05 
6.19786e-05 
6.47543e-05 
7.91407e-05 
8.30357e-05 
8.68081e-05 
9.25212e-05 
6.48971e-05 
6.51474e-05 
6.55012e-05 
5.3693e-05 
4.00273e-05 
4.4696e-05 
6.38399e-05 
7.6787e-05 
0.000106425 
0.000141035 
0.000129565 
0.000223948 
0.00021747 
0.000147952 
0.00017269 
0.000134137 
9.97429e-05 
8.7842e-05 
7.43478e-05 
0.00013397 
0.000145852 
0.000107747 
8.48286e-05 
6.20641e-05 
0.000124698 
0.000140036 
0.000137429 
0.000158059 
0.000144175 
0.000252636 
0.000330302 
0.000376422 
0.000236807 
0.000190009 
0.000267712 
0.000204679 
0.000156695 
0.000103162 
9.79558e-05 
9.5917e-05 
9.23093e-05 
0.000162254 
0.000220334 
0.000190297 
0.000189526 
0.000165175 
0.000283709 
0.000356884 
0.000419686 
0.000223788 
0.000320883 
0.000282749 
0.000220053 
0.000180694 
0.000143967 
0.000151689 
0.000131008 
9.51826e-05 
0.000104518 
0.000130177 
0.000118017 
0.000161248 
0.000174763 
0.000271217 
9.85645e-05 
7.23388e-05 
1.06887e-05 
6.30379e-07 
1.0334e-05 
1.15568e-06 
2.26759e-06 
3.36149e-06 
2.26022e-05 
2.32991e-05 
4.89885e-05 
9.30432e-05 
0.000147038 
0.000153026 
0.000225591 
0.000300135 
0.000235938 
0.000467128 
0.000732284 
0.000459716 
0.000348217 
0.000371916 
0.000343215 
0.00032624 
0.000324333 
0.000248816 
0.000259956 
0.000253333 
0.000329356 
0.000227952 
0.000165725 
0.000153944 
0.000130245 
8.51276e-05 
7.16621e-05 
7.00715e-05 
6.3103e-05 
0.000101136 
9.19749e-05 
9.60307e-05 
8.21751e-05 
0.000115334 
6.33172e-05 
2.34166e-05 
7.26879e-05 
5.18701e-05 
3.68734e-05 
0.000100728 
0.000132633 
7.78372e-05 
7.40055e-05 
0.000176502 
0.000157176 
0.000132633 
0.000124474 
0.00019584 
0.000304219 
0.000245164 
0.000309053 
0.000517409 
0.000487127 
0.000351401 
0.000525534 
0.000799418 
0.000833065 
0.000869221 
0.00062115 
0.000620791 
0.00062716 
0.00069958 
0.000709493 
0.000735108 
0.000757342 
0.000629647 
0.000664199 
0.000533159 
0.000490651 
0.000628177 
0.000607279 
0.000776608 
0.000843833 
0.000670623 
0.000486157 
0.00061509 
0.000812229 
0.00110311 
0.00107948 
0.00147395 
0.00172692 
0.0023694 
0.00168608 
0.00141476 
0.00112741 
0.00167572 
0.00168115 
0.00181519 
0.0012394 
0.00102522 
0.00140397 
0.00120409 
0.000893454 
0.000861478 
0.000622558 
0.000484661 
0.00059207 
0.0005886 
0.000582983 
0.000548094 
0.000851971 
0.00127001 
0.0014185 
0.00125529 
0.00136943 
0.0010962 
0.00122009 
0.00101152 
0.00101941 
0.000803471 
0.000792367 
0.000416449 
0.000383096 
0.000274179 
0.000218011 
0.000151675 
0.000342266 
0.000269856 
0.000277438 
0.0002078 
0.000193192 
0.000213043 
0.000135641 
7.98497e-05 
2.39969e-05 
4.11862e-05 
5.83462e-05 
6.41893e-05 
5.43386e-05 
4.41443e-05 
0.000128999 
0.000150822 
0.000130303 
0.000118675 
0.000209842 
0.000120129 
0.000180448 
0.000213043 
0.000299986 
0.000327182 
0.00022946 
0.00033488 
0.000409256 
0.000172289 
0.000218287 
0.000289232 
0.000246118 
0.000238728 
0.000323418 
0.000344961 
0.000232474 
0.000145787 
0.000177736 
0.000144031 
0.00049532 
0.000676223 
0.000800159 
0.000689428 
0.000842301 
0.00109705 
0.0011565 
0.00106473 
0.00126965 
0.00144661 
0.00189333 
0.00195185 
0.00218531 
0.00250438 
0.00240167 
0.00207154 
0.0019418 
0.00189524 
0.00187415 
0.00194352 
0.0022829 
0.00217934 
0.00261089 
0.00288088 
0.00243835 
0.00255201 
0.00327376 
0.00250968 
0.00247883 
0.00210592 
0.0015161 
0.0010169 
0.0011064 
0.00153174 
0.00120274 
0.00106731 
0.000755037 
0.00106815 
0.00128462 
0.000829311 
0.000905981 
0.000843261 
0.000715783 
0.000754759 
0.000867304 
0.000982189 
0.000735759 
0.000771623 
0.000775817 
0.000574601 
0.000652932 
0.000632154 
0.000583167 
0.000545391 
0.000796349 
0.0008702 
0.000668981 
0.000763256 
0.000859863 
0.000410329 
0.000359276 
0.000368152 
0.00019209 
5.05528e-05 
1.03633e-07 
1.07393e-06 
2.01455e-06 
9.25346e-05 
0.00011992 
4.24493e-05 
5.13915e-06 
4.77699e-06 
4.4766e-06 
6.21103e-06 
4.80407e-06 
5.44285e-06 
1.26322e-05 
2.22278e-05 
1.3039e-05 
4.05032e-05 
2.66639e-05 
1.0507e-05 
2.45729e-05 
3.43223e-05 
2.81277e-05 
1.57627e-05 
1.97839e-05 
3.01159e-05 
2.2834e-05 
1.76216e-05 
2.23085e-05 
3.46752e-05 
4.49689e-05 
4.01634e-05 
1.81768e-05 
3.12909e-05 
2.90558e-05 
3.35985e-05 
7.64043e-05 
4.72367e-05 
3.59675e-05 
3.69856e-05 
3.91758e-05 
3.51718e-05 
1.69534e-05 
5.22713e-05 
2.68468e-05 
3.17531e-05 
3.55423e-05 
3.33432e-05 
1.48182e-05 
3.19792e-06 
5.00117e-06 
7.31931e-06 
4.60645e-06 
2.26627e-05 
6.68193e-05 
0.000240386 
0.000442349 
0.000419851 
0.000427152 
0.000422262 
0.000349005 
0.000213615 
0.000149812 
8.24674e-05 
3.45527e-05 
3.70595e-05 
1.86595e-05 
9.48088e-06 
4.88289e-05 
2.98529e-05 
3.94431e-05 
3.12347e-05 
4.33286e-05 
1.82449e-05 
0.000130244 
7.49095e-05 
1.59859e-05 
8.73137e-06 
2.78091e-05 
2.44223e-05 
4.62205e-06 
2.01008e-05 
2.96918e-05 
2.52126e-05 
3.60595e-05 
4.3228e-05 
3.64489e-05 
4.01908e-05 
2.97426e-05 
2.23552e-05 
2.24668e-05 
1.50762e-05 
2.97363e-06 
1.2715e-05 
1.22263e-05 
2.0491e-05 
1.47631e-05 
3.44186e-06 
0.000123032 
0.000295335 
4.8145e-05 
7.22985e-05 
0.0002631 
0.000327981 
0.000138731 
6.99154e-05 
7.04477e-05 
0 
0 
0 
7.22787e-08 
0 
1.62742e-05 
6.54661e-07 
1.62768e-06 
8.43579e-06 
3.90343e-05 
2.68893e-05 
3.63322e-05 
3.45372e-05 
5.44212e-06 
4.53716e-05 
5.93981e-08 
1.534e-08 
3.44896e-07 
1.76905e-06 
4.66467e-07 
2.14615e-06 
8.59066e-07 
0 
0 
1.24108e-05 
7.15123e-07 
7.18711e-08 
0 
1.41222e-09 
7.46884e-06 
1.51398e-05 
1.9626e-05 
6.29068e-05 
5.97264e-05 
3.95799e-05 
5.75432e-06 
3.42765e-06 
2.74403e-07 
8.89109e-08 
3.4334e-05 
2.34554e-05 
2.18737e-06 
2.95344e-06 
2.30545e-06 
4.77659e-06 
6.43408e-06 
4.76451e-06 
7.07266e-06 
1.00516e-05 
1.76043e-05 
4.48329e-05 
2.89354e-05 
2.24799e-05 
1.24809e-05 
1.35382e-05 
8.62405e-06 
7.19866e-06 
7.50088e-06 
1.74809e-05 
4.6734e-05 
0.000268981 
0.000202538 
0.0001341 
0.00010866 
0.000230179 
0.000190535 
0.000191181 
1.42939e-05 
9.15645e-05 
3.81668e-06 
8.35077e-06 
1.0657e-05 
1.88448e-05 
3.31546e-05 
5.56856e-05 
0.000111714 
6.61893e-05 
0.000171852 
0.00016295 
0.000108859 
0.000101737 
0.000105148 
9.62768e-05 
0.000132672 
0.000156676 
0.000227507 
0.000255541 
0.000263782 
0.000342465 
0.000334137 
0.000376324 
0.000482523 
0.00037017 
0.000216893 
0.000260122 
0.000159879 
0.000149265 
0.000150449 
0.000137502 
0.000154581 
0.000154475 
0.000134819 
0.000102436 
8.54959e-05 
9.74636e-05 
7.59843e-05 
5.41904e-05 
2.878e-05 
1.65544e-05 
2.56908e-05 
2.49212e-05 
5.00585e-05 
6.17033e-05 
0.000105578 
0.000113186 
0.000117157 
0.000125474 
0.000132972 
0.000191531 
0.000175587 
0.000231376 
0.000174423 
0.000130334 
0.000242098 
0.000348017 
7.30316e-05 
6.85814e-05 
6.88271e-05 
5.99346e-05 
9.29137e-05 
0.000170196 
9.4588e-05 
7.88651e-05 
8.16701e-05 
7.68003e-05 
6.27313e-05 
8.09056e-05 
9.23121e-05 
0.000110011 
0.000105785 
8.3526e-05 
6.8565e-05 
0.000123791 
0.000132148 
0.00022251 
0.000172903 
0.000124056 
0.000159813 
0.000126731 
0.000123615 
0.000133285 
8.92589e-05 
7.11306e-05 
9.26887e-05 
0.000120633 
0.00011888 
0.000140208 
0.00016058 
0.000172026 
0.000175353 
0.000162024 
0.000126515 
0.000136798 
0.000148207 
0.000177896 
0.000172744 
0.000179146 
0.000155808 
0.000181324 
0.000205394 
0.000243605 
0.000236417 
0.000242651 
0.000230631 
0.000215991 
0.00021234 
0.000243422 
0.000341624 
0.000326615 
0.000204601 
0.000214254 
0.000165303 
0.000136003 
0.000136114 
0.000139829 
0.000147659 
0.000147958 
0.000104532 
0.000123629 
0.000139752 
0.000104771 
0.000102053 
0.000105634 
0.000110467 
0.000103631 
9.62904e-05 
7.60128e-05 
7.06836e-05 
6.38952e-05 
7.91462e-05 
8.70228e-05 
0.000103607 
0.000126331 
0.000103537 
0.000116764 
0.000100085 
0.000117713 
0.000115847 
0.000136166 
8.44736e-05 
9.0742e-05 
9.17051e-05 
0.000137534 
0.000142806 
0.0001597 
0.000173094 
0.000159599 
0.000188561 
0.000101455 
8.38259e-05 
6.85356e-05 
8.30622e-05 
6.01436e-05 
0.000106603 
8.47033e-05 
6.84354e-05 
5.21264e-05 
6.30889e-05 
6.52311e-05 
7.95078e-05 
9.27624e-05 
0.000108585 
7.34683e-05 
6.14836e-05 
6.03387e-05 
6.84987e-05 
7.85977e-05 
8.28891e-05 
6.91394e-05 
7.88707e-05 
8.25479e-05 
7.05654e-05 
6.87415e-05 
8.12849e-05 
4.95278e-05 
5.5372e-05 
5.02104e-05 
5.51727e-05 
5.4795e-05 
5.58105e-05 
3.54884e-05 
3.6672e-05 
2.18765e-05 
2.677e-05 
4.41126e-05 
3.48236e-05 
3.04038e-05 
4.5613e-05 
6.39441e-05 
9.21963e-05 
9.99938e-05 
9.64456e-05 
9.09598e-05 
7.28593e-05 
6.98297e-05 
8.17248e-05 
8.94141e-05 
0.000105864 
0.000148951 
0.000148717 
0.000152097 
0.000164638 
0.000159941 
0.000185775 
0.000167745 
0.000146249 
0.000132236 
0.000148232 
0.000192962 
0.000201235 
0.000275829 
0.000277626 
0.000323578 
0.000253584 
0.000159011 
0.000278671 
0.000300379 
0.000387365 
0.000231744 
0.000213124 
0.000253282 
0.000208042 
0.000316798 
0.00030184 
0.000210319 
0.000262004 
0.000283643 
0.000275474 
0.000190212 
0.000210253 
0.00020525 
0.000217097 
0.000158784 
0.000157367 
0.000212078 
0.000261711 
0.00047617 
0.000423606 
0.000357286 
0.000251859 
0.000334594 
0.000364888 
0.000428791 
0.000508997 
0.000715976 
0.000486565 
0.000598982 
0.000682756 
0.000660489 
0.000658829 
0.000725632 
0.000918105 
0.000893311 
0.00112253 
0.000939467 
0.000706149 
0.000755426 
0.000828431 
0.00108943 
0.00119712 
0.00121954 
0.00152165 
0.00162151 
0.00153222 
0.00168514 
0.00178038 
0.0020103 
0.00224266 
0.0016694 
0.00173596 
0.00195099 
0.00199325 
0.00160564 
0.00165543 
0.001823 
0.00167427 
0.00200982 
0.00254943 
0.00260457 
0.00247223 
0.00218658 
0.00197766 
0.00173182 
0.00169718 
0.00128643 
0.00109602 
0.00110948 
0.00120028 
0.000991238 
0.000873516 
0.000879056 
0.000922359 
0.00111877 
0.000869847 
0.000621634 
0.000761932 
0.000526149 
0.00048435 
0.000542928 
0.000735449 
0.000723988 
0.0010183 
0.00115344 
0.0012435 
0.00125546 
0.0011154 
0.00134661 
0.00141612 
0.00136137 
0.00149495 
0.00131591 
0.00197013 
0.00143901 
0.00133485 
0.00159365 
0.00117648 
0.00154627 
0.0014042 
0.00176034 
0.00192938 
0.002089 
0.00233891 
0.00259569 
0.00236617 
0.002765 
0.00277141 
0.00309257 
0.00251315 
0.00240611 
0.00250157 
0.00290873 
0.00200816 
0.00237709 
0.00274745 
0.00266546 
0.00301131 
0.0032855 
0.00291187 
0.00308093 
0.00314524 
0.00347782 
0.00360745 
0.00377495 
0.00357105 
0.0030213 
0.00213865 
0.00273195 
0.00268044 
0.00225759 
0.00216589 
0.00276997 
0.0026577 
0.0034703 
0.00368707 
0.00341128 
0.0034802 
0.00365715 
0.00352862 
0.00326281 
0.00404292 
0.00436309 
0.00428898 
0.00447138 
0.00423326 
0.00442334 
0.00402455 
0.0040059 
0.00405065 
0.00423121 
0.00391039 
0.00373783 
0.00425226 
0.00437893 
0.00427141 
0.00358718 
0.00424682 
0.00432349 
0.00475908 
0.00464198 
0.00430297 
0.00436774 
0.00429068 
0.00375043 
0.00313966 
0.0030003 
0.00288823 
0.00299286 
0.00272012 
0.00248842 
0.00282797 
0.00327063 
0.00290337 
0.00287778 
0.00234161 
0.00197742 
0.00189696 
0.00125376 
0.00108786 
0.0010778 
0.00130345 
0.00150572 
0.00146433 
0.00136438 
0.00143455 
0.00162979 
0.00172315 
0.00179646 
0.00159689 
0.00139579 
0.00106129 
0.000915503 
0.00079643 
0.00113758 
0.00137032 
0.0014253 
0.00158236 
0.00165323 
0.00154295 
0.00233177 
0.00198386 
0.00212746 
0.00223961 
0.00270244 
0.00261023 
0.00229847 
0.00179035 
0.00172985 
0.00206192 
0.00284589 
0.0024756 
0.00248331 
0.0024759 
0.00201875 
0.00187798 
0.00149619 
0.00151285 
0.00163919 
0.00168541 
0.00206064 
0.00178731 
0.00124198 
0.00129931 
0.00171511 
0.00153366 
0.0017098 
0.00143461 
0.00184957 
0.00251661 
0.00313603 
0.00329104 
0.00386901 
0.00381404 
0.00376761 
0.00411302 
0.00371231 
0.00340701 
0.00314288 
0.00291712 
0.00317398 
0.00293288 
0.00351404 
0.00336184 
0.00398373 
0.00382118 
0.00347524 
0.00423391 
0.00462576 
0.00449381 
0.00431326 
0.00439085 
0.00488264 
0.00487225 
0.00522785 
0.00544878 
0.00466585 
0.00440737 
0.00438018 
0.00501915 
0.00462672 
0.00437349 
0.00399301 
0.0036096 
0.00343182 
0.00362089 
0.00352206 
0.00355583 
0.00329237 
0.00359559 
0.00284963 
0.00331684 
0.00379947 
0.00392159 
0.00351057 
0.00366664 
0.00334242 
0.00411333 
0.00435293 
0.00448227 
0.00503275 
0.00526449 
0.0045207 
0.00422203 
0.00524456 
0.00454256 
0.00388117 
0.00408617 
0.00402012 
0.00456582 
0.00533346 
0.00554088 
0.00490845 
0.00569281 
0.00618366 
0.00628117 
0.00514968 
0.00483785 
0.00548134 
0.00555593 
0.00603713 
0.00592765 
0.0055996 
0.00507168 
0.00525845 
0.00538319 
0.00506912 
0.00459962 
0.00477251 
0.00483131 
0.00497833 
0.00559578 
0.00564581 
0.00519433 
0.00557153 
0.00651685 
0.00491866 
0.00516326 
0.00467383 
0.00515365 
0.00476314 
0.00425353 
0.00378401 
0.0031117 
0.00400478 
0.00454136 
0.00484824 
0.00582731 
0.00620659 
0.00675253 
0.00635558 
0.00544775 
0.00595293 
0.00525969 
0.00576692 
0.00534527 
0.00530881 
0.00578674 
0.00498693 
0.00527847 
0.00572983 
0.00616563 
0.00690655 
0.00586536 
0.00585583 
0.00583718 
0.00524181 
0.00485119 
0.00512216 
0.00577779 
0.00543904 
0.00518366 
0.0056225 
0.00631244 
0.00630133 
0.00603788 
0.00620848 
0.00683672 
0.00695988 
0.00779078 
0.00726931 
0.00651969 
0.00636345 
0.00638642 
0.00580719 
0.00674326 
0.00709815 
0.00650352 
0.00631021 
0.00657336 
0.00718532 
0.00730369 
0.00732976 
0.00745806 
0.00734719 
0.00734178 
0.00761034 
0.00739959 
0.0076825 
0.00689493 
0.00691499 
0.00689086 
0.00609145 
0.00581572 
0.00548468 
0.00597505 
0.00596544 
0.00602093 
0.00599004 
0.00551578 
0.00523428 
0.00486156 
0.00594141 
0.00618243 
0.00587833 
0.00644921 
0.00631879 
0.00632853 
0.00627126 
0.00614564 
0.00585615 
0.00586607 
0.00538847 
0.00550116 
0.00558823 
0.00598907 
0.0057857 
0.00625204 
0.00643528 
0.00639301 
0.0069806 
0.00754643 
0.00824192 
0.00760848 
0.00707277 
0.00782151 
0.007735 
0.00736382 
0.00726472 
0.00775933 
0.00821462 
0.00751214 
0.00796922 
0.00630651 
0.00593026 
0.00560803 
0.00555132 
0.00647043 
0.00663826 
0.00671514 
0.00723388 
0.00690922 
0.00713974 
0.00677638 
0.00658512 
0.00653203 
0.00668382 
0.00656479 
0.00672915 
0.00721621 
0.00625294 
0.00697295 
0.00647404 
0.00695671 
0.00711172 
0.00656288 
0.00653062 
0.00676522 
0.00739962 
0.00775718 
0.00654871 
0.00656303 
0.00763869 
0.00724695 
0.00699955 
0.00798579 
0.00777834 
0.00719858 
0.00704881 
0.00699757 
0.00726499 
0.00665122 
0.0070889 
0.00614843 
0.00663816 
0.007114 
0.00756315 
0.00819143 
0.00787592 
0.00825434 
0.00645742 
0.0076142 
0.0069874 
0.00720658 
0.00633694 
0.00684107 
0.00674889 
0.00662693 
0.00671048 
0.00677704 
0.00646233 
0.00695789 
0.00657785 
0.00630494 
0.00550543 
0.00570532 
0.00554723 
0.00529335 
0.00579482 
0.00577346 
0.00564723 
0.00529616 
0.00532938 
0.00587972 
0.00640098 
0.00640183 
0.00604859 
0.00596142 
0.0059558 
0.00617682 
0.00684825 
0.00657091 
0.00643954 
0.00599375 
0.006132 
0.00587152 
0.0060376 
0.00519562 
0.00600806 
0.00652883 
0.00704918 
0.0068733 
0.0070054 
0.0070406 
0.00709677 
0.0067175 
0.00720472 
0.00621174 
0.00626813 
0.00535621 
0.00542571 
0.00548303 
0.00515284 
0.00524704 
0.00528227 
0.0051795 
0.00493238 
0.00562352 
0.00668736 
0.00680199 
0.00640336 
0.00708844 
0.00694449 
0.00605315 
0.00596068 
0.00658702 
0.00737015 
0.00692598 
0.00671575 
0.00613698 
0.00589571 
0.0054353 
0.00518888 
0.00519948 
0.00603962 
0.00573703 
0.00562167 
0.00590807 
0.00477791 
0.00495913 
0.00425052 
0.00434753 
0.0036913 
0.00393939 
0.00393169 
0.00415745 
0.00423481 
0.00470428 
0.00474542 
0.00481277 
0.00422596 
0.00494362 
0.00464476 
0.00507378 
0.00525505 
0.00452175 
0.00449852 
0.00391838 
0.0030542 
0.00292831 
0.00347742 
0.00356307 
0.00352117 
0.00252895 
0.00199355 
0.00229305 
0.00271119 
0.00281527 
0.00231903 
0.00205412 
0.00259233 
0.00292567 
0.00376188 
0.00372333 
0.00328675 
0.00374778 
0.00327985 
0.00274833 
0.00239294 
0.0023928 
0.00189079 
0.0017876 
0.00162788 
0.00193908 
0.00178419 
0.00200375 
0.00208814 
0.00206382 
0.00199612 
0.0015336 
0.00135739 
0.00136136 
0.00145346 
0.00176078 
0.0014223 
0.00133698 
0.00114658 
0.00102851 
0.0011261 
0.00138686 
0.00106093 
0.00151464 
0.00188805 
0.00179592 
0.00162204 
0.00166407 
0.00230732 
0.00199154 
0.00172488 
0.00195681 
0.00141099 
0.00195849 
0.00228196 
0.0017506 
0.00163163 
0.00191596 
0.00218356 
0.00239342 
0.00291936 
0.00289959 
0.00320083 
0.00310495 
0.00324601 
0.0034843 
0.00288473 
0.00259493 
0.00215233 
0.00269291 
0.00334661 
0.00331715 
0.00317718 
0.00289842 
0.00271475 
0.00238851 
0.00277383 
0.00230982 
0.00205851 
0.00206978 
0.00183768 
0.00180756 
0.0020137 
0.00169288 
0.00196129 
0.00163719 
0.00129995 
0.000781997 
0.000835073 
0.000676715 
0.000437891 
0.000315839 
0.000643208 
0.000712566 
0.000807416 
0.000609304 
0.00032474 
0.000403856 
0.000359963 
0.00030353 
0.00021547 
5.79721e-05 
8.31063e-06 
2.34067e-06 
3.42738e-08 
8.25517e-06 
4.98861e-08 
0 
8.02385e-07 
1.77582e-07 
0 
1.13522e-07 
1.38245e-06 
1.30662e-06 
0 
2.59895e-07 
8.2107e-07 
6.93905e-08 
3.01895e-07 
4.90062e-05 
0.000158203 
0.000155938 
0.000132213 
7.68362e-05 
4.89104e-05 
7.78938e-05 
5.29248e-05 
7.70326e-08 
1.20738e-05 
0 
1.6722e-06 
1.47138e-07 
1.21691e-06 
1.69637e-06 
3.95787e-06 
0 
2.62766e-05 
0 
9.5986e-07 
0 
2.14504e-05 
4.14629e-05 
2.84298e-05 
3.32815e-05 
6.22589e-05 
4.5483e-05 
1.17385e-05 
1.38559e-05 
7.90071e-05 
4.03865e-05 
2.63425e-05 
3.81647e-05 
8.89291e-05 
0.000177443 
0.000409063 
0.000146425 
0.00015291 
0.000119357 
6.00876e-05 
7.6318e-06 
1.05092e-05 
0 
6.71642e-08 
9.37545e-05 
2.47989e-05 
0 
7.08507e-05 
6.56113e-07 
2.785e-06 
3.47379e-07 
8.77597e-06 
5.52964e-05 
2.89858e-05 
3.61092e-05 
8.56295e-06 
2.02152e-06 
3.56624e-06 
7.25556e-07 
3.52994e-06 
6.68642e-07 
1.78188e-05 
7.66666e-06 
1.48174e-06 
7.82151e-07 
6.33304e-07 
1.22984e-06 
5.53844e-07 
1.81689e-06 
1.2021e-06 
7.56841e-06 
1.56768e-05 
2.0186e-05 
9.3374e-06 
7.25348e-05 
4.05347e-06 
2.62263e-06 
3.87181e-06 
1.34607e-05 
2.01903e-05 
1.96844e-05 
4.53259e-05 
5.03303e-05 
2.49289e-05 
3.18177e-05 
4.2768e-05 
2.79748e-05 
1.60917e-05 
1.37797e-05 
1.32544e-05 
6.27022e-05 
3.37853e-05 
2.34712e-05 
1.56671e-05 
8.54666e-06 
5.30425e-06 
2.72354e-05 
4.23364e-06 
6.48225e-06 
6.93733e-09 
0 
0 
0 
2.4582e-05 
7.40427e-05 
2.23887e-06 
3.88177e-06 
5.26593e-06 
1.36232e-05 
9.51561e-06 
9.81063e-06 
1.70116e-05 
1.30601e-05 
5.9038e-06 
8.7796e-06 
1.8186e-05 
2.60821e-05 
2.78163e-05 
3.59022e-05 
7.66818e-05 
6.0918e-05 
6.10673e-05 
4.53271e-05 
5.8585e-05 
5.32575e-05 
2.70246e-05 
4.77401e-05 
4.85054e-05 
3.06327e-05 
4.51566e-05 
1.91286e-05 
1.69405e-05 
1.48593e-05 
3.35967e-06 
2.43877e-07 
1.7332e-05 
2.9615e-05 
2.27664e-05 
4.78861e-05 
0.000211283 
0.000207151 
0.000314607 
0.000156494 
0.000321979 
0.000265578 
0.000240871 
0.00032877 
0.000293754 
1.94389e-05 
7.067e-06 
8.72484e-06 
0.00013745 
6.44945e-05 
0.000126233 
2.19533e-05 
2.18153e-05 
3.43231e-05 
4.53804e-05 
5.40953e-05 
6.8971e-05 
6.57021e-05 
7.48105e-05 
0.000127223 
6.18357e-05 
0.000104752 
9.75228e-05 
7.20048e-05 
9.07914e-05 
8.50661e-05 
9.03755e-05 
9.81518e-05 
0.000122698 
0.00012301 
0.000161806 
0.000207014 
0.000129953 
0.000162248 
