8000 5
0.000197268 
NAN 
0.000792364 
2.27671e-06 
0.00111255 
0.000412035 
0.00010932 
9.89305e-05 
0 
0 
4.99699e-05 
9.07573e-05 
0.00028383 
0.000577353 
0.000327913 
0.0005447 
0.000823661 
0.00137631 
0.00195005 
0.0012788 
0.00133589 
0.00163109 
0.00158295 
0.00178123 
0.00109363 
0.00157433 
0.00073579 
0.000799337 
0.000394238 
0.000787846 
0.000616618 
0.000852191 
0.00163432 
0.00214681 
0.00345839 
0.00316739 
0.00488633 
0.00700003 
0.0107241 
0.0139534 
0.0168389 
0.0201478 
0.0291942 
0.0364171 
0.0531895 
0.0537676 
0.0500746 
0.0674384 
0.0687413 
0.0798817 
0.0969761 
0.0941482 
0.07982 
0.0549579 
0.0429914 
0.0401794 
0.0489627 
0.0367853 
0.0373851 
0.0362029 
0.0409628 
0.0372796 
0.0358969 
0.0379938 
0.0350943 
0.0474746 
0.0452395 
0.0417994 
0.0488757 
0.0655105 
0.0613214 
0.059307 
0.0533587 
0.0598702 
0.0434121 
0.0408648 
0.0481487 
0.0496692 
0.0612802 
0.0438506 
0.0411563 
0.0455299 
0.0426683 
0.0657324 
0.063865 
0.0751722 
0.0628683 
0.0722687 
0.0539617 
0.0551552 
0.0835578 
0.0609639 
0.0716003 
0.0464406 
0.0432464 
0.0524969 
0.0540592 
0.0598628 
0.0400007 
0.0542125 
0.048004 
0.0421358 
0.0423095 
0.0484707 
0.0427996 
0.0416058 
0.0540248 
0.0626969 
0.0545053 
0.0754652 
0.0520714 
0.0654493 
0.0567116 
0.0534257 
0.0670823 
0.0562627 
0.0540221 
0.0485012 
0.0499858 
0.0465358 
0.0455894 
0.0414295 
0.0401088 
0.0481236 
0.0417214 
0.0492606 
0.0421449 
0.0456182 
0.054121 
0.0537665 
0.0557234 
0.0597013 
0.0589826 
0.0721136 
0.0571688 
0.0519641 
0.0684705 
0.0643755 
0.0562232 
0.0459631 
0.0437493 
0.0579748 
0.0491982 
0.0604465 
0.0454397 
0.0406361 
0.0431437 
0.0447856 
0.0475368 
0.0533705 
0.0559256 
0.0491495 
0.050484 
0.0548519 
0.0550827 
0.0527666 
0.0469377 
0.0465591 
0.0486555 
0.0477897 
0.0518194 
0.0584046 
0.0669563 
0.0646789 
0.0783654 
0.0718698 
0.0774126 
0.0801502 
0.104522 
0.0935631 
0.0716117 
0.0843521 
0.0727551 
0.0826641 
0.0944098 
0.0889812 
0.0946794 
0.0991294 
0.0824597 
0.075756 
0.0947945 
0.109286 
0.108968 
0.100728 
0.0923424 
0.0927066 
0.0968732 
0.0985898 
0.107433 
0.108269 
0.11224 
0.112625 
0.11604 
0.135357 
0.119479 
0.156782 
0.124336 
0.136781 
0.120673 
0.148707 
0.167102 
0.116224 
0.110537 
0.10685 
0.135536 
0.0998237 
0.112201 
0.0969409 
0.0929628 
0.0916641 
0.0958717 
0.111311 
0.170335 
0.162874 
0.127172 
0.1331 
0.128304 
0.141094 
0.134441 
0.104953 
0.117674 
0.110565 
0.102128 
0.120382 
0.139189 
0.132538 
0.133929 
0.143392 
0.13453 
0.168243 
0.144533 
0.138008 
0.193591 
0.182154 
0.17098 
0.176827 
0.205015 
0.141107 
0.182977 
0.167613 
0.202048 
0.176244 
0.163111 
0.17696 
0.178423 
0.153027 
0.164161 
0.212444 
0.19774 
0.217904 
0.198949 
0.198778 
0.160416 
0.156436 
0.181381 
0.165472 
0.182373 
0.154561 
0.148042 
0.13781 
0.180703 
0.139767 
0.155916 
0.158262 
0.157554 
0.213392 
0.151931 
0.155586 
0.213152 
0.197503 
0.18439 
0.187755 
0.215202 
0.215377 
0.203813 
0.174622 
0.187495 
0.205265 
0.225114 
0.175478 
0.16302 
0.172274 
0.154423 
0.136156 
0.144909 
0.136881 
0.122217 
0.131369 
0.158712 
0.147472 
0.133037 
0.138743 
0.174461 
0.153335 
0.175321 
0.17266 
0.174663 
0.175512 
0.176496 
0.191955 
0.190242 
0.20267 
0.187427 
0.200746 
0.180686 
0.157414 
0.137582 
0.155586 
0.140294 
0.118057 
0.118194 
0.117479 
0.118625 
0.129093 
0.120521 
0.133588 
0.143292 
0.160584 
0.138674 
0.129737 
0.136111 
0.142724 
0.176285 
0.175173 
0.173852 
0.162374 
0.163392 
0.133871 
0.130827 
0.145045 
0.132091 
0.147346 
0.142603 
0.144168 
0.139225 
0.132406 
0.157041 
0.175249 
0.135284 
0.144201 
0.150954 
0.116431 
0.105626 
0.117417 
0.112875 
0.106157 
0.0900423 
0.1203 
0.143312 
0.134227 
0.124367 
0.126198 
0.151285 
0.149009 
0.130155 
0.132412 
0.134319 
0.119945 
0.11771 
0.110572 
0.123444 
0.142555 
0.136785 
0.128117 
0.148884 
0.166724 
0.121787 
0.123997 
0.125002 
0.148366 
0.153223 
0.153626 
0.110531 
0.122959 
0.142266 
0.137237 
0.120692 
0.130061 
0.153279 
0.163532 
0.154092 
0.149327 
0.162165 
0.145804 
0.133381 
0.159361 
0.161695 
0.164066 
0.152003 
0.162841 
0.176136 
0.135392 
0.135329 
0.130382 
0.132832 
0.141563 
0.116947 
0.127035 
0.128429 
0.136832 
0.133343 
0.123531 
0.117384 
0.117099 
0.121703 
0.117899 
0.116168 
0.128148 
0.129392 
0.122407 
0.116936 
0.109853 
0.124347 
0.114175 
0.113574 
0.11084 
0.120807 
0.131718 
0.130778 
0.129623 
0.11696 
0.106485 
0.119881 
0.127239 
0.11663 
0.111859 
0.106998 
0.114886 
0.118443 
0.130589 
0.114707 
0.106143 
0.133753 
0.135242 
0.122091 
0.124676 
0.12935 
0.135056 
0.141686 
0.124829 
0.127338 
0.105662 
0.125503 
0.133586 
0.134455 
0.102162 
0.106229 
0.123251 
0.120692 
0.123505 
0.148016 
0.146139 
0.115603 
0.122376 
0.153554 
0.12701 
0.103174 
0.110107 
0.106626 
0.110393 
0.101112 
0.101012 
0.103124 
0.111631 
0.118137 
0.116959 
0.103141 
0.0927734 
0.104037 
0.0982977 
0.106176 
0.10032 
0.108287 
0.109826 
0.104152 
0.109037 
0.100155 
0.103424 
0.103109 
0.0958614 
0.0952444 
0.0880433 
0.078737 
0.0831175 
0.0816952 
0.083256 
0.0831601 
0.0820862 
0.0855452 
0.0894161 
0.0952274 
0.0891787 
0.088717 
0.0978409 
0.0987706 
0.107098 
0.101792 
0.105709 
0.110757 
0.107776 
0.105269 
0.0955394 
0.0973477 
0.0949351 
0.0902061 
0.102496 
0.0936537 
0.0884115 
0.100421 
0.1017 
0.0884917 
0.0830012 
0.0887904 
0.0978649 
0.0920932 
0.094521 
0.110226 
0.111252 
0.134008 
0.122996 
0.130953 
0.141278 
0.135581 
0.13121 
0.124431 
0.107111 
0.113558 
0.113686 
0.115537 
0.109656 
0.118256 
0.126642 
0.104807 
0.0993263 
0.11611 
0.115964 
0.110783 
0.115681 
0.130924 
0.119345 
0.106407 
0.0817717 
0.0959734 
0.0999025 
0.10556 
0.101132 
0.107747 
0.11616 
0.124217 
0.123989 
0.143825 
0.101223 
0.0927677 
0.0964323 
0.0913821 
0.0965758 
0.100416 
0.0924762 
0.0937564 
0.0936822 
0.0936453 
0.107382 
0.118075 
0.104357 
0.0907334 
0.0856788 
0.0937421 
0.0823661 
0.0968195 
0.105601 
0.0976144 
0.106563 
0.116302 
0.106553 
0.118209 
0.0974342 
0.0975337 
0.106528 
0.0994704 
0.102563 
0.103127 
0.118981 
0.111084 
0.123829 
0.136893 
0.121993 
0.106359 
0.120789 
0.115033 
0.111068 
0.0951054 
0.0909699 
0.0877556 
0.100865 
0.0948552 
0.101637 
0.099923 
0.105152 
0.110316 
0.116074 
0.101042 
0.10407 
0.105737 
0.121401 
0.124028 
0.123744 
0.0977833 
0.113855 
0.132973 
0.138882 
0.120152 
0.101632 
0.128818 
0.105812 
0.106587 
0.109576 
0.108446 
0.116169 
0.108212 
0.112297 
0.117229 
0.132464 
0.110055 
0.146543 
0.117819 
0.110849 
0.113423 
0.112512 
0.11919 
0.112549 
0.100017 
0.093465 
0.0922901 
0.102761 
0.0948582 
0.098172 
0.0891523 
0.0897858 
0.108656 
0.100475 
0.104913 
0.0989221 
0.119712 
0.119809 
0.117381 
0.112471 
0.126781 
0.112826 
0.118855 
0.102482 
0.103549 
0.111475 
0.104344 
0.10902 
0.109712 
0.111162 
0.0963878 
0.0926639 
0.112906 
0.110434 
0.0979459 
0.0922828 
0.0999892 
0.108998 
0.105646 
0.114551 
0.115718 
0.111888 
0.113477 
0.101966 
0.105224 
0.109446 
0.120761 
0.105224 
0.111361 
0.0976867 
0.101231 
0.111791 
0.0936268 
0.0988176 
0.0929157 
0.104116 
0.105868 
0.117272 
0.104441 
0.0969865 
0.103178 
0.0887374 
0.0937815 
0.079121 
0.0851054 
0.0760023 
0.0839407 
0.0814997 
0.0817992 
0.0791928 
0.0745412 
0.0814586 
0.0823867 
0.0766562 
0.0836565 
0.0749955 
0.0813385 
0.0915549 
0.0956218 
0.0930381 
0.0805114 
0.0797913 
0.0887084 
0.0795858 
0.0717657 
0.0786151 
0.0799518 
0.0803279 
0.09413 
0.101865 
0.0841504 
0.108887 
0.0897312 
0.103337 
0.101149 
0.0967714 
0.104273 
0.0936831 
0.0992859 
0.107468 
0.108557 
0.112531 
0.0992483 
0.0917803 
0.0937038 
0.103581 
0.106196 
0.117253 
0.112534 
0.113642 
0.111946 
0.100706 
0.0983221 
0.106106 
0.109103 
0.105849 
0.0928176 
0.0967673 
0.105155 
0.109962 
0.117677 
0.123304 
0.126667 
0.135046 
0.119653 
0.101917 
0.103426 
0.106691 
0.101488 
0.115178 
0.106159 
0.109442 
0.125683 
0.121975 
0.123276 
0.118689 
0.12042 
0.110952 
0.118582 
0.116102 
0.110978 
0.112039 
0.124154 
0.124408 
0.111928 
0.113884 
0.122223 
0.100988 
0.103286 
0.11316 
0.109046 
0.114739 
0.12777 
0.13935 
0.118623 
0.13042 
0.13821 
0.11493 
0.10124 
0.108499 
0.1271 
0.148084 
0.138605 
0.133014 
0.136288 
0.146195 
0.141264 
0.128591 
0.13689 
0.126948 
0.141618 
0.148477 
0.13034 
0.140224 
0.140396 
0.121562 
0.126357 
0.111658 
0.118773 
0.132917 
0.127505 
0.131631 
0.123577 
0.112208 
0.108925 
0.105294 
0.103335 
0.103552 
0.101504 
0.0915883 
0.0910801 
0.102095 
0.0960626 
0.109121 
0.101698 
0.0978754 
0.099796 
0.089444 
0.0856837 
0.103466 
0.111417 
0.121961 
0.111359 
0.121077 
0.130927 
0.108872 
0.113598 
0.111335 
0.130223 
0.137548 
0.1063 
0.112354 
0.0965341 
0.103914 
0.11307 
0.118111 
0.112395 
0.100777 
0.0939003 
0.0873273 
0.109637 
0.119153 
0.107965 
0.120751 
0.119924 
0.105657 
0.109615 
0.099443 
0.0963038 
0.108115 
0.0994574 
0.100249 
0.114273 
0.111278 
0.0926857 
0.110873 
0.10541 
0.113969 
0.110477 
0.112248 
0.11782 
0.0970079 
0.101669 
0.102081 
0.0979544 
0.089736 
0.086774 
0.0958281 
0.0861327 
0.0732938 
0.0864939 
0.0976112 
0.0929313 
0.094626 
0.0957812 
0.101201 
0.0953867 
0.0919471 
0.0874481 
0.104318 
0.120408 
0.117847 
0.103183 
0.113912 
0.11021 
0.105373 
0.112768 
0.10195 
0.12349 
0.118605 
0.111296 
0.104855 
0.0954015 
0.0982741 
0.111224 
0.105598 
0.10201 
0.0954321 
0.0963207 
0.0993043 
0.104631 
0.10522 
0.107189 
0.116998 
0.112974 
0.111395 
0.0923707 
0.0968773 
0.0916804 
0.101689 
0.103806 
0.102184 
0.0978601 
0.100479 
0.103794 
0.0999509 
0.0853565 
0.0863694 
0.0843214 
0.0829487 
0.0881555 
0.0931594 
0.095967 
0.0928849 
0.0896118 
0.0986145 
0.0919865 
0.0966516 
0.088965 
0.101918 
0.100539 
0.108969 
0.108207 
0.099456 
0.103952 
0.105744 
0.108326 
0.108195 
0.112169 
0.0989144 
0.0876165 
0.109423 
0.114007 
0.111458 
0.109542 
0.116126 
0.121309 
0.128574 
0.137921 
0.122269 
0.13649 
0.135743 
0.114213 
0.114337 
0.129023 
0.101623 
0.115057 
0.124912 
0.119174 
0.107828 
0.105258 
0.113019 
0.126013 
0.127401 
0.119091 
0.117721 
0.103301 
0.0960881 
0.106659 
0.112839 
0.10546 
0.0982954 
0.101469 
0.116722 
0.0919001 
0.0899949 
0.0822108 
0.0993514 
0.0904415 
0.0953235 
0.0892596 
0.0909038 
0.0857995 
0.0992398 
0.0965854 
0.097238 
0.0838354 
0.0811237 
0.0840332 
0.0860394 
0.0887781 
0.0922783 
0.0894077 
0.0754688 
0.0916433 
0.0822549 
0.0861019 
0.0917973 
0.0954116 
0.0944962 
0.0781293 
0.0827755 
0.0930152 
0.0903689 
0.0793057 
0.0847362 
0.0827542 
0.093227 
0.0968334 
0.105112 
0.100583 
0.0919655 
0.0987232 
0.103044 
0.0945887 
0.114203 
0.111638 
0.118511 
0.118123 
0.103197 
0.0965152 
0.0949734 
0.0910687 
0.0854863 
0.0951949 
0.0980726 
0.0966971 
0.0973427 
0.0958118 
0.0957494 
0.0948153 
0.100191 
0.107031 
0.112013 
0.119851 
0.114652 
0.110168 
0.113421 
0.101612 
0.109268 
0.113405 
0.107988 
0.0884872 
0.0983421 
0.104627 
0.122126 
0.128243 
0.122931 
0.120003 
0.127509 
0.119084 
0.117122 
0.10993 
0.110422 
0.118719 
0.114181 
0.115279 
0.127158 
0.122049 
0.122576 
0.143847 
0.122347 
0.136868 
0.120412 
0.122062 
0.139285 
0.14215 
0.132593 
0.130277 
0.118057 
0.112599 
0.125315 
0.119725 
0.107873 
0.105244 
0.0943593 
0.103356 
0.104763 
0.10094 
0.112525 
0.0979669 
0.0976387 
0.106257 
0.100433 
0.115094 
0.106047 
0.128262 
0.0994163 
0.111407 
0.108486 
0.0969281 
0.110299 
0.10313 
0.120929 
0.112242 
0.126391 
0.124417 
0.133737 
0.120029 
0.106312 
0.132961 
0.132868 
0.142991 
0.135998 
0.124594 
0.124371 
0.11306 
0.0987399 
0.0978404 
0.0911044 
0.102165 
0.104549 
0.11521 
0.114768 
0.113436 
0.101807 
0.107484 
0.124363 
0.120305 
0.116678 
0.116411 
0.114194 
0.124544 
0.128463 
0.13279 
0.130907 
0.131064 
0.132614 
0.149342 
0.121315 
0.136369 
0.127385 
0.127237 
0.112618 
0.107441 
0.109671 
0.107079 
0.114536 
0.0981813 
0.104487 
0.111194 
0.117512 
0.123326 
0.123452 
0.127968 
0.137338 
0.123419 
0.12819 
0.128518 
0.127068 
0.125541 
0.0930017 
0.111843 
0.122065 
0.12423 
0.118424 
0.125139 
0.127809 
0.115267 
0.115546 
0.124839 
0.126118 
0.118695 
0.121831 
0.10187 
0.101229 
0.116775 
0.113019 
0.112187 
0.122885 
0.115794 
0.106834 
0.104813 
0.0985421 
0.104654 
0.107319 
0.0897739 
0.100116 
0.099112 
0.0919406 
0.0955598 
0.110104 
0.113081 
0.108063 
0.117845 
0.119179 
0.113599 
0.121066 
0.120927 
0.125334 
0.124531 
0.13557 
0.127533 
0.116819 
0.123027 
0.127809 
0.121041 
0.114509 
0.0947375 
0.106793 
0.112279 
0.0969328 
0.116162 
0.109874 
0.0972041 
0.103491 
0.109307 
0.103816 
0.106987 
0.111873 
0.0976189 
0.100513 
0.0936469 
0.103885 
0.100522 
0.0949489 
0.100883 
0.105403 
0.089617 
0.0953155 
0.101166 
0.0983127 
0.0857781 
0.0939909 
0.108402 
0.109356 
0.0955919 
0.0761693 
0.080382 
0.0880069 
0.0874297 
0.0848775 
0.102933 
0.0907235 
0.0873674 
0.0931097 
0.100745 
0.0861447 
0.0940161 
0.0999777 
0.0976405 
0.096029 
0.0969942 
0.0964884 
0.0903006 
0.0937009 
0.0962736 
0.0900712 
0.103253 
0.0888596 
0.0895324 
0.0838294 
0.0842373 
0.092127 
0.082972 
0.0932442 
0.0875403 
0.0904065 
0.0959567 
0.104885 
0.109084 
0.109137 
0.101902 
0.119178 
0.0991632 
0.0999498 
0.102726 
0.10432 
0.123213 
0.10589 
0.11736 
0.109735 
0.095605 
0.0953359 
0.121587 
0.113441 
0.106527 
0.110867 
0.101909 
0.107549 
0.0919566 
0.0949433 
0.0959563 
0.0944338 
0.0886635 
0.0783141 
0.093567 
0.0943498 
0.106049 
0.0903656 
0.0875978 
0.0942294 
0.0982263 
0.0856565 
0.091189 
0.0962108 
0.113296 
0.109765 
0.109625 
0.0827951 
0.0876572 
0.0867135 
0.0900116 
0.0904176 
0.0873252 
0.0944458 
0.0870568 
0.0918528 
0.104058 
0.0993867 
0.0827465 
0.08495 
0.0872441 
0.0851832 
0.0926179 
0.087519 
0.0969714 
0.0952218 
0.0954244 
0.0880378 
0.103956 
0.108399 
0.103066 
0.0967753 
0.113673 
0.121039 
0.118384 
0.122656 
0.119835 
0.105773 
0.103338 
0.111513 
0.0996582 
0.106088 
0.125749 
0.132743 
0.129785 
0.133608 
0.122789 
0.116989 
0.101906 
0.125039 
0.12379 
0.111476 
0.114705 
0.110965 
0.117626 
0.101887 
0.10454 
0.102934 
0.0930031 
0.0843977 
0.104546 
0.100945 
0.0986596 
0.0989536 
0.116671 
0.112168 
0.101207 
0.11737 
0.105509 
0.101911 
0.104442 
0.123715 
0.114711 
0.127308 
0.113575 
0.107199 
0.105806 
0.12469 
0.111677 
0.121574 
0.106575 
0.10884 
0.107712 
0.0995206 
0.114655 
0.105377 
0.0999616 
0.0963934 
0.111788 
0.115097 
0.121766 
0.116108 
0.0999016 
0.105306 
0.0990478 
0.115382 
0.120612 
0.108364 
0.105268 
0.10759 
0.0989441 
0.0988747 
0.10212 
0.102933 
0.103401 
0.0991231 
0.110194 
0.116611 
0.104955 
0.1116 
0.115269 
0.107979 
0.102273 
0.106722 
0.0999228 
0.10869 
0.108049 
0.101671 
0.094502 
0.100842 
0.104305 
0.102547 
0.10461 
0.102773 
0.102212 
0.101097 
0.109417 
0.122314 
0.108868 
0.0953573 
0.0939398 
0.101662 
0.124391 
0.12212 
0.114971 
0.117843 
0.118754 
0.122176 
0.115132 
0.101479 
0.107116 
0.113496 
0.115054 
0.111126 
0.115031 
0.118411 
0.103152 
0.108384 
0.0945456 
0.0977668 
0.115308 
0.109379 
0.116347 
0.106252 
0.116497 
0.106204 
0.101713 
0.1141 
0.0956867 
0.106902 
0.0940178 
0.0888329 
0.0789167 
0.0901957 
0.0858981 
0.0855853 
0.0896619 
0.0867435 
0.0985677 
0.108019 
0.111776 
0.106677 
0.100338 
0.104362 
0.109864 
0.125607 
0.133352 
0.12281 
0.119196 
0.117513 
0.113624 
0.115638 
0.113804 
0.113306 
0.118342 
0.103109 
0.107419 
0.110384 
0.112859 
0.118165 
0.131817 
0.120897 
0.117947 
0.120483 
0.129982 
0.111048 
0.115951 
0.13162 
0.133741 
0.151544 
0.159548 
0.131817 
0.152258 
0.136262 
0.124909 
0.11579 
0.128914 
0.133651 
0.128127 
0.142109 
0.116541 
0.11343 
0.11464 
0.115336 
0.105542 
0.131551 
0.119087 
0.112898 
0.129649 
0.13969 
0.137206 
0.117516 
0.0953244 
0.116723 
0.124294 
0.120682 
0.141118 
0.10828 
0.112412 
0.126965 
0.125599 
0.117234 
0.106339 
0.117578 
0.0977214 
0.111403 
0.106541 
0.114069 
0.107322 
0.116893 
0.109375 
0.119662 
0.11455 
0.115601 
0.113597 
0.0886277 
0.0814407 
0.0831687 
0.106751 
0.0973495 
0.09208 
0.102235 
0.094116 
0.0993851 
0.0837639 
0.0860547 
0.10923 
0.117559 
0.105723 
0.102437 
0.117075 
0.105271 
0.123792 
0.132279 
0.123843 
0.122723 
0.117677 
0.125154 
0.116469 
0.104113 
0.121897 
0.111762 
0.118639 
0.113048 
0.119392 
0.133633 
0.135861 
0.136179 
0.129008 
0.129377 
0.123879 
0.131484 
0.124157 
0.121275 
0.145491 
0.133019 
0.139179 
0.134507 
0.128504 
0.119044 
0.127327 
0.103076 
0.102104 
0.109733 
0.122984 
0.122764 
0.110831 
0.110061 
0.113713 
0.105504 
0.119465 
0.115461 
0.115278 
0.119045 
0.107398 
0.109054 
0.120345 
0.123761 
0.117482 
0.105414 
0.0912386 
0.0909463 
0.102945 
0.110071 
0.123377 
0.114465 
0.0960303 
0.097106 
0.0986558 
0.106148 
0.113669 
0.10088 
0.0956334 
0.104958 
0.112172 
0.115636 
0.116821 
0.122187 
0.116141 
0.117127 
0.12581 
0.112088 
0.121413 
0.128388 
0.117777 
0.125322 
0.116657 
0.120663 
0.119296 
0.132652 
0.138822 
0.139241 
0.127715 
0.127828 
0.11168 
0.105691 
0.115395 
0.111872 
0.117741 
0.121851 
0.113551 
0.11686 
0.10757 
0.11194 
0.125165 
0.126025 
0.13195 
0.119226 
0.128655 
0.112412 
0.126847 
0.110942 
0.103353 
0.108655 
0.118865 
0.121251 
0.108418 
0.102777 
0.10962 
0.10312 
0.101844 
0.113192 
0.12504 
0.0991019 
0.1121 
0.0918197 
0.0870267 
0.0926161 
0.1018 
0.115176 
0.103852 
0.120287 
0.123018 
0.116564 
0.125094 
0.138143 
0.140029 
0.122517 
0.122685 
0.100677 
0.101343 
0.113747 
0.109892 
0.107706 
0.110934 
0.114204 
0.119927 
0.114439 
0.117442 
0.116639 
0.11908 
0.117873 
0.105437 
0.108383 
0.126741 
0.111348 
0.108963 
0.106583 
0.121413 
0.11967 
0.0968428 
0.0966323 
0.091788 
0.0963613 
0.108796 
0.0993774 
0.10138 
0.0985485 
0.103679 
0.102791 
0.0982477 
0.104861 
0.108847 
0.0999993 
0.0895117 
0.0894784 
0.0981747 
0.111056 
0.111781 
0.125492 
0.119632 
0.140319 
0.126798 
0.117923 
0.120393 
0.119996 
0.131599 
0.110095 
0.0947481 
0.0965647 
0.0971535 
0.102748 
0.105984 
0.0874044 
0.0963965 
0.107197 
0.105843 
0.102334 
0.102973 
0.111684 
0.101777 
0.0989784 
0.0918691 
0.101621 
0.112175 
0.0990711 
0.0903404 
0.105898 
0.0962821 
0.109384 
0.103168 
0.107532 
0.0996117 
0.10554 
0.082117 
0.10852 
0.101115 
0.104917 
0.111675 
0.113426 
0.105152 
0.0954018 
0.0908912 
0.0906681 
0.0859921 
0.0924656 
0.0978486 
0.0927183 
0.0919475 
0.106158 
0.0950059 
0.0991025 
0.101538 
0.100795 
0.109458 
0.120284 
0.109205 
0.0980323 
0.0917775 
0.10179 
0.0934607 
0.108585 
0.10534 
0.101269 
0.110681 
0.106479 
0.095556 
0.103863 
0.107682 
0.101212 
0.108379 
0.106074 
0.0964049 
0.0949923 
0.0893426 
0.0844176 
0.0982614 
0.0932863 
0.0932704 
0.0905259 
0.0925558 
0.0849945 
0.0941656 
0.106705 
0.105753 
0.103545 
0.102892 
0.0937052 
0.095909 
0.0900583 
0.0993863 
0.104148 
0.0964882 
0.093347 
0.0943918 
0.0920265 
0.0969772 
0.0911593 
0.0987725 
0.0977888 
0.110321 
0.115165 
0.103906 
0.109114 
0.101456 
0.104473 
0.105541 
0.113784 
0.104016 
0.104338 
0.101699 
0.106198 
0.0997075 
0.0900858 
0.0854133 
0.0919512 
0.0949709 
0.0990794 
0.0998388 
0.105972 
0.106802 
0.104862 
0.11597 
0.111129 
0.106275 
0.11575 
0.121961 
0.108062 
0.108544 
0.101631 
0.106254 
0.10622 
0.0963956 
0.0894118 
0.100255 
0.0950704 
0.0968537 
0.107012 
0.103286 
0.102731 
0.096234 
0.100581 
0.105018 
0.113773 
0.11621 
0.119581 
0.114332 
0.100122 
0.0889399 
0.0940558 
0.0992313 
0.110635 
0.118846 
0.117196 
0.109866 
0.108784 
0.0973867 
0.0933086 
0.0899843 
0.0894219 
0.0854121 
0.0867892 
0.0918792 
0.0890934 
0.0980491 
0.103063 
0.0906965 
0.0896603 
0.0744155 
0.0983393 
0.09615 
0.0876583 
0.0879731 
0.0945849 
0.101736 
0.0950783 
0.0929855 
0.0962203 
0.105557 
0.0922981 
0.101226 
0.108801 
0.114633 
0.126373 
0.110554 
0.114401 
0.108886 
0.10091 
0.0998666 
0.10132 
0.0995458 
0.104386 
0.08426 
0.0826199 
0.0885238 
0.0891028 
0.0853585 
0.0913627 
0.0845279 
0.0847819 
0.075994 
0.0855785 
0.0835935 
0.0890445 
0.0847671 
0.0842524 
0.0848366 
0.0862143 
0.0936373 
0.101991 
0.0987821 
0.0925483 
0.0969617 
0.0932523 
0.0932365 
0.098649 
0.10281 
0.0934827 
0.0957528 
0.103414 
0.108782 
0.10705 
0.10807 
0.115981 
0.0912562 
0.0874728 
0.0895035 
0.0920695 
0.0955301 
0.0877624 
0.091614 
0.0876109 
0.083751 
0.0846548 
0.0921354 
0.100667 
0.0999594 
0.0856399 
0.0936881 
0.0970455 
0.101017 
0.101437 
0.0994869 
0.0949844 
0.0955906 
0.102955 
0.109957 
0.109314 
0.107338 
0.11309 
0.101832 
0.100228 
0.114184 
0.116782 
0.126238 
0.112992 
0.126395 
0.11713 
0.0994933 
0.0934268 
0.112223 
0.113861 
0.135744 
0.13004 
0.132305 
0.12999 
0.135069 
0.129344 
0.127355 
0.117757 
0.122436 
0.127844 
0.119942 
0.120981 
0.118977 
0.109595 
0.115189 
0.106107 
0.115345 
0.103953 
0.100277 
0.10931 
0.101489 
0.107949 
0.106763 
0.109915 
0.0941141 
0.0984192 
0.104902 
0.109442 
0.0973684 
0.0932607 
0.0905967 
0.094018 
0.0833293 
0.0848985 
0.0923802 
0.0893475 
0.0842875 
0.0911233 
0.0935211 
0.0847273 
0.0914525 
0.0881424 
0.0959659 
0.0835589 
0.0803081 
0.083965 
0.0981248 
0.101536 
0.103589 
0.100756 
0.0925234 
0.0926066 
0.0906646 
0.0974916 
0.0971466 
0.0947506 
0.118359 
0.111471 
0.100432 
0.109965 
0.114999 
0.118376 
0.112219 
0.095376 
0.110082 
0.113535 
0.121177 
0.0969865 
0.118898 
0.120776 
0.105987 
0.0992314 
0.103513 
0.109684 
0.112064 
0.110073 
0.109563 
0.0996973 
0.112277 
0.0932249 
0.103152 
0.112307 
0.120202 
0.106374 
0.107299 
0.101103 
0.107293 
0.0895801 
0.104258 
0.0971558 
0.0980627 
0.100719 
0.10367 
0.10102 
0.104815 
0.101092 
0.0965362 
0.0992039 
0.112099 
0.100843 
0.102917 
0.0956487 
0.106026 
0.099599 
0.101661 
0.110751 
0.0988787 
0.106602 
0.103834 
0.106271 
0.0916442 
0.106575 
0.103267 
0.0932759 
0.0917777 
0.0941118 
0.0863778 
0.0883844 
0.10982 
0.101236 
0.102733 
0.100472 
0.102609 
0.0949191 
0.0910738 
0.0853255 
0.0938854 
0.0908985 
0.095807 
0.104317 
0.109297 
0.107681 
0.103596 
0.0831692 
0.0917313 
0.0995783 
0.108135 
0.10885 
0.0941636 
0.0968881 
0.100196 
0.104943 
0.11163 
0.129142 
0.112947 
0.100873 
0.0934305 
0.104303 
0.11324 
0.10298 
0.102976 
0.122823 
0.110576 
0.108389 
0.101865 
0.103419 
0.109968 
0.117707 
0.118658 
0.121313 
0.110183 
0.123878 
0.10929 
0.119394 
0.118283 
0.124936 
0.12643 
0.113289 
0.105464 
0.112876 
0.101941 
0.0915718 
0.106209 
0.0814365 
0.0841871 
0.0972731 
0.09286 
0.0994897 
0.10273 
0.0854801 
0.093258 
0.0857977 
0.0949948 
0.093236 
0.0901444 
0.092007 
0.094129 
0.102379 
0.102764 
0.110407 
0.107007 
0.102284 
0.0948303 
0.0976839 
0.100164 
0.0949404 
0.0937867 
0.0908871 
0.0987662 
0.11539 
0.110936 
0.110597 
0.105001 
0.0989986 
0.107864 
0.101797 
0.106482 
0.124231 
0.116577 
0.0998944 
0.100428 
0.096293 
0.0999931 
0.0921855 
0.0905374 
0.0999556 
0.101101 
0.0974899 
0.0979537 
0.0932192 
0.0989788 
0.0904007 
0.0966969 
0.0981268 
0.0986139 
0.110369 
0.101757 
0.102326 
0.100407 
0.104574 
0.107224 
0.112071 
0.0944499 
0.0933616 
0.11451 
0.108035 
0.108799 
0.109009 
0.0986685 
0.108043 
0.0922413 
0.094437 
0.0887086 
0.0896126 
0.0819433 
0.0825735 
0.0928199 
0.0905571 
0.0862179 
0.0975626 
0.0941264 
0.103946 
0.113586 
0.0932366 
0.10405 
0.104178 
0.0993809 
0.104107 
0.0934497 
0.102301 
0.100181 
0.0953616 
0.0975158 
0.0929745 
0.0932331 
0.0943753 
0.104373 
0.101979 
0.0978268 
0.107551 
0.105047 
0.105632 
0.11089 
0.102737 
0.0924347 
0.107863 
0.106101 
0.0934604 
0.0893139 
0.113567 
0.104494 
0.111699 
0.102493 
0.107346 
0.0977345 
0.0954615 
0.102429 
0.0976804 
0.0839061 
0.0894963 
0.10301 
0.090801 
0.0856871 
0.0928792 
0.107625 
0.0845401 
0.0865188 
0.0839431 
0.0889285 
0.0923338 
0.0951356 
0.0892532 
0.102799 
0.0882828 
0.0955037 
0.104209 
0.106364 
0.104619 
0.111889 
0.123296 
0.112024 
0.116763 
0.111874 
0.110915 
0.102634 
0.0906441 
0.0960583 
0.0930695 
0.0913957 
0.0947769 
0.0979322 
0.100379 
0.110061 
0.107912 
0.109814 
0.0909451 
0.103397 
0.10064 
0.104242 
0.097795 
0.0917997 
0.0964802 
0.0944727 
0.108265 
0.10323 
0.0947973 
0.0893029 
0.0880113 
0.0894158 
0.0944433 
0.0946347 
0.0960809 
0.0799591 
0.0900556 
0.0882898 
0.0874051 
0.0966014 
0.100058 
0.0961089 
0.0889471 
0.0880254 
0.094127 
0.0844869 
0.0966744 
0.115015 
0.10712 
0.110945 
0.116372 
0.103353 
0.113902 
0.107763 
0.109775 
0.103809 
0.094245 
0.0982908 
0.0990026 
0.105173 
0.113851 
0.104999 
0.0973004 
0.0953108 
0.0974376 
0.106399 
0.10211 
0.102039 
0.103199 
0.0931477 
0.0961159 
0.105583 
0.101842 
0.0918002 
0.0970916 
0.119255 
0.130432 
0.12558 
0.107022 
0.130493 
0.118341 
0.123436 
0.122084 
0.130985 
0.108604 
0.101208 
0.0987268 
0.118203 
0.127283 
0.110823 
0.116696 
0.0969333 
0.0845701 
0.105478 
0.1129 
0.107367 
0.102801 
0.119445 
0.115471 
0.115114 
0.126705 
0.112748 
0.126026 
0.121143 
0.101893 
0.106586 
0.0993487 
0.116047 
0.112611 
0.114889 
0.127821 
0.137217 
0.14537 
0.12583 
0.12198 
0.107469 
0.109819 
0.102516 
0.0949196 
0.108469 
0.106986 
0.107127 
0.10339 
0.107016 
0.117363 
0.124212 
0.124624 
0.11427 
0.118174 
0.114534 
0.108136 
0.0961961 
0.104747 
0.0954893 
0.101031 
0.113672 
0.102091 
0.118935 
0.107883 
0.0954581 
0.102295 
0.108169 
0.117251 
0.112574 
0.126395 
0.120723 
0.135033 
0.127149 
0.109195 
0.100396 
0.104008 
0.112151 
0.125674 
0.128136 
0.120771 
0.126987 
0.114907 
0.124154 
0.0997656 
0.105582 
0.122316 
0.111174 
0.0891915 
0.10526 
0.111355 
0.0993007 
0.10707 
0.112524 
0.101532 
0.103824 
0.0901036 
0.0903549 
0.100838 
0.0983359 
0.107928 
0.110432 
0.105581 
0.0996653 
0.108063 
0.107476 
0.0991023 
0.109432 
0.10947 
0.116551 
0.0995474 
0.114959 
0.117719 
0.11372 
0.110128 
0.108145 
0.112464 
0.106413 
0.116915 
0.108764 
0.111251 
0.10388 
0.112018 
0.0974469 
0.0965643 
0.0902301 
0.101282 
0.107997 
0.102289 
0.105184 
0.0950545 
0.107074 
0.100244 
0.112206 
0.106001 
0.0987156 
0.083601 
0.0900064 
0.0901933 
0.102238 
0.100379 
0.105724 
0.106778 
0.106 
0.100552 
0.105307 
0.116667 
0.111706 
0.118376 
0.100984 
0.100805 
0.0972285 
0.0979113 
0.0971777 
0.103806 
0.0919957 
0.0962475 
0.116435 
0.112984 
0.119144 
0.0986844 
0.102074 
0.108322 
0.100072 
0.0975224 
0.104177 
0.10103 
0.0935327 
0.0754699 
0.0958597 
0.0990043 
0.117541 
0.101465 
0.114488 
0.110336 
0.0989535 
0.0989314 
0.105048 
0.0981744 
0.092683 
0.0843469 
0.0878318 
0.0853241 
0.0932586 
0.0870503 
0.0949765 
0.100767 
0.0917679 
0.0943351 
0.0930353 
0.105052 
0.104994 
0.101898 
0.107261 
0.113074 
0.101531 
0.1088 
0.109941 
0.103635 
0.106197 
0.104059 
0.107694 
0.0975686 
0.100139 
0.0885538 
0.0934292 
0.0888232 
0.096214 
0.11193 
0.11571 
0.108482 
0.104057 
0.105434 
0.102941 
0.0960218 
0.104275 
0.0996132 
0.115024 
0.108963 
0.100798 
0.124734 
0.101953 
0.119722 
0.103723 
0.101473 
0.108293 
0.103829 
0.0996121 
0.111092 
0.123652 
0.11724 
0.110829 
0.109434 
0.101374 
0.103047 
0.0937095 
0.10847 
0.093861 
0.103241 
0.101083 
0.099365 
0.0924983 
0.0888764 
0.0873704 
0.0961762 
0.0993863 
0.0981412 
0.0892044 
0.0880341 
0.10092 
0.102713 
0.0972423 
0.0895371 
0.0899727 
0.0929659 
0.104043 
0.101369 
0.122227 
0.11379 
0.108346 
0.107531 
0.110437 
0.108291 
0.111664 
0.121223 
0.108049 
0.108815 
0.105017 
0.102054 
0.101049 
0.0968962 
0.101916 
0.10476 
0.101396 
0.101694 
0.0896647 
0.0929434 
0.0932787 
0.104443 
0.0962372 
0.0991481 
0.0992474 
0.106169 
0.106663 
0.111639 
0.0924016 
0.108673 
0.106297 
0.10238 
0.10089 
0.0977153 
0.0973738 
0.118037 
0.125038 
0.119384 
0.097955 
0.108245 
0.120924 
0.122351 
0.135429 
0.1315 
0.124606 
0.100748 
0.103359 
0.107824 
0.121403 
0.121177 
0.12172 
0.122079 
0.10958 
0.109811 
0.104247 
0.0934279 
0.104463 
0.119177 
0.100451 
0.0989405 
0.0951796 
0.109537 
0.103014 
0.11534 
0.120843 
0.109587 
0.115813 
0.105955 
0.124747 
0.0993201 
0.0929962 
0.110786 
0.119966 
0.129985 
0.128565 
0.103828 
0.10721 
0.110864 
0.109964 
0.107561 
0.122698 
0.132816 
0.122981 
0.139215 
0.11232 
0.132378 
0.115905 
0.115065 
0.116773 
0.109843 
0.0975256 
0.104751 
0.0916869 
0.104451 
0.0893427 
0.103871 
0.121854 
0.105365 
0.0977126 
0.101587 
0.103563 
0.0977068 
0.09696 
0.102569 
0.104765 
0.113267 
0.103947 
0.11768 
0.114096 
0.121931 
0.120721 
0.106049 
0.0947372 
0.100526 
0.0935773 
0.100744 
0.0900012 
0.0980667 
0.103898 
0.100257 
0.0934058 
0.0911561 
0.099618 
0.112153 
0.11958 
0.0993092 
0.0972716 
0.120952 
0.119559 
0.121678 
0.115052 
0.132291 
0.121489 
0.14589 
0.136702 
0.135814 
0.118064 
0.125207 
0.112309 
0.106641 
0.112231 
0.118341 
0.111356 
0.0994574 
0.095641 
0.0985943 
0.0976693 
0.101184 
0.110438 
0.111505 
0.109494 
0.121866 
0.104924 
0.111302 
0.0968823 
0.0955682 
0.102126 
0.106139 
0.122604 
0.120029 
0.104754 
0.0990356 
0.0930647 
0.114923 
0.105738 
0.103947 
0.110068 
0.106276 
0.115489 
0.10902 
0.127733 
0.12836 
0.115814 
0.111058 
0.138206 
0.139089 
0.124655 
0.116027 
0.118184 
0.110662 
0.115275 
0.118396 
0.133363 
0.127051 
0.114393 
0.114135 
0.115388 
0.126324 
0.127719 
0.120114 
0.133491 
0.123233 
0.129369 
0.135282 
0.133019 
0.128901 
0.128111 
0.12447 
0.127508 
0.13278 
0.133923 
0.117444 
0.12014 
0.135922 
0.12096 
0.128349 
0.139939 
0.145201 
0.151467 
0.12958 
0.128568 
0.127724 
0.108714 
0.113384 
0.112109 
0.108362 
0.116306 
0.120446 
0.128125 
0.131554 
0.108206 
0.123356 
0.116831 
0.109252 
0.119136 
0.102863 
0.110396 
0.100413 
0.099155 
0.0950779 
0.10083 
0.100486 
0.098367 
0.0968905 
0.0973666 
0.0998224 
0.0887204 
0.0924453 
0.0959531 
0.0913761 
0.0808071 
0.0952146 
0.100616 
0.102677 
0.0986576 
0.0910116 
0.104704 
0.0934624 
0.0954033 
0.10219 
0.103199 
0.103991 
0.0949507 
0.0906842 
0.0938066 
0.0945328 
0.0891698 
0.0911024 
0.100554 
0.111337 
0.105412 
0.107565 
0.0985142 
0.100687 
0.0995817 
0.0945145 
0.0974064 
0.100199 
0.0981026 
0.0995735 
0.0956073 
0.0902834 
0.0973679 
0.112044 
0.113395 
0.120077 
0.109583 
0.112587 
0.108899 
0.101389 
0.112282 
0.0986225 
0.112023 
0.103452 
0.0959703 
0.109994 
0.111089 
0.114277 
0.116455 
0.116384 
0.116839 
0.124092 
0.130706 
0.110273 
0.109749 
0.121033 
0.124918 
0.122614 
0.108937 
0.109151 
0.09979 
0.097008 
0.111358 
0.110882 
0.126922 
0.129087 
0.128023 
0.135673 
0.110178 
0.107128 
0.121967 
0.110584 
0.116559 
0.121865 
0.109752 
0.116041 
0.110666 
0.110473 
0.118175 
0.121171 
0.120667 
0.116806 
0.116261 
0.115487 
0.11613 
0.12694 
0.11245 
0.109601 
0.110027 
0.097014 
0.0970574 
0.10362 
0.10857 
0.10028 
0.0963413 
0.101629 
0.0983392 
0.090014 
0.0959067 
0.0892668 
0.0903612 
0.0876278 
0.0949175 
0.105862 
0.104826 
0.101266 
0.105199 
0.109969 
0.11654 
0.105045 
0.0963182 
0.113098 
0.110359 
0.103049 
0.118847 
0.109213 
0.106653 
0.102998 
0.106509 
0.11093 
0.0859601 
0.0825366 
0.0810958 
0.0850478 
0.0850845 
0.104149 
0.103551 
0.113224 
0.0936939 
0.108955 
0.104078 
0.112014 
0.0975019 
0.11195 
0.107177 
0.102364 
0.110723 
0.117216 
0.108992 
0.107859 
0.120003 
0.119672 
0.116855 
0.121225 
0.123445 
0.123457 
0.116725 
0.110811 
0.114256 
0.109642 
0.104175 
0.105481 
0.109353 
0.109177 
0.102044 
0.0891479 
0.0905801 
0.0950694 
0.102849 
0.0945059 
0.0967676 
0.0896634 
0.0867038 
0.0976659 
0.0895451 
0.0946214 
0.102242 
0.0929642 
0.0828868 
0.098258 
0.0920494 
0.0986942 
0.0895682 
0.0896615 
0.0951448 
0.0930487 
0.100815 
0.104654 
0.104707 
0.103205 
0.096492 
0.0880632 
0.0971097 
0.101577 
0.0930134 
0.084894 
0.0859929 
0.078139 
0.0837685 
0.088217 
0.0938686 
0.0968793 
0.105138 
0.105196 
0.103857 
0.0993443 
0.0923771 
0.0958546 
0.083218 
0.0989478 
0.103705 
0.0935431 
0.104303 
0.113955 
0.0965126 
0.105274 
0.108566 
0.106895 
0.101517 
0.100882 
0.108405 
0.115836 
0.0976391 
0.101813 
0.0943699 
0.087664 
0.0796308 
0.102863 
0.0976126 
0.100658 
0.101951 
0.0928167 
0.0943688 
0.0950207 
0.0934172 
0.0864132 
0.094681 
0.0917354 
0.0953918 
0.0975777 
0.0990324 
0.107283 
0.112976 
0.109839 
0.0960823 
0.100462 
0.100715 
0.0940626 
0.1088 
0.108436 
0.111886 
0.100418 
0.10152 
0.0941572 
0.0956277 
0.0961072 
0.0848228 
0.0892658 
0.0911087 
0.0890239 
0.107624 
0.0986405 
0.0985938 
0.0944422 
0.08413 
0.0898587 
0.0938295 
0.0963381 
0.0870314 
0.0929199 
0.0914289 
0.083854 
0.0793994 
0.0790963 
0.0772914 
0.0802898 
0.0784575 
0.0872751 
0.0930685 
0.0864904 
0.104943 
0.100613 
0.103075 
0.0962178 
0.093563 
0.0980836 
0.0972829 
0.0912918 
0.084678 
0.085066 
0.0838861 
0.0896079 
0.0846827 
0.0876803 
0.0882105 
0.0966108 
0.0948213 
0.0954939 
0.0906761 
0.102282 
0.0934849 
0.0934874 
0.099375 
0.0966945 
0.0987391 
0.102721 
0.0981842 
0.102065 
0.0973633 
0.104359 
0.0893401 
0.103627 
0.111658 
0.108129 
0.102552 
0.100219 
0.110663 
0.118073 
0.122902 
0.103111 
0.13412 
0.127766 
0.121026 
0.121279 
0.115681 
0.100041 
0.121918 
0.123943 
0.113338 
0.111644 
0.114275 
0.0998211 
0.111126 
0.120882 
0.124185 
0.138207 
0.12035 
0.108959 
0.106736 
0.111697 
0.102539 
0.100424 
0.10637 
0.102065 
0.109788 
0.097562 
0.0923838 
0.101008 
0.107276 
0.105759 
0.0972701 
0.0953793 
0.104467 
0.10407 
0.0933558 
0.100824 
0.0967485 
0.109342 
0.115719 
0.108193 
0.121357 
0.123382 
0.124296 
0.14356 
0.141296 
0.125822 
0.126834 
0.144635 
0.135461 
0.124855 
0.117184 
0.10438 
0.129672 
0.113952 
0.123367 
0.125526 
0.113654 
0.113194 
0.103256 
0.0929591 
0.095071 
0.085635 
0.0953762 
0.0972293 
0.101622 
0.109142 
0.107012 
0.102201 
0.0933866 
0.100711 
0.109744 
0.104851 
0.106381 
0.111378 
0.108834 
0.102973 
0.0969851 
0.116048 
0.108112 
0.106797 
0.100064 
0.102263 
0.111981 
0.115122 
0.113071 
0.108262 
0.11567 
0.124437 
0.120666 
0.112737 
0.103108 
0.116788 
0.106207 
0.122314 
0.125824 
0.126606 
0.125053 
0.118253 
0.124021 
0.102729 
0.130226 
0.12009 
0.11138 
0.118913 
0.125242 
0.128897 
0.128395 
0.113159 
0.121654 
0.104981 
0.104005 
0.105611 
0.0956093 
0.0907353 
0.0939669 
0.0990679 
0.0944528 
0.0992085 
0.102036 
0.095906 
0.0967979 
0.0885363 
0.095016 
0.0924736 
0.103373 
0.102672 
0.102921 
0.102558 
0.0880851 
0.095827 
0.0877898 
0.087999 
0.0842824 
0.0734038 
0.0815031 
0.0794985 
0.0796561 
0.0830212 
0.0802194 
0.0851634 
0.0805064 
0.0864637 
0.0949071 
0.0924952 
0.0928563 
0.0947079 
0.095136 
0.108701 
0.121981 
0.104714 
0.10956 
0.102904 
0.10405 
0.100118 
0.0925765 
0.0996022 
0.0967226 
0.112884 
0.102919 
0.107979 
0.101495 
0.0987176 
0.0913301 
0.0929632 
0.10976 
0.111181 
0.107524 
0.0990102 
0.105205 
0.106404 
0.0968904 
0.0938598 
0.0980659 
0.100816 
0.110886 
0.0921129 
0.101367 
0.0976325 
0.100642 
0.0909494 
0.107327 
0.0975039 
0.0976793 
0.0922044 
0.0841708 
0.0732422 
0.0811536 
0.0842101 
0.084181 
0.0753508 
0.0735136 
0.0760422 
0.0770197 
0.0842506 
0.0901086 
0.099758 
0.0940191 
0.0920249 
0.102812 
0.100545 
0.10112 
0.10482 
0.0927519 
0.080615 
0.0923828 
0.0873963 
0.0848802 
0.0889398 
0.0934412 
0.0853807 
0.0912379 
0.0847517 
0.091698 
0.0952857 
0.0921491 
0.0964596 
0.093586 
0.094674 
0.0996635 
0.0861516 
0.108127 
0.100897 
0.0918436 
0.0938032 
0.0871264 
0.0893709 
0.0760325 
0.0891439 
0.0872785 
0.0892115 
0.0847322 
0.0896233 
0.0774705 
0.0768871 
0.0830381 
0.0728164 
0.0865158 
0.0917905 
0.101171 
0.107666 
0.107876 
0.111045 
0.0961475 
0.0927026 
0.0996943 
0.0941537 
0.0904798 
0.0860086 
0.084886 
0.0949808 
0.098293 
0.102596 
0.0889725 
0.0928971 
0.0943609 
0.0796203 
0.0788128 
0.0849548 
0.0890975 
0.0914068 
0.0874605 
0.0960936 
0.0937605 
0.101323 
0.0893265 
0.0926599 
0.103462 
0.103638 
0.0911621 
0.104248 
0.0992827 
0.0994635 
0.0974896 
0.0922576 
0.0990535 
0.0953317 
0.0859037 
0.0779892 
0.0867374 
0.0845641 
0.0863457 
0.0962608 
0.0913227 
0.0923978 
0.0939444 
0.0999902 
0.0982583 
0.0951223 
0.0875326 
0.0845375 
0.0878221 
0.0909706 
0.0855053 
0.0907466 
0.081151 
0.0858609 
0.0724691 
0.0778803 
0.078525 
0.0800974 
0.073968 
0.0842397 
0.0806296 
0.0903845 
0.0840844 
0.0864462 
0.0793132 
0.0890804 
0.0874662 
0.0910356 
0.0903752 
0.0861661 
0.0926487 
0.095533 
0.0914376 
0.0820006 
0.0905659 
0.0927747 
0.0995582 
0.0965457 
0.0963626 
0.0946423 
0.0914437 
0.0820417 
0.0922908 
0.0906728 
0.0883239 
0.0907064 
0.0939784 
0.0974161 
0.0930372 
0.0911011 
0.0814194 
0.0812577 
0.0852974 
0.0805754 
0.087803 
0.0848154 
0.079698 
0.0840286 
0.0853637 
0.0852902 
0.0875316 
0.0876142 
0.0896691 
0.0835635 
0.0782148 
0.0819336 
0.0773783 
0.0867306 
0.083012 
0.0906727 
0.0914642 
0.082843 
0.0814879 
0.0966334 
0.093631 
0.100704 
0.0904354 
0.0960205 
0.0997468 
0.101612 
0.0963056 
0.103011 
0.0940038 
0.105934 
0.10655 
0.0888305 
0.102921 
0.0861773 
0.0984902 
0.0942026 
0.0844242 
0.0839124 
0.0870649 
0.0843864 
0.0833774 
0.0871122 
0.0941087 
0.0954492 
0.0890699 
0.0904497 
0.0907141 
0.0931511 
0.0907912 
0.0927389 
0.0916108 
0.0936471 
0.0882909 
0.0859497 
0.0889491 
0.0913724 
0.0844772 
0.0848783 
0.0823283 
0.0856414 
0.0819862 
0.0860336 
0.0891369 
0.0882247 
0.0883949 
0.0879534 
0.0872 
0.0827899 
0.0762632 
0.0728177 
0.0774173 
0.075019 
0.0822641 
0.085601 
0.088968 
0.0812827 
0.0821023 
0.0941374 
0.094213 
0.0944295 
0.0901244 
0.0969013 
0.0949852 
0.104265 
0.0951942 
0.0827727 
0.0877454 
0.0854381 
0.0863244 
0.0910582 
0.08706 
0.0949115 
0.092791 
0.0864769 
0.085086 
0.0852104 
0.0824428 
0.0832937 
0.0909604 
0.0853703 
0.0867369 
0.0833813 
0.0868923 
0.0801437 
0.0956153 
0.098725 
0.0953809 
0.0944497 
0.0910198 
0.0938858 
0.0980501 
0.0958077 
0.0909289 
0.0962742 
0.0865843 
0.101072 
0.108722 
0.0945143 
0.103463 
0.0996617 
0.0993637 
0.102929 
0.104837 
0.101293 
0.0939359 
0.0946241 
0.0935823 
0.0855764 
0.0887283 
0.0863419 
0.0994568 
0.0960407 
0.086029 
0.0791932 
0.0938528 
0.100351 
0.099379 
0.0934183 
0.105531 
0.114557 
0.0960623 
0.101011 
0.107037 
0.10402 
0.105941 
0.0977784 
0.0921748 
0.105024 
0.105026 
0.1095 
0.116057 
0.114052 
0.104077 
0.105552 
0.0978039 
0.0964098 
0.0884992 
0.0905579 
0.0853607 
0.0962788 
0.0949348 
0.0968214 
0.095391 
0.0923501 
0.0882191 
0.0914778 
0.0926672 
0.102136 
0.100797 
0.0838238 
0.08344 
0.0973228 
0.0985106 
0.0969811 
0.0901826 
0.0962522 
0.0904657 
0.0841082 
0.0890969 
0.0990809 
0.0812826 
0.0919083 
0.0896551 
0.0852909 
0.0811968 
0.0822606 
0.0838444 
0.0824851 
0.0882992 
0.0857453 
0.101702 
0.0919189 
0.100763 
0.0999686 
0.0974068 
0.101262 
0.109871 
0.110823 
0.110041 
0.0977482 
0.0890884 
0.0898466 
0.0964898 
0.0991634 
0.0917669 
0.0878699 
0.10144 
0.0992019 
0.0918561 
0.0930594 
0.0961435 
0.0970283 
0.101737 
0.10451 
0.090123 
0.0884936 
0.0799065 
0.0785777 
0.0791357 
0.0797355 
0.0842735 
0.0892483 
0.087227 
0.0853422 
0.0938637 
0.0859654 
0.096361 
0.101077 
0.0997814 
0.0964586 
0.0886086 
0.10094 
0.108836 
0.110336 
0.0939993 
0.0882265 
0.0900435 
0.092569 
0.0986992 
0.0907213 
0.091618 
0.091495 
0.0933445 
0.0913833 
0.0840058 
0.0889938 
0.0758749 
0.0850979 
0.08239 
0.0830349 
0.0938305 
0.0911851 
0.0909129 
0.0837085 
0.0778861 
0.0733584 
0.0747104 
0.0909703 
0.0840121 
0.0847844 
0.0940803 
0.0845845 
0.0860072 
0.0903907 
0.0875405 
0.0897488 
0.090488 
0.0887416 
0.0971013 
0.0921761 
0.0854585 
0.0766717 
0.0897261 
0.0824546 
0.0904875 
0.0841896 
0.091915 
0.0980805 
0.0967309 
0.0944506 
0.0952318 
0.0867716 
0.0879396 
0.103119 
0.0962377 
0.0972672 
0.096598 
0.094562 
0.0998766 
0.101413 
0.0895603 
0.0934897 
0.0896305 
0.0995315 
0.104295 
0.095134 
0.0880487 
0.0915676 
0.0893678 
0.0941456 
0.10026 
0.102069 
0.0929051 
0.0864964 
0.0941376 
0.0959364 
0.0938452 
0.0888164 
0.0945425 
0.0943093 
0.088087 
0.0879317 
0.0906423 
0.0854302 
0.0841702 
0.0895122 
0.081704 
0.0888944 
0.081704 
0.0902496 
0.0800728 
0.0903418 
0.0893199 
0.0858439 
0.0858245 
0.0855461 
0.0851273 
0.094213 
0.0939461 
0.093285 
0.0910155 
0.102913 
0.098802 
0.103178 
0.120421 
0.0852244 
0.0952391 
0.0964495 
0.0971458 
0.0947452 
0.0921252 
0.0977568 
0.104443 
0.0959697 
0.0911294 
0.0959236 
0.10053 
0.0999038 
0.109193 
0.107434 
0.0929877 
0.103026 
0.0989793 
0.10888 
0.0978187 
0.099637 
0.102722 
0.0867032 
0.0898669 
0.0929327 
0.0934361 
0.0955376 
0.0896297 
0.0878603 
0.0905446 
0.0833403 
0.0809287 
0.077887 
0.0806631 
0.0766297 
0.0742702 
0.0720157 
0.067199 
0.0650182 
0.0699553 
0.0757934 
0.0706557 
0.0648953 
0.0811798 
0.0832602 
0.0829173 
0.0817729 
0.0772397 
0.0830971 
0.0803418 
0.069754 
0.0858968 
0.0882215 
0.0742839 
0.0848523 
0.0802064 
0.0828696 
0.0841809 
0.080649 
0.0840418 
0.0790825 
0.0884208 
0.089654 
0.0884322 
0.0872135 
0.0817643 
0.0891294 
0.0804143 
0.0837516 
0.0757886 
0.0772004 
0.0698378 
0.0740229 
0.0826082 
0.080466 
0.0834319 
0.0884676 
0.0967803 
0.0999278 
0.0985726 
0.0930976 
0.0975838 
0.0924219 
0.0984754 
0.09301 
0.102392 
0.0965737 
0.100183 
0.101196 
0.108838 
0.105338 
0.116177 
0.112063 
0.107613 
0.0998875 
0.099679 
0.100925 
0.0943123 
0.0980208 
0.094911 
0.101428 
0.105302 
0.098545 
0.0922269 
0.0894751 
0.0924872 
0.0803932 
0.0901618 
0.0901113 
0.0910561 
0.0910022 
0.0978958 
0.101773 
0.098707 
0.108397 
0.106132 
0.0945148 
0.0908786 
0.0907711 
0.0889814 
0.0940578 
0.0877472 
0.087411 
0.0837105 
0.0881301 
0.0902318 
0.0944205 
0.0978278 
0.0985583 
0.0957235 
0.0888094 
0.0857887 
0.0903859 
0.0851476 
0.0828889 
0.0791321 
0.0815277 
0.0786636 
0.0812471 
0.0841488 
0.0907326 
0.0913591 
0.0902781 
0.0863095 
0.0895272 
0.0917867 
0.089409 
0.09422 
0.0851226 
0.086969 
0.0877497 
0.0929658 
0.0807576 
0.0846672 
0.0840562 
0.0860691 
0.0805305 
0.083126 
0.0794223 
0.0759913 
0.0729522 
0.0737396 
0.0789572 
0.0648585 
0.0599443 
0.080273 
0.0759274 
0.0723333 
0.064193 
0.0675533 
0.0654973 
0.0653181 
0.0653424 
0.0582819 
0.0614335 
0.0603031 
0.0506177 
0.0584793 
0.0542385 
0.0530712 
0.0451346 
0.0507072 
0.0503913 
0.0491606 
0.051571 
0.046446 
0.0397488 
0.0437644 
0.0498636 
0.0493247 
0.0547979 
0.052269 
0.0559985 
0.0474273 
0.0491353 
0.0507466 
0.0484212 
0.0480293 
0.0489199 
0.0508174 
0.0498461 
0.0443583 
0.0501084 
0.0472092 
0.0459626 
0.0414058 
0.0416117 
0.041177 
0.0435566 
0.0409183 
0.04157 
0.0379097 
0.0383614 
0.0390506 
0.0364224 
0.0340384 
0.0333279 
0.0328952 
0.0337055 
0.032734 
0.0314711 
0.0322275 
0.0316984 
0.0335262 
0.0341196 
0.0342158 
0.0371869 
0.0355045 
0.0354337 
0.033565 
0.0351993 
0.0381906 
0.0353812 
0.0351951 
0.0341682 
0.0430298 
0.0431036 
0.0399894 
0.0408677 
0.0439753 
0.0383137 
0.0370593 
0.0365664 
0.0373822 
0.0394843 
0.0412591 
0.04181 
0.0368555 
0.0373331 
0.0389998 
0.0369124 
0.0366032 
0.0392198 
0.034816 
0.0337657 
0.0314495 
0.0289283 
0.0354427 
0.0385047 
0.0355094 
0.034187 
0.037176 
0.0371923 
0.0310463 
0.0304167 
0.0286612 
0.0250532 
0.0261556 
0.0282638 
0.0269218 
0.0288525 
0.0257558 
0.0266938 
0.0244923 
0.0291656 
0.027895 
0.0261173 
0.0280269 
0.0276551 
0.0249661 
0.0236455 
0.0241225 
0.0257215 
0.0231567 
0.0243053 
0.023836 
0.0264584 
0.0240698 
0.0221054 
0.0220102 
0.020826 
0.0192813 
0.018076 
0.0206242 
0.0195663 
0.0215377 
0.0228726 
0.0217239 
0.021326 
0.0222838 
0.0194293 
0.0205428 
0.0207839 
0.0205471 
0.0229627 
0.0203799 
0.0183922 
0.0175045 
0.0167557 
0.0154944 
0.0187516 
0.0190119 
0.0203 
0.0170957 
0.0179884 
0.0182248 
0.0176373 
0.0176716 
0.0176827 
0.0146169 
0.0142282 
0.0135587 
0.0139641 
0.0139053 
0.0141006 
0.0139194 
0.0150278 
0.0141859 
0.0128096 
0.0121854 
0.0133967 
0.0114926 
0.0130342 
0.0124242 
0.012028 
0.0105319 
0.0111108 
0.012952 
0.0118207 
0.0136645 
0.0126298 
0.0119606 
0.0121077 
0.0136852 
0.0122173 
0.0131127 
0.0141248 
0.0140896 
0.0140215 
0.0140286 
0.0137825 
0.01236 
0.0143826 
0.0153593 
0.014 
0.0128912 
0.0126263 
0.0120635 
0.0114328 
0.0136498 
0.0124346 
0.0130006 
0.0153543 
0.0140637 
0.0157587 
0.0135171 
0.014771 
0.0150698 
0.0135581 
0.0131444 
0.0146029 
0.0151876 
0.0158289 
0.0138194 
0.0145985 
0.0128456 
0.0133574 
0.0137493 
0.0118958 
0.0134823 
0.0139028 
0.0141561 
0.0132156 
0.0125086 
0.0126675 
0.0128101 
0.0125656 
0.0134977 
0.0131218 
0.0127895 
0.0119412 
0.00884375 
0.0111725 
0.00975933 
0.00980041 
0.0107668 
0.0105476 
0.00962385 
0.0103682 
0.00916481 
0.00934992 
0.00979216 
0.0070098 
0.00778738 
0.00597207 
0.00605996 
0.00514898 
0.00403774 
0.00550462 
0.00552416 
0.00558263 
0.00577993 
0.00582385 
0.00675728 
0.0075792 
0.00643397 
0.00613698 
0.00695777 
0.00604738 
0.00565089 
0.00586692 
0.00602415 
0.00620609 
0.00513134 
0.0057664 
0.00645802 
0.00638926 
0.00654435 
0.00724461 
0.00905528 
0.00780483 
0.0078043 
0.00650935 
0.00716415 
0.00588261 
0.00554421 
0.0055787 
0.00469522 
0.00486852 
0.00438228 
0.00444812 
0.00393449 
0.00375019 
0.00356462 
0.00359362 
0.00327393 
0.00331377 
0.00325359 
0.00344833 
0.00336854 
0.00369285 
0.00366936 
0.00351535 
0.0028502 
0.00275845 
0.00368591 
0.00392573 
0.00345314 
0.00365952 
0.00377249 
0.00335334 
0.00338937 
0.00327293 
0.00284244 
0.00312106 
0.00316472 
0.00269839 
0.00286798 
0.00282665 
0.0031085 
0.0028771 
0.00300512 
0.00284033 
0.00239332 
0.0027184 
0.0027644 
0.00271004 
0.00257022 
0.00277508 
0.00300672 
0.00311719 
0.00313553 
0.00317515 
0.00303628 
0.00343757 
0.00367198 
0.00337405 
0.00389074 
0.00426502 
0.00390148 
0.00374326 
0.0039899 
0.0039795 
0.00387889 
0.00356615 
0.00368425 
0.00354634 
0.00329132 
0.00338351 
0.00317093 
0.00317386 
0.00343676 
0.00359159 
0.00365975 
0.00373291 
0.00371245 
0.00359268 
0.00356772 
0.00356675 
0.00322565 
0.00333528 
0.00374225 
0.00378054 
0.0037214 
0.00366039 
0.00374944 
0.00323702 
0.0037508 
0.00366617 
0.00370811 
0.00383212 
0.00367606 
0.00378497 
0.00376432 
0.00385996 
0.00357849 
0.0037579 
0.00348844 
0.0033375 
0.00359439 
0.0037671 
0.00378624 
0.00349333 
0.00396637 
0.00387872 
0.00428414 
0.00417685 
0.00421086 
0.00353329 
0.00377869 
0.00392309 
0.00433729 
0.00393797 
0.00425759 
0.00445233 
0.00426861 
0.00464156 
0.00442237 
0.00422358 
0.00447402 
0.00481467 
0.0043723 
0.00464922 
0.0045409 
0.00473605 
0.00423194 
0.00404908 
0.00412481 
0.00401809 
0.00419507 
0.00402377 
0.00417793 
0.00401779 
0.00455356 
0.00475739 
0.00452116 
0.00383637 
0.00412334 
0.00430596 
0.0040842 
0.00414068 
0.00435324 
0.00375232 
0.0036475 
0.0046605 
0.00515834 
0.0053039 
0.00486864 
0.00539359 
0.00538672 
0.00496428 
0.0043022 
0.00377219 
0.0044379 
0.00423152 
0.00405968 
0.00404901 
0.00385827 
0.00401698 
0.00412172 
0.00433484 
0.00411708 
0.00417767 
0.00433629 
0.00442123 
0.00461632 
0.00398857 
0.00432525 
0.00440797 
0.00452597 
0.00426786 
0.00391024 
0.00393593 
0.00411451 
0.00420953 
0.00418328 
0.00421241 
0.00412522 
0.00421932 
0.00428132 
0.0045604 
0.00463384 
0.00455711 
0.00432886 
0.00522332 
0.00511321 
0.00490952 
0.0051001 
0.00465305 
0.0051701 
0.00516244 
0.00476781 
0.00508775 
0.00532411 
0.0055895 
0.00532497 
0.00551185 
0.00505592 
0.00482459 
0.00523076 
0.00505462 
0.00518634 
0.00481501 
0.00445107 
0.00498651 
0.00435203 
0.00472656 
0.00509568 
0.00554921 
0.00535541 
0.004976 
0.0053005 
0.00519137 
0.00503978 
0.00485102 
0.00480186 
0.00491035 
0.00545372 
0.00548874 
0.0057978 
0.005321 
0.00550898 
0.00480151 
0.00540678 
0.00556656 
0.00545681 
0.00485865 
0.00567815 
0.00531559 
0.00529965 
0.00576819 
0.00578244 
0.00535379 
0.00579617 
0.00596503 
0.00572011 
0.00568835 
0.00549622 
0.00555908 
0.00536954 
0.00491506 
0.00486708 
0.00491177 
0.00507834 
0.00488419 
0.00492019 
0.00481227 
0.00472187 
0.00491584 
0.00543927 
0.00522622 
0.00559323 
0.00581661 
0.00590572 
0.00590733 
0.00551915 
0.0059148 
0.0058856 
0.00619192 
0.0058746 
0.00603504 
0.00595411 
0.00559326 
0.00594669 
0.00620869 
0.00626889 
0.00571887 
0.00598314 
0.00576352 
0.00517322 
0.00585515 
0.00524124 
0.005554 
0.00583916 
0.00619476 
0.00607315 
0.00633083 
0.00610603 
0.00584267 
0.00642096 
0.00592432 
0.005795 
0.00511265 
0.00483669 
0.00443251 
0.00398463 
0.00472147 
0.0049806 
0.00539135 
0.00500831 
0.004683 
0.00527369 
0.00559039 
0.00519098 
0.00557814 
0.00553475 
0.00540644 
0.00515037 
0.00568244 
0.00513067 
0.0051004 
0.00514706 
0.0051297 
0.00503969 
0.00499774 
0.00497108 
0.00493672 
0.00490303 
0.00463917 
0.00484888 
0.00475469 
0.00538668 
0.0052838 
0.00513954 
0.00519109 
0.00562482 
0.00506053 
0.00501338 
0.00487122 
0.00493207 
0.00510331 
0.00536203 
0.0053003 
0.00495573 
0.00478744 
0.0050942 
0.00523351 
0.00480717 
0.00475762 
0.00463028 
0.00431394 
0.0043034 
0.00438791 
0.0041025 
0.00422253 
0.00420197 
0.00403236 
0.00399501 
0.0040546 
0.00467493 
0.00404186 
0.0045592 
0.00444101 
0.00432685 
0.0039931 
0.00439085 
0.00370431 
0.00363512 
0.00351524 
0.00357029 
0.00364966 
0.00358356 
0.00340107 
0.00332081 
0.00307414 
0.00293941 
0.00262303 
0.00300293 
0.0030115 
0.00291672 
0.00329512 
0.00325552 
0.00309656 
0.00312932 
0.00298289 
0.00267888 
0.00242234 
0.00291667 
0.00334757 
0.00330371 
0.00323887 
0.00333095 
0.00344237 
0.00316175 
0.0034027 
0.00318139 
0.00294156 
0.00293258 
0.00323568 
0.00352777 
0.00321079 
0.00355425 
0.00302355 
0.00310193 
0.00305526 
0.00302881 
0.00317001 
0.00305338 
0.00309697 
0.00321367 
0.00294914 
0.00294608 
0.00308108 
0.00269352 
0.00263452 
0.00271953 
0.00285786 
0.00320451 
0.00293265 
0.00290463 
0.00334638 
0.00312894 
0.00288763 
0.00294124 
0.00320764 
0.00277176 
0.00299675 
0.00276756 
0.00271642 
0.00261593 
0.00242033 
0.00215373 
0.00220598 
0.00194805 
0.00206765 
0.0022275 
0.00230123 
0.00237753 
0.00212083 
0.00226607 
0.00192042 
0.00194962 
0.00201865 
0.00220507 
0.00197489 
0.00204012 
0.00222119 
0.00198667 
0.00223395 
0.00253154 
0.00267409 
0.00279758 
0.00274891 
0.00259287 
0.00249736 
0.00242893 
0.00222882 
0.00229224 
0.00216506 
0.00217715 
0.00210417 
0.00255777 
0.00274427 
0.00302468 
0.00350514 
0.00272715 
0.00265014 
0.00279809 
0.00299537 
0.00273565 
0.00305745 
0.0026866 
0.00256068 
0.00242846 
0.00245918 
0.00262101 
0.0030548 
0.00298036 
0.00276203 
0.00282513 
0.00318012 
0.00300773 
0.00323287 
0.00282995 
0.00294178 
0.00303452 
0.002986 
0.00282424 
0.00260234 
0.00319668 
0.00316804 
0.00348467 
0.00296277 
0.00339929 
0.00378274 
0.00416912 
0.00494185 
0.00425897 
0.00414036 
0.00460168 
0.00484791 
0.00507557 
0.00458445 
0.00445 
0.00440085 
0.00494846 
0.00476038 
0.00399716 
0.00441031 
0.00436195 
0.00431934 
0.00437184 
0.00438772 
0.0038078 
0.00357135 
0.00431164 
0.00408873 
0.00342766 
0.00330325 
0.00389055 
0.00444595 
0.00411294 
0.00395105 
0.00413286 
0.00360282 
0.00402798 
0.00378867 
0.00390295 
0.00400065 
0.00393676 
0.00363038 
0.00380337 
0.00388039 
0.00394795 
0.00417237 
0.0046402 
0.00392564 
0.0034692 
0.00351636 
0.00379845 
0.00388003 
0.00355376 
0.00362009 
0.00359448 
0.00379026 
0.00367157 
0.00350877 
0.00304805 
0.00308196 
0.002992 
0.00324338 
0.00344043 
0.00303561 
0.00320934 
0.00284567 
0.00311742 
0.00306938 
0.00327241 
0.00291203 
0.00291157 
0.00260945 
0.00255686 
0.00283274 
0.00282497 
0.00306053 
0.00297286 
0.00320933 
0.00287513 
0.00275749 
0.00265203 
0.00224934 
0.00232306 
0.00222424 
0.00198875 
0.00186225 
0.00180452 
0.00182989 
0.00199742 
0.00188724 
0.00186926 
0.00178781 
0.00170507 
0.00141301 
0.00182267 
0.00177956 
0.00169616 
0.0017967 
0.00192062 
0.00184783 
0.00205385 
0.00198905 
0.00205641 
0.0020111 
0.00198022 
0.00202906 
0.00211604 
0.00196989 
0.00190744 
0.00216119 
0.00229962 
0.00240054 
0.001895 
0.00223523 
0.00278615 
0.00285816 
0.00238864 
0.00256296 
0.00252166 
0.00247222 
0.00240687 
0.00277885 
0.0027292 
0.0027691 
0.00278874 
0.00284565 
0.00284886 
0.00255076 
0.00262283 
0.00279485 
0.00263399 
0.00290478 
0.00287743 
0.00280855 
0.00279314 
0.00290551 
0.00291711 
0.00297595 
0.00313712 
0.00357025 
0.00297712 
0.00286552 
0.003168 
0.00280314 
0.00280853 
0.00334755 
0.00326252 
0.00313107 
0.00306197 
0.00295861 
0.00285325 
0.00271271 
0.0028076 
0.00286997 
0.00270327 
0.0022915 
0.00239395 
0.00242308 
0.00246842 
0.00230499 
0.00232099 
0.00203883 
0.00213488 
0.00202967 
0.002048 
0.00194246 
0.00215219 
0.00209772 
0.00232362 
0.00232474 
0.00237019 
0.00208802 
0.00251941 
0.00267749 
0.00273251 
0.00226965 
0.00245374 
0.00283932 
0.00242185 
0.00260386 
0.00229981 
0.00242101 
0.00237007 
0.00262276 
0.00271659 
0.00259696 
0.00232967 
0.00248165 
0.00243362 
0.00240961 
0.00229955 
0.00243851 
0.00241505 
0.00232331 
0.00219109 
0.00208136 
0.00208717 
0.00207093 
0.00209085 
0.00180604 
0.00181739 
0.00180807 
0.00179015 
0.00192379 
0.00201882 
0.0018202 
0.00180674 
0.0015489 
0.00163744 
0.00152128 
0.00156369 
0.00151175 
0.00154572 
0.00157327 
0.0014898 
0.0012632 
0.00148917 
0.00157288 
0.00166273 
0.00148833 
0.0013957 
0.00134331 
0.00150379 
0.00151049 
0.00160136 
0.00143976 
0.00149196 
0.001435 
0.00131414 
0.00133258 
0.00149328 
0.00161562 
0.00148134 
0.00152838 
0.00162288 
0.00182072 
0.00188139 
0.00190106 
0.00192002 
0.00207807 
0.00200373 
0.00224245 
0.00232202 
0.00279607 
0.0031389 
0.00323489 
0.00339371 
0.00297772 
0.00285871 
0.00292848 
0.00265652 
0.00244652 
0.00260133 
0.0023965 
0.00253801 
0.00221874 
0.00251733 
0.00210333 
0.00223129 
0.00212799 
0.00249259 
0.00205358 
0.00213497 
0.002279 
0.00227098 
0.00257599 
0.00255266 
0.0022963 
0.00245048 
0.00234405 
0.00213271 
0.00194202 
0.00180035 
0.00190243 
0.00176066 
0.00153031 
0.00139574 
0.00139143 
0.00147475 
0.00134966 
0.0014441 
0.00157553 
0.00171425 
0.00148532 
0.00145823 
0.00172754 
0.00183075 
0.0015546 
0.0014806 
0.00155408 
0.00178807 
0.00171985 
0.0017105 
0.00181662 
0.002026 
0.00209862 
0.00197121 
0.00230672 
0.00231526 
0.00207338 
0.00204627 
0.00223504 
0.00204799 
0.0019308 
0.00146964 
0.00157813 
0.0014766 
0.00136445 
0.00187477 
0.00168661 
0.00220675 
0.00255481 
0.00324461 
0.00312209 
0.00327516 
0.00345002 
0.00324581 
0.00387389 
0.00342135 
0.00315177 
0.00320681 
0.00350148 
0.00294331 
0.00359529 
0.00384035 
0.00339504 
0.00291332 
0.0027167 
0.00287964 
0.00350663 
0.00349449 
0.00327706 
0.00310254 
0.00314244 
0.00317651 
0.00328831 
0.00343696 
0.00327619 
0.00306137 
0.00378353 
0.00358565 
0.00332823 
0.00385893 
0.00426268 
0.00444933 
0.00403601 
0.00397771 
0.00343454 
0.00456817 
0.0035609 
0.00394755 
0.00331289 
0.0026282 
0.00310971 
0.00333968 
0.00332998 
0.00301502 
0.00252414 
0.00205093 
0.00232354 
0.0022876 
0.00230375 
0.00212431 
0.0023707 
0.00236782 
0.00232162 
0.00192083 
0.00168894 
0.00137807 
0.00160766 
0.00142177 
0.00151099 
0.00230528 
0.00203423 
0.00206557 
0.00198552 
0.00241105 
0.00257858 
0.00328152 
0.00241278 
0.00191671 
0.00154351 
0.0015476 
0.00157823 
0.00200987 
0.00206807 
0.00252337 
0.00310543 
0.00405454 
0.0039994 
0.00416709 
0.00411501 
0.00389284 
0.00399753 
0.00396312 
0.0038506 
0.00358931 
0.00390077 
0.00500458 
0.00461591 
0.00518895 
0.00426708 
0.00351249 
0.00476951 
0.00424474 
0.00482116 
0.00530854 
0.00536681 
0.004855 
0.00383472 
0.00441835 
0.00444283 
0.00469093 
0.00499285 
0.00395225 
0.00350582 
0.00309621 
0.00351014 
0.00325736 
0.0031961 
0.0029864 
0.00284155 
0.00272079 
0.002668 
0.00276661 
0.00291081 
0.0029026 
0.00263901 
0.0021906 
0.00213748 
0.00235532 
0.00273892 
0.00328838 
0.00309266 
0.00378496 
0.00297579 
0.00329169 
0.00341302 
0.00365419 
0.00309787 
0.00315601 
0.00292196 
0.0025959 
0.0030892 
0.00253323 
0.00240357 
0.0026333 
0.00262058 
0.00230143 
0.00289974 
0.00307962 
0.00236023 
0.00189254 
0.00252717 
0.00178487 
0.00150743 
0.00141304 
0.00163534 
0.00143742 
0.00119265 
0.00120477 
0.000813417 
0.000893598 
0.000833996 
0.000971945 
0.00090507 
0.000709501 
0.000786932 
0.000652838 
0.00071553 
0.000698714 
0.000778278 
0.00066307 
0.000562071 
0.000620436 
0.000564413 
0.000570347 
0.000520481 
0.000457138 
0.000437721 
0.000406323 
0.000443336 
0.000435523 
0.000463741 
0.000536098 
0.000548593 
0.00058995 
0.000627652 
0.000680414 
0.000626269 
0.000589567 
0.000661013 
0.000644669 
0.000580553 
0.000569112 
0.00052333 
0.000584377 
0.000506226 
0.000655235 
0.000676473 
0.000654062 
0.000744308 
0.000918808 
0.000978775 
0.00127467 
0.00138186 
0.00118114 
0.00150961 
0.00176769 
0.00177215 
0.0017381 
0.00164302 
0.00168035 
0.00132494 
0.00138065 
0.000718713 
0.000901769 
0.000925786 
0.000880379 
0.000932191 
0.00118796 
0.00119613 
0.00127358 
0.00133178 
0.00141445 
0.00125781 
0.00143917 
0.00137036 
0.00135177 
0.00130212 
0.00109311 
0.00159018 
0.00180253 
0.00173348 
0.00190867 
0.00212773 
0.00190518 
0.00210526 
0.00193623 
0.00206413 
0.00201862 
0.00184017 
0.00176457 
0.00158803 
0.00198834 
0.00185762 
0.00224445 
0.00216231 
0.00190152 
0.00236055 
0.00275828 
0.00281052 
0.0033526 
0.0035808 
0.00348893 
0.00277692 
0.00202937 
0.00284291 
0.00315675 
0.00326586 
0.00321969 
0.00254836 
0.00252908 
0.0031377 
0.00282969 
0.00283383 
0.00308745 
0.00291064 
0.00283446 
0.00253616 
0.0020789 
0.00181613 
0.00153861 
0.00135419 
0.00127346 
0.00100165 
0.00120289 
0.00175866 
0.00200725 
0.00140505 
0.00161666 
0.00127887 
0.00129753 
0.00135829 
0.00132342 
0.00140017 
0.00127042 
0.000927175 
0.000589958 
0.000621752 
0.00100936 
0.00115975 
0.00082227 
0.000892368 
0.00096143 
0.000705399 
0.000910223 
0.00100736 
0.00140009 
0.00190922 
0.00170476 
0.00177177 
0.00203663 
0.00159841 
0.00164424 
0.00177246 
0.00187082 
0.00197206 
0.00176057 
0.00176415 
0.00200534 
0.00228658 
0.00240287 
0.0026073 
0.00277226 
0.00272288 
0.00292633 
0.00243453 
0.00219765 
0.00196554 
0.00223605 
0.00251621 
0.00226929 
0.00213746 
0.00199596 
0.00175776 
0.00164773 
0.0019654 
0.00200569 
0.00230981 
0.002395 
0.00235303 
0.00238364 
0.002294 
0.00190304 
0.00170259 
0.0012834 
0.00195375 
0.00210889 
0.00214151 
0.00222034 
0.00207902 
0.00263233 
0.00240852 
0.00275306 
0.00268157 
0.00271508 
0.00233978 
0.00225732 
0.00177001 
0.0015906 
0.0016344 
0.00188725 
0.00217877 
0.00144626 
0.00195176 
0.00244765 
0.00224524 
0.00220277 
0.00192493 
0.00184533 
0.00183663 
0.00238582 
0.00306361 
0.00282136 
0.00241066 
0.00241981 
0.00285819 
0.00245234 
0.00264639 
0.00207853 
0.00174799 
0.00169002 
0.00151843 
0.00137041 
0.0015873 
0.00145169 
0.00182153 
0.00201863 
0.00178831 
0.00180604 
0.00253173 
0.0025315 
0.00204858 
0.00230813 
0.00229706 
0.00295707 
0.00299861 
0.0029013 
0.00302518 
0.00279876 
0.00379831 
0.0034614 
0.00422396 
0.00364202 
0.00376669 
0.00384883 
0.0039636 
0.0046867 
0.00453664 
0.00406258 
0.00322926 
0.00382382 
0.00376964 
0.00492476 
0.00499693 
0.00435636 
0.00506043 
0.00492065 
0.00484694 
0.00431483 
0.00532096 
0.00460571 
0.00515114 
0.00461713 
0.00502288 
0.00444332 
0.00482187 
0.00420209 
0.00374082 
0.00351373 
0.00382367 
0.00366465 
0.00419737 
0.00515009 
0.00557161 
0.00490061 
0.00576902 
0.00616169 
0.00470926 
0.00447896 
0.0046784 
0.00426971 
0.00446687 
0.00512314 
0.00553229 
0.00560029 
0.00640878 
0.00613671 
0.00623111 
0.00662379 
0.00603817 
0.00651053 
0.00678712 
0.00705521 
0.00685312 
0.00656875 
0.00654681 
0.00631612 
0.00612654 
0.00660144 
0.00659118 
0.00636431 
0.00548653 
0.00595833 
0.00621675 
0.00765933 
0.00871403 
0.00771752 
0.00747481 
0.00810528 
0.00829831 
0.00809373 
0.00770601 
0.00681182 
0.00674126 
0.00780102 
0.00705869 
0.00646824 
0.00677867 
0.00666089 
0.00760971 
0.00845824 
0.00753395 
0.00815395 
0.00797018 
0.00783542 
0.00849869 
0.00826571 
0.0075362 
0.00759868 
0.00801858 
0.00748811 
0.0069886 
0.00737841 
0.00704478 
0.00751818 
0.00861856 
0.00803409 
0.00683489 
0.00706154 
0.00608981 
0.00597946 
0.00461551 
0.00418063 
0.00547816 
0.00583822 
0.00517648 
0.00548944 
0.00537002 
0.00547585 
0.00602456 
0.00533431 
0.00514932 
0.00457164 
0.00398938 
0.00388172 
0.00411316 
0.00419147 
0.00423463 
0.00389785 
0.00391311 
0.00360251 
0.00359032 
0.00316213 
0.00337271 
0.00383474 
0.00341123 
0.00343329 
0.00396476 
0.00390243 
0.00366643 
0.00343879 
0.00339342 
0.00441691 
0.00456997 
0.00473462 
0.00466492 
0.00352114 
0.00368433 
0.00369423 
0.00362517 
0.00369225 
0.00283647 
0.00331745 
0.00329213 
0.0026741 
0.00272978 
0.00307828 
0.0031269 
0.00296013 
0.0034575 
0.00359172 
0.00382796 
0.00392302 
0.0041943 
0.00419271 
0.00421449 
0.00414014 
0.00441985 
0.00503536 
0.00464831 
0.00380809 
0.00394879 
0.00424853 
0.00440566 
0.0047009 
0.00592774 
0.00579763 
0.00586654 
0.00708247 
0.00675422 
0.00588567 
0.0066445 
0.00637189 
0.00686491 
0.00619783 
0.00703294 
0.00643765 
0.00712113 
0.00656468 
0.00596698 
0.0062581 
0.00670692 
0.00625924 
0.00550008 
0.00543605 
0.00581603 
0.00562577 
0.00524199 
0.00432397 
0.00457756 
0.00481594 
0.00432664 
0.00406012 
0.00407675 
0.00364677 
0.00364964 
0.00414618 
0.00321588 
0.00349867 
0.00276384 
0.00245368 
0.0030758 
0.00261852 
0.00257464 
0.00255261 
0.00332052 
0.00286967 
0.00212788 
0.00189739 
0.00194178 
0.00229037 
0.00225013 
0.00257282 
0.00247096 
0.0021249 
0.00194573 
0.0021697 
0.0020314 
0.00219601 
0.0023121 
0.00258928 
0.0020831 
0.00168241 
0.00204545 
0.00223419 
0.0018303 
0.00300527 
0.00327412 
0.00391242 
0.00493881 
0.00429499 
0.00438208 
0.00355615 
0.00329259 
0.00286005 
0.00353695 
0.00337283 
0.00360345 
0.0051166 
0.00636565 
0.00585797 
0.00657125 
0.0058551 
0.00446978 
0.00459442 
0.00471541 
0.00456583 
0.00596223 
0.00489061 
0.00456793 
0.00455935 
0.00359937 
0.00252188 
0.00187057 
0.00211382 
0.00216968 
0.00244292 
0.00210621 
0.00267674 
0.00240266 
0.00212676 
0.00158836 
0.00164784 
0.00128349 
0.00114765 
0.000811723 
0.000678448 
0.000668602 
0.000679624 
0.000883745 
0.000591399 
0.000747367 
0.00095771 
0.00097342 
0.00115673 
0.000869912 
0.000919449 
0.00097815 
0.00122289 
0.00109906 
0.00115102 
0.000832789 
0.00112 
0.00113596 
0.00134288 
0.00109126 
0.000851368 
0.000642492 
0.000638765 
0.000612575 
0.000559221 
0.000460787 
0.000320909 
0.000219909 
0.000187824 
0.00012563 
0.000130098 
0.000155474 
0.000168057 
0.000172708 
0.000167312 
0.000154306 
0.000164494 
0.000163612 
0.000115759 
0.000114471 
0.000109124 
0.000122036 
0.000108255 
9.57842e-05 
0.000103391 
0.00010304 
0.000116373 
0.000117206 
0.000139238 
0.00011096 
0.000116588 
0.000127156 
0.000156573 
0.000154289 
0.000159632 
0.000150082 
0.00017121 
0.000152713 
0.00013771 
0.000147892 
0.000136422 
0.000242153 
0.00058439 
0.00051429 
0.000613726 
0.000554295 
0.000492607 
0.000718803 
0.000744324 
0.00071266 
0.000470728 
0.00024416 
0.000243876 
0.000363032 
0.000233741 
0.000266461 
0.000275659 
0.000288383 
0.000286794 
0.000274343 
0.000281016 
0.000251384 
0.000259478 
0.000262399 
0.000281932 
0.000256496 
0.000276058 
0.000262284 
0.000257026 
0.000243833 
0.000228251 
0.000199717 
0.000201358 
0.000196774 
0.000206356 
0.000249446 
0.000248221 
0.000225117 
0.000228589 
0.000233203 
0.000230204 
0.000250618 
0.000245063 
0.000228442 
0.000229113 
0.00027842 
0.000239837 
0.000262651 
0.000263525 
0.000275566 
0.000243035 
0.000259477 
0.000300822 
0.000271071 
0.000227564 
0.000200829 
0.000213147 
0.000209312 
0.000223914 
0.000214343 
0.000222494 
0.000218147 
0.000228786 
0.000273115 
0.000280266 
0.000281697 
0.000247763 
0.000269222 
0.000281366 
0.000277159 
0.000274612 
0.000313684 
0.000262019 
0.000246408 
0.000259523 
0.000270152 
0.000249293 
0.000218321 
0.000247586 
0.000237381 
0.000257329 
0.0002297 
0.000187683 
0.000161024 
0.00012761 
0.000155682 
0.000150446 
0.000148481 
0.00015279 
0.000152215 
0.000144138 
0.000111566 
0.00013319 
0.000131378 
9.97017e-05 
0.000101006 
0.000106045 
0.000208125 
0.000284922 
0.000195708 
0.000207808 
0.000130313 
0.000152378 
0.000159878 
0.00011295 
0.000132516 
0.000112451 
9.65119e-05 
9.16218e-05 
0.000105366 
7.99782e-05 
9.57157e-05 
0.000105686 
0.000101709 
0.000102868 
9.30235e-05 
9.7994e-05 
9.23165e-05 
8.26326e-05 
9.51459e-05 
9.45655e-05 
0.000117163 
0.000125816 
8.38349e-05 
0.00011048 
0.000127556 
0.000158705 
0.000175691 
0.000220406 
0.000353957 
0.00039035 
0.000387291 
0.000334923 
0.00034516 
0.000337862 
0.000309553 
0.000347643 
0.000400197 
0.000417216 
0.000465827 
0.000504969 
0.000486969 
0.000518628 
0.000478592 
0.000505428 
0.000446392 
0.000580619 
0.000606814 
0.000635159 
0.000464288 
0.000500532 
0.000436118 
0.000519626 
0.000553821 
0.000584822 
0.000549242 
0.000561015 
0.000533665 
0.000501674 
0.000544428 
0.000544367 
0.000601258 
0.000666245 
0.000575874 
0.000503052 
0.000520353 
0.000460405 
0.000505754 
0.000738028 
0.000669897 
0.000611214 
0.000777835 
0.000777879 
0.00080668 
0.000713112 
0.000694218 
0.000951546 
0.000979776 
0.000811561 
0.000767576 
0.000881551 
0.00110366 
0.000936685 
0.00108288 
0.00099351 
0.00102398 
0.00106633 
0.00108834 
0.000982008 
0.000847296 
0.000972856 
0.000902332 
0.00125176 
0.00111912 
0.00123205 
0.00138759 
0.00147365 
0.00143435 
0.00145232 
0.00163717 
0.00162613 
0.00146103 
0.00114286 
0.00121218 
0.00134136 
0.00145563 
0.00127675 
0.00133139 
0.00147784 
0.00123366 
0.0012651 
0.00123526 
0.0013365 
0.0013926 
0.00132505 
0.00140694 
0.00151324 
0.00148032 
0.00142972 
0.00141139 
0.00149316 
0.0013358 
0.00147403 
0.00146881 
0.00139516 
0.00133026 
0.00177517 
0.00175908 
0.00205538 
0.0024212 
0.00204426 
0.00236395 
0.00177302 
0.0016157 
0.00143387 
0.00141004 
0.00159667 
0.00155594 
0.00166677 
0.00163181 
0.00155034 
0.00161389 
0.00145801 
0.00165225 
0.00173664 
0.00165797 
0.00165911 
0.00190525 
0.00184885 
0.00194554 
0.00203512 
0.00185217 
0.00182878 
0.0019098 
0.00192333 
0.00186722 
0.00194333 
0.00186465 
0.00186634 
0.00161952 
0.00162149 
0.00163698 
0.00157385 
0.00141213 
0.00139941 
0.0014635 
0.00143216 
0.00134911 
0.0013263 
0.00131095 
0.0011752 
0.00118328 
0.00102073 
0.00102938 
0.000858011 
0.000977135 
0.00083459 
0.000899258 
0.000984029 
0.000984778 
0.000851935 
0.000952861 
0.000903871 
0.00101852 
0.00111447 
0.00122233 
0.00143648 
0.00140771 
0.00149239 
0.00156617 
0.00134597 
0.00158821 
0.001638 
0.00157184 
0.00154616 
0.00129161 
0.00143471 
0.00145345 
0.00149033 
0.00155623 
0.00164827 
0.00169447 
0.00174376 
0.0015161 
0.00172296 
0.00166803 
0.00189748 
0.00159787 
0.00158107 
0.001542 
0.00139215 
0.00136831 
0.00139426 
0.00136828 
0.00142862 
0.00154534 
0.00151435 
0.00134114 
0.00099365 
0.000955545 
0.00108208 
0.000923717 
0.000772606 
0.000581728 
0.00060964 
0.000781688 
0.000593438 
0.000616416 
0.00046735 
0.000482384 
0.000442021 
0.000435066 
0.000519038 
0.000472313 
0.000515622 
0.000454867 
0.000522305 
0.000463839 
0.000387772 
0.000408187 
0.00060129 
0.000618692 
0.0004473 
0.000429351 
0.000454399 
0.000551779 
0.000585073 
0.000595614 
0.000636661 
0.000681736 
0.000492016 
0.00038596 
0.000481779 
0.000628717 
0.000554473 
0.000558375 
0.000664195 
0.000688188 
0.000602319 
0.000599466 
0.000634454 
0.000563601 
0.000525606 
0.000379866 
0.000412737 
0.000363739 
0.000350599 
0.000324528 
0.000325507 
0.000324026 
0.000289981 
0.000363249 
0.000358909 
0.000348516 
0.000335398 
0.000391676 
0.000487913 
0.000464992 
0.000478265 
0.000406855 
0.000387869 
0.000346108 
0.000286124 
0.000350252 
0.000313654 
0.000342778 
0.000294132 
0.0002992 
0.000296931 
0.000240877 
0.000299863 
0.000238162 
0.000181497 
0.000194635 
0.000208914 
0.000182031 
0.000162491 
0.000153141 
0.000167991 
0.000172588 
0.000188197 
0.000191171 
0.000176193 
0.000156198 
0.000127472 
0.000105993 
0.000108461 
0.00013427 
0.000131464 
0.000130429 
0.000114979 
0.000125596 
0.000119977 
0.000123407 
0.000197551 
0.000163662 
0.000200598 
0.000304029 
0.000296 
0.000356545 
0.000186468 
0.000123028 
0.000132868 
0.000119238 
0.000129157 
0.000134386 
0.000132524 
0.000122671 
0.000101389 
0.000110023 
0.000128359 
0.000106691 
0.000116194 
0.000123208 
0.000120893 
0.00014396 
0.000145078 
0.000136342 
0.000159661 
0.000166568 
0.000184432 
0.000207825 
0.000231506 
0.000233405 
0.000236854 
0.000220621 
0.000212544 
0.000199012 
0.000199255 
0.000200952 
0.00021114 
0.000237069 
0.000244645 
0.000271743 
0.00027392 
0.000300581 
0.000290262 
0.000292947 
0.000311613 
0.000323871 
0.00031012 
0.000447642 
0.000362192 
0.000299227 
0.000274139 
0.000261565 
0.000260187 
0.000200317 
0.000170281 
0.000186732 
0.000192982 
0.000193677 
0.000169075 
0.000189097 
0.000202907 
0.000215272 
0.000246584 
0.000248146 
0.000390765 
0.000278171 
0.000324046 
0.000319243 
0.000280542 
0.000214924 
0.000203609 
0.000232764 
0.00022723 
0.000216125 
0.000195416 
0.000214937 
0.000220314 
0.0001952 
0.000206851 
0.000189592 
0.000174801 
0.000170975 
0.000182354 
0.000190758 
0.000176976 
0.000174387 
0.000205142 
0.000208121 
0.000216728 
0.000215148 
0.00021615 
0.000241428 
0.000210933 
0.000185199 
0.000219442 
0.000210588 
0.000241313 
0.000200112 
0.000250146 
0.000234718 
0.000226612 
0.000258032 
0.000271353 
0.000287608 
0.000283689 
0.000360885 
0.000327553 
0.000363913 
0.00031247 
0.000358572 
0.000346149 
0.000336885 
0.000290863 
0.000252728 
0.000258954 
0.000276239 
0.000246915 
0.000245897 
0.000180821 
0.000211058 
0.000110629 
0.000132083 
0.00015523 
0.000232777 
0.000435063 
0.000300172 
0.000227609 
0.00036533 
0.00055637 
0.000527808 
0.000718822 
0.000447595 
0.000517872 
0.000554613 
0.000569255 
0.000542017 
0.000734081 
0.000585655 
0.000348968 
0.000395891 
0.000350966 
0.000204785 
0.000149687 
0.000188872 
0.000200462 
0.000170171 
0.000190859 
0.000175487 
0.000148731 
0.000126526 
0.000107858 
8.84642e-05 
0.000126548 
0.000119135 
0.000135772 
0.000167036 
0.00016328 
0.000183145 
0.000166307 
0.000160477 
0.000148683 
0.000147766 
0.0001099 
0.000104831 
0.000125924 
0.000145035 
0.000119263 
0.000108679 
0.000105076 
0.000132097 
0.000125033 
8.02608e-05 
8.05207e-05 
9.30992e-05 
0.000106103 
0.000109749 
0.000164875 
0.000270248 
0.000389116 
0.000302131 
0.00010863 
9.5826e-05 
0.00010137 
8.71334e-05 
8.73525e-05 
9.36936e-05 
8.98247e-05 
8.92918e-05 
0.00010026 
9.33299e-05 
0.000101039 
0.000104621 
9.90658e-05 
0.00016056 
0.000171562 
0.0001074 
0.000115331 
0.000111744 
9.86925e-05 
0.000100269 
0.00010582 
8.26415e-05 
8.59025e-05 
9.419e-05 
9.50066e-05 
9.16242e-05 
8.38385e-05 
0.000122908 
0.000116791 
9.32203e-05 
9.97869e-05 
0.000109455 
0.000150669 
0.000122133 
0.000114502 
0.000105383 
0.000122365 
0.000117242 
0.000141439 
0.000176333 
0.000156974 
0.000159687 
0.000183196 
0.000158118 
0.000158258 
0.000158366 
0.000197567 
0.000246015 
0.000241054 
0.000209703 
0.000234606 
0.000253361 
0.000272897 
0.000295404 
0.000268916 
0.000279947 
0.000279681 
0.000281103 
0.000252315 
0.000207936 
0.000222078 
0.000226944 
0.000225961 
0.00019827 
0.000187726 
0.000225498 
0.000247927 
0.000264822 
0.000266776 
0.000269259 
0.000296305 
0.000310237 
0.000262062 
0.000243173 
0.000194154 
0.00020624 
0.000190937 
0.000175446 
0.000147949 
0.000143481 
0.000114323 
0.000119971 
7.91777e-05 
0.000263511 
0.000231376 
0.000456793 
0.000506377 
0.000389272 
0.000435656 
0.000237774 
0.000162832 
0.00015454 
0.000214938 
0.000262094 
0.000220279 
0.000273704 
0.00030945 
0.000258823 
0.000297443 
0.000324326 
0.000402512 
0.000322976 
0.000358608 
0.000370538 
0.000466869 
0.0004619 
0.00046703 
0.000569056 
0.000578663 
0.000540026 
0.000406749 
0.000415998 
0.000423952 
0.000318431 
0.000357924 
0.000378884 
0.000417384 
0.000440484 
0.000428989 
0.00047195 
0.000417269 
0.00061897 
0.000540481 
0.000538576 
0.000593378 
0.000708717 
0.000748611 
0.000662209 
0.000583762 
0.000684849 
0.000752997 
0.000614374 
0.00057483 
0.000694465 
0.000679077 
0.00066021 
0.000672683 
0.00102602 
0.000997235 
0.00131287 
0.00131294 
0.00149377 
0.00174154 
0.00206282 
0.00272279 
0.00373723 
0.00339033 
0.00352191 
0.00515951 
0.00420174 
0.00534594 
0.00617215 
0.00721564 
0.00702682 
0.006652 
0.00587508 
0.00621885 
0.00619003 
0.00562933 
0.00439426 
0.00425061 
0.00495734 
0.00464051 
0.00357389 
0.00400062 
0.00371335 
0.00338442 
0.00364328 
0.00310552 
0.00257953 
0.00218597 
0.00229688 
0.00227986 
0.00242794 
0.00259237 
0.00243157 
0.00351153 
0.00286263 
0.00257612 
0.00191489 
0.00206728 
0.00217421 
0.00218029 
0.00203199 
0.00203606 
0.00216044 
0.00209274 
0.00239943 
0.00237944 
0.00260454 
0.00243966 
0.00213062 
0.00194354 
0.0022253 
0.00233853 
0.00308785 
0.00331284 
0.00425316 
0.0054885 
0.00656997 
0.00525353 
0.00604669 
0.00627095 
0.00535897 
0.00539577 
0.00535816 
0.0045235 
0.00435048 
0.00358375 
0.00305945 
0.00288155 
0.00210138 
0.00250993 
0.00201803 
0.00136222 
0.00116723 
0.0010162 
0.000968004 
0.000933659 
0.00104286 
0.00081899 
0.000772532 
0.000690301 
0.000765127 
0.000717809 
0.000729143 
0.000811104 
0.000864334 
0.000799653 
0.000736755 
0.000857606 
0.000852128 
0.000786723 
0.000791728 
0.000662432 
0.000687481 
0.00074913 
0.000633197 
0.000691692 
0.00066827 
0.00058783 
0.000568941 
0.000628913 
0.000844009 
0.00100783 
0.000950425 
0.00129212 
0.000748769 
0.00061731 
0.000758596 
0.000575465 
0.000549624 
0.000589583 
0.000551771 
0.000510641 
0.000606198 
0.000632917 
0.000582296 
0.000563184 
0.000480979 
0.000454787 
0.000499657 
0.000528374 
0.000533536 
0.000567893 
0.000546622 
0.000570957 
0.000493661 
0.000447632 
0.000366416 
0.000384149 
0.000326407 
0.000354984 
0.000377185 
0.000348558 
0.000259595 
0.000315405 
0.000317766 
0.000338941 
0.000300289 
0.000268661 
0.000286032 
0.000291478 
0.000271722 
0.000323635 
0.000263312 
0.000291338 
0.000325923 
0.000278887 
0.000310768 
0.000329893 
0.000311164 
0.000322736 
0.000397666 
0.000487753 
0.000469325 
0.000507885 
0.000431714 
0.000495497 
0.000528624 
0.00048006 
0.000393452 
0.000352132 
0.000327268 
0.000337128 
0.000279445 
0.000303391 
0.000332244 
0.000386733 
0.000406121 
0.000404639 
0.000420922 
0.000397485 
0.00048988 
0.00054133 
0.000415421 
0.000449354 
0.000442753 
0.000440878 
0.000397619 
0.00047305 
0.000500725 
0.000466797 
0.000357308 
0.000551415 
0.000614925 
0.000617875 
0.000684618 
0.000628257 
0.000648547 
0.000806114 
0.000725301 
0.000605162 
0.000467585 
0.000653959 
0.000820704 
0.00060482 
0.000781639 
0.000653685 
0.000681877 
0.00063149 
0.000699988 
0.000733079 
0.000714807 
0.000645043 
0.000528186 
0.000536915 
0.0006412 
0.000597332 
0.000586227 
0.000733571 
0.000725124 
0.000727795 
0.00067821 
0.000662416 
0.000672556 
0.000746753 
0.000692453 
0.000609906 
0.000479517 
0.000531591 
0.000582932 
0.000536179 
0.000537067 
0.000454606 
0.000510146 
0.000494188 
0.000578567 
0.00051049 
0.000538998 
0.000420334 
0.000291687 
0.000283707 
0.00026658 
0.000314553 
0.0003531 
0.000350325 
0.000335197 
0.000373461 
0.000364116 
0.00031681 
0.00027324 
0.0002824 
0.000289393 
0.00029417 
0.000283629 
0.000390551 
0.000388027 
0.000343761 
0.000336296 
0.000346997 
0.0004077 
0.000388888 
0.00041077 
0.000418157 
0.000413205 
0.000419229 
0.000457478 
0.000459684 
0.000527337 
0.000561197 
0.000537107 
0.000528903 
0.000566725 
0.00055827 
0.000517648 
0.000487878 
0.00053782 
0.000526742 
0.000586923 
0.000571366 
0.000520329 
0.000572557 
0.00059989 
0.000552268 
0.00060813 
0.000604585 
0.000761801 
0.000730845 
0.000706765 
0.000728464 
0.00067988 
0.000606004 
0.00068869 
0.000599437 
0.000681766 
0.00102413 
0.00104591 
0.000925058 
0.0012703 
0.00116937 
0.00182234 
0.00155106 
0.00140532 
0.00146494 
0.00162426 
0.00148132 
0.00157201 
0.00188826 
0.00179071 
0.00171084 
0.00169951 
0.00139609 
0.00149168 
0.00157671 
0.00152398 
0.00147037 
0.00124628 
0.0013719 
0.00123919 
0.00104672 
0.00101831 
0.000892198 
0.000809946 
0.000772878 
0.000870148 
0.000744841 
0.000691859 
0.000733389 
0.000826094 
0.000816375 
0.00078916 
0.000801048 
0.000715135 
0.000558459 
0.000475882 
0.000511286 
0.000446891 
0.000524675 
0.000601018 
0.000682554 
0.000670023 
0.000756425 
0.000786357 
0.000746589 
0.000718013 
0.000734595 
0.000524382 
0.000529356 
0.000536819 
0.000485935 
0.000509057 
0.000493188 
0.000426965 
0.000473034 
0.000465854 
0.00044707 
0.000503186 
0.000559746 
0.000568416 
0.000590708 
0.000562204 
0.00049402 
0.000495473 
0.000526872 
0.000528003 
0.000558474 
0.000660403 
0.000882318 
0.000491203 
0.000488722 
0.000541426 
0.000707622 
0.000604629 
0.000502882 
0.0005228 
0.000417493 
0.000474945 
0.000491618 
0.000502401 
0.000545554 
0.000488835 
0.000407789 
0.00046592 
0.000620136 
0.000596494 
0.00052827 
0.000522201 
0.000530209 
0.000574778 
0.000675629 
0.000780123 
0.000674465 
0.00060167 
0.00057801 
0.00059894 
0.000542549 
0.000456407 
0.000456175 
0.000452096 
0.000506861 
0.000531297 
0.000407153 
0.000426931 
0.000390289 
0.000398206 
0.000417257 
0.00038579 
0.00038505 
0.000408101 
0.000406181 
0.000393481 
0.000459424 
0.000473598 
0.000465376 
0.000453527 
0.000483832 
0.000507909 
0.000499812 
0.000504436 
0.000539261 
0.000574739 
0.000534221 
0.000538877 
0.00052474 
0.00050275 
0.000481445 
0.000462011 
0.000477992 
0.000428457 
0.000419054 
0.000410655 
0.000421018 
0.000425103 
0.000468953 
0.00048944 
0.000489936 
0.000587608 
0.00058665 
0.000535321 
0.000520096 
0.000479584 
0.000427689 
0.000400515 
0.000418449 
0.000420837 
0.000433678 
0.000437473 
0.000447403 
0.000471096 
0.000604665 
0.000562926 
0.000658094 
0.000597407 
0.000666836 
0.000652173 
0.000710813 
0.000684931 
0.000794448 
0.000946714 
0.00102172 
0.00111789 
0.00139978 
0.00141347 
0.00176208 
0.00166249 
0.00178077 
0.00206395 
0.00189541 
0.00178492 
0.00149649 
0.0012886 
0.00120103 
0.00136944 
0.00133219 
0.00143186 
0.00134419 
0.00123247 
0.00126134 
0.00127046 
0.00104312 
0.00117851 
0.00106901 
0.00116375 
0.00104623 
0.00147016 
0.0011063 
0.00149123 
0.00173718 
0.00121927 
0.00116415 
0.00131365 
0.000927132 
0.000961121 
0.000881708 
0.000880787 
0.00111179 
0.000927781 
0.000959895 
0.00119085 
0.00109278 
0.00110169 
0.00084874 
0.00102408 
0.00108261 
0.00107197 
0.000900803 
0.000824245 
0.000927026 
0.000908212 
0.000764277 
0.000785037 
0.000589762 
0.000606014 
0.000620377 
0.000801121 
0.000791603 
0.00058734 
0.000518387 
0.000560248 
0.000491594 
0.000519525 
0.000611072 
0.000638611 
0.000589996 
0.000456942 
0.000463469 
0.000425682 
0.000432058 
0.000406688 
0.000378274 
0.000384461 
0.000385263 
0.000369701 
0.000381499 
0.000402298 
0.000396383 
0.000384599 
0.000397553 
0.000375468 
0.000402946 
0.000354853 
0.000354021 
0.00030191 
0.000302601 
0.000306726 
0.000298695 
0.000299881 
0.000287656 
0.000320657 
0.000275497 
0.00031282 
0.000311517 
0.000334276 
0.000361661 
0.000352138 
0.000341987 
0.000369473 
0.000383764 
0.000365566 
0.000399698 
0.000397741 
0.000391937 
0.000355756 
0.000323479 
0.000330121 
0.000330546 
0.000313196 
0.000371976 
0.000333123 
0.000334891 
0.000345082 
0.000358267 
0.0003884 
0.000374538 
0.00036505 
0.0003197 
0.000303884 
0.000350916 
0.000362237 
0.00034352 
0.000360671 
0.000374395 
0.000360749 
0.000364035 
0.00039161 
0.000410417 
0.000388286 
0.000384794 
0.000376984 
0.000370473 
0.000391948 
0.000378484 
0.000378785 
0.000390395 
0.000400552 
0.000483553 
0.00048619 
0.000524795 
0.00049834 
0.000466027 
0.000474131 
0.000457277 
0.000506443 
0.000502411 
0.000510509 
0.000530032 
0.000527595 
0.000525428 
0.00079946 
0.000844032 
0.000826309 
0.00104932 
0.000846815 
0.000808311 
0.000978415 
0.000899601 
0.000786112 
0.00095687 
0.000981914 
0.0012541 
0.00103456 
0.000971917 
0.000882022 
0.000811999 
0.000829396 
0.000688011 
0.000603467 
0.000641958 
0.000614111 
0.000627077 
0.000639838 
0.000619844 
0.000657508 
0.000669498 
0.000681254 
0.000656634 
0.000603393 
0.000641804 
0.000580151 
0.000585776 
0.000622424 
0.000658077 
0.000663209 
0.000620756 
0.000632433 
0.000620167 
0.000605193 
0.000588805 
0.000642059 
0.000568189 
0.000606184 
0.000650377 
0.000659647 
0.000663498 
0.000632773 
0.000633631 
0.000606365 
0.000603418 
0.000581834 
0.00064767 
0.000607844 
0.000698316 
0.000675667 
0.000684469 
0.000749639 
0.000661891 
0.000674081 
0.000738251 
0.000680037 
0.000747809 
0.000770542 
0.000720081 
0.000739793 
0.00081073 
0.000828027 
0.00076404 
0.000797146 
0.000808906 
0.000871411 
0.000860586 
0.000823027 
0.000741643 
0.000731383 
0.000819979 
0.000829315 
0.000793574 
0.000855541 
0.000815843 
0.000772721 
0.00086499 
0.000861389 
0.000845503 
0.000790473 
0.000885382 
0.000788138 
0.000807578 
0.000843101 
0.000857827 
0.000826308 
0.000897397 
0.000821554 
0.00078852 
0.000819934 
0.00080118 
0.0008473 
0.000898589 
0.000830936 
0.000766017 
0.000892053 
0.000856422 
0.000935122 
0.000937855 
0.000991642 
0.000925124 
0.000864865 
0.000949155 
0.000915226 
0.000869168 
0.000905415 
0.000881038 
0.000834718 
0.000811096 
0.000838304 
0.000872243 
0.000846286 
0.000906327 
0.000873867 
0.000903328 
0.000930804 
0.000879533 
0.000892341 
0.000899319 
0.000874641 
0.000962998 
0.000980227 
0.000915427 
0.000928722 
0.00101204 
0.000957356 
0.000966998 
0.000908457 
0.000897898 
0.000895272 
0.000989174 
0.000949268 
0.000972092 
0.00100486 
0.000957744 
0.000992557 
0.000993611 
0.00103097 
0.00103381 
0.0010332 
0.00105007 
0.00104535 
0.00100196 
0.000879045 
0.000892551 
0.000879271 
0.000886066 
0.000869823 
0.000815476 
0.000758596 
0.000779731 
0.000755852 
0.00076328 
0.000739531 
0.00068564 
0.00073738 
0.000650794 
0.000649001 
0.000694303 
0.000650312 
0.000647493 
0.000705185 
0.000639186 
0.000649726 
0.000661208 
0.000645181 
0.000633123 
0.000708498 
0.000666358 
0.000610439 
0.000700653 
0.000774101 
0.000742995 
0.000700663 
0.000796835 
0.00132541 
0.00134306 
0.00124098 
0.000961655 
0.000775557 
0.000788222 
0.000698985 
0.000693072 
0.000702205 
0.0007192 
0.000716808 
0.000717432 
0.000583708 
0.000566869 
0.000615817 
0.000677398 
0.000683868 
0.000679833 
0.000640276 
0.000621515 
0.00062992 
0.00063268 
0.000674392 
0.000612336 
0.000569396 
0.000573609 
0.000603349 
0.000615104 
0.000582179 
0.000553092 
0.000568044 
0.000540312 
0.000529148 
0.000548905 
0.000499626 
0.000553056 
0.00055964 
0.000537153 
0.000523792 
0.000550262 
0.000482413 
0.000473373 
0.000425291 
0.000426839 
0.00041929 
0.000405564 
0.000404638 
0.000416204 
0.000418984 
0.000423033 
0.000392445 
0.000410296 
0.000358359 
0.000371959 
0.00035131 
0.000305843 
0.000271678 
0.000258439 
0.000259967 
0.000247248 
0.000232861 
0.000200794 
0.000180627 
0.000162476 
0.00013968 
0.000125081 
9.40602e-05 
0.000110476 
0.000122445 
0.000134834 
0.000132517 
0.000143324 
0.000146915 
0.000132673 
0.00013089 
0.000120781 
0.00010282 
0.000154886 
0.00027093 
0.000292191 
0.000209683 
0.0002296 
0.00017876 
0.0001851 
0.00017335 
0.000179739 
0.000167011 
0.000156237 
0.000174915 
0.000210672 
0.000216347 
0.000323784 
0.000269013 
0.000245756 
0.000236115 
0.00016698 
0.000223752 
0.000166548 
0.000175778 
0.000190468 
0.000155366 
0.000196605 
0.000333186 
0.00032042 
0.000222534 
0.000221716 
0.000218801 
0.000226145 
0.00031254 
0.000536629 
0.000284516 
0.00032923 
0.000305248 
0.000342002 
0.00035335 
0.000426458 
0.000339104 
0.000400483 
0.000339554 
0.000653243 
0.000339348 
0.000288736 
0.000348925 
0.000302405 
0.000226991 
0.000314645 
0.0003401 
0.000300685 
0.000252867 
0.000253934 
0.000545109 
0.00041683 
0.00029426 
0.00013145 
3.39223e-05 
5.33151e-06 
0 
1.48307e-06 
0 
4.10427e-06 
1.69795e-05 
5.85461e-05 
0.000103174 
5.40567e-05 
6.6567e-05 
0.000101077 
0.000109769 
0.000191965 
0.000204993 
0.000210899 
0.000259363 
0.000470645 
0.000541539 
0.000506389 
0.00033732 
0.000377948 
0.0002085 
0.000277821 
8.64203e-05 
0.00011302 
0.000184913 
0.000151887 
0.000138687 
0.000165389 
0.000111184 
2.89222e-05 
1.1775e-05 
4.35375e-07 
6.95728e-07 
2.2508e-05 
7.2932e-05 
1.25843e-05 
1.62589e-05 
2.445e-05 
6.96036e-06 
5.53814e-06 
4.3638e-06 
7.99668e-06 
1.12343e-05 
1.8266e-05 
1.84227e-05 
3.12393e-05 
5.21993e-05 
3.82353e-05 
2.29121e-05 
2.36437e-05 
2.44352e-05 
3.16769e-05 
1.73554e-05 
2.58107e-05 
3.06364e-05 
5.26677e-05 
9.70437e-05 
0.000225116 
0.000199307 
9.0382e-05 
0.000117431 
7.20844e-05 
4.98706e-05 
3.85305e-05 
6.22999e-05 
6.16744e-05 
8.61579e-05 
9.35859e-05 
0.000186778 
0.000231377 
0.00026978 
0.000328042 
0.000391211 
0.000337506 
0.000417178 
0.000327995 
0.00028677 
0.000133733 
7.2558e-05 
6.25973e-05 
6.10216e-05 
4.82005e-05 
3.44545e-05 
2.55976e-05 
2.27332e-05 
3.43495e-05 
3.38057e-05 
3.4574e-05 
4.2762e-05 
3.75986e-05 
5.77652e-05 
9.05283e-06 
6.66776e-06 
1.95699e-05 
2.92065e-06 
1.67456e-06 
1.97016e-06 
3.28584e-06 
2.55723e-06 
2.95813e-06 
3.28004e-06 
4.03501e-06 
8.13274e-06 
8.69189e-06 
4.97149e-05 
0.000141418 
0.000249193 
0.000252905 
0.000271919 
0.000200791 
0.00015405 
9.05788e-05 
0.000220306 
0.000120503 
1.33734e-05 
6.27977e-06 
3.1146e-05 
0.000143972 
6.73321e-05 
3.10839e-05 
1.2267e-05 
1.39226e-05 
7.26125e-06 
1.25145e-05 
7.77358e-06 
7.50816e-06 
7.07843e-06 
4.95898e-06 
6.52303e-06 
7.95256e-06 
4.1715e-06 
2.42246e-06 
4.29401e-06 
1.45132e-06 
8.71648e-07 
2.76255e-06 
2.08461e-06 
1.59167e-06 
1.34211e-06 
1.24724e-06 
8.86983e-06 
1.23174e-05 
9.51325e-06 
7.99815e-06 
7.08155e-05 
2.86034e-06 
6.64967e-06 
4.66906e-06 
2.65114e-06 
2.26741e-06 
7.21717e-06 
8.76812e-06 
1.9926e-05 
2.2443e-05 
4.45675e-05 
2.34342e-06 
3.5565e-06 
3.78569e-06 
1.61117e-05 
4.72672e-05 
2.62235e-05 
3.22604e-06 
6.38552e-06 
5.84498e-06 
8.11585e-06 
2.50056e-05 
8.34773e-06 
1.95974e-07 
0 
6.25817e-07 
1.78267e-06 
3.15231e-06 
4.16916e-06 
3.61576e-05 
3.61863e-05 
5.51985e-05 
8.08033e-05 
5.16114e-05 
1.06769e-07 
3.9114e-07 
4.76851e-07 
4.43841e-06 
4.54883e-06 
5.52033e-06 
3.81599e-11 
7.63987e-06 
3.09569e-05 
6.51839e-06 
4.47439e-06 
3.27801e-06 
3.16746e-06 
5.49389e-06 
5.12004e-06 
0.00026626 
0.000330016 
0.000555318 
0.000270171 
6.33892e-05 
5.09601e-08 
5.1486e-09 
2.56929e-10 
1.62209e-10 
3.63397e-06 
2.23116e-06 
1.04852e-05 
3.00278e-05 
1.35818e-05 
5.54231e-05 
4.32314e-05 
5.45275e-05 
1.86609e-05 
2.84401e-05 
2.22535e-05 
1.00294e-05 
2.6782e-05 
1.55182e-05 
1.72171e-05 
9.61673e-06 
1.72812e-05 
3.30126e-05 
5.40611e-05 
5.78997e-05 
7.48162e-05 
7.97829e-05 
9.34535e-05 
9.19581e-05 
0.000167623 
0.000148891 
0.00015098 
0.000150604 
0.000163473 
0.000105424 
8.65809e-05 
5.98127e-05 
3.45019e-05 
3.86332e-05 
3.54118e-05 
4.78534e-05 
6.07939e-05 
0.000132113 
0.00016764 
0.000121364 
9.40159e-05 
0.000149624 
0.000121801 
0.000112972 
5.52188e-05 
7.8906e-05 
0.000126209 
0.000165102 
0.00020589 
0.000244647 
0.000355967 
0.000425181 
0.000298818 
0.000224985 
0.000227638 
0.00014207 
6.87701e-05 
4.48746e-05 
4.17198e-05 
4.25149e-05 
7.62964e-05 
6.54918e-05 
2.11408e-05 
5.32435e-05 
9.14662e-09 
3.87677e-09 
9.51683e-07 
1.16187e-08 
1.83115e-09 
1.95511e-06 
4.15879e-07 
0 
4.75826e-06 
4.103e-06 
1.98575e-05 
3.1144e-05 
5.60429e-05 
3.92331e-05 
1.39359e-05 
7.4031e-06 
7.2593e-06 
1.11538e-05 
3.78567e-07 
1.84214e-07 
1.40336e-07 
9.87205e-08 
4.58957e-06 
0 
2.93874e-05 
1.00213e-05 
0 
0 
2.5312e-08 
1.29824e-06 
0 
0 
0 
2.29397e-05 
5.13384e-05 
1.50273e-05 
1.13496e-05 
5.90032e-05 
9.41472e-06 
7.38746e-06 
7.56603e-06 
4.56114e-05 
2.21634e-05 
3.53407e-05 
3.19667e-05 
1.13559e-05 
6.73795e-05 
0.000104167 
0.000130238 
0.000169294 
0.000131947 
0.000113101 
4.44902e-05 
1.56415e-05 
1.02707e-05 
0 
0 
1.51028e-07 
1.48678e-05 
3.53263e-06 
2.37182e-05 
7.90028e-07 
6.7576e-09 
9.63337e-09 
3.28439e-08 
3.60735e-08 
3.80533e-08 
5.49672e-08 
6.50181e-08 
5.02597e-08 
2.70818e-06 
2.15889e-06 
3.99937e-06 
1.29483e-06 
4.26434e-08 
3.07464e-08 
3.55954e-07 
3.11596e-08 
1.19135e-06 
1.22886e-06 
5.3959e-08 
5.12581e-06 
3.11444e-05 
1.26112e-05 
1.75788e-05 
2.74857e-05 
3.91304e-06 
7.29794e-07 
2.02223e-06 
1.41348e-06 
3.23457e-06 
2.97541e-05 
4.18872e-05 
1.11692e-05 
2.25592e-05 
2.33627e-05 
7.82739e-05 
3.3659e-05 
6.43191e-05 
3.24387e-05 
3.30776e-05 
2.97608e-05 
1.24019e-05 
5.87071e-05 
4.516e-06 
6.63624e-06 
1.18661e-05 
1.36491e-06 
1.99437e-06 
2.20027e-06 
1.96193e-06 
7.4318e-09 
4.75121e-07 
4.94116e-05 
2.2311e-06 
0 
2.86868e-06 
3.2115e-07 
1.81928e-06 
4.94161e-05 
3.80961e-05 
6.44098e-05 
6.92425e-05 
5.00965e-05 
3.41916e-05 
3.85667e-05 
4.91614e-05 
1.64559e-05 
1.03795e-05 
3.54597e-05 
8.72618e-05 
5.67324e-05 
4.95129e-05 
8.37181e-05 
7.05517e-05 
3.08101e-05 
2.56478e-05 
8.2766e-05 
2.42941e-05 
2.8334e-05 
3.30594e-05 
0.000165397 
7.21564e-05 
3.30594e-05 
0.000159131 
6.09713e-05 
6.48916e-05 
7.57807e-05 
6.62522e-05 
7.62922e-05 
7.44572e-05 
7.0882e-05 
3.54119e-05 
6.91677e-06 
5.81958e-05 
0.000207258 
0.000200847 
0.000356767 
0.000230758 
0.000177754 
0.000395493 
0.000333566 
0.000452109 
0.000287792 
0.000344809 
0.000313107 
0.000275845 
0.000539812 
0.00062126 
0.000411855 
0.000232237 
0.000121376 
0.000195879 
0.000468176 
0.000410114 
0.000961068 
0.000724773 
0.000749976 
0.000761028 
0.000561737 
0.00129026 
0.00186171 
0.00258164 
0.00176603 
0.00176451 
0.00166308 
0.00169133 
0.00175749 
0.00148683 
0.00188911 
0.00188008 
0.00172719 
0.00324133 
0.00335461 
0.00225241 
0.00183316 
0.0018856 
0.00155248 
0.00140136 
0.000862732 
0.00052855 
0.000752974 
0.000789513 
0.000752395 
0.00112724 
0.00109755 
0.00124291 
0.00159856 
0.00242865 
0.00373519 
0.00345355 
0.00362134 
0.00325092 
0.00383979 
0.00429984 
0.00312133 
0.00143456 
0.00130619 
0.00121384 
0.000793902 
0.000498342 
0.000371731 
4.7846e-05 
1.56327e-05 
1.53017e-05 
1.10727e-05 
1.16088e-05 
6.83445e-06 
9.24865e-06 
9.37777e-06 
1.51097e-05 
3.32543e-05 
3.04413e-05 
2.3577e-06 
2.76675e-06 
3.3601e-06 
1.69272e-05 
1.32474e-05 
2.11165e-06 
3.0914e-06 
4.38654e-06 
5.01465e-06 
1.01184e-05 
1.02823e-05 
9.97891e-06 
2.87831e-05 
1.67636e-05 
8.61248e-06 
1.62978e-05 
1.12914e-06 
1.24917e-06 
1.51559e-06 
6.4958e-05 
1.66559e-05 
5.87574e-06 
2.79311e-05 
2.7707e-05 
3.85656e-05 
4.73099e-05 
3.90561e-05 
5.67081e-05 
6.19249e-05 
2.97825e-05 
6.4966e-05 
6.12759e-05 
3.31281e-05 
4.59456e-05 
1.481e-05 
2.01479e-05 
1.32329e-05 
1.21511e-05 
1.61974e-05 
0 
9.32335e-06 
6.46791e-08 
1.57188e-05 
9.85064e-06 
1.43835e-05 
2.5027e-08 
1.27253e-06 
4.76124e-07 
1.11561e-08 
1.1435e-08 
0 
1.6515e-06 
4.07324e-06 
6.37199e-06 
1.33729e-05 
9.0533e-06 
7.22145e-06 
7.64591e-06 
1.40696e-05 
2.9728e-06 
9.49896e-06 
2.85377e-05 
3.00846e-05 
1.34368e-05 
7.49362e-06 
1.54513e-05 
8.83164e-06 
1.18699e-05 
2.55127e-05 
2.36801e-06 
3.59927e-06 
1.47875e-05 
9.16577e-06 
4.16912e-06 
1.23191e-05 
1.44554e-05 
9.27563e-06 
6.28204e-05 
1.21762e-05 
2.09835e-06 
1.72401e-06 
9.96425e-06 
8.65297e-06 
7.55185e-06 
5.49194e-06 
8.61155e-06 
