101 100 10
-0.518488 -0.399925 -0.217532 -0.267103 -0.342028 -0.205739 -0.275456 -0.417131 -1.11544 -0.0721414 -0.51994 -0.566736 
3.60791 -10.1416 -10.6474 -9.88664 -10.293 -10.1446 -9.56814 -10.3111 -9.96296 -10.5694 -9.62809 -10.3908 
6.53802 -10.3558 -9.34801 -9.94516 -9.16891 -9.40794 -12.5017 -11.3893 -10.9689 -10.1002 -11.0403 -9.29698 
7.54782 -9.89672 -10.3715 -11.6114 -9.29807 -8.08397 -8.34285 -10.5045 -9.66751 -10.0338 -10.1868 -10.8374 
8.2326 -10.1946 -12.0372 -10.4813 -10.3604 -8.89483 -8.85965 -11.098 -10.2435 -10.1534 -9.526 -10.1524 
8.74367 -9.8924 -10.129 -10.014 -10.3225 -9.60583 -9.43126 -9.39159 -10.7837 -10.5914 -8.42593 -10.1874 
8.76154 -9.7798 -10.4756 -10.4792 -9.17615 -9.17582 -8.48696 -8.43866 -10.3407 -10.1542 -10.129 -11.0103 
10.1249 -9.93988 -10.6918 -9.98327 -9.39237 -9.56525 -10.2786 -10.022 -10.5559 -8.81282 -10.4431 -9.75156 
10.6263 -9.82405 -10.471 -8.92953 -9.75247 -9.6084 -10.5071 -9.58284 -10.2631 -9.8454 -9.63258 -9.64219 
10.0871 -9.87589 -10.5196 -10.0087 -10.6142 -9.70056 -8.86157 -9.54645 -9.55623 -10.6531 -9.57145 -9.84737 
9.44651 -9.92682 -11.0416 -9.8831 -10.39 -10.0612 -9.90967 -9.45323 -9.59262 -9.76387 -9.72101 -9.62795 
8.27755 -9.89546 -9.65716 -10.6667 -9.93331 -9.83157 -10.9342 -10.2756 -9.0076 -9.20183 -9.44205 -10.0283 
8.63264 -9.64 -9.80237 -10.3021 -9.58597 -9.59694 -9.59265 -10.2957 -9.62035 -8.92168 -8.58532 -10.2051 
8.23709 -10.0305 -10.491 -9.85252 -11.5814 -8.77848 -10.6532 -10.5642 -9.67321 -9.66879 -9.05307 -9.73368 
8.95462 -9.88788 -9.93472 -9.60702 -10.4251 -9.18321 -9.98605 -9.84306 -9.60227 -11.1105 -8.95867 -10.2945 
7.75431 -10.0397 -9.58597 -9.9716 -10.6774 -9.80418 -10.2045 -10.1852 -9.93749 -10.0381 -10.6479 -9.38649 
8.07574 -10.1188 -10.0159 -11.2324 -10.179 -9.72272 -9.01217 -10.5942 -9.17426 -10.6455 -10.5974 -10.1081 
9.12863 -9.95333 -10.0512 -10.2559 -10.2323 -10.1514 -9.04273 -9.55551 -9.82241 -10.19 -9.73883 -10.3498 
8.9869 -10.1177 -9.23225 -11.0025 -10.3199 -10.3814 -9.19363 -10.0868 -9.19174 -10.4275 -10.108 -10.9167 
8.30905 -9.77062 -10.0056 -9.8011 -9.32266 -9.88334 -8.65801 -9.52988 -9.47951 -11.3063 -9.66794 -10.1107 
8.1606 -9.4891 -10.1514 -8.76975 -8.82062 -9.82515 -9.6177 -8.87547 -9.40964 -10.1719 -9.05286 -10.3533 
9.81963 -9.80988 -9.15215 -10.5565 -9.70847 -9.72372 -9.64237 -9.3034 -9.83488 -9.39856 -10.2729 -10.4239 
9.23713 -9.99031 -9.88395 -11.0215 -10.5363 -10.0185 -9.74853 -9.57044 -9.88733 -8.73845 -10.2018 -10.3638 
9.50821 -10.0603 -9.11744 -11.0297 -9.92457 -10.2835 -9.74871 -10.0095 -9.60176 -10.3614 -10.2881 -10.445 
8.67419 -10.0305 -8.7529 -10.6796 -10.7668 -9.70559 -10.1363 -9.97034 -9.28495 -10.5523 -10.1178 -10.2982 
7.50246 -10.0161 -8.66698 -9.88286 -10.733 -9.77231 -10.744 -10.4623 -9.20729 -10.6743 -9.74242 -10.2858 
8.13878 -9.91666 -8.26947 -10.281 -9.85102 -9.90972 -10.6463 -10.3678 -9.35905 -9.95788 -9.78983 -10.6792 
9.64884 -10.0071 -8.9192 -10.157 -9.15212 -10.2788 -10.952 -10.0097 -10.0284 -10.4275 -9.77833 -10.4202 
9.67421 -9.95101 -9.46713 -10.1807 -9.87388 -10.5447 -9.74583 -9.6884 -10.2783 -8.95942 -9.98901 -10.8677 
8.48865 -9.79442 -9.50889 -9.33331 -10.0237 -9.96147 -8.91764 -10.2911 -11.3143 -8.55936 -9.48292 -10.259 
8.70693 -9.83903 -9.41921 -9.76722 -10.1039 -10.2666 -8.91291 -10.7368 -10.3059 -8.81285 -9.47486 -10.5124 
9.51659 -9.94482 -9.30779 -10.0271 -9.93447 -10.2421 -9.00396 -11.151 -10.8798 -9.99305 -9.12309 -9.86709 
8.34832 -10.0633 -10.1736 -10.6964 -9.52853 -10.2531 -9.42196 -10.8946 -10.4688 -9.81572 -9.1564 -10.1377 
9.99683 -9.77734 -9.4091 -9.65183 -8.71214 -10.6717 -9.19466 -10.878 -10.2475 -9.76374 -8.75434 -10.3521 
9.75788 -9.95568 -8.98064 -9.98804 -9.48238 -10.3328 -9.66958 -10.9115 -9.93788 -10.4684 -9.38968 -10.5209 
9.34205 -9.93832 -9.59733 -10.6201 -9.47813 -10.7977 -9.73627 -10.9789 -9.69996 -9.51824 -8.7301 -10.0714 
8.18424 -9.87222 -9.70114 -9.20303 -9.94443 -10.0194 -8.94834 -11.3604 -9.1365 -10.1184 -9.74146 -10.6226 
8.32341 -9.8265 -10.0327 -9.78534 -9.37238 -9.49851 -10.1994 -11.4727 -9.79797 -9.32534 -8.42389 -10.1129 
7.12624 -9.63513 -9.77363 -9.8954 -10.1316 -8.66 -9.4959 -9.70732 -9.59202 -10.108 -9.49636 -9.50994 
9.14352 -9.64284 -10.1361 -9.89813 -9.5707 -9.53197 -9.01041 -10.5383 -8.44689 -9.65433 -9.52782 -10.18 
7.70524 -9.78431 -10.0184 -10.0758 -8.76211 -9.57282 -9.34926 -10.3508 -8.78928 -11.0307 -10.2497 -9.77972 
7.91012 -9.65714 -10.0365 -9.14662 -8.85078 -8.76593 -9.28934 -10.7611 -8.19182 -10.8287 -10.5166 -9.95801 
8.61449 -9.90581 -10.0993 -10.0163 -9.67861 -8.67685 -9.36321 -10.8765 -8.67114 -11.3688 -10.3027 -9.90575 
8.73749 -9.8994 -9.37457 -10.4205 -10.1406 -7.52454 -8.98077 -10.3732 -9.15724 -11.8263 -10.5185 -10.3388 
8.80723 -10.017 -8.6205 -10.1043 -10.8949 -8.18194 -9.96841 -10.2181 -9.94293 -10.8871 -10.7642 -10.6628 
8.42395 -9.78382 -8.98202 -10.1509 -9.32159 -8.19289 -10.9345 -9.5557 -10.7521 -9.17074 -10.3977 -10.4122 
9.14249 -9.65482 -8.63549 -9.84685 -10.139 -8.56385 -10.574 -9.4956 -10.687 -9.54056 -9.47718 -9.40644 
9.16453 -9.33544 -8.39376 -9.92711 -10.169 -8.43709 -9.64907 -8.61769 -9.29228 -9.41912 -10.5647 -9.14549 
8.55734 -9.43293 -8.52573 -9.37174 -10.7071 -8.29187 -10.2795 -8.65187 -8.12758 -10.3548 -10.3439 -9.40748 
8.21498 -9.89352 -8.63228 -10.4275 -10.9189 -8.58192 -10.9253 -9.22137 -8.97613 -9.80307 -11.2271 -10.1117 
7.72128 -9.80272 -9.40251 -10.3971 -11.2126 -8.50716 -9.81649 -8.9027 -9.88057 -10.1729 -10.2061 -9.51834 
9.44276 -9.33297 -9.31963 -9.91114 -10.1776 -8.76396 -9.64816 -7.93642 -9.11647 -9.59333 -9.69197 -9.48074 
9.36993 -9.39212 -9.44053 -9.94424 -10.3744 -9.32042 -10.5964 -8.03064 -10.0763 -8.23395 -8.72486 -9.05507 
9.33233 -9.50131 -9.54599 -9.55522 -9.54105 -9.47043 -10.3038 -8.80966 -10.3101 -9.41667 -8.97565 -9.03539 
10.2445 -9.85005 -9.59027 -9.48575 -10.0273 -9.93262 -11.0589 -9.04693 -9.99084 -9.80837 -9.89049 -9.70501 
10.9858 -9.66116 -10.5808 -9.7656 -9.64692 -9.2422 -9.56313 -8.80534 -9.73115 -9.40091 -9.49585 -10.2206 
10.4899 -9.84917 -9.8994 -10.385 -10.7154 -9.68382 -10.5125 -9.10921 -10.1069 -9.32271 -8.90859 -9.96685 
9.97376 -9.74691 -9.94075 -9.85161 -10.2901 -10.0582 -9.16612 -9.33098 -11.2243 -9.41141 -8.4255 -9.82251 
10.5209 -9.74166 -9.23648 -9.40625 -9.24235 -10.3857 -10.6638 -10.0525 -11.0976 -9.60012 -8.2635 -9.39438 
10.4464 -10.0018 -9.58845 -9.51695 -10.2553 -10.8804 -10.5951 -10.4379 -11.4705 -9.26267 -8.06545 -9.78998 
9.56786 -9.88143 -9.51221 -9.45078 -9.97816 -9.68107 -10.3312 -10.5 -11.6424 -9.40291 -8.70179 -9.82017 
9.41803 -9.74978 -8.90361 -9.35859 -10.1096 -9.0894 -10.169 -11.1915 -11.0456 -9.45502 -8.54958 -9.75526 
9.59976 -9.41544 -8.34306 -9.40051 -10.5929 -7.83645 -10.0783 -10.743 -10.2881 -9.4211 -7.587 -9.53966 
9.43272 -9.44084 -8.15597 -9.71069 -10.2381 -8.75427 -9.32688 -11.2598 -10.038 -9.422 -8.18138 -9.6242 
9.9429 -9.53838 -8.26926 -9.22902 -9.99304 -9.79416 -10.395 -11.0302 -9.78578 -9.51227 -7.61862 -9.80001 
9.71828 -9.73615 -9.21633 -9.32064 -9.081 -10.3591 -11.2344 -10.9959 -9.99769 -9.65419 -8.20611 -9.59717 
9.18602 -9.78989 -9.85628 -9.80654 -9.30413 -10.9141 -10.5017 -10.1023 -10.2809 -9.34155 -8.08376 -9.57826 
9.72181 -9.65601 -9.7188 -10.607 -9.70197 -10.038 -9.98499 -10.0618 -9.99273 -9.16702 -7.93419 -9.75028 
9.92974 -10.0403 -10.0138 -10.1541 -11.0906 -10.1218 -10.0649 -10.0579 -10.9123 -10.0031 -8.00146 -10.1526 
10.5447 -9.70485 -9.71866 -10.2561 -9.23991 -10.3238 -10.499 -10.7503 -9.51159 -9.13017 -7.94297 -9.8004 
9.87437 -9.72267 -10.3283 -10.612 -9.12074 -10.1194 -9.58581 -10.3491 -10.466 -8.37844 -8.69027 -9.815 
9.40066 -10.1875 -9.40916 -11.1255 -10.5199 -10.2402 -10.839 -10.7273 -9.91645 -8.35855 -10.4205 -10.2896 
9.07275 -10.1557 -9.9463 -11.0577 -10.9557 -10.4972 -10.541 -10.7476 -9.63816 -8.46219 -9.2852 -10.3405 
8.9945 -10.058 -10.1299 -10.9265 -10.5993 -10.9164 -9.24414 -10.4637 -10.0509 -9.43294 -9.19218 -9.65052 
8.16623 -9.65592 -9.07633 -10.1586 -10.0928 -10.269 -9.34648 -10.1405 -9.42796 -9.02607 -8.8763 -9.99158 
8.66379 -9.9571 -9.17674 -10.9065 -9.51886 -11.1276 -10.6291 -9.99991 -9.24324 -9.49608 -9.93407 -9.71293 
8.36961 -9.9275 -9.94252 -11.1021 -10.1473 -10.9338 -9.3395 -10.07 -8.81582 -8.71845 -10.0444 -10.0488 
8.91819 -9.71602 -8.90086 -10.4361 -9.67617 -10.5246 -10.0894 -10.3148 -8.27398 -9.78018 -10.0789 -9.12423 
8.79197 -9.86922 -9.37864 -10.4748 -10.0447 -10.8915 -9.49576 -10.5898 -9.0752 -9.77868 -10.0515 -9.17736 
9.12453 -9.73357 -9.18637 -9.95338 -9.87726 -11.2202 -9.0065 -10.3119 -8.97032 -10.3343 -9.64365 -8.96651 
8.50908 -9.23622 -8.51322 -8.72915 -9.33805 -9.82595 -8.80704 -10.0776 -8.48574 -10.0045 -9.45793 -9.17325 
8.50389 -9.42781 -7.52174 -8.59356 -8.88512 -9.90249 -8.82582 -10.5462 -8.89098 -11.1669 -9.99868 -10.224 
8.22976 -9.2885 -7.72749 -8.66618 -8.91546 -9.61417 -8.12482 -10.4343 -8.64368 -11.0615 -9.90481 -9.61861 
8.57246 -9.63839 -7.78184 -8.89613 -9.91016 -10.1199 -9.52887 -11.1186 -8.81925 -11.2112 -9.50267 -9.28083 
8.46647 -9.52192 -8.42211 -8.58475 -9.77169 -10.4192 -9.4044 -11.0088 -8.44687 -9.80518 -9.76231 -9.3068 
8.48754 -9.6917 -8.96755 -8.23378 -9.53213 -10.061 -10.0324 -10.3477 -9.19966 -10.7295 -10.5412 -9.25304 
8.08386 -9.31131 -8.98225 -7.97899 -8.44286 -10.2848 -9.93055 -10.3118 -9.30465 -9.41683 -9.66555 -8.90704 
8.41893 -9.16573 -8.8937 -8.27365 -7.50665 -9.64147 -10.0503 -10.0607 -9.22622 -9.29649 -9.79663 -9.10983 
8.8428 -9.12446 -9.51963 -8.67544 -8.53716 -9.5619 -9.38015 -9.94993 -8.06657 -8.75387 -9.95798 -8.66315 
8.58539 -9.29136 -9.78895 -9.46034 -9.19312 -9.65866 -9.85296 -9.82925 -8.68489 -8.36378 -9.56722 -8.50314 
7.98417 -9.38906 -9.71219 -9.35344 -9.40779 -9.90216 -9.86373 -8.44311 -9.84693 -9.14637 -9.45088 -8.87356 
9.28493 -9.59861 -9.86906 -10.1433 -9.19551 -9.74555 -9.86983 -9.45493 -10.2331 -9.54138 -9.60419 -8.28776 
8.79523 -9.51853 -9.66845 -9.22223 -8.93443 -10.7804 -10.6929 -9.0121 -9.94955 -9.33777 -8.74399 -8.68759 
8.85231 -9.67244 -10.2829 -9.39844 -9.152 -10.7314 -10.0383 -9.48095 -9.3097 -9.87527 -8.99256 -9.43484 
9.38741 -9.787 -9.98712 -10.2634 -9.33991 -10.8517 -9.88064 -9.15615 -9.48249 -10.1943 -8.96133 -9.92269 
9.43609 -9.79327 -10.1408 -8.78896 -9.09165 -10.5651 -9.85536 -9.39473 -9.93544 -10.3339 -10.1516 -9.53699 
9.73103 -9.81796 -10.2787 -10.0567 -8.5173 -10.8275 -9.85672 -9.75558 -9.7295 -9.95285 -10.1126 -9.34539 
10.0592 -10.0713 -10.2489 -9.78966 -8.84031 -10.5632 -9.89718 -10.2074 -9.68943 -10.9061 -10.9856 -9.45262 
9.65229 -9.72423 -9.73093 -9.9211 -8.69678 -9.90597 -9.8462 -9.75454 -9.36196 -10.536 -10.106 -9.43566 
9.67154 -9.55281 -9.65158 -9.57865 -8.63338 -10.6538 -9.64177 -9.49896 -9.85654 -9.4982 -9.47294 -9.25221 
10.2539 -9.56597 -10.5108 -10.3489 -8.69412 -9.23493 -9.58079 -9.59657 -10.0675 -9.06501 -9.09333 -9.3401 
