144
0.0204536 1527
0.0204536 1527
0.03233 1482
0.03233 1482
0.0509257 7481
0.0509257 7481
0.370104 2527
0.370104 2527
0.0116155 1474
0.0116155 1474
0.0368848 9459
0.0368848 9459
0.0218443 6482
0.0218443 6482
0.221037 461
0.221037 461
0.000125016 2825
0.000125016 9466
0.00565682 1331
0.00050025 6308
0.000125016 3531
0.0185893 6018
0.121827 8471
0.121827 8471
0.15942 8478
0.15942 8478
6.41924e-07 9455
6.41924e-07 9455
0.0255096 1525
0.0255096 1525
0.0270906 4522
0.0270906 4522
0.0361557 7524
0.0361557 7524
0.00203692 7515
0.00203692 7515
0.0328669 5544
0.0328669 5544
0.132419 6477
0.132419 6477
0.17774 4521
0.17774 4521
0.0486408 1488
0.0486408 1488
0.00020025 5321
0.00175307 9892
0.185445 489
0.185445 489
0.582198 2466
0.582198 2466
0.359783 6509
0.359783 6509
0.596938 1509
0.596938 1509
0.446218 1545
0.446218 1545
0.284172 7507
0.284172 7507
0.151787 6540
0.151787 6540
0.000125016 6755
0.000125016 3257
0.00137689 447
0.00175307 8470
0.0642897 6461
0.00646227 5583
0.00225507 8444
0.00011742 7980
0.0174234 5382
0.0107757 8823
0.000125016 3861
0.00502513 6503
0.000625391 7562
0.0143587 10
1.1087e-05 8818
0.0540184 5540
0.0675578 6124
0.00145011 2530
0.00176943 178
0.0219724 6009
0.0200547 6113
0.0513609 4455
0.00268785 4928
0.0214024 9882
0.0032606 9664
0.0980218 5599
0.00137689 518
0.0936656 7489
0.000125016 1211
0.000125016 3930
0.0240805 3528
0.0237957 2980
0.031024 9076
0.00150225 2300
0.000250063 1754
0.0799234 4293
0.000125016 3312
0.0819706 3137
0.0412016 7705
0.000125016 3907
0.0317256 5088
0.000750563 7273
0.0308351 5262
0.000250063 8803
0.00168829 839
0.0257491 9344
0.000625391 1913
0.0346051 9537
0.000375141 9262
0.000125016 6211
0.0116338 1540
0.0064159 8184
0.00112627 1699
0.000250063 7615
0.000250063 4742
0.000250063 7379
0.000375141 1947
0.000250063 4311
0.00125156 9543
0.00439422 1218
0.000625391 5733
0.000375141 8565
0.000875766 7108
0.000125016 2716
0.000125016 6738
0.000125016 3448
0.00050025 9579
0.000125016 7588
0.000375141 3310
0.000375141 5644
0.000750563 8642
0.000125016 3314
0.000750563 9392
0.000125016 478
0.00050025 524
0.00200401 1062
0.000625391 4507
0.00050025 3348
0.000250063 4039
0.000125016 273
0.000125016 7963
0.000125016 9269
0.000125016 7587
0.000125016 4509
