1600 50 40000
7.10452e-05 7.06368e-05 9.02562e-05 0.00231922 0.00230281 0.00305489 0.012571 0.00854563 0.239202
0.00691912 0.00343409 0.184233 0.080801 0.078707 0.170636 0.00810856 0.00798157 0.0145886
0.00846728 0.0048867 0.192762 0.119354 0.116364 0.25545 0.00876891 0.00867676 0.0142459
0.00918283 0.0057272 0.172325 0.148695 0.145402 0.299521 0.00908612 0.00895516 0.0163247
0.00947777 0.0063294 0.185309 0.168067 0.164303 0.336307 0.00949624 0.00938326 0.0154972
0.0100865 0.00697429 0.162833 0.178329 0.175498 0.301128 0.0100719 0.00987256 0.0210072
0.0105136 0.00728183 0.170965 0.186051 0.18193 0.374031 0.00964106 0.00945282 0.0202737
0.0106738 0.00730772 0.172778 0.198747 0.194912 0.37372 0.0107555 0.0106842 0.0140921
0.0113552 0.00775992 0.197077 0.211526 0.207193 0.397422 0.0109557 0.0109438 0.011556
0.0106578 0.00746141 0.17739 0.205599 0.202157 0.351362 0.0108308 0.0107345 0.0160682
0.0104436 0.00735881 0.171198 0.204184 0.20079 0.364117 0.0108116 0.0106921 0.0174535
0.0104073 0.00725009 0.191705 0.216837 0.212735 0.40605 0.0109764 0.0108522 0.0172698
0.0107627 0.0074898 0.180774 0.220377 0.215692 0.45868 0.0109319 0.0108525 0.0158986
0.0108326 0.00746787 0.211136 0.22018 0.21544 0.45007 0.0110801 0.0110032 0.0155007
0.0111374 0.00771448 0.204893 0.228677 0.224045 0.455496 0.0112316 0.0111249 0.0176824
0.0110096 0.00782823 0.203945 0.226895 0.222863 0.421223 0.0111032 0.0109559 0.020064
0.0103766 0.00748553 0.200606 0.229965 0.225881 0.43385 0.0110552 0.0108876 0.0211599
0.0107019 0.00767977 0.178212 0.223005 0.219236 0.403587 0.0107633 0.0106459 0.0177171
0.0105901 0.00744008 0.205894 0.21418 0.209884 0.432118 0.0105565 0.0104064 0.0201846
0.0107397 0.00765367 0.196557 0.224427 0.220465 0.415219 0.0104502 0.0103025 0.019467
0.0110589 0.00779268 0.192192 0.224537 0.220401 0.43816 0.0112354 0.0110908 0.0196892
0.0111101 0.00787185 0.213907 0.226713 0.222402 0.446546 0.0114945 0.011352 0.0202458
0.0110051 0.00794449 0.209155 0.2198 0.215601 0.449438 0.0115139 0.011358 0.0208841
0.0109809 0.00774453 0.218316 0.217718 0.213971 0.415654 0.0114232 0.0112515 0.0218292
0.0104024 0.00746957 0.192694 0.219102 0.215126 0.427909 0.0120551 0.0119022 0.0216091
0.0109154 0.00767475 0.185032 0.22203 0.21825 0.406043 0.0119424 0.011849 0.0172621
0.0107828 0.0075822 0.183268 0.22074 0.217502 0.371142 0.0116066 0.011524 0.0160432
0.0100495 0.00728667 0.155559 0.221364 0.218068 0.375954 0.0114477 0.0113319 0.0176253
0.0106908 0.00762894 0.175064 0.22577 0.222486 0.389325 0.011508 0.0114283 0.016228
0.0109781 0.0078899 0.155704 0.222526 0.219446 0.353309 0.0114115 0.0113259 0.0160266
0.0109622 0.00792007 0.18952 0.218784 0.214968 0.415123 0.0111957 0.011138 0.0147585
0.0105336 0.00776912 0.148166 0.216588 0.212709 0.389642 0.010949 0.01085 0.0166697
0.0107544 0.00785987 0.166527 0.222311 0.217174 0.472471 0.0109089 0.0108041 0.0170466
0.0104797 0.00769688 0.163973 0.219411 0.214437 0.463594 0.0110328 0.0109915 0.0131645
0.0102192 0.00743123 0.157005 0.214462 0.209671 0.468414 0.0109709 0.0108428 0.018497
0.0104717 0.00748268 0.194558 0.223491 0.218626 0.486706 0.0114243 0.0113067 0.0195959
0.0105307 0.00752688 0.196598 0.219733 0.215484 0.425301 0.0112723 0.011208 0.0150019
0.0105855 0.0077248 0.180794 0.221368 0.216782 0.44508 0.011203 0.0111086 0.0165493
0.0103582 0.0074735 0.185998 0.223384 0.218184 0.486133 0.0109029 0.0108015 0.0172757
0.0104817 0.00758768 0.183316 0.222927 0.218589 0.429243 0.0113634 0.011278 0.0163793
0.0105602 0.00770828 0.168844 0.223335 0.21971 0.389967 0.0116235 0.0115773 0.0141592
0.0104733 0.00768601 0.165773 0.222582 0.218891 0.39003 0.0113951 0.0113692 0.0129171
0.0108568 0.00788099 0.168126 0.229348 0.225739 0.400122 0.0117818 0.0117591 0.0130763
0.0103888 0.00754466 0.177499 0.224479 0.22015 0.439732 0.0117348 0.0116814 0.0150566
0.0103835 0.00771492 0.161017 0.227796 0.223997 0.414664 0.0120029 0.0119233 0.0165639
0.0103857 0.00771056 0.142771 0.230569 0.226174 0.433363 0.0115956 0.0115617 0.0134129
0.0107524 0.0077536 0.204222 0.226741 0.221563 0.511203 0.0112416 0.0111637 0.0156797
0.0105725 0.00758773 0.188084 0.22995 0.22493 0.478079 0.0115727 0.0115091 0.0154133
0.0106191 0.007728 0.174801 0.225647 0.221454 0.4506 0.01152 0.0114195 0.0174235
0.0107963 0.0080527 0.145682 0.229331 0.225326 0.438882 0.0117614 0.0116775 0.0163385
0.0111696 0.00831582 0.151932 0.230353 0.225873 0.458786 0.0115316 0.0114664 0.0149389
0.0112754 0.00847357 0.161351 0.232218 0.227078 0.519728 0.0119951 0.0119329 0.0156302
0.0111315 0.00826136 0.165973 0.234704 0.230207 0.480517 0.0122972 0.0122278 0.0162391
0.0109706 0.0079986 0.186813 0.230477 0.225866 0.494254 0.0118028 0.011728 0.0166394
0.0102523 0.00753676 0.146281 0.216932 0.213757 0.365271 0.0114912 0.0114025 0.0163121
0.0112218 0.00823983 0.165991 0.226561 0.222253 0.45097 0.0113862 0.0113067 0.0159784
0.0109121 0.0080425 0.169551 0.218743 0.214558 0.429338 0.0116157 0.0114929 0.0190786
0.0113621 0.00846766 0.162507 0.235362 0.231171 0.452406 0.0116311 0.011544 0.0162752
0.0105897 0.00796149 0.1575 0.22061 0.2168 0.402201 0.0117485 0.0116428 0.0179741
0.011429 0.00849938 0.176723 0.231066 0.226458 0.468686 0.0117735 0.0116373 0.0196886
0.0113473 0.00824265 0.184732 0.229371 0.224461 0.479051 0.0116692 0.011523 0.0197673
0.010944 0.00799043 0.195334 0.225551 0.220628 0.476019 0.011403 0.0112007 0.0243431
0.0110975 0.0079871 0.19461 0.224505 0.219285 0.520848 0.0117081 0.0115106 0.0230233
0.0109084 0.00806168 0.18094 0.234919 0.229458 0.541242 0.0117771 0.0115892 0.0235971
0.0106077 0.00786104 0.193969 0.224717 0.219359 0.555383 0.0118059 0.0116086 0.025323
0.0114266 0.00844846 0.200886 0.239627 0.234203 0.540308 0.0119195 0.01169 0.0267918
0.0112761 0.00838657 0.201308 0.244663 0.238661 0.613006 0.0119099 0.0116954 0.0257074
0.0115918 0.0087315 0.171404 0.245813 0.240965 0.513424 0.0122464 0.0120846 0.0219668
0.0106854 0.00790272 0.150197 0.242539 0.238059 0.454627 0.0121814 0.012037 0.019627
0.0108985 0.00802756 0.159765 0.241799 0.237569 0.445462 0.0122463 0.0120891 0.0211205
0.0110957 0.00818508 0.172896 0.236197 0.231579 0.463013 0.0118695 0.0117447 0.0188325
0.0110866 0.00826397 0.160479 0.235867 0.230732 0.521731 0.0118663 0.0116859 0.0231001
0.0108394 0.00803296 0.16344 0.22805 0.224262 0.415582 0.011327 0.0111202 0.02271
0.0104448 0.00761059 0.172145 0.219781 0.215454 0.44296 0.0116123 0.0114031 0.0238501
0.010364 0.00741893 0.17491 0.22923 0.224185 0.500873 0.0110437 0.0108669 0.0216932
0.0102641 0.00732938 0.175072 0.22615 0.221841 0.443426 0.0110889 0.0108831 0.0223979
0.0105999 0.00753548 0.155036 0.230036 0.225582 0.45208 0.0111664 0.0109721 0.021019
0.010795 0.00765149 0.184183 0.23578 0.230251 0.553294 0.0117386 0.0115161 0.0241934
0.00985909 0.00717791 0.172592 0.216424 0.211935 0.45039 0.0108476 0.0106333 0.0242206
0.0102176 0.00729461 0.213884 0.218691 0.213865 0.488633 0.0109606 0.0107338 0.0252985
0.0106196 0.00767346 0.191515 0.229471 0.224593 0.474853 0.0111396 0.0109597 0.0212807
0.0101286 0.00725509 0.189387 0.224071 0.21945 0.461492 0.0112357 0.0110164 0.0249699
0.00987019 0.00708606 0.191683 0.219895 0.214977 0.504125 0.0113505 0.0111932 0.0222161
0.00962031 0.00674734 0.18029 0.220884 0.215643 0.522145 0.0113219 0.0111344 0.0232451
0.00980575 0.00705261 0.208216 0.234637 0.229493 0.528217 0.0112266 0.0110256 0.0245361
0.0106559 0.0077921 0.177141 0.23023 0.225328 0.500003 0.0111659 0.0109742 0.0232612
0.010451 0.00777477 0.168564 0.233033 0.22788 0.49632 0.0116686 0.0115146 0.0211347
0.0107248 0.00802429 0.165504 0.224717 0.219999 0.478726 0.0115097 0.0113783 0.0188293
0.0110604 0.00819653 0.170705 0.219926 0.214851 0.481499 0.0115977 0.0115025 0.0166855
0.011506 0.00830642 0.179599 0.23098 0.226784 0.417207 0.0120494 0.0120036 0.0144023
0.0106098 0.0077695 0.150495 0.220169 0.215875 0.439983 0.0115411 0.0113889 0.0198513
0.0112173 0.0081778 0.16079 0.220682 0.216558 0.408784 0.0119667 0.0118556 0.0180279
0.0113302 0.00824977 0.200596 0.226074 0.221061 0.497248 0.0120995 0.0119241 0.0223094
0.0108615 0.00797208 0.166313 0.214036 0.209818 0.443454 0.011871 0.0117289 0.0196939
0.0104145 0.00747458 0.163934 0.212606 0.208236 0.449902 0.0116838 0.0115555 0.018794
0.0105188 0.00758733 0.157295 0.220616 0.215718 0.499307 0.0119007 0.0117727 0.0185918
0.0107015 0.00766763 0.194031 0.221805 0.216853 0.530528 0.0119597 0.0117813 0.022541
0.0102996 0.00736431 0.16143 0.22668 0.222191 0.44852 0.0117997 0.0116008 0.0230398
0.00989611 0.00710777 0.173127 0.219396 0.214965 0.45654 0.0117993 0.0115999 0.0228092
0.010242 0.0073933 0.155117 0.224334 0.219975 0.421481 0.0115879 0.011393 0.0217099
0.00996809 0.00730367 0.15815 0.223243 0.218684 0.455162 0.0116139 0.011413 0.0239939
0.0102133 0.00731074 0.172978 0.226986 0.222391 0.438853 0.0113295 0.011161 0.0211877
0.0107882 0.00775115 0.152141 0.227971 0.223805 0.405586 0.01137 0.0112296 0.018415
0.0108373 0.00780554 0.150495 0.224756 0.219901 0.445164 0.0114011 0.0112516 0.019378
0.0105782 0.00754849 0.166322 0.214806 0.210415 0.41546 0.0112984 0.0111599 0.0184357
0.0108283 0.00784123 0.179557 0.219847 0.215663 0.464459 0.0119188 0.0118031 0.0187604
0.0104567 0.00745227 0.193386 0.213121 0.208281 0.501134 0.0116505 0.0114987 0.0208551
0.0107205 0.00779614 0.199341 0.2258 0.220529 0.573476 0.0120821 0.011895 0.024555
0.0107281 0.00774282 0.203504 0.230243 0.224592 0.593211 0.0122198 0.0120639 0.0227933
0.0101911 0.00745521 0.184566 0.223688 0.218419 0.534747 0.0116201 0.0114407 0.0233295
0.0103638 0.00755977 0.189247 0.22524 0.220639 0.472683 0.0115662 0.0114215 0.0205901
0.010295 0.00749825 0.170689 0.228239 0.22409 0.434554 0.0116166 0.0115178 0.0174331
0.0103332 0.00756642 0.178032 0.22174 0.217561 0.444784 0.0113404 0.0112535 0.0165284
0.0105054 0.00772357 0.1714 0.226786 0.222571 0.460014 0.0115724 0.0114375 0.0203649
0.0101768 0.0073312 0.184491 0.228266 0.223903 0.46038 0.0115616 0.0114395 0.0191061
0.00995319 0.00721457 0.175336 0.22306 0.218936 0.460641 0.0109816 0.0108203 0.0207408
0.0103631 0.00759016 0.171776 0.223586 0.219474 0.448576 0.0111403 0.0109752 0.0220648
0.0109902 0.00809881 0.179785 0.223937 0.219981 0.411897 0.0114165 0.0112588 0.0199704
0.0104029 0.00762516 0.176605 0.218738 0.214493 0.452927 0.0108411 0.0107392 0.0164912
0.0104434 0.00777985 0.148693 0.22601 0.2222 0.4167 0.0112422 0.0111776 0.0148798
0.0105783 0.00781833 0.170582 0.221819 0.218199 0.43057 0.011683 0.0115629 0.0186547
0.0101403 0.00745376 0.166664 0.229121 0.225323 0.431416 0.0113657 0.0112391 0.0184548
0.0107532 0.00796113 0.160844 0.228767 0.224482 0.440619 0.0116746 0.0115596 0.0182574
0.010666 0.0079657 0.140521 0.228381 0.22489 0.389338 0.0120514 0.0119108 0.0188724
0.0112386 0.00826134 0.163008 0.232535 0.228715 0.428924 0.0119877 0.0119204 0.0155092
0.0115898 0.00859981 0.164436 0.236974 0.232907 0.451188 0.0122335 0.0122015 0.0138207
0.0110928 0.00812296 0.168059 0.22356 0.219738 0.423253 0.0119735 0.011975 0.0118967
0.0124249 0.00917565 0.190191 0.239771 0.235662 0.46762 0.0121184 0.0120718 0.0145818
0.0114075 0.00841763 0.167393 0.224615 0.220856 0.432838 0.0120401 0.0119362 0.0179982
0.0118417 0.00877786 0.188304 0.2336 0.229051 0.507397 0.0124963 0.012456 0.014726
0.0118252 0.00896932 0.178084 0.232251 0.227831 0.492113 0.0126103 0.0125306 0.0175887
0.0116443 0.00872888 0.187705 0.231428 0.228584 0.383545 0.0124071 0.0123265 0.0172349
0.0115517 0.00851853 0.180865 0.232106 0.228704 0.414702 0.0122526 0.0122306 0.0134571
0.0112844 0.00835996 0.156644 0.231994 0.228897 0.390002 0.0122463 0.0122332 0.0129705
0.0106675 0.00806218 0.171182 0.228545 0.225636 0.398684 0.0117961 0.01175 0.0143492
0.0111887 0.00828863 0.210295 0.232646 0.229267 0.435135 0.0119711 0.0119511 0.0131142
0.0114955 0.00842647 0.18667 0.227557 0.224331 0.388089 0.0121868 0.0121877 0.0121373
0.0117374 0.00871856 0.195803 0.231012 0.227016 0.453198 0.0120955 0.0120887 0.0125178
0.0110695 0.0081606 0.205262 0.22462 0.220107 0.506835 0.01212 0.0120997 0.0135166
0.0108293 0.00803934 0.220075 0.226771 0.223052 0.467242 0.0119701 0.0119515 0.0132408
0.0109903 0.00814116 0.21227 0.233584 0.229588 0.498285 0.0116566 0.0115681 0.0180719
0.0109096 0.00804827 0.207092 0.233164 0.228764 0.511978 0.0119087 0.0118168 0.0181132
0.0112811 0.00832364 0.218112 0.236879 0.232156 0.531627 0.012157 0.0120687 0.0185386
0.0107253 0.00798497 0.177886 0.230723 0.226296 0.484538 0.0123512 0.0122884 0.0162932
0.0113052 0.008506 0.199784 0.240272 0.236163 0.463772 0.012654 0.0125793 0.0175799
0.0112004 0.00840011 0.177005 0.237587 0.233555 0.469289 0.0122293 0.0121673 0.016075
0.0113568 0.00845669 0.187217 0.249405 0.245232 0.478321 0.0123119 0.0122602 0.0154132
0.0105813 0.00780903 0.17101 0.228294 0.224623 0.416854 0.0120742 0.0119716 0.0179341
0.0108796 0.00796746 0.169226 0.23204 0.227928 0.447149 0.0126013 0.0125266 0.0168998
0.0106869 0.0077035 0.189857 0.231277 0.227126 0.455197 0.0118928 0.0118784 0.01278
0.0109105 0.00786607 0.19975 0.235477 0.230754 0.525489 0.0120362 0.0120197 0.0130123
0.0101496 0.00750401 0.173734 0.228616 0.22475 0.442151 0.0119584 0.011925 0.0141157
0.010665 0.00786665 0.162732 0.234805 0.230088 0.514074 0.0118507 0.0118614 0.0112428
0.0106939 0.00781756 0.183351 0.243623 0.239706 0.463519 0.0122081 0.0122286 0.0110613
0.010802 0.00795121 0.21827 0.238846 0.234047 0.546343 0.0119576 0.0119603 0.0117903
0.0110602 0.00813142 0.216453 0.234054 0.229909 0.499156 0.0126484 0.0126516 0.0124562
0.0107493 0.00783672 0.200583 0.221647 0.218247 0.422573 0.0116721 0.0116619 0.0123236
0.0109286 0.00802344 0.190717 0.234164 0.231174 0.402931 0.0121574 0.0121137 0.0148509
0.0105386 0.0076368 0.21741 0.232412 0.229091 0.441936 0.0119326 0.0118994 0.0141857
0.0108595 0.00793909 0.190142 0.23037 0.226698 0.457857 0.0118972 0.011854 0.0143307
0.0108838 0.00788102 0.184805 0.222988 0.220477 0.358038 0.0117619 0.0116979 0.0152895
0.010667 0.00780892 0.188422 0.220823 0.217521 0.415101 0.0116401 0.0115714 0.0156756
0.0113822 0.00844829 0.190593 0.230466 0.227392 0.42665 0.0119643 0.0119104 0.0151964
0.0112868 0.00825039 0.218409 0.230684 0.227775 0.419098 0.0117112 0.0116032 0.0193427
0.0113264 0.00837532 0.168239 0.235034 0.233104 0.339068 0.0120446 0.0119717 0.0163864
0.0113165 0.00829764 0.214219 0.228199 0.224938 0.449296 0.0119071 0.0118437 0.015857
0.011399 0.00829564 0.217346 0.234142 0.231428 0.392814 0.0117539 0.0116555 0.0177786
0.0108676 0.00800029 0.203325 0.237402 0.234569 0.420747 0.0120075 0.0119085 0.0187438
0.0115574 0.00847607 0.200377 0.238095 0.235484 0.397748 0.0121223 0.0120051 0.0191028
0.0110411 0.00815306 0.185648 0.233805 0.231254 0.397944 0.0116674 0.0115375 0.0199317
0.0107426 0.00782641 0.186342 0.230971 0.227715 0.469051 0.0118169 0.0116788 0.0210747
0.0112612 0.00823644 0.196525 0.235503 0.232667 0.409005 0.0117471 0.0115785 0.0230373
0.0109372 0.0079602 0.202868 0.23285 0.230078 0.418027 0.0117952 0.0116368 0.0234883
0.0109402 0.00803386 0.184219 0.233944 0.231459 0.387768 0.012321 0.0121584 0.0220979
0.0103216 0.00755874 0.197446 0.234331 0.232002 0.378688 0.0122513 0.0121126 0.0218101
0.0103946 0.00758359 0.182412 0.247726 0.245317 0.385571 0.0121882 0.0120772 0.0190377
0.00996145 0.00721583 0.162893 0.22578 0.223198 0.375324 0.011931 0.0118378 0.0172135
0.0103727 0.00733358 0.192555 0.231663 0.228619 0.426235 0.0119158 0.0118124 0.0184422
0.0109622 0.00789257 0.211479 0.239945 0.236614 0.463475 0.0121325 0.0119928 0.0211519
0.0105013 0.00767171 0.201972 0.227558 0.224798 0.400356 0.0116352 0.0115561 0.0167514
0.011122 0.00813744 0.204415 0.231594 0.228497 0.435926 0.0118452 0.0117502 0.0183716
0.011263 0.00818287 0.213645 0.234197 0.231069 0.426423 0.0118522 0.0117806 0.0168559
0.0116743 0.00861442 0.230997 0.238171 0.234851 0.447067 0.0122621 0.0121802 0.0182517
0.0111389 0.00822781 0.204899 0.236123 0.23263 0.459417 0.0121254 0.0120553 0.0171516
0.0114228 0.00858897 0.190356 0.246724 0.243317 0.445072 0.0125626 0.0124791 0.0180484
0.0115396 0.00847292 0.183747 0.251882 0.248652 0.406446 0.0125786 0.0125321 0.0152281
0.010971 0.00810109 0.194315 0.236931 0.233667 0.409336 0.0119845 0.0118857 0.0180333
0.010718 0.00789899 0.206815 0.233305 0.229782 0.443352 0.0120115 0.0119046 0.0188684
0.0116962 0.00868551 0.185046 0.235565 0.232129 0.424545 0.0122009 0.012153 0.0152408
0.0117199 0.0088583 0.166244 0.239347 0.236906 0.355412 0.0123305 0.0123235 0.0127357
0.0115661 0.00860837 0.178184 0.235882 0.233475 0.355431 0.0129428 0.0129398 0.0131197
0.0112314 0.00833363 0.18463 0.238176 0.23479 0.429366 0.0126864 0.0126873 0.0126267
0.011514 0.00849795 0.171218 0.242683 0.240156 0.371046 0.0127442 0.0127553 0.0120819
0.0113741 0.00829194 0.202731 0.237912 0.23457 0.439734 0.0124811 0.0124251 0.016205
0.0115125 0.00845627 0.217761 0.243774 0.240538 0.434669 0.0128166 0.01282 0.012619
0.0113275 0.0082764 0.193797 0.240813 0.23768 0.422211 0.0126166 0.0125669 0.0155455
0.0116642 0.00867137 0.209919 0.238269 0.234991 0.437197 0.0127612 0.0127062 0.016026
0.0121537 0.00911544 0.204258 0.251542 0.248665 0.416894 0.0131486 0.0130321 0.0206563
0.0113667 0.00857241 0.183137 0.239718 0.236176 0.472915 0.0125525 0.0124408 0.0203036
0.0115573 0.0087063 0.204906 0.236602 0.233128 0.44051 0.0126638 0.0125791 0.0181273
0.0117951 0.00888983 0.205919 0.23809 0.234328 0.453633 0.0130982 0.0130579 0.0158212
0.0117955 0.008913 0.209375 0.240059 0.236314 0.447708 0.0129374 0.0128629 0.0177015
0.0118905 0.00897474 0.200168 0.238164 0.234245 0.463124 0.0131476 0.0130838 0.0173693
0.011342 0.00859133 0.186445 0.229496 0.225645 0.460966 0.0132329 0.0131218 0.0204864
0.0121755 0.00905321 0.196982 0.236369 0.233126 0.413717 0.0129905 0.0128848 0.0190106
0.0117847 0.00878302 0.211986 0.238428 0.234867 0.448526 0.0126709 0.0125256 0.022088
0.0114129 0.00833208 0.192937 0.238955 0.23534 0.440671 0.0121886 0.0120443 0.0211034
0.0114172 0.00854358 0.190778 0.239385 0.235892 0.457571 0.0125544 0.0124455 0.0191311
0.0113968 0.00844849 0.19975 0.24092 0.237928 0.409495 0.0124116 0.0123093 0.0186397
0.0112893 0.00833463 0.188093 0.243 0.239982 0.408169 0.012124 0.0120028 0.0197206
0.0113627 0.00848828 0.191336 0.245161 0.24138 0.479177 0.0125014 0.0124545 0.0152671
0.0111722 0.00825066 0.182162 0.239903 0.235985 0.47646 0.0127839 0.0126686 0.0200478
0.0114747 0.00843567 0.197276 0.243937 0.239942 0.490934 0.013004 0.0129033 0.019864
0.0119033 0.00879324 0.228301 0.248581 0.244563 0.498588 0.0133356 0.0132384 0.0199979
0.0115567 0.00858852 0.215245 0.242551 0.23841 0.534981 0.0125111 0.0124034 0.0202345
0.0112571 0.00826592 0.209127 0.244413 0.240695 0.461358 0.0128104 0.012732 0.0173743
0.0113347 0.00826005 0.20205 0.246836 0.243319 0.430931 0.0126748 0.0125963 0.0170286
0.0113716 0.00832736 0.199503 0.248443 0.244968 0.456977 0.012382 0.0123256 0.0158522
0.0113404 0.00835577 0.202882 0.245814 0.242661 0.424039 0.0119646 0.0119298 0.0139228
0.0112126 0.00846787 0.18429 0.240821 0.237587 0.426445 0.0120538 0.0120277 0.0136631
0.0108007 0.00814676 0.195993 0.24028 0.236881 0.435817 0.0120923 0.0120427 0.0151384
0.0109539 0.00813713 0.200703 0.240838 0.237297 0.443807 0.0119955 0.0119459 0.0156434
0.010668 0.00800711 0.181982 0.23857 0.235048 0.426074 0.0125487 0.0125074 0.0151127
0.0104971 0.00768724 0.197733 0.237429 0.233632 0.448208 0.0119122 0.0118599 0.015499
0.0104497 0.00782421 0.168853 0.238618 0.234931 0.447542 0.011874 0.0118268 0.0148931
0.0104412 0.00775633 0.177423 0.237389 0.234072 0.422688 0.0113126 0.0112825 0.0130858
0.0110274 0.00819011 0.176488 0.239953 0.23628 0.452141 0.011723 0.0116734 0.0147513
0.0110674 0.00825873 0.188976 0.238823 0.235224 0.436998 0.0115078 0.0114568 0.0146265
0.0113489 0.00855664 0.166714 0.24311 0.240362 0.378053 0.0116168 0.0115822 0.0135156
0.0111507 0.00828412 0.155129 0.239882 0.236729 0.39147 0.0115886 0.0115301 0.014881
0.0112654 0.00837125 0.163208 0.244405 0.241789 0.365515 0.0119422 0.0118796 0.0153156
0.0106654 0.00786208 0.184315 0.245407 0.242285 0.408026 0.012086 0.0119927 0.0174069
0.0107991 0.00793187 0.178937 0.247221 0.243696 0.432833 0.0120077 0.011909 0.0179618
0.0111418 0.00819945 0.164826 0.243236 0.239632 0.431496 0.0122964 0.0122128 0.0169684
0.0111585 0.00829856 0.148932 0.243958 0.240907 0.372098 0.0123389 0.0123 0.0142116
0.0108342 0.00804859 0.150733 0.237762 0.234396 0.397123 0.0121622 0.0120818 0.0162548
0.0108697 0.00811664 0.146749 0.242025 0.238899 0.395832 0.0119323 0.0118825 0.0144649
0.0109669 0.00818608 0.180208 0.245012 0.242019 0.400648 0.0125762 0.0125537 0.0137968
0.0105829 0.00775768 0.164594 0.23909 0.236579 0.357235 0.0124606 0.0123814 0.0169371
0.0108842 0.00800158 0.164997 0.244253 0.240795 0.422723 0.0126101 0.0125098 0.019047
0.0105466 0.00761986 0.19168 0.229848 0.226202 0.413511 0.012114 0.0119404 0.0228822
0.010529 0.00779317 0.165631 0.246954 0.243846 0.388148 0.0126715 0.012506 0.0227362
0.0107547 0.0079225 0.167023 0.240044 0.236074 0.429613 0.0121773 0.0120532 0.0191878
0.0107363 0.0078419 0.193 0.238495 0.233971 0.478511 0.0123189 0.0121603 0.0222292
0.0103494 0.00757591 0.1678 0.23756 0.233058 0.469188 0.0124752 0.0123219 0.020973
0.0101427 0.00732115 0.165948 0.228293 0.224015 0.445106 0.0121559 0.0119483 0.0239969
0.0106509 0.00785544 0.156989 0.237395 0.233968 0.391226 0.0117178 0.0115908 0.018082
0.0100583 0.00739606 0.151094 0.234416 0.231331 0.377006 0.0117199 0.0116003 0.0175909
0.0110464 0.00816392 0.1553 0.23484 0.231517 0.406519 0.011886 0.0117552 0.0193735
0.0110659 0.00812655 0.163299 0.234119 0.231479 0.349567 0.0115613 0.0113867 0.0209464
0.0114658 0.00848041 0.196479 0.24343 0.240172 0.425105 0.0118584 0.0116879 0.0223828
0.0115436 0.00844597 0.185965 0.24057 0.237234 0.400705 0.0117768 0.0116663 0.0181629
0.0113156 0.00816 0.195505 0.240085 0.237022 0.39214 0.0116695 0.0115368 0.0193789
0.0111821 0.00810292 0.175476 0.238711 0.236146 0.36239 0.0117493 0.0116728 0.0158384
0.0113137 0.00814469 0.212592 0.245782 0.243048 0.38338 0.0121824 0.0121038 0.0164689
0.0115767 0.00840011 0.204664 0.244764 0.241389 0.427775 0.011975 0.0119232 0.014977
0.0111288 0.00822688 0.192983 0.238708 0.235353 0.424693 0.0119202 0.0118304 0.0177658
0.0117143 0.00855473 0.176303 0.243631 0.240535 0.394723 0.0123962 0.0123094 0.0172494
0.0114295 0.00842517 0.188213 0.247093 0.243556 0.453608 0.0121008 0.0120459 0.0153492
0.0112693 0.00830951 0.195926 0.247162 0.244025 0.417745 0.0120798 0.012058 0.013364
0.0114571 0.00838896 0.194012 0.241619 0.239585 0.348624 0.0124029 0.012322 0.0174222
0.0112972 0.00844165 0.175526 0.234935 0.233105 0.336754 0.011808 0.0117662 0.014582
0.0121263 0.00907931 0.191175 0.249401 0.246996 0.373631 0.0124509 0.01243 0.0136017
0.011684 0.00862329 0.193795 0.232052 0.230255 0.328197 0.0122159 0.0121926 0.0135174
0.0112093 0.00836169 0.160278 0.237023 0.235773 0.291828 0.0120329 0.0120338 0.011987
0.0115788 0.00849815 0.183711 0.239986 0.237673 0.355894 0.0121186 0.0120192 0.0175631
0.0109693 0.00794857 0.16269 0.242892 0.240509 0.344144 0.0119192 0.0118088 0.0176433
0.0112864 0.00838734 0.159879 0.241684 0.238997 0.372871 0.0127139 0.0126777 0.0145794
0.0112737 0.00808463 0.185429 0.236941 0.233566 0.430323 0.0120379 0.0119651 0.0165443
0.0114327 0.00831439 0.186378 0.247044 0.243213 0.431939 0.0119284 0.011832 0.0172046
0.0113826 0.00831201 0.171055 0.238118 0.234373 0.434025 0.0122916 0.0122606 0.0138677
0.0107508 0.00783356 0.188946 0.238201 0.233658 0.502789 0.0123587 0.0122564 0.0181343
0.0114315 0.00842511 0.1716 0.235647 0.231621 0.445481 0.0121943 0.0120299 0.0209955
0.0113624 0.00846077 0.163146 0.239897 0.235528 0.472551 0.0120686 0.0119347 0.0189998
0.011734 0.00867037 0.193896 0.240426 0.236846 0.428019 0.0117722 0.0116596 0.018249
0.0114867 0.00838447 0.171178 0.245887 0.243001 0.376959 0.0118004 0.0117067 0.0169251
0.0119599 0.00883237 0.211385 0.248674 0.2453 0.427068 0.0117454 0.0116232 0.0196522
0.0119245 0.00886436 0.18772 0.250798 0.24779 0.404011 0.0120057 0.0119522 0.0149421
0.0123704 0.00908295 0.192504 0.254151 0.250547 0.441002 0.012475 0.0123782 0.0179429
0.0119173 0.00885277 0.207261 0.248255 0.243795 0.509547 0.0120297 0.0119207 0.0185039
0.0123908 0.00929647 0.200715 0.256125 0.252095 0.4896 0.0122287 0.0121169 0.0192421
0.0117016 0.00852846 0.207465 0.24902 0.244663 0.511831 0.0121429 0.0120496 0.0182114
0.0117677 0.00874546 0.184886 0.242462 0.238601 0.446876 0.0122668 0.0121396 0.0191775
0.0117283 0.00869144 0.207783 0.246424 0.243119 0.418365 0.0127036 0.012602 0.0189659
0.0114803 0.00831973 0.183541 0.231286 0.22743 0.449335 0.0123007 0.0122003 0.0181328
0.0118414 0.00867757 0.205712 0.23486 0.231782 0.393731 0.0125001 0.0124208 0.016977
0.0113982 0.00827945 0.181333 0.233808 0.231056 0.377082 0.0122931 0.0122243 0.0162305
0.011608 0.00844547 0.208299 0.235769 0.23275 0.412716 0.012605 0.0125174 0.0175222
0.0114737 0.00825466 0.20879 0.2281 0.2257 0.353244 0.012367 0.0122494 0.0195692
0.0110945 0.00797547 0.1927 0.220909 0.21887 0.33339 0.012417 0.0123516 0.0164834
0.0113189 0.0080189 0.190325 0.226978 0.225199 0.315477 0.0124144 0.0123777 0.0143572
0.0117874 0.00848884 0.181396 0.232533 0.230881 0.316287 0.0129002 0.0128571 0.0151211
0.0117362 0.00845399 0.16388 0.235228 0.234034 0.289853 0.0130298 0.0130305 0.0129994
0.0116414 0.00845555 0.160564 0.244287 0.243463 0.281461 0.0129296 0.012942 0.012323
0.0118218 0.00867243 0.15266 0.243427 0.24272 0.27385 0.0133956 0.0134038 0.0130231
0.0115827 0.00857309 0.142922 0.243979 0.243833 0.249527 0.0129049 0.0129042 0.0129378
0.0115615 0.00847136 0.147893 0.247836 0.247386 0.265336 0.0133414 0.0133439 0.0132247
0.011237 0.00818077 0.162257 0.236617 0.235611 0.282266 0.0130008 0.0129816 0.0139156
0.0106272 0.00779305 0.152211 0.239833 0.23818 0.320509 0.0127244 0.0126727 0.0154194
0.0111114 0.00799068 0.177845 0.241528 0.239781 0.333048 0.0123738 0.0122996 0.0163241
0.0106507 0.00773709 0.168054 0.23109 0.229539 0.305409 0.0121754 0.0120821 0.0171677
0.0112675 0.00819942 0.161534 0.240278 0.239138 0.290764 0.0122257 0.0121374 0.0166164
0.0111585 0.00807578 0.19035 0.238405 0.237329 0.29001 0.0124419 0.0123641 0.016635
0.0119475 0.00879016 0.183946 0.257328 0.256141 0.314615 0.0126034 0.0124886 0.0193437
0.0113447 0.0084626 0.176919 0.245597 0.243427 0.370218 0.0126987 0.0126583 0.0148201
0.011332 0.00835909 0.185745 0.238787 0.236914 0.341415 0.012548 0.0124573 0.0176221
0.011351 0.00846765 0.152882 0.249667 0.248314 0.319872 0.0125955 0.0125192 0.0165247
0.0117822 0.00869344 0.175417 0.239579 0.238492 0.29505 0.0126723 0.0125635 0.0183263
0.0116376 0.00860545 0.169586 0.249848 0.24838 0.321637 0.0126331 0.0125473 0.0171728
0.0112917 0.00841426 0.154369 0.243059 0.241609 0.313864 0.0123328 0.0122673 0.0157855
0.0110278 0.00820443 0.156652 0.247161 0.246038 0.298344 0.0123114 0.0122869 0.0135378
0.0113888 0.00845859 0.158983 0.245237 0.244842 0.262041 0.0119456 0.0119132 0.0134458
0.0114888 0.00847026 0.164846 0.244636 0.243986 0.276235 0.0122332 0.0121438 0.0167176
0.0111583 0.0083401 0.159147 0.239078 0.238148 0.286501 0.0125389 0.0124296 0.0177931
0.0113096 0.00847783 0.161907 0.235206 0.234343 0.276598 0.0127691 0.0125882 0.0218146
0.0114552 0.00853352 0.160004 0.245933 0.245257 0.277248 0.0126072 0.0123585 0.0245817
0.011814 0.00875342 0.164047 0.242629 0.241988 0.272654 0.0128805 0.0125578 0.0287915
0.0121406 0.00906786 0.161502 0.250564 0.249908 0.280716 0.0128922 0.0126273 0.0253748
0.0115124 0.00846648 0.15856 0.250177 0.249735 0.269804 0.0126054 0.0123261 0.026698
0.0118916 0.00858748 0.203786 0.247162 0.245399 0.33424 0.0126135 0.0122145 0.0346076
0.0115328 0.00833577 0.182387 0.249262 0.248083 0.306368 0.01228 0.0118579 0.0341719
0.011287 0.00812076 0.173258 0.247614 0.246103 0.324862 0.0122412 0.0118588 0.0315406
0.0118702 0.00866662 0.178977 0.247929 0.247079 0.288473 0.0124088 0.0120531 0.0309189
0.0115851 0.00861186 0.145976 0.25026 0.249792 0.270821 0.0125479 0.0122721 0.0260277
0.0112299 0.00827252 0.175505 0.251436 0.249567 0.358816 0.0122206 0.0120061 0.0240717
0.0108437 0.00804184 0.154799 0.247319 0.245976 0.31609 0.0118264 0.011641 0.0213082
0.0110858 0.00805674 0.190342 0.242109 0.240397 0.33664 0.0117341 0.0114732 0.0272901
0.0111553 0.00797625 0.187439 0.245272 0.242318 0.42534 0.0120834 0.0117793 0.0305734
0.0109047 0.00785033 0.196361 0.238372 0.236197 0.351089 0.0116296 0.0114397 0.0218124
0.0110171 0.00787448 0.19579 0.245275 0.243008 0.364856 0.0115272 0.0113066 0.0244612
0.011099 0.00804307 0.164641 0.244331 0.242318 0.339844 0.0117513 0.0115655 0.0215841
0.0110514 0.00776948 0.177043 0.249018 0.24677 0.356883 0.012198 0.0119904 0.0234117
0.0117149 0.00837818 0.174923 0.250878 0.248609 0.352409 0.0121156 0.0119557 0.0196689
0.0112432 0.00810128 0.16413 0.24413 0.241959 0.341803 0.0119582 0.0117245 0.0244468
0.0115528 0.00837463 0.187826 0.246027 0.243682 0.367038 0.0118745 0.0116706 0.0234078
0.0115534 0.00837971 0.177525 0.248558 0.246537 0.342914 0.0117092 0.0115912 0.0180119
0.0119414 0.00879453 0.19793 0.244606 0.241799 0.402878 0.0120185 0.0117663 0.0277961
0.0117303 0.00864615 0.194568 0.24426 0.2423 0.347384 0.0122128 0.0120215 0.0236069
0.0113395 0.00813898 0.18897 0.234227 0.233339 0.27832 0.0120219 0.0118355 0.022024
0.011413 0.00832372 0.174094 0.237436 0.23584 0.313264 0.0120998 0.0119228 0.0213123
0.0118319 0.00861904 0.194563 0.246032 0.243291 0.405462 0.0123022 0.012088 0.0258262
0.0115478 0.00832601 0.181927 0.245593 0.243456 0.359508 0.0121478 0.0120054 0.0195376
0.0114694 0.00830152 0.198872 0.247608 0.245626 0.346414 0.0121109 0.0119291 0.0224158
0.0118426 0.00857816 0.20159 0.240984 0.238386 0.377705 0.0120901 0.0118252 0.0276024
0.0112772 0.00813827 0.181876 0.244033 0.241868 0.355096 0.0121091 0.0118807 0.0251212
0.0113976 0.00830088 0.161754 0.243037 0.241147 0.339162 0.0121873 0.0119644 0.0237485
0.0107729 0.00759682 0.167754 0.239751 0.237982 0.331546 0.011931 0.0116766 0.0254701
0.0108142 0.00779621 0.177664 0.238821 0.237078 0.335438 0.0122956 0.0120404 0.0267408
0.0116317 0.00829518 0.197306 0.245183 0.244112 0.299736 0.012775 0.0125297 0.0253568
0.0119171 0.00859291 0.184398 0.244938 0.243064 0.347417 0.0125392 0.0122964 0.0248416
0.0121189 0.00858723 0.209719 0.249288 0.247729 0.327233 0.0129329 0.0125841 0.032016
0.0116129 0.00825462 0.216911 0.25794 0.256562 0.33427 0.013511 0.0131664 0.0317399
0.0119859 0.00860103 0.202532 0.25825 0.256873 0.328999 0.0132923 0.0130248 0.027024
0.0116377 0.00848921 0.173822 0.247768 0.246528 0.312789 0.0133853 0.0131511 0.0260094
0.011599 0.00838661 0.192982 0.260006 0.258922 0.317343 0.0134382 0.0132466 0.0233119
0.0115688 0.00842717 0.169718 0.257478 0.256857 0.287963 0.0134013 0.0131574 0.0257703
0.0118109 0.00844101 0.193001 0.248743 0.247267 0.335811 0.0136915 0.0133968 0.0317564
0.0114761 0.00831461 0.176227 0.248287 0.247413 0.290157 0.0135319 0.0132125 0.0301492
0.0116384 0.00851679 0.18744 0.25771 0.256004 0.356297 0.0131776 0.0129393 0.0269722
0.0104694 0.00754507 0.162992 0.250745 0.249317 0.324646 0.0127938 0.012603 0.0230665
0.0113357 0.00809094 0.183309 0.253583 0.252216 0.324038 0.0126512 0.0124527 0.0232998
0.0111646 0.00803151 0.170407 0.254972 0.253564 0.325557 0.0124757 0.0122798 0.0232827
0.0115052 0.00814416 0.218121 0.251903 0.249977 0.352339 0.012814 0.0125801 0.0263628
0.0114232 0.00807981 0.181491 0.249002 0.247445 0.324017 0.0129739 0.0127713 0.0228597
0.0109865 0.00754452 0.201851 0.23909 0.237029 0.337608 0.012572 0.0123372 0.0241571
0.0113088 0.00796589 0.200876 0.24442 0.24165 0.391998 0.0125875 0.0123213 0.0282814
0.0113028 0.00825161 0.160551 0.250948 0.248295 0.381747 0.0127363 0.0125297 0.0238422
0.0119026 0.00863033 0.172381 0.244366 0.242259 0.345003 0.0124013 0.0122272 0.0215907
0.0118707 0.0087073 0.165735 0.233017 0.231362 0.309527 0.0127164 0.0125184 0.0224192
0.0112227 0.00799399 0.160843 0.248231 0.24673 0.319043 0.0127196 0.0124648 0.0254892
0.0117205 0.00824209 0.198066 0.250783 0.24898 0.334429 0.0127881 0.0124278 0.0326931
0.0115037 0.0082005 0.167023 0.249234 0.247578 0.327179 0.0126809 0.012403 0.0272099
0.0116445 0.00823271 0.195068 0.240656 0.239241 0.310199 0.012461 0.0121303 0.0310283
0.0112979 0.00798303 0.208747 0.245075 0.243217 0.339426 0.0129546 0.0126754 0.0303427
0.0116638 0.00814344 0.210214 0.259001 0.257194 0.358766 0.0130508 0.0127338 0.0328221
0.011478 0.00811164 0.209316 0.256198 0.254476 0.353679 0.0131198 0.0128423 0.030358
0.0116991 0.00847144 0.20748 0.259018 0.25681 0.382214 0.0133713 0.0131094 0.0291123
0.011241 0.00797173 0.19727 0.248188 0.245927 0.376385 0.0124952 0.0122878 0.0239816
0.0113731 0.00813582 0.203702 0.241976 0.239829 0.362142 0.0124514 0.0121592 0.0316792
0.0112028 0.00798168 0.21622 0.24647 0.244008 0.395019 0.0126437 0.0123973 0.0281399
0.011757 0.00841851 0.234958 0.246876 0.244865 0.358537 0.0120061 0.0117734 0.0268733
0.011608 0.00826374 0.236245 0.249705 0.246704 0.440736 0.0125483 0.0122879 0.0311982
0.011427 0.00833839 0.226086 0.250795 0.248541 0.388648 0.0125561 0.0123416 0.0273582
0.0112842 0.00824762 0.225316 0.241087 0.239042 0.359964 0.0124803 0.0122759 0.0261292
0.0115987 0.00839707 0.245216 0.242832 0.240389 0.393368 0.0121525 0.0119109 0.0290311
0.0126918 0.00936181 0.244477 0.245867 0.242861 0.436622 0.0128975 0.0127265 0.024973
0.0122428 0.00897206 0.223479 0.241863 0.238463 0.44631 0.012894 0.0127239 0.0249692
0.0120564 0.00892806 0.214097 0.250849 0.247384 0.449113 0.0132955 0.0131329 0.0235345
0.0121492 0.00901671 0.197044 0.25408 0.251318 0.40179 0.0132859 0.0131837 0.0189618
0.0116267 0.00859723 0.211225 0.246684 0.243523 0.439161 0.0132539 0.0131199 0.0218831
0.0115147 0.0085073 0.196788 0.247777 0.24472 0.438969 0.0132492 0.0131074 0.0217359
0.0114004 0.00831322 0.217977 0.246902 0.244318 0.394487 0.0131522 0.0130093 0.0226334
0.011607 0.00843982 0.19237 0.245947 0.24364 0.373602 0.0133738 0.0132011 0.0248862
0.0107708 0.00791363 0.199897 0.240317 0.238122 0.372041 0.0133686 0.0132297 0.0232572
0.011276 0.00822206 0.201662 0.240996 0.238574 0.401323 0.0134964 0.0133127 0.0260903
0.0113983 0.00831439 0.205187 0.248035 0.245756 0.396315 0.0135406 0.0133976 0.0227196
0.011518 0.00828802 0.217188 0.249003 0.246664 0.378795 0.0135573 0.0134607 0.0189504
0.0118604 0.00850202 0.202225 0.253205 0.251555 0.335032 0.0137665 0.0136413 0.0211662
0.0120594 0.00865901 0.208008 0.249656 0.247808 0.347687 0.0133243 0.0131342 0.0249523
0.0117761 0.00850893 0.20135 0.247279 0.245025 0.367498 0.0135425 0.0133957 0.0226205
0.0118637 0.00875512 0.221295 0.249671 0.24672 0.423664 0.0133059 0.0131419 0.0249215
0.0120399 0.00884084 0.184118 0.251978 0.249596 0.373716 0.0135809 0.0134415 0.021373
0.011948 0.0088833 0.164072 0.245544 0.243495 0.346965 0.0133551 0.0132718 0.0184551
0.0117187 0.00854673 0.201957 0.241118 0.238404 0.389775 0.0131548 0.0130215 0.0217796
0.0122909 0.00891409 0.237839 0.25694 0.253867 0.43469 0.013221 0.0131123 0.020199
0.0115139 0.00837083 0.2108 0.244019 0.24134 0.394069 0.01306 0.012916 0.0226611
0.0116834 0.00859996 0.187074 0.236769 0.233923 0.400609 0.0123048 0.0121955 0.0188778
0.011564 0.00849146 0.206792 0.242808 0.240389 0.373704 0.0130856 0.0129717 0.0197159
0.0112076 0.00817334 0.196606 0.236753 0.234697 0.350147 0.0125473 0.0124183 0.0210971
0.0109531 0.00801451 0.185283 0.238315 0.236019 0.360776 0.0130626 0.0129604 0.0190791
0.0113184 0.00809086 0.213805 0.238387 0.236237 0.355227 0.012888 0.012795 0.0191661
0.0112681 0.0082078 0.194043 0.240952 0.23909 0.342403 0.0132075 0.0131357 0.0178091
0.0113677 0.00827308 0.209756 0.2456 0.244008 0.337302 0.0133228 0.0132838 0.0157263
0.0110728 0.00811135 0.200047 0.235163 0.233093 0.365148 0.012893 0.0128144 0.0179137
0.0110316 0.00805605 0.199978 0.238549 0.236867 0.338592 0.0132724 0.0131776 0.0196454
0.0113677 0.00830051 0.214825 0.240285 0.238741 0.325162 0.013117 0.013025 0.0188609
0.0114636 0.00855182 0.187988 0.245505 0.24351 0.358979 0.0126974 0.0125984 0.0190107
0.0121077 0.00897742 0.215576 0.240371 0.23817 0.369358 0.0124973 0.0123983 0.0181606
0.0126168 0.00940089 0.208373 0.251802 0.249123 0.415918 0.0129027 0.0128234 0.017938
0.0121759 0.0089018 0.225177 0.251591 0.24967 0.365515 0.0128669 0.0127676 0.0191583
0.0117651 0.00859199 0.203289 0.251601 0.249443 0.372167 0.0129917 0.0128959 0.0183753
0.0115703 0.00845556 0.211166 0.253091 0.25042 0.430977 0.0132482 0.0131718 0.0177772
0.0117428 0.00865033 0.205676 0.252466 0.250543 0.367937 0.0134957 0.0134116 0.0184588
0.0118172 0.0088113 0.187334 0.253395 0.251333 0.380952 0.0136489 0.0135568 0.0191275
0.0122577 0.00894856 0.195836 0.256714 0.255215 0.337111 0.0138021 0.0137221 0.0180071
0.0115514 0.00857106 0.184267 0.256383 0.255121 0.31929 0.0134033 0.0133316 0.0171263
0.0117187 0.00857501 0.170614 0.259917 0.258835 0.309786 0.0133107 0.01327 0.0153237
0.0118668 0.00865164 0.206593 0.259171 0.25739 0.358562 0.0133921 0.0133171 0.0173669
0.0119521 0.00862341 0.210672 0.253251 0.251491 0.361842 0.0130748 0.0129594 0.0196972
0.0124464 0.00923842 0.195538 0.257241 0.255376 0.375926 0.0129709 0.0128202 0.0221015
0.0124392 0.00917923 0.193288 0.253386 0.251859 0.343605 0.0126384 0.0125157 0.0194142
0.0119976 0.008941 0.187564 0.254147 0.25267 0.340723 0.0127983 0.0127188 0.0176588
0.0118656 0.00867596 0.19734 0.256812 0.255578 0.3231 0.0128259 0.012733 0.018242
0.0118427 0.00861173 0.214174 0.253332 0.251709 0.353342 0.0128823 0.0127509 0.0211649
0.0113872 0.00830817 0.194942 0.251748 0.250471 0.318108 0.0127131 0.0125998 0.0191394
0.0112892 0.00816414 0.202986 0.248936 0.24769 0.319953 0.0124612 0.012397 0.0157168
0.0113341 0.00834546 0.186168 0.246846 0.24557 0.317241 0.0128906 0.0127832 0.0191536
0.0108299 0.0077693 0.182369 0.239039 0.237696 0.312056 0.0124749 0.0123566 0.0187865
0.0111776 0.00800142 0.191598 0.247991 0.246936 0.303038 0.0124779 0.0124387 0.0147088
0.0115693 0.0083254 0.187283 0.251631 0.250355 0.318829 0.0124246 0.0123584 0.0162756
0.0111971 0.00814792 0.185076 0.248025 0.245924 0.372751 0.012004 0.0119421 0.0155096
0.011726 0.00853189 0.194987 0.259266 0.257106 0.383457 0.0123039 0.0121941 0.0190079
0.0122408 0.00898025 0.191415 0.255083 0.253468 0.344839 0.0122347 0.0121234 0.0186752
0.0115508 0.00852288 0.175479 0.249542 0.248123 0.323168 0.0123707 0.0122397 0.0201113
0.011863 0.00880612 0.178828 0.24823 0.246952 0.316823 0.0124326 0.0122688 0.0213132
0.0119413 0.00873812 0.21543 0.252006 0.24994 0.380838 0.0126283 0.0124245 0.0252842
0.0114941 0.00841581 0.195954 0.241446 0.239302 0.375412 0.0124812 0.0122705 0.0248375
0.0117964 0.00877268 0.171848 0.249659 0.248321 0.319441 0.0127085 0.0125716 0.0201888
0.011411 0.00848775 0.203858 0.247695 0.245728 0.379717 0.012477 0.012276 0.0263789
0.0118049 0.00881596 0.223925 0.253316 0.251562 0.361546 0.0126248 0.012455 0.0239752
0.0118632 0.00872437 0.231116 0.256914 0.255552 0.337309 0.0135182 0.0132996 0.0270291
0.0117709 0.00864289 0.211372 0.247167 0.245532 0.341801 0.01327 0.0130377 0.0287511
0.0118176 0.008831 0.178191 0.244576 0.243031 0.33329 0.0130536 0.0128985 0.0214822
0.0113727 0.00847242 0.182708 0.248739 0.247471 0.321414 0.0133997 0.013205 0.0242633
0.0117971 0.00869249 0.192406 0.247323 0.245637 0.350726 0.0132064 0.0130188 0.0238358
0.0121273 0.00887639 0.209319 0.244762 0.243493 0.313171 0.0131867 0.012991 0.0238752
0.012049 0.00908828 0.168966 0.242979 0.242029 0.294497 0.0129355 0.0127995 0.0206224
0.0122054 0.00912119 0.184335 0.248261 0.247103 0.316801 0.0131673 0.013112 0.0163581
0.0119186 0.0087715 0.210865 0.25062 0.249431 0.319105 0.0135119 0.0134773 0.0155672
0.0120204 0.00884284 0.190661 0.247551 0.245907 0.345918 0.013612 0.0135346 0.0183609
0.0118274 0.0087738 0.185586 0.246499 0.245199 0.316762 0.0135125 0.0134811 0.0154669
0.0122852 0.00900635 0.219765 0.252043 0.250013 0.37481 0.0137505 0.0137403 0.0143581
0.0116602 0.0087032 0.183241 0.24174 0.23989 0.351184 0.0133751 0.0133336 0.0158767
0.0117727 0.00873397 0.176215 0.244236 0.24223 0.359667 0.0131725 0.0131465 0.0145799
0.0117134 0.0087201 0.187047 0.248398 0.246073 0.386648 0.0130344 0.0130159 0.0141446
0.0118324 0.0087748 0.175947 0.249937 0.247857 0.376941 0.0131878 0.0131899 0.013073
0.0117725 0.00871047 0.167934 0.251781 0.250331 0.335217 0.0130188 0.0130435 0.0116548
0.0113534 0.00838183 0.19002 0.244863 0.243094 0.356997 0.0130539 0.0130611 0.0125907
0.0111223 0.00812065 0.198254 0.24834 0.246309 0.385948 0.0124303 0.012419 0.0131311
0.0111253 0.00803895 0.21568 0.249667 0.247497 0.39147 0.0126648 0.0126247 0.0150309
0.0117812 0.00857961 0.230499 0.245285 0.242762 0.404703 0.0126833 0.0126302 0.0162047
0.0116596 0.00849458 0.231443 0.251206 0.249458 0.353192 0.0130208 0.0128954 0.0213373
0.011831 0.00874064 0.227426 0.237475 0.235049 0.410583 0.0134983 0.0134214 0.0191908
0.0111691 0.00824136 0.222942 0.237174 0.23461 0.42475 0.013073 0.0129922 0.0189348
0.011271 0.00825 0.218681 0.237855 0.2358 0.372422 0.0133561 0.0133145 0.0161938
0.0112142 0.00826324 0.208764 0.235687 0.23349 0.38538 0.0132856 0.0132567 0.0152033
0.0119274 0.00877303 0.225897 0.227863 0.225865 0.350712 0.0133601 0.0133028 0.0172682
0.0115105 0.00856311 0.205957 0.224853 0.222795 0.350614 0.0134086 0.0133394 0.0178024
0.0113694 0.00825548 0.209347 0.234136 0.232035 0.368699 0.013392 0.0133089 0.0184066
0.0116819 0.00867288 0.214493 0.235763 0.233365 0.397883 0.0138549 0.0137687 0.0201777
0.0115854 0.00851686 0.202779 0.23266 0.230655 0.353613 0.0133782 0.0132768 0.0200608
0.0122639 0.00906514 0.228501 0.243681 0.241033 0.43608 0.0137065 0.0135827 0.0220789
0.0118519 0.00871571 0.217534 0.243886 0.241827 0.369626 0.0137446 0.0136736 0.018688
0.0111097 0.00831123 0.206366 0.23069 0.228962 0.343068 0.013157 0.0130716 0.0192642
0.0115606 0.00855392 0.218423 0.240709 0.239144 0.336979 0.0132111 0.0130976 0.0209532
0.0121768 0.00901207 0.212922 0.253331 0.251694 0.350378 0.0136229 0.0135678 0.0166269
0.0114617 0.00853774 0.217083 0.248112 0.245774 0.419145 0.0128406 0.0127618 0.0181707
0.0118156 0.00900433 0.190139 0.249463 0.248217 0.32053 0.0127837 0.0127336 0.0158246
0.0120836 0.00911058 0.20316 0.247131 0.245542 0.355091 0.0123437 0.0122576 0.0183172
0.0120965 0.00900479 0.210716 0.249854 0.248071 0.365487 0.0121677 0.0120801 0.0182614
0.0115856 0.00856487 0.225794 0.255542 0.253795 0.366019 0.0124613 0.0124129 0.0156731
0.0109097 0.00815052 0.192718 0.241002 0.239535 0.333996 0.0122344 0.012221 0.0131346
0.0112608 0.00832488 0.239413 0.244909 0.242827 0.397935 0.0124126 0.0123741 0.0149017
0.0112923 0.00827081 0.209567 0.247154 0.245704 0.341695 0.012459 0.0124007 0.0165845
0.0114971 0.00847231 0.228093 0.244318 0.242954 0.336343 0.0126303 0.0125702 0.017055
0.0118301 0.00876622 0.223238 0.244927 0.243258 0.352687 0.0128969 0.012852 0.0159827
0.0117472 0.00881945 0.205871 0.254444 0.25281 0.359523 0.0133043 0.0132852 0.0145056
0.0118299 0.008848 0.224159 0.253143 0.251108 0.38716 0.0131344 0.0130731 0.0173316
0.0117829 0.00883237 0.201704 0.247398 0.24608 0.324448 0.0126537 0.0126595 0.0122701
0.0118733 0.00883154 0.196383 0.254542 0.252893 0.347769 0.0127408 0.012752 0.0120867
0.0115577 0.00887921 0.190729 0.240623 0.239272 0.32446 0.0123739 0.0123636 0.0130862
0.011445 0.00861065 0.205315 0.245185 0.243535 0.348191 0.0132627 0.0132719 0.0126337
0.0119115 0.00887156 0.24238 0.257878 0.256188 0.368335 0.0132838 0.0132615 0.0148762
0.0116974 0.0087193 0.196187 0.254626 0.252909 0.364172 0.0134777 0.0134601 0.0146492
0.0115441 0.0088094 0.185056 0.251473 0.250058 0.343259 0.0131202 0.0131247 0.0128184
0.0113132 0.00843125 0.178395 0.252828 0.250806 0.377843 0.0130464 0.0130305 0.0140074
0.01157 0.00864725 0.197165 0.250332 0.248427 0.365722 0.013127 0.0131096 0.0141911
0.0111493 0.00818429 0.211289 0.251336 0.24928 0.383429 0.0124564 0.0124294 0.0141868
0.0115816 0.0086342 0.205621 0.263385 0.261855 0.351997 0.0131019 0.0130827 0.014362
0.0114993 0.00866251 0.186801 0.256681 0.255371 0.33168 0.0132236 0.0131863 0.0155838
0.0112102 0.00843022 0.214994 0.26139 0.25957 0.380232 0.0130064 0.0129207 0.0190858
0.0109813 0.00816961 0.211188 0.248373 0.246777 0.351403 0.0124765 0.0123818 0.0190524
0.0109021 0.00790802 0.213253 0.252256 0.250517 0.370324 0.0126468 0.0126117 0.0149674
0.0105715 0.00780656 0.209808 0.250834 0.24889 0.38818 0.0125972 0.0125236 0.0179661
0.0114292 0.00847469 0.215033 0.250674 0.248515 0.402179 0.0129196 0.0127665 0.0239173
0.0112748 0.00845608 0.217892 0.249766 0.247517 0.399276 0.0125229 0.0124183 0.0204507
0.0109285 0.00807014 0.245604 0.248766 0.246101 0.439652 0.0124476 0.0123915 0.0168394
0.0108825 0.00811259 0.201543 0.248447 0.246264 0.398326 0.0127422 0.0127553 0.0118678
0.0114912 0.00858312 0.227129 0.249126 0.246811 0.416708 0.0129251 0.0128986 0.014913
0.0119883 0.00880051 0.241789 0.256067 0.254017 0.387874 0.0129627 0.0128941 0.0182868
0.011848 0.00876778 0.197122 0.259401 0.258223 0.320632 0.0128359 0.0128261 0.0134296
0.011313 0.00840108 0.209405 0.255045 0.253714 0.333602 0.0121152 0.0120781 0.0145683
0.011337 0.00832238 0.224841 0.260981 0.259357 0.363183 0.0118191 0.0117769 0.0150806
0.0117555 0.00867663 0.229991 0.251951 0.250146 0.367009 0.01214 0.0120422 0.0194354
0.011439 0.00854672 0.240116 0.251888 0.250182 0.374391 0.0119938 0.0119238 0.0174379
0.0110337 0.00826822 0.195277 0.25235 0.251052 0.339391 0.0116132 0.0115119 0.0189501
0.0121604 0.00894679 0.222921 0.259372 0.257772 0.363513 0.0121529 0.0120626 0.0188672
0.0117052 0.00875432 0.177778 0.257486 0.256208 0.329503 0.0126197 0.0125052 0.0200371
0.0120471 0.00899286 0.175413 0.263508 0.262042 0.344837 0.0129726 0.0128797 0.0185415
0.0118742 0.00894399 0.177329 0.259855 0.258695 0.32279 0.0128613 0.0128046 0.01643
0.0123355 0.00926761 0.210419 0.265072 0.263196 0.385234 0.013168 0.0131132 0.0170336
0.0119226 0.00893759 0.19037 0.250881 0.249366 0.340489 0.0126216 0.0126284 0.0122257
0.0118517 0.00895184 0.188746 0.246674 0.245195 0.329404 0.0130285 0.0129939 0.015122
0.0120473 0.00899966 0.223293 0.247528 0.245771 0.36725 0.0128431 0.0128273 0.013919
0.0117984 0.00893683 0.184541 0.249471 0.247857 0.345916 0.0129427 0.012942 0.0129917
0.0114856 0.00870068 0.207943 0.245578 0.243766 0.358616 0.0130757 0.0130577 0.0144371
0.0118909 0.00903087 0.197116 0.261258 0.260218 0.317933 0.0137497 0.0137356 0.0145621
0.0119623 0.00905425 0.222365 0.256814 0.254808 0.380244 0.013476 0.0134535 0.0150401
0.0119218 0.00891782 0.189083 0.267314 0.265565 0.363756 0.0135161 0.0134272 0.0193263
0.0118309 0.00890696 0.224249 0.256409 0.254321 0.38684 0.0129737 0.0129189 0.0168721
0.0118863 0.00879212 0.210155 0.263769 0.261179 0.426241 0.0132352 0.0131366 0.0196277
0.0124368 0.00934318 0.201547 0.269078 0.266526 0.425851 0.0137013 0.0136064 0.0199053
0.0118951 0.00893285 0.210533 0.259252 0.256884 0.398099 0.0135688 0.0134327 0.0228057
0.011867 0.00873919 0.21526 0.256806 0.254327 0.397819 0.0137095 0.0135987 0.0210432
0.0114782 0.00852957 0.216704 0.259473 0.257497 0.373109 0.0131776 0.0131428 0.0155076
0.0112081 0.0083053 0.215815 0.250886 0.248535 0.38859 0.0130213 0.0130012 0.0144069
0.0116539 0.00858722 0.218279 0.245519 0.243717 0.349733 0.013139 0.0130804 0.0172066
0.0120356 0.00897157 0.230373 0.251821 0.249975 0.37019 0.0131565 0.0130673 0.0200073
0.0123533 0.00920156 0.238446 0.251225 0.249071 0.386548 0.0131277 0.0130176 0.021069
0.0120603 0.00918985 0.208768 0.247575 0.245476 0.372711 0.0133159 0.0132138 0.0207724
0.0123857 0.00939219 0.208094 0.255474 0.253463 0.373344 0.0135828 0.01351 0.0185288
0.0123231 0.00929442 0.204451 0.249553 0.247514 0.370371 0.0133674 0.0132699 0.0201734
0.0121339 0.00917836 0.211111 0.247395 0.244894 0.401788 0.0129434 0.0128886 0.0167131
0.0119204 0.00896429 0.216628 0.250583 0.248325 0.378416 0.0133935 0.0132999 0.0194272
0.012033 0.00913319 0.199607 0.270155 0.268343 0.367451 0.0137817 0.0136979 0.0192066
0.0118579 0.00890862 0.206274 0.261543 0.259449 0.386721 0.013799 0.0136807 0.0214152
0.0117891 0.00891198 0.201834 0.252256 0.250969 0.326301 0.0134906 0.0133826 0.0198712
0.0115271 0.00869934 0.166733 0.259452 0.258393 0.317284 0.0135206 0.0134746 0.0162247
0.0115526 0.00855841 0.179297 0.26105 0.260086 0.310544 0.014386 0.0143067 0.018658
0.0111647 0.00838995 0.187945 0.256854 0.255321 0.340778 0.0140728 0.013951 0.0211581
0.0110022 0.00816706 0.200406 0.255623 0.254211 0.334905 0.0138881 0.013717 0.024971
0.0111797 0.00847744 0.182702 0.247369 0.245813 0.337782 0.0137978 0.0136994 0.0196206
0.0110749 0.00831045 0.195098 0.248041 0.24645 0.336002 0.0137611 0.0136569 0.0204198
0.0112745 0.00847935 0.187655 0.250046 0.247808 0.381153 0.0135433 0.0134392 0.0204262
0.0118036 0.00891472 0.177361 0.256353 0.254287 0.368594 0.0134058 0.0133473 0.0168338
0.0116982 0.00884601 0.195551 0.261584 0.258368 0.469966 0.0137294 0.0135909 0.0238205
0.0118152 0.00892509 0.207458 0.247259 0.244445 0.436426 0.013082 0.0130156 0.0174369
0.0122981 0.00920306 0.201728 0.259718 0.256921 0.435436 0.013217 0.0130549 0.0235088
0.0120695 0.00928208 0.187239 0.253285 0.250975 0.392327 0.013488 0.0134063 0.0192371
0.0119583 0.00922486 0.194868 0.249706 0.247594 0.385446 0.013106 0.0130333 0.0180693
0.0121759 0.00928423 0.199507 0.252938 0.250691 0.396182 0.0127015 0.0126045 0.0194208
0.0117233 0.00877121 0.189883 0.252356 0.250188 0.382132 0.012612 0.0125481 0.0162959
0.0115052 0.00861167 0.188227 0.25166 0.249747 0.351954 0.0127149 0.0126549 0.0159626
0.0120388 0.00906661 0.182588 0.255485 0.253254 0.381288 0.0129648 0.0128768 0.0184363
0.0111062 0.00824686 0.176267 0.257855 0.255873 0.362818 0.0130892 0.0130005 0.0177648
0.0114872 0.00866063 0.188834 0.257548 0.254964 0.409629 0.0131016 0.0129506 0.0229656
0.0113236 0.00854549 0.16264 0.2578 0.255601 0.373272 0.0133375 0.0132161 0.020215
0.0115496 0.00866338 0.194045 0.25854 0.256361 0.3825 0.0137676 0.0135872 0.0239022
0.0111704 0.00831878 0.189398 0.251316 0.249129 0.376873 0.0132475 0.0131389 0.0195241
0.0115233 0.00859639 0.197344 0.242208 0.239566 0.402919 0.0127032 0.0125481 0.0223036
0.0112269 0.00843956 0.179081 0.247818 0.245418 0.390374 0.0127179 0.0125893 0.0207978
0.0111845 0.00839051 0.175961 0.248706 0.246745 0.352894 0.0127057 0.0126024 0.0190499
0.0108407 0.00798488 0.176477 0.247561 0.245367 0.365197 0.0129165 0.0128148 0.0191638
0.0110195 0.00819118 0.180924 0.25174 0.249599 0.367266 0.0127646 0.0126769 0.0181379
0.0110838 0.00824235 0.203154 0.24631 0.243252 0.435176 0.0127929 0.0126726 0.0206538
0.0118383 0.00890144 0.204083 0.25759 0.254501 0.443133 0.0131518 0.0129499 0.0255515
0.0114751 0.00853103 0.193788 0.258872 0.255935 0.424197 0.0132479 0.0130683 0.0250601
0.0111604 0.00839974 0.179022 0.24472 0.242408 0.366431 0.0131464 0.013011 0.0209446
0.0112707 0.00843873 0.205147 0.253821 0.251423 0.407077 0.0130635 0.0129303 0.0218499
0.0109684 0.00817639 0.18155 0.254609 0.252542 0.366419 0.0129504 0.0127931 0.022696
0.0110739 0.00806166 0.217827 0.244123 0.241231 0.437624 0.0125389 0.0123717 0.0242011
0.0113877 0.00840181 0.203404 0.24591 0.242836 0.451064 0.0126824 0.0124749 0.0274096
0.0118249 0.00875649 0.225037 0.248276 0.245361 0.427144 0.0124062 0.0122437 0.0235032
0.0116324 0.00863006 0.220852 0.241428 0.239056 0.384271 0.0126008 0.0124851 0.0204651
0.012072 0.00902441 0.21905 0.248997 0.246677 0.39605 0.0130297 0.0128755 0.0231343
0.0118057 0.00891403 0.174414 0.253884 0.252586 0.324557 0.0129222 0.0127297 0.0252877
0.0116821 0.00866298 0.217882 0.25764 0.255978 0.35624 0.0128444 0.0126625 0.0246861
0.0114608 0.00845202 0.204486 0.251145 0.250162 0.305562 0.0129212 0.0127051 0.0266187
0.0119847 0.00904429 0.208358 0.259626 0.25769 0.382029 0.013329 0.0131873 0.0221826
0.0118941 0.00896317 0.194667 0.264729 0.262686 0.390849 0.0130369 0.0128283 0.0278845
0.0114444 0.00866357 0.189633 0.257199 0.255372 0.366299 0.0132958 0.0131686 0.0218514
0.0118376 0.00883613 0.19939 0.257091 0.255205 0.368308 0.0132073 0.0131129 0.0196831
0.0125054 0.00939591 0.192706 0.259601 0.25732 0.382655 0.0135641 0.0134131 0.022598
0.0122269 0.00907792 0.19794 0.260374 0.258498 0.361934 0.0136603 0.0135043 0.0222427
0.0117697 0.0087182 0.192853 0.255271 0.253128 0.386081 0.0133491 0.0131711 0.0248448
0.0116107 0.00860275 0.18557 0.262078 0.26087 0.324172 0.013205 0.0130975 0.0193866
0.0115195 0.00860313 0.189056 0.253676 0.252186 0.340906 0.0137162 0.0136261 0.0198576
0.0115039 0.0085694 0.185498 0.250766 0.249029 0.349117 0.0133544 0.0132311 0.0215796
0.0124486 0.00934925 0.205163 0.255422 0.253612 0.353604 0.0134028 0.0132429 0.0240692
0.0129274 0.00971616 0.197689 0.262151 0.260653 0.344439 0.0139686 0.0138606 0.0205133
0.0129232 0.00982295 0.196302 0.268077 0.266904 0.331946 0.0140598 0.0139313 0.0219975
0.0125584 0.00961499 0.191126 0.256487 0.254951 0.345251 0.013567 0.0134354 0.0223454
0.0124007 0.00930153 0.194493 0.256502 0.254628 0.372052 0.0139014 0.0136915 0.027585
0.0122155 0.00913822 0.199312 0.260023 0.25831 0.352978 0.0137342 0.0135709 0.0232732
0.0118591 0.00888097 0.189726 0.260783 0.258791 0.372274 0.0138078 0.0136727 0.0216832
0.0118221 0.00889321 0.192437 0.26097 0.259098 0.371529 0.013529 0.0133453 0.0252225
0.0119924 0.00895179 0.184002 0.258909 0.257137 0.359393 0.0134038 0.013231 0.0242986
0.011851 0.00895201 0.201693 0.26987 0.268161 0.374512 0.0133227 0.0131339 0.0246561
0.0123816 0.00915035 0.21255 0.263904 0.26272 0.333254 0.013227 0.013043 0.0253763
0.0129601 0.00971418 0.20715 0.273703 0.272974 0.312271 0.0130682 0.0129084 0.0226985
0.0126595 0.00943628 0.197992 0.275763 0.274313 0.359242 0.0131696 0.0130318 0.0207351
0.0128877 0.00967133 0.221255 0.263783 0.262516 0.337046 0.0136011 0.013452 0.0232652
0.0125929 0.00941207 0.213825 0.254802 0.253674 0.321084 0.0127856 0.0126325 0.0224271
0.0121319 0.0089041 0.209351 0.254722 0.253238 0.337323 0.012774 0.0125989 0.0234437
0.0117335 0.00871213 0.201928 0.256614 0.255617 0.308282 0.0128626 0.0127244 0.0214091
0.0119691 0.00881642 0.202709 0.25373 0.252265 0.333664 0.0128406 0.0127155 0.0204068
0.0116295 0.00856349 0.193982 0.240939 0.239202 0.336681 0.0121396 0.0119966 0.0210737
0.0113742 0.00824588 0.183432 0.241329 0.239581 0.338772 0.0120244 0.0119128 0.0188557
0.012115 0.00894521 0.204364 0.250028 0.248277 0.340225 0.0126022 0.01249 0.0195832
0.0119422 0.00881211 0.194827 0.245111 0.243127 0.353306 0.0125005 0.0124456 0.0158844
0.0120716 0.00878881 0.203676 0.25357 0.2507 0.420227 0.0126285 0.0125254 0.0190761
0.0120237 0.00895912 0.199423 0.259874 0.256866 0.42642 0.0132627 0.0131787 0.0187325
0.0116927 0.00868377 0.174244 0.260978 0.258259 0.400534 0.0131551 0.0130842 0.0172775
0.0119736 0.00895933 0.199165 0.27018 0.267321 0.429782 0.0139706 0.0139091 0.0176104
0.0117657 0.00871271 0.191741 0.262101 0.259499 0.401562 0.0136037 0.0135398 0.0176947
0.0120019 0.00880439 0.20737 0.260139 0.257244 0.42177 0.0136322 0.0135564 0.0186503
0.0117196 0.00875032 0.176377 0.262968 0.260418 0.395173 0.0141879 0.0141805 0.0145758
0.0124087 0.00929127 0.204012 0.265 0.262405 0.400325 0.0144431 0.0143857 0.01784
0.0125606 0.00949887 0.194124 0.262916 0.260306 0.414507 0.014233 0.014119 0.022003
0.0127874 0.00958269 0.204988 0.264703 0.262251 0.401016 0.0144682 0.0143477 0.0224464
0.0120798 0.00914482 0.198761 0.25666 0.253993 0.414005 0.0139169 0.0138463 0.018699
0.0123191 0.00922832 0.235858 0.267129 0.264458 0.431821 0.0136141 0.0135175 0.0203756
0.0121768 0.00915525 0.214451 0.267107 0.264522 0.416885 0.0133426 0.0132477 0.0197492
0.0121753 0.00929184 0.223452 0.26393 0.260978 0.445913 0.0132975 0.0131596 0.0235327
0.0117807 0.00898673 0.202777 0.259167 0.256521 0.425652 0.0133674 0.0132425 0.0225874
0.011981 0.00899525 0.224313 0.263217 0.260806 0.402773 0.0128486 0.0127204 0.0219083
0.0116975 0.00873104 0.217867 0.268931 0.266406 0.423232 0.0130527 0.0129118 0.0232181
0.0118002 0.00879006 0.218579 0.254386 0.252233 0.389196 0.0131543 0.0129896 0.024063
0.0115586 0.00875541 0.187247 0.253282 0.251497 0.358791 0.0132445 0.013161 0.018716
0.0124837 0.00942019 0.204308 0.260671 0.258294 0.408957 0.0133008 0.0132212 0.0189399
0.0119276 0.00904485 0.210434 0.252902 0.250674 0.381629 0.0126135 0.0125246 0.0187873
0.0131903 0.0100745 0.217067 0.265444 0.262782 0.425259 0.0134453 0.0133438 0.0207025
0.013216 0.0101297 0.212851 0.263245 0.260724 0.402128 0.0135472 0.0134822 0.0174611
0.0127256 0.009731 0.169974 0.268233 0.266055 0.393387 0.013257 0.0131927 0.0171419
0.0122423 0.00927012 0.188976 0.264047 0.262136 0.374927 0.0132968 0.0131714 0.0210139
0.0117105 0.00876779 0.172645 0.256211 0.254229 0.367767 0.0133428 0.0132694 0.0176403
0.0110295 0.00814442 0.186948 0.250799 0.248567 0.385564 0.0133851 0.0132742 0.0204746
0.0118946 0.00876237 0.210794 0.255665 0.254245 0.334732 0.0139252 0.0137325 0.0262572
0.0113636 0.00836656 0.197554 0.258468 0.256273 0.401623 0.0138837 0.0136502 0.0310927
0.0112134 0.00834839 0.197892 0.252003 0.249404 0.418051 0.0135861 0.0134599 0.0215871
0.0115314 0.00838618 0.216549 0.249889 0.247209 0.426416 0.0133334 0.0132277 0.020595
0.0117169 0.00866979 0.232724 0.257941 0.25578 0.396595 0.014084 0.0140062 0.0192656
0.011601 0.00878921 0.205846 0.251229 0.249535 0.356114 0.0139903 0.0138906 0.0202146
0.012325 0.00933292 0.201136 0.265059 0.262867 0.399601 0.01347 0.0133653 0.0207752
0.0116365 0.00885836 0.212722 0.2668 0.264642 0.402791 0.0134863 0.0133957 0.0197121
0.0114192 0.00874511 0.215486 0.251745 0.249248 0.425847 0.0129201 0.0128025 0.0219007
0.0114135 0.00857511 0.19501 0.249125 0.247283 0.374642 0.0127355 0.0126056 0.0222089
0.0118691 0.00895359 0.209719 0.250138 0.24814 0.383379 0.0128357 0.0126916 0.0240324
0.0121934 0.00918453 0.252599 0.250866 0.248564 0.410878 0.0124879 0.0123764 0.0210167
0.0115885 0.00866799 0.214354 0.253182 0.250855 0.400948 0.0126269 0.0124859 0.0219027
0.0113861 0.0084601 0.230304 0.247436 0.245287 0.383897 0.0124221 0.0122016 0.0293504
0.0114831 0.00860846 0.217272 0.246111 0.243855 0.391635 0.0123857 0.0122401 0.023383
0.0116235 0.00874824 0.203489 0.248259 0.245666 0.420752 0.0125201 0.0124184 0.0192597
0.0120023 0.00905961 0.221022 0.250992 0.247916 0.47531 0.012718 0.0126474 0.017575
0.0118439 0.0089765 0.211988 0.248746 0.246299 0.40796 0.0128967 0.0128404 0.0166684
0.0121105 0.00924393 0.187413 0.260733 0.257959 0.444146 0.013026 0.0129387 0.0190736
0.0120648 0.00916738 0.20869 0.260514 0.258172 0.40621 0.0130322 0.0129501 0.0187436
0.0117294 0.00883512 0.188283 0.250478 0.248813 0.343941 0.012613 0.0125746 0.0148896
0.0114872 0.00863584 0.192549 0.244519 0.24227 0.381824 0.0126618 0.0126331 0.0145059
0.0115151 0.00861242 0.20898 0.254374 0.251973 0.412864 0.0130939 0.0130677 0.0148295
0.0112987 0.00852645 0.17912 0.255681 0.253519 0.390111 0.013599 0.0135289 0.0180536
0.011756 0.00882717 0.198969 0.247576 0.244975 0.407821 0.0128029 0.0127395 0.016712
0.0123307 0.0092721 0.215559 0.261304 0.2587 0.416181 0.0135016 0.0133716 0.0221252
0.0117205 0.00885669 0.21104 0.257545 0.25442 0.451984 0.0135088 0.0133684 0.024084
0.0117383 0.00879194 0.196903 0.256169 0.253154 0.434338 0.0138219 0.0137772 0.0168701
0.0121036 0.00909529 0.196923 0.259221 0.256707 0.397559 0.0138335 0.0137545 0.018899
0.0113089 0.00853901 0.173449 0.257624 0.255929 0.345022 0.0135999 0.0135563 0.0161744
0.01129 0.00846213 0.187708 0.253376 0.251456 0.356396 0.0137077 0.0136234 0.0186195
0.0116015 0.00870065 0.187437 0.259749 0.257608 0.384679 0.0135145 0.0133877 0.0221633
0.0110712 0.00826751 0.174098 0.251152 0.250184 0.302242 0.0132369 0.0131706 0.0168757
0.0117337 0.00873842 0.191001 0.257152 0.256352 0.30327 0.0133843 0.0132294 0.0233723
0.0115912 0.00861452 0.205396 0.262266 0.261247 0.319092 0.0135763 0.0135054 0.0176755
0.0117159 0.00867164 0.215515 0.263619 0.261232 0.399447 0.0134443 0.0133572 0.0188612
0.0116937 0.00862887 0.189752 0.259518 0.257801 0.359648 0.0133051 0.0132285 0.0182265
0.0113071 0.00827943 0.198867 0.250193 0.247952 0.389612 0.0129212 0.0128266 0.0187732
0.0114483 0.00837929 0.199131 0.252569 0.25013 0.413205 0.012888 0.0128022 0.0181391
0.0108532 0.0080344 0.171461 0.245497 0.243367 0.374228 0.0131128 0.0130892 0.0144589
0.011113 0.0080428 0.184139 0.25122 0.249241 0.348812 0.0129821 0.0129117 0.0170694
0.011033 0.00814307 0.182668 0.251006 0.24824 0.417052 0.0127722 0.012732 0.0152919
0.0115123 0.00857859 0.173412 0.250575 0.248495 0.361035 0.0127128 0.0126617 0.0157205
0.0118391 0.00888128 0.179658 0.253295 0.251201 0.367673 0.0129069 0.0128546 0.0161649
0.0113968 0.00860652 0.170505 0.248781 0.247335 0.321348 0.0127383 0.0126544 0.0177252
0.0119308 0.00894033 0.18516 0.257219 0.255342 0.35906 0.0131748 0.0130387 0.0211524
0.011265 0.00849823 0.167877 0.246959 0.244755 0.369529 0.012794 0.0126496 0.021267
0.0115094 0.00860854 0.179895 0.248811 0.246873 0.351605 0.0125195 0.0123824 0.0209636
0.0113068 0.00846696 0.175276 0.253076 0.251043 0.361263 0.0125782 0.0125034 0.0171966
0.0114649 0.00859039 0.187178 0.24899 0.247297 0.341843 0.012821 0.012653 0.0230962
0.0115307 0.00866158 0.176708 0.25439 0.252569 0.357185 0.0133704 0.0132551 0.0201884
0.012222 0.00925236 0.196718 0.255555 0.253046 0.408449 0.0137617 0.0136391 0.0220221
0.0117343 0.0087823 0.201442 0.254448 0.252397 0.369564 0.0132116 0.0130574 0.0234122
0.0117766 0.00879587 0.184223 0.257048 0.254724 0.387469 0.0134434 0.013285 0.0235476
0.011399 0.00839216 0.218352 0.251674 0.248901 0.427326 0.0131725 0.0130331 0.0229543
0.0113629 0.00836409 0.188144 0.259663 0.257301 0.390214 0.0134123 0.0133328 0.0186193
0.0114056 0.00844736 0.194514 0.251975 0.249673 0.389499 0.0130635 0.0129944 0.0178475
0.0112872 0.00834753 0.204033 0.257052 0.254352 0.439642 0.0132505 0.0131492 0.0208164
0.011095 0.00827409 0.194913 0.254725 0.25287 0.366204 0.0134043 0.0133512 0.0166938
0.0112654 0.00833466 0.216586 0.249538 0.247296 0.398736 0.0131754 0.0131125 0.0176153
0.0119642 0.00891502 0.222535 0.24834 0.245944 0.408885 0.012935 0.01282 0.0209733
0.012142 0.00917227 0.205012 0.252649 0.251054 0.343183 0.013246 0.0131866 0.0169346
0.0119406 0.00913759 0.196029 0.243061 0.241104 0.371181 0.0126885 0.0126575 0.0145509
0.0117161 0.00889596 0.225432 0.250322 0.247804 0.430474 0.0133202 0.0132225 0.0200614
0.0117231 0.00901568 0.182224 0.257859 0.255471 0.409533 0.0132543 0.0131862 0.0178724
0.0118225 0.0088505 0.204522 0.252199 0.2501 0.390588 0.0132288 0.0131269 0.0205138
0.0119651 0.00897204 0.233902 0.249229 0.247473 0.362536 0.0137933 0.0136403 0.0250776
0.0116578 0.00874699 0.219093 0.249703 0.247877 0.369483 0.0137426 0.013622 0.0220288
0.0123528 0.00922108 0.254307 0.250204 0.248254 0.386428 0.0142308 0.0141075 0.0236903
0.0124822 0.00943047 0.234797 0.245849 0.24422 0.357053 0.0140596 0.0138902 0.0279079
0.0122943 0.00921518 0.212268 0.25812 0.256916 0.328634 0.0140157 0.013844 0.0260674
0.0119129 0.00890186 0.218902 0.244944 0.243653 0.323504 0.0135731 0.0134054 0.0262639
0.0118784 0.00893107 0.216425 0.249456 0.248259 0.320367 0.0135645 0.0134206 0.0239841
0.012077 0.00902902 0.20819 0.254646 0.253074 0.342738 0.0133739 0.0132325 0.0224008
0.0119617 0.0089314 0.203911 0.264368 0.26305 0.341758 0.0134681 0.0132754 0.0263511
0.0121462 0.00893105 0.242407 0.262444 0.260788 0.362887 0.0133395 0.0131411 0.0282213
0.0119571 0.00897484 0.192604 0.260032 0.258983 0.319343 0.0136169 0.0134517 0.0240547
0.0115078 0.00860219 0.192027 0.258332 0.256932 0.345454 0.0131904 0.0130793 0.0206106
0.0111277 0.00822258 0.226549 0.253952 0.252335 0.368403 0.0133716 0.0132276 0.0240307
0.0116521 0.008762 0.217528 0.252942 0.251746 0.331375 0.0130046 0.0128358 0.0260525
0.0117611 0.00868936 0.231713 0.246468 0.244917 0.356409 0.0133034 0.0130691 0.0323918
0.0119204 0.0087272 0.208591 0.25145 0.250583 0.306287 0.0132194 0.0129779 0.0304827
0.0121956 0.00892964 0.245328 0.249203 0.248684 0.282858 0.0137409 0.0133924 0.0409464
0.0124084 0.00926497 0.241117 0.257239 0.256578 0.303779 0.0139572 0.0137052 0.0315308
0.0120389 0.00874982 0.258717 0.248259 0.247837 0.277239 0.0139902 0.0137407 0.0325541
0.0120433 0.00889552 0.242782 0.261899 0.261175 0.312236 0.0138129 0.0135852 0.0303044
0.0118976 0.00863772 0.256289 0.252347 0.251839 0.286261 0.0133039 0.0130358 0.0323408
0.0111217 0.00804253 0.22737 0.249971 0.249121 0.312455 0.0134643 0.0132555 0.0281252
0.0116583 0.00848224 0.27768 0.250479 0.249664 0.312974 0.0133542 0.0131144 0.0324529
0.0112233 0.00822655 0.241415 0.244878 0.244029 0.311335 0.0129237 0.0126947 0.0321583
0.0115605 0.00841763 0.246035 0.254127 0.253765 0.278266 0.0136847 0.0133961 0.0353627
0.0120575 0.00884791 0.230218 0.252561 0.252135 0.280359 0.0138812 0.0136009 0.0339039
0.0124288 0.00919457 0.256513 0.254138 0.253539 0.29675 0.0138574 0.0135973 0.0313461
0.0129289 0.00943503 0.290928 0.261701 0.260494 0.35385 0.0137321 0.013375 0.04151
0.0127326 0.00955236 0.294828 0.259721 0.258614 0.348091 0.0137362 0.0133928 0.042365
0.0123786 0.00921046 0.253655 0.255357 0.254364 0.323603 0.0135666 0.0132533 0.0359684
0.0124067 0.00913752 0.253533 0.253724 0.252976 0.304908 0.0138649 0.013518 0.0366708
0.0122771 0.00906712 0.226454 0.246065 0.245772 0.264431 0.0137772 0.0134208 0.0386912
0.0125065 0.00919894 0.245886 0.259939 0.258497 0.365077 0.013618 0.0132748 0.0419196
0.0120786 0.0088979 0.261202 0.26536 0.263978 0.366951 0.0139369 0.0135567 0.0416254
0.0120644 0.00879968 0.262425 0.257999 0.256634 0.349291 0.0134876 0.0131167 0.0402154
0.0120296 0.00863303 0.243748 0.264473 0.263333 0.339514 0.0135959 0.0131187 0.0496316
0.0118335 0.00862019 0.234932 0.270372 0.269529 0.319835 0.0134728 0.0130762 0.0404458
0.0118439 0.0085967 0.226863 0.266708 0.266205 0.294708 0.0132032 0.0128132 0.0378861
0.012056 0.00881136 0.225765 0.270171 0.269424 0.315593 0.0133792 0.0129387 0.0441374
0.0119219 0.00876551 0.23445 0.257226 0.256286 0.319908 0.013023 0.0126073 0.045562
0.0114166 0.00829942 0.245014 0.250484 0.249498 0.314783 0.0128238 0.0124451 0.0399703
0.0116502 0.00853756 0.208814 0.248251 0.247509 0.290248 0.0128189 0.0125226 0.0313746
0.0116631 0.0085618 0.222209 0.248199 0.246888 0.336309 0.013273 0.0129054 0.0377076
0.0121184 0.00889045 0.21854 0.254458 0.253962 0.284799 0.0135667 0.0132321 0.0373148
0.0119875 0.0087495 0.225956 0.240478 0.239749 0.281629 0.0129099 0.0125384 0.0372504
0.0120784 0.00895561 0.237196 0.247123 0.246206 0.305002 0.0128616 0.012543 0.035218
0.0121821 0.00886351 0.266052 0.254593 0.253979 0.294632 0.0132928 0.0128953 0.0434083
0.0119416 0.00863916 0.25642 0.249735 0.248787 0.312171 0.0130317 0.0126405 0.0432836
0.0120028 0.00872277 0.232496 0.252194 0.25183 0.273763 0.0131914 0.012857 0.0340907
0.0126502 0.00916062 0.237867 0.249751 0.249086 0.28936 0.0135723 0.0131548 0.038148
0.0126394 0.00908331 0.233116 0.244406 0.243787 0.281618 0.0127543 0.0122863 0.0431036
0.0129851 0.00933288 0.26572 0.248857 0.247845 0.316806 0.0129743 0.0124391 0.0499725
0.012481 0.00897545 0.213881 0.242057 0.241961 0.247454 0.0130831 0.0127121 0.0342382
0.0121489 0.00878498 0.222349 0.242964 0.242229 0.288678 0.0132002 0.0128505 0.0346635
0.0128386 0.00947632 0.24589 0.250837 0.250221 0.289633 0.013354 0.0130654 0.0322487
0.0127388 0.00945044 0.241046 0.242798 0.241781 0.313235 0.0137478 0.0133514 0.0426609
0.0123095 0.00904767 0.23466 0.246547 0.245228 0.345265 0.0136693 0.0133023 0.0386744
0.0126158 0.00932421 0.22117 0.242814 0.242153 0.28489 0.0137873 0.0133938 0.0400158
0.0124885 0.00939149 0.212654 0.245764 0.24499 0.293512 0.0141564 0.0138809 0.0327748
0.0125525 0.00932454 0.198045 0.244781 0.243961 0.294666 0.0138028 0.0135683 0.0292379
0.012343 0.0092302 0.210364 0.257761 0.25704 0.301531 0.0145546 0.0143241 0.0296795
0.013051 0.00982913 0.221965 0.256545 0.25569 0.308789 0.0146737 0.0144083 0.0312332
0.0124545 0.00936548 0.196741 0.253185 0.251847 0.338335 0.013991 0.0137408 0.0314743
0.0126468 0.00952873 0.193206 0.256333 0.255378 0.311788 0.0139282 0.0136883 0.0283445
0.0129907 0.00970638 0.210873 0.253174 0.251896 0.336557 0.0139123 0.0136103 0.0353744
0.0127354 0.00949322 0.216412 0.260425 0.259377 0.327865 0.0140006 0.0137043 0.0341774
0.0122292 0.00930735 0.200767 0.253479 0.25201 0.349586 0.0137124 0.013511 0.0275266
0.0120506 0.00902141 0.176234 0.261923 0.261545 0.283293 0.0136941 0.0135476 0.0224539
0.0121421 0.00907673 0.197335 0.251644 0.250757 0.307882 0.0135237 0.0132861 0.0294119
0.0122034 0.0090248 0.199365 0.253526 0.252666 0.306513 0.0131993 0.0129676 0.0270112
0.0117194 0.00866133 0.208532 0.251236 0.2504 0.30174 0.0133123 0.0131123 0.0264394
0.0126699 0.00935532 0.217924 0.257234 0.256404 0.308694 0.0138303 0.0134922 0.0372012
0.0126729 0.00943191 0.238015 0.256314 0.255123 0.335583 0.0138111 0.0135613 0.0292413
0.0130041 0.00969674 0.210719 0.26394 0.263587 0.282981 0.0136718 0.0135166 0.0224334
0.0123762 0.0093629 0.215085 0.259568 0.258881 0.300372 0.0139194 0.0136407 0.0318965
0.011971 0.00904525 0.197195 0.251127 0.250248 0.305693 0.0136257 0.0134253 0.0268472
0.0118991 0.00873083 0.237119 0.253852 0.252711 0.331641 0.0133867 0.0131336 0.0291841
0.0123019 0.0090217 0.250891 0.253996 0.252475 0.358206 0.0137105 0.0133883 0.0350471
