400 100 199
0.00218488 0.000222485
0.0310664 -0.375942
1.93121 -0.315742
2.90686 -0.666758
3.09178 -0.580807
3.39085 -0.730862
3.71224 -1.03639
4.46852 -2.14765
4.97006 -2.60808
5.03384 -2.86321
5.09523 -3.39409
6.44938 -4.15553
7.06267 -5.1735
7.11205 -5.50392
7.38274 -5.59245
7.8053 -5.63694
7.89402 -6.18725
8.59745 -6.94669
8.76695 -6.99104
8.65014 -7.00779
8.9534 -6.98137
9.05327 -6.84147
8.94117 -7.38867
8.62603 -7.33455
8.78707 -7.23126
8.54444 -7.41184
9.10221 -7.55814
8.44909 -7.18184
8.88984 -7.40262
8.80122 -7.73503
8.76271 -7.68947
8.68751 -7.71242
8.9449 -7.70243
9.3174 -7.78397
8.89413 -7.71383
8.71075 -7.96538
9.18609 -8.24159
8.97958 -8.20223
8.93358 -8.24439
8.58661 -8.21522
8.89374 -8.22435
8.31639 -8.36717
9.31439 -8.40667
8.98881 -8.0469
8.37207 -8.17935
9.21085 -8.15271
8.77562 -8.50855
8.81758 -8.94526
9.00503 -8.35957
8.90727 -8.23523
9.12284 -8.10538
8.6955 -7.99598
8.84347 -8.19046
9.26225 -8.49163
9.00603 -8.35831
8.90739 -8.33396
8.74013 -8.41197
9.25599 -8.45097
9.06546 -8.40901
8.96201 -8.35574
9.26085 -8.42265
8.48001 -8.0936
8.87116 -8.40678
9.43781 -8.37782
8.88873 -8.88071
9.3826 -8.52403
9.27107 -8.73077
9.18013 -8.34689
9.06243 -8.24799
9.21759 -8.45977
8.7911 -8.73488
8.64907 -8.71635
9.04561 -8.46384
9.034 -8.19781
8.83097 -8.51147
8.97435 -8.59429
8.83997 -8.52158
8.69283 -8.28601
8.84246 -8.69887
8.87489 -8.56489
9.23431 -8.70728
8.98376 -8.82777
8.87623 -9.07265
9.22733 -8.83048
9.21438 -8.92094
8.8197 -9.16128
9.40397 -8.82188
8.70375 -8.671
9.07256 -8.80912
9.28141 -8.80911
9.39186 -8.97685
9.36969 -8.82609
9.47951 -8.52928
9.01266 -8.63871
8.85151 -8.85574
9.44886 -9.06162
9.0883 -8.80827
8.84819 -9.03411
9.15411 -8.9323
9.33728 -8.89748
9.59066 -8.77156
9.56009 -8.65875
9.03802 -8.85017
9.00273 -8.87099
9.12443 -8.38114
9.01076 -9.11632
9.31838 -8.68366
9.4792 -9.05799
9.40433 -8.46583
9.16958 -8.49328
9.19077 -9.0268
9.21701 -9.41864
9.51444 -8.92558
8.86332 -8.76335
9.34572 -8.74113
9.33857 -9.27704
9.38673 -9.06014
9.12746 -8.73581
9.2355 -9.04045
9.16991 -8.97459
9.06787 -9.0252
9.69529 -8.97599
9.20917 -9.03719
9.49445 -9.33704
9.2374 -8.73504
9.07977 -9.0994
9.08332 -8.808
9.03026 -9.18304
8.81742 -8.38872
9.11396 -8.72101
9.27901 -9.14691
9.44811 -8.84445
9.17451 -8.83575
9.31894 -8.79207
9.28157 -8.63148
9.25796 -8.64154
9.09244 -9.00956
9.33479 -9.28509
9.16212 -8.85633
9.34741 -8.81309
8.93505 -8.62833
9.32698 -9.25519
8.91533 -8.73458
9.37105 -8.75202
9.40364 -8.97422
9.26805 -8.86267
9.38144 -8.96871
9.52941 -8.64451
9.06843 -8.78162
9.42035 -9.18794
9.43367 -8.5806
9.33576 -8.82758
9.12734 -9.2349
9.53985 -8.7821
9.44107 -9.11561
9.02279 -9.1676
8.89611 -9.04608
9.36842 -8.79961
8.87617 -8.74671
9.16539 -8.47714
9.23311 -8.74621
9.17713 -9.07266
9.17866 -8.90411
8.97798 -8.4997
9.01387 -9.15077
9.09454 -8.82841
9.15281 -8.85849
9.43831 -8.6922
9.3231 -9.37199
8.99106 -8.94764
8.74039 -8.62844
9.07837 -8.6397
9.31928 -8.88921
9.38941 -8.69453
9.73845 -8.96675
9.38152 -9.14056
9.29394 -9.05425
9.2463 -8.86844
9.46771 -8.84398
9.40843 -8.55475
9.25658 -8.96932
9.02113 -8.89499
8.98324 -9.14259
8.83471 -8.33753
9.06996 -8.77975
9.06771 -8.97711
8.74874 -9.08172
9.5192 -9.12967
8.9007 -9.19548
9.35522 -9.02376
9.04847 -9.10058
8.98448 -9.01282
9.31064 -9.13423
9.26559 -9.04756
9.05404 -8.78017
9.23975 -8.63908
9.15638 -9.03394
9.22732 -8.90715
9.29901 -9.07552
9.13805 -9.05795 9.09062
9.037 -9.13287 -8.78998
8.30365 -8.99521 -8.93707
8.35305 -9.13066 -9.49235
8.36717 -9.03944 -9.11909
8.09347 -8.80825 -9.48372
8.30475 -8.90337 -9.21775
8.53132 -9.25484 -9.26458
8.5039 -8.91069 -9.2117
8.456 -8.81551 -8.64634
8.62523 -8.88701 -9.20183
8.23316 -9.30399 -9.29916
8.99033 -9.06132 -9.12864
8.7496 -9.34314 -9.19738
8.33981 -8.92269 -9.24552
8.56466 -8.91403 -9.14423
8.63731 -8.90188 -8.84815
8.27441 -8.66178 -8.9652
8.9061 -8.87366 -8.81053
8.5943 -8.71198 -9.09095
8.57827 -9.43626 -8.8484
8.49384 -8.86691 -9.11077
8.51102 -8.61937 -8.98601
8.55235 -8.77352 -9.05359
8.82258 -8.86271 -9.0788
8.43868 -8.84811 -9.14954
8.62179 -8.78251 -9.11766
8.72181 -8.76284 -9.14624
8.81875 -8.8985 -9.04548
8.61644 -8.84874 -9.25335
8.41689 -8.90385 -9.22902
8.75985 -9.06009 -9.20964
8.44017 -8.79613 -9.34672
8.56931 -8.84445 -8.69947
8.88332 -8.84051 -9.09347
8.20688 -9.33227 -8.81458
8.13438 -8.7584 -8.74859
8.81336 -9.28539 -8.82251
8.5469 -8.54993 -8.92808
8.56573 -8.58467 -8.88413
8.31397 -9.35449 -8.72237
7.95584 -9.21669 -8.60296
8.73553 -8.88125 -8.72499
8.3135 -8.97082 -8.92807
8.15453 -9.1472 -8.6763
8.73979 -8.78509 -8.72744
7.96436 -8.75387 -8.85062
8.67395 -8.94476 -9.14593
8.50767 -9.39775 -8.83462
8.42939 -9.56548 -9.13692
8.66575 -9.14972 -8.6009
8.63323 -9.21553 -9.28455
8.94604 -8.98371 -9.29234
8.29991 -9.09043 -8.82397
8.41354 -9.20252 -8.83213
8.01861 -9.02388 -8.96911
8.27379 -9.10534 -9.12286
8.45767 -9.19762 -8.82524
8.92244 -9.36613 -8.97307
8.27245 -9.20941 -8.97226
8.60435 -9.05849 -9.14799
8.61809 -9.03182 -9.28911
8.40745 -9.05411 -8.90054
9.00958 -8.94949 -9.08076
8.89133 -8.86424 -9.33235
8.71886 -9.12138 -9.04921
8.25733 -8.80568 -9.06589
8.85014 -8.85409 -8.69132
8.2634 -9.31644 -8.84733
8.3502 -8.95418 -9.25767
8.12547 -9.23537 -9.21815
8.59582 -9.18092 -9.50961
8.57314 -9.10537 -9.21766
8.65622 -8.96359 -8.71476
8.61379 -8.75548 -8.74991
8.83896 -8.81275 -8.91781
8.60538 -9.07762 -8.19958
8.19075 -8.59338 -8.09917
8.55053 -8.99401 -8.87881
8.80942 -9.23307 -9.19528
8.534 -9.04999 -9.02553
8.72487 -9.07417 -9.06527
8.29044 -8.63478 -9.13333
8.464 -8.85038 -9.06651
8.44926 -8.99551 -9.11372
8.51642 -8.96146 -9.06999
8.42042 -8.96872 -8.92147
8.44464 -8.98008 -8.96463
8.64404 -9.02888 -8.97709
8.50384 -9.26627 -8.35111
8.54743 -9.30467 -8.78927
8.55492 -9.15208 -8.77292
8.79944 -9.40114 -9.11652
8.59784 -8.87934 -8.91464
8.25128 -8.67481 -8.89947
8.761 -8.39958 -9.02127
8.33981 -8.68123 -9.03522
8.8011 -8.69537 -9.11442
8.29976 -8.90052 -8.82207
8.54263 -8.78691 -8.65536
8.04133 -9.26455 -8.93799
8.47313 -9.04141 -8.9254
8.33224 -8.55906 -9.03902
8.359 -8.54085 -8.91927
8.35549 -9.02091 -8.62485
8.71746 -8.89621 -9.74166
8.69817 -8.96117 -9.26239
8.53832 -9.04897 -9.56331
8.51006 -8.74175 -9.39151
8.1469 -9.13387 -9.091
8.75755 -8.752 -8.82369
8.68744 -8.97024 -9.228
8.43584 -8.93093 -8.936
8.5723 -9.29176 -9.05929
8.70845 -8.70298 -9.09945
8.02942 -9.20509 -9.0531
8.8041 -9.03402 -9.1719
8.82419 -8.96129 -8.95241
9.11888 -9.18709 -9.68053
8.40918 -9.15707 -9.29943
8.4904 -9.23636 -9.10496
8.62572 -9.39667 -8.88649
8.71326 -9.15799 -8.85967
8.45698 -8.95341 -8.61143
8.50852 -9.23979 -8.9762
8.6591 -8.67245 -9.06922
8.64831 -8.88889 -9.01321
8.42827 -9.02733 -9.17459
8.2462 -8.95606 -9.56787
8.78492 -9.19533 -9.56456
8.46034 -8.91925 -9.11636
8.27292 -9.13775 -9.15963
8.52418 -8.98533 -8.83779
8.45906 -8.63823 -8.74617
8.7125 -9.13622 -8.86154
8.63189 -8.74884 -8.89632
8.26567 -8.80057 -8.89252
8.3992 -8.86514 -9.38679
8.76529 -8.84075 -9.25281
8.71056 -8.93907 -9.25656
8.79758 -8.99341 -9.33182
8.59419 -9.37705 -9.21521
8.31216 -8.9604 -8.83101
8.26576 -9.0385 -9.58604
8.5154 -8.93642 -8.88165
8.71257 -8.9752 -9.49315
8.75382 -8.59632 -9.49351
8.78004 -9.25082 -9.11094
8.49693 -8.88082 -9.21592
8.31071 -8.88611 -8.78736
8.58923 -8.74526 -8.58568
8.2623 -9.13827 -8.92617
8.19736 -8.75051 -9.01611
8.41544 -8.34719 -8.74652
8.45398 -8.63979 -8.74916
8.51154 -9.78458 -8.82588
8.46056 -9.14966 -9.38759
8.34108 -9.05179 -9.30056
8.76175 -9.45109 -9.25346
8.44029 -9.13545 -9.23831
8.35427 -9.08303 -9.68839
8.40884 -9.00789 -9.29482
8.72987 -9.01596 -9.03797
8.64951 -8.95692 -9.20665
8.8687 -9.15983 -9.06726
8.33834 -9.0251 -8.81171
8.72498 -9.06967 -8.73918
8.25443 -9.22839 -8.66213
8.34114 -8.92493 -9.31119
8.84097 -8.99098 -8.91111
8.49844 -8.96903 -8.93075
8.72358 -8.98073 -8.80943
8.15868 -8.80499 -8.90144
8.60123 -9.40979 -9.42599
8.55282 -9.04314 -8.80429
8.67548 -8.90267 -8.84663
8.48114 -9.00672 -8.58402
8.13958 -8.94576 -8.65871
8.85144 -8.78207 -9.00052
8.79331 -9.21203 -8.71633
9.01914 -8.90504 -8.6259
8.88227 -9.42107 -9.09769
8.6397 -8.78367 -9.00569
9.07793 -9.28183 -8.99887
8.78091 -9.06721 -8.78395
8.80482 -9.22319 -8.90359
8.93962 -8.76505 -9.09745
8.72108 -8.81033 -8.91986
8.12738 -8.68058 -8.98217
8.41685 -8.98814 -9.25799
8.7576 -8.61396 -9.01564
8.92744 -8.94119 -9.00161
8.72434 -8.89112 -8.70328
8.82686 -9.13034 -9.18857
8.78674 -9.10008 -9.30817
8.41576 -8.9932 -9.3592
9.11065 -8.68574 -8.77935
8.9048 -8.97163 -9.31094
8.77012 -8.5554 -9.07292
8.54594 -8.97319 -9.32705
8.61614 -8.71342 -9.12003
