0.0264632
0.0265341
0.0265497
0.0259472
0.0263238
0.0251787
0.0265919
0.0264103
0.0265958
0.0262686
0.0262947
0.0261347
0.0250804
0.0263689
0.0264736
0.0255645
0.0260543
0.0265494
0.0263711
0.0265912
0.026567
0.026305
0.0265713
0.0264265
0.0263948
0.0256433
0.0239991
0.0265254
0.0264693
0.0265679
0.0262248
0.0261505
0.02658
0.0265374
0.0265878
0.025659
0.0265961
0.0265541
0.0251722
0.0263233
0.026575
0.0264013
0.0263015
0.0230179
0.0263751
0.0255292
0.0264542
0.0265399
0.0265959
0.0251925
0.0265956
0.0261905
0.0265619
0.0265116
0.026305
0.0263155
0.0265941
0.026581
0.0262631
0.026594
0.0264848
0.026427
0.0265892
0.0265865
0.0265958
0.0265428
0.0264264
0.0261272
0.0263431
0.0265862
0.0264189
0.0261905
0.0247396
0.0264796
0.026282
0.0264767
0.0238776
0.0263422
0.026304
0.02637
0.026571
0.0264297
0.0257
0.026541
0.0261611
0.0265953
0.0265763
0.0256409
0.0258888
0.0260292
0.0265279
0.0265956
0.0265932
0.0262001
0.0263766
0.0265135
0.0265946
0.0265523
0.0261488
0.0263366
0.0264901
0.0264959
0.0265961
0.026324
0.0265685
0.0265847
0.0259584
0.0265504
0.0264873
0.0262001
0.0265357
0.0265961
0.0265688
0.0252011
0.0264831
0.026561
0.026587
0.0264184
0.0261994
0.0265491
0.0262967
0.026497
0.0265411
0.0265672
0.0265556
0.0265711
0.0263965
0.026518
0.0265856
0.0265172
0.0265626
0.0248969
0.0264798
0.0265079
0.0265277
0.0265427
0.0253529
0.0265951
0.0264954
0.0264898
0.0265952
0.0265116
0.0265753
0.0263695
0.0265837
0.0265462
0.0265677
0.0265833
0.0264871
0.0265476
0.0262769
0.0263112
0.0263155
0.0265764
0.0261311
0.0265958
0.0265895
0.0262598
0.0265133
0.0265085
0.0265933
0.0254602
0.0260486
0.0265955
0.0264709
0.026582
0.0262894
0.0260553
0.0265674
0.0265174
0.0265108
0.0258091
0.0265326
0.0256536
0.0264737
0.0265958
0.0265461
0.0253689
0.0250668
0.0251313
0.0262319
0.026343
0.02657
0.0265727
0.0261788
0.0259392
0.0223682
0.0262458
0.0264788
0.0265957
0.0264339
0.0265895
0.0265082
0.0265203
0.0248115
0.0265113
0.0264384
0.0265662
0.0265951
0.0265219
0.0262924
0.0265505
0.0260566
0.0262163
0.0264648
0.0265947
0.02632
0.0265831
0.0265823
0.0263988
0.0264985
0.0264483
0.0265874
0.0264768
0.0240732
0.0265619
0.0264255
0.0265369
0.0264565
0.026418
0.0265798
0.0265872
0.0260457
0.0264028
0.0228768
0.026362
0.026199
0.0240986
0.0265954
0.026596
0.026583
0.0265727
0.0260636
0.0265952
0.0246967
0.0262978
0.0263317
0.0265685
0.026493
0.0265197
0.0264868
0.0265078
0.0265425
0.0241373
0.026579
0.0265732
0.0265953
0.0265953
0.0263712
0.0261613
0.0264911
0.026331
0.0263751
0.0265958
0.026588
0.0265962
0.0264954
0.022895
0.0263321
0.0249285
0.0265941
0.0265955
0.0265407
0.0265255
0.0260891
0.0265792
0.0263762
0.0265934
0.0265938
0.0264432
0.0263641
0.0260815
0.0260815
0.0265135
0.0265849
0.0265816
0.0265545
0.0263969
0.0265334
0.026437
0.0264432
0.026595
0.0265794
0.0260486
0.0265359
0.0263155
0.0265595
0.0262694
0.0263441
0.0262951
0.0262731
0.026411
0.0265862
0.0264689
0.0263562
0.0263691
0.0265931
0.0265529
0.0264868
0.0264379
0.0261261
0.0235561
0.0265956
0.0265541
0.0264346
0.0265944
0.0265864
0.0263057
0.0264325
0.0265936
0.0261743
0.0264637
0.0228618
0.0265887
0.0252397
0.0260441
0.0264395
0.0260892
0.0264888
0.0265335
0.0251556
0.0264915
0.0257788
0.0264999
0.0265068
0.0264852
0.0264041
0.0265037
0.0238584
0.0265228
0.0265349
0.0265555
0.0265652
0.0265961
0.0260903
0.0263084
0.0265291
0.0264635
0.0264996
0.0265932
0.0264872
0.0265759
0.026545
0.0263781
0.0265959
0.0265351
0.0265058
0.0245668
0.0263796
0.0265769
0.026282
0.02631
0.0265363
0.0265096
0.0265106
0.026199
0.0260486
0.0265686
0.0112208
0.0256551
0.0263587
0.0264431
0.0261831
0.0262553
0.0263474
0.0264704
0.0257963
0.0251219
0.0265261
0.0264265
0.0262316
0.0255283
0.0254242
0.0233813
0.026586
0.0264285
0.0264643
0.026561
0.026501
0.026471
0.0261611
0.0258878
0.0262273
0.0265468
0.026539
0.0259914
0.0258799
0.0262894
0.0263348
0.0262868
0.026024
0.0113732
0.0262743
0.0265089
0.0265874
0.0261218
0.0265648
0.0256282
0.0265817
0.0246274
0.0264667
0.0260911
0.0265124
0.0263901
0.0254571
0.0262028
0.0265067
0.0265054
0.0260492
0.0264983
0.0251937
0.0265626
0.0265936
0.0265947
0.0265952
0.0265953
0.026567
0.026584
0.0247701
0.0264543
0.0257183
0.0265508
0.0263665
0.0262803
0.0264847
0.0261912
0.0265885
0.0265741
0.0263069
0.0253993
0.0259304
0.0260499
0.0265907
0.0264803
0.0265268
0.0265958
0.0265766
0.0262388
0.0263182
0.0264429
0.0264747
0.012731
0.025469
0.0265528
0.0262772
0.026576
0.0264651
0.0265823
0.0263226
0.0254651
0.0265869
0.0256416
0.026591
0.0112937
0.0265813
0.0264543
0.0260292
0.0265177
0.0265628
0.0264681
0.0265204
0.0260191
0.0257819
0.0261574
0.0265895
0.0264804
0.0265915
0.0256464
0.0265886
0.026557
0.0265765
0.0240939
0.0265438
0.026588
0.0263857
0.02659
0.026059
0.02609
0.0265949
0.0125613
0.0260921
0.0264086
0.026446
0.0260793
0.0265793
0.0265254
0.0262073
0.0259461
0.0264689
0.0263976
0.0258594
0.0265911
0.0265942
0.0232246
0.0255757
0.0265311
0.0263888
0.0261905
0.026501
0.0264847
0.0265955
0.0265473
0.0263605
0.0263155
0.0265959
0.0265341
0.0265776
0.0265094
0.0265899
0.0265685
0.0265913
0.0262942
0.0265208
0.0249959
0.0259248
0.0263155
0.0250418
0.0261737
0.026264
0.0264621
0.0260191
0.0253832
0.0265357
0.0265666
0.0265727
0.0265894
0.0261905
0.0259122
0.026581
0.026368
0.0240221
0.0265805
0.0265835
0.0263641
0.0265348
0.0264875
0.0259392
0.0265961
0.0265653
0.0265087
0.0265582
0.0265241
0.0265435
0.0265046
0.0263729
0.0265766
0.0264924
0.0263112
0.026262
0.0265626
0.0264954
0.0263568
0.0261905
0.0265581
0.0252451
0.0265795
0.0265453
0.0264977
0.0102339
0.0262739
0.0262152
0.026582
0.0265352
0.0253703
0.0265811
0.0265869
0.0257419
0.026492
0.0262261
0.0264128
0.0265738
0.0262902
0.026543
0.0265865
0.0262316
0.0256874
0.0264995
0.0265226
0.022644
0.0264105
0.0265679
0.0265398
0.0263086
0.0265605
0.0265933
0.0265842
0.026564
0.0265523
0.0265877
0.026586
0.0265781
0.0265553
0.0264475
0.0262536
0.0260133
0.0247206
0.0264745
0.0265775
0.0265038
0.0265412
0.0263699
0.0263541
0.0254688
0.0265943
0.0265704
0.026548
0.0265004
0.0265816
0.0265866
0.0265054
0.0259074
0.0257411
0.02656
0.0264996
0.0263474
0.026119
0.0265861
0.0265887
0.0249083
0.0262906
0.0265206
0.0261339
0.0264812
0.0239824
0.0265762
0.026049
0.0265061
0.0116977
0.0261878
0.0260302
0.0264406
0.0265724
0.0263286
0.0261462
0.0265128
0.0265439
0.0264935
0.0265476
0.0265489
0.0265911
0.0259092
0.0262969
0.0263234
0.0254825
0.0265863
0.0263293
0.0265088
0.0263424
0.026521
0.0265353
0.0261082
0.0262001
0.0264419
0.0265707
0.0265799
0.0263063
0.0265961
0.0265821
0.0246859
0.0265274
0.0263588
0.0254752
0.0261544
0.0233082
0.0265833
0.0243772
0.0255264
0.026573
0.0240953
0.0263155
0.0263308
0.0265246
0.0265951
0.0263557
0.0261522
0.0262942
0.0265486
0.0259563
0.025651
0.0259009
0.0261758
0.0265783
0.026199
0.0263183
0.02639
0.0263155
0.0257709
0.0265743
0.0265811
0.026572
0.0265959
0.0264386
0.0265961
0.026572
0.026577
0.0265939
0.0263409
0.0264599
0.0263343
0.0265095
0.0264593
0.0261363
0.0259268
0.0256927
0.0265325
0.0257311
0.026571
0.0265341
0.0263434
0.0265762
0.0265936
0.0265772
0.0258737
0.0265961
0.0249923
0.0256827
0.0265403
0.026472
0.02651
0.0265377
0.026
0.0265756
0.0263544
0.0264269
0.0265715
0.0263714
0.0265159
0.026517
0.0262364
0.0262686
0.0254121
0.0263916
0.0265957
0.0264426
0.0264087
0.026318
0.0262927
0.0265795
0.0265269
0.0259004
0.026596
0.0260911
0.0265926
0.0260698
0.0263095
0.0265526
0.0265753
0.0231459
0.0265272
0.0264959
0.0265246
0.0263631
0.026525
0.0265713
0.0259309
0.0261775
0.0265037
0.0265243
0.026212
0.0265557
0.0263938
0.0260105
0.0254114
0.026571
0.0265675
0.0265706
0.0244153
0.026476
0.0260957
0.0265939
0.0265904
0.0262174
0.0258898
0.0264581
0.0262942
0.026392
0.0258958
0.0265736
0.0252341
0.0265673
0.026583
0.0265933
0.0260754
0.0265916
0.0265167
0.025775
0.0256412
0.0265947
0.0263029
0.0258021
0.0263084
0.0261377
0.0263367
0.0264543
0.026595
0.0264242
0.0262888
0.0264247
0.0265674
0.0262466
0.0265743
0.0265741
0.0261729
0.025252
0.0265715
0.0265395
0.0265279
0.0265838
0.0265624
0.0250382
0.026517
0.0263474
0.0265909
0.0265357
0.0265254
0.0265943
0.0259722
0.0265658
0.0260911
0.0259078
0.0256439
0.0265203
0.0243453
0.02639
0.0264697
0.025832
0.0263037
0.026532
0.0249671
0.0265352
0.0263732
0.0262816
0.0251425
0.0265446
0.0261662
0.0265144
0.0264097
0.0263441
0.0259871
0.0265357
0.026185
0.0265922
0.0250895
0.0261708
0.0265824
0.0261242
0.0263262
0.0261865
0.0265687
0.0260451
0.0265934
0.0265929
0.0262254
0.0264697
0.0265901
0.0265935
0.0263947
0.0263645
0.0264289
0.026433
0.0265913
0.0265712
0.0265166
0.0244965
0.0263739
0.0263155
0.0264702
0.0261611
0.0262082
0.0265041
0.0257099
0.025872
0.0265943
0.0265597
0.0265961
0.0264451
0.0265596
0.0226322
0.0260861
0.0265955
0.0265959
0.0265787
0.0262812
0.0265769
0.0265961
0.0263976
0.0263565
0.0265167
0.0263555
0.0255801
0.0252378
0.026582
0.0264136
0.0258119
0.0259144
0.026199
0.026533
0.0265962
0.0262466
0.0265911
0.0259297
0.026381
0.0265861
0.0263539
0.026515
0.026363
0.0245989
0.0258535
0.0265934
0.0265697
0.0265961
0.0265606
0.0260911
0.0262007
0.0261793
0.0265246
0.0265255
0.0265939
0.026199
0.0265956
0.0263474
0.0265922
0.0261005
0.0264373
0.0265953
0.0262913
0.0265938
0.0265902
0.0260349
0.0264993
0.0261339
0.0251166
0.0264184
0.0265332
0.0263948
0.0261926
0.0264073
0.0263785
0.0265907
0.0185815
0.0265349
0.025809
0.0259921
0.00863588
0.0241117
0.0265675
0.0260911
0.0265819
0.0259262
0.0263655
0.0265488
0.0264757
0.0264228
0.0262235
0.0265945
0.0263338
0.0265554
0.0259284
0.0265188
0.0265803
0.0262545
0.0259454
0.0250609
0.0265425
0.0265246
0.0264757
0.0265894
0.0265168
0.0263918
0.026596
0.0265961
0.0265197
0.0265386
0.0253507
0.0263714
0.0264865
0.026461
0.0260641
0.0261446
0.0263126
0.0263303
0.0262774
0.0260911
0.0265315
0.0265282
0.0261439
0.0264053
0.0265809
0.026407
0.0265159
0.0265938
0.0265942
0.0265895
0.0265225
0.0265961
0.0260665
0.0261011
0.0264737
0.0265903
0.026534
0.026556
0.026591
0.0263607
0.0255308
0.0256537
0.0263469
0.0265772
0.0258976
0.0265954
0.0259416
0.026442
0.0265934
0.0265822
0.0260107
0.0265663
0.0259495
0.026206
0.0264426
0.026369
0.0262776
0.0265716
0.0254654
0.0265582
0.026572
0.0265507
0.0168071
0.0265426
0.0265511
0.0265591
0.0265955
0.0260492
0.0264643
0.0263431
0.0265349
0.025652
0.0263961
0.0265929
0.026226
0.0265772
0.0264499
0.0265087
0.0264827
0.0253535
0.0263595
0.0265691
0.0265921
0.0261522
0.0245175
0.0265906
0.0264716
0.0261412
0.0264489
0.0265961
0.0263054
0.025164
0.0265691
0.0261285
0.0259788
0.0260529
0.0265277
0.0263627
0.0265789
0.0259956
0.0258925
0.026349
0.026429
0.0265958
0.0239227
0.0257881
0.0263155
0.0265686
0.0246038
0.0265957
0.0259603
0.0265943
0.0265618
0.0263467
0.0248743
0.0249858
0.0257514
0.0265918
0.0265474
0.0265956
0.0264903
0.026025
0.0265839
0.0262993
0.0262868
0.0264226
0.026522
0.0265746
0.0263424
0.0265576
0.0264225
0.026499
0.0265961
0.0265753
0.0259927
0.0256275
0.026572
0.0265343
0.0265906
0.0258911
0.0265814
0.0265749
0.0260993
0.0265957
0.0264193
0.0265955
0.0264783
0.0234742
0.0265773
0.0250588
0.026582
0.0265834
0.0265798
0.0261522
0.0265538
0.0262005
0.0265833
0.0263569
0.0262883
0.0265729
0.0264655
0.0264656
0.0265939
0.0263084
0.0262316
0.026529
0.0263937
0.026233
0.0265588
0.0265528
0.0265865
0.0265463
0.0264047
0.0265962
0.0264106
0.026472
0.0247959
0.0264887
0.0262942
0.0265951
0.026098
0.0265919
0.0260191
0.0265565
0.0258223
0.026174
0.0265765
0.0265329
0.0260815
0.0264092
0.0247332
0.0265839
0.0265929
0.0242376
0.0265939
0.0265809
0.0260391
0.0264236
0.0252452
0.0265945
0.0265612
0.0265301
0.0250485
0.0243432
0.026201
0.0265238
0.0242737
0.0265749
0.0265655
0.0256034
0.0265425
0.0265955
0.0245553
0.0253701
0.0265697
0.026545
0.0262733
0.0258422
0.0265765
0.0265565
0.0260921
0.0265894
0.0265319
0.0265542
0.026259
0.026429
0.0264483
0.0264698
0.00834579
0.0261917
0.0265947
0.026199
0.0254332
0.0233901
0.0260491
0.0265215
0.0265311
0.0265789
0.0262649
0.0264823
0.0261551
0.0263605
0.0264975
0.0265844
0.0259635
0.0265932
0.0263084
0.0254963
0.026582
0.0247247
0.025862
0.026539
0.0264757
0.0259755
0.0262195
0.0265601
0.026407
0.0265759
0.0255948
0.0265382
0.0262316
0.0263015
0.0263889
0.0265959
0.0264049
0.0244741
0.0259443
0.0265352
0.0265381
0.0264888
0.026557
0.0258875
0.0265398
0.0262526
0.0265863
0.0264792
0.0253627
0.0262152
0.0265803
0.0265585
0.0265793
0.0260901
0.0263081
0.0262812
0.0265753
0.026446
0.0265182
0.026592
0.0265956
0.0265439
0.0249322
0.0264223
0.0265376
0.0265234
0.0265719
0.0265721
0.0265365
0.0265551
0.0265915
0.0265787
0.0264239
0.0265662
0.0258524
0.0252728
0.0264026
0.0259243
0.0261158
0.0264651
0.0265732
0.0256606
0.0265662
0.026596
0.0265634
0.0260486
0.0265945
0.0262993
0.0265393
0.0265206
0.0265363
0.0265891
0.0265956
0.0264757
0.0265944
0.0265688
0.0264634
0.0265887
0.0264489
0.026596
0.0259166
0.0261904
0.0263241
0.0265585
0.0263711
0.0265393
0.0254263
0.0265929
0.0261662
0.0262152
0.0264397
0.0265003
0.0262553
0.0231828
0.0265238
0.0264751
0.0265564
0.0265961
0.0259294
0.026594
0.0265901
0.0265466
0.026596
0.0263812
0.0265772
0.0263766
0.0258684
0.0261188
0.0265638
0.026596
0.0264026
0.0264426
0.0264325
0.0263607
0.0261522
0.026596
0.0265902
0.0265904
0.0265381
0.0263384
0.0265511
0.026395
0.0265644
0.0265045
0.0265874
0.0265046
0.0258466
0.00991663
0.026559
0.0265076
0.0263569
0.0261905
0.026539
0.0262225
0.0260883
0.0263574
0.0265183
0.0264174
0.026575
0.0258989
0.0254898
0.0264916
0.0265525
0.0264903
0.0263983
0.0263954
0.0261666
0.026564
0.0265962
0.0263483
0.0262335
0.0249585
0.0262754
0.0265958
0.0259402
0.0264832
0.0265927
0.0265256
0.0265435
0.0259545
0.0265679
0.0265353
0.0265835
0.0265055
0.0261476
0.0256913
0.026199
0.0265935
0.0263887
0.0264954
0.0261999
0.0262183
0.0264437
0.0258038
0.0265896
0.0258394
0.0249681
0.0265376
0.0262228
0.0255819
0.026564
0.0262816
0.0262235
0.026586
0.0255275
0.0265707
0.0265749
0.0260092
0.0253954
0.0262136
0.0265808
0.0261553
0.0262218
0.0265814
0.0265515
0.0265711
0.0265612
0.0265936
0.0248911
0.026399
0.0264852
0.0263834
0.0264693
0.0262412
0.0265225
0.0264046
0.0263728
0.0265894
0.0259461
0.0265961
0.0262654
0.0262572
0.0265576
0.0264959
0.0255289
0.0260267
0.0265742
0.0257047
0.026596
0.0265959
0.0263084
0.0265325
0.0265501
0.0264019
0.0264759
0.0264335
0.0259145
0.0261179
0.0262438
0.0253505
0.0262307
0.0257804
0.0259324
0.0265685
0.0264762
0.026035
0.0265476
0.0265824
0.0264374
0.0264686
0.0264139
0.0265772
0.0265955
0.0254074
0.0256188
0.026588
0.0259499
0.0265124
0.0260444
0.0265894
0.025928
0.0265363
0.0265631
0.0265917
0.0261611
0.026406
0.0265959
0.0265958
0.0245131
0.0260496
0.0255158
0.0263916
0.0265937
0.0263953
0.0265944
0.0261694
0.0263203
0.026485
0.0258532
0.0265086
0.026199
0.025065
0.0265934
0.0264401
0.0264843
0.0262422
0.0242986
0.0262152
0.0253792
0.0264942
0.0265086
0.0265962
0.0265924
0.0265378
0.0261135
0.026494
0.0265472
0.0265861
0.0261574
0.0199027
0.0264757
0.0263707
0.0265836
0.0264798
0.026486
0.0265539
0.0265646
0.0265951
0.0265589
0.0265585
0.0262762
0.0265962
0.0185138
0.0264711
0.0264103
0.0264916
0.0235
0.0265947
0.026423
0.0265944
0.0264602
0.0265959
0.0265407
0.026581
0.0259704
0.0265638
0.024403
0.0261905
0.0257409
0.0254661
0.0258799
0.02591
0.0265416
0.026596
0.0265845
0.0264572
0.0261905
0.0265808
0.0263948
0.0265072
0.0260041
0.0265177
0.0264215
0.0265043
0.026572
0.0252202
0.0265759
0.0265937
0.026512
0.0265913
0.0265932
0.0263387
0.0264917
0.0265961
0.0265236
0.0265888
0.0262524
0.0265725
0.0265786
0.0265368
0.0265343
0.0251874
0.0256738
0.0265499
0.0263487
0.0265944
0.0262388
0.0244989
0.0259673
0.0264639
0.0264868
0.0265807
0.0262378
0.0249217
0.0265695
0.0265526
0.0265957
0.0265947
0.0265682
0.0265926
0.0263242
0.0264681
0.0265961
0.0258077
0.0259601
0.0261611
0.0265537
0.0230085
0.0265001
0.026546
0.0263338
0.0265531
0.0264062
0.0262754
0.0263018
0.0257997
0.0263872
0.0265576
0.0265867
0.0251182
0.0265631
0.0265943
0.026571
0.0258413
0.026498
0.0265619
0.0265669
0.0265516
0.0265842
0.0264959
0.0265442
0.0264394
0.0265882
0.0259392
0.0263463
0.0265325
0.0265961
0.0265168
0.026596
0.0265901
0.0265512
0.0260156
0.0264967
0.0253462
0.0264425
0.0265642
0.0264185
0.026484
0.0265451
0.0265881
0.0264139
0.0265803
0.0265917
0.0265953
0.0258943
0.0265259
0.0265861
0.0265624
0.0265391
0.0265523
0.0265742
0.0263714
0.0257938
0.0262868
0.0263155
0.0264168
0.0263948
0.0263084
0.023533
0.0265792
0.0264448
0.0265383
0.0255507
0.0265961
0.0262226
0.0262316
0.0265602
0.0264173
0.0264441
0.0261355
0.0265795
0.0263491
0.0261662
0.0261905
0.0260026
0.0264339
0.0264421
0.0265886
0.026414
0.0265786
0.02638
0.0263628
0.0260584
0.0262476
0.0265357
0.0265841
0.0260543
0.0265382
0.0264403
0.0265611
0.0265836
0.02648
0.0265493
0.0257248
0.0252051
0.0265961
0.0261637
0.0261112
0.0265924
0.0265911
0.0265926
0.0265778
0.0265958
0.0265958
0.0261917
0.0265907
0.0256942
0.0253744
0.0262402
0.0265704
0.0265907
0.0264815
0.0262223
0.026309
0.0264045
0.0263136
0.0230058
0.0261478
0.0265599
0.0263747
0.026564
0.0265641
0.0265959
0.0265255
0.0265233
0.026573
0.0265615
0.0265311
0.0265884
0.0265957
0.0265089
0.0262382
0.0264174
0.0265851
0.0251573
0.026204
0.0254194
0.0263555
0.0265894
0.0265779
0.0264751
0.0265309
0.0261662
0.0258692
0.0265904
0.0242624
0.0265691
0.0251252
0.0265522
0.0265873
0.0262729
0.0253278
0.0262687
0.0265904
0.0264827
0.0251744
0.025544
0.0265523
0.0265272
0.0247953
0.0261268
0.0248369
0.0263428
0.025807
0.0265823
0.0263552
0.0265673
0.026595
0.0265695
0.0265682
0.0124301
0.0265809
0.0265621
0.025183
0.0261953
0.0265604
0.026596
0.0265158
0.0256464
0.0265123
0.0264966
0.0263424
0.0264954
0.0265525
0.02632
0.0265958
0.0265744
0.0263267
0.0262668
0.0264451
0.0264161
0.0261872
0.0260174
0.0265752
0.0129634
0.02653
0.0265079
0.0231419
0.0263597
0.0260543
0.026411
0.0262243
0.0263155
0.0264311
0.0258146
0.0265811
0.0259264
0.0265573
0.0257441
0.0265193
0.0265009
0.023829
0.026483
0.0264
0.0265711
0.026224
0.0264384
0.0258051
0.0265957
0.0262033
0.0265495
0.0264739
0.0248381
0.0265817
0.0252991
0.0264627
0.0265831
0.0261955
0.0224361
0.0256544
0.0265833
0.0265833
0.0264067
0.0265658
0.0260637
0.0262932
0.0265171
0.026566
0.024373
0.0262054
0.0261905
0.0202733
0.0256529
0.0246461
0.0260387
0.0265738
0.0255336
0.0264191
0.0103321
0.026497
0.0263794
0.0263771
0.0261522
0.0263073
0.0260651
0.0264402
0.026563
0.0265351
0.026577
0.0265853
0.026512
0.0248361
0.0264131
0.0265081
0.0265943
0.0261762
0.0263619
0.026102
0.0254455
0.0252968
0.026264
0.0263226
0.0264399
0.0265144
0.0261368
0.0263847
0.0248052
0.0259486
0.0265903
0.0260815
0.026564
0.0252894
0.0262645
0.0264073
0.0264008
0.0254123
0.0263155
0.021787
0.0251834
0.026594
0.0261359
0.0254181
0.0259095
0.0265294
0.0263824
0.0254842
0.0263782
0.0264988
0.0265846
0.0228055
0.0261108
0.0252499
0.0253534
0.0265607
0.0265456
0.0264401
0.0265812
0.0264644
0.0264901
0.00883069
0.0264425
0.0263048
0.0261003
0.025728
0.0265393
0.0265838
0.0263786
0.0265961
0.0265195
0.0265713
0.0256231
0.0264945
0.0264939
0.0260157
0.0265957
0.0265749
0.0258424
0.026526
0.0265715
0.0265582
0.0257278
0.0263313
0.0252283
0.0264915
0.0264574
0.0261522
0.0245129
0.025557
0.0264194
0.0253539
0.0265906
0.0264731
0.0265753
0.0264891
0.0257736
0.0265314
0.0251561
0.0264635
0.0263887
0.0265814
0.0249442
0.0265935
0.0264127
0.0260402
0.0265382
0.0263466
0.0261675
0.0265625
0.0263993
0.0265956
0.0260724
0.0265638
0.0258811
0.0264944
0.0264014
0.024689
0.0265753
0.024426
0.0264184
0.0265881
0.0265357
0.025749
0.0248377
0.0265841
0.0251932
0.0263694
0.0265051
0.0265939
0.0265748
0.0264431
0.0264765
0.025097
0.026567
0.0264991
0.025371
0.0265956
0.0264697
0.0256718
0.0263887
0.0265831
0.0260961
0.0265393
0.0265499
0.0260965
0.0262531
0.0254756
0.0264347
0.0265062
0.0264326
0.0265865
0.0248538
0.0265931
0.0259843
0.0262545
0.0263296
0.0264232
0.0263852
0.0251753
0.0264784
