1600 50 799
0.00391079 -0.00235078
1.92031 0.0139558
4.23093 0.138139
4.35235 0.0456084
4.40063 0.0229739
4.39284 -0.0587433
4.32277 -0.535039
4.35382 -0.666098
4.23745 -0.784047
4.24022 -0.905672
4.20198 -1.15704
4.31543 -1.49478
4.79894 -2.26998
5.94258 -2.68104
7.45353 -2.90889
7.87922 -3.18043
7.94233 -3.28624
8.03422 -3.64385
7.88872 -3.7434
8.02937 -3.87393
7.80687 -4.10146
7.85721 -4.40055
7.69721 -4.74732
7.77627 -4.92465
7.63389 -5.10104
8.09857 -5.50305
8.06349 -5.83421
8.80135 -5.95311
8.97566 -6.35713
8.32953 -6.64108
8.85605 -6.49131
8.88512 -6.54745
9.11293 -6.97202
9.13266 -7.05809
9.24411 -7.03909
8.78346 -7.30805
9.17555 -7.40572
9.31914 -7.85916
9.05652 -7.74481
8.78601 -7.63102
9.55419 -7.95098
9.23158 -7.74625
9.10795 -7.71545
9.15945 -7.86246
9.23185 -7.67548
8.79437 -8.19599
9.05383 -8.12072
8.51996 -8.09564
9.03289 -8.07639
8.36891 -8.06124
8.72222 -8.27319
8.8375 -8.18556
8.66871 -7.81117
8.80889 -8.06917
8.8196 -8.23451
8.75799 -8.08522
9.35906 -8.39627
8.78624 -8.38427
8.98584 -8.02347
8.96113 -8.12416
9.20375 -8.13459
9.22592 -8.27336
9.15214 -8.38062
8.93203 -8.59936
9.40191 -8.26729
8.98129 -8.27011
8.92508 -8.35897
8.81592 -8.47616
8.83152 -8.85157
8.63893 -8.51049
8.60111 -8.55665
8.73703 -8.40425
9.03643 -8.50319
9.09601 -8.45452
9.07871 -8.1306
8.88398 -8.35627
8.67747 -8.49929
9.03923 -8.58471
9.12665 -8.16832
8.84031 -8.48597
8.95941 -8.3299
8.66599 -8.12546
8.63004 -8.51615
8.66384 -8.61769
8.75306 -8.95428
8.69861 -8.56619
9.02243 -8.81645
9.04521 -8.16566
8.46637 -8.32139
8.80033 -8.40771
8.937 -8.2795
9.1524 -8.38591
9.2573 -8.31421
9.07055 -8.44947
9.03614 -8.27551
8.76875 -8.54897
8.97236 -8.35697
8.94541 -8.29643
9.31375 -8.74069
9.12907 -8.6649
9.12658 -8.63058
9.14469 -8.5617
9.20221 -8.5288
9.49504 -8.4923
9.24572 -8.58239
9.08453 -8.26962
9.41796 -8.37938
9.19082 -8.53486
9.06087 -8.49716
8.77588 -8.2458
8.96409 -8.37278
9.32685 -8.53679
9.31418 -8.23143
9.02782 -8.2864
8.78288 -8.71903
9.13571 -8.23427
9.07955 -8.37376
8.7654 -8.70938
8.71928 -8.28796
8.96633 -8.55848
9.03341 -8.7072
8.94415 -8.49712
9.18851 -8.35939
8.84575 -8.46328
8.98749 -8.2101
8.77356 -8.50695
8.83681 -8.51619
8.63512 -8.4509
8.78559 -8.32314
9.01014 -8.2152
8.90806 -8.46846
8.98209 -8.62813
9.06477 -8.60297
9.12454 -8.44199
9.3372 -8.57135
8.83937 -8.60613
8.95341 -8.59359
8.71559 -8.73759
8.91326 -8.37288
9.08028 -8.42129
8.80596 -8.14467
8.93658 -8.76145
8.90878 -8.44958
9.07844 -8.49749
8.9017 -8.81099
8.94617 -8.91045
8.82981 -8.66794
8.7125 -8.54939
8.519 -8.56255
8.27201 -8.71858
8.54574 -8.34889
9.0141 -8.31922
9.3285 -8.63667
9.0387 -8.58678
8.93393 -8.90337
9.12537 -8.59815
9.063 -8.7375
9.03529 -8.50884
8.81514 -8.38696
9.16916 -8.87214
9.16065 -8.43039
9.14657 -8.47793
9.15113 -8.4268
8.99794 -8.56513
8.94958 -8.61797
9.16615 -8.28837
8.9675 -8.10032
8.58802 -8.29131
8.78785 -8.40192
9.20757 -8.33144
8.89055 -8.13105
8.64055 -8.42757
8.82957 -8.30008
9.3041 -8.49409
9.13519 -8.6552
8.95138 -8.58984
8.99961 -8.05095
9.17809 -8.34798
8.80379 -8.45728
8.76156 -8.36009
9.07996 -8.77413
9.10013 -8.74112
9.09991 -8.34782
8.98264 -8.35022
9.26168 -8.32223
9.21807 -8.56395
9.49379 -8.31737
8.89709 -8.21374
9.1838 -8.26095
8.97748 -8.32587
8.93539 -8.55454
9.19354 -8.55975
8.85445 -8.45751
8.605 -8.45225
8.64311 -8.93128
8.65987 -8.40018
9.07671 -8.2
8.99044 -8.84626
8.81791 -9.11122
8.6629 -8.93003
9.25852 -8.93209
8.84269 -8.80172
8.8385 -8.92399
9.0048 -8.74944
9.00562 -8.56453
8.79336 -8.45555
8.71413 -8.57909
9.05819 -8.43556
8.89262 -8.3682
8.78508 -8.86276
9.20397 -8.98644
9.2217 -8.4928
9.21143 -8.79321
9.27782 -8.76114
9.32564 -8.23169
9.45286 -8.41369
9.07562 -8.34661
9.29309 -8.55379
9.19429 -8.59949
8.95741 -8.28901
8.91398 -8.44654
8.98799 -8.36759
8.8243 -8.90314
8.83475 -8.73577
9.07043 -8.54331
8.7759 -8.8086
9.08452 -8.78857
9.44432 -8.47922
9.0083 -8.70081
9.38706 -8.79432
9.30825 -8.72369
8.74117 -8.69286
8.60202 -9.00707
8.99424 -8.93533
9.32613 -8.95711
9.15253 -8.83234
8.99124 -8.8967
8.86904 -8.77766
8.76761 -8.49417
8.86228 -8.85053
9.07015 -8.95875
8.95783 -8.9238
8.90449 -8.53726
9.22027 -9.0776
8.51506 -9.19323
8.82309 -9.22558
9.04053 -8.79976
9.10487 -8.91467
8.9776 -9.27258
9.43498 -9.11932
9.3967 -8.75445
8.93857 -9.01229
8.9274 -8.96622
9.09245 -8.85028
9.44347 -8.75469
9.09351 -9.08558
8.70127 -8.76311
8.98572 -8.58489
9.06434 -8.8336
9.16737 -8.83463
8.45901 -8.76037
8.96412 -8.22596
8.97778 -8.35512
8.85845 -8.36224
8.99841 -9.03548
9.40766 -8.86938
9.34754 -8.55847
8.87528 -8.65672
9.22839 -8.78498
8.9852 -8.94366
8.47409 -8.78064
8.67798 -8.8853
8.80787 -8.87451
9.18355 -8.76994
9.04963 -8.55646
8.61066 -8.48014
8.81292 -8.58048
8.56338 -8.83935
8.66004 -8.69159
9.26772 -8.36285
9.03946 -8.82225
8.92489 -8.96482
8.83092 -8.95006
9.16179 -8.54984
8.79461 -8.67432
8.64883 -8.66933
8.51694 -8.93302
9.08926 -8.60885
9.04174 -8.54664
8.92848 -8.34284
8.94822 -8.79544
8.83792 -8.7287
8.83145 -8.33577
8.96914 -8.56439
8.96532 -8.46265
9.02529 -8.68008
8.90019 -8.62193
9.11758 -8.78796
8.85639 -8.54623
8.82271 -8.67093
8.69333 -8.82239
8.57705 -8.68356
8.6872 -9.21375
8.98649 -8.72041
8.6903 -8.58075
8.46699 -8.78643
8.7177 -8.78323
8.74104 -8.81714
9.36722 -8.60053
9.21559 -8.42061
9.14579 -8.65066
9.23291 -8.60399
9.06631 -8.58442
8.96628 -8.53871
9.05053 -8.5061
9.23033 -8.55579
8.94566 -8.84922
8.85196 -8.93526
9.00852 -8.78799
8.86133 -8.89759
8.91699 -8.97066
9.11102 -8.72993
9.04333 -8.6723
9.09605 -8.78739
8.82932 -9.15788
9.05769 -8.77216
8.74542 -8.6622
9.03743 -9.0958
8.91982 -8.32458
9.00982 -8.56983
8.91255 -8.83953
9.31102 -8.70105
9.09339 -9.16986
9.19991 -8.77151
9.3589 -8.78963
9.17608 -8.79499
9.12015 -8.68999
9.1448 -8.68668
8.9398 -8.82087
9.06976 -8.93442
9.11536 -8.63239
8.67095 -8.69931
8.84821 -8.48142
8.95683 -8.51223
9.13781 -8.38569
9.11218 -8.51544
9.05513 -8.37671
8.77621 -8.20939
8.72322 -7.84789
9.17776 -8.65629
8.95266 -8.49158
9.0026 -8.42099
8.97537 -8.49523
8.83301 -8.48088
8.46539 -8.56493
8.33321 -8.05152
8.81972 -8.46
9.02019 -8.63684
9.19065 -8.75463
8.9349 -8.79627
9.06509 -8.50633
9.20852 -9.01909
8.94965 -9.07377
8.76026 -9.23604
8.77842 -8.7593
9.37904 -8.82451
8.9587 -8.63449
9.13122 -8.3288
9.21357 -8.63632
9.20164 -8.56171
8.88356 -8.35285
8.95816 -8.56429
9.01035 -8.62681
9.21855 -8.76315
9.20623 -9.03198
9.06148 -8.76698
9.03691 -8.43602
9.15195 -8.66047
8.94146 -8.27592
8.92248 -8.67225
9.04452 -8.10268
9.08772 -8.50544
9.33982 -8.69332
9.12741 -8.64551
8.90029 -9.02959
9.06988 -8.92656
9.20316 -9.11703
9.25165 -8.71682
9.21535 -8.51567
8.75937 -8.65023
9.01396 -8.74652
8.90225 -9.07669
8.81442 -9.03514
9.28964 -8.38426
8.93448 -9.02107
8.63942 -9.14442
8.99154 -9.06795
8.70075 -8.85839
8.84631 -8.97859
8.88139 -8.806
8.77593 -8.67061
8.87102 -8.87435
8.61556 -8.73746
8.77659 -8.63313
9.16324 -9.08303
8.98966 -9.13909
9.08107 -8.88589
8.80806 -8.51149
9.30215 -8.58393
9.10913 -8.29164
9.17949 -8.09044
8.94597 -8.25445
9.06203 -8.3544
9.07606 -8.69433
8.86582 -8.94804
9.03519 -8.73469
9.0929 -8.75808
9.20546 -8.97472
8.83132 -9.27622
8.76094 -9.00783
9.19127 -9.07709
8.784 -8.76382
8.85879 -8.94135
8.89525 -8.89633
9.32789 -8.51172
9.07007 -8.74895
8.9491 -8.76693
8.95595 -8.76058
9.04831 -8.5537
8.99518 -8.33122
8.99941 -8.53573
8.93964 -8.80487
8.93931 -8.96533
8.77099 -8.93749
8.69515 -9.20086
8.70942 -9.2243
8.53476 -9.12013
8.68493 -8.99472
8.99379 -8.85666
9.23019 -8.93192
9.14938 -8.53082
9.05522 -8.98875
8.81522 -8.64882
9.0627 -8.66394
9.47247 -8.84749
9.19428 -8.90386
9.35161 -8.99141
9.05375 -8.648
9.14572 -8.62027
8.79034 -8.6133
8.9962 -8.82428
8.97256 -8.68083
9.32169 -8.79354
9.35325 -8.82895
9.33673 -9.15434
9.24586 -8.93205
9.21201 -8.7975
9.0308 -8.85705
8.94708 -9.17582
8.79877 -8.76471
8.7149 -8.6141
8.85888 -8.91775
9.01248 -8.87715
9.32832 -8.8483
9.20767 -9.2125
8.79901 -9.07398
9.0973 -8.71804
9.26909 -8.68824
8.91933 -8.68589
8.71969 -8.6406
9.05652 -8.68381
9.06843 -8.62735
9.26798 -8.6614
9.15753 -8.70707
9.26039 -8.79581
9.14234 -8.24789
8.79866 -8.61085
8.91714 -8.5277
9.23437 -8.82327
9.13064 -8.89044
8.92885 -8.80893
8.94477 -9.01135
8.91248 -8.75994
8.86047 -8.43687
8.84075 -8.84135
8.86469 -8.6167
8.6977 -8.55521
8.98034 -8.63132
8.82894 -8.73286
8.9223 -8.58448
9.24152 -9.00764
8.8481 -8.72774
8.62636 -8.98936
9.13438 -9.07727
9.09207 -8.52633
9.25259 -8.69568
8.83939 -8.4571
9.05067 -8.13591
9.0445 -8.40117
9.09112 -8.34814
8.99075 -7.93114
8.9492 -8.49551
8.82457 -8.80727
9.27471 -9.14305
9.39374 -8.67079
8.97802 -8.44454
9.46673 -8.58775
9.11856 -8.63128
9.40133 -9.03981
9.05198 -8.83512
8.81494 -8.62282
8.89673 -8.50189
8.69302 -8.76404
9.47004 -8.73971
9.31615 -8.69136
9.25988 -9.02788
8.53886 -8.52332
9.04138 -8.6232
8.89067 -8.78889
8.78691 -8.49369
9.05294 -8.40865
9.08624 -8.98475
8.8909 -8.83174
8.63808 -8.88097
8.90312 -8.34362
8.76492 -8.29706
8.81093 -8.50984
9.25685 -8.58161
9.36524 -8.74213
9.20573 -8.71042
9.19653 -8.80233
9.26022 -8.69918
9.14656 -8.6396
9.05321 -8.60842
9.08918 -8.94396
9.03992 -9.11929
9.13487 -8.83912
8.86832 -9.01038
8.83586 -9.10794
9.16632 -8.80592
8.89375 -8.90631
8.81313 -8.62245
8.92525 -9.10797
8.8609 -8.81628
8.90338 -8.93343
9.06341 -8.79051
9.03774 -8.31847
8.89345 -8.45333
9.08215 -9.35821
8.7998 -9.19562
8.79274 -8.93208
8.74725 -9.22464
8.95713 -9.32348
8.77295 -9.30739
8.972 -8.79027
9.05946 -8.81635
8.90596 -9.0738
8.89343 -9.1124
8.96251 -8.9349
9.07947 -8.9328
9.02007 -8.87625
8.93084 -8.66108
8.74623 -8.64389
8.96582 -8.63603
9.17072 -8.84963
8.86586 -8.73977
9.06652 -8.85441
8.83201 -8.8739
8.80023 -8.81059
9.24102 -8.62471
8.98508 -8.6006
8.98897 -8.90223
8.82687 -9.11033
8.8896 -8.58734
8.80983 -8.62043
8.72771 -8.278
9.14869 -8.53696
8.9895 -8.58102
9.14489 -8.50633
9.26593 -8.46813
9.33774 -8.35192
9.09503 -8.59061
8.66027 -8.68542
8.82056 -8.32886
9.22141 -8.67916
9.16519 -8.79241
8.89412 -8.64937
8.50239 -8.6541
8.95427 -8.86275
9.05598 -8.7482
8.72152 -8.37627
8.89236 -8.75225
8.93868 -8.38653
9.11597 -8.83349
9.304 -8.79407
9.04459 -9.06753
8.9497 -8.8488
9.16489 -8.64765
8.91117 -8.79992
9.00465 -8.95604
8.89785 -8.94454
8.87468 -8.77222
8.73423 -8.88357
8.81108 -8.98052
8.7465 -8.84252
8.58533 -8.64435
8.75688 -8.66245
8.60197 -8.3834
8.53598 -8.52705
8.85324 -8.59216
8.87151 -8.51629
9.14657 -8.64812
8.91804 -8.61495
8.69285 -8.67356
8.94325 -8.75201
8.71521 -8.71927
8.80609 -8.99239
8.92189 -8.71976
8.73535 -8.7567
8.81982 -9.04054
8.80673 -8.91462
8.70262 -8.8153
9.13333 -8.74503
9.34584 -8.59873
8.93016 -8.89373
8.81456 -8.85892
8.93951 -8.83815
9.11103 -8.77364
8.88842 -8.70583
9.09223 -9.13306
8.83769 -8.72819
8.57819 -8.91412
8.49776 -8.75991
9.03857 -8.9952
8.9201 -8.86444
8.83992 -8.74712
8.81531 -8.98689
8.6481 -8.83125
9.14035 -8.68547
9.16904 -8.93142
9.26221 -8.87181
8.80057 -8.48704
9.31763 -8.8109
9.2022 -8.69157
8.93766 -8.5535
9.15473 -8.83577
9.13476 -8.6558
9.16805 -8.73629
9.31138 -8.80255
8.83784 -8.65511
9.22635 -8.71233
8.91577 -8.76348
8.9094 -9.22588
8.9786 -9.05465
9.04133 -8.99569
9.21723 -8.90402
8.7521 -8.74436
8.75895 -8.59776
8.84936 -8.58496
8.65254 -8.897
9.09134 -9.21136
8.42729 -8.68149
8.96714 -8.78402
9.22319 -8.32242
9.02585 -8.18288
9.01968 -8.20393
8.64459 -8.40317
9.22622 -8.54694
9.59247 -8.72458
9.95517 -8.59534
9.41751 -8.81428
8.96462 -8.66128
9.13369 -8.81076
9.23856 -8.78543
9.26835 -8.62972
8.89828 -8.74671
8.89722 -8.80312
8.94165 -8.55872
8.85137 -8.53211
9.37529 -8.6584
9.21183 -8.77408
8.88388 -8.91714
8.94278 -8.82058
9.04231 -8.82806
8.71935 -8.51068
8.46405 -8.49812
8.81619 -8.62089
9.28265 -8.59031
9.05135 -8.62425
8.7122 -8.38265
9.22347 -8.76142
8.39601 -8.8608
8.99631 -8.86484
9.56057 -8.65474
9.43236 -8.74815
9.10636 -8.58933
9.37013 -8.54457
9.25718 -8.95743
9.30031 -8.81952
9.09424 -8.88207
8.92642 -8.73716
9.2612 -8.86133
9.19284 -8.82885
9.1269 -8.32562
9.13395 -8.51742
9.33483 -8.55028
9.45891 -8.81098
9.37821 -8.61685
9.38469 -8.70049
9.0318 -8.87654
9.4413 -8.74034
9.13239 -9.12696
9.38777 -8.73056
9.31486 -8.63456
9.64849 -8.82547
9.42938 -8.77724
9.06741 -8.70167
9.58804 -8.74174
9.45652 -8.42663
9.00589 -8.86166
9.20403 -8.73431
8.81496 -8.86987
8.96647 -8.83177
8.57243 -8.54817
8.98212 -8.89538
8.83542 -8.58026
8.89767 -8.95673
9.33742 -8.87585
9.19661 -8.85695
8.96891 -8.87954
8.94609 -9.09711
8.80018 -8.83748
8.95072 -8.91712
9.08403 -8.59005
8.76585 -8.62209
9.06222 -8.80032
9.16591 -8.80404
9.37246 -9.56589
9.20019 -9.57557
9.31993 -8.85796
9.43048 -8.62877
9.11225 -8.63613
9.04182 -8.74365
9.03914 -8.97882
9.2162 -9.00368
9.39877 -9.21391
8.99385 -9.12119
9.13962 -8.90122
9.1535 -9.11167
9.154 -9.11551
9.11369 -9.15617
9.04861 -9.12042
9.45925 -9.25396
8.96402 -9.12382
9.37636 -9.17045
9.29354 -9.13244
9.2056 -9.11389
9.05416 -8.82454
8.72034 -9.04817
9.01772 -8.48723
8.82051 -8.51058
9.0262 -8.7704
9.26279 -8.71652
8.96338 -8.63943
9.25503 -8.66478
9.19567 -8.79077
9.25487 -8.67075
9.50763 -8.9883
9.1033 -8.67479
8.82611 -8.70994
9.40209 -8.96287
9.5877 -8.94747
8.84133 -8.87318
9.07866 -8.6643
9.00061 -8.75232
8.98528 -9.05335
9.31796 -8.93636
9.38794 -8.74105
9.18543 -8.66048
9.34987 -8.65987
9.06834 -8.68333
9.274 -8.85869
9.17394 -8.88902
9.31157 -8.61688
8.95354 -8.53175
9.35768 -8.62408
9.06697 -9.11559
9.27264 -8.99156
9.28817 -9.01085
9.08011 -8.88891
9.06486 -8.95464
9.24122 -8.70285
9.13341 -8.88718
9.08133 -8.82289
9.42536 -9.11145
9.26131 -8.75689
8.88509 -9.00895
9.09164 -8.68139
8.91548 -9.09898
8.9007 -9.11389 8.9518
8.58158 -9.00143 -7.30262
8.25649 -9.01098 -8.69427
8.54787 -8.83089 -9.16414
8.44386 -8.71796 -8.93847
8.59236 -8.23947 -8.95702
8.40214 -8.56078 -9.35929
8.35533 -8.90086 -9.14255
8.52091 -9.24507 -9.26381
8.35565 -8.7891 -8.95523
8.48742 -8.81425 -8.73307
8.69539 -8.93641 -9.12317
8.15758 -9.21815 -9.00434
8.54926 -9.45372 -8.96664
8.54932 -9.09612 -8.69377
8.29267 -9.31942 -9.08651
8.61517 -8.91434 -8.7885
8.03512 -9.06753 -8.97081
8.45848 -9.0693 -8.88284
8.43136 -9.03853 -9.01177
8.48343 -9.18678 -9.22417
8.4913 -9.02403 -8.99246
8.49709 -8.91068 -8.9928
8.17775 -8.8112 -9.35087
7.93854 -9.1033 -9.08501
8.40531 -9.24507 -8.78198
8.25649 -9.25538 -9.00833
8.27108 -9.50571 -9.0396
8.34811 -8.97099 -9.39487
8.09913 -9.01653 -8.85044
8.38597 -8.56063 -9.22161
8.48846 -8.93057 -9.08657
8.21227 -9.03977 -9.19219
8.18286 -9.33613 -8.98861
8.30863 -8.91015 -9.26493
8.33032 -9.163 -9.17535
8.17851 -9.08997 -9.30424
8.51938 -8.74212 -9.47702
8.30333 -9.06057 -9.25789
8.51205 -9.14427 -9.1587
8.77701 -9.13692 -9.05019
8.60246 -9.08096 -8.94637
8.40623 -9.42408 -8.99074
8.31578 -8.74636 -8.92783
8.42129 -8.90937 -8.94071
8.17321 -8.96233 -8.98565
8.91907 -9.22592 -9.07075
8.65287 -9.06862 -8.6094
8.3926 -9.42649 -8.5544
8.37361 -9.19743 -8.81762
8.86932 -8.76848 -8.70902
8.58905 -8.63326 -8.61184
8.52409 -8.83133 -8.93565
8.61354 -8.73214 -8.88358
8.32663 -8.84579 -8.59912
8.43278 -8.97016 -8.77562
8.96465 -8.9071 -8.88986
8.91175 -9.21235 -8.76921
8.81653 -9.15294 -8.81058
8.93581 -8.81078 -9.20709
8.49929 -8.86806 -9.05131
8.50525 -8.94023 -9.0364
8.35042 -9.27003 -8.98333
8.64652 -8.74366 -8.84355
8.65642 -8.95739 -8.86929
8.70549 -8.93485 -9.00403
8.4601 -8.6493 -8.63615
8.49401 -8.72359 -8.63687
8.40028 -8.93858 -9.00448
8.54473 -8.93304 -8.71633
8.49254 -9.08996 -8.67092
8.28067 -8.95104 -8.6764
8.39155 -8.61794 -8.67437
8.18755 -8.87247 -8.8847
8.36321 -8.74796 -8.64342
8.19793 -8.73855 -8.74721
8.22327 -8.61903 -8.64278
8.33116 -8.64257 -8.82257
8.60459 -8.59561 -8.79236
8.59738 -8.51888 -8.7749
8.43912 -8.75034 -9.16852
8.20971 -8.69646 -8.90034
8.27776 -8.49126 -8.79528
8.19514 -8.6088 -8.52715
8.67578 -8.68877 -8.68368
8.94036 -8.7327 -8.5638
8.72439 -8.94965 -8.79689
8.64675 -9.09271 -8.43294
8.44469 -8.98673 -8.74062
8.42586 -8.91688 -8.65911
8.74695 -8.45031 -8.50615
8.19576 -8.4142 -8.32565
8.18057 -8.77677 -8.47255
8.30589 -8.70117 -8.72329
8.2901 -8.80034 -9.06127
8.66491 -9.15124 -9.04936
8.61898 -9.08843 -8.86603
8.86083 -9.16298 -8.92515
8.43841 -9.26045 -9.16306
8.3028 -8.96614 -8.91233
8.40743 -8.50911 -9.16669
8.64767 -8.74897 -9.37893
8.38462 -8.99372 -8.93206
8.35476 -8.93495 -8.80029
8.47735 -8.81134 -9.16062
8.29744 -8.71574 -9.02965
8.43915 -8.82268 -8.58336
8.79482 -8.72113 -8.6398
8.14399 -9.07702 -8.76928
9.07599 -9.27332 -8.90758
8.53566 -9.13099 -8.93743
8.92147 -9.48774 -8.85602
8.41643 -8.81356 -9.12697
8.43257 -8.82589 -9.28792
8.78164 -9.09688 -8.65695
8.74617 -9.05863 -8.88053
8.9367 -8.94337 -8.43906
8.57667 -9.07888 -8.78029
8.58196 -9.04321 -8.81679
8.40787 -9.17079 -8.91171
8.11855 -9.14641 -8.89845
8.64869 -8.69523 -8.52875
8.52664 -8.91382 -8.99205
8.49514 -8.85893 -9.02059
8.29414 -8.91515 -9.04839
8.61518 -8.92361 -9.18188
8.34508 -8.89893 -9.09645
8.36818 -9.05154 -9.25697
8.2164 -8.97226 -9.17166
8.61305 -8.86755 -9.30071
8.43052 -8.47071 -8.99976
8.40247 -8.87306 -9.1541
8.78506 -8.85457 -9.17481
8.73417 -9.25438 -8.92967
8.50519 -9.08913 -9.20971
8.38388 -8.8509 -9.04493
8.61532 -8.94425 -9.13689
8.85368 -8.93467 -9.47327
8.53737 -9.08266 -8.99855
8.35032 -8.98716 -9.20301
8.72407 -9.34835 -9.38279
8.88341 -8.99468 -9.06673
8.47089 -8.99292 -9.16976
8.45477 -9.05404 -8.98265
8.81972 -8.99105 -9.11013
8.64636 -8.8259 -9.22665
8.40562 -9.06906 -8.93672
8.76551 -9.09059 -8.94775
8.38849 -9.12398 -8.75259
8.51013 -9.0562 -8.90981
8.26284 -8.93744 -8.84644
8.40375 -9.07677 -8.80189
8.70763 -9.23852 -8.90845
8.15532 -9.09238 -8.84957
8.10986 -8.884 -8.88906
8.5023 -8.5536 -9.13344
8.74972 -8.60654 -8.69574
8.84712 -8.42844 -9.10764
8.26215 -8.91167 -9.25144
8.2979 -8.91128 -9.25231
8.48552 -8.83317 -9.27656
8.60606 -8.84562 -9.33012
8.4728 -9.16539 -9.38203
8.59221 -9.08266 -9.42928
8.72063 -9.02813 -9.04249
8.35647 -9.3756 -8.86212
8.82346 -9.05867 -9.30359
8.5534 -9.50386 -9.22759
8.43598 -9.3132 -8.96331
8.87124 -8.90106 -9.15919
8.81733 -8.77904 -9.14677
8.77555 -9.11199 -9.44514
8.7241 -9.38882 -9.35969
8.51602 -9.10994 -9.43525
8.72121 -9.32319 -9.12315
8.63417 -9.22715 -9.28997
8.97491 -9.02535 -9.16951
8.91849 -8.91854 -8.91717
8.91106 -8.81048 -8.97429
8.74331 -9.06234 -9.21458
8.58901 -9.16828 -9.07954
8.7735 -9.05529 -8.99974
8.03719 -8.93643 -9.58997
8.40381 -8.74208 -9.16837
8.78927 -9.30235 -9.02806
8.85418 -9.19032 -9.27793
8.57052 -8.80971 -8.99416
8.57561 -8.95315 -9.34744
8.30709 -8.97906 -9.22662
8.32571 -8.96395 -8.98436
8.93746 -8.94452 -8.67525
8.65693 -8.97224 -8.8405
8.52375 -9.37179 -9.01308
8.9994 -9.13596 -9.13379
8.90886 -8.81422 -8.97598
8.60613 -8.71198 -8.99799
8.53463 -8.79397 -8.86869
8.54816 -8.34474 -9.28871
8.92768 -9.06511 -9.39175
8.58991 -8.96777 -9.58208
8.458 -8.54551 -9.67414
8.99188 -8.44088 -9.47555
8.75712 -9.15594 -9.14655
8.59994 -9.40089 -9.03781
8.34321 -9.17875 -9.19958
8.38594 -9.04137 -9.25131
8.84519 -9.14699 -9.15444
8.72948 -9.12194 -8.68013
8.72533 -9.08335 -9.29405
8.58157 -8.92545 -9.42027
8.77931 -9.01346 -9.20796
8.56154 -9.02716 -9.25404
8.47545 -8.82262 -9.02913
8.81368 -9.11468 -8.93969
8.57942 -8.79093 -9.02734
8.58366 -8.88797 -9.07891
8.83301 -8.80389 -9.54823
9.02127 -8.88122 -8.74349
8.4458 -9.05628 -9.04948
8.89826 -8.63473 -9.06165
8.83209 -8.89564 -8.80697
8.67795 -8.85683 -8.91559
8.67644 -8.70031 -9.3907
8.75027 -8.78492 -9.19505
8.51572 -8.86114 -9.25137
8.50523 -8.77441 -9.05848
8.51703 -8.88304 -9.2078
8.67771 -8.495 -9.08866
8.4489 -8.79325 -8.52219
8.7625 -8.79873 -8.88571
8.5393 -8.59916 -9.20594
8.3155 -8.89561 -8.93644
8.4912 -8.93483 -9.02655
8.39264 -8.74901 -9.49277
8.67874 -8.88233 -9.01538
8.68814 -8.85448 -9.45248
8.42829 -8.75725 -9.19397
8.33721 -8.80569 -8.7917
8.56089 -9.02094 -9.0502
8.48533 -9.32582 -8.92711
8.46949 -8.88961 -8.94524
8.24497 -9.15039 -9.04046
8.20792 -9.16869 -9.02616
8.6894 -9.32081 -9.0146
8.29089 -9.16745 -8.91632
8.52101 -8.48517 -9.22922
8.52064 -8.68938 -8.74253
8.18696 -9.02525 -8.79828
8.46734 -9.00418 -8.91518
8.74532 -9.02974 -8.9028
8.36757 -9.3335 -8.8221
8.81197 -8.90985 -8.59677
8.61761 -9.20971 -9.05625
8.27507 -9.55266 -8.79728
8.32669 -9.12275 -8.71098
8.44807 -9.6222 -8.48287
8.71099 -9.30172 -8.72901
8.56885 -9.68614 -8.88008
8.61899 -9.055 -8.96533
8.50506 -9.30855 -8.61621
9.01463 -9.17503 -9.35435
8.16862 -8.89401 -9.00422
8.54111 -9.12666 -8.82682
8.88143 -8.96845 -8.70969
8.67326 -9.0835 -8.65954
8.59962 -8.9044 -8.89163
8.08008 -8.82475 -8.77476
8.24331 -8.83784 -8.75766
8.17741 -8.55844 -8.69226
8.61825 -9.16437 -8.97943
8.36337 -8.89684 -9.13952
8.58073 -9.26187 -9.08175
9.02129 -8.853 -9.461
8.75307 -8.43115 -9.11274
8.63494 -8.84354 -9.09704
8.62769 -9.05312 -9.25566
8.25248 -9.07036 -8.8902
8.42221 -9.01599 -8.88626
8.66331 -9.20356 -9.05752
8.82065 -9.00871 -8.65513
8.49947 -8.98769 -8.92053
8.476 -8.87635 -9.03245
8.4173 -8.96504 -8.88773
8.75441 -9.44429 -8.76486
8.80265 -9.32915 -8.99078
8.81141 -9.27826 -9.09611
8.42054 -9.2327 -8.92327
8.58925 -9.18458 -8.92839
8.46533 -9.21897 -9.10003
8.50562 -9.12613 -9.00859
8.6892 -9.20185 -8.95464
8.86683 -9.0957 -9.24345
8.76951 -9.08113 -9.21425
8.49002 -9.04361 -8.99701
8.74134 -9.27142 -9.22329
8.76148 -9.55176 -9.20254
8.21669 -9.25948 -9.10212
8.53539 -9.15852 -8.72957
8.35764 -9.04341 -9.06559
8.29831 -8.81092 -9.07249
8.41678 -9.23496 -9.2107
8.35446 -9.30759 -9.24838
7.96742 -8.99816 -9.39536
8.61345 -9.2986 -9.34493
8.70645 -9.54534 -9.63699
8.51064 -9.57918 -9.19309
8.61135 -9.22419 -9.30848
8.50122 -9.15957 -9.16534
8.61224 -9.3698 -8.87771
8.71087 -9.35003 -9.21727
8.5552 -8.95028 -9.02516
8.51026 -9.34653 -9.0315
8.69755 -8.75895 -9.39618
8.34 -9.22276 -9.20569
8.77165 -9.11597 -8.99484
8.24242 -9.19108 -9.20609
8.42741 -9.00313 -9.23397
8.72644 -9.26033 -9.49134
8.71682 -9.33742 -9.01499
8.25898 -9.25306 -9.35324
8.75341 -9.02647 -9.16236
8.57383 -9.57765 -9.06733
8.27479 -9.01704 -9.21797
8.62387 -8.93118 -9.32041
8.67454 -9.12628 -9.16204
8.19243 -9.25414 -8.80817
8.07602 -9.40178 -9.07641
8.30896 -9.38371 -9.16411
8.13783 -8.755 -9.09664
8.38456 -8.75444 -9.18878
8.40112 -8.89624 -9.12673
8.54767 -8.70468 -9.08311
8.37558 -8.72692 -9.26152
8.62789 -8.82559 -9.29303
8.64461 -8.93396 -9.25241
8.51374 -9.17954 -9.30053
8.64948 -8.8884 -9.47106
8.53533 -8.74405 -9.47656
8.16354 -8.95095 -9.57511
8.26749 -9.28953 -9.297
8.49416 -9.22688 -9.54958
8.55273 -9.13697 -9.23898
8.25445 -8.92167 -9.77731
8.40728 -9.06676 -9.06203
8.30777 -8.92553 -9.21115
8.34748 -8.83021 -9.11957
8.67827 -8.41777 -8.97965
8.77305 -8.94497 -8.91012
8.74293 -9.09434 -8.71369
8.82027 -8.62063 -8.90325
8.68103 -8.97109 -8.97122
8.47562 -8.84501 -9.13797
8.47305 -8.78937 -9.28373
8.87363 -8.84828 -8.8579
8.59641 -9.05825 -8.65068
8.65019 -8.5241 -8.83981
8.55694 -8.59883 -8.55943
8.58309 -8.54179 -8.63122
8.78465 -9.15685 -8.64351
8.53238 -9.04779 -8.52697
8.79637 -9.05169 -8.66579
8.97357 -9.18799 -9.11591
8.68554 -9.1238 -9.2029
8.66267 -8.86974 -8.87311
8.53523 -8.92193 -8.70705
8.29862 -8.92091 -8.9012
8.50888 -9.06433 -9.2606
8.71004 -9.14814 -8.95965
8.6719 -8.84797 -9.0232
8.84928 -8.79086 -9.50044
8.62457 -8.83286 -9.20385
8.39944 -8.81645 -9.29735
8.45237 -9.06116 -8.94408
8.60626 -9.30703 -9.05462
8.6205 -8.86247 -9.13745
8.7207 -9.18903 -9.02856
8.66921 -9.21693 -8.85383
8.86197 -9.03343 -9.01023
8.23394 -9.26969 -9.13635
8.45646 -9.40826 -9.13064
8.33761 -9.60512 -9.18167
8.61228 -9.04124 -9.10347
8.75965 -9.21686 -9.07963
8.69127 -9.4532 -9.13256
8.47183 -9.29351 -9.27747
8.63189 -9.36292 -8.85607
8.61447 -9.64366 -9.14267
8.28606 -9.30658 -9.27183
8.48523 -9.33084 -9.06365
8.46659 -9.48526 -9.22565
8.4568 -9.12339 -8.89179
8.72712 -9.20134 -8.93193
8.63497 -9.35699 -9.08587
8.46222 -9.38536 -9.36771
8.86741 -9.52356 -9.23654
8.54655 -8.75723 -9.36113
8.21706 -8.94387 -9.25913
8.28468 -8.84895 -9.03325
8.75751 -8.67118 -9.17051
8.57186 -9.03013 -9.0525
8.69285 -9.09307 -8.89991
8.88484 -9.1123 -8.88643
8.46887 -8.93656 -9.01998
8.87361 -9.34012 -8.82752
8.86135 -9.54183 -8.75664
8.47992 -9.66242 -9.3072
8.32183 -9.50057 -9.09786
8.40615 -9.53886 -8.95379
8.52744 -9.6609 -9.07032
8.47116 -9.50025 -9.29408
8.6722 -9.12815 -9.2669
8.99547 -9.00644 -8.88857
8.56134 -9.14173 -9.04525
8.75871 -9.22123 -8.82904
8.42318 -9.2765 -8.91376
8.65867 -9.25389 -9.15553
8.80626 -8.85388 -9.07071
8.61481 -8.83706 -8.95299
8.29432 -9.14523 -9.15081
8.77055 -9.14585 -8.80704
8.78737 -8.73417 -8.76879
8.89163 -8.77179 -9.13583
8.76266 -9.02142 -8.70717
8.74504 -8.96808 -8.73182
8.50103 -8.80024 -8.61818
8.39019 -8.86686 -8.83726
8.45786 -8.72774 -8.98337
8.58452 -8.73724 -8.73642
8.82366 -8.74301 -9.18527
9.06395 -8.73644 -8.83527
8.64811 -9.10227 -8.52545
8.82739 -8.98713 -9.23203
8.78294 -8.84825 -8.95282
8.88543 -9.21318 -9.34075
8.73776 -8.95326 -9.17204
8.74286 -9.09051 -8.89067
8.63684 -9.37041 -9.19691
8.8942 -9.12917 -9.13231
8.69233 -8.84172 -9.31796
8.69534 -9.0499 -8.84752
8.56568 -8.84818 -9.25611
8.3894 -9.32258 -9.19481
8.49014 -9.19476 -9.28332
8.43802 -9.15543 -9.46545
8.49768 -9.28701 -9.1023
8.40784 -9.10744 -9.23004
7.95747 -9.2935 -9.10582
8.59603 -9.34794 -9.0247
8.33417 -8.85171 -9.26661
8.57863 -8.97778 -9.20033
8.71385 -8.84726 -9.15216
8.75635 -9.24855 -8.95754
8.81101 -9.40875 -8.96863
8.51012 -8.94385 -9.20002
8.3915 -9.103 -9.25231
8.61224 -8.79856 -9.51652
8.79577 -9.31645 -9.26729
8.70911 -9.24995 -9.29596
8.46851 -9.06385 -9.11963
8.46658 -8.89795 -9.19082
8.48781 -9.23818 -9.24846
8.48791 -8.90987 -9.06542
8.35946 -9.20615 -8.79881
8.41675 -9.29945 -9.01361
8.24971 -9.33485 -9.25975
8.49628 -9.15089 -9.05372
8.56439 -8.88371 -8.95418
8.76709 -9.13819 -9.21441
8.66034 -9.01385 -9.29601
8.6528 -8.85501 -9.0892
8.28699 -8.86768 -9.28769
8.23636 -8.79094 -9.14101
8.30286 -9.1327 -9.06541
8.75634 -9.29355 -9.34421
8.76848 -9.48951 -9.19118
8.73725 -9.46284 -9.23395
8.34547 -9.58865 -9.21297
8.50258 -9.09098 -9.13461
8.69377 -9.20343 -9.12657
9.04582 -9.25853 -9.0868
8.68562 -9.34799 -9.09287
8.81673 -8.9684 -9.55285
8.69363 -9.01978 -9.13431
8.61235 -9.34845 -8.99015
8.89583 -9.39368 -8.86244
8.66337 -9.00563 -8.76871
8.64102 -8.64374 -8.60001
8.52341 -9.00936 -8.91347
8.93382 -9.0092 -9.04696
8.42722 -8.842 -9.0458
8.61294 -9.21311 -9.11692
8.8469 -8.84133 -9.58576
8.48306 -8.87088 -9.20294
8.81416 -8.63947 -8.91172
8.43013 -9.21703 -9.11306
8.36295 -9.27324 -8.94976
8.39055 -9.02127 -9.23649
8.27733 -9.25364 -9.3731
8.27486 -9.16937 -9.03075
8.82961 -8.867 -9.28493
8.7079 -9.07455 -8.99284
8.48852 -9.33821 -9.17718
8.38317 -9.2939 -8.90666
8.55667 -9.1879 -9.14859
8.65246 -9.26499 -8.92929
8.65811 -8.99568 -8.91821
8.38654 -9.24949 -8.88264
8.69095 -9.5798 -8.79392
9.02964 -9.12225 -9.16223
8.87613 -9.37418 -9.48143
9.01257 -9.33056 -9.2512
8.83546 -9.066 -9.00578
8.50397 -8.86214 -9.20921
8.58872 -8.99317 -8.89074
8.61013 -9.4721 -9.00249
8.33687 -8.99015 -9.05874
8.51602 -9.56007 -9.22355
8.30122 -9.33997 -9.49696
8.54016 -9.06878 -9.28519
8.60438 -9.42861 -8.96976
8.5147 -9.2298 -8.91882
8.70629 -8.92725 -9.05972
8.44901 -8.98664 -9.01853
9.08384 -8.92602 -9.04604
8.45587 -9.35132 -9.29709
8.86352 -9.22192 -9.30293
8.57688 -9.02568 -9.09135
8.6179 -9.29935 -9.15359
8.29248 -9.34121 -9.36883
8.52502 -9.51466 -9.12965
8.22049 -8.88649 -9.14972
8.23413 -9.21263 -8.94547
8.17997 -9.47481 -9.24101
8.21656 -9.22589 -9.00012
8.63476 -9.34692 -9.29447
8.55574 -9.21293 -9.18108
8.84958 -9.26505 -9.29155
8.73316 -9.03366 -9.41159
9.15503 -9.09952 -9.08198
8.60604 -9.58662 -9.12881
8.6919 -9.28857 -8.75536
8.28637 -9.73007 -8.96173
8.39259 -9.50171 -8.95904
8.80982 -9.01611 -8.9018
8.72139 -9.6313 -9.27194
9.1579 -9.28934 -9.20991
8.77561 -9.38148 -9.1119
8.6348 -9.35431 -9.06962
8.50305 -9.37398 -9.14747
8.25871 -9.02617 -8.41431
8.26423 -9.27453 -8.96959
8.5675 -9.27588 -9.10141
8.10883 -9.07903 -9.27286
8.69219 -8.96401 -9.09857
8.84756 -8.81163 -9.17861
8.66406 -9.18396 -9.23502
8.81567 -8.93775 -9.34582
8.55571 -8.96923 -9.23757
8.35702 -9.27002 -9.16689
8.78973 -8.89759 -9.15233
8.98901 -8.44994 -9.08561
8.97752 -9.08107 -9.12596
8.59381 -9.10547 -9.39737
8.22388 -8.76045 -8.83816
8.65946 -9.33547 -9.23563
8.73295 -9.30482 -9.0258
8.63572 -9.20183 -8.9228
8.60483 -8.86464 -9.30377
8.73426 -8.9024 -9.20886
8.48139 -9.13782 -9.41666
8.36272 -9.11848 -9.27098
8.62696 -8.96552 -9.26288
8.63502 -9.16309 -9.46166
8.73544 -9.16888 -9.30294
7.90635 -8.86129 -8.97905
8.56772 -9.11419 -9.31554
8.91574 -9.38397 -9.34869
8.46904 -9.2081 -9.23798
8.44792 -9.19786 -9.39369
8.79781 -9.33716 -9.01708
8.39772 -9.18315 -9.4138
8.45881 -9.24156 -9.47594
8.41908 -9.35063 -9.71009
8.76724 -9.50667 -9.37647
8.55625 -9.24332 -9.41572
8.71693 -9.31818 -9.2204
8.33173 -9.13082 -9.57891
8.97906 -9.19976 -9.34793
8.54068 -9.37877 -9.38339
8.58898 -8.82036 -9.29283
8.57544 -9.16163 -9.13288
8.54317 -8.96108 -9.25982
8.69094 -9.11603 -9.03814
8.93035 -8.9816 -9.37264
8.75351 -9.1858 -9.61416
8.77196 -9.00851 -9.03357
8.73528 -9.11529 -9.47679
8.81107 -9.09507 -9.18561
8.64448 -9.04606 -9.40724
8.40808 -9.44678 -9.21281
9.04834 -9.14431 -9.73143
9.14762 -9.20718 -9.57983
8.51709 -9.31475 -9.41381
8.63357 -9.36735 -9.36014
8.57685 -9.20846 -9.17865
8.91838 -9.25979 -9.39384
8.70234 -9.61268 -9.31339
8.46767 -9.23867 -9.43914
9.26508 -9.28569 -9.36807
8.7117 -9.18444 -9.3067
8.85469 -8.88565 -8.98782
8.88377 -9.54057 -9.1521
9.0836 -9.37257 -9.29942
8.59391 -9.21913 -9.08894
8.89713 -9.10667 -9.31951
9.09692 -9.23983 -9.45833
8.77308 -9.23904 -9.28109
8.59573 -8.98437 -9.44495
8.68945 -9.10985 -9.54714
8.52654 -8.9325 -9.28453
8.84776 -9.12775 -9.1107
8.82441 -8.7716 -9.21819
8.82476 -9.06574 -9.40225
8.80155 -8.95168 -9.6372
9.04627 -8.81269 -9.30366
8.68602 -8.74696 -9.03256
8.56173 -8.79405 -8.97579
8.909 -8.75123 -9.15736
8.62541 -8.99996 -9.32734
8.83798 -8.9311 -8.97408
8.75579 -8.97638 -8.96857
8.71233 -9.2203 -9.16089
8.81198 -9.56392 -8.7281
9.00527 -9.54864 -8.82107
8.58478 -9.40732 -8.67433
8.51569 -9.35141 -8.86899
8.50873 -9.35578 -8.96533
8.63608 -8.99002 -8.93198
8.76263 -9.00588 -9.20325
8.71048 -9.04224 -9.01691
8.89883 -8.84449 -9.20227
8.26627 -8.99223 -9.27321
8.4549 -9.30586 -9.3027
8.56928 -9.27397 -9.02966
8.92886 -8.68869 -9.25706
8.2629 -8.88601 -9.4482
8.48861 -9.41457 -9.12691
8.51813 -9.5195 -9.34365
8.76929 -9.00154 -9.82122
9.02485 -9.41045 -9.55736
8.82541 -9.43384 -9.53409
9.0124 -9.4156 -9.73741
9.02546 -9.31602 -9.54884
8.62816 -9.33202 -9.54878
8.72332 -9.36955 -8.935
8.93245 -9.51759 -9.17401
9.05392 -9.53189 -8.83457
8.4259 -9.2131 -9.35708
8.39728 -9.4057 -9.42278
8.69116 -9.28613 -9.64657
8.77183 -9.42564 -9.56409
8.59875 -9.28391 -9.69319
8.65498 -9.34708 -9.3379
8.63234 -9.35863 -9.28399
8.71779 -8.75548 -9.39858
9.11692 -8.90907 -9.37488
8.61468 -9.05498 -9.60487
8.62126 -9.15762 -9.56955
8.96588 -9.06725 -9.27611
8.68062 -9.31347 -9.3351
8.60504 -9.08949 -9.33083
8.524 -8.88607 -9.3904
8.56033 -9.11112 -9.22767
8.41636 -8.95853 -9.02397
8.33983 -9.09892 -9.21223
8.58058 -9.28327 -9.03762
9.01101 -9.01364 -9.30172
8.49416 -9.19417 -9.00195
8.676 -8.75548 -9.11317
8.48044 -9.35026 -9.14279
8.56899 -9.17482 -9.03142
8.56614 -9.25504 -9.10742
8.44863 -8.92992 -9.3094
8.49908 -9.46829 -9.10714
8.77118 -9.17165 -9.2277
8.79371 -9.00767 -9.49002
8.87117 -9.18373 -9.32732
9.0075 -9.05461 -9.62552
8.86602 -8.97675 -9.79964
9.0488 -8.64071 -9.21093
8.79313 -8.77814 -9.29865
8.72135 -9.0722 -8.98372
8.40507 -9.24283 -9.08568
8.1967 -9.45442 -9.18322
8.76379 -9.13749 -9.25172
9.51495 -9.5129 -9.16296
8.71602 -8.89165 -9.13454
8.62024 -9.28326 -9.16225
8.37744 -9.28074 -9.43171
8.65442 -9.20812 -9.60438
8.42559 -9.1889 -9.33943
8.41861 -8.88343 -9.06357
8.50974 -8.8873 -9.1724
8.35637 -9.21634 -9.18044
8.69649 -8.85229 -9.12016
8.39373 -8.93649 -8.95263
8.84186 -8.92811 -8.9822
8.57871 -8.93923 -8.94067
8.4803 -8.90455 -8.89592
8.20882 -8.92628 -9.21817
8.70037 -8.64713 -9.21604
8.79024 -9.1978 -9.05885
8.38549 -9.5311 -8.86071
8.8448 -9.29719 -8.8587
8.66562 -9.37966 -8.86184
8.55085 -9.42106 -9.36178
8.64057 -9.54951 -9.39128
8.53373 -9.58536 -9.41519
8.98064 -9.52193 -9.19375
8.87751 -9.01297 -9.54154
8.61623 -9.09908 -9.16695
8.46076 -9.05601 -9.32251
8.56375 -8.97402 -9.16775
8.43413 -9.04291 -8.81363
8.34245 -8.83604 -9.06403
8.83679 -9.22997 -9.13309
8.6029 -8.78792 -9.16071
8.26982 -8.73145 -9.19226
8.36649 -8.79315 -9.34693
8.73836 -8.97986 -9.41126
8.50954 -9.25548 -9.4364
8.75632 -9.44159 -9.04095
8.78225 -9.11942 -8.83268
8.70038 -9.2531 -8.97413
8.83257 -8.79171 -8.97264
9.00706 -9.34114 -8.97856
8.66003 -9.0077 -8.65186
8.55092 -9.06503 -8.80003
8.38733 -9.18495 -9.21327
8.36374 -9.06093 -9.11747
8.56665 -9.18587 -9.13879
8.55402 -9.2137 -9.40889
9.1275 -8.9686 -9.47928
8.92492 -9.40085 -9.28124
8.8019 -8.7602 -9.15114
8.93289 -9.15197 -9.04344
8.61037 -8.93797 -8.97606
8.82063 -9.13103 -9.15211
8.67665 -9.45764 -9.09241
8.46352 -9.33542 -8.87079
8.71162 -9.17453 -9.52054
8.57145 -9.03206 -9.14813
8.84492 -8.89116 -9.15606
8.91489 -8.89894 -9.00411
8.58751 -8.86516 -9.348
8.84522 -8.94596 -9.16687
9.00968 -8.9811 -8.99097
8.55488 -9.27775 -9.1214
8.62246 -9.08434 -9.01284
8.56756 -9.02853 -9.04534
8.72661 -9.11861 -8.87528
8.74516 -9.16821 -8.87764
8.47162 -8.88566 -9.13208
8.86505 -8.90201 -9.12749
8.71584 -8.88863 -9.39854
8.57982 -8.9819 -9.20311
8.20256 -8.82088 -9.26175
8.56069 -8.77118 -9.40194
8.86226 -9.26285 -9.2258
8.81346 -8.95892 -9.56025
8.60393 -9.17641 -9.26835
8.50917 -9.23862 -9.24192
8.50166 -9.06747 -9.3861
8.43241 -8.91248 -8.97775
8.65455 -9.20857 -8.92243
8.42612 -8.92244 -8.94884
8.56425 -9.08238 -8.80124
8.88198 -9.18652 -8.54414
8.97796 -9.51834 -8.95416
8.69969 -9.61169 -8.90064
9.06705 -9.57749 -8.9571
8.82955 -9.27301 -9.12543
8.25954 -9.15207 -9.25616
8.70391 -8.96045 -9.04485
8.36108 -9.09653 -9.21974
8.40685 -9.48737 -9.46124
8.80329 -9.32418 -9.42458
8.32162 -9.02067 -9.48808
8.4972 -9.26667 -9.21605
8.57696 -9.71502 -9.05426
8.60385 -9.10448 -9.26786
8.68495 -9.51866 -8.98397
8.24427 -9.41874 -8.69215
8.67219 -9.34536 -9.15531
8.8339 -8.92332 -9.16463
8.55182 -9.4464 -8.95361
8.72825 -8.8982 -9.17737
8.89179 -8.59743 -9.52675
8.56802 -8.56181 -9.06985
8.53201 -8.83339 -9.10165
8.46819 -9.11912 -8.95009
