1600 50
6.61117e-05 6.63778e-05 5.28172e-05 0.00229356 0.00229116 0.00240931 0.0102773 0.00839503 0.112283
0.00455053 0.00306356 0.106913 0.0743748 0.0729101 0.15971 0.00912876 0.00912477 0.00935111
0.00600467 0.00449602 0.0982839 0.11234 0.110815 0.189144 0.00949873 0.00950348 0.00922934
0.00743934 0.00570899 0.122013 0.138626 0.137246 0.218126 0.00992235 0.00990255 0.0110997
0.00746854 0.00576963 0.119232 0.1547 0.153387 0.224584 0.0102018 0.0101789 0.0117144
0.00835775 0.00660127 0.114156 0.172884 0.171452 0.257444 0.0105322 0.0104966 0.0130413
0.00816462 0.006523 0.101289 0.188982 0.187975 0.242071 0.0108484 0.0108045 0.0137481
0.00809482 0.00644035 0.100842 0.1912 0.189692 0.27646 0.0109378 0.0109123 0.0124727
0.0084346 0.00678468 0.130402 0.197136 0.19488 0.344247 0.0107512 0.0106958 0.0149602
0.00855618 0.00700343 0.108657 0.201928 0.200488 0.283007 0.010622 0.010643 0.00936956
0.00825922 0.00680781 0.104246 0.205722 0.204319 0.278864 0.0104317 0.0104569 0.00878289
0.00831524 0.00674719 0.118639 0.201399 0.199834 0.291797 0.0106792 0.0106842 0.0103588
0.00829056 0.00684908 0.110327 0.21016 0.208827 0.28947 0.0108869 0.0108488 0.0132978
0.00881946 0.00725932 0.134021 0.214163 0.2122 0.35243 0.0109406 0.0109009 0.0141482
0.00847982 0.00697555 0.126836 0.215279 0.213223 0.357207 0.0106714 0.0106007 0.0158963
0.00867193 0.00712493 0.124757 0.21962 0.217745 0.35025 0.0106788 0.010582 0.0191088
0.00855859 0.007004 0.13759 0.209347 0.207709 0.321784 0.0107164 0.0105905 0.0202515
0.00839801 0.00694085 0.116012 0.217204 0.215746 0.316249 0.0106902 0.0105345 0.0224431
0.00842557 0.00689249 0.113679 0.216406 0.215213 0.290832 0.0109257 0.010779 0.0208558
0.0087794 0.00725567 0.120294 0.225222 0.224031 0.300768 0.0109203 0.010841 0.0158613
0.0091719 0.00762787 0.103261 0.225377 0.224366 0.289732 0.0113628 0.0112783 0.0171418
0.00879473 0.00728822 0.116133 0.226185 0.225172 0.285294 0.011586 0.0114699 0.0199644
0.00865849 0.00705626 0.132277 0.221569 0.220817 0.267011 0.0117147 0.0116021 0.0206435
0.0081555 0.00662917 0.134475 0.217366 0.215872 0.321595 0.0115542 0.0114796 0.0175445
0.00833576 0.0068507 0.120815 0.221814 0.220226 0.326849 0.0118325 0.0117028 0.0221903
0.00827649 0.00677794 0.101005 0.219775 0.218965 0.265614 0.01244 0.012352 0.0185296
0.00890365 0.00725016 0.135268 0.221608 0.220078 0.324027 0.0125912 0.0124938 0.0200711
0.00860743 0.00706789 0.117862 0.215345 0.214456 0.270802 0.0121821 0.0121123 0.0170814
0.00901381 0.00733639 0.139013 0.219963 0.218538 0.325741 0.0120514 0.0119653 0.019353
0.00867891 0.00718857 0.114185 0.217325 0.215694 0.335533 0.0120843 0.0120043 0.0185405
0.00875634 0.00722777 0.114024 0.228947 0.227773 0.305289 0.0118106 0.0117515 0.0165569
0.00870318 0.00711975 0.144679 0.225688 0.224244 0.330034 0.012251 0.0121875 0.0172485
0.00894052 0.00744064 0.123487 0.219776 0.218441 0.313762 0.0120869 0.0120412 0.0155612
0.00907989 0.00766203 0.123296 0.223411 0.222147 0.30952 0.0117036 0.0116451 0.0155884
0.00929155 0.00774792 0.124182 0.223753 0.222167 0.328073 0.0114553 0.0113574 0.0187924
0.00929461 0.00777425 0.111404 0.218343 0.216054 0.379657 0.0112663 0.0111495 0.0202645
0.00908785 0.00763697 0.122579 0.214335 0.212079 0.374467 0.0112186 0.0110934 0.0217456
0.00933626 0.00766843 0.158716 0.223806 0.221085 0.427368 0.011847 0.0117485 0.0192969
0.00892267 0.00736869 0.14237 0.22806 0.225509 0.4034 0.011728 0.0116545 0.0176333
0.00884656 0.00734535 0.123153 0.223469 0.221423 0.357158 0.0118798 0.0117921 0.0180742
0.00887074 0.00732977 0.134282 0.225785 0.223329 0.39257 0.0118193 0.0117038 0.0205299
0.00930829 0.00777312 0.106489 0.23714 0.23528 0.341654 0.0120926 0.0119525 0.0205082
0.00885433 0.0073477 0.0997259 0.22581 0.223585 0.354715 0.0118847 0.0117179 0.0224803
0.0086714 0.00718282 0.108174 0.223945 0.221927 0.341368 0.0117735 0.0116366 0.0208235
0.00891243 0.00731565 0.112604 0.221398 0.219485 0.327679 0.0118227 0.0116725 0.0214978
0.00928234 0.00774965 0.111379 0.227253 0.22548 0.330535 0.0124798 0.0122976 0.0245101
0.00915047 0.00744464 0.133617 0.227769 0.225772 0.366299 0.0121595 0.0119795 0.0255876
0.00875762 0.00726035 0.137822 0.226611 0.224872 0.349595 0.0121679 0.0119912 0.0272595
0.00868961 0.00726275 0.112042 0.221559 0.220263 0.300972 0.0119191 0.0117278 0.024706
0.00855686 0.00701164 0.118321 0.228608 0.227033 0.33331 0.0118989 0.0117184 0.0257927
0.00866711 0.00709784 0.111503 0.227188 0.22627 0.281709 0.0118951 0.0117907 0.0193792
0.00901281 0.00753344 0.112322 0.233423 0.232036 0.321145 0.0123985 0.0123511 0.0157646
0.00894371 0.00741866 0.105207 0.223923 0.222537 0.310825 0.0121744 0.0120751 0.0196503
0.00902304 0.00744239 0.122936 0.228401 0.226681 0.331523 0.0119203 0.0118141 0.0202297
0.00890126 0.00738023 0.117705 0.226472 0.224693 0.334278 0.0117199 0.0116383 0.017683
0.00895053 0.00735281 0.135466 0.218943 0.217347 0.31674 0.0115544 0.0114768 0.0169743
0.00937727 0.00759405 0.159382 0.237888 0.23606 0.363341 0.0120831 0.0119754 0.0210411
0.00945117 0.00774211 0.155473 0.230703 0.228586 0.389521 0.0121296 0.0120543 0.0187606
0.00917242 0.00752728 0.152234 0.231872 0.22948 0.413004 0.0121402 0.0120197 0.023827
0.00954523 0.0077924 0.174921 0.237985 0.23592 0.393202 0.0121918 0.0120922 0.021038
0.00939356 0.00777767 0.133413 0.236198 0.234259 0.37585 0.0119906 0.0119084 0.0187535
0.00899887 0.00735273 0.146832 0.235628 0.233228 0.419194 0.0115493 0.0114515 0.0206717
0.00876543 0.00720346 0.135112 0.242199 0.239966 0.399784 0.0116521 0.0115989 0.01532
0.00946622 0.00783183 0.132629 0.228755 0.226436 0.406983 0.0115075 0.0114111 0.0199553
0.00956703 0.00790526 0.154764 0.239915 0.237792 0.397527 0.0117871 0.0116977 0.0201691
0.00943634 0.00774908 0.150694 0.251574 0.249506 0.399983 0.0120193 0.0119789 0.0153026
0.0092395 0.00769588 0.131128 0.236139 0.233957 0.385249 0.0119253 0.0118871 0.0150025
0.00951271 0.00792694 0.144493 0.23123 0.228911 0.421343 0.0120131 0.0119373 0.0176949
0.0097405 0.00810965 0.11354 0.237833 0.236701 0.298672 0.0126349 0.0125647 0.0170777
0.00911663 0.00750655 0.104872 0.231959 0.231138 0.275567 0.0123451 0.0122743 0.01662
0.00933478 0.00770839 0.118761 0.229211 0.227583 0.331884 0.0122599 0.0122031 0.0160994
0.0097229 0.00813963 0.11158 0.237468 0.235891 0.329594 0.0127282 0.012668 0.016578
0.00954977 0.0079846 0.112092 0.229229 0.227107 0.351774 0.0124521 0.0123729 0.0174757
0.00978339 0.00815279 0.110736 0.224977 0.223364 0.316502 0.0122977 0.012189 0.0191901
0.0101905 0.00854663 0.1148 0.234523 0.232555 0.349353 0.0127392 0.0125909 0.0225114
0.00997851 0.00831811 0.134212 0.241885 0.23935 0.410427 0.0128335 0.0126911 0.0233848
0.0097496 0.00820192 0.125328 0.242443 0.239213 0.466413 0.0127107 0.0125391 0.0259237
0.00898758 0.00742866 0.13168 0.229863 0.22663 0.466879 0.0128578 0.0126804 0.0268113
0.0091508 0.0075755 0.132725 0.224634 0.222053 0.386741 0.0124084 0.0122041 0.0281785
0.00878489 0.00719093 0.146566 0.210633 0.207475 0.435148 0.011511 0.0112879 0.0295769
0.00936668 0.0077121 0.130836 0.231177 0.228435 0.408043 0.0121358 0.0119379 0.0264589
0.00878848 0.00725304 0.115823 0.223766 0.220869 0.42377 0.0118225 0.0116538 0.0226253
0.00856794 0.00707055 0.123707 0.218938 0.216534 0.365164 0.0113968 0.0111723 0.0285093
0.00874533 0.00736263 0.101689 0.21962 0.217824 0.316271 0.0114757 0.0112924 0.023017
0.00875776 0.00727857 0.0996222 0.222284 0.220343 0.334859 0.0115566 0.011387 0.0237291
0.00910262 0.00755925 0.106925 0.219114 0.217568 0.30454 0.0117944 0.0116043 0.0251393
0.00915396 0.00759947 0.109725 0.224921 0.223078 0.332249 0.0116 0.0114121 0.0248315
0.00881214 0.0073487 0.104113 0.221506 0.219898 0.314301 0.0117951 0.0116913 0.0181272
0.00858117 0.00711087 0.0977653 0.229949 0.228146 0.32472 0.0119005 0.0117762 0.0196116
0.00872914 0.0072148 0.109338 0.232213 0.230432 0.335627 0.0116137 0.011529 0.0176447
0.0088544 0.00731684 0.12002 0.237923 0.236184 0.345308 0.0120462 0.012006 0.0145582
0.00848745 0.0071754 0.100208 0.231652 0.229403 0.384563 0.0118716 0.011824 0.0156109
0.00857643 0.0071703 0.111505 0.234718 0.233194 0.328091 0.012009 0.0119492 0.0165025
0.008537 0.00700617 0.11316 0.233392 0.232097 0.311609 0.0121383 0.0121 0.0146922
0.00877357 0.00716112 0.130319 0.228185 0.226668 0.329704 0.012068 0.0120156 0.0155259
0.00898592 0.00723804 0.131845 0.230053 0.228501 0.333332 0.0123272 0.0122288 0.0189164
0.00887666 0.00724385 0.11877 0.22824 0.227015 0.302535 0.0120912 0.0120577 0.0143508
0.00895021 0.00724228 0.131095 0.226814 0.22509 0.339663 0.011748 0.0117265 0.0132594
0.0087306 0.00712943 0.107959 0.226316 0.225322 0.28524 0.0114665 0.0113983 0.0161691
0.00869736 0.00713572 0.113658 0.228018 0.226731 0.310454 0.0113213 0.0112291 0.0173973
0.0088579 0.00730543 0.100076 0.229569 0.228181 0.321967 0.0118585 0.0117846 0.01662
0.00911444 0.00743241 0.105079 0.221638 0.221051 0.254645 0.0114723 0.011422 0.0142358
0.00908717 0.00753944 0.111331 0.223401 0.222719 0.261857 0.0114974 0.0114437 0.0150097
0.00885027 0.00736484 0.0970931 0.217181 0.216857 0.23587 0.0114265 0.0113098 0.0201107
0.00897427 0.00741831 0.112217 0.22001 0.219758 0.235045 0.0118615 0.0116908 0.0247115
0.00915186 0.00758034 0.117489 0.220947 0.220278 0.263188 0.011812 0.0116438 0.0230371
0.00859724 0.00711758 0.113605 0.223355 0.222946 0.247355 0.0115193 0.0113658 0.0220364
0.00837734 0.00682875 0.128259 0.216948 0.215873 0.294652 0.0113672 0.0112152 0.0216335
0.00860513 0.00714299 0.116512 0.222139 0.220948 0.30305 0.0117514 0.0116019 0.0231554
0.00911247 0.00744885 0.123694 0.228358 0.227826 0.260029 0.0116587 0.0115492 0.0188143
0.00926232 0.00775276 0.138271 0.231215 0.229817 0.338652 0.0119703 0.011853 0.021958
0.0094847 0.00785548 0.138018 0.23459 0.232695 0.386225 0.0119327 0.0118401 0.0189566
0.00888576 0.00734368 0.13665 0.230248 0.228767 0.341518 0.0117132 0.0116459 0.0168349
0.00935433 0.00777274 0.141329 0.232694 0.231521 0.314375 0.0115652 0.0114719 0.0187975
0.00919543 0.00760639 0.110485 0.228629 0.227925 0.272273 0.0118513 0.0118207 0.0139061
0.00954899 0.00794675 0.121656 0.235087 0.233795 0.33437 0.0123826 0.012313 0.0174684
0.00918095 0.00764476 0.10899 0.22928 0.228632 0.268304 0.0123889 0.0123459 0.0154099
0.009147 0.00762078 0.126772 0.235345 0.234357 0.302709 0.0125014 0.01243 0.0181244
0.00905946 0.00743596 0.120726 0.234741 0.233931 0.287939 0.0122668 0.0122216 0.0156116
0.0090616 0.00750397 0.143797 0.227688 0.226472 0.312457 0.0118224 0.0117645 0.016765
0.00924534 0.00780254 0.120639 0.227751 0.226845 0.288093 0.0122137 0.0120846 0.0218359
0.00936663 0.00795456 0.108829 0.232409 0.231949 0.26263 0.0128101 0.0127474 0.0176042
0.00923984 0.00781853 0.118632 0.227452 0.226455 0.293446 0.0128954 0.0128225 0.0187643
0.0100052 0.00859833 0.128507 0.240814 0.239645 0.325399 0.0129936 0.0129347 0.0176596
0.00985939 0.00849634 0.120519 0.235058 0.233799 0.343135 0.0128513 0.0128015 0.0165488
0.00994469 0.00846733 0.125021 0.241194 0.240227 0.312846 0.012808 0.0127919 0.0139642
0.0097219 0.00831999 0.129747 0.235755 0.234496 0.339954 0.0129751 0.0128955 0.0205242
0.00919145 0.00779038 0.130761 0.225902 0.224686 0.320584 0.0125424 0.0124548 0.0197346
0.00914487 0.00778837 0.115467 0.231018 0.229951 0.309752 0.011973 0.0118372 0.0235115
0.00931452 0.00794654 0.13484 0.228458 0.227284 0.318238 0.0120813 0.0119291 0.025308
0.00926654 0.0079363 0.129734 0.234791 0.233563 0.336576 0.0125763 0.0124288 0.0253086
0.00935418 0.00799976 0.14652 0.23084 0.229494 0.348423 0.0120129 0.011886 0.0234828
0.00953107 0.00813496 0.125667 0.224253 0.222633 0.369423 0.0117841 0.0116647 0.0218706
0.00935585 0.00799032 0.133345 0.225683 0.223851 0.38036 0.0124439 0.0122656 0.0288572
0.00914605 0.00775969 0.16026 0.230271 0.228374 0.396081 0.0123794 0.0121847 0.0320489
0.00917723 0.00778828 0.138639 0.231797 0.230175 0.365929 0.0123585 0.0121862 0.0282882
0.00927348 0.00782374 0.14207 0.230244 0.228793 0.346286 0.0121645 0.0119655 0.0315678
0.00951735 0.00797236 0.152558 0.236311 0.234777 0.356583 0.0123391 0.0121177 0.0334019
0.00977797 0.00837511 0.141413 0.236079 0.234297 0.383359 0.0124677 0.0123244 0.0251975
0.00917716 0.00777791 0.133879 0.239649 0.238164 0.355372 0.0122584 0.0121204 0.0253871
0.00953922 0.0080235 0.154587 0.241725 0.240396 0.34037 0.0122236 0.0121249 0.0219267
0.00971362 0.00820794 0.133063 0.251455 0.250228 0.344567 0.0123995 0.0123455 0.0168571
0.00931503 0.007908 0.107236 0.256044 0.255487 0.290129 0.0119778 0.0119153 0.0165285
0.00906974 0.00762869 0.135421 0.245251 0.244123 0.328779 0.0119759 0.0118597 0.0226033
0.00927161 0.00776141 0.168489 0.243588 0.241976 0.380976 0.0122938 0.0122035 0.0211089
0.00955256 0.00814691 0.134824 0.241551 0.240005 0.375024 0.0122796 0.0122512 0.0147672
0.00968771 0.00835417 0.127413 0.24408 0.242745 0.347422 0.0125558 0.0125313 0.0145236
0.00982656 0.00839255 0.146493 0.248559 0.247013 0.36741 0.0130406 0.013016 0.0148435
0.00914997 0.00783462 0.126058 0.242938 0.241091 0.400735 0.0125389 0.0125047 0.0151864
0.00936906 0.00799363 0.114755 0.242812 0.241147 0.361568 0.0128198 0.012784 0.0155494
0.00942917 0.00811589 0.121059 0.249056 0.247249 0.389332 0.0131476 0.0130954 0.0168468
0.00912293 0.00778715 0.119547 0.234563 0.232921 0.35567 0.0124753 0.0124189 0.017004
0.00965202 0.00819986 0.12803 0.242871 0.240725 0.416313 0.0131617 0.0130989 0.0182049
0.00966269 0.00839128 0.11486 0.245251 0.243299 0.411581 0.0131889 0.0131205 0.0198953
0.00962019 0.00832928 0.114566 0.248559 0.247481 0.32275 0.013067 0.0130608 0.0135221
0.00958668 0.00817951 0.139867 0.247299 0.245803 0.360475 0.0130733 0.0129548 0.023111
0.0102207 0.00885498 0.128563 0.239172 0.237943 0.334524 0.0128046 0.0127075 0.0208668
0.00993328 0.00846306 0.11317 0.245838 0.244961 0.306794 0.0131649 0.0130497 0.0229443
0.00994668 0.00853502 0.125546 0.244846 0.243389 0.354645 0.0133334 0.0131963 0.0252894
0.0100021 0.00858054 0.132367 0.244712 0.243359 0.352696 0.0126925 0.0125665 0.0240433
0.00961897 0.00816573 0.146586 0.246859 0.24545 0.370007 0.0129224 0.0127597 0.0286331
0.00960694 0.00809975 0.143445 0.247261 0.246435 0.309449 0.0127626 0.0126478 0.0226722
0.00908538 0.00765971 0.133557 0.247608 0.246833 0.311946 0.0130429 0.012946 0.0224944
0.00887954 0.00745208 0.139006 0.238264 0.237464 0.303111 0.0125791 0.0125395 0.0162637
0.00931086 0.00787651 0.12452 0.24378 0.243071 0.300311 0.012774 0.0127412 0.0153266
0.00917092 0.00778235 0.140622 0.245125 0.244415 0.301612 0.0122719 0.0122375 0.0152827
0.00943641 0.00790975 0.175261 0.247294 0.245961 0.375561 0.0129441 0.0128408 0.0237638
0.00971793 0.00825092 0.130936 0.244413 0.24378 0.290353 0.0129826 0.0129519 0.015597
0.00916952 0.00778869 0.128983 0.247865 0.247109 0.307682 0.0129147 0.0129022 0.0140834
0.00954201 0.0080623 0.130561 0.245841 0.244923 0.316375 0.0128635 0.0128417 0.0148854
0.0094348 0.00797674 0.127173 0.245132 0.244226 0.311526 0.0129803 0.0129802 0.0129824
0.00965918 0.00816075 0.136803 0.239431 0.238627 0.301592 0.0131874 0.0132085 0.0114403
0.00977881 0.00827609 0.140111 0.248019 0.247141 0.320477 0.0133802 0.013395 0.012133
0.00948555 0.00801754 0.160158 0.242556 0.241712 0.317401 0.0131466 0.0131627 0.0115372
0.00935251 0.00790928 0.15853 0.24469 0.243324 0.385907 0.0132645 0.0132618 0.0135715
0.00935415 0.00789786 0.167397 0.237877 0.236526 0.364135 0.0130042 0.013003 0.0131426
0.00960975 0.00812215 0.154424 0.242673 0.241197 0.378099 0.0132118 0.0132009 0.014472
0.00887824 0.0074697 0.122668 0.234865 0.233303 0.359028 0.0131146 0.0131077 0.0137225
0.00908116 0.00760747 0.147607 0.233088 0.231787 0.33261 0.0129516 0.0129639 0.0118189
0.00933846 0.00784657 0.145518 0.233948 0.232719 0.332771 0.0130702 0.0130615 0.0138499
0.009576 0.00811012 0.111546 0.241343 0.240533 0.296102 0.0131314 0.0131643 0.0105899
0.00922414 0.00774455 0.136753 0.237109 0.236133 0.30355 0.0125828 0.0125958 0.0115578
0.00917226 0.00769517 0.141579 0.233983 0.232675 0.334646 0.0125296 0.0125065 0.0143843
0.0091243 0.00768561 0.125298 0.23537 0.234262 0.324094 0.012103 0.0120955 0.0127713
0.00926034 0.00774368 0.135761 0.241459 0.24054 0.310747 0.0124412 0.0124196 0.0144042
0.00933604 0.00774927 0.179574 0.239049 0.237549 0.378159 0.0127971 0.0127805 0.0144456
0.00875328 0.00736791 0.131306 0.237214 0.235784 0.35809 0.0123497 0.0123448 0.0128306
0.00904156 0.00754405 0.162809 0.242681 0.240764 0.427855 0.0125589 0.0125038 0.0185712
0.00922298 0.00779715 0.14539 0.234501 0.232687 0.405908 0.0121077 0.0120869 0.014331
0.00909313 0.00774334 0.126475 0.230257 0.229148 0.32233 0.0117287 0.0116951 0.0151319
0.00972752 0.00818107 0.135155 0.232951 0.231824 0.321618 0.0121638 0.0121347 0.0144582
0.0099132 0.00837947 0.154531 0.241958 0.240848 0.329645 0.0128222 0.0127843 0.0161343
0.00933158 0.00781532 0.159969 0.237597 0.236253 0.357344 0.0127834 0.012726 0.0188381
0.00963732 0.00792297 0.159815 0.245737 0.244752 0.318731 0.0129597 0.0128709 0.0209143
0.00938567 0.00788867 0.158305 0.236342 0.235088 0.33321 0.0125051 0.0124363 0.0186067
0.00920528 0.00775887 0.136823 0.240679 0.239422 0.341137 0.012513 0.0124388 0.0186471
0.00890687 0.00753502 0.135557 0.22715 0.226233 0.296534 0.0117661 0.0116988 0.0179075
0.00921587 0.00777462 0.108749 0.227423 0.226383 0.300509 0.0121142 0.0120777 0.0146645
0.00987756 0.00833722 0.122124 0.234512 0.233544 0.298879 0.0129346 0.0129029 0.0151094
0.00963075 0.00810418 0.137523 0.241006 0.239518 0.360663 0.0128171 0.0126887 0.0222361
0.00914276 0.00762301 0.134142 0.238475 0.237075 0.341467 0.0132309 0.0130374 0.0281381
0.00980905 0.008226 0.130173 0.23193 0.231586 0.254972 0.0129802 0.0128563 0.0217958
0.00981311 0.00828889 0.13112 0.231666 0.231037 0.277449 0.0131399 0.0130629 0.0184785
0.00921758 0.0077824 0.112506 0.231917 0.23125 0.28048 0.0130649 0.0129744 0.0202311
0.00894359 0.00754399 0.12716 0.226491 0.225747 0.282052 0.012481 0.0124174 0.0179573
0.00921294 0.00782033 0.116025 0.230835 0.230029 0.289115 0.0126593 0.0125931 0.0180332
0.00913696 0.00771854 0.113701 0.227418 0.226705 0.278078 0.0126196 0.0125287 0.0204943
0.00888035 0.00751102 0.1118 0.229058 0.228704 0.252835 0.012744 0.0126665 0.0187295
0.00933111 0.00787359 0.135434 0.232449 0.231423 0.313606 0.0131646 0.0130166 0.0267697
0.00959364 0.00813012 0.131274 0.242049 0.241157 0.308937 0.0133863 0.0133054 0.0202761
0.00946237 0.00800046 0.120285 0.227968 0.226988 0.30064 0.0133851 0.0133071 0.0191285
0.0101631 0.00866605 0.130083 0.238098 0.236776 0.352858 0.0133086 0.0132077 0.0226467
0.00995286 0.00856015 0.124453 0.237787 0.236433 0.34836 0.0130666 0.0129901 0.0197826
0.0100728 0.00864847 0.132145 0.237777 0.236551 0.337754 0.0131171 0.01307 0.0168858
0.0101702 0.00877854 0.120691 0.244138 0.243402 0.296386 0.0134246 0.0133661 0.018209
0.00970758 0.00832627 0.126083 0.238278 0.237608 0.287693 0.0130154 0.0129546 0.0180171
0.00985939 0.00832847 0.164283 0.247409 0.246164 0.352865 0.0129909 0.0128899 0.0225084
0.0098152 0.008392 0.125857 0.241785 0.24126 0.279691 0.013211 0.0131444 0.0192313
0.00949552 0.00817576 0.15059 0.248652 0.247176 0.403879 0.0130555 0.0129588 0.0230477
0.00975702 0.00834298 0.118544 0.248938 0.248163 0.309566 0.012938 0.0129153 0.0148816
0.00971213 0.0082791 0.152953 0.248587 0.24764 0.32888 0.0133776 0.0133472 0.0163669
0.00981221 0.00834829 0.178163 0.246109 0.244972 0.352932 0.013145 0.0131358 0.014047
0.0100899 0.00859278 0.122472 0.250644 0.249667 0.332059 0.0132216 0.0132461 0.0112567
0.0098643 0.00836775 0.138971 0.251015 0.24974 0.363219 0.0130154 0.0129997 0.0144756
0.00938298 0.007917 0.128284 0.251782 0.250553 0.354477 0.0130918 0.0130577 0.0162986
0.00913426 0.00770914 0.123755 0.25112 0.249573 0.391978 0.0126901 0.0126703 0.0143108
0.00907842 0.00759394 0.116727 0.244098 0.242829 0.337542 0.0124961 0.0124951 0.0125709
0.00911486 0.00763667 0.133119 0.240765 0.239574 0.331702 0.0127517 0.0127567 0.0123361
0.00934534 0.0079048 0.148451 0.229438 0.227703 0.391333 0.0129025 0.012895 0.0136183
0.00941194 0.00796298 0.14664 0.2286 0.226943 0.379303 0.012934 0.0129439 0.0120786
0.00982989 0.0083335 0.146121 0.239833 0.238373 0.371506 0.0130198 0.0129969 0.0151062
0.00949353 0.00810372 0.116092 0.235654 0.234127 0.374418 0.01275 0.0127212 0.0153105
0.00935944 0.00790129 0.119596 0.23816 0.236606 0.377928 0.0123378 0.0123066 0.0150271
0.00948397 0.0080174 0.135175 0.245126 0.24383 0.35003 0.0121852 0.0121558 0.0144739
0.0089415 0.00756482 0.117745 0.229712 0.228848 0.290939 0.0118533 0.0118174 0.014707
0.00929348 0.00778583 0.133405 0.238868 0.237494 0.345671 0.0123334 0.0123291 0.0126404
0.00911765 0.00771308 0.132072 0.244978 0.243016 0.410037 0.0122951 0.0122758 0.0138541
0.00912773 0.00780558 0.103 0.238428 0.236625 0.391775 0.0121528 0.0120991 0.0165286
0.0091711 0.0077413 0.115023 0.237199 0.235609 0.351245 0.011765 0.0117324 0.0141378
0.00925868 0.00786631 0.115682 0.240105 0.238126 0.396743 0.0120361 0.0119737 0.0165548
0.00934089 0.00788477 0.115778 0.250007 0.248066 0.400216 0.0125218 0.0125048 0.0137366
0.00934515 0.00794001 0.126374 0.24327 0.241541 0.374728 0.0121839 0.0121473 0.01511
0.00975221 0.00828549 0.137921 0.255241 0.253926 0.361885 0.0123309 0.0123137 0.0136544
0.0102434 0.00873367 0.127692 0.250168 0.248693 0.36464 0.0126043 0.0126125 0.0120278
0.00975498 0.00835027 0.118292 0.244677 0.243196 0.36654 0.0126349 0.0125846 0.0168954
0.00972353 0.00824233 0.133596 0.253998 0.252353 0.399136 0.012727 0.0126587 0.0193402
0.00918408 0.00777245 0.132158 0.250932 0.249726 0.336814 0.0124692 0.0124361 0.0153617
0.00889233 0.00759294 0.11456 0.239762 0.238613 0.33233 0.0122988 0.0122805 0.0137586
0.00942185 0.0080166 0.12395 0.252892 0.251923 0.321053 0.0129424 0.0129154 0.0150241
0.00965023 0.00819156 0.132557 0.25814 0.257101 0.334521 0.0130676 0.0130236 0.0164089
0.00948327 0.0080699 0.137366 0.25379 0.252418 0.371035 0.0132603 0.0131629 0.0217699
0.00951688 0.00804127 0.131255 0.253152 0.251947 0.356335 0.0132753 0.0131799 0.02157
0.0102177 0.00872001 0.117857 0.261389 0.2608 0.30045 0.0133731 0.0133011 0.0187378
0.00995211 0.00855605 0.106746 0.256808 0.25588 0.322858 0.0132768 0.0132028 0.0187065
0.00947039 0.00808612 0.125304 0.251066 0.249467 0.381022 0.0129241 0.0128633 0.0178004
0.00940966 0.00798628 0.140702 0.250598 0.248918 0.395284 0.0131607 0.0130706 0.0203523
0.00908734 0.0076201 0.135813 0.248616 0.247312 0.352702 0.0129058 0.0127905 0.0222003
0.00935597 0.00790549 0.130834 0.249297 0.248041 0.344978 0.013073 0.0129707 0.0212322
0.00958076 0.00810607 0.149205 0.245357 0.244022 0.362781 0.0130625 0.0129261 0.0261535
0.00993845 0.00855877 0.137973 0.250897 0.24978 0.342651 0.0134911 0.0133982 0.0224933
0.0106808 0.00896854 0.181836 0.272377 0.270665 0.414678 0.0136027 0.0134971 0.0234751
0.00990567 0.00846949 0.132513 0.255459 0.253828 0.402545 0.0132273 0.0130849 0.0267779
0.00970469 0.0082558 0.144742 0.254313 0.252746 0.395713 0.0132692 0.0131236 0.025148
0.0096735 0.00820908 0.123361 0.247657 0.246489 0.334137 0.0126037 0.0124483 0.0240613
0.00944391 0.00799722 0.123443 0.248695 0.247617 0.321463 0.0123929 0.0122428 0.0244886
0.00939971 0.00792965 0.119892 0.246441 0.245105 0.340943 0.0126268 0.0124538 0.0280622
0.00933753 0.00794735 0.111646 0.240234 0.238954 0.325352 0.0125836 0.0124876 0.0196725
0.00926891 0.00786702 0.127828 0.243584 0.241979 0.362478 0.0126857 0.0125872 0.0205745
0.00923946 0.00779366 0.135691 0.248143 0.246528 0.374019 0.0131019 0.0129108 0.0316157
0.0094262 0.00787951 0.148331 0.238587 0.237085 0.359565 0.012462 0.0123022 0.0257017
0.00965157 0.00818325 0.112212 0.254402 0.25322 0.336274 0.013018 0.0129295 0.0196064
0.00923988 0.00780916 0.125425 0.247484 0.246658 0.308566 0.0135063 0.0134526 0.0172141
0.0093943 0.00778969 0.152883 0.248648 0.247 0.386448 0.0131305 0.0130735 0.0178066
0.00933832 0.00786343 0.128753 0.244315 0.242999 0.349867 0.0130436 0.0129952 0.0168847
0.00942015 0.00799501 0.113054 0.245781 0.244912 0.305083 0.0129955 0.0129612 0.0153039
0.00948221 0.0080625 0.125017 0.24683 0.245361 0.359911 0.0132223 0.01315 0.0194735
0.00962547 0.0082869 0.113721 0.247452 0.246366 0.323982 0.013091 0.0130159 0.0186598
0.00949911 0.0081461 0.0957261 0.247034 0.24633 0.293306 0.0132322 0.0131606 0.0182872
0.00956521 0.0081101 0.131639 0.250262 0.24806 0.432888 0.0130535 0.0129388 0.0223678
0.00948325 0.00804603 0.135 0.243963 0.242396 0.359672 0.0131577 0.0130515 0.0216127
0.00971909 0.00832108 0.11968 0.248237 0.246833 0.341787 0.0132529 0.0131505 0.0208662
0.00953481 0.00810948 0.108228 0.25258 0.251094 0.343811 0.0133327 0.0131914 0.0240258
0.00926682 0.00786976 0.124724 0.250864 0.248778 0.39476 0.0130303 0.0128996 0.0236747
0.00938816 0.0079919 0.108522 0.251463 0.250342 0.31615 0.0132812 0.0132363 0.0164478
0.00937498 0.00795002 0.108216 0.2461 0.244391 0.354547 0.0130296 0.0129878 0.0161216
0.00940097 0.00802294 0.104566 0.251964 0.249978 0.372715 0.0129682 0.0129444 0.014686
0.00942641 0.00810072 0.107237 0.243889 0.242289 0.345819 0.0129407 0.0129197 0.0145563
0.00931282 0.00793325 0.103651 0.239972 0.237645 0.397431 0.0129111 0.0128807 0.0152428
0.00951551 0.00816857 0.110883 0.244111 0.241978 0.389601 0.0136162 0.013584 0.0161109
0.00954534 0.0082075 0.121494 0.245543 0.243055 0.422652 0.0131387 0.0130847 0.0175978
0.00931025 0.00794949 0.103043 0.244491 0.242475 0.373318 0.0130015 0.0129327 0.0182346
0.00893512 0.00747827 0.124415 0.252028 0.249189 0.467455 0.0125499 0.0124886 0.017543
0.0091792 0.00775142 0.120879 0.251874 0.249866 0.393462 0.0125692 0.0125511 0.0139818
0.00918586 0.00789199 0.108188 0.245063 0.243086 0.385188 0.0128692 0.0128455 0.0146988
0.00980109 0.00844756 0.119297 0.248158 0.245812 0.427905 0.0128337 0.0127852 0.0167214
0.00961548 0.00828337 0.100504 0.247656 0.246494 0.319217 0.0128776 0.0128656 0.0136757
0.00961943 0.00833158 0.116787 0.249857 0.247705 0.419571 0.0124722 0.0124201 0.0170105
0.00927554 0.00796477 0.115674 0.245718 0.244368 0.337106 0.0127215 0.0127268 0.012392
0.00906844 0.007724 0.101321 0.242992 0.241647 0.334315 0.0127466 0.0127743 0.0109071
0.00980371 0.00847102 0.101838 0.248542 0.247591 0.308401 0.0127501 0.0127532 0.0125368
0.0100218 0.00859219 0.111837 0.2479 0.246588 0.333173 0.0130274 0.0129802 0.0163024
0.00984637 0.00843134 0.111463 0.240981 0.239505 0.34908 0.01289 0.0128356 0.0170695
0.00940325 0.00805376 0.117921 0.247949 0.246348 0.373558 0.0130001 0.0129616 0.0161905
0.00929333 0.00789526 0.12773 0.235182 0.233361 0.377367 0.0131766 0.013155 0.0148401
0.00994749 0.00844511 0.119815 0.247623 0.246251 0.34155 0.0137557 0.0137208 0.0163977
0.0105807 0.00916004 0.124236 0.253384 0.252065 0.350094 0.0142356 0.0141906 0.0179864
0.010536 0.00915491 0.128598 0.252004 0.250842 0.332641 0.0141701 0.0141643 0.0146134
0.00999534 0.00861761 0.106311 0.248644 0.247666 0.31496 0.0138179 0.0137766 0.0171107
0.00968557 0.00829435 0.12461 0.251336 0.249724 0.36263 0.0133886 0.0132925 0.021186
0.00949688 0.00802888 0.12542 0.242645 0.24126 0.338358 0.0128739 0.0127791 0.0200439
0.00978491 0.00836151 0.131407 0.243988 0.242568 0.345695 0.0129056 0.0127756 0.0232967
0.00924947 0.00792624 0.110327 0.236377 0.235473 0.29276 0.0122876 0.0121652 0.02103
0.0096944 0.00824353 0.118276 0.243935 0.242976 0.307182 0.0128264 0.0126767 0.0228396
0.00970519 0.00833795 0.0917398 0.236973 0.236336 0.275137 0.0127864 0.0126708 0.0205811
0.0090793 0.00765175 0.131186 0.2291 0.227415 0.352128 0.0127204 0.0125896 0.0235964
0.00913281 0.00782533 0.104658 0.231462 0.229835 0.337886 0.0126738 0.0125921 0.0191133
0.00936761 0.00796962 0.108117 0.236534 0.235303 0.311546 0.0133396 0.0133132 0.0151482
0.00934105 0.00791798 0.0978704 0.234537 0.23317 0.311723 0.012565 0.0125187 0.0155732
0.00925676 0.00788342 0.107014 0.240778 0.239521 0.315119 0.0124043 0.0123732 0.0145976
0.00929178 0.00795802 0.103787 0.235128 0.233219 0.362094 0.0121338 0.0120886 0.0156596
0.00913878 0.00776899 0.102832 0.237507 0.236307 0.309459 0.0121648 0.012116 0.015635
0.00932525 0.00805612 0.0900348 0.236955 0.236135 0.287972 0.0126287 0.0125587 0.017319
0.00913447 0.00789197 0.0968402 0.240704 0.239163 0.350618 0.0124251 0.0123324 0.0194323
0.00968484 0.00835239 0.108536 0.243835 0.24198 0.378209 0.0125708 0.0124337 0.0236695
0.00938741 0.00800302 0.109669 0.254999 0.253232 0.378367 0.0127162 0.0126607 0.0174646
0.0090418 0.00784388 0.0954735 0.251249 0.249834 0.340337 0.0128858 0.01284 0.016182
0.00911898 0.00786429 0.105123 0.237709 0.236238 0.339863 0.0127453 0.0126918 0.0169161
0.00921357 0.00788628 0.100172 0.245246 0.244078 0.316839 0.0128999 0.012842 0.0164352
0.0088582 0.00756563 0.09987 0.239245 0.238294 0.298707 0.0125843 0.0124886 0.0198395
0.00903666 0.00770603 0.100812 0.240466 0.238598 0.359981 0.0125025 0.0123665 0.0220833
0.00914614 0.00783276 0.107526 0.237425 0.234803 0.427429 0.0123351 0.0121942 0.0238548
0.00981252 0.00839806 0.117175 0.240261 0.237911 0.403313 0.0124238 0.0122962 0.0221597
0.00985919 0.00840647 0.11961 0.244498 0.242312 0.389442 0.0128992 0.0127914 0.0213182
0.00975945 0.00833037 0.122228 0.24822 0.245981 0.394458 0.0124521 0.0123552 0.0198782
0.00980943 0.00835567 0.120155 0.239682 0.237113 0.434282 0.0121698 0.0120238 0.0239052
0.00942797 0.00800217 0.122637 0.243598 0.241286 0.409399 0.0122467 0.0120819 0.0254875
0.00959871 0.00814924 0.113082 0.246568 0.24451 0.381293 0.0126013 0.0124435 0.0245108
0.00952984 0.00809896 0.121854 0.249184 0.246911 0.409344 0.0126747 0.0125318 0.0237426
0.00931106 0.00795303 0.103494 0.25042 0.248167 0.393222 0.0127518 0.0125634 0.026961
0.00911493 0.00775537 0.113757 0.243767 0.241675 0.384604 0.0123694 0.0122338 0.0230207
0.00917552 0.00772645 0.125391 0.248551 0.246278 0.395856 0.0124415 0.0123091 0.0228982
0.0088972 0.00752444 0.120365 0.243865 0.241465 0.412604 0.0121702 0.0120658 0.0199134
0.00924289 0.00779304 0.125279 0.248145 0.2456 0.431552 0.0124442 0.0123154 0.0232019
0.00927346 0.00792428 0.111507 0.240737 0.238441 0.392767 0.0122385 0.0120769 0.0242236
0.00939781 0.00799476 0.127404 0.244765 0.241495 0.496114 0.012914 0.0126876 0.0324215
0.00939402 0.00799388 0.138991 0.247315 0.243731 0.523097 0.0125603 0.0123425 0.0322826
0.00947291 0.00802288 0.125526 0.245143 0.242017 0.474475 0.012748 0.0125731 0.0257679
0.00956996 0.00815432 0.117615 0.239332 0.235994 0.509867 0.0128167 0.0126731 0.0248184
0.0102129 0.00881663 0.117263 0.243543 0.240529 0.474246 0.0133851 0.0132305 0.0255636
0.0103845 0.00897933 0.117602 0.255834 0.25328 0.433509 0.0132884 0.0132157 0.0184038
0.00969064 0.00834486 0.118653 0.243643 0.241667 0.376297 0.0131781 0.0130922 0.0197076
0.00984839 0.00844396 0.121573 0.255134 0.252733 0.422884 0.0134355 0.0133834 0.0170798
0.00918742 0.00781098 0.115617 0.249108 0.24661 0.443712 0.0129531 0.0128533 0.0205701
0.00935101 0.00795026 0.101217 0.249993 0.247723 0.407534 0.0135103 0.0134334 0.0185742
0.00924468 0.00791249 0.082298 0.251601 0.249869 0.355241 0.0133949 0.0133213 0.0176784
0.00934023 0.00796481 0.101965 0.249179 0.246596 0.428369 0.0135745 0.0134386 0.0229031
0.00972478 0.00841142 0.0958589 0.254753 0.252312 0.416563 0.0135903 0.0135245 0.0181043
0.00923398 0.00796522 0.0982645 0.245288 0.243117 0.375402 0.0134499 0.0134095 0.0160651
0.00972842 0.00835943 0.112623 0.250099 0.247281 0.436686 0.0136138 0.0135388 0.0194094
0.00917105 0.00791914 0.103808 0.232228 0.229544 0.431518 0.0128672 0.0127867 0.0197072
0.00935439 0.00802998 0.0900414 0.2417 0.239769 0.367126 0.0134525 0.0134093 0.0163401
0.0100937 0.00868606 0.125906 0.249053 0.246843 0.407493 0.0136496 0.0135937 0.0180553
0.0100404 0.00865863 0.115679 0.246808 0.24477 0.389266 0.0137222 0.0136681 0.0183379
0.00986384 0.0085393 0.136754 0.248902 0.246326 0.460924 0.0136657 0.0135959 0.0202775
0.0095776 0.00826374 0.123273 0.243572 0.241173 0.42733 0.0134576 0.0133784 0.020198
0.00935938 0.00806988 0.114025 0.241422 0.238925 0.427315 0.0133918 0.0132728 0.0242404
0.00924201 0.00793098 0.118713 0.235766 0.233792 0.374297 0.012783 0.0127225 0.0178096
0.0093931 0.00806161 0.113249 0.238197 0.235948 0.419009 0.0131252 0.013056 0.019356
0.00904917 0.0076946 0.119808 0.242526 0.241074 0.341056 0.0128339 0.0127643 0.0182985
0.00930794 0.00785421 0.123496 0.237804 0.235409 0.421179 0.0127159 0.0126267 0.020107
0.00951276 0.00814332 0.109689 0.240082 0.238086 0.382252 0.0125929 0.0125491 0.0156159
0.00916544 0.00783444 0.126294 0.248246 0.245728 0.454515 0.0130577 0.013028 0.0155015
0.00867356 0.00739399 0.114281 0.230059 0.228327 0.355139 0.0126513 0.012645 0.0131166
0.0086603 0.00742997 0.107325 0.233954 0.231914 0.393348 0.0126201 0.0125969 0.0149867
0.0088104 0.00751534 0.118488 0.237539 0.235654 0.377756 0.0127474 0.0127205 0.0153514
0.00921229 0.00797598 0.107 0.238616 0.23703 0.347992 0.0129966 0.0129874 0.0137479
0.00916919 0.00794519 0.100636 0.240068 0.238417 0.344628 0.0126582 0.0126555 0.0128618
0.00879284 0.00750039 0.123267 0.23838 0.236446 0.383207 0.0124194 0.0123948 0.0145745
0.00856732 0.00735783 0.114398 0.231127 0.228848 0.396663 0.0124179 0.0123953 0.0144758
0.00838336 0.00714021 0.107715 0.230066 0.227912 0.383323 0.0126695 0.0126473 0.0142837
0.00879563 0.00752903 0.127661 0.229719 0.227378 0.409124 0.0121933 0.012154 0.0155813
0.00889089 0.00760815 0.11819 0.231432 0.228982 0.419497 0.0122148 0.0121681 0.0162517
0.00911504 0.00779964 0.118611 0.230229 0.228161 0.378437 0.0122662 0.012224 0.0158189
0.00950175 0.00814118 0.131248 0.242818 0.240762 0.389789 0.0130158 0.0129572 0.0180885
0.00984749 0.0085579 0.120291 0.242073 0.239949 0.40111 0.0130822 0.0130001 0.0198059
0.00951244 0.00826561 0.10166 0.242436 0.24042 0.396364 0.013414 0.0132997 0.0237034
0.00965154 0.00833936 0.103373 0.257465 0.255543 0.393176 0.0136772 0.013577 0.0212185
0.00921805 0.00787816 0.119274 0.248302 0.246682 0.355393 0.012673 0.0125763 0.0200433
0.00973765 0.00840609 0.114709 0.237309 0.235335 0.369387 0.0122302 0.0121332 0.0199812
0.00964588 0.0082817 0.11828 0.233947 0.231829 0.367298 0.0120993 0.0120204 0.0180828
0.0101968 0.00886959 0.124777 0.237539 0.235327 0.388452 0.0121154 0.0120337 0.0182952
0.00950135 0.00816493 0.110035 0.23731 0.235199 0.370779 0.0125434 0.0124613 0.0184834
0.0099754 0.0086213 0.109655 0.237514 0.235619 0.363232 0.0129525 0.0128914 0.0179873
0.00968428 0.0083656 0.107349 0.242446 0.240213 0.38988 0.0126809 0.0126211 0.0170443
0.00964784 0.00828042 0.110752 0.240518 0.238895 0.33808 0.0124359 0.0124216 0.0134645
0.0094174 0.00810866 0.111119 0.24198 0.239753 0.402288 0.0129114 0.01288 0.0153462
0.00914511 0.00794734 0.13002 0.244839 0.242288 0.473791 0.0127228 0.0126742 0.0170122
0.00891158 0.00771485 0.123367 0.24397 0.241969 0.399047 0.0131107 0.0130805 0.0157238
0.00933941 0.00802628 0.115748 0.248578 0.246423 0.413795 0.0127688 0.012713 0.0172138
0.00920773 0.00792364 0.125516 0.240938 0.238359 0.459748 0.0129289 0.0128657 0.0186364
0.00910104 0.00782689 0.126666 0.237017 0.235021 0.392692 0.0124077 0.0123718 0.0155092
0.00915651 0.00787204 0.12881 0.232138 0.23013 0.391994 0.0126478 0.0126097 0.0158185
0.00897815 0.00773016 0.13409 0.247866 0.245783 0.406857 0.0127906 0.0127252 0.0183284
0.00882439 0.00754716 0.143545 0.238594 0.236437 0.416378 0.0127208 0.0126569 0.0189982
0.00885921 0.00762758 0.105324 0.238528 0.236767 0.362528 0.0132146 0.0131636 0.0175214
0.00945282 0.00820175 0.123925 0.249127 0.246508 0.453265 0.0135907 0.0134993 0.0214804
0.00945446 0.00830375 0.0999 0.246705 0.244786 0.374752 0.0131855 0.0131127 0.018569
0.00921966 0.00806642 0.0940904 0.246375 0.244149 0.401838 0.0133098 0.0131813 0.0237576
0.00941392 0.00822453 0.106329 0.251953 0.249861 0.399801 0.0136051 0.0135042 0.0216381
0.0091898 0.00799655 0.110232 0.244206 0.241468 0.468701 0.013533 0.0134105 0.0241809
0.00931042 0.00802978 0.110011 0.254395 0.252296 0.397508 0.0134963 0.0133421 0.0250523
0.00977267 0.00850573 0.104466 0.251961 0.249678 0.420377 0.0135691 0.0133876 0.028271
0.00956868 0.00833834 0.0942449 0.251325 0.249464 0.365825 0.0132372 0.0130393 0.0264712
0.00955843 0.00828466 0.106899 0.252396 0.250124 0.40186 0.0136134 0.013382 0.0310417
0.00942631 0.00817711 0.104809 0.254749 0.252106 0.456364 0.0138978 0.0136183 0.0380382
0.00951124 0.00822776 0.118928 0.254599 0.252118 0.437964 0.013613 0.0134106 0.029414
0.0094845 0.00815157 0.116073 0.253471 0.250855 0.449412 0.0136409 0.0134536 0.0286994
0.00910418 0.00790719 0.107175 0.253572 0.250922 0.43741 0.0136469 0.0134294 0.0312883
0.00926929 0.00809103 0.100223 0.252724 0.250488 0.398919 0.013645 0.0134685 0.0277179
0.00923859 0.00806458 0.0936298 0.247934 0.245418 0.421523 0.0134211 0.0132981 0.0226944
0.00914672 0.00793234 0.107552 0.249679 0.246849 0.450366 0.0139685 0.0138746 0.0215798
0.00931219 0.00797509 0.116146 0.251383 0.248192 0.485438 0.0138041 0.013704 0.0219816
0.00960664 0.00835998 0.115573 0.243343 0.240201 0.496272 0.0141016 0.0139359 0.0297853
0.00953723 0.00825806 0.114342 0.251446 0.248612 0.440751 0.0142621 0.0141241 0.0250975
0.00912186 0.007899 0.118001 0.24872 0.245679 0.478247 0.013695 0.0135561 0.0258683
0.00961314 0.00835579 0.0985417 0.248244 0.245004 0.466619 0.0140936 0.0139875 0.022911
0.00966559 0.0083444 0.124463 0.248207 0.24506 0.476486 0.0136762 0.0135517 0.023735
0.0093515 0.00807294 0.131734 0.241069 0.237796 0.503494 0.0133472 0.0132098 0.0251275
0.0098626 0.00854236 0.118988 0.248952 0.246052 0.468573 0.0133934 0.0132828 0.0231314
0.00983439 0.0085374 0.101005 0.247915 0.245694 0.398737 0.0132702 0.0131959 0.019321
0.00988608 0.0086744 0.107113 0.252651 0.250111 0.441425 0.0131996 0.0131206 0.0197595
0.00990918 0.0085721 0.110107 0.260306 0.258132 0.404572 0.0134481 0.0133942 0.0175876
0.00985238 0.00852131 0.119597 0.251906 0.249891 0.392589 0.0136965 0.0136013 0.0214197
0.0101403 0.0087601 0.110552 0.25737 0.254934 0.437698 0.0138568 0.0137486 0.0231387
0.00962338 0.00831185 0.111458 0.250642 0.248606 0.39034 0.0134749 0.0133535 0.0234535
0.00923928 0.00799948 0.118386 0.25303 0.250771 0.418517 0.0135076 0.0133393 0.0277993
0.00919706 0.00789947 0.103646 0.246671 0.24467 0.383355 0.0132782 0.0131519 0.0236687
0.00933182 0.00797256 0.128899 0.245501 0.243078 0.432922 0.0133133 0.0131648 0.026
0.0093934 0.00799754 0.115209 0.248583 0.246456 0.397073 0.0131376 0.0130325 0.0209065
0.00884751 0.00747819 0.1086 0.239808 0.237556 0.400635 0.012648 0.0125763 0.0185989
0.00884381 0.00750037 0.121971 0.242239 0.239407 0.479386 0.0125213 0.0125 0.0142461
0.00929227 0.00795266 0.108758 0.247548 0.245175 0.415059 0.0130179 0.0130263 0.0123501
0.00911692 0.00783834 0.133191 0.250922 0.248253 0.452726 0.0128462 0.0128007 0.0170584
0.00952335 0.00821849 0.117782 0.258188 0.255847 0.415689 0.0134282 0.0134294 0.0133359
0.0097478 0.00846426 0.11894 0.26629 0.2636 0.4734 0.013696 0.0136876 0.0144527
0.00956272 0.00828061 0.117993 0.258883 0.256616 0.421011 0.0136525 0.0136723 0.0119532
0.00936198 0.00817739 0.10874 0.24971 0.247663 0.396393 0.0137608 0.0137421 0.0152946
0.00915752 0.00786089 0.132181 0.251592 0.249151 0.438644 0.0133473 0.0133037 0.0173519
0.00905121 0.00780331 0.115434 0.240536 0.238428 0.388003 0.0128003 0.0127643 0.0153163
0.0092688 0.00796744 0.119699 0.247303 0.244337 0.490625 0.0132036 0.0131367 0.0194115
0.00942341 0.00813067 0.129549 0.253645 0.251045 0.448758 0.0129541 0.0129349 0.0146853
0.00943102 0.00812272 0.117975 0.243862 0.241836 0.398904 0.0128202 0.0127956 0.014776
0.00952431 0.00820696 0.120276 0.252516 0.250545 0.399768 0.01314 0.0131285 0.0140205
0.00917788 0.00790691 0.126889 0.256238 0.253926 0.434978 0.0128546 0.0128173 0.0163072
0.00917346 0.00791986 0.118283 0.249663 0.247559 0.40697 0.0126183 0.0125707 0.0166107
0.00979106 0.0084604 0.100589 0.253941 0.252431 0.345841 0.0129035 0.012856 0.0162673
0.00979269 0.00852667 0.0872795 0.240231 0.238663 0.340189 0.0122407 0.012195 0.0155858
0.00984232 0.00856981 0.0992545 0.254007 0.251888 0.387328 0.0126236 0.0126414 0.0113364
0.00954694 0.00834699 0.0976887 0.255132 0.252327 0.44613 0.0125844 0.0125825 0.0127265
0.00985193 0.00860718 0.107866 0.255618 0.252241 0.488015 0.0124921 0.01249 0.0126466
0.0101611 0.00893004 0.0929187 0.256466 0.253881 0.412343 0.0124348 0.0124644 0.0103978
0.00974086 0.00850444 0.0954068 0.246189 0.243737 0.396118 0.012306 0.0123129 0.0118317
0.00911179 0.00796203 0.0948212 0.245804 0.243259 0.410837 0.0125943 0.0125865 0.0131534
0.00928976 0.0080431 0.0945612 0.254664 0.252642 0.375385 0.0124714 0.012459 0.0133305
0.00906509 0.0078483 0.0917372 0.251411 0.248813 0.414282 0.0129575 0.0129605 0.0127707
0.00882622 0.00760234 0.0962972 0.249552 0.246127 0.499669 0.0125852 0.0125391 0.0160759
0.0090267 0.00779077 0.0889948 0.240102 0.237019 0.415137 0.0123002 0.0122756 0.0139041
0.00938696 0.00807928 0.103421 0.242911 0.239532 0.467002 0.0123688 0.0123407 0.0141775
0.00969438 0.00838998 0.10177 0.242933 0.239563 0.46711 0.0127096 0.0126458 0.0174035
0.00961149 0.0084176 0.0949045 0.249205 0.246394 0.44084 0.0134108 0.0133553 0.01738
0.00954328 0.008407 0.088628 0.247895 0.24515 0.435449 0.013149 0.0130692 0.0188072
0.00937779 0.00827842 0.0950938 0.255172 0.252679 0.417859 0.0132176 0.0131407 0.0186679
0.00948414 0.00833165 0.0996014 0.248603 0.246271 0.409056 0.013039 0.012945 0.0194882
0.00953204 0.00829236 0.11036 0.246914 0.24418 0.454857 0.0133041 0.0131757 0.0237723
0.00947815 0.00825867 0.102463 0.246494 0.244031 0.443325 0.0127677 0.0126346 0.0239004
0.00949081 0.00830253 0.0999857 0.240426 0.238486 0.372931 0.0130691 0.0129588 0.0208657
0.0092619 0.0080818 0.100739 0.236504 0.233973 0.438872 0.0130473 0.0128901 0.0253355
0.00993699 0.00873438 0.109879 0.244875 0.242181 0.466394 0.0133335 0.0132153 0.0224061
0.00929709 0.00810761 0.0918131 0.242925 0.240806 0.404677 0.0136807 0.0135878 0.0205577
0.00957517 0.00831842 0.10744 0.243121 0.241386 0.371127 0.014164 0.0140704 0.021083
0.00952035 0.00835149 0.111503 0.241725 0.239437 0.443929 0.0139611 0.0138525 0.0230193
0.0101552 0.0089013 0.107715 0.2546 0.252672 0.399735 0.0141814 0.0140566 0.0240487
0.0101387 0.00896873 0.0908636 0.248234 0.246195 0.393564 0.01419 0.0140536 0.02478
0.00963443 0.00844303 0.0948545 0.252503 0.250215 0.420558 0.0140198 0.0138637 0.0260689
0.0095186 0.00830155 0.0947117 0.239248 0.237374 0.366416 0.0135162 0.0134028 0.0221092
0.009835 0.0086129 0.116594 0.257811 0.255225 0.453138 0.0138011 0.013674 0.0245943
0.00942863 0.00827305 0.0984081 0.252146 0.249862 0.419488 0.0135318 0.0134325 0.020812
0.00910024 0.00793923 0.116343 0.242845 0.240573 0.414737 0.0134631 0.0133342 0.0243479
0.0093522 0.00807133 0.105017 0.254672 0.252823 0.390807 0.0135654 0.0134481 0.0226446
0.00924134 0.00805038 0.0978055 0.249538 0.248004 0.357665 0.0136193 0.0135171 0.0221961
0.00874031 0.00752472 0.0996514 0.242386 0.24087 0.353145 0.0129491 0.0128189 0.0233284
0.00896243 0.00768045 0.117003 0.246802 0.244963 0.379115 0.0131083 0.013029 0.0197274
0.00924663 0.00803817 0.108219 0.249916 0.248073 0.382338 0.0132033 0.0131455 0.0180203
0.00912674 0.00790524 0.11047 0.24099 0.239018 0.39153 0.0126909 0.0126416 0.0168803
0.00903077 0.00782505 0.111933 0.24619 0.244467 0.387222 0.0128662 0.0128388 0.0151978
0.00943317 0.00824014 0.107898 0.248008 0.245771 0.424148 0.0126797 0.0126551 0.0145875
0.00877473 0.00757202 0.117921 0.236636 0.234405 0.426174 0.0130218 0.012936 0.0209772
0.00909961 0.00787419 0.115331 0.245495 0.242919 0.475878 0.0131919 0.0131013 0.021478
0.0089627 0.00778342 0.111357 0.234769 0.232733 0.390815 0.0127096 0.0126307 0.0196851
0.00956469 0.00828777 0.115592 0.248368 0.245899 0.458869 0.0130152 0.0129047 0.0239029
0.00953728 0.00833066 0.104977 0.24998 0.247073 0.532286 0.0135685 0.0134505 0.0241568
0.00965053 0.00847845 0.111056 0.243029 0.240906 0.427509 0.0136461 0.0135707 0.0200617
0.00911941 0.00804214 0.0906001 0.246173 0.243587 0.479484 0.0135391 0.0134606 0.0206312
0.00946593 0.00823778 0.133662 0.24585 0.242778 0.564298 0.0137505 0.0136706 0.0219743
0.00989968 0.00869318 0.103812 0.251425 0.249256 0.419667 0.0135854 0.013492 0.0208569
0.00970373 0.0084872 0.103455 0.253726 0.251823 0.394682 0.0136944 0.0136426 0.0174975
0.00912353 0.00794078 0.114038 0.243958 0.241719 0.428658 0.0131703 0.0130977 0.0195235
0.00913822 0.00796243 0.0993068 0.252278 0.250104 0.401886 0.0131694 0.0130871 0.0196518
0.00940302 0.00809714 0.108977 0.256288 0.254168 0.398987 0.0133134 0.0132009 0.022617
0.0097003 0.0083982 0.101033 0.25771 0.25529 0.419284 0.013253 0.0131408 0.0214075
0.00937419 0.00809796 0.10055 0.269817 0.267495 0.418561 0.0128936 0.0127412 0.025121
0.00916375 0.00792901 0.0937771 0.261093 0.258976 0.40176 0.0128486 0.012674 0.0253381
0.00935999 0.00815783 0.0988298 0.260965 0.258871 0.395284 0.01268 0.0125217 0.0247304
0.00916489 0.0079649 0.0989824 0.255104 0.252806 0.409677 0.0125707 0.0124131 0.0242518
0.00887997 0.0076682 0.106955 0.252125 0.24986 0.407024 0.0127024 0.0125703 0.0228045
0.00934469 0.00817765 0.11762 0.263527 0.261421 0.421171 0.0131081 0.0129387 0.0284005
0.00895195 0.00773139 0.108566 0.257641 0.255899 0.380791 0.0130688 0.01296 0.0208456
0.00872309 0.00747792 0.120254 0.254254 0.251838 0.453753 0.0134978 0.0134108 0.0213159
0.0090657 0.00779834 0.117534 0.258139 0.256121 0.409131 0.0132712 0.0132022 0.0190594
0.00903092 0.00775135 0.133543 0.258672 0.25652 0.435207 0.0131218 0.0130303 0.0217256
0.00913246 0.00787957 0.117573 0.245301 0.243587 0.370883 0.0129851 0.0129215 0.0180271
0.00912071 0.00785253 0.126216 0.248803 0.246361 0.457097 0.0133934 0.0133185 0.0207245
0.00892931 0.00776957 0.117172 0.237641 0.235209 0.440506 0.0133522 0.0133113 0.0172144
0.00877911 0.00750353 0.123627 0.238622 0.236108 0.468943 0.0128523 0.0128215 0.0156185
0.00898978 0.00780921 0.120356 0.244565 0.241917 0.471703 0.0132759 0.0132134 0.0186571
0.00949001 0.00826812 0.120072 0.249976 0.247449 0.456461 0.0130249 0.0129847 0.016583
0.00909509 0.00794505 0.107562 0.245324 0.24342 0.391333 0.0129907 0.0129557 0.0160006
0.00932767 0.00819811 0.100421 0.254981 0.253255 0.386509 0.013568 0.0135212 0.0169851
0.00961353 0.00845177 0.118908 0.254569 0.252663 0.411525 0.0136878 0.0136315 0.0185909
0.00989361 0.00870951 0.110582 0.252853 0.251248 0.37646 0.0136735 0.0136072 0.0197213
0.00949191 0.00838052 0.106374 0.249773 0.247924 0.404752 0.0136856 0.0136188 0.01913
0.00944631 0.00840298 0.0848041 0.249566 0.248072 0.349082 0.0134941 0.0134934 0.01354
0.00965903 0.00851122 0.102483 0.261177 0.259252 0.396041 0.014116 0.0141268 0.0133735
0.00915392 0.00803392 0.0906174 0.24532 0.243608 0.363292 0.0136585 0.0136097 0.0169904
0.0101466 0.00886045 0.110467 0.260177 0.258232 0.397962 0.013971 0.0138917 0.0197758
0.0100883 0.0088844 0.104614 0.259167 0.257241 0.407771 0.0139172 0.0138445 0.0199243
0.0103581 0.00902274 0.134954 0.253901 0.251552 0.463821 0.0137331 0.0136866 0.0177496
0.010616 0.00932296 0.119053 0.264979 0.262734 0.444967 0.014178 0.0141424 0.0172199
0.0101488 0.00884779 0.125284 0.264687 0.262241 0.479135 0.0143178 0.0142693 0.0191872
0.00997486 0.00877909 0.103824 0.259109 0.25784 0.357327 0.014411 0.0143865 0.0163252
0.00981217 0.008674 0.114355 0.254682 0.252824 0.405176 0.0138077 0.013724 0.0222771
0.00942219 0.00828643 0.111051 0.257368 0.255337 0.418953 0.0139574 0.0138975 0.0196849
0.00919635 0.00804068 0.100234 0.250957 0.249269 0.377058 0.013572 0.0135101 0.0189441
0.00961534 0.00840273 0.118481 0.253301 0.251418 0.404496 0.0135088 0.0134485 0.0188814
0.00910252 0.00788272 0.113333 0.245422 0.243498 0.392723 0.0129927 0.0129307 0.0186181
0.00995223 0.00859805 0.144883 0.245033 0.242146 0.507243 0.0129543 0.0129188 0.0161562
0.0103288 0.00903583 0.128229 0.253802 0.251239 0.465271 0.01327 0.0132388 0.0158922
0.0103839 0.00914533 0.122363 0.254448 0.252204 0.436651 0.0136224 0.0135968 0.0156666
0.0107003 0.00939163 0.126736 0.270646 0.268166 0.457068 0.0141371 0.0140921 0.0181003
0.00974208 0.00857685 0.105097 0.246513 0.24455 0.390468 0.0136839 0.0136154 0.0194511
0.00959718 0.00839492 0.127611 0.240972 0.238143 0.474426 0.0135922 0.0135008 0.0228261
0.0100103 0.00868869 0.129868 0.245516 0.242852 0.450139 0.0138181 0.0137534 0.0192243
0.00948839 0.00825052 0.108229 0.24872 0.246962 0.369605 0.0133455 0.0132492 0.021486
0.00960413 0.00834015 0.117827 0.246626 0.244284 0.430605 0.013274 0.0131614 0.0241406
0.00985237 0.00856288 0.127578 0.252564 0.250188 0.454014 0.013338 0.0132164 0.0232716
0.00989303 0.0085948 0.12087 0.25589 0.253967 0.404137 0.0135256 0.013397 0.0245228
0.00983518 0.00855681 0.127777 0.248529 0.246971 0.367562 0.0129024 0.0128229 0.0199086
0.00926257 0.00806449 0.0931969 0.253276 0.252415 0.308201 0.0128307 0.0128141 0.0140388
0.00936337 0.00820546 0.102111 0.257157 0.256078 0.335978 0.012827 0.0128079 0.0142497
0.00967131 0.00842924 0.105271 0.253397 0.252268 0.336518 0.0128724 0.0128087 0.0181844
0.00938694 0.00811271 0.129948 0.251145 0.249171 0.412284 0.0127984 0.0127277 0.0190817
0.00927163 0.00803727 0.117411 0.255725 0.253253 0.454086 0.0126421 0.012566 0.0199183
0.00912049 0.00795149 0.108446 0.250765 0.248516 0.426406 0.0126904 0.0126445 0.0168433
0.00930046 0.0082358 0.0902814 0.250026 0.247988 0.403612 0.0128924 0.012888 0.0132389
0.00937424 0.00815624 0.117911 0.263285 0.260903 0.449686 0.0137111 0.0137022 0.0144824
0.00968786 0.00841098 0.127406 0.27124 0.268723 0.465647 0.0140234 0.0140143 0.0148368
0.00933636 0.00818117 0.118236 0.257922 0.255575 0.453211 0.0134253 0.0134465 0.0115482
0.0094896 0.00825985 0.115599 0.25721 0.255008 0.432997 0.0135216 0.0135487 0.0112419
0.0096988 0.00848607 0.110606 0.259168 0.257478 0.38409 0.0132898 0.0133569 0.00812814
0.00971665 0.00848809 0.11013 0.263472 0.261494 0.413578 0.0134297 0.0134755 0.00962161
0.00968445 0.00850008 0.0979378 0.256458 0.255355 0.328923 0.0131854 0.0131994 0.012111
0.0102086 0.00892376 0.113641 0.259963 0.258525 0.36286 0.0136965 0.0136934 0.0139483
0.00994244 0.00871308 0.116019 0.260406 0.258254 0.451353 0.0136338 0.0135836 0.0183037
0.00963669 0.00842836 0.128827 0.261701 0.259086 0.504466 0.0136314 0.0136351 0.0132796
0.00914686 0.00812005 0.11662 0.253169 0.250654 0.478444 0.0137293 0.0137423 0.012521
0.0095494 0.00836758 0.101067 0.249457 0.247355 0.40944 0.0136753 0.013673 0.0138741
0.00973967 0.0084938 0.110739 0.256681 0.254085 0.48493 0.0140895 0.0140905 0.0139987
0.0095254 0.00837895 0.115636 0.241237 0.238783 0.456531 0.0132542 0.0132246 0.0160739
0.00998643 0.0087402 0.119343 0.253482 0.250831 0.458523 0.0137235 0.013687 0.0166815
0.0101209 0.00887829 0.130406 0.247303 0.244242 0.499111 0.0134891 0.0134488 0.0173548
0.0101364 0.00892727 0.119231 0.249683 0.24672 0.483344 0.013195 0.0131727 0.0154196
0.0102661 0.00905345 0.11949 0.253128 0.250592 0.440879 0.0134633 0.0134725 0.0126718
0.00977725 0.00855657 0.106802 0.259471 0.25634 0.509037 0.0132591 0.0132445 0.0145807
0.00977693 0.00856142 0.117262 0.262552 0.259384 0.509769 0.0134801 0.0134383 0.0171491
0.00957331 0.00833029 0.121675 0.261016 0.257825 0.541961 0.0136353 0.0135931 0.0175193
0.00983283 0.00858592 0.108178 0.263632 0.261067 0.451469 0.0135557 0.0135449 0.0144217
0.00935588 0.00816771 0.110678 0.261501 0.258135 0.532829 0.0133682 0.0133378 0.01607
0.0100152 0.00875869 0.118884 0.263023 0.259708 0.496377 0.0137782 0.0137498 0.0160539
0.0103831 0.00920636 0.0972455 0.265387 0.262202 0.477414 0.0142465 0.0142078 0.017271
0.010172 0.00901697 0.097503 0.253507 0.249513 0.597902 0.0140888 0.014033 0.0186554
0.0101578 0.00902765 0.0993681 0.256207 0.252901 0.497085 0.0142523 0.0142269 0.016384
0.0098401 0.00864215 0.102456 0.256335 0.253746 0.430565 0.0142317 0.0142393 0.0136886
0.00953801 0.00839126 0.0862465 0.252198 0.249411 0.447295 0.0138869 0.0138391 0.0175197
0.0100967 0.00885153 0.0944598 0.265502 0.262754 0.45145 0.014152 0.0140992 0.0177651
0.0103658 0.00911029 0.101829 0.260836 0.257484 0.492578 0.0139467 0.0138363 0.0220668
0.010187 0.00898848 0.0970083 0.260321 0.257701 0.41912 0.0138827 0.0137998 0.0199494
0.0101895 0.00895033 0.105332 0.265712 0.262301 0.516548 0.0140216 0.0139309 0.0212268
0.00996969 0.0087547 0.0965911 0.25875 0.255872 0.47307 0.0138272 0.013773 0.0182
0.00977792 0.00856726 0.0982626 0.260893 0.25819 0.441973 0.0140122 0.0140007 0.0148819
0.00959316 0.00849805 0.0879577 0.254362 0.251496 0.448758 0.0134784 0.0134817 0.0132318
0.00969871 0.00843956 0.103219 0.254985 0.252169 0.440197 0.0139123 0.0139471 0.0114272
0.00964839 0.00836744 0.0975215 0.257752 0.255048 0.446311 0.0139777 0.0139749 0.0141982
0.0094521 0.00834221 0.0928619 0.259629 0.257116 0.429968 0.014071 0.014041 0.0162252
0.0095066 0.00834528 0.097803 0.262987 0.260315 0.462571 0.0138476 0.0138207 0.0161797
0.0091951 0.00804403 0.112093 0.256034 0.253469 0.458519 0.0135394 0.0135255 0.014762
0.0095851 0.00832293 0.128617 0.260561 0.257891 0.467017 0.0135835 0.013591 0.0129133
0.00942388 0.00825895 0.113643 0.251571 0.248839 0.461905 0.0130519 0.0130937 0.00971464
0.00918974 0.00811269 0.0947484 0.249466 0.246976 0.427294 0.0132259 0.0132434 0.0117289
0.00904398 0.0078405 0.100508 0.245984 0.243452 0.427002 0.0129157 0.0129315 0.0117234
0.00960274 0.00848113 0.0929758 0.248891 0.246532 0.420342 0.0133381 0.0133497 0.0123777
0.00898898 0.00787508 0.0988196 0.242306 0.240152 0.414883 0.0129521 0.0129903 0.00995872
0.0092704 0.00816477 0.117366 0.250963 0.248249 0.489007 0.0126051 0.0126196 0.0112765
0.00964333 0.00846846 0.100035 0.251334 0.249171 0.411117 0.0125726 0.0126048 0.00983686
0.00974172 0.00867269 0.093527 0.260631 0.258678 0.401288 0.0130835 0.0131109 0.0108072
0.00971168 0.00849474 0.107773 0.261614 0.259463 0.421241 0.0130037 0.0130447 0.00972796
0.00946988 0.00822837 0.112308 0.262528 0.260974 0.364912 0.0133764 0.013393 0.0120776
0.00995448 0.00873821 0.123675 0.263735 0.261369 0.454972 0.0131397 0.0131219 0.0148047
0.0102058 0.00900477 0.115361 0.264096 0.262075 0.412323 0.0134783 0.0135131 0.011168
0.0102551 0.00913551 0.0991704 0.259323 0.257056 0.423385 0.0130304 0.0130794 0.00917756
0.00979777 0.00872745 0.0894231 0.261965 0.259588 0.43164 0.0129465 0.0130122 0.00833585
0.00985527 0.00875345 0.0898342 0.253907 0.251298 0.45139 0.0133358 0.0133818 0.00951727
0.00984936 0.00871482 0.0918361 0.256401 0.25401 0.422993 0.0134642 0.0135207 0.00879468
0.00973915 0.00860897 0.103017 0.261976 0.259276 0.462449 0.013511 0.013548 0.0101854
0.00935843 0.00817236 0.103441 0.256857 0.25442 0.443013 0.01327 0.0132965 0.0107991
0.00982413 0.00858238 0.121628 0.25996 0.256951 0.487756 0.013309 0.0133391 0.0104113
0.00971034 0.00857756 0.0969341 0.254939 0.252545 0.421658 0.0134079 0.0134687 0.00848157
0.00978087 0.00866763 0.0977984 0.259683 0.257432 0.417596 0.0137241 0.0138358 0.00536553
0.0101783 0.00894265 0.106481 0.256874 0.254238 0.441898 0.0138698 0.0139457 0.00825932
0.0100245 0.00881723 0.112017 0.252389 0.249876 0.440237 0.0134017 0.0134483 0.00960918
0.00996001 0.00875339 0.106529 0.250129 0.247692 0.442721 0.0135341 0.0135471 0.0124488
0.0101826 0.00898674 0.0978434 0.259757 0.257507 0.419012 0.0138005 0.0138175 0.0125595
0.00986843 0.00860532 0.0961573 0.259726 0.257387 0.416316 0.0137446 0.0137475 0.0135484
0.00943025 0.0082177 0.100182 0.248001 0.245602 0.412181 0.0135169 0.0134562 0.018236
0.00997154 0.00872802 0.104829 0.257032 0.254659 0.415693 0.0137927 0.0137421 0.0176653
0.00988387 0.008763 0.104152 0.251826 0.249329 0.431238 0.0134517 0.013458 0.0129212
0.00950932 0.00835674 0.0873728 0.244586 0.242504 0.363315 0.0134819 0.0134836 0.0133586
0.00937768 0.00816662 0.104504 0.248397 0.245754 0.411586 0.0139377 0.0139025 0.0166812
0.00958738 0.00838739 0.106586 0.248265 0.245426 0.438113 0.0136923 0.0136358 0.0180994
0.0097506 0.00852959 0.113115 0.255242 0.252472 0.452736 0.0139004 0.0138655 0.0167387
0.00952651 0.00830476 0.115557 0.250178 0.247058 0.492207 0.013657 0.01361 0.0178029
0.00943185 0.00813244 0.103066 0.257059 0.254555 0.416673 0.0133096 0.0132523 0.0176196
0.00927617 0.00810064 0.0867975 0.263905 0.261151 0.432599 0.012701 0.0126517 0.0166584
0.00932333 0.00809306 0.0928449 0.263997 0.261123 0.434024 0.012826 0.0128183 0.0133357
0.00953454 0.00833248 0.0966487 0.249832 0.246808 0.453467 0.0124319 0.0124136 0.0138687
0.00949889 0.00824608 0.112564 0.258755 0.255923 0.449854 0.0126151 0.0125738 0.0158056
0.00932892 0.00820831 0.0917265 0.249204 0.246295 0.451468 0.0122309 0.0121443 0.0197165
0.00930105 0.00815042 0.107263 0.244983 0.242105 0.460762 0.01233 0.0122695 0.0170584
0.00942703 0.00821534 0.103825 0.248921 0.24604 0.463574 0.0130467 0.0130033 0.0164086
0.00972727 0.0084728 0.0956936 0.247816 0.245204 0.42406 0.0129711 0.0128961 0.018692
0.00966548 0.00836294 0.112188 0.256357 0.253446 0.469865 0.0136683 0.0135415 0.0234267
0.00938998 0.00809714 0.102095 0.250907 0.248565 0.411171 0.0131198 0.0129347 0.0273526
0.00963574 0.00832837 0.111202 0.255388 0.25262 0.463143 0.0133189 0.0131578 0.0269461
0.00969969 0.00837895 0.115529 0.253938 0.251739 0.407216 0.0133715 0.013215 0.0261746
0.00924829 0.00803952 0.099906 0.251942 0.249887 0.395145 0.0134446 0.0133105 0.0229388
0.00953347 0.00837569 0.0960414 0.257131 0.254728 0.427779 0.0130233 0.0128932 0.0238118
0.0094315 0.00823305 0.0991334 0.259925 0.257298 0.449699 0.0129783 0.012865 0.0227999
0.00923623 0.00801721 0.0916216 0.253164 0.251507 0.362058 0.0129981 0.0129607 0.0157583
0.0100255 0.00878061 0.111332 0.268543 0.266281 0.419027 0.0133753 0.0133002 0.0197543
0.00964477 0.00843393 0.106229 0.260722 0.258374 0.434413 0.0130713 0.0129772 0.0213916
0.00945653 0.00816668 0.116247 0.260316 0.257803 0.432317 0.0133336 0.0132542 0.0200814
0.00986042 0.00860215 0.111697 0.266401 0.263956 0.43592 0.0140733 0.0140245 0.0180605
0.00993758 0.00871375 0.102872 0.265646 0.263029 0.4482 0.0136884 0.0136543 0.0166927
0.00957424 0.00833138 0.0991703 0.254726 0.252925 0.366936 0.0136016 0.0135455 0.0177051
0.00974799 0.00856101 0.0931757 0.26025 0.258764 0.358739 0.0134986 0.0134055 0.0207117
0.00984289 0.00857494 0.10106 0.258728 0.257394 0.341394 0.013917 0.0137894 0.0234552
0.00994322 0.00862492 0.105365 0.275332 0.272847 0.454539 0.0144411 0.0143252 0.0238542
0.00938522 0.00818268 0.0912584 0.262692 0.260484 0.410902 0.0138905 0.0138423 0.0171403
0.00918341 0.00797777 0.0934751 0.25212 0.249846 0.416049 0.0139303 0.0138172 0.022763
0.00963043 0.0083698 0.100969 0.258583 0.255725 0.454121 0.01377 0.0136476 0.0232734
0.00967432 0.00847652 0.085545 0.259922 0.257735 0.395817 0.0139379 0.0138154 0.0220785
0.00932538 0.00814807 0.09423 0.256683 0.253592 0.4713 0.0135738 0.0134535 0.0223813
0.00914555 0.00799598 0.0943529 0.250176 0.247163 0.453281 0.012952 0.0128379 0.0211515
0.00920925 0.00806259 0.0971077 0.260217 0.257052 0.477342 0.0133737 0.0132857 0.0204461
0.00925652 0.00819198 0.0878761 0.253678 0.250797 0.443815 0.0135507 0.013478 0.0186335
0.00955285 0.00850472 0.0808548 0.259741 0.257088 0.426859 0.0134362 0.0133641 0.0181708
0.00998233 0.00889733 0.0857154 0.254391 0.251633 0.437364 0.0136647 0.0135871 0.0187804
0.00984103 0.00869835 0.0910041 0.25827 0.255518 0.438425 0.0135361 0.0134421 0.0203465
0.00975104 0.00864773 0.0818727 0.258502 0.255834 0.437514 0.0135268 0.0133978 0.0233293
0.0102244 0.00912147 0.0815697 0.263388 0.260718 0.433901 0.0136805 0.0136336 0.0168201
0.00986923 0.00878076 0.0788062 0.265497 0.262395 0.466754 0.0139712 0.0139163 0.0178314
0.00993905 0.00884263 0.0811195 0.259441 0.256905 0.411147 0.0136861 0.0136545 0.0157088
0.00983 0.00875548 0.0790518 0.260294 0.257907 0.398189 0.0135856 0.013499 0.0195507
0.00962858 0.00856356 0.0817839 0.260922 0.258106 0.428261 0.0133202 0.0132339 0.0194989
0.00930574 0.00827763 0.0757269 0.253059 0.250779 0.375545 0.0135637 0.013532 0.0156567
0.00942834 0.00831717 0.0814497 0.250674 0.247785 0.420456 0.0135997 0.0135347 0.0180495
0.00963219 0.00850635 0.0769901 0.256132 0.253386 0.410035 0.0136275 0.0135443 0.0190718
0.0098185 0.00873624 0.0826812 0.263527 0.260687 0.431481 0.0139202 0.0139026 0.0150698
0.00995644 0.00875106 0.0841476 0.260799 0.257513 0.452364 0.0141074 0.0141039 0.014322
0.00991591 0.00871009 0.0846765 0.267273 0.264103 0.450601 0.0138215 0.0138324 0.0131055
0.00970508 0.00854577 0.0870025 0.261611 0.258546 0.438934 0.0131355 0.0131133 0.01462
0.00964968 0.00852792 0.0806951 0.267306 0.264472 0.429064 0.0135026 0.0134831 0.0147722
0.00955607 0.00844634 0.0877126 0.261211 0.258289 0.431089 0.0131269 0.0131086 0.014365
0.00924094 0.00820469 0.0772976 0.265869 0.26304 0.438414 0.0130559 0.012995 0.0170737
0.00883317 0.00783654 0.0720811 0.261579 0.258743 0.437216 0.0131338 0.0130739 0.0172141
0.00887328 0.0077424 0.0851442 0.253515 0.250517 0.43235 0.0133388 0.0132358 0.0206808
0.0090312 0.00781327 0.0941125 0.24885 0.244995 0.504439 0.0131519 0.0130561 0.0200696
0.00921086 0.00812972 0.0862812 0.248297 0.244892 0.475985 0.0132967 0.0132215 0.0183191
0.00978259 0.00877055 0.0836024 0.25622 0.253053 0.471156 0.0136512 0.0136273 0.0152042
0.00931832 0.0082817 0.092549 0.251116 0.247415 0.504661 0.0133877 0.0133468 0.0160427
0.00939967 0.00832312 0.0859271 0.256362 0.252732 0.491861 0.0135017 0.013446 0.0171152
0.00960964 0.0085242 0.0797631 0.253655 0.250471 0.454773 0.0133771 0.0133298 0.0165722
0.00941061 0.00836243 0.07225 0.243876 0.240793 0.438213 0.013147 0.0131126 0.0154246
0.00948446 0.00838753 0.0761299 0.248782 0.245204 0.460143 0.0130558 0.0130143 0.0157521
0.00977334 0.00867235 0.0787686 0.264835 0.260923 0.495278 0.0128218 0.0127843 0.0148242
0.00988061 0.00880981 0.0739201 0.256428 0.252888 0.451535 0.013052 0.0129322 0.0200264
0.00954484 0.00852196 0.068945 0.251061 0.248039 0.402224 0.013074 0.0129497 0.0198987
0.00970399 0.00857118 0.0799089 0.256683 0.253302 0.437725 0.0133961 0.0132903 0.0199648
0.00956661 0.00844047 0.0765856 0.256738 0.252456 0.516186 0.0136972 0.013584 0.0207576
0.00955061 0.00837616 0.0763266 0.255836 0.251765 0.4672 0.0138346 0.0137592 0.0180606
0.00922595 0.0080928 0.079685 0.254656 0.250349 0.505644 0.0136569 0.0135629 0.0196113
0.00934763 0.00817482 0.0803171 0.255077 0.250986 0.494308 0.01364 0.0135148 0.0215275
0.00940649 0.00816933 0.0803071 0.247911 0.244331 0.436365 0.0132049 0.0130833 0.020574
0.00918305 0.00801897 0.0783751 0.243969 0.240475 0.433108 0.0130716 0.0129559 0.0199367
0.00959616 0.0084304 0.0838678 0.248679 0.245088 0.451739 0.0134507 0.0133875 0.017325
0.00938959 0.00834809 0.0691425 0.255946 0.252494 0.445715 0.0135256 0.0134348 0.0186761
0.00963647 0.00853898 0.0746754 0.262935 0.25868 0.522625 0.013408 0.0132822 0.0209701
0.00971435 0.00856254 0.0816286 0.270857 0.267172 0.486298 0.0133637 0.0132291 0.0206974
0.0095224 0.00839401 0.0838476 0.257498 0.253573 0.510625 0.0129169 0.0127513 0.0239428
0.00932061 0.00816124 0.0850071 0.254842 0.25141 0.466076 0.0126613 0.0125273 0.0212143
0.0097537 0.00856453 0.0833632 0.267474 0.264003 0.487411 0.0125271 0.0123726 0.0226958
0.0100928 0.00896169 0.085203 0.276445 0.273752 0.433812 0.012756 0.0126043 0.0232547
0.00951233 0.00842707 0.0771239 0.27487 0.271961 0.445532 0.012668 0.0126349 0.0146371
0.00928849 0.00820493 0.0797475 0.267277 0.263836 0.485711 0.0126363 0.0125646 0.017255
0.00918908 0.00811453 0.0788421 0.251704 0.248825 0.410043 0.0123489 0.0122732 0.0172498
0.00923735 0.00816435 0.0792649 0.26287 0.259314 0.470361 0.0126014 0.0125241 0.0177928
0.00911185 0.00799152 0.075718 0.258509 0.254954 0.457679 0.0122255 0.0121292 0.0181285
0.00958097 0.00854031 0.0757028 0.260428 0.256794 0.472301 0.012507 0.0124127 0.0184015
0.00965872 0.00858427 0.0814147 0.264497 0.261219 0.454709 0.0127501 0.01265 0.0189379
0.00942358 0.0083639 0.0764219 0.255748 0.252616 0.436036 0.0128046 0.0127284 0.0177785
0.00962756 0.00847422 0.0779215 0.261895 0.258897 0.426059 0.0137574 0.0136854 0.018271
0.00927668 0.00815207 0.081194 0.259947 0.256594 0.468913 0.0131886 0.0130979 0.0187355
0.008821 0.00771062 0.0827202 0.263051 0.259676 0.465117 0.013435 0.0133633 0.0177718
0.00964793 0.00847667 0.0895215 0.26501 0.261955 0.441638 0.0135126 0.0134201 0.0196977
0.0100246 0.00885686 0.0931996 0.266589 0.263168 0.47236 0.0135484 0.0134033 0.023514
0.00991247 0.00873606 0.0823497 0.269204 0.265689 0.47983 0.0136013 0.0134435 0.025334
0.0100294 0.00890006 0.0833784 0.265615 0.261869 0.500119 0.0139199 0.0137776 0.0239641
0.00972077 0.00871232 0.0800322 0.260339 0.256635 0.487416 0.0138749 0.0137627 0.0213509
0.00954102 0.00850044 0.0788096 0.264144 0.260745 0.467968 0.0142685 0.0141462 0.0226283
0.00973916 0.00874395 0.0741728 0.266733 0.263068 0.480167 0.0142257 0.0141076 0.022339
0.00985961 0.00884069 0.0883474 0.266694 0.262657 0.53014 0.0143293 0.0142181 0.0218647
0.0100912 0.00892939 0.0861589 0.264827 0.261252 0.470355 0.0143326 0.0141936 0.0232329
0.00965531 0.0085274 0.0764644 0.26098 0.257801 0.426927 0.0142703 0.0141372 0.022795
0.0101886 0.00899173 0.085353 0.260162 0.256623 0.454045 0.0141689 0.0140526 0.0219687
0.00983864 0.00869925 0.0895646 0.265577 0.261999 0.474329 0.0138828 0.0138014 0.019684
0.00986096 0.0087852 0.0866393 0.270775 0.266894 0.516292 0.0139574 0.0138831 0.0191148
0.0102407 0.00914769 0.0835887 0.260386 0.25704 0.460087 0.0134335 0.0133527 0.0188383
0.00990573 0.00887585 0.0854108 0.264604 0.261385 0.462472 0.0138509 0.0137811 0.0186223
0.00991809 0.00889756 0.0793411 0.267671 0.26441 0.473712 0.0141553 0.0140575 0.0211904
0.00955046 0.00849955 0.0826476 0.266703 0.263709 0.452683 0.0139206 0.0138585 0.0183707
0.0093969 0.0083936 0.0820355 0.256821 0.25392 0.447711 0.0138593 0.0137828 0.0194417
0.00922859 0.00814885 0.093416 0.260244 0.257082 0.466691 0.0131542 0.0130764 0.0196571
0.009585 0.00855431 0.084354 0.262667 0.259737 0.44627 0.0132916 0.013221 0.0186383
0.00945393 0.00833064 0.0986154 0.255563 0.252267 0.488232 0.0130489 0.0129894 0.0176992
0.00923651 0.00814162 0.0825369 0.251466 0.248507 0.42097 0.0131272 0.0130922 0.0155109
0.00950799 0.00843613 0.0815257 0.262053 0.258472 0.465413 0.0130286 0.0130075 0.0144301
0.00937608 0.00827256 0.0784567 0.261696 0.257667 0.497971 0.0131127 0.0130963 0.0142164
0.00971432 0.0086073 0.085453 0.26749 0.263715 0.486352 0.0135451 0.0135822 0.0113045
0.00953841 0.00849412 0.0821168 0.273765 0.269932 0.499764 0.0135487 0.0135482 0.0135852
0.00932531 0.00822735 0.0772064 0.259413 0.255535 0.480724 0.0128804 0.0128758 0.0131678
0.00931472 0.00819979 0.086121 0.261777 0.257522 0.540476 0.0130744 0.0130582 0.0141315
0.00939308 0.0082727 0.0846451 0.260403 0.256286 0.510646 0.0132667 0.0132433 0.0148046
0.00917931 0.00810452 0.0792384 0.267062 0.263147 0.496123 0.0126793 0.0126343 0.0156799
0.0092721 0.00824962 0.0734073 0.259107 0.25536 0.467656 0.0123856 0.0123412 0.0150976
0.00961113 0.00852962 0.091117 0.261011 0.257082 0.503134 0.0129408 0.0129012 0.0157467
0.00964743 0.00860074 0.0806808 0.259431 0.256174 0.44055 0.0126555 0.0126366 0.0139684
0.00971804 0.00869679 0.0862515 0.265037 0.261281 0.505531 0.0133239 0.013276 0.0171439
0.00992559 0.00896086 0.0792207 0.266967 0.2634 0.495607 0.0130025 0.0129799 0.0147203
0.00995946 0.00896139 0.0812381 0.259127 0.255552 0.487721 0.0132474 0.0132281 0.0147635
0.00941362 0.00837768 0.0901232 0.2496 0.245661 0.522176 0.0129532 0.0129152 0.015808
0.00952693 0.00839431 0.100684 0.266579 0.26265 0.543873 0.0129522 0.0129014 0.0170054
0.00961232 0.0085212 0.0995575 0.260606 0.256892 0.514922 0.0133244 0.0132866 0.0163311
0.00962744 0.00858181 0.084614 0.264498 0.261281 0.463479 0.0135466 0.0135335 0.0145579
0.00949818 0.00844899 0.0868606 0.257754 0.254083 0.494141 0.0133675 0.0133555 0.0142744
0.00908874 0.00812107 0.0790654 0.260173 0.256758 0.504657 0.0130948 0.013065 0.0155357
0.0095474 0.00846571 0.0924652 0.264577 0.260901 0.521739 0.013611 0.0135791 0.0160993
0.00929394 0.0083236 0.0812136 0.257303 0.253844 0.489854 0.013305 0.0132709 0.0159417
0.0094538 0.00847372 0.0912577 0.268471 0.264342 0.580213 0.0132396 0.0132128 0.0153661
0.00936074 0.00834499 0.087542 0.260998 0.257419 0.524265 0.0134339 0.0133571 0.0196924
0.00946051 0.00834639 0.100064 0.259864 0.256249 0.519869 0.0136024 0.0135283 0.0193159
0.00944027 0.00839033 0.0904125 0.250075 0.247102 0.45388 0.0131955 0.0131199 0.0194277
0.0091844 0.00803503 0.107303 0.252668 0.249423 0.495715 0.0130674 0.0129738 0.0204902
0.00911103 0.00800924 0.099173 0.257918 0.255122 0.458666 0.0137666 0.0136604 0.0225869
0.00890062 0.00786066 0.0944118 0.254575 0.251782 0.457449 0.013299 0.0131757 0.0239702
0.008458 0.00737505 0.104317 0.243824 0.240503 0.533151 0.0127609 0.0126653 0.0211105
0.00891221 0.00782244 0.101216 0.252561 0.249622 0.481193 0.0134914 0.0133791 0.0234942
0.00941726 0.0083118 0.0902454 0.252473 0.249457 0.4693 0.0132761 0.0131394 0.0244714
0.00977141 0.00867299 0.0854735 0.256256 0.254054 0.39864 0.0132716 0.013198 0.018563
0.00961708 0.00855393 0.0933734 0.2573 0.25444 0.45865 0.0133751 0.0132882 0.020119
0.00906704 0.00800463 0.0887477 0.24579 0.243021 0.427526 0.0132994 0.0132331 0.0179491
0.00938769 0.00836005 0.0901216 0.248261 0.245325 0.450823 0.0135448 0.013481 0.0180989
0.00917268 0.00813501 0.101275 0.251943 0.248653 0.506189 0.0134603 0.0134305 0.0158007
0.00939363 0.00834604 0.0817647 0.25193 0.249024 0.451437 0.0141218 0.0141203 0.0142323
0.00898574 0.00800969 0.0772553 0.248003 0.245457 0.407919 0.0138407 0.0138569 0.0126729
0.00957568 0.00846794 0.0880989 0.258517 0.25555 0.468966 0.0144959 0.0144635 0.0170998
0.00945607 0.00836614 0.0869654 0.263324 0.261105 0.406845 0.0141139 0.0140854 0.0162572
0.00946668 0.00843875 0.0800326 0.25412 0.251906 0.397128 0.0144964 0.0144284 0.0197423
0.00984966 0.00870975 0.104006 0.255679 0.252766 0.462116 0.014267 0.0141647 0.0221744
0.0099018 0.00864293 0.110774 0.257814 0.254871 0.464626 0.0141313 0.0140322 0.0226045
0.00922361 0.00813418 0.105168 0.249573 0.246124 0.518819 0.0137833 0.0137426 0.0173865
0.00909874 0.00801113 0.0949185 0.248024 0.244876 0.481206 0.0134849 0.0134687 0.0149325
0.00907137 0.00801619 0.0997822 0.241192 0.238514 0.443982 0.0133832 0.0133677 0.0147731
