400 100 199
0 0.00133193
0.148152 0.018281
0.738557 0.136706
1.424 0.0985604
3.11943 0.224591
4.57551 0.246656
5.30978 0.366937
5.36495 0.222939
5.52005 0.275954
5.78862 0.106971
6.01837 0.219396
6.06795 0.032657
5.74229 0.145814
5.9198 -0.0853305
5.96087 -0.331692
5.93797 -0.536834
5.89995 -0.790889
5.88315 -0.93479
5.72982 -1.39404
7.2223 -1.49675
8.28934 -1.5777
8.49676 -1.59355
8.14007 -2.129
8.24855 -2.7743
7.95307 -2.78328
8.17532 -3.04939
8.02074 -3.31083
8.42867 -3.63205
8.39538 -3.55721
8.44966 -3.65788
8.5322 -3.64979
8.64857 -4.01976
8.63935 -3.98317
8.71764 -4.05601
8.63371 -4.09787
8.48392 -4.15132
8.30853 -3.91268
8.06755 -4.00538
8.99869 -4.04733
8.55854 -4.12366
8.63756 -4.19289
8.31222 -4.18419
8.11131 -4.22989
8.46239 -4.65057
8.00255 -4.87368
8.21045 -4.69478
8.49603 -4.9323
8.28785 -5.18788
8.44773 -5.12449
8.61187 -5.44599
8.72936 -5.64831
8.6346 -5.81257
8.17355 -5.73688
8.12749 -5.83837
7.82435 -6.00574
8.45076 -5.97377
8.52792 -6.09383
9.07354 -6.21532
8.63992 -6.3867
8.68252 -6.64402
8.41035 -6.61634
8.68603 -6.60817
8.68633 -6.54528
8.6872 -6.76924
8.59803 -6.89378
8.74819 -7.14607
8.72368 -7.28763
8.53547 -7.24849
8.62483 -7.52364
8.48645 -7.62628
8.50859 -8.22308
8.69865 -8.31841
8.6719 -8.21103
8.65002 -8.13741
8.73383 -7.92704
8.45019 -8.10475
8.54945 -8.0131
8.63305 -7.83596
8.76278 -7.94714
8.91935 -8.31221
8.65644 -8.10435
8.54689 -8.47381
8.7903 -8.56888
8.94877 -8.36306
8.70393 -8.54562
8.92059 -8.22985
8.93146 -8.46326
8.88706 -8.48386
8.68758 -8.47297
8.61632 -8.63041
8.9225 -8.4992
8.79603 -8.65875
9.13208 -8.21556
8.74167 -8.49851
8.96599 -8.47665
8.93579 -8.79859
8.7714 -8.81391
9.06802 -8.67047
8.22589 -8.52043
8.4766 -8.34198
8.72818 -8.42813
8.94056 -8.40938
8.98094 -8.7027
8.89473 -8.42928
9.34586 -8.31102
9.22922 -8.61532
9.03 -8.57948
9.33351 -8.59045
9.25671 -8.32015
9.32509 -8.74086
9.08446 -8.50935
9.03101 -8.96829
9.08535 -8.79273
9.31583 -8.67737
9.41785 -8.48601
9.08547 -8.79559
8.68571 -9.00997
9.15706 -9.23176
8.62501 -8.95822
8.83082 -8.66767
9.24499 -8.80573
9.05702 -8.75425
8.84545 -8.79238
8.84041 -9.00105
9.09307 -9.18933
8.80478 -8.83304
9.12929 -8.59677
9.27053 -8.67956
8.7403 -8.53957
8.53099 -8.97958
8.86236 -9.06154
8.89689 -9.4131
9.06111 -8.8027
9.04654 -8.79124
9.01245 -8.4472
9.37445 -8.96472
9.0507 -8.93201
8.94702 -9.11766
9.12977 -8.87988
9.0529 -8.99738
8.57905 -9.17368
8.96754 -9.41511
8.87171 -8.91768
9.1419 -8.65987
9.17805 -9.02467
8.75807 -8.94138
8.59976 -9.07735
9.01137 -8.84139
8.91098 -8.75415
8.67287 -8.89252
8.73395 -8.67684
9.06011 -8.47375
8.83009 -8.70701
9.42266 -8.96093
9.42697 -8.86777
8.88915 -8.9468
9.01768 -8.99241
9.11767 -8.77511
8.91172 -8.64391
9.11113 -8.76109
9.41415 -8.72778
9.42646 -8.6862
9.07853 -9.03528
9.12645 -8.53762
9.03949 -8.45402
9.1616 -8.49106
9.1632 -8.38578
8.90688 -8.92765
9.07179 -8.41617
9.25924 -8.84293
8.90668 -8.88347
8.75578 -9.05831
8.73072 -8.80885
8.81461 -8.86938
8.92646 -9.16503
8.99336 -9.0426
8.7436 -8.84857
9.1599 -8.84029
8.79908 -8.60859
9.0599 -8.85421
9.17227 -8.87914
9.05386 -8.63747
8.93508 -8.91552
9.13782 -8.80467
9.12226 -8.82452
8.9664 -8.8465
9.55884 -8.6845
9.09111 -8.71736
9.24072 -9.0078
8.82073 -8.8282
8.94752 -8.70413
8.81643 -9.00091
8.9698 -8.66002
8.79214 -8.72311
8.6865 -8.65707
9.14207 -8.53289
9.27474 -8.91388
9.61702 -8.53016
9.70192 -8.50731
8.93692 -8.86251 8.9033
8.15534 -8.93693 -7.7106
8.04106 -9.00797 -9.3254
8.29985 -8.68789 -9.32352
8.47067 -8.89718 -8.7863
8.52393 -8.74798 -9.15662
8.12594 -9.15869 -8.95672
8.3372 -9.15972 -9.70087
8.00324 -8.67638 -9.41102
8.15911 -9.02924 -9.41863
8.01257 -8.80354 -9.21002
7.93738 -8.88179 -9.65582
7.92691 -9.01122 -9.41518
8.19332 -8.86651 -9.01529
8.65371 -8.87278 -8.9213
8.19899 -8.73646 -9.19734
8.36682 -9.10063 -9.37316
7.97884 -9.2352 -9.14032
8.22745 -9.04857 -8.92138
8.21546 -8.82829 -8.81851
7.93919 -9.01224 -8.94925
8.24266 -8.81474 -8.70069
8.23882 -9.10958 -9.26998
8.32409 -8.99213 -9.23454
8.37559 -8.95051 -9.20678
8.54433 -9.10813 -8.95626
8.05168 -9.06306 -8.67837
7.98029 -8.89955 -8.73923
8.29525 -9.05789 -8.87136
8.92982 -8.85518 -8.89928
8.55501 -8.87891 -8.87984
8.41923 -8.90345 -8.6888
8.76019 -8.99415 -8.78265
8.60318 -8.94103 -9.06836
8.33778 -9.09131 -9.10396
8.48815 -9.14556 -9.28927
8.26763 -9.12754 -9.24186
8.34181 -8.93228 -9.13003
8.16926 -9.081 -9.17864
8.59652 -9.14919 -9.14309
8.63172 -9.05058 -8.97559
8.47428 -9.16529 -8.89646
8.7892 -8.87987 -8.90259
8.86054 -9.11994 -8.92074
8.89098 -9.24053 -9.31838
9.14754 -9.11283 -9.13636
8.69909 -9.05515 -9.23211
9.05159 -9.31951 -9.12737
8.8953 -9.06592 -9.49717
8.74568 -9.22929 -9.5377
9.29654 -9.03833 -9.80608
9.16166 -9.21105 -9.5926
9.05973 -9.17819 -9.34545
8.66111 -9.05663 -9.54457
8.84587 -9.15393 -9.01441
8.71889 -9.56923 -8.81663
9.18403 -9.37458 -9.40715
9.11661 -9.01109 -9.06175
8.72389 -9.14273 -9.33557
8.48685 -8.96547 -9.48401
8.49241 -9.08732 -8.91819
8.83163 -9.32851 -9.31229
8.49419 -9.21888 -8.92277
8.39603 -9.22352 -9.37507
8.90572 -9.0301 -9.39332
8.7209 -9.18114 -9.23672
8.72573 -9.15402 -9.30816
8.89622 -9.31265 -9.36311
8.50821 -9.13551 -9.19045
8.85454 -9.34992 -9.68617
8.62857 -8.98893 -9.17333
8.7001 -8.93136 -9.0119
8.81418 -8.85536 -9.25257
9.48297 -9.08042 -9.44389
8.38463 -8.90577 -9.39303
8.61232 -8.71332 -9.43377
8.70345 -8.82597 -9.26603
8.70364 -8.70909 -8.91959
8.65341 -8.80173 -9.51016
8.42668 -8.65261 -9.49443
8.399 -8.58186 -9.24799
8.36896 -8.54058 -8.90885
8.50881 -8.2905 -9.27769
8.51318 -8.5495 -9.29296
8.83761 -8.75969 -9.50779
8.53986 -8.88919 -9.06701
8.52518 -8.56231 -9.44709
8.89881 -8.91435 -9.15066
8.69685 -8.64866 -9.01972
8.41895 -8.70901 -8.9709
8.61286 -8.57809 -8.89217
8.64024 -8.70125 -9.57684
8.77591 -9.00887 -9.42762
8.69134 -8.96513 -9.38004
8.72516 -9.07555 -9.19606
8.45025 -8.9494 -9.32707
8.40495 -8.8279 -9.39914
8.64084 -9.14444 -9.19318
8.46223 -9.07356 -9.58538
8.49768 -9.33434 -9.4876
8.69703 -9.55694 -9.31977
9.05591 -9.63937 -9.09136
8.55942 -9.62437 -9.01122
8.96826 -9.08567 -9.19455
8.75917 -8.99902 -9.59036
8.95812 -9.31858 -9.20474
8.34937 -9.3379 -8.87149
8.59365 -9.16518 -9.11081
8.63535 -9.31411 -9.0624
8.80968 -9.38361 -8.5952
8.54454 -9.4746 -8.94857
8.47938 -9.42704 -8.96792
8.40284 -9.14724 -9.1781
8.23271 -9.26679 -9.0882
8.28581 -8.9735 -9.19681
8.5117 -9.03627 -9.22602
8.0099 -8.76005 -9.19042
8.21022 -8.85418 -8.96565
8.61946 -8.90804 -9.04925
8.76 -9.16881 -8.91792
8.63149 -9.0203 -9.14052
8.58769 -9.25021 -9.28908
8.39566 -8.99275 -8.95223
8.67191 -9.0148 -9.07243
8.58994 -8.66996 -9.26694
8.70537 -8.56308 -9.27895
8.24944 -8.97216 -9.26306
8.45579 -8.72808 -9.08103
8.40736 -9.02908 -9.09639
8.45535 -9.29785 -9.00855
8.09127 -8.99172 -9.09385
8.45374 -8.91432 -9.14373
8.65132 -8.98936 -8.98834
8.4392 -8.89995 -8.55432
9.01388 -8.64238 -8.94716
8.77021 -8.76591 -9.08252
8.52911 -8.64861 -9.38769
8.81299 -9.08789 -9.47093
9.11466 -9.14729 -9.29465
8.88926 -8.72743 -8.94797
8.63375 -8.88345 -8.66161
8.79647 -8.88934 -9.30964
8.93936 -9.01932 -9.29818
8.70648 -8.98152 -9.07402
8.68677 -9.25148 -9.1336
8.62719 -9.31431 -8.87829
8.7979 -9.21236 -9.11358
8.51611 -8.87657 -9.32332
8.7911 -9.19766 -8.86319
8.80629 -9.27597 -9.20478
8.76218 -9.28753 -9.28634
8.85368 -9.44962 -8.87533
8.57187 -9.50725 -8.84223
8.74149 -9.1572 -9.01145
8.49939 -9.15753 -8.4862
8.48919 -9.19537 -9.04314
8.73057 -8.78089 -8.89038
8.53595 -8.59863 -8.77879
8.85697 -9.21632 -9.00157
8.82519 -8.78226 -9.22385
8.04271 -8.87714 -9.26036
8.43577 -9.07143 -8.78041
8.46332 -8.99829 -9.05631
8.36494 -9.08585 -9.47145
8.17325 -9.05596 -9.17035
8.49817 -9.17218 -8.91618
8.67972 -9.27899 -9.33577
8.85567 -9.22726 -9.31419
8.94644 -9.23709 -9.2638
8.31287 -9.17719 -9.15667
8.64644 -9.47269 -9.17374
8.89657 -9.20632 -8.69748
8.95771 -9.38609 -8.99291
8.69072 -9.55089 -9.1739
8.4941 -8.71068 -9.01295
8.39566 -9.07732 -9.25725
8.74225 -9.3061 -9.04264
8.54042 -9.29869 -8.61382
8.73479 -9.02159 -8.85559
8.3116 -9.36608 -8.90203
8.50762 -9.16345 -9.14053
8.76482 -9.01982 -8.69634
8.65318 -9.05953 -9.2538
8.66068 -9.35754 -8.99571
8.48261 -9.01033 -9.04021
8.77109 -9.26674 -8.96894
8.49073 -9.35004 -8.71775
8.71936 -8.94354 -9.21385
8.41109 -8.84844 -9.08767
8.746 -9.23195 -9.11895
8.52917 -8.7743 -8.9733
8.82212 -9.05531 -9.15847
8.71886 -9.17887 -8.82294
8.87452 -8.88368 -9.26932
9.14322 -8.81463 -9.06098
8.43734 -8.74942 -9.10548
8.88087 -9.11567 -9.10434
8.75893 -9.32583 -8.98967
8.73099 -9.35538 -9.02315
8.89931 -9.15303 -9.29632
8.9653 -9.39239 -9.44245
