2000 5 10
0 0
0 0
0 0
0 0
0 0
0 0
0 0
0 0
0 0
0 0.00126192
0 0.0031465
0.00042064 0.0102974
0 0.00588465
0 0.00630961
0 0.00415779
0 0.00294448
0 0.00115261
0 0.000841281
0 0.00042064
0 0
0 0
0 0
0 0
0 0
0 -1.42657e-05
0 -5.70627e-06
0 0
0 0
0 0
0 0
0 0
0 0
0 0
0 0
0 0
0 0
0 0
0 0
0 0
0 0
0 0
0.000488206 0
0 0
0 0
0 0
0 0
0 0
0 0
0 0
0.00335858 0
0.00335858 0
0.00167929 0
0.00503787 0
0.00419823 0
0.00419823 0
0.00167929 0
0.000839646 0
0 0
0 0
0 0
0 0
0 0
0 0
0 0
0 0
0 0
0 0
0 0
0 0
0 0
0 0
0 0
0.000865603 0
0 0
0 0
0 0
0 0
0 0
0 0
0 0
0 0
0 0
0 0
0 0
0 0
0 0
0 0
0 0
0 0
0 0
0 0
0 0
0 0
0 0
0 0
0 0
0 0
0 0
0 0
0 0
0 0
0 0
0 0
0 0
0 0
0 0
0 0
0 0
0 0
0 0
0 0
0 0
0 0
0 0
0 0
0 0
0 0
0 0
0 0
0 0
0 0
0 0
0 0
0 -0.00117179
0 0
0 0
0 0
0 0
0 0
0 0
0 0
0 0
0 0
0 0
0 0
0 0
0 0
0 0
0 0
0 0
0 0
0 0
0 0
0 0
0 0
0 0
0 0
0 0
0 0
0.000788135 0
0 0
0 0
0 0
0 0
0 0
0 0
0 0
0 0
0 0
0 0
0 0.000717857
0 0
0 0
0 0
0 0
0 0
0 0
0 0
0 0
-0.000753081 0
0 0
0 0
0 0
0 0
0 0
0 0
0 0
0 0
0 0
-2.01555e-05 0
0 0
0 0
0.000203455 0
0 0
0 0
0 0
0 0
-5.65155e-05 0
0 0
0 0
0 0
0 0
0 0
0 0
0 0
0 0
0 0
0 0
0 0
0 0
0 0
0 0
0 0
0 0
0 0
0 0
0 0
0 0
0 0
0 0
0 -0.00213023
0 -0.00426046
0 -0.00639069
0 0
0 0
0 0
0 0
0 0
0 0
0 0
0 0
0 0
0 0
0 0
0 0
0 0
0 0
0 -0.00052815
0 0
0 0
0.00101159 0
0 0
0 0
0 0
0 0
0 0
0 0
0 0
0 0
0 -0.00137321
0 0
0 0
0 0
0 0
0 -0.000353305
0 0
0 0
0 0
0 0
0 0
0 0
0 0
0 0
0 0
0 0
0 -0.00117702
0 -0.00235403
0 -0.000392338
0 0
0 0
0 0
0 0
0 0
0 0
0 0
0 0
0 0
0 0
0 0
0 0
0 0
0 0
0 0
4.47396e-05 0
0.000145404 0
0.000145404 0
0.000111849 4.47396e-05
0.000156588 1.11849e-05
0.000156588 4.47396e-05
0.000134219 0
0.000167773 0
0.000156588 0
0.000134219 1.11849e-05
0.000156588 0
0.000290807 0
0.000234883 1.11849e-05
0.000134219 0
4.47396e-05 0
0.000123034 0
8.94791e-05 0
4.47396e-05 0
0.000190143 0
0.000223698 0
0.000134219 0
7.82942e-05 0
7.82942e-05 0
4.47396e-05 0
0.000111849 1.11849e-05
0.000156588 1.11849e-05
8.94791e-05 0
8.94791e-05 7.47179e-05
1.11849e-05 0
5.59245e-05 0
0.000134219 0
6.71094e-05 0
5.59245e-05 0
4.47396e-05 0
6.71094e-05 0
5.59245e-05 0
8.94791e-05 0
5.59245e-05 0
0 0
0 0
0 0
0 0
0 0
0 0
0 0
0 0
0 0
0 0
-0.00119379 0
0 0
0 0
0 0
0 0
0 0
0 0
0 0
0 0
0 0
0 0
0 0
0 0
0 0
0 0
0 0
0 0
0 0
0 0
0 0
0 0.00120799
0 0
0 0
0 0
0 0
0 0
0 0
0 0
0 0
0 0
0 0
0 0
0 0
0 0
0 0
0 0
0 0
0 0
0 0
0 0
0 0
0 0
0 0
0 0
0 0
0 0
0 0
0 0
0 0
0 0
0 0
0 0
0 0
0 0
0 0
0 0
0 0
0 0
0 0
0 0
0 0
0 0
0 0
0 0
0 0
0 0
0 0
0 0
0 0
0 0
0 0
0 0
0 0
0 0
0 0
0 0
0 0
0 0
0 0
0 0
0 0
0 0.00169481
0 0.00423703
0 0.00593185
0 0.00423703
0 0.0110163
0 0.0110163
0 0.0186429
0 0.00762666
0 0.00932147
0 0.00762666
0 0.00338963
0 0.00254222
0 0.00169481
0 0
0 0
0 -0.00384366
0.000317806 0
0 0
0 0
0 0
0 0
-0.000153435 0
0 0
0 0
0 0
0 -1.38059e-05
0 0
0 0
0 0
0 0
0 0
0 0
0 0
0 0
0 0
0 0
0 0
0 0
0 0
0 0
0 0
0 0
0 0
0 0
0 0
0 0
0 0
0 0
0 0
0 0
0 0
0 0
0 -0.00128806
0 0
0 0
0 0
0 0
0 0
0 0
0 0
0 0
0 0
0 0
0 0
0 0
0 0.00040398
0 0.00040398
0 0.00080796
0 0
0 0
0 0
0 0
0 0
0 -0.000198904
0 0
0 0
0 0
0 0
-0.000125904 0
-0.000251809 -0.0064716
-0.000503618 -0.00664922
0 -0.00132984
0 0
0 0
0 0
0 0
0 0
0 0
0 0
0 0
0 0
0 0
0 0
0 0
0 0
0 0
0 0
0 0
0 0
0 0
0 0
0 0
0 0
0 0
0 0
0 0
0 0
0 0
0 0
0 0
0 0
0 0
0 0
0 0
0 0
0 0
0 0
0 0
0 0
0 0
0 0
0 0
0 0
0 0
0 0
0 0
0 0
0 0
0 0
0 0
0 0.000802818
0 0
0 0
0 0
0 0
0 0
0 0
0 0
0 0
0 0
0 0
0 0
0 0
0 0
0 0
0 0
0 0
0 0
0 0
0 0
0 0
0 0
0 0
0 0
0 0
0 0
0 0
0 0
0 0
0 0
0 0
-0.00024565 0
0 0
0 0
0 0
0 0
0 0
0 0
0 0
0 0
0 0
0 0
0 0
0 0
0 -0.000984704
0 0
0 0
0 0
0 0
0 0
0 0
0 0
0 0
0 0
0 0
0 0
0 0
0 0
0 0
0 0
0 0
0 0
0 0
0.00120844 0
0 0
0 0
0 0
0 0
0 0
0 0
0 0
0 0
0 0
0 0.00241157
0 0.00482314
0 0.00241157
0 0
0 0
0 0
0 0
0 0
0 0
0 0
0 0
-0.000939283 0
0 0
0 0
0 0
0 0
0 0
0 0
0 0
0 0.00462796
0 0
0 0
0 0
0 0
0 0
0 0
0 0
0 0
0 0
0 0
0 0
0 0
0 0
0 0
0 0
0 0
0 0
0.000404984 0
0 0
0 0
0 0
0 0
0 0
0 0
0 0
0 0
0 -0.00361707
0 0
0 0
0 0
0 0
0 0
0 -3.57305e-05
0 0
0 0
0 0
0 0
0 0
0 0
0 0
0 0
0 0
0 0
0 0
0 0.000589904
0 0.000294952
0 0
-0.000986918 0
0 0
0 0
0 0
0 0
0 0
0 0
0 0
0 0
0 0
0 0
0 0
0 0
0 0
0 0
0.00039161 0
0 0
0 0
0 0
0 0
-2.84276e-07 0
-5.68551e-07 0
-8.52827e-07 0
-8.52827e-07 0
-2.84276e-07 -2.84276e-07
-1.1371e-06 -2.84276e-07
-1.1371e-06 0
0 -0.000603283
0 -0.00241313
0 0
0 0
0 0
0 0
0 0
0 0
0 0
0 0
0 0
0 0
0 0
0 -0.0017298
0 -0.000864899
0 -0.0017298
0 -0.0034596
0 -0.000864899
0 0
0 0
0 0
0 0
0 0
0 0
0 0
0 0
0 0
0 0
0 0
0 0
0 0
0 0
0.000562375 0
0 0
0 0
0.00057923 0
0 0
0 0
0 0
0 0
0 0
0 0
0 0
0 0
0 0
0 0
0 0
0 0
0 0
0 -0.00179971
0 -0.00179971
0 0
0 0
0 0
0 0
0 0
0 0
0 0
0 0
0 0
0 0
0 0
0 0
0 0
0 0
0 0
0 0
0 0
0 0
0 0
0 0
0 0
0 0
0 0
0 0
0 0
0 0
0 0
0 0
-0.00279493 0
-0.0020962 0
-0.00139746 0
-0.010481 0
-0.00558986 0
-0.00139746 0
0 0
0 0
0 0
0 0
0 0
0 0
0 0
0 0
0 0
0 0
0 0
0 0
0 0
0 0
0 0
0 0
0 0
0 0
0 0
0 0
0 0
0 0
0 0
0 0
0 0
0 0
0 0
0 0
0 0
0 0
0 0
0 0
0 0
0 0
0 0
0 0
0 0
0 0
0 0
0 0
0 0
0 0
0 0
0 0
0 0
0 0
0 0
0 0
0 0
0 0
0 0
0 0
0 0
0 0
0 0
0 0
0.000573247 0
0 0
0 0
0 0
0 0
0 0
0 0
0 0
0 0
0 0
0 0
0 0
0 0
0 0
0 0
0 0
0 0
0 0
0 0
0 0
0 0
0 0
0 0
0 0
0 0
0 0
0 0
0 0
0 0
0 0
0 0
0 0
0 0
0 0
0 0
0 0
0 0
0 0
0 0
0 0
0 0
0 0
0 0
0 0
0 0
0 0
0 0
0 0
0 0
0 0
0 0
0 0
0 0
0 0
0 0
0 0
0 0
0 0
0 0
0 0
0 0
0 0
0 0
0 0
0 0
0 0
0 0
0 0
0 0
0 0
0 0
0 0
0 0
0 0
0 0
0 0
0 0
0 0
0 0
0 0
0 0
0 0
0 0
0 0
0 0
0 0
0 0
0 0
0 0
0 0
0 0
0 0
0 0
0 0
0 0
0 0
0 0
0 0
0 0
0 0
0 0
0 0
0 0
0 0
0 0
0 0
0 0
0 0
0 0
0 0
0 0.000813648
0.000135608 0
0 0
0 0
0 0
0 0
0 0
0 0
0 0
0 0
0 0
0 0
0 0
0 0
0 0
0 0
0 0
0 0
-0.00114778 0
0 0
0 0
0 0
0 0
0 0
0 0
0 0
0 0
0 -6.16821e-05
0 0
0 0.00203788
0 0
0 0
0 0
0 0
0 0
0 0
0 0
0 0.0022378
0 0
0 0
0 0
0 0
0 0
0 0
0 0
0 0
0 0
0 0
0 0
0 0
0 0
0 0
0 0
0 0
0 0
0 0
0 0
0 0
0 0
0 0
0 0
0 0
0 0
0 0
0 0
0 0
0 0
0.00204638 0
0 0
0 0
0 0
0 0
0 0
0 0
0 0
0 0
0 0
6.80158e-05 0
6.80158e-05 0
0 0
0 0
0 0
0 0
0 0
0 0
0 0
0 0
0 0
0 0
0 0
0 0
0 0
0 0
0 0
0 0
0 0
0 0
0 0
0 0
0 0
0 0
0 0
0 0
0 0
0 0
0 0
0 0
0 0
0 0
0 0
0 0
0 0
0 0
0 0
0 0
0 0
0 0
0 0
0 0
0 0
-0.00174374 0
-0.00174374 0
-0.00959056 0
-0.000871869 0
0 0
0 0
0 0
0 0
0 0
0 0
0 0
0 0
0 0
0 0
0 0
0 0
0 0
0 0
0 0.000289668
0 0.000869005
0 0.000579337
0 0.000289668
0 0.000144834
0 0
0 0
0 0
0 0
0 0
0 0
0 0
0 0
0 0
0 0
0 -0.000183134
0 0
0 -0.000690379
0 0
0 0
0 0
0 0
0 0
0 0
0 0.00108846
0 0
0 0
0 0
0 0
0 0
0 0
0.0232259 0
0.0812905 0
0.165484 0
0.214839 0
0.310646 0.0116129
0.528388 0.00580646
0.624195 0.00580646
1.03355 0.0232259
1.44871 0.0522582
1.76516 0.0812905
1.99742 0.101613
2.09323 0.087097
2.12807 0.0667743
2.32259 0.0958067
2.4213 0.0929034
2.45613 0.127742
2.49968 0.156775
2.54613 0.174194
2.6071 0.145162
2.58388 0.119033
2.56065 0.136452
2.63904 0.142258
2.67388 0.119033
2.63323 0.116129
2.63904 0.121936
2.66517 0.209033
2.68839 0.110323
2.68259 0.165484
2.6942 0.145162
2.7813 0.116129
2.74646 0.174194
2.76968 0.200323
2.75807 0.191613
2.72613 0.153871
2.81613 0.162581
2.80452 0.087097
2.7871 0.121936
2.79291 0.162581
2.83936 0.150968
2.85097 0.142258
2.84226 0.139355
2.83646 0.116129
2.81904 0.203226
2.80162 0.223549
2.83065 0.206129
2.80162 0.174194
2.77839 0.194517
2.82484 0.18871
2.79872 0.301936
2.80452 0.145162
2.80743 0.130645
2.76678 0.148065
2.76678 0.10742
2.77549 0.113226
2.77549 0.101613
2.70001 0.104516
2.74646 0.0987099
2.74936 0.121936
2.76388 0.150968
2.72613 0.177097
2.75807 0.18871
2.73194 0.162581
2.76968 0.18
2.80452 0.252581
2.77259 0.209033
2.80743 0.240968
2.7871 0.171291
2.81613 0.130645
2.79291 0.153871
2.75517 0.0929034
2.77259 0.10742
2.75517 0.113226
2.74936 0.0987099
2.80743 0.136452
2.79581 0.171291
2.76678 0.171291
2.81323 0.209033
2.77839 0.177097
2.76388 0.156775
2.7871 0.231246
2.7871 0.153871
2.76388 0.127742
2.74355 0.104516
2.74646 0.171291
2.74646 0.159678
2.73775 0.145177
2.79001 0.124889
2.82484 0.136512
2.7784 0.136546
2.76678 0.145226
2.81033 0.13072
2.80743 0.139415
2.76969 0.0842634
2.76678 0.127767
2.70872 0.174224
2.72619 0.168387
2.68868 0.145162
2.75819 0.075484
2.71162 0.0667743
2.66226 0.121936
2.71743 0.136452
2.76678 0.139355
2.76097 0.174194
2.75226 0.150968
2.75807 0.159678
2.6913 0.182904
2.67678 0.127742
2.70001 0.116129
2.72033 0.104516
2.72904 0.185807
2.75226 0.200323
2.74355 0.168387
2.80452 0.182904
2.80743 0.211936
2.82484 0.127742
2.81904 0.162581
2.77905 0.119033
2.78836 0.075484
2.80743 0.101613
2.7842 0.136452
2.77839 0.130645
2.80743 0.0783873
2.77259 0.116129
2.7842 0.104516
2.79291 0.200323
2.76388 0.171291
2.77549 0.214839
2.76968 0.191608
2.74355 0.113226
2.77259 0.217742
2.77259 0.174194
2.77259 0.177097
2.75517 0.174194
2.70581 0.171291
2.61581 0.185807
2.63613 0.0958067
2.68259 0.127742
2.71162 0.119033
2.76097 0.121936
2.64484 0.133549
2.64194 0.116129
2.70291 0.174194
2.75807 0.18
2.70291 0.182904
2.73194 0.148065
2.71743 0.168387
2.79001 0.156775
2.73194 0.162581
2.79001 0.145162
2.79291 0.194517
2.75517 0.238065
2.76097 0.153871
2.80162 0.0841937
2.81904 0.226452
2.78015 0.18871
2.80513 0.177097
2.79583 0.168387
2.81382 0.133549
2.79412 0.168972
2.79587 0.167238
2.81559 0.232259
2.7221 0.267097
2.72849 0.235162
2.71746 0.150968
2.73726 0.209033
2.7349 0.174194
2.74299 0.142258
2.73196 0.206129
2.75053 0.121936
2.71511 0.124839
2.67563 0.156775
2.70934 0.139355
2.74716 0.203226
2.71058 0.194517
2.70883 0.168972
2.71695 0.163165
2.67337 0.133549
2.70236 0.108522
2.7273 0.18
2.74355 0.171291
2.73775 0.171291
2.70872 0.136452
2.71162 0.133549
2.67388 0.209033
2.68259 0.18
2.75517 0.151702
2.72613 0.16405
2.75226 0.133549
2.76097 0.165484
2.76388 0.145162
2.80162 0.133549
2.77549 0.0929034
2.71452 0.133549
2.73194 0.156775
2.71162 0.148065
2.6942 0.0987099
2.73194 0.0783873
2.76388 0.0929034
2.7813 0.162581
2.77259 0.246775
2.74355 0.217742
2.75807 0.136452
2.76678 0.133549
2.71743 0.171291
2.77549 0.177097
2.79291 0.252769
2.79001 0.18871
2.72904 0.229355
2.6913 0.191613
2.6942 0.203226
2.72033 0.203226
2.70001 0.116129
2.73194 0.0958067
2.70872 0.116129
2.74065 0.0958067
2.74646 0.148065
2.73194 0.124839
2.71162 0.174194
2.76968 0.145162
2.72323 0.182904
2.74646 0.165484
2.72323 0.182904
2.74646 0.162581
2.72033 0.200323
2.66226 0.165484
2.75226 0.211936
2.75807 0.177097
2.70291 0.203226
2.72613 0.165484
2.66807 0.162581
2.68839 0.206129
2.71452 0.148065
2.67968 0.150968
2.73484 0.156775
2.81613 0.232259
2.77549 0.249678
2.73194 0.304839
2.73775 0.174194
2.70001 0.174194
2.65065 0.168387
2.6042 0.232259
2.63613 0.220646
2.71162 0.217742
2.73775 0.245377
2.72033 0.200323
2.76678 0.159678
2.79291 0.142258
2.75807 0.138993
2.73775 0.13609
2.73775 0.101613
2.76678 0.211936
2.76388 0.240968
2.79001 0.209033
2.79872 0.145162
2.81904 0.142258
2.79001 0.104516
2.7842 0.133549
2.80743 0.145162
2.79872 0.162581
2.80162 0.153871
2.75226 0.133549
2.76678 0.168387
2.79581 0.203226
2.73775 0.209033
2.71452 0.165484
2.7759 0.220646
2.72033 0.217742
2.72904 0.272904
2.75517 0.255484
2.81033 0.281613
2.81613 0.342581
2.82484 0.165484
2.79291 0.139355
2.7871 0.223549
2.77259 0.124839
2.79872 0.185807
2.81323 0.194517
2.7871 0.156775
2.79291 0.238065
2.82194 0.19742
2.80743 0.214839
2.75807 0.211936
2.74355 0.110323
2.76678 0.0929034
2.75226 0.087097
2.73194 0.124839
2.74936 0.139355
2.77839 0.148065
2.83646 0.104516
2.79872 0.110323
2.76097 0.130645
2.75807 0.169809
2.75807 0.107358
2.77549 0.147882
2.74349 0.159311
2.77395 0.128369
2.75647 0.0729635
2.80014 0.0502425
2.81163 0.0269555
2.76771 -0.00757784
2.76221 0.0455517
2.72244 -0.0348675
2.7094 -0.0771781
2.70354 0.0364755
2.74035 0.0186285
2.70409 -0.0323918
2.6824 9.34651e-05
2.69414 -0.00157194
2.70575 0.093058
2.65343 -0.00366491
2.67227 0.10325
2.65627 0.00120913
2.72719 -0.0610576
2.73892 0.0870072
2.74201 -0.014667
2.72595 0.0276436
2.81027 0.0477219
2.79989 0.0372247
2.77945 0.0648359
2.80255 0.0720024
2.79266 0.0681056
2.79279 0.0685332
2.82324 0.0263447
2.83788 0.0781753
2.79254 0.0448798
2.76611 0.0941126
2.72658 0.0391344
2.68037 0.0597013
2.74727 0.0625435
2.72571 -0.0552512
2.72138 -0.0790879
2.717 -0.00199951
2.75628 -0.146151
2.75474 -0.0613469
2.79279 -0.00464222
2.80564 -0.135776
2.8028 -0.147023
2.79674 -0.0921668
2.79248 -0.0777117
2.81293 -0.0528204
2.84332 -0.0819749
2.82998 -0.03262
2.81274 -0.0465091
2.79224 0.00481665
2.73405 -0.0639285
2.78525 -0.0740593
2.81002 -0.0264919
2.80706 -0.0359508
2.81429 -0.122299
2.78804 -0.0701625
2.7792 -0.126684
2.74838 -0.143981
2.71249 -0.167635
2.76006 -0.151087
2.74666 -0.175489
2.74499 -0.158131
2.7681 -0.146029
2.78292 -0.230085
2.75833 -0.194818
2.78637 -0.114521
2.8112 -0.148916
2.78513 -0.067642
2.74844 -0.107599
2.69594 -0.0859165
2.72047 -0.186658
2.70595 -0.129709
2.65339 -0.125385
2.71497 -0.116981
2.66437 -0.0469978
2.76061 -0.101532
2.74467 -0.104496
2.79983 -0.141367
2.79613 -0.16305
2.74838 -0.153851
2.7779 -0.225056
2.79662 -0.154645
2.76629 -0.264708
2.77963 -0.222336
2.8028 -0.234315
2.75048 -0.29238
2.78939 -0.345616
2.75116 -0.33906
2.74203 -0.312931
2.7642 -0.298415
2.75216 -0.401127
2.73912 -0.441223
2.72566 -0.471676
2.74365 -0.480997
2.74647 -0.36547
2.76858 -0.415204
2.78032 -0.436412
2.71762 -0.260944
2.7805 -0.270329
2.74715 -0.303722
2.77884 -0.29927
2.7831 -0.36036
2.78903 -0.341642
2.83319 -0.373638
2.8083 -0.377474
2.79922 -0.450055
2.75395 -0.436776
2.73943 -0.388659
2.82559 -0.408721
2.83152 -0.431468
2.72504 -0.382731
2.72401 -0.455051
2.72876 -0.317377
2.67728 -0.376664
2.7058 -0.345355
2.68054 -0.345905
2.67737 -0.377815
2.70005 -0.352139
2.72572 -0.338536
2.67452 -0.362922
2.67525 -0.464235
2.71102 -0.585659
2.64161 -0.73591
2.63871 -0.780762
2.64756 -0.844804
2.60805 -0.7218
2.63735 -0.80306
2.63603 -0.864301
2.68171 -0.724889
2.71161 -0.922328
2.64849 -0.916642
2.70317 -0.873836
2.66433 -0.865287
2.59938 -0.917468
2.67562 -0.874625
2.59077 -0.950989
2.64107 -0.978473
2.62716 -0.906358
2.66204 -0.933739
2.62275 -0.94763
2.62841 -0.927743
2.61777 -0.926514
2.61309 -0.94583
2.69909 -0.958877
2.66231 -0.869548
2.74552 -0.860523
2.71517 -0.864747
2.72923 -0.86094
2.7833 -0.97051
2.76231 -0.979491
2.72939 -0.902413
2.74877 -0.952502
2.74518 -0.915339
2.78497 -0.950975
2.75739 -1.01773
2.6763 -0.9241
2.65224 -1.05501
2.68379 -0.884997
2.74189 -0.950367
2.79027 -1.02403
2.70414 -0.899934
2.69149 -1.05607
2.63719 -0.946711
2.69852 -0.935221
2.66434 -0.940116
2.72738 -0.921099
2.70912 -0.950688
2.71178 -0.953597
2.74466 -0.945251
2.73906 -0.926825
2.75827 -0.903003
2.64447 -0.894376
2.59387 -0.945513
2.63782 -1.0074
2.75331 -0.930355
2.65999 -0.877975
2.69617 -0.741954
2.71995 -0.87778
2.66765 -0.937277
2.71521 -1.03184
2.68797 -0.992606
2.71895 -1.06321
2.74339 -1.03173
2.78807 -1.02853
2.73512 -0.992285
2.71161 -0.971542
2.73602 -1.0663
2.66748 -1.00046
2.6554 -1.00744
2.64981 -0.997923
2.64652 -1.03353
2.71248 -1.03686
2.7224 -1.061
2.7 -0.98968
2.69212 -1.00695
2.63734 -0.973406
2.71699 -0.980782
2.72015 -1.13276
2.72284 -1.01327
2.5963 -1.16952
2.63312 -1.03649
2.63845 -1.04295
2.66051 -1.08181
2.66556 -1.02695
2.71953 -1.05966
2.68742 -0.989718
2.69656 -0.980062
2.65664 -1.01284
2.64167 -1.05582
2.59953 -1.08476
2.64115 -1.08029
2.63806 -1.0051
2.7066 -0.90923
2.70332 -1.02024
2.616 -1.02442
2.60431 -1.03026
2.62296 -1.02225
2.73417 -0.971181
2.73452 -0.938783
2.58722 -1.02866
2.61186 -1.08773
2.61255 -1.07418
2.59031 -1.17151
2.63817 -1.0568
2.67929 -1.08321
2.63225 -1.17858
2.71079 -1.15884
2.66334 -1.21371
2.55372 -1.27334
2.67046 -1.37291
2.68899 -1.32738
2.62173 -1.39008
2.65446 -1.36483
2.70111 -1.34335
2.7638 -1.44323
2.70622 -1.50783
2.67274 -1.40385
2.70102 -1.41651
2.65303 -1.43245
2.70209 -1.43114
2.6424 -1.44249
2.61685 -1.50279
2.62644 -1.36596
2.65408 -1.38864
2.58349 -1.38609
2.52716 -1.37309
2.66989 -1.47332
2.62642 -1.39282
2.6885 -1.44016
2.67998 -1.42964
2.72351 -1.36098
2.74247 -1.45221
2.7081 -1.44365
2.73032 -1.42651
2.67015 -1.38362
2.74125 -1.47521
2.65049 -1.39085
2.63511 -1.57161
2.68235 -1.42035
2.68543 -1.51061
2.71958 -1.53285
2.68109 -1.47925
2.67376 -1.54271
2.69136 -1.45419
2.68687 -1.54103
2.74165 -1.59722
2.72915 -1.52287
2.67607 -1.529
2.65143 -1.45433
2.58744 -1.58114
2.65658 -1.62353
2.62022 -1.50504
2.64439 -1.58313
2.60417 -1.69643
2.6755 -1.50684
2.65695 -1.64874
2.70442 -1.60917
2.59078 -1.69119
2.60099 -1.74684
2.61541 -1.73032
2.63438 -1.72099
2.59242 -1.74733
2.65314 -1.6473
2.59524 -1.72119
2.65099 -1.83749
2.63611 -1.70078
2.65951 -1.76238
2.63366 -1.77462
2.61005 -1.96122
2.63914 -2.10189
2.609 -1.79508
2.69775 -1.93079
2.71238 -1.97231
2.66726 -2.04367
2.62966 -2.07937
2.62242 -1.91711
2.68069 -2.07202
2.71554 -1.98889
2.6887 -1.98325
2.7372 -2.0632
2.61848 -2.07531
2.64246 -2.14859
2.5999 -2.1123
2.69325 -2.1458
2.72821 -2.11358
2.69644 -2.18407
2.63797 -2.20284
2.70115 -2.01233
2.70267 -2.17307
2.68531 -2.1865
2.68381 -2.23884
2.54905 -2.24746
2.56794 -2.25799
2.57542 -2.2037
2.61018 -2.13422
2.55651 -2.16676
2.54716 -2.11723
2.57133 -2.24276
2.66168 -2.17134
2.6695 -2.12108
2.63283 -2.09062
2.6931 -2.09959
2.72249 -2.1251
2.76487 -2.0501
2.74882 -2.16625
2.70241 -2.1376
2.61975 -2.09995
2.70513 -2.16658
2.65658 -2.20531
2.62849 -2.24442
2.69612 -2.2139
2.6914 -2.10031
2.624 -2.03421
2.70285 -2.01745
2.67454 -2.1384
2.65318 -2.24274
2.60576 -2.15921
2.65319 -2.21406
2.62195 -2.1631
2.68622 -2.14539
2.71123 -2.09175
2.66055 -2.1927
2.52747 -2.23373
2.67111 -2.15866
2.67044 -2.11784
2.63825 -2.23135
2.60835 -2.30729
2.66115 -2.20998
2.59693 -2.14192
2.65131 -2.2193
2.63344 -2.29897
2.67342 -2.30102
2.73169 -2.23487
2.57702 -2.18207
2.58194 -2.22095
2.69113 -2.25757
2.70645 -2.29547
2.65449 -2.20729
2.70956 -2.20325
2.77949 -2.13338
2.72379 -2.15486
2.75904 -2.26978
2.79478 -2.26976
2.79872 -2.2467
2.69883 -2.06223
2.70027 -2.19827
2.65866 -2.20305
2.61678 -2.27222
2.63756 -2.1888
2.61864 -2.20924
2.5385 -2.26624
2.57664 -2.27642
2.55407 -2.1901
2.46471 -2.30578
2.39087 -2.32998
2.52292 -2.16108
2.62036 -2.19552
2.70424 -2.22406
2.71448 -2.2307
2.73262 -2.19288
2.63487 -2.12345
2.65035 -2.28525
2.66739 -2.3431
2.67998 -2.23641
2.63387 -2.22673
2.71845 -2.24768
2.66212 -2.24869
2.64664 -2.28546
2.66949 -2.2339
2.69792 -2.32577
2.77038 -2.305
2.76579 -2.25015
2.69238 -2.22641
2.59345 -2.30877
2.69372 -2.31396
2.79494 -2.29962
2.74084 -2.2315
2.69587 -2.25637
2.7341 -2.24225
2.71558 -2.29281
2.6856 -2.35541
2.65411 -2.23981
2.66533 -2.16916
2.68126 -2.17167
2.70488 -2.24598
2.68112 -2.37569
2.62304 -2.28122
2.59737 -2.29522
2.66066 -2.24876
2.71311 -2.30749
2.71984 -2.3062
2.71788 -2.3756
2.65155 -2.29666
2.72159 -2.30933
2.70031 -2.3575
2.58692 -2.44222
2.60213 -2.3256
2.56975 -2.36873
2.67462 -2.28667
2.68295 -2.44923
2.66942 -2.52618
2.57685 -2.39579
2.59031 -2.37929
2.61147 -2.389
2.66027 -2.39485
2.63746 -2.31214
2.63688 -2.36787
2.66345 -2.451
2.6798 -2.45861
2.64676 -2.50765
2.63598 -2.4006
2.62779 -2.3872
2.68602 -2.37466
2.61685 -2.2901
2.73771 -2.37243
2.69059 -2.38996
2.71675 -2.44869
2.68879 -2.50658
2.52606 -2.4721
2.60178 -2.54973
2.64858 -2.51696
2.71609 -2.52377
2.72029 -2.51569
2.635 -2.53332
2.53899 -2.41629
2.56662 -2.47522
2.60803 -2.39408
2.60784 -2.38056
2.66668 -2.37143
2.64171 -2.44855
2.6735 -2.37854
2.72791 -2.40668
2.73037 -2.34536
2.64169 -2.3911
2.66313 -2.52576
2.6154 -2.51782
2.62843 -2.56294
2.63868 -2.63466
2.58778 -2.54065
2.64179 -2.49499
2.71228 -2.51659
2.64422 -2.46234
2.6933 -2.54143
2.62783 -2.53675
2.62878 -2.60074
2.66232 -2.45391
2.67322 -2.58574
2.6891 -2.64414
2.657 -2.65473
2.74468 -2.53312
2.72704 -2.732
2.66519 -2.71261
2.63773 -2.56366
2.66854 -2.55111
2.61174 -2.62763
2.59854 -2.6301
2.64075 -2.59613
2.6786 -2.63255
2.69601 -2.53653
2.69039 -2.60539
2.68116 -2.54336
2.64327 -2.56993
2.721 -2.59061
2.70138 -2.53803
2.59304 -2.60329
2.6161 -2.5424
2.60887 -2.4614
2.68363 -2.52319
2.62203 -2.55296
2.5984 -2.55787
2.54354 -2.7238
2.55549 -2.75669
2.66922 -2.74924
2.69064 -2.62479
2.61168 -2.70314
2.64546 -2.60816
2.54206 -2.602
2.56565 -2.69989
2.67302 -2.50514
2.72947 -2.35076
2.7358 -2.50067
2.66235 -2.42212
2.69552 -2.46444
2.71266 -2.62592
2.74634 -2.71539
2.72846 -2.70775
2.70753 -2.71461
2.63452 -2.70253
2.64172 -2.74209
2.56419 -2.76632
2.61133 -2.7218
2.6276 -2.75861
2.55907 -2.68503
2.60815 -2.70088
2.60101 -2.71937
2.74967 -2.79939
2.62883 -2.8388
2.65725 -2.78416
2.73646 -2.72566
2.76521 -2.56919
2.71707 -2.69586
2.63794 -2.63633
2.63039 -2.68504
2.60722 -2.74279
2.62973 -2.759
2.5965 -2.73365
2.62077 -2.78885
2.72568 -2.7842
2.69207 -2.77368
2.78551 -2.80141
2.7512 -2.89474
2.72946 -2.80152
2.6799 -2.79698
2.55852 -2.8698
2.69507 -3.00486
2.68916 -2.90315
2.75079 -2.84059
2.67319 -2.89587
2.67268 -3.05598
2.58369 -3.03008
2.5976 -2.88283
2.61392 -3.00301
2.69083 -3.04664
2.69301 -2.94216
2.67681 -2.94495
2.63132 -2.76289
2.59024 -2.78629
2.71542 -2.8165
2.67207 -2.78101
2.696 -2.73966
2.72202 -2.8812
2.67093 -2.8278
2.5972 -2.95495
2.63074 -3.09445
2.65724 -3.02545
2.60195 -2.97372
2.65381 -3.02167
2.65311 -3.08399
2.62939 -2.95122
2.67976 -2.90549
2.66796 -2.91921
2.60898 -2.95397
2.60848 -2.95316
2.66499 -2.86189
2.65314 -2.95638
2.51962 -2.79017
2.61379 -2.93595
2.59992 -2.98919
2.5037 -2.92191
2.58019 -2.95187
2.59436 -2.94297
2.56785 -3.12076
2.56743 -2.95408
2.51381 -3.02331
2.60098 -2.93643
2.58135 -2.8336
2.63598 -3.00257
2.60418 -2.91993
2.65951 -2.99117
2.70976 -3.05861
2.6544 -3.13337
2.69754 -2.94862
2.59466 -2.92392
2.72796 -2.9768
2.65885 -3.04632
2.69997 -3.13218
2.68175 -3.13825
