401 50
0.017 -0.049 0 -0.07 -0.3 0.14 -0.62 0.32 0.17 -0.09 0.13 -0.17 
2.63908 -9.56945 -9.03264 -7.51071 -9.84394 -9.40426 -9.81208 -10.3047 -9.82775 -9.50549 -11.1304 -9.35866 
4.01117 -9.93436 -9.20812 -9.32269 -8.05236 -9.53211 -10.6667 -12.0928 -10.3868 -10.5326 -9.45894 -10.2545 
5.09886 -10.2004 -10.82 -10.1972 -9.23372 -10.0107 -10.2026 -10.9407 -9.23656 -9.41631 -11.0214 -10.9952 
6.31703 -10.4737 -11.6557 -10.5916 -9.93665 -11.1282 -9.85588 -8.65258 -10.2929 -11.2334 -10.6472 -10.7282 
6.7646 -10.1955 -11.1485 -10.4722 -9.94072 -9.38071 -9.00488 -10.2057 -10.6016 -10.2521 -10.895 -10.0291 
7.84958 -10.1453 -10.93 -10.4171 -9.15349 -9.36634 -9.07806 -9.99194 -10.8269 -10.3215 -11.2062 -10.3284 
8.41664 -10.1113 -10.9424 -10.6411 -9.54974 -10.3289 -8.63187 -10.7464 -10.0202 -10.6807 -9.19792 -10.0306 
7.93335 -10.2268 -10.7299 -9.90874 -10.0108 -10.2555 -9.67715 -12.0813 -9.9011 -9.81449 -10.1307 -9.74107 
8.32533 -9.95618 -10.9588 -10.7 -9.48515 -10.4393 -9.11138 -8.90233 -10.1532 -10.0095 -9.78431 -10.0495 
7.86664 -10.3038 -10.3741 -10.9704 -9.31707 -9.41125 -10.2281 -11.2911 -9.85258 -10.4338 -9.78475 -11.336 
7.06357 -9.83874 -10.4153 -11.0409 -9.33 -8.82743 -9.76475 -10.2756 -8.54206 -10.6331 -9.45555 -10.5842 
7.41547 -10.0024 -10.0636 -10.6616 -8.16425 -9.36041 -9.43798 -10.5441 -10.6526 -11.318 -10.5802 -9.59254 
7.27597 -10.0806 -10.1849 -10.7192 -8.59389 -9.29858 -8.72865 -10.5729 -11.3937 -8.95225 -11.2387 -10.6623 
7.80515 -10.0664 -9.84965 -11.362 -9.41596 -9.85012 -8.85686 -9.98878 -10.7016 -8.60507 -11.2039 -10.8684 
7.50044 -9.84727 -9.18592 -10.8281 -9.8894 -9.45429 -8.19496 -9.58817 -11.0957 -8.63317 -10.8765 -11.0493 
7.31668 -10.0787 -9.14338 -10.1892 -10.2532 -9.25229 -8.94773 -10.4932 -11.4057 -9.09538 -10.5118 -11.0638 
8.37905 -9.85904 -10.2685 -9.77756 -9.05274 -9.59538 -9.70499 -10.1605 -11.6303 -8.70796 -10.379 -9.39951 
7.25141 -9.77828 -9.47681 -10.5205 -8.09137 -10.0295 -10.0284 -10.1692 -11.2323 -8.74552 -10.7637 -8.70315 
7.62912 -9.76359 -10.6876 -9.63907 -9.675 -10.1816 -9.84269 -10.6559 -9.54118 -7.96093 -9.38291 -10.1597 
7.72045 -9.39781 -10.7144 -9.77847 -9.59048 -9.8969 -8.88952 -9.29577 -9.66405 -7.92772 -9.18181 -9.31176 
7.90017 -9.60244 -11.5816 -10.0521 -10.3121 -9.62 -8.93592 -9.38 -9.65854 -7.75631 -9.49028 -9.35053 
7.82181 -9.87704 -11.3254 -10.6481 -10.4774 -9.89071 -9.04207 -10.3645 -9.66 -7.92157 -10.0828 -9.11312 
7.78503 -9.60004 -10.2654 -10.8011 -9.88531 -8.71822 -8.87387 -10.3926 -9.69231 -8.00697 -10.2765 -8.99492 
7.72541 -9.46736 -11.4807 -9.95016 -10.0778 -8.42271 -9.58799 -9.20621 -9.47634 -8 -10.182 -8.45685 
8.40779 -9.74473 -11.4348 -9.89405 -10 -8.48881 -8.9691 -11.1841 -9.62957 -8 -10.2383 -9.49783 
8.1879 -9.47449 -11.5238 -9.98233 -9.50321 -8.24125 -9.2219 -10.0887 -9.57143 -8 -9.05634 -9.60267 
7.96444 -9.21577 -11.5097 -9.66524 -8.55121 -7.96197 -9.03226 -10.2999 -9.84438 -8.0202 -8.32653 -9.28366 
8.53708 -9.28662 -10.2759 -10.0939 -9.62429 -7.8 -9.45144 -10.6617 -10.4168 -8 -8.04 -8.62069 
8.5636 -9.30425 -10.4762 -9.86741 -10.137 -7.5023 -9.00687 -9.74828 -10.1556 -8.05714 -8.80193 -10.001 
8.61811 -9.0981 -9.21404 -9.36816 -9.82863 -7.83119 -8.35361 -10.0989 -9.76471 -7.90886 -9.47752 -8.92262 
8.58552 -9.00594 -9.46154 -9.77951 -8.92548 -7.82445 -8.42309 -9.64006 -9.46533 -8 -8.83412 -9.71091 
8.64809 -9.04003 -8.54725 -9.52998 -8.49565 -7.79738 -9.56536 -10.3529 -9.6 -7.958 -9.46853 -9.12 
8.34247 -9.22586 -8.54922 -10.4462 -8.54921 -8.01558 -10.0305 -10.2832 -9.52921 -8.00072 -9.75383 -9.21537 
8.95175 -9.19927 -9.51688 -11.0187 -8.35028 -7.83384 -8.46038 -10.3569 -9.3674 -7.73621 -10.3333 -8.88803 
8.59369 -9.59592 -10.5659 -10.4017 -8.12022 -8.03576 -9.15522 -10.3777 -9.38547 -7.96648 -10.7765 -11.0049 
8.55907 -9.52812 -10.6609 -10.9635 -8.04405 -7.90338 -9.30431 -10.4265 -8.1752 -7.89292 -11.6503 -10.5785 
8.35371 -9.5211 -10.8283 -10.7506 -7.72477 -7.88802 -8.82389 -10.4801 -8.1215 -7.5122 -12 -10.6374 
8.38715 -9.5486 -9.93505 -10.1445 -7.91579 -7.87811 -9.00851 -10.5014 -9.33017 -7.81811 -11.4561 -10.9358 
8.5369 -9.41438 -9.75467 -10.6108 -8 -7.95677 -8.60221 -10.8862 -9.00943 -7.69219 -10.9231 -11.1149 
8.50862 -9.61611 -11.4424 -9.71087 -7.99867 -7.82459 -9.24543 -11.0243 -9.07317 -7.94933 -10.8841 -10.8824 
8.55666 -9.67106 -11.5897 -9.6915 -7.90291 -7.89436 -9.30772 -11.066 -9.59406 -7.98938 -11.1622 -10.7329 
8.92778 -9.46846 -10.4832 -9.46454 -8.33666 -8.41573 -8.69712 -11.2282 -9.0326 -8 -9.95596 -10.8401 
8.92618 -9.47527 -10.1019 -10.0562 -8.99251 -8.48367 -9.06252 -10.5171 -10.3876 -7.39512 -9.26897 -10.6222 
8.85173 -9.92309 -10.9079 -9.70356 -9.13574 -10.1174 -9.1197 -11.1121 -10.2155 -8.04525 -9.83615 -11.379 
9.24929 -10.1342 -10.6675 -10.0552 -9.40281 -10.2933 -9.63846 -11.022 -10.4673 -7.96648 -10.5189 -11.3333 
8.43506 -10.3354 -10.5062 -11.6478 -11.1034 -10.2702 -9.52742 -10.8518 -10.2086 -8 -10.0619 -10.8131 
9.13527 -10.1502 -9.62557 -11.6047 -10.8385 -10.0702 -9.36219 -10.0476 -10.439 -7.93204 -10.7304 -11.3023 
9.63476 -10.054 -9.80003 -11.2845 -11.1352 -9.63636 -9.4618 -9.85403 -9.61333 -7.99949 -9.8302 -11.4502 
9.18485 -9.96737 -10.4445 -10.8642 -10.63 -9.49763 -9.35346 -10.0254 -10.4663 -7.82915 -9.38071 -11.2347 
8.97607 -9.81263 -10.2788 -10.2852 -9.96947 -10.0299 -10.4468 -9.02415 -9.95261 -7.92453 -9.68057 -10.5753 
9.08012 -10.1869 -10.842 -10.4337 -10.2757 -11.1193 -10.7023 -10.1161 -8.82022 -8.25 -9.89189 -11.0381 
9.40592 -10.1953 -10.5685 -10.8686 -9.87453 -10.5 -11.2848 -10.4784 -9.56025 -8.71352 -10.0673 -10.1265 
9.4918 -10.1374 -11.3526 -10.9021 -10.3523 -10.0737 -10.422 -10.4233 -10.4901 -8.22703 -9.69668 -9.41031 
8.73553 -9.97768 -10.0923 -11.1051 -10.2562 -10.6474 -10.6469 -9.51891 -10.6298 -8.43299 -8.69364 -9.89611 
7.64615 -9.9565 -9.95182 -11.1389 -10.6504 -10.4478 -9.97812 -9.39991 -9.92177 -8.42487 -9.99504 -9.66507 
7.41253 -9.91881 -10.004 -11.7585 -10.6926 -10.434 -9.6414 -9.41291 -9.74884 -7.76161 -8.91473 -10.2961 
7.58228 -9.59645 -10.4084 -10.9639 -9.79907 -10.2868 -9.04127 -8.81525 -9.50634 -7.99078 -9.68889 -9.74749 
7.41768 -9.88815 -10.1628 -11.7783 -9.7179 -10.6468 -8.68413 -10.0579 -9.91469 -7.96198 -10.4418 -9.34255 
6.94101 -9.69219 -9.8853 -11.8513 -9.92599 -10.8679 -8.87026 -9.1016 -9.28723 -8.95836 -9.11942 -8.9432 
8.07318 -9.78312 -10.544 -11.7739 -10.0207 -10.9045 -8.23477 -9.17702 -8.00141 -10.0386 -10.5561 -8.8774 
8.98003 -9.61521 -9.79252 -11.0156 -10.2903 -10.3441 -8.21421 -9.63095 -8 -9.53608 -10.6925 -8.62393 
9.56917 -9.36542 -8.78946 -11.5937 -8.8419 -9.77462 -9.04381 -8.59645 -7.90526 -9.28902 -10.3518 -9.3913 
9.61611 -9.6388 -10.3349 -11.2129 -10.2493 -9.23213 -9.73583 -8.60776 -7.99598 -9.93607 -9.6872 -9.12699 
9.33778 -9.4123 -10.3297 -10.5418 -9.79845 -8.3426 -8.90911 -9.09101 -7.9966 -9.84158 -9.7512 -9.76197 
8.46314 -9.33702 -9.24991 -10.634 -9.89879 -9.98055 -9.02957 -9.9158 -7.93858 -9.3748 -7.81986 -9.44777 
8.93205 -9.48539 -8.8109 -10.7768 -10.8111 -10.559 -8.56958 -10.794 -7.87725 -7.81442 -9.32678 -9.5327 
8.78375 -9.77069 -9.74038 -10.4431 -10.8313 -9.96217 -8.14812 -10.524 -7.99035 -9.72139 -9.92391 -10.1332 
8.91969 -9.68627 -9.42105 -10.4056 -10.4323 -9.8408 -8.45593 -10.6969 -7.97609 -10.1103 -9.08257 -10.3647 
9.99857 -9.39143 -10.1086 -9.12589 -10.0999 -9.33412 -9.71377 -9.57165 -7.99299 -9.78947 -9.01508 -9.17055 
10.1367 -9.71166 -9.66531 -10.5905 -10.4574 -10.0316 -9.52049 -10.4764 -7.91723 -9.42559 -9.56757 -9.5599 
10.1918 -9.74228 -9.97392 -9.47077 -10.6368 -9.1052 -10.69 -11.2874 -7.96143 -9.41223 -9.60731 -9.37584 
9.40602 -9.73286 -10.2311 -9.64935 -10.7769 -8.5144 -10.9185 -11.1783 -7.86275 -8.91381 -10.7674 -8.75444 
9.17329 -9.77729 -10.5013 -8.58018 -10.9892 -8.16197 -11.3692 -10.3976 -7.95904 -8.97514 -9.86735 -10.3475 
8.54743 -9.86015 -10.1713 -8.55446 -10.6066 -8.95592 -11.3114 -11.0978 -7.92558 -9.56934 -9.84762 -10.7957 
7.95202 -10.0549 -10.2147 -7.9907 -10.4919 -10.1855 -11.1501 -11.5556 -7.80653 -9.23761 -10.1818 -11.6513 
8.40548 -9.82978 -10.4246 -8.50526 -9.90863 -9.73003 -10.7256 -9.91615 -7.82353 -8.80229 -10.6989 -11.8977 
8.31972 -9.93297 -10.042 -8.47191 -9.76478 -10.7475 -10.7274 -9.84236 -8.25 -9.37076 -10.5263 -11.6252 
7.72144 -10.2177 -9.87454 -8.73018 -10.1492 -10.5564 -11.2127 -9.42564 -9.04756 -10.4237 -11.1698 -11.9203 
7.46499 -10.2452 -9.3985 -9.2475 -10.0661 -9.93901 -11.4282 -9.45138 -9.53452 -11.2123 -10.4162 -11.7708 
7.4284 -10.1571 -10.4555 -8.99911 -9.6337 -10.8475 -11.041 -9.13385 -9.61453 -10.3246 -10.6322 -11.0408 
7.49573 -10.2052 -10.232 -8.57127 -10.2562 -9.64957 -11.1838 -9.33937 -10.4261 -10.9097 -10.9394 -10.7485 
8.4218 -10.3645 -10.6159 -9.33333 -10.3047 -10.2973 -10.954 -9.73023 -9.9147 -10.9121 -10.2854 -11.2736 
9.0724 -9.85321 -10.1268 -8.91003 -10.1716 -9.50465 -10.6861 -8.4456 -8.82644 -11.0378 -10.6286 -10.2115 
8.57443 -10.1888 -11.1362 -8.76652 -9.91343 -10.6068 -10.1188 -9.8776 -9.25184 -11.3908 -10.9053 -10.2513 
7.68129 -10.0485 -11.2235 -9.28372 -10.0306 -9.2276 -10.7668 -9.50573 -8.61692 -11.0099 -10.4569 -10.2617 
6.97673 -10.2649 -11.4173 -9.40566 -10.2991 -10.5016 -10.896 -9.2609 -9.09121 -11.2872 -10.8134 -9.52561 
7.32419 -9.97055 -10.1161 -9.25 -10.4684 -11.0011 -11.4144 -9.47556 -8.27876 -10.4891 -10.9712 -8.29094 
6.7209 -9.93623 -8.61552 -9.78586 -10.2785 -10.1007 -11.5431 -10.2455 -7.94438 -10.7175 -11.0411 -9.16553 
7.01488 -10.5096 -10.6746 -10.5408 -10.3442 -10.2788 -11.8001 -10.2897 -9.44735 -11.2134 -10.2953 -10.3046 
7.38482 -10.4026 -9.99129 -10.2715 -9.63917 -10.24 -11.7882 -10.8539 -9.70277 -10.8419 -11.1973 -9.53141 
8.78742 -10.4933 -11.3311 -9.49772 -10.6023 -10.9257 -11.1853 -10.6652 -9.64247 -11.0282 -10.9442 -9.14234 
10.0013 -10.3272 -11.3695 -9.15026 -10.8779 -10.7098 -10.9821 -10.7733 -9.32875 -10.674 -10.4019 -8.90374 
9.98426 -10.328 -10.9753 -9.24244 -10.2103 -10.9071 -11.3477 -10.5531 -9.69704 -10.214 -10.5686 -9.56199 
9.83833 -10.3045 -11.1205 -9.52008 -10.0565 -11.4166 -10.4803 -9.82368 -9.8324 -10.3191 -10.8098 -9.59663 
10.4906 -10.1667 -10.4275 -8.85307 -9.94778 -11.161 -10.0838 -10.2811 -11.0888 -9.98239 -10.7091 -9.16852 
9.51674 -10.0942 -10.8793 -8.80002 -9.38573 -11.7286 -9.58887 -10.381 -11.7449 -10.3466 -10.1862 -8.18809 
8.73709 -9.71526 -10.2667 -9.33027 -9.26807 -10.1786 -9.04883 -10.6274 -10.7427 -10.4173 -9.43464 -7.65268 
8.75176 -10.0099 -11.3184 -9.31184 -9.21931 -10.7156 -9.40456 -10.5549 -9.43935 -11.026 -10.965 -8.10109 
9.02714 -9.79207 -10.36 -9.01231 -10.2312 -11.6598 -9.5028 -9.16596 -9.19525 -10.2735 -10.5937 -8.00335 
8.86039 -10.0864 -10.6507 -9.87512 -10.025 -11.1851 -9.56997 -9.80132 -10.2569 -10.254 -10.8729 -8.41546 
8.47067 -9.83629 -9.71474 -9.47692 -10.4476 -10.8614 -8.46202 -10.2509 -10.3926 -9.46282 -10.5829 -8.91815 
8.97043 -10.0234 -9.68371 -9.3768 -10.4942 -10.7192 -10.3506 -10.2625 -9.3587 -9.40989 -11.164 -9.49366 
9.11933 -10.1062 -9.25311 -10.5078 -10.0849 -10.4498 -10.8261 -10.2122 -10.0089 -10.1961 -10.0754 -9.51756 
9.46121 -10.1771 -9.28789 -10.4757 -10.1639 -11.0276 -11.1371 -9.52858 -10.441 -10.104 -10.0795 -9.44307 
9.86019 -9.97651 -8.84965 -9.62292 -9.78568 -10.9754 -11.1144 -8.86317 -10.4876 -10.0673 -10.4355 -9.24852 
10.9079 -10.3107 -9.24012 -10.6447 -10.035 -10.8288 -11.669 -9.32967 -10.5376 -10.2339 -10.7325 -9.54806 
10.9127 -10.0481 -9.52306 -10.6488 -9.36236 -10.1318 -11.2896 -9.59124 -11.1027 -10.1753 -9.60568 -9.2706 
9.86705 -10.159 -10.0468 -10.863 -9.61855 -10.14 -11.2706 -10.5026 -10.9007 -9.55319 -9.21349 -9.34211 
9.38197 -10.0843 -10.6364 -10.163 -10.922 -9.86912 -10.1139 -10.4988 -10.0848 -9.67598 -9.25773 -9.64867 
9.9769 -10.2284 -10.3578 -10.8799 -10.2309 -9.81645 -11.1959 -11.2988 -10.3084 -9.31579 -9.42564 -9.52717 
10.1393 -10.3252 -10.7507 -10.5044 -10.3287 -10.001 -11.6456 -11.91 -9.36425 -10.0113 -9.4898 -9.30061 
10.5614 -10.1003 -10.3495 -10.3083 -10.4442 -10.2252 -10.2919 -11.5503 -10.3579 -10.3188 -8.86809 -8.93776 
9.72755 -10.0046 -10.5827 -10.8571 -10.3074 -10.0815 -10.8648 -10.8173 -9.56625 -8.29058 -9.12621 -9.58591 
9.59169 -10.2383 -11.5633 -11.1851 -10.2247 -9.95968 -10.7958 -10.729 -10.2908 -8.04255 -9.9981 -9.38264 
10.5494 -9.9701 -10.4815 -10.3348 -10.5621 -9.98999 -11.3591 -8.89849 -10.0305 -7.87876 -10.3576 -9.52703 
10.3439 -10.0942 -11.2362 -10.4748 -10.3301 -10.012 -11.1559 -9.96117 -10.2159 -7.85603 -10.4649 -8.88511 
10.0645 -9.62411 -9.99442 -10.5835 -10.2259 -10.3783 -10.8429 -9.9271 -9.76633 -7.80115 -9.09509 -7.97137 
10.5751 -9.43188 -10.958 -9.95604 -9.37718 -9.44283 -10.4716 -9.60367 -8.46062 -7.85417 -10.0636 -7.93455 
9.68852 -9.6494 -11.1108 -11.5065 -9.48817 -9.37846 -11.0732 -10.321 -8.61045 -7.91346 -8.46309 -8.15833 
10.2478 -9.52284 -10.8223 -10.8175 -10.1421 -9.17579 -11.0204 -10.4541 -7.78903 -7.5544 -8.48687 -8.86855 
9.77402 -9.37789 -11.1545 -10.3338 -9.74497 -8.13685 -10.6606 -8.94118 -8.3018 -7.83886 -9.05708 -9.43738 
10.1757 -9.21745 -9.6283 -10.6008 -10.1372 -7.90312 -11.3073 -8.06885 -7.7112 -7.87849 -9.277 -9.44626 
10.6026 -9.32325 -10.0412 -9.77355 -10.2472 -8.18529 -11.0745 -8.3228 -8.56225 -8.15764 -9.24668 -9.28851 
10.2137 -9.12237 -9.07389 -9.18443 -10.1703 -8.10266 -11.0933 -8.09675 -8.34431 -8.31227 -9.67892 -9.35073 
9.42921 -9.30524 -8.25184 -8.82135 -10.3197 -9.3182 -11.0655 -8.01204 -8.92529 -8.68648 -10.5399 -9.09081 
9.05649 -9.51092 -10.0364 -8.65342 -10.3803 -9.31667 -10.6586 -7.93776 -8.66182 -8.91652 -11.4068 -9.27483 
8.96704 -9.87715 -11.1579 -8.47847 -10.2744 -9.24004 -10.9966 -8 -8.68792 -9.81915 -11.8139 -9.51404 
9.78599 -9.64091 -9.97605 -8.31535 -10.3376 -10.1131 -11.0896 -7.88 -8.57381 -9.46309 -10.8931 -9.66032 
9.16621 -9.36518 -11.3226 -7.79042 -9.75891 -10.1647 -10.4633 -8.00011 -8.3611 -8.74061 -9.95025 -9.46563 
10.1361 -9.29213 -11.2737 -8.06004 -10.4283 -9.95791 -11.1547 -7.50434 -8.56107 -8.68643 -8.43784 -9.12915 
9.80666 -9.61736 -11.4505 -9.45032 -10.3148 -9.81258 -11.5969 -7.88517 -8.83529 -8.59855 -9.42616 -9.28533 
9.8699 -9.42542 -10.9418 -8.95621 -10.532 -9.08801 -10.9977 -8 -8.83024 -7.93402 -9.23514 -9.88082 
9.3823 -9.56606 -11.3143 -9.50224 -10.2215 -10.2371 -11.7568 -7.9109 -8.45948 -7.65746 -9.30186 -9.6865 
9.13031 -9.74956 -11.807 -10.2978 -10.5212 -10.4343 -11.4655 -7.82704 -8.58628 -7.91591 -9.37752 -9.40497 
8.7642 -9.84155 -11.4341 -11.0255 -10.0905 -10.0407 -11.6379 -7.89774 -8.87143 -7.87656 -10.2829 -9.32687 
8.64559 -9.59222 -10.6519 -9.89764 -10.9661 -9.79612 -9.85962 -8.17679 -9.13851 -7.85816 -10.2511 -8.78639 
9.58617 -9.51666 -10.2822 -9.61352 -11.3301 -9.51971 -10.4361 -8.33254 -9.09121 -7.90786 -9.29583 -8.97084 
8.21032 -9.11395 -10.8377 -8.91068 -10.491 -7.67644 -9.81508 -8.30138 -8.72871 -8.18692 -8.50292 -9.65733 
8.75142 -9.1564 -10.027 -9.08047 -10.5591 -8.28191 -9.86491 -9.0072 -8.76974 -8.03936 -8.1029 -9.75688 
9.26449 -9.05628 -10.4699 -9.65185 -9.51946 -7.70933 -9.27353 -8.77547 -8.84513 -8.15489 -8.31241 -9.79068 
9.47241 -9.18423 -10.8635 -9.35261 -7.77624 -9.22018 -9.32437 -9.05788 -9.02124 -8.39813 -8.918 -9.73979 
8.90817 -9.39777 -10.2789 -8.87267 -9.56448 -10.4594 -8.90652 -9.23591 -9.5412 -8.66079 -9.01227 -9.58857 
10.393 -9.77796 -10.596 -8.98277 -8.28808 -10.5719 -9.90732 -9.62656 -9.84978 -10.3017 -9.84169 -9.83195 
10.8387 -9.88263 -10.4128 -8.56179 -8.29284 -10.2821 -11.2756 -9.85565 -10.4062 -10.0869 -9.68571 -9.84743 
11.1613 -9.74944 -9.42278 -8.92097 -8.96759 -10.1142 -10.3138 -9.70841 -10.7417 -10.5263 -9.03322 -9.82877 
10.4222 -9.56069 -9.15261 -8.82962 -9.41243 -9.71413 -9.91443 -9.82584 -10.3103 -9.19115 -9.94626 -9.39812 
9.40345 -9.87087 -9.58179 -8.61347 -10.2731 -10.2025 -10.0177 -9.13954 -11.0378 -9.43193 -11.0848 -9.47732 
8.93276 -9.60395 -9.34916 -8.35068 -10.5304 -10.0781 -9.49645 -9.61162 -10.4283 -9.22994 -9.39571 -9.67645 
9.42178 -9.73484 -9.69692 -8.01712 -10.1663 -10.306 -9.69691 -9.76379 -9.97912 -9.63899 -10.1616 -9.78909 
9.61852 -9.7352 -10.5926 -8.33494 -9.94833 -10.1736 -9.44274 -9.79912 -10.0966 -10.0167 -9.48655 -9.40389 
9.39234 -9.77491 -10.671 -8.45362 -9.74302 -9.8909 -9.63484 -9.92052 -9.77444 -10.6073 -10 -9.42966 
8.89924 -9.67957 -10.7478 -7.96297 -9.86372 -9.79505 -9.54352 -9.99722 -9.82423 -10.7101 -8.6 -9.76999 
9.02738 -9.80637 -11.0454 -8.20262 -10.3538 -10.1563 -9.48151 -10.3416 -9.1464 -9.96199 -9.51166 -9.79912 
8.67157 -9.87109 -10.6897 -9.6127 -10.0282 -10.2699 -10.3285 -9.66528 -8.63004 -9.39792 -10.1212 -9.79912 
8.84746 -9.83261 -9.83663 -9.7534 -10.4288 -9.88984 -10.1839 -10.476 -8.70407 -10.8555 -8.75349 -9.82729 
8.20841 -9.87881 -10.0383 -9.4298 -10.4285 -9.70461 -10.4302 -11.374 -9.88253 -10.1689 -8.17527 -9.54775 
8.43499 -9.65301 -10.2692 -8.19938 -10.3084 -8.92394 -10.3871 -9.81467 -10.2756 -10.1717 -8 -10.0558 
9.13277 -9.58741 -10.129 -9.71473 -9.92231 -9.1609 -10.8455 -9.95876 -8.63068 -9.97829 -7.98091 -9.40946 
8.5448 -9.80814 -9.84223 -9.25598 -10.1355 -10.2223 -10.4781 -9.91072 -10.0714 -10.8111 -7.85646 -9.67132 
8.36679 -9.75729 -8.88663 -9.44639 -10.161 -10.3818 -10.383 -9.36006 -10.5246 -10.6756 -7.98773 -9.79912 
8.13631 -9.64948 -9.16386 -9.84779 -10.4347 -10.3647 -9.867 -9.43086 -10.005 -9.43725 -8 -9.76604 
8.6472 -9.66974 -9.09082 -9.48556 -10.4497 -10.427 -10.3918 -9.30574 -9.70038 -10.0073 -7.97383 -9.69809 
8.86238 -9.72811 -8.84885 -9.36608 -9.9035 -10.3387 -10.414 -9.21195 -11.0353 -10.5544 -7.96433 -9.73486 
8.92071 -9.74626 -9.715 -9.67109 -10.1337 -10.2658 -10.5407 -9.08664 -10.1948 -10.3342 -7.99266 -9.52932 
9.10643 -9.79132 -10.162 -9.66947 -10.4001 -10.3576 -10.2631 -9.02068 -9.45228 -11.0219 -8 -9.771 
8.54634 -9.60525 -9.83937 -9.89595 -10.2939 -10.1673 -10.1661 -9.30821 -9.19135 -9.45403 -8 -9.57472 
8.76114 -9.59429 -9.82795 -9.61385 -10.1673 -9.96379 -10.2407 -9.6002 -9.61337 -9.71719 -7.7191 -9.25852 
9.01343 -9.80293 -10.3537 -10.0042 -10.3816 -9.87651 -9.86417 -9.5265 -10.1813 -10.5347 -7.43883 -9.52914 
9.00721 -9.74899 -9.85605 -10.3822 -10.1957 -9.69464 -9.9993 -8.72407 -10.3992 -10.2761 -8.42224 -9.48688 
7.784 -9.81842 -10.3537 -10.8904 -10.1106 -9.01826 -10.4997 -10.2447 -10.5166 -9.81574 -7.7905 -9.29822 
8.15226 -9.59212 -10.3537 -10.8183 -9.40706 -9.5904 -10.5854 -9.5594 -9.07414 -9.49826 -7.99749 -9.06681 
8.33874 -9.54667 -10.3419 -10.3001 -9.7429 -9.66184 -10.5369 -9.36696 -9.34412 -9.26289 -8.16568 -8.6927 
8.90144 -9.49761 -10.028 -9.65807 -10.0841 -10.0268 -9.88947 -9.99901 -9.14412 -8.88356 -8.40019 -9.00826 
9.04346 -9.35593 -9.5344 -10.3402 -9.75654 -9.25699 -10.4582 -9.34058 -9.01007 -9.18188 -8.03105 -8.83487 
8.95176 -9.45789 -9.10413 -9.90329 -10.104 -9.25233 -10.4533 -9.61067 -9.33887 -9.69926 -7.98921 -9.21203 
8.52633 -9.6303 -9.96162 -9.37296 -9.09663 -9.76056 -10.0535 -9.54295 -9.8607 -10.788 -7.91012 -10.1705 
8.98399 -9.35332 -10.2645 -8.88196 -8.15364 -9.90356 -9.89422 -9.57259 -8.84601 -10.5675 -7.82823 -9.42737 
8.85056 -9.28987 -10.2695 -8.45573 -8.28243 -9.74989 -9.94712 -9.48743 -9.89866 -9.60648 -7.70609 -9.3503 
9.6498 -9.35529 -9.73903 -9.17058 -8.62037 -9.75098 -10.0352 -9.64819 -9.85253 -10.2631 -7.57627 -8.84144 
9.54723 -9.23732 -9.19485 -9.29619 -8.62371 -10.031 -10.1708 -9.44722 -9.91884 -10.0019 -7.48976 -8.77061 
9.93432 -9.51867 -9.63497 -9.97157 -8.84393 -9.73054 -10.4254 -9.85734 -9.88948 -10.427 -7.2608 -8.83994 
9.50742 -9.54558 -9.71268 -9.50649 -9.19298 -9.88001 -10.4905 -9.93405 -9.86829 -9.54061 -8.04513 -9.06884 
10.1306 -9.39727 -9.73466 -8.7595 -9.81306 -9.83956 -10.3143 -9.97836 -9.31704 -8.60486 -8.74867 -8.96367 
9.30581 -9.39609 -9.9562 -9.18012 -10.3363 -9.67226 -10.0547 -9.80863 -9.13451 -8.68146 -8.35042 -8.74046 
9.05981 -9.32076 -10.2731 -8.76563 -9.73495 -9.61788 -10.2574 -10.6483 -8.02795 -8.76744 -8.18865 -8.71775 
8.50017 -9.29633 -10.3362 -8.35351 -9.46741 -9.43098 -10.126 -10.984 -8.54513 -9.09939 -8.05553 -8.41383 
8.19925 -9.29728 -10.013 -8.64002 -9.9336 -8.84848 -10.4559 -10.8179 -8.41562 -9.06733 -7.899 -8.83331 
7.73714 -9.57289 -9.4636 -9.61437 -10.4787 -9.6834 -10.9882 -10.3196 -8.75778 -9.28991 -8.4239 -9.0133 
8.13161 -9.73612 -9.35359 -9.87749 -10.2222 -9.89593 -10.6399 -10.1586 -9.0853 -9.99332 -8.75153 -9.26794 
8.39048 -9.61661 -9.49857 -9.52874 -10.5362 -9.58725 -10.7589 -10.9033 -9.0025 -9.70042 -8.08393 -8.90795 
8.37204 -9.72624 -9.94971 -10.0368 -10.5037 -10.2042 -10.5883 -10.6962 -8.95815 -9.11815 -8.37043 -8.84406 
7.81577 -9.74405 -10.2573 -9.36741 -10.5473 -10.3255 -10.5694 -10.4304 -9.25306 -9.51595 -8.44943 -8.54612 
7.28815 -9.62685 -10.343 -9.52847 -10.5308 -9.56873 -10.224 -10.4235 -9.33221 -9.546 -8.28599 -8.40495 
8.07539 -9.76816 -9.8403 -9.14584 -10.0094 -10.0525 -10.4829 -10.4189 -10.3443 -9.00555 -9.74632 -8.59142 
8.07428 -9.82853 -9.78918 -9.10106 -10.1349 -10.2675 -10.4761 -9.77633 -10.5937 -10.1494 -9.75415 -8.28139 
8.20782 -9.64049 -9.83685 -9.24842 -10.2384 -10.3427 -10.0025 -9.83649 -9.72838 -9.64914 -8.7275 -8.61974 
8.31478 -9.79239 -10.3277 -9.18678 -10.3401 -10.3933 -10.1082 -9.97616 -11.1721 -9.51767 -8.63393 -8.48111 
7.8542 -9.79064 -9.43322 -9.13691 -10.4742 -10.2524 -10.2339 -9.89864 -11.0018 -9.6541 -9.09177 -8.6062 
8.22979 -9.73276 -9.4592 -8.92642 -10.3847 -9.83912 -10.0729 -9.70351 -10.902 -9.67098 -10.024 -8.4067 
7.54278 -9.64504 -10.3376 -8.6065 -9.96693 -10.4647 -10.4728 -9.91831 -10.185 -9.13485 -9.06356 -8.27554 
8.10016 -9.84422 -10.3425 -9.31533 -10.0285 -10.5168 -10.6263 -10.0191 -9.92362 -8.93086 -9.39761 -9.29854 
8.0088 -10.0107 -10.3431 -9.53028 -10.2844 -10.5181 -10.5623 -9.79817 -9.40251 -9.00489 -11.2427 -9.38053 
8.62721 -9.84603 -10.15 -10.0819 -10.8416 -10.0697 -10.0605 -9.97664 -8.9518 -8.60151 -10.2858 -9.14098 
8.79391 -9.97622 -10.4768 -10.2481 -11.0093 -10.2356 -10.3768 -9.97373 -8.72868 -8.95964 -10.5862 -9.11406 
8.83331 -9.94558 -10.2969 -9.72225 -11.0051 -10.1472 -10.7101 -9.38682 -8.77158 -9.02043 -11.0965 -9.31507 
8.18506 -10.0083 -10.1908 -9.61956 -11.0148 -9.90012 -10.5114 -10.3229 -10.8376 -9.15233 -9.2918 -9.19264 
7.40342 -9.71391 -9.45388 -9.87419 -10.8263 -10.4188 -10.2719 -9.81139 -8.99012 -9.01049 -9.13657 -9.36538 
8.13253 -9.80539 -10.2118 -9.51508 -10.9916 -10.474 -9.80384 -9.98037 -9.53475 -9.10061 -8.92583 -9.49284 
8.58732 -9.71167 -10.0362 -8.26727 -10.4552 -10.4812 -10.0628 -9.6276 -10.2243 -9.46307 -8.56086 -10.1277 
8.18024 -9.73544 -10.3318 -8.40342 -10.7231 -10.4872 -9.23172 -10.1711 -10.3302 -9.6365 -8.32491 -9.56877 
8.19209 -9.8533 -10.1353 -10.3626 -11.0093 -10.4767 -9.71081 -10.5822 -9.43978 -9.0342 -8.00223 -9.73273 
7.80983 -9.73312 -10.1897 -9.8344 -10.91 -9.59398 -9.30684 -9.94772 -10.3032 -9.56332 -8 -9.8106 
7.42936 -10.0478 -9.89337 -9.65508 -10.6767 -10.2006 -11.1204 -10.3862 -10.5411 -8.73107 -8.00556 -11.3996 
7.80127 -9.97427 -10.1757 -10.2838 -10.2746 -10.3709 -10.5316 -10.1988 -10.6478 -8.91603 -8.10481 -10.3847 
8.18763 -9.86485 -9.16871 -10.6793 -10.1523 -10.463 -10.8387 -10.5048 -9.25384 -9.68508 -8.07759 -9.95955 
7.92057 -9.92826 -10.0925 -10.1152 -9.71433 -10.2351 -11.3718 -10.3427 -10.3477 -9.57725 -8.14371 -9.37628 
7.91841 -10.0138 -9.87962 -10.77 -10.9605 -10.4143 -9.6301 -10.7147 -10.9124 -9.58723 -7.89017 -9.5404 
8.47066 -9.72216 -9.98344 -9.83723 -10.4058 -10.39 -9.07922 -9.84885 -10.4733 -9.65174 -7.66397 -9.83015 
8.02756 -10.0024 -9.87514 -10.2751 -10.6028 -10.5214 -10.7203 -9.83309 -10.8582 -10.1947 -7.69121 -9.43197 
8.32467 -9.86311 -10.0485 -10.2681 -10.7102 -9.58063 -11.0691 -9.8816 -10.5029 -9.74638 -8.08801 -8.97825 
8.9899 -9.73982 -9.90246 -9.65044 -10.9227 -10.1632 -10.59 -9.0968 -9.42694 -9.6875 -8.17488 -9.622 
8.97855 -9.48527 -9.48201 -9.81685 -10.0718 -9.55878 -10.6479 -9.70563 -9.00102 -9.01554 -7.99128 -9.46911 
8.89664 -9.76022 -9.88533 -10.6708 -10.4137 -10.0187 -10.2348 -9.83209 -8.9879 -9.6118 -8.22042 -10.0824 
9.28726 -9.69543 -9.5246 -10.5084 -10.2482 -9.48732 -11.2401 -10.2246 -9.49654 -9.05763 -8.23969 -9.45055 
8.95865 -9.52622 -9.03298 -11.0105 -8.30464 -10.1906 -10.8008 -9.61065 -9.64201 -8.53753 -8.17922 -9.85809 
9.06185 -9.59669 -8.98316 -11.156 -8.02033 -10.1192 -10.2258 -9.74497 -10.2052 -8.77782 -8.09632 -10.5821 
7.80308 -9.75892 -8.99192 -11.0895 -9.6269 -10.2271 -10.7177 -9.48946 -10.8202 -8.93548 -7.86061 -9.62207 
7.22235 -9.69933 -9.34133 -10.4859 -9.66468 -10.2241 -9.22901 -9.76025 -11.0665 -8.95561 -7.80741 -9.99356 
7.65305 -9.55482 -9.20464 -10.8994 -8.38883 -10.1924 -9.85887 -9.28217 -10.9157 -8.73265 -7.92363 -10.0517 
7.61451 -9.56068 -9.21911 -10.9875 -8.52483 -10.2708 -10.046 -9.56251 -10.0334 -8.87101 -7.9548 -10.152 
7.61386 -9.58527 -9.40694 -11.148 -9.70852 -10.2944 -10.6384 -8.98177 -9.1085 -8.73584 -7.83182 -9.69232 
7.03828 -9.38297 -8.99044 -10.6745 -10.2628 -10.2617 -10.8659 -8.46773 -8.63916 -8.58392 -7.62766 -9.48123 
7.36493 -9.54354 -8.80246 -10.2135 -10.5879 -9.94758 -10.1595 -9.55633 -9.19171 -9.32252 -7.80578 -9.83516 
7.31117 -9.70147 -9.49272 -11.5778 -10.7158 -9.70168 -9.57521 -9.49043 -9.88194 -9.20794 -7.96137 -9.53324 
7.39306 -9.51868 -9.46255 -11.0561 -10.2478 -9.66675 -9.39945 -9.50799 -9.64604 -8.91026 -7.71513 -9.24764 
8.44526 -9.51872 -9.29551 -10.6037 -10.4383 -9.90443 -10.4304 -9.33277 -8.8725 -9.31658 -8 -9.03958 
8.18097 -9.13368 -8.39645 -10.5498 -9.66254 -9.41133 -9.77262 -8.83151 -9.09965 -9.02114 -7.91123 -8.58406 
8.14177 -9.42716 -9.44917 -10.3538 -9.87347 -10.0711 -10.3093 -9.53255 -8.71897 -9.4391 -7.78932 -8.69788 
8.57715 -9.24036 -9.34316 -9.86323 -9.2396 -10.0783 -10.3415 -9.44942 -8.96852 -9.14519 -7.9932 -8.13047 
8.61652 -9.37712 -9.24919 -10.4591 -9.1419 -10.1112 -9.87606 -9.498 -9.79577 -9.33849 -8.01306 -8.24708 
9.47305 -9.51521 -9.65882 -10.2613 -9.37364 -10.2225 -10.9939 -8.81855 -10.4482 -9.29884 -7.97871 -7.985 
8.34301 -9.73485 -9.6371 -9.79697 -11.5038 -10.4419 -10.3546 -9.34507 -10.6768 -8.81019 -7.97551 -8.96532 
8.75697 -9.63437 -9.58109 -10.8513 -10.9196 -10.1787 -10.6267 -9.49865 -9.28873 -9.35501 -7.81445 -8.4787 
9.22471 -9.67905 -10.0082 -10.4864 -10.2444 -9.66204 -11.1148 -9.71 -9.29725 -9.24633 -7.92488 -8.92057 
10.2789 -9.65527 -10.2882 -9.33141 -10.3619 -9.55725 -11.7741 -9.40982 -8.82202 -9.17049 -7.79841 -9.58641 
9.54433 -9.78472 -10.3206 -9.61647 -10.2594 -9.73638 -12.2829 -9.19005 -9.64495 -9.40554 -7.50321 -9.69904 
9.07517 -9.69037 -9.57127 -9.40894 -9.87953 -9.38281 -11.9553 -9.2177 -10.1017 -9.36898 -8.76986 -9.19763 
8.63295 -9.80386 -9.935 -9.81264 -10.4802 -9.30968 -11.6083 -9.22317 -9.76606 -9.19351 -9.82343 -8.81022 
9.45297 -9.72069 -9.73163 -10.7324 -10.3458 -9.84889 -11.2174 -9.14964 -9.88505 -8.89665 -9.26584 -8.33359 
8.12615 -9.68054 -9.62952 -9.61901 -11.0093 -10.1056 -11.6237 -9.06264 -10.6358 -8.66067 -7.7791 -8.97223 
7.8461 -9.7074 -10.3319 -8.69923 -9.97461 -10.2477 -11.1811 -9.09224 -10.7244 -8.61888 -9.08135 -8.75634 
8.15495 -9.81018 -9.89559 -9.75637 -9.68298 -10.191 -10.9476 -9.20805 -10.2129 -8.93088 -10.7433 -8.65146 
8.68419 -9.82511 -9.87996 -9.87003 -10.0657 -10.6457 -10.8373 -9.20207 -10.4037 -9.27377 -9.20645 -8.73357 
9.0719 -9.8385 -10.1519 -8.67586 -9.91725 -10.4284 -11.1899 -9.14356 -10.0086 -9.86671 -9.79118 -9.28784 
9.24989 -9.86548 -10.3803 -9.98055 -9.65018 -9.76724 -11.2823 -9.32153 -9.26263 -9.28293 -10.4379 -9.29434 
8.99595 -9.67774 -10.0023 -10.5375 -9.95383 -9.7662 -10.7138 -8.8875 -8.79578 -9.42442 -9.69797 -8.9982 
9.48294 -9.67127 -10.8336 -10.4373 -10.385 -9.61655 -11.0836 -8.78541 -9.38607 -9.28347 -8.55606 -8.64568 
10.0254 -9.72926 -10.6788 -10.7041 -10.3938 -8.58651 -10.4523 -8.86373 -10.3528 -9.39219 -8.84447 -9.07168 
9.94889 -9.86818 -10.2682 -10.6512 -10.8143 -9.28542 -11.1397 -9.08793 -9.67781 -9.30069 -9.29628 -9.12899 
8.58658 -9.89017 -10.141 -10.5362 -10.6058 -9.10863 -11.2918 -9.22124 -9.83235 -9.41395 -9.5544 -8.74189 
7.97448 -9.91239 -10.3754 -10.2394 -10.4265 -9.75635 -11.5919 -8.96447 -10.4772 -9.28707 -9.35193 -8.42181 
8.38408 -10.0243 -10.1482 -11.188 -10.4287 -10.147 -11.0865 -9.32838 -9.18351 -9.28519 -10.0971 -9.3421 
8.29296 -10.1744 -10.1874 -10.9021 -10.5677 -10.115 -10.6839 -9.98 -10.2525 -8.94759 -10.542 -9.37395 
7.84581 -9.75971 -9.37366 -9.89248 -10.5686 -9.88138 -10.3867 -9.66554 -10.353 -9.23014 -8.91053 -9.46003 
7.73806 -9.93572 -9.6211 -10.8777 -10.5178 -9.98172 -11.3486 -9.72066 -10.0304 -9.16746 -9.21324 -9.02399 
8.7695 -9.88436 -9.97218 -9.62354 -10.5395 -10.53 -10.9792 -9.72711 -9.72406 -9.37725 -8.98824 -9.46414 
7.64212 -9.85886 -9.48755 -9.20991 -10.0259 -10.5443 -10.9305 -9.60011 -10.8028 -9.99644 -8.88639 -8.99633 
8.08994 -9.83433 -9.29188 -10.3203 -10.2481 -10.1366 -11.1657 -9.60744 -10.4515 -9.64376 -8.51647 -9.01376 
8.43629 -9.66214 -9.00909 -9.37576 -10.3765 -9.29809 -11.1869 -9.70333 -9.53792 -9.60444 -8.97138 -9.30308 
8.26692 -9.72043 -9.15788 -8.80336 -10.5532 -9.35161 -11.135 -9.60808 -10.4094 -9.56113 -9.47836 -9.25394 
8.37723 -9.42413 -9.36827 -8.58923 -10.4899 -9.82342 -10.2964 -9.60224 -9.06253 -9.74987 -8.22944 -9.03208 
7.37886 -9.82774 -9.27391 -10.9467 -10.4217 -9.55151 -10.4776 -9.51848 -9.8807 -9.49013 -9.77954 -9.19735 
7.14771 -9.68201 -9.07493 -10.1645 -10.5594 -9.6799 -10.1492 -9.7827 -9.79986 -9.46159 -8.65011 -9.46515 
7.14995 -9.78268 -9.10053 -9.49471 -10.6167 -8.91058 -10.2336 -9.51835 -10.6787 -10.24 -9.5102 -9.67977 
7.09979 -9.84676 -8.76408 -9.64587 -10.1756 -8.35651 -10.663 -9.54272 -9.80404 -10.3208 -11.188 -10.07 
7.62987 -9.92344 -8.14649 -8.60532 -10.4151 -9.53679 -10.6776 -9.60861 -10.551 -10.9533 -10.8563 -9.79381 
7.56954 -9.68644 -8.12286 -8.50089 -10.4688 -9.96015 -10.5603 -9.69574 -10.3976 -10.3842 -10.2128 -8.73911 
8.03071 -10.1098 -8.74087 -9.08888 -10.4807 -9.73212 -10.6894 -10.1886 -10.9885 -11.4833 -10.1152 -9.45637 
7.6245 -9.90608 -8.82409 -8.98695 -9.98403 -10.2626 -10.4813 -9.94824 -10.7739 -10.8955 -9.9999 -8.71371 
7.26456 -10.0517 -9.04388 -9.36601 -10.0758 -10.3267 -10.2836 -10.2912 -10.7867 -11.0202 -9.64353 -9.71545 
8.11483 -10.1903 -9.12961 -10.809 -10.4452 -10.0384 -10.6599 -10.1647 -9.99207 -10.827 -10.0387 -9.84205 
7.74157 -9.79838 -8.97415 -10.7564 -10.5037 -10.2122 -9.92736 -9.81639 -9.40418 -9.76718 -9.08739 -9.39014 
8.07209 -9.93182 -9.08106 -11.2214 -9.94295 -10.3203 -9.85902 -9.64562 -9.87469 -9.95142 -8.984 -10.4037 
7.5184 -9.68467 -9.30415 -10.8319 -9.11998 -10.571 -9.99406 -9.32288 -9.1708 -9.91786 -9.25245 -9.67691 
7.81799 -9.84211 -9.2433 -10.5652 -9.87691 -10.1444 -10.5263 -9.38482 -8.72044 -10.1076 -10.4178 -9.59102 
7.62227 -9.78832 -8.92564 -10.7402 -10.5988 -10.2761 -10.223 -9.38954 -9.5694 -10.0281 -9.12502 -9.11458 
8.07158 -9.82715 -8.67506 -10.9423 -10.87 -10.2263 -9.84044 -9.64485 -9.97887 -10.4249 -9.08629 -8.46177 
8.68344 -9.87488 -8.61418 -11.0019 -10.9844 -10.3623 -10.5619 -9.65551 -10.4625 -10.2082 -8.09919 -8.82549 
9.07704 -10.2588 -9.24947 -11.0384 -10.3398 -10.4295 -10.6674 -9.71791 -11.0814 -10.4118 -10.3334 -9.26702 
8.63949 -10.1921 -9.20095 -11.6949 -10.6654 -10.4906 -10.1958 -9.85653 -10.7259 -11.3765 -8.8703 -8.91991 
7.49328 -10.02 -9.55959 -11.8737 -11.0123 -10.517 -9.42545 -9.26529 -11.2147 -10.2024 -8.15686 -9.25342 
7.07207 -10.0201 -9.48912 -11.4228 -10.6912 -10.1375 -9.14661 -9.22246 -11.2065 -10.6735 -9.03987 -8.81684 
6.7295 -9.93258 -9.09257 -11.8012 -11.4402 -10.0487 -8.57237 -9.33288 -11.1996 -10.3459 -9.41471 -8.20238 
5.70285 -10.032 -8.76209 -11.6852 -10.8614 -10.2699 -8.6534 -9.22932 -11.1858 -10.5132 -10.239 -8.3336 
6.61354 -10.0412 -9.21917 -11.6979 -10.8212 -10.4713 -9.62691 -9.35784 -10.1555 -9.81995 -10.777 -8.49842 
7.9727 -10.2082 -9.43925 -11.0949 -11.2354 -9.94281 -10.971 -9.54526 -9.77448 -10.3054 -10.8204 -8.41156 
8.21909 -9.93548 -10.2314 -10.3552 -11.1966 -10.2269 -9.52688 -8.97099 -8.73219 -10.2504 -10.8451 -8.51953 
8.4941 -10.1156 -10.8922 -11.1708 -10.595 -10.0062 -9.19937 -9.91417 -9.25706 -9.95333 -11.09 -9.19542 
8.21552 -10.1203 -11.0094 -11.6438 -10.9971 -10.2304 -8.29637 -10.2416 -8.32711 -10.1556 -10.8062 -9.26621 
8.59859 -10.3276 -11.1652 -11.3968 -10.9985 -10.4348 -9.22099 -10.2311 -9.14246 -10.2462 -11.5079 -8.95524 
8.65208 -10.1272 -10.4542 -10.924 -10.222 -10.0729 -9.76177 -9.74759 -9.32914 -10.7944 -10.6724 -9.24053 
8.51439 -9.98496 -10.4313 -10.2858 -9.78686 -9.84468 -9.90581 -10.025 -8.59423 -10.5563 -11.1028 -9.31675 
8.20045 -9.94784 -10.6175 -10.2851 -9.68747 -9.65914 -9.13623 -9.76636 -8.54685 -10.4386 -12.1506 -9.35684 
9.31002 -10.0086 -10.6843 -9.87156 -10.9269 -9.64539 -9.54108 -9.92932 -8.23051 -10.274 -11.9646 -9.19804 
8.26904 -10.1275 -10.7234 -10.8268 -11.1013 -9.87679 -9.34182 -10.0747 -8.14742 -9.86916 -11.8977 -9.46134 
7.62721 -10.2341 -10.7857 -11.0475 -10.9311 -9.97627 -9.44253 -10.3064 -8.76433 -10.1038 -11.861 -9.06997 
7.43243 -10.0161 -10.4011 -11.0569 -10.6019 -10.0515 -9.53026 -10.2939 -8.395 -9.9504 -11.2406 -8.74993 
6.57692 -10.1395 -10.0515 -11.1912 -10.9534 -10.4651 -9.19074 -10.4374 -8.47031 -10.7727 -10.5718 -8.74183 
7.42686 -9.81718 -10.0282 -11.3183 -10.7511 -10.3771 -8.73841 -8.94619 -8.54616 -10.8827 -10.8447 -7.98264 
7.80833 -10.0351 -10.0242 -11.3425 -10.931 -10.4789 -9.38388 -9.50362 -8.66863 -10.8348 -9.97539 -9.14414 
7.79991 -9.87012 -9.35065 -11.1022 -10.957 -10.2299 -9.31765 -9.71301 -8.38956 -10.761 -10.1617 -8.7957 
8.61853 -9.81024 -9.78561 -10.4249 -10.5726 -9.95974 -9.54965 -9.93063 -8.36799 -10.4139 -10.2763 -8.79879 
9.01208 -9.5215 -10.5585 -9.77555 -10.0093 -9.55512 -8.97601 -10.3065 -8.23281 -9.48271 -8.77254 -9.26513 
8.65123 -9.77769 -10.2353 -9.93487 -10.293 -9.87439 -9.06066 -10.0849 -8.25131 -9.89857 -9.87311 -10.2142 
8.93156 -9.8186 -10.0361 -9.71714 -9.75583 -9.87286 -9.15469 -9.74992 -8.52683 -10.5778 -10.6674 -10.1044 
8.41992 -9.64934 -9.7377 -10.0263 -8.67184 -9.72255 -9.26114 -9.54791 -8.22877 -10.511 -11.2378 -9.66651 
9.3798 -9.63563 -9.37296 -10.4427 -9.27045 -9.70471 -9.2832 -8.89741 -8.51503 -10.4196 -10.6717 -9.59978 
9.79592 -10.0274 -9.62032 -10.8625 -10.661 -10.3403 -9.18311 -9.70573 -8.65294 -10.3195 -11.3539 -9.66404 
9.86798 -9.89971 -9.80127 -10.6224 -10.5672 -10.2141 -9.48188 -9.9639 -8.54923 -9.63143 -10.2502 -9.7398 
10.0365 -9.73183 -9.84564 -10.6167 -10.1308 -10.2922 -9.48955 -9.61341 -8.52693 -8.38617 -10.5314 -9.77275 
9.61254 -9.75797 -10.0052 -10.7935 -9.28628 -10.329 -8.98862 -10.1034 -8.43744 -8.86654 -10.7599 -10.008 
9.5904 -9.91235 -9.82737 -11.3201 -11.5075 -9.75835 -8.74002 -9.38924 -8.37472 -9.38047 -11.4896 -9.94033 
9.63066 -9.89634 -9.33221 -10.0056 -12.0714 -9.71353 -9.52421 -9.23017 -8.52618 -9.11931 -11.7595 -9.94544 
9.06935 -9.92691 -9.64072 -9.87108 -11.696 -10.2948 -9.78622 -9.36153 -8.53769 -9.68945 -11.542 -8.93377 
9.06015 -10.047 -9.98278 -9.56593 -11.7598 -10.2521 -9.60955 -9.66797 -8.53769 -9.85188 -10.9246 -10.0974 
9.75142 -10.0762 -9.51353 -10.38 -11.2861 -10.3708 -9.51759 -9.22798 -8.48916 -10.3958 -11.4424 -10.1941 
9.98797 -10.2698 -9.98595 -10.2671 -11.2366 -9.89258 -10.4291 -10.007 -8.47112 -10.5092 -11.3967 -10.2649 
10.0497 -10.0658 -9.91901 -10.8414 -10.246 -10.1073 -9.92655 -10.108 -8.50472 -9.83372 -10.9587 -10.2707 
10.2554 -9.85131 -10.3126 -11.2487 -9.06593 -10.1546 -9.00853 -10.1136 -8.49462 -9.58581 -10.342 -10.3683 
9.31097 -9.98674 -9.90973 -11.1567 -9.99924 -10.1957 -9.6937 -9.98367 -8.34713 -10.1831 -10.2753 -10.3454 
8.33909 -10.003 -9.63897 -11.3392 -11.0091 -9.99797 -9.60864 -10.0256 -8.53907 -10.2158 -9.28607 -10.2434 
7.91975 -9.85817 -9.48008 -11.3396 -10.5306 -10.2291 -10.1092 -9.8066 -8.42434 -9.86759 -9.09822 -9.87484 
6.92145 -9.98802 -9.0727 -10.9933 -10.4776 -10.4577 -10.5584 -9.78271 -8.29541 -10.2057 -10.3833 -9.60492 
7.54193 -10.0089 -8.83714 -10.9885 -11.2045 -10.5596 -10.1452 -9.95986 -8.19497 -10.3475 -9.55617 -10.0914 
7.94232 -9.92157 -8.57127 -10.8432 -9.5452 -10.2534 -11.1862 -10.3958 -8.51985 -10.4212 -9.73752 -9.70951 
7.56122 -9.93736 -8.53041 -11.0107 -9.6641 -9.39412 -10.1752 -9.48444 -9.6019 -10.5669 -11.2162 -9.85774 
8.00939 -10.0881 -9.09219 -10.7168 -10.0465 -10.165 -9.92718 -8.52816 -10.2739 -10.6681 -11.2066 -10.0106 
8.8344 -9.84864 -8.64638 -9.96286 -9.26624 -10.7164 -10.0185 -9.0904 -9.51266 -10.3283 -10.8155 -10.1958 
8.43833 -9.63722 -8.91794 -10.6316 -8.86145 -10.5503 -8.62596 -8.55906 -9.52695 -9.95548 -10.5159 -10.3404 
8.56823 -9.77341 -8.98142 -10.8498 -8.80873 -10.4093 -9.21517 -8.56278 -9.6115 -10.0417 -10.9959 -9.88937 
8.51096 -9.74595 -8.76363 -9.82305 -8.64824 -10.6978 -9.47519 -9.44343 -9.45153 -10.3133 -11.05 -9.66658 
9.2052 -10.0458 -8.64083 -10.58 -8.62763 -10.608 -9.66695 -10.4663 -10.8473 -10.0349 -10.0492 -10.5644 
9.02706 -9.75712 -8.54564 -10.1492 -8.60165 -10.0976 -9.80939 -10.0536 -10.3894 -10.0405 -10.1895 -9.81025 
8.3611 -9.71531 -8.63744 -10.0618 -8.56263 -9.65431 -9.97418 -9.97684 -10.8391 -10.0096 -10.3778 -9.36598 
7.89092 -9.86453 -8.63594 -9.57566 -9.4101 -10.4942 -10.3912 -9.55406 -9.88709 -10.0959 -10.974 -9.7828 
8.64287 -9.89804 -8.61217 -10.0499 -9.06533 -10.5692 -10.3768 -9.71533 -10.915 -9.3775 -10.9628 -9.53273 
7.95823 -9.70639 -8.4726 -10.1365 -9.65265 -9.94645 -10.53 -9.48883 -10.5733 -9.52132 -10.2789 -8.79519 
7.28735 -9.73169 -8.83825 -10.5749 -9.03414 -10.3649 -10.3544 -10.013 -9.49826 -9.77726 -9.32015 -9.59883 
7.61698 -9.95017 -8.74228 -10.4072 -9.41663 -10.2826 -10.086 -9.03269 -10.1614 -10.6557 -10.1647 -10.531 
7.15791 -9.97386 -8.84706 -10.3672 -8.57317 -9.96245 -10.6323 -8.87183 -10.3499 -10.689 -10.8946 -10.6104 
7.15131 -9.59689 -8.6316 -9.65713 -7.77977 -10.3682 -10.6229 -9.38372 -9.15775 -10.6925 -9.66483 -10.207 
8.43882 -9.48009 -8.9687 -9.59026 -7.65714 -10.2323 -10.0128 -8.77612 -9.35703 -10.5677 -9.3071 -10.4227 
7.66743 -9.5325 -9.25432 -9.97063 -8.3179 -9.76674 -9.41304 -8.01161 -9.74387 -9.92742 -10.3828 -10.3156 
8.37696 -9.76636 -9.6614 -10.3497 -8.26926 -9.73964 -9.12191 -9.96624 -9.49418 -10.3979 -10.1195 -10.4627 
7.39053 -9.74403 -8.70404 -10.5703 -8.61131 -9.20432 -9.43577 -10.5411 -9.80104 -10.2168 -9.99581 -10.4266 
7.20065 -9.5471 -8.90912 -9.81765 -9.07841 -9.24047 -9.4245 -9.38314 -9.82563 -10.0949 -9.35145 -10.1911 
6.49763 -9.99971 -9.37129 -10.1011 -10.2755 -9.75016 -9.53252 -11.4315 -9.55002 -10.4661 -9.10331 -10.083 
7.11623 -9.9012 -9.44611 -10.3655 -10.3264 -9.18517 -10.2486 -9.47891 -9.51812 -10.6174 -9.83071 -9.82314 
8.07937 -9.8526 -9.62028 -10.0801 -9.11964 -9.57928 -9.49697 -9.87137 -9.63175 -10.2471 -10.632 -10.0704 
7.9941 -9.8617 -9.80532 -10.8704 -9.05514 -9.82801 -9.76116 -8.98782 -9.69593 -10.0442 -10.285 -10.0452 
7.63607 -10.0566 -10.4025 -10.1818 -9.66051 -9.04089 -10.936 -9.76984 -9.91662 -9.9403 -10.5205 -10.1703 
7.4442 -9.71411 -10.664 -10.6549 -9.68605 -9.25497 -9.12947 -10.258 -9.16361 -8.1397 -10.136 -9.99371 
7.63523 -9.04555 -9.25369 -9.45492 -8.72252 -9.29783 -8.47897 -10.8179 -8.25216 -8.31447 -9.39948 -8.79274 
7.83386 -9.15993 -9.57945 -9.2608 -8.52568 -8.98935 -8.86853 -10.6377 -8.53532 -8.56711 -9.94389 -8.74594 
7.21518 -9.39825 -9.26517 -9.89006 -8.28355 -9.39999 -9.04756 -10.6091 -8.72203 -9.30609 -9.53679 -9.86356 
7.63796 -9.39813 -9.61952 -9.65706 -8.42622 -9.54605 -9.39503 -9.65266 -8.79333 -10.1131 -9.66041 -9.52513 
6.24956 -9.6349 -10.0972 -9.57958 -8.33626 -9.63017 -10.3258 -9.53777 -8.90004 -10.2795 -10.1189 -9.57292 
5.94169 -9.54378 -10.0867 -9.91905 -8.49131 -9.4211 -9.92022 -9.42266 -8.80326 -10.4691 -10.1112 -8.88454 
6.74409 -9.54312 -10.1532 -9.32642 -8.55646 -9.42 -9.16658 -9.5438 -8.73938 -11.3137 -10.2232 -8.78767 
6.92109 -9.42335 -10.3851 -9.07119 -8.17533 -9.50997 -9.08921 -9.86172 -8.79301 -10.5591 -9.76694 -8.9625 
7.72124 -9.46613 -9.91246 -10.1241 -8.44556 -9.17918 -9.53248 -10.2288 -8.51668 -9.97569 -9.61366 -8.99519 
7.82763 -9.64059 -9.332 -10.4129 -8.67433 -10.425 -9.91264 -9.86467 -8.87053 -10.6969 -9.34203 -8.84672 
7.88855 -9.8367 -9.78791 -9.79188 -8.28319 -10.6915 -10.6425 -10.4837 -8.77025 -10.6114 -9.35268 -9.94653 
7.78797 -9.78407 -10.748 -9.68811 -8.40135 -9.96457 -10.3877 -9.52112 -9.21435 -10.4002 -9.5132 -9.99724 
8.11944 -9.78013 -10.9354 -9.78962 -8.52375 -9.95797 -10.7122 -9.40215 -8.87875 -9.66156 -9.69363 -10.2113 
7.86072 -9.82214 -11.2345 -9.90641 -9.03777 -9.42235 -10.7515 -9.15703 -8.91643 -9.14677 -9.64724 -10.7779 
8.73981 -9.73755 -9.40543 -9.78902 -9.95262 -9.40103 -10.9297 -9.09777 -8.78853 -10.2226 -9.43716 -10.4651 
9.92157 -9.88846 -10.3271 -9.55982 -10.4639 -9.8808 -10.0563 -9.04638 -8.5666 -10.2708 -10.2937 -10.4431 
9.61501 -9.96693 -10.9968 -9.10668 -10.8782 -10.0363 -10.2531 -8.78146 -8.74035 -10.3285 -10.299 -10.3468 
9.09017 -9.99338 -10.5616 -9.24795 -11.3948 -10.5557 -9.54895 -9.48029 -8.84804 -9.84288 -9.60827 -10.6194 
9.19954 -9.93202 -11.0529 -9.13384 -10.532 -10.148 -10.7137 -9.4494 -8.66866 -10.0889 -8.61907 -11.0713 
9.78389 -9.95036 -10.9505 -9.49602 -10.6894 -9.42175 -10.4027 -9.56956 -8.94444 -9.94993 -9.09573 -10.928 
10.9777 -10.0179 -11.4433 -9.31748 -10.4212 -9.41286 -10.4515 -9.4472 -8.88889 -10.1991 -9.79895 -10.9691 
10.6199 -10.1379 -11.4889 -8.98648 -10.9098 -9.8435 -10.6499 -10.1393 -8.75615 -9.31336 -10.1238 -10.9368 
10.1644 -9.98273 -11.6749 -8.85062 -10.9308 -9.58594 -9.57541 -9.61422 -8.94887 -9.73162 -9.81388 -10.8792 
8.87544 -10.0132 -11.7837 -9.99781 -9.78313 -8.90155 -9.86096 -9.17108 -8.98894 -10.7638 -10.4424 -10.2616 
7.97956 -9.81349 -11.1138 -9.22792 -10.3285 -8.70056 -10.3169 -9.35486 -8.76391 -9.93346 -10.7337 -9.85232 
7.66517 -9.85556 -11.159 -10.5443 -9.96206 -8.67443 -10.4913 -9.52716 -8.70842 -9.20779 -10.7233 -9.783 
7.20253 -9.88599 -10.2708 -10.6926 -10.6253 -8.59613 -9.82007 -9.93731 -9.08197 -9.42269 -10.6533 -9.83051 
7.25961 -9.84542 -10.6947 -10.434 -11.0171 -8.55099 -10.1836 -9.86343 -8.54953 -9.399 -9.99221 -9.93917 
7.63024 -9.70767 -10.179 -9.59574 -10.6284 -8.78635 -9.90612 -9.87151 -8.84422 -10.0914 -9.39147 -9.89302 
6.49894 -9.99834 -9.86853 -11.8784 -10.6312 -8.7374 -10.2481 -9.87993 -8.6137 -10.1088 -9.76034 -9.92045 
6.83341 -10.067 -10.7386 -11.0766 -11.6708 -8.38711 -10.4398 -10.3582 -8.76942 -9.71421 -9.73489 -9.99901 
6.77183 -9.91932 -10.8354 -11.4259 -10.9378 -8.61085 -10.1755 -9.89152 -9.13358 -8.43376 -9.79373 -9.56265 
7.11808 -10.0027 -10.3109 -10.787 -11.1839 -8.92093 -10.423 -10.8412 -9.15875 -8.49068 -9.85603 -9.90297 
8.18927 -9.62331 -9.69441 -9.15639 -10.676 -9.29991 -10.412 -10.4013 -8.90074 -8.78389 -9.93546 -9.01422 
7.68708 -9.3787 -10.3842 -9.11887 -10.2029 -9.32865 -10.5154 -9.90016 -8.82587 -8.05826 -9.22861 -8.28067 
7.12993 -9.24009 -9.01762 -9.85343 -9.53254 -9.55976 -10.2704 -9.39214 -8.99623 -7.80903 -8.70997 -9.05951 
6.10588 -9.30967 -8.6139 -10.1441 -8.79656 -9.5982 -10.2421 -9.27029 -8.91397 -8.18055 -8.90945 -10.2948 
7.24448 -9.61402 -10.1938 -10.428 -9.0572 -10.3245 -10.2629 -9.28183 -8.91242 -8.70843 -8.88985 -10.2504 
