258
0.261406 500
0.261406 500
0.226838 1501
0.226838 1501
0.13945 2502
0.13945 2502
0.351777 3503
0.351777 3503
0.0950066 4504
0.0950066 4504
0.0447576 5505
0.0447576 5505
0.000375141 3053
0.000125016 9982
0.385108 7507
0.385108 7507
0.399462 8508
0.399462 8508
0.804453 9509
0.804453 9509
0.00150225 2491
0.000312598 8430
0.010803 1520
6.25039e-05 8513
0.0467613 5232
0.0557484 9044
0.00162764 3222
0.00231786 5910
0.000562817 3260
6.25039e-05 2594
0.000375141 1553
0.00479116 82
0.0104143 2117
0.0212745 6721
0.000312598 981
0.00810974 3427
0.000125016 7396
0.00385242 7306
0.00131422 5184
0.0358442 5416
0.0124578 8865
0.000687973 584
6.25039e-05 1522
0.0401092 2515
0.00175307 9983
0.00540405 6331
0.0486159 7905
0.000375141 5161
0.0686366 4541
0.000187535 2898
0.23121 1531
0.00452034 1081
0.00978227 8621
6.25039e-05 6558
0.00502513 1767
6.25039e-05 5247
0.143844 7112
0.00150225 9629
0.000875766 4349
0.0351297 2681
0.0174881 9486
0.00150225 4964
0.000815502 4570
0.00156029 63
0.0370965 7998
0.0272873 632
0.0271554 7126
0.0297327 9437
0.000187535 9888
0.0452734 3890
6.25039e-05 795
0.00477267 3961
0.045658 2794
0.0210731 6122
0.00275758 7703
0.0178243 704
0.0117637 874
0.00483577 6443
0.0178765 969
0.0800772 8841
0.000250063 3252
0.00156495 6838
0.000894422 4922
0.0303759 18
0.00749323 3391
0.0120177 3155
0.000375141 5747
0.000375141 8455
0.000437691 5194
6.25039e-05 7915
0.00642359 3928
0.000312598 4814
0.00307191 1455
0.0827818 9469
0.000250063 9062
0.00942788 6060
0.00711273 1540
0.00112627 9341
0.0502133 8724
0.019209 9083
0.000125016 1577
0.269011 1572
0.0283926 5258
0.00393838 8635
0.102227 9144
0.0504891 8018
0.00275659 7274
0.000750563 8066
0.0311936 6748
0.000125016 1413
0.0536686 3832
0.000125016 2533
0.000562817 4716
0.0294073 7872
0.024459 8086
0.00200401 1783
0.000250063 9219
0.037586 5805
0.049731 5092
0.000625391 7251
0.001001 4525
0.000125016 7425
0.104649 41
0.000187535 7661
0.0170043 195
6.25039e-05 7437
0.00319769 1436
0.000750563 6942
0.015822 8140
0.0192799 9438
0.00585327 8426
0.0212807 2071
0.0188487 2183
0.000875766 8258
0.0147894 6861
0.0469012 3155
6.25039e-05 2821
0.021509 3942
0.0461619 433
0.0249183 8968
0.00445728 9906
0.00244346 2606
6.25039e-05 4261
0.00276504 7763
6.25039e-05 7853
0.0494809 1518
0.00755668 2094
0.00294615 8963
0.014649 4657
0.00282043 8333
0.00279733 2391
0.00101217 1565
0.0063526 2781
0.000250063 9421
0.000375141 3286
0.046948 8925
0.000562817 9535
0.260723 4884
0.0286689 2585
0.000687973 663
6.25039e-05 2040
0.0174653 729
0.0898086 3658
0.0183579 4411
0.0156084 5023
0.0116338 7238
0.00600513 9919
0.104633 5075
0.102622 1603
6.25039e-05 6028
0.0492236 1779
0.0231634 2184
0.00145558 3666
0.0417286 8864
0.0113141 6266
0.02038 6617
0.00540405 870
0.180227 6426
0.0259699 702
0.00231786 8092
0.00050025 4834
0.000562817 7439
0.00178972 4849
0.000813161 7571
0.000125016 1837
0.0651553 654
0.0200179 8961
0.000687973 5615
0.00971854 8620
0.00156495 914
0.0583326 6666
5.27852e-05 2430
0.000312598 4841
0.000125016 8075
0.000625391 7204
6.25039e-05 3956
0.101072 4173
0.000340469 4747
0.00288329 6419
0.00150225 1884
0.001001 1202
0.00648441 2533
0.00137689 287
0.00598574 789
0.000375141 8382
0.010101 1421
0.00695397 1865
0.000687973 4279
0.00150225 4825
0.000125016 9418
0.000187535 63
6.25039e-05 2253
0.0347281 141
0.000250063 3572
0.00793751 6944
0.00401606 1237
0.0128776 1797
0.0222989 308
0.0307868 4700
0.000625391 5547
0.00050025 9453
0.000750563 9139
0.000250063 4440
0.0342795 3728
0.00182384 963
0.0277492 4252
0.000875766 9766
0.0120861 744
0.000813161 8059
0.00050025 6047
0.00050025 6765
0.00800101 8125
0.00112627 7612
6.25039e-05 1580
0.00112627 4247
0.0153573 7086
0.00175307 7644
0.0051514 6705
6.25039e-05 8292
0.011823 6636
0.000312598 9434
0.000250063 6760
6.25039e-05 8472
0.000125016 1750
0.00050025 3716
0.000250063 8283
0.000375141 7916
0.000250063 3098
0.000250063 7120
6.25039e-05 2837
6.25039e-05 2408
6.25039e-05 4678
0.000250063 2438
6.25039e-05 10001
0.000250063 9162
0.000125016 6267
0.000125016 1899
0.000125016 9731
