101 100 10
-7.74764 -7.94586 -8.06165 -7.30876 -7.89966 -7.21933 -9.96385 -6.93991 -7.02549 -7.342 -8.82705 -8.8709 
3.19337 -9.67208 -10.4149 -10.2684 -9.56028 -9.35357 -9.32842 -9.25623 -8.2363 -8.61008 -10.9468 -10.9208 
7.95269 -10.0178 -10.0149 -11.52 -11.553 -9.13256 -10.5564 -10.8122 -9.5161 -8.21521 -10.6593 -8.14394 
10.6647 -10.2706 -10.6796 -10.0292 -12.1232 -10.5758 -10.0456 -9.09804 -10.948 -9.6614 -9.80272 -10.0146 
8.29386 -10.1101 -9.59971 -9.38379 -9.36442 -8.98204 -10.0558 -10.3087 -11.1267 -11.5189 -10.3927 -10.4635 
9.68092 -9.93761 -9.74562 -9.84901 -9.66741 -10.7074 -9.03794 -10.9848 -10.2342 -9.2535 -9.31778 -10.4942 
11.4328 -10.0659 -10.4516 -10.7909 -10.6255 -9.60291 -10.0358 -9.75749 -9.42361 -10.3465 -10.3594 -9.18732 
7.88602 -9.94715 -11.6249 -11.5738 -9.61979 -9.75766 -10.4711 -9.77191 -10.8577 -9.26483 -7.78742 -8.93064 
10.2487 -10.1016 -10.3217 -10.5759 -10.063 -9.77885 -9.94023 -10.8541 -10.3909 -8.84618 -10.1927 -10.0303 
12.668 -10.2656 -9.36213 -11.5104 -10.5489 -9.68395 -10.2012 -10.0361 -10.3964 -9.8829 -9.1744 -11.9547 
12.003 -10.1582 -9.65959 -10.5938 -11.3404 -10.3685 -9.70112 -10.2309 -11.1757 -8.95231 -10.0884 -9.6654 
9.16975 -9.68388 -9.45063 -9.49721 -8.6472 -9.90489 -10.7122 -10.3741 -9.60529 -10.2677 -8.72919 -10.0037 
9.09613 -9.64375 -9.6127 -9.34048 -10.8805 -8.53989 -10.8603 -9.59832 -9.76537 -10.0932 -7.88779 -9.71595 
8.64839 -9.48177 -10.3306 -8.88495 -10.778 -8.45358 -10.2329 -9.17296 -9.42042 -8.37631 -9.41156 -9.70432 
9.1569 -9.58131 -8.30642 -9.44955 -10.6657 -8.81603 -10.0198 -10.668 -9.00781 -9.9231 -9.44042 -9.48416 
10.5338 -9.64405 -8.8471 -9.70073 -9.15452 -9.77212 -9.69119 -9.60939 -9.89276 -9.87218 -10.2942 -9.61139 
8.192 -9.81515 -9.16527 -11.0528 -10.2656 -10.6932 -9.65187 -9.01675 -10.3338 -9.95938 -9.08711 -9.10669 
9.18294 -9.82923 -8.62345 -9.74539 -10.4325 -10.4438 -10.712 -9.31368 -10.4449 -10.4637 -8.85452 -9.16367 
9.74114 -9.85815 -10.0923 -11.1141 -10.1968 -9.24495 -9.42753 -8.59681 -9.13311 -10.0866 -10.7609 -9.89741 
9.87584 -10.1982 -10.6309 -10.8456 -9.53114 -9.71004 -10.7764 -10.2087 -9.9337 -11.3675 -8.86019 -10.1477 
8.63873 -9.94868 -10.4773 -10.2775 -9.5566 -11.3152 -10.0624 -10.6584 -9.31551 -9.31898 -9.05634 -9.36193 
9.5869 -9.85686 -9.3879 -10.0286 -10.2468 -10.8654 -8.86075 -9.45675 -10.7604 -10.6819 -8.80139 -9.38287 
10.2997 -9.87819 -9.9656 -8.96 -9.08059 -10.9097 -11.1187 -10.9843 -9.08181 -10.6159 -8.718 -9.53726 
9.10026 -9.80653 -8.90031 -10.9706 -9.7841 -10.7881 -9.82638 -10.2252 -9.62884 -9.70541 -8.58946 -9.72027 
8.57522 -10.0157 -7.89016 -10.793 -9.51266 -11.2499 -9.95537 -9.05475 -11.173 -11.3536 -9.79858 -9.75898 
10.3812 -10.3455 -8.96998 -9.48471 -10.7969 -12.4716 -10.1192 -8.76939 -10.6722 -11.3243 -11.0569 -10.2116 
9.32268 -10.0799 -9.17084 -9.78697 -11.7105 -11.3201 -8.87107 -9.62585 -10.2674 -10.3593 -10.5285 -9.38875 
9.6566 -10.4847 -10.1675 -10.1628 -11.2437 -11.3976 -10.3986 -9.32846 -12.1141 -10.4179 -9.8297 -9.63643 
9.87593 -9.98831 -9.98891 -10.593 -9.4897 -11.3184 -9.63585 -10.1191 -9.41165 -9.68406 -9.83661 -9.92048 
8.92144 -10.2637 -10.5288 -11.4795 -9.2287 -11.0885 -8.99681 -11.3086 -9.74464 -9.19385 -9.86576 -11.079 
11.6553 -10.0889 -10.7532 -11.3979 -8.96796 -10.777 -8.74544 -10.3402 -9.53031 -10.2908 -10.0287 -10.0057 
9.61195 -9.9426 -9.4627 -9.91552 -9.55341 -9.93526 -9.84035 -11.3213 -9.27838 -9.57734 -10.5598 -10.1481 
8.53682 -10.3095 -10.1976 -10.7841 -10.8 -9.59547 -9.49443 -10.977 -9.76552 -11.116 -9.95983 -10.3402 
8.5542 -9.98108 -11.0615 -9.67917 -11.2522 -10.1689 -9.96654 -9.50924 -9.59762 -7.19481 -9.72414 -12.0993 
9.61351 -10.0384 -9.97012 -9.99913 -10.2906 -10.4643 -10.1504 -10.0313 -10.1925 -9.86966 -9.86168 -9.69177 
10.0267 -9.99656 -10.292 -10.5858 -9.57102 -9.53975 -10.3062 -10.9164 -9.43456 -9.99519 -9.60167 -9.72803 
8.88475 -10.1958 -9.60973 -11.2273 -10.2261 -10.1072 -9.65089 -10.6254 -10.6614 -11.5848 -8.21266 -10.0663 
7.57567 -9.99427 -9.84299 -11.7725 -9.30667 -10.182 -9.94415 -8.55834 -10.5958 -9.49235 -9.35211 -11.0775 
10.9255 -10.0401 -10.165 -10.1678 -9.72292 -9.41018 -10.0333 -11.7438 -9.86044 -10.8578 -8.95908 -9.6232 
8.90419 -9.9693 -9.3063 -8.1734 -8.89857 -10.6625 -11.9667 -11.3132 -9.46438 -9.8772 -8.91775 -10.708 
8.78658 -9.81434 -9.18865 -8.92325 -9.14021 -10.2683 -9.47176 -11.0812 -9.27178 -10.6616 -9.70081 -10.3243 
9.45389 -9.67199 -8.8077 -9.93893 -9.81514 -9.40133 -9.94885 -9.76515 -8.50501 -9.97587 -9.92583 -10.7335 
9.98233 -9.36976 -7.85279 -9.50487 -9.85014 -10.1609 -8.60125 -10.2233 -9.14214 -9.30507 -9.46897 -9.76068 
9.15571 -9.7327 -9.38688 -10.0555 -9.41748 -10.7222 -7.29114 -10.0258 -10.3923 -10.6119 -9.17764 -10.1876 
9.20018 -9.91643 -10.2525 -9.596 -9.6112 -10.2874 -9.98554 -10.5534 -9.03502 -8.51706 -9.88913 -10.9726 
8.43329 -9.81051 -9.87845 -9.63654 -9.40712 -10.5538 -8.76211 -9.23826 -10.2035 -9.46943 -9.92907 -11.0321 
8.34292 -10.2317 -10.2221 -10.0363 -9.58897 -9.89786 -11.0617 -10.4646 -9.56502 -10.0894 -10.5135 -10.938 
11.1223 -10.1785 -10.4623 -9.92658 -9.53467 -10.4168 -10.7737 -10.9075 -9.08817 -10.4246 -9.90203 -10.3164 
9.90098 -9.82858 -11.0826 -10.2061 -8.60993 -9.1075 -10.1656 -10.5404 -9.28016 -10.0161 -10.217 -9.1791 
8.3727 -10.5666 -9.73469 -9.64981 -10.3387 -12.0225 -10.9787 -11.5658 -10.6515 -9.66137 -11.163 -9.82685 
9.17447 -9.91572 -11.2629 -9.91003 -9.3214 -8.91812 -11.1214 -9.92442 -9.88947 -9.33215 -10.1788 -9.36706 
8.53605 -9.90655 -9.20288 -8.81232 -9.93671 -9.25905 -10.7754 -10.8497 -10.004 -9.83202 -10.8139 -9.37649 
9.36917 -10.43 -10.5536 -9.68322 -9.50228 -10.4929 -11.0246 -11.679 -11.0278 -10.6972 -10.7378 -8.74757 
10.809 -10.2103 -10.0822 -9.70838 -9.66132 -11.3297 -10.1379 -10.1455 -10.6896 -10.1791 -11.1706 -8.80507 
10.8622 -9.6295 -9.2526 -8.05704 -10.6416 -10.135 -10.1581 -9.86043 -10.8316 -9.45352 -9.25713 -8.65943 
10.123 -9.61735 -10.3919 -8.41695 -8.81 -10.1637 -10.9354 -10.5639 -9.54199 -9.52058 -8.2928 -9.25298 
10.8256 -9.92619 -10.5812 -8.70285 -9.51383 -9.59738 -9.96651 -10.8222 -10.7033 -9.96046 -8.90338 -10.405 
10.6341 -9.7687 -9.23943 -10.2101 -9.75818 -9.7795 -7.51132 -9.83741 -9.86052 -9.70111 -11.0039 -10.5888 
10.0208 -9.98357 -10.1326 -9.0366 -11.1299 -10.0666 -9.71901 -9.78738 -9.97248 -9.22018 -11.1495 -9.54091 
12.0627 -9.43301 -10.0899 -10.0799 -9.12883 -10.3006 -9.0524 -8.68813 -10.3174 -9.2557 -8.97149 -8.52539 
11.5999 -9.50284 -9.27149 -10.5384 -9.50703 -9.98634 -9.42558 -9.6595 -9.83898 -8.45231 -8.89746 -9.4681 
9.68254 -9.97383 -10.6192 -10.5188 -9.56144 -9.15439 -9.68326 -9.85598 -9.88359 -9.25415 -10.7465 -10.2839 
10.6769 -9.7677 -9.6462 -10.7864 -9.45853 -9.3323 -9.54057 -9.69324 -9.61036 -9.96824 -9.82131 -9.96909 
10.8995 -9.64016 -10.4132 -10.5761 -9.67413 -9.45892 -11.7447 -8.96351 -9.45252 -8.90434 -8.8437 -8.30985 
9.75098 -10.0156 -9.92286 -10.7846 -10.1881 -10.5604 -11.1248 -9.34476 -9.6113 -10.2875 -9.00943 -9.65425 
10.2677 -9.78958 -10.5757 -10.0252 -8.48452 -8.97294 -10.125 -9.9612 -9.47521 -10.4778 -9.57259 -10.3196 
8.17891 -9.76208 -10.4562 -9.33072 -9.48165 -9.64701 -9.84855 -10.0792 -9.63473 -9.41333 -9.56555 -10.1168 
10.9068 -9.41372 -9.83191 -9.6533 -9.54621 -8.47325 -10.0403 -9.99797 -9.72893 -9.48108 -8.16317 -9.46293 
8.43013 -9.86477 -10.6093 -11.1189 -9.79243 -8.20294 -10.6325 -8.8311 -9.48339 -8.85248 -10.4933 -10.565 
8.52133 -9.77628 -9.62528 -10.6564 -10.6039 -7.8667 -10.8599 -9.83221 -9.19336 -10.2602 -9.74083 -9.13122 
10.2458 -9.60475 -9.86453 -9.62639 -9.51497 -7.76255 -10.1694 -9.63949 -10.1351 -9.80889 -9.62358 -9.79072 
10.9602 -9.82543 -10.4503 -10.8214 -9.6462 -8.43952 -10.2297 -9.46474 -9.75573 -10.4455 -9.55924 -9.69591 
10.0904 -9.94058 -10.1579 -10.9027 -9.30627 -9.12886 -9.42089 -9.48736 -10.4155 -10.3052 -10.3086 -10.0767 
11.0979 -9.87829 -9.43078 -10.0963 -10.0631 -10.168 -9.47563 -9.15186 -9.58248 -10.157 -10.9677 -9.82501 
11.1038 -9.6191 -9.61518 -8.68354 -9.58867 -9.96014 -9.69415 -9.51016 -9.48175 -9.67528 -10.1734 -9.87939 
9.39775 -9.76514 -11.4962 -9.24993 -10.3643 -10.9712 -9.37529 -9.27471 -9.08886 -9.30391 -8.66517 -9.82998 
9.92171 -9.90993 -9.95742 -9.91802 -10.9637 -10.8261 -9.62788 -10.0149 -10.4144 -8.55212 -8.798 -9.79542 
11.7425 -9.94091 -10.2815 -9.95027 -10.4665 -10.6569 -9.85313 -9.20016 -9.76474 -9.0121 -9.93806 -10.1073 
11.1207 -10.1452 -10.7072 -9.44479 -9.92843 -10.0227 -9.29085 -10.1889 -9.78841 -10.2865 -10.9474 -10.7173 
9.44195 -9.8805 -10.5851 -10.3824 -10.4948 -9.39978 -9.82751 -9.97313 -10.0071 -7.26552 -9.91197 -10.792 
8.23372 -10.167 -9.66584 -10.6915 -10.2436 -10.1842 -10.7163 -9.37815 -10.9078 -9.42299 -10.2334 -9.90736 
8.70082 -9.62644 -9.13919 -10.4447 -10.7654 -9.59336 -9.86745 -8.37557 -9.40901 -9.69438 -9.81466 -9.26069 
8.41395 -9.80596 -9.61299 -9.74799 -9.76486 -9.55272 -10.8576 -9.04727 -9.39555 -10.6736 -9.82849 -9.67087 
8.55555 -9.9294 -9.08756 -9.82562 -9.66329 -10.6738 -9.70126 -10.2177 -10.168 -10.5321 -9.70664 -9.67139 
7.52458 -9.96905 -9.66362 -10.7712 -9.74477 -10.725 -9.22614 -9.49457 -9.65441 -10.1501 -9.70243 -10.5566 
7.69536 -10.0434 -9.97229 -10.489 -9.8557 -9.04311 -9.39943 -9.12821 -10.7915 -10.4564 -11.1261 -9.95998 
9.24067 -9.53374 -9.61199 -8.4125 -9.30635 -10.7909 -9.38888 -8.87088 -9.5838 -10.1054 -10.0631 -9.58542 
10.0981 -9.10352 -10.4547 -8.43742 -8.76004 -9.65707 -9.01524 -8.30315 -8.6032 -9.03394 -9.09838 -9.48817 
10.3133 -9.73515 -10.2799 -9.54802 -10.2026 -10.6319 -9.57193 -8.9978 -8.50679 -9.48267 -10.5607 -9.58264 
11.1198 -9.68106 -9.82862 -9.78827 -9.75922 -9.79996 -8.77381 -9.66372 -8.82454 -9.66022 -10.7578 -9.99382 
9.90199 -9.48872 -9.82159 -9.47766 -9.12601 -8.92042 -9.73351 -9.23604 -9.53838 -9.4137 -10.5652 -9.02667 
9.34898 -9.62179 -9.99668 -8.94977 -8.28411 -9.34594 -9.41894 -10.7874 -9.38379 -10.0574 -10.2143 -9.98949 
10.2296 -9.64976 -11.1634 -8.48811 -9.03964 -8.60646 -9.80955 -9.53387 -9.83341 -10.3001 -10.0639 -9.83435 
10.1306 -9.89112 -11.3341 -9.62916 -8.90511 -9.44972 -10.3998 -9.83868 -9.69406 -9.12946 -10.1445 -10.1672 
9.59269 -10.0606 -10.9632 -9.99979 -8.56988 -10.0642 -10.1463 -10.172 -9.79513 -9.71571 -11.0836 -10.3431 
8.15383 -10.3097 -10.0346 -10.2666 -9.11422 -10.6912 -10.575 -10.5156 -10.066 -10.4889 -10.924 -10.5282 
8.3383 -10.2247 -10.2227 -10.5805 -8.885 -11.4081 -10.3084 -11.2858 -9.63892 -10.0618 -9.97932 -9.86911 
8.1196 -10.2317 -10.2801 -9.67133 -9.44521 -11.2739 -10.2834 -10.6967 -10.268 -11.4516 -8.97223 -10.0852 
8.08369 -10.2387 -10.2816 -9.58625 -10.2382 -10.3689 -10.4054 -9.73786 -10.546 -11.5041 -9.47876 -10.1879 
8.38044 -10.0246 -10.3055 -10.0145 -9.86263 -10.9387 -9.55726 -9.86293 -10.5513 -9.28657 -9.50366 -10.5346 
9.82965 -10.1356 -10.3408 -11.5566 -9.94886 -10.4781 -9.62136 -9.72049 -10.0368 -9.35006 -9.74348 -10.8327 
