500
0.54709 490
0.54709 490
0.121006 491
0.121006 491
0.260051 492
0.260051 492
0.155855 493
0.155855 493
0.0181602 494
0.0181602 494
0.109859 495
0.109859 495
0.233618 496
0.233618 496
0.184834 497
0.184834 497
0.0099149 498
0.0099149 498
0.036214 499
0.036214 499
0.178724 500
0.178724 500
0.130159 501
0.130159 501
0.110803 502
0.110803 502
0.028943 503
0.028943 503
0.0790265 504
0.0790265 504
0.0569428 8380
0.00050025 9537
0.00154831 506
0.00154831 506
0.0584288 507
0.0584288 507
0.000250063 8828
0.0385564 7939
0.118283 509
0.118283 509
0.0489052 1490
0.0489052 1490
0.191281 1491
0.191281 1491
0.179245 1492
0.179245 1492
0.637666 1493
0.637666 1493
0.426025 1494
0.426025 1494
0.527162 1495
0.527162 1495
0.451657 1496
0.451657 1496
0.226806 1497
0.226806 1497
0.321495 1498
0.321495 1498
0.234187 1499
0.234187 1499
0.120134 1500
0.120134 1500
0.220363 1501
0.220363 1501
0.000250063 5278
0.000125016 5048
0.480048 1503
0.480048 1503
0.0370754 7819
0.000125016 3661
0.106415 1505
0.106415 1505
0.174053 1506
0.174053 1506
0.280205 1507
0.280205 1507
0.425517 1508
0.425517 1508
0.0548523 1509
0.0548523 1509
0.00717613 8741
0.00742979 7695
0.143166 2491
0.143166 2491
0.00162764 5985
0.00250627 2960
0.0465271 2493
0.0465271 2493
0.0288737 2494
0.0288737 2494
0.128377 2495
0.128377 2495
0.353659 2496
0.353659 2496
0.0049177 2497
0.0049177 2497
0.00123303 2498
0.00123303 2498
0.282505 2499
0.282505 2499
0.150351 2500
0.150351 2500
0.0534633 2501
0.0534633 2501
0.117028 2502
0.117028 2502
0.200887 2503
0.200887 2503
0.271672 2504
0.271672 2504
0.0784641 2505
0.0784641 2505
0.114517 2506
0.114517 2506
0.127718 2507
0.127718 2507
0.0644917 2508
0.0644917 2508
0.465494 2509
0.465494 2509
0.012313 3490
0.012313 3490
0.21224 3491
0.21224 3491
0.00794122 3492
0.00794122 3492
0.0472575 3493
0.0472575 3493
0.000649 3494
0.000649 3494
0.240934 3495
0.240934 3495
0.010658 3496
0.010658 3496
0.0113366 3497
0.0113366 3497
2.09596e-05 3498
2.09596e-05 3498
0.00918177 3499
0.00918177 3499
0.147586 3500
0.147586 3500
0.231485 3501
0.231485 3501
0.231568 3502
0.231568 3502
0.0847458 3503
0.0847458 3503
0.041938 3504
0.041938 3504
0.197963 3505
0.197963 3505
0.000571546 3506
0.000571546 3506
0.25037 3507
0.25037 3507
0.0390181 3508
0.0390181 3508
0.0573619 3509
0.0573619 3509
0.155902 4490
0.155902 4490
0.255469 4491
0.255469 4491
0.0308163 4492
0.0308163 4492
0.163636 4493
0.163636 4493
0.0548523 4494
0.0548523 4494
0.0146863 4495
0.0146863 4495
0.198749 4496
0.198749 4496
0.109262 4497
0.109262 4497
0.0468464 4498
0.0468464 4498
0.0410545 4499
0.0410545 4499
0.108813 4500
0.108813 4500
0.141203 4501
0.141203 4501
0.0074745 4502
0.0074745 4502
0.116569 4503
0.116569 4503
0.110201 4504
0.110201 4504
0.239525 4505
0.239525 4505
0.0555482 4506
0.0555482 4506
0.144656 4507
0.144656 4507
0.0732493 4508
0.0732493 4508
0.177177 4509
0.177177 4509
0.120334 5490
0.120334 5490
0.109632 5491
0.109632 5491
0.239157 5492
0.239157 5492
0.143199 5493
0.143199 5493
0.00800044 5494
0.00800044 5494
0.150631 5495
0.150631 5495
0.110556 5496
0.110556 5496
0.0275 5497
0.0275 5497
0.0549914 5498
0.0549914 5498
0.436809 5499
0.436809 5499
0.0376952 5500
0.0376952 5500
0.116695 5501
0.116695 5501
0.000354998 5502
0.000354998 5502
0.101777 5503
0.101777 5503
0.0548523 5504
0.0548523 5504
0.0548523 5505
0.0548523 5505
0.223226 5506
0.223226 5506
0.322247 5507
0.322247 5507
0.253644 5508
0.253644 5508
0.129643 5509
0.129643 5509
0.0133311 6490
0.0133311 6490
0.00704935 2534
0.00050025 5813
0.110186 6492
0.110186 6492
0.125319 6493
0.125319 6493
0.0572221 6494
0.0572221 6494
0.0812272 6495
0.0812272 6495
0.0183299 6496
0.0183299 6496
0.086924 6497
0.086924 6497
0.00971854 6498
0.00971854 6498
0.061712 6499
0.061712 6499
0.112192 6500
0.112192 6500
0.107726 6501
0.107726 6501
0.0827203 6502
0.0827203 6502
0.000217565 6503
0.000217565 6503
0.0358633 6504
0.0358633 6504
0.0449331 6505
0.0449331 6505
0.0362694 2638
0.055409 8145
0.138655 6507
0.138655 6507
0.148383 6508
0.148383 6508
0.198383 6509
0.198383 6509
0.00068323 7490
0.00068323 7490
0.180439 7491
0.180439 7491
0.201161 7492
0.201161 7492
0.780719 7493
0.780719 7493
0.288891 7494
0.288891 7494
0.308044 7495
0.308044 7495
0.158916 7496
0.158916 7496
0.0774974 7497
0.0774974 7497
0.325592 7498
0.325592 7498
0.00562728 7499
0.00562728 7499
0.00201573 7500
0.00201573 7500
0.0668692 7501
0.0668692 7501
0.203981 7502
0.203981 7502
0.180613 7503
0.180613 7503
0.200344 7504
0.200344 7504
0.17532 7505
0.17532 7505
0.0656534 7506
0.0656534 7506
0.0278477 7507
0.0278477 7507
0.104667 7508
0.104667 7508
0.0739823 7509
0.0739823 7509
0.00464649 6350
0.0032606 1295
0.154068 8491
0.154068 8491
0.205436 8492
0.205436 8492
0.0749798 8493
0.0749798 8493
0.145803 8494
0.145803 8494
0.136848 8495
0.136848 8495
0.10208 8496
0.10208 8496
0.298912 8497
0.298912 8497
0.136393 8498
0.136393 8498
0.0867167 8499
0.0867167 8499
0.11142 8500
0.11142 8500
0.0569428 8501
0.0569428 8501
0.120814 8502
0.120814 8502
0.367343 8503
0.367343 8503
0.165966 8504
0.165966 8504
0.11142 8505
0.11142 8505
0.00366436 8506
0.00366436 8506
0.168695 8507
0.168695 8507
0.321644 8508
0.321644 8508
0.00736862 8509
0.00736862 8509
0.353638 9490
0.353638 9490
0.0822878 9491
0.0822878 9491
0.104362 9492
0.104362 9492
0.0283093 9493
0.0283093 9493
0.100975 9494
0.100975 9494
0.112415 9495
0.112415 9495
0.069692 9496
0.069692 9496
0.21866 9497
0.21866 9497
0.253918 9498
0.253918 9498
0.169117 9499
0.169117 9499
0.100413 9500
0.100413 9500
0.0542963 9501
0.0542963 9501
0.462113 9502
0.462113 9502
0.188707 9503
0.188707 9503
0.187502 9504
0.187502 9504
0.409115 9505
0.409115 9505
0.0364946 9506
0.0364946 9506
5.76119e-07 9507
5.76119e-07 9507
0.242429 9508
0.242429 9508
0.173709 9509
0.173709 9509
0.0314595 2952
0.00300903 9937
0.0548523 2397
0.0185893 6563
0.0139532 8350
0.0139417 7918
0.000125016 9973
0.0317256 1659
0.0376135 6479
0.0572221 8408
0.0573619 8610
0.0368066 4029
0.0239345 8412
0.00768359 4622
0.0423453 2362
0.0331913 7826
0.000375141 2105
0.0509721 3159
0.053602 7254
0.0104838 5053
0.119644 6542
0.0576415 1945
0.000125016 3096
0.0465725 7862
0.0545742 2421
0.000750563 4264
0.0582011 4990
0.039096 3179
0.0548523 4744
0.055409 2285
0.0166523 8782
0.00212953 9143
0.0102286 8769
0.0558268 4494
0.0120177 5956
0.000250063 7041
0.000125016 2695
0.0255096 2248
0.0581653 4567
0.0489052 1638
0.00050025 6468
0.090282 7498
0.00502513 3525
0.00050025 4775
0.011378 6434
0.001001 2285
0.000625391 445
0.00125156 3893
0.0568032 3211
0.0498688 1485
0.00050025 7018
0.0509721 9897
0.0200179 4520
0.0422095 2101
0.0468464 6135
0.055409 5380
0.001001 1056
0.0422095 8779
0.00351229 8499
0.0468464 5911
0.00768359 3898
0.0127864 1257
0.0494556 9395
0.00162764 281
0.0573619 5236
0.0530765 2124
0.00150225 2820
0.0509721 9745
0.0486302 8680
0.00414209 5970
0.0427529 7071
0.00464649 5484
0.000125016 519
0.00654253 6912
0.00200401 2372
0.00439422 1335
0.001001 2555
0.00050025 1951
0.000250063 8751
0.0051514 9486
0.00112627 8114
0.000125016 4591
0.000125016 54
0.000125016 6172
0.000250063 9341
0.000125016 6771
0.000125016 9908
0.000250063 8076
0.000375141 9131
0.000125016 7590
0.000625391 406
0.000125016 1065
0.000750563 6677
0.00050025 476
0.000375141 8356
0.000625391 1059
0.000250063 2263
0.000125016 3288
0.000125016 3746
0.000125016 8935
