749
0.000302343 75030
0.000303897 55022
0.00915456 5005
0.00207586 45044
0.0334669 64956
0.129818 44990
0.0116947 55032
0.00473426 45043
0.00481922 4957
0.139828 75020
0.0835033 64975
0.022968 25010
0.00576412 54963
0.0765668 55006
0.00680789 34970
0.00435766 5047
0.356445 44979
0.011027 74980
0.034998 24964
0.0266073 54973
0.165708 14965
0.216852 84967
0.0713227 24994
9.70656e-05 34989
0.00361098 94988
0.00553071 25003
0.0475554 94976
0.0299358 75002
0.0208322 24984
0.102088 15019
0.00210109 45042
0.00601085 5026
0.00552104 54961
0.000375141 73084
0.0865373 35026
0.0569627 15036
0.00050025 17246
0.142676 45000
0.0113223 5017
0.0118379 95035
0.0100328 25047
0.0667265 64967
0.00346352 45044
0.0927075 25010
0.0270934 44971
0.247687 55022
0.0755622 45036
0.0281446 45015
0.0197974 34962
0.578985 14998
0.00050025 98307
0.0050728 84976
0.000125016 14146
0.165005 45026
0.00289731 75003
0.000126909 15018
0.0234116 94964
0.0261538 24989
0.0210651 15024
0.296751 45001
0.148341 44972
0.0124038 64979
0.0801464 25002
0.0987425 35041
0.250735 45046
0.000828117 95004
0.028367 95022
0.0567639 85045
0.0471321 94983
0.0073561 65022
0.0119614 5020
0.00790788 4975
0.00583875 24973
0.000125016 5998
0.000250063 56931
0.00050025 46775
0.000125016 65490
0.00200401 58953
0.000625391 15992
0.000125016 26070
0.000375141 57387
0.00541747 94977
0.00175307 81967
0.000125016 62874
0.00277826 16279
0.00730295 52703
0.00275758 5748
0.00187852 90915
0.001001 53272
0.000125016 80571
0.001001 65068
0.00300903 4329
0.00137689 78948
0.000333584 63653
0.000125016 5340
0.00541747 90434
0.00803003 51761
0.000875766 89983
0.00137689 39067
0.000625391 43780
0.00603622 93852
0.000891601 60782
0.00604962 93535
0.00050025 35183
0.000125016 34820
0.000970621 20464
0.00187852 84853
0.00050025 72718
0.00484205 14066
0.00352974 4870
0.0154479 42898
0.000125016 7241
0.000625391 33339
0.00553042 27370
0.000625391 46391
0.000875766 82002
0.000333584 49738
0.000323136 80578
0.00340432 34373
0.00363819 97446
0.00908174 76704
0.00250627 60456
0.00351229 72223
0.00718801 66439
0.000125016 19464
0.00150225 84463
0.00225507 20170
0.00540405 94614
0.0105166 68203
0.00376412 96856
0.000125016 97324
0.000125016 22400
0.000125016 55737
0.000125016 89775
0.00044682 64626
0.00768359 979
0.0084571 96805
0.000625391 67053
0.000375141 65510
0.00200401 59300
0.00050025 45908
0.00238065 26601
0.000875766 67140
0.000625391 86952
0.000625391 96883
0.00275758 65888
0.00050025 9532
0.000375141 58142
0.000563063 32949
0.00212953 39518
0.00162764 19317
0.000125016 93005
0.001001 52295
0.00212953 57966
0.00769522 33455
0.00050025 53332
0.000625391 33401
0.00050025 96822
0.00971854 96704
0.000125016 14796
0.00187852 385
0.000125016 25141
0.0114102 97881
0.00125156 82242
0.000973356 28554
0.000125016 26985
0.000625391 8316
0.000125016 39756
0.000250063 80923
0.0162739 51958
0.00050025 10815
0.000125016 31479
0.000125016 68212
0.00275758 49860
0.00112627 81128
0.000625391 25752
0.000375141 48461
0.00250627 70883
0.00124529 65296
0.000625391 38007
0.000250063 94543
0.00175307 65877
0.00744154 78710
0.00050025 45684
0.000125016 50798
0.000125016 24338
0.00529129 38033
0.000375141 23842
0.00225507 92101
0.000250063 12086
0.000125016 43636
0.000125016 13567
0.000125016 98688
0.000375141 65606
0.000125016 95106
0.000125016 7244
0.00295095 10291
0.00363819 59956
0.00439422 44490
0.000625391 13123
0.001001 3310
0.000250063 16298
0.000125016 75184
0.000250063 79207
0.000125016 73726
0.000375141 29434
0.00050025 84031
0.00112627 67293
0.000125016 85507
0.000125016 6515
0.00590972 17907
0.00403203 71286
0.000125016 50237
0.000750563 40925
0.000125016 19974
0.00162764 13686
0.0168084 23443
0.000250063 87693
0.000125016 27889
0.000250063 98614
0.000250063 39647
0.001001 96304
0.000225141 26529
0.000375141 66203
0.000125016 64983
0.00125156 84788
0.00150225 89324
0.001001 27060
0.000125016 90893
0.00390638 39041
0.00160401 2184
0.000375141 51155
0.000557585 91269
0.00426814 58456
0.00125156 40833
0.000125016 72822
0.00477267 5654
0.000125016 13121
0.00794904 78528
0.000375141 97886
0 62024
0.000250063 12924
0.000250063 25692
0.000250063 59003
0.000125016 83912
0.00250627 68414
0.000625391 87477
0.000125016 26190
0.000125016 23799
0.00519209 78502
0.00050025 88680
0.00175307 12504
0.000375141 14466
0.000125016 18718
0.000125016 20376
0.000125016 77089
0.0031348 84386
0.00190584 35864
0.00150225 41487
0.000750563 96047
0.00250627 86699
0.00452034 23528
0.000125016 69951
0.000125016 97485
0.000125016 50390
0.00101023 86709
0.0031348 38270
0.00238065 14485
0.000250063 77335
0.000125016 61078
0.000750563 33513
0.00466108 19839
0.00502513 41420
0.00050025 96805
0.000125016 80532
0.000125016 24170
0.00250627 91208
0.00520168 42289
0.000125016 95068
0.000250063 80572
0.00553042 44368
0.00315367 56634
0.000185399 24625
0.00338643 34713
0.00137689 98053
0.000125016 49093
0.000125016 5222
0.00187852 94160
0.000750563 31562
0.00363819 2122
0.00187852 33534
0.000125016 82714
0.000125016 79065
0.000125016 99837
0.00187852 8158
0.000125016 83721
0.0178075 43070
0.000125016 8719
0.00617535 70649
0.000125016 31651
0.000375141 42835
0.000250063 44917
0.000250063 54936
0.000750563 75267
0.000375141 73156
0.000375141 29773
0.000125016 4996
0.000125016 57543
0.00466108 58290
0.000125016 12517
0.00137689 57250
0.000375141 42039
0.000125016 82629
0.000625391 82585
0.000875766 46268
0.000125016 58900
0.001001 111
0.00491304 40029
0.00150225 54953
0.00706129 40569
0.000750563 59405
0.00351229 87429
0.000375141 14861
0.000125016 9449
0.0032606 9700
0.00212953 47826
0.000750563 22740
0.000125016 969
0.001001 82692
0.000125016 67683
0.000625391 73336
0.00112627 62237
0.0031348 55107
0.00225507 12409
0.00044682 88786
0.00125156 71758
0.000625391 9246
0.00414209 50343
0.000375141 1740
0.00112627 51000
0.000375141 80576
0.000125016 43792
0.000375141 8291
0.00453518 2237
0.000625391 41352
0.000125016 46887
0.000125016 95392
0.00104323 90071
0.000125016 55773
0.00365523 59162
0.00351229 28987
0.00050025 61312
0.000125016 8053
0.00050025 14899
0.000125016 24242
0.000250063 48107
0.00050025 99640
0.000250063 22893
0.000875766 58582
0.0173789 42171
0.00150225 76744
0.00050025 22570
0.000375141 38963
0.000250063 46089
0.000875766 10425
0.000625391 47129
0.000375141 70570
0.000125016 31290
0.00327896 22480
0.000125016 14792
0.0085842 17100
0.000625391 69436
0.00250627 681
0.000375141 56357
0.00112627 4066
0.00125156 75821
0.00137689 46994
0.00125156 30165
0.000125016 84238
0.00781053 74951
0.000125016 89631
0.00200401 19963
0.000125016 7385
0.000125016 33208
0.00882724 60302
0.00831053 609
0.000625391 616
0.000606897 53406
0.000750563 31826
0.000125016 98055
0.000125016 6647
0.000125016 23603
0.000125016 93882
0.000125016 86644
0.000250063 52422
0.000125016 40686
0.000375141 47144
0.000411353 827
0.00200401 20751
0 71797
0.00125156 26660
0.00742979 12096
0.000125251 75373
0.001001 24567
0.000125016 33630
0.000250063 86661
0.00200401 91473
0.00112627 51098
0.000625391 32944
0.000750563 64789
0.000125016 56912
0.000750563 75869
0.000125016 9907
0.00351229 50835
0.000250063 22139
0.000375141 72661
0.000250063 61839
0.000125016 20183
0.000801001 89145
0.000250063 12188
0.000625391 56210
0.000125016 67712
0.00654253 47759
0.00050025 95248
0.0107391 57399
0.00150225 11048
0.000125016 96100
0.00112627 21016
0.00175307 39531
0.00128797 19133
0.000125016 62492
0.00407035 77149
0.00225507 67898
0.000250063 17268
0.00137689 77608
0.00628931 91682
0.000125016 86572
0.000125016 12611
0.00125156 31056
0.000750563 94243
0.00332295 16970
0.00225507 18873
0.00050025 34924
0.000125016 54098
0.000250063 77990
0.00200401 22457
0.000250063 99662
0.00175307 31279
0.000125016 80601
0.000250063 9889
0.00378077 40691
0.001001 35622
0.00135508 26771
0.00300903 37759
0.00150225 40348
0.000375141 89730
0.000875766 27361
0.00137689 98752
0.000125016 97767
0.00212953 20510
0.000250063 4953
0.000375141 27781
0.0024598 21248
0.000125016 68332
0.00137689 28465
0.000125016 61996
0.00112627 61427
0.000375141 76105
0.00452034 28309
0.00330225 94016
0.000125016 89331
0.000125016 77105
0.000250063 92925
0.00137689 24572
0.00655481 62841
0.00112627 34305
0.000250063 13586
0.00175307 2142
0.000375141 67316
0.000125016 16198
0.000125016 94672
0.00044682 92631
0.000625391 30927
0.000250063 98393
0.000250063 76219
0.000125016 37470
0.000750563 96098
0.000875766 37915
0.000125016 51320
0.00225507 3500
0.00050025 69832
0.00050025 38901
0.000125016 38351
0.000921722 31625
0.000375141 62627
0.00403203 14303
0.001001 78215
0.000625391 76062
0.00896572 94761
0.00050025 68451
0.000125016 50343
0.000250063 21357
0.00565682 42882
0.000875766 51147
0.000250063 47302
0.00679587 60933
0.00128797 92842
0.00654253 24745
0.000125016 59844
0.00112627 86988
0.000125016 70993
0.000375141 77990
0.00125156 99827
0.000250063 47798
0.001001 52742
0.00050025 92817
0.000125016 95559
0.00290332 4760
0.000125016 31569
0.00238065 35951
0.000250063 87648
0.000125016 16398
0.000375141 385
0.00175307 23325
0.000875766 68193
0.000625391 75614
0.00477267 95049
0.00112627 15983
0.0042835 24144
0.000375141 272
0.000125016 65079
0.00225507 70556
0.00453518 72577
0.000125016 48695
0.000250063 36491
0.00112627 13009
0.000125016 4544
0.001001 41477
0.000375141 88649
0.000750563 68168
0.000375141 88803
0.000625391 94114
0.00175307 77287
0.000125016 54310
0.00050025 97936
0.00137689 81108
0.000125016 87028
0.000125016 98122
0.000250063 74414
0.000250063 59484
0.00452034 3500
0.00628931 1678
9.63104e-06 80811
0.000375141 72696
0.000375141 50682
0.000250063 19235
0.000125016 91314
0.000250063 82046
0.000625391 48929
0.000125016 33570
0.000250063 29261
0.000375141 89163
0.00426814 92502
0.000125016 7433
0.000125016 66728
0.000375141 8268
0.00225507 65842
0.0032606 84917
0.000250063 85818
0.000125016 47422
0.00050025 28716
0.000125016 34967
0.00489888 57745
0.001001 39149
0.000250063 55168
0.00263191 31445
0.000125016 2432
0.000125016 75826
0.000563063 923
0.000625391 15217
0.000125016 89104
0.000875766 50458
0.000125016 55278
0.000164865 31780
0.00125156 93236
0.000125016 71208
0.00050025 76038
0.000125016 41031
0.000125016 90192
0.000125016 22576
0.00050025 33186
0.00252842 91877
0.000375141 59406
0.000250063 14806
0 87596
0.00352974 61391
0.001001 70476
0.000750563 83592
0.00502513 15594
0.00137689 16841
0.001001 61232
0.000375141 91424
0.00162764 48944
0.000125016 23346
0.001001 64201
0.000250063 30652
0.000625391 80282
0.000125016 16873
0.00162764 73979
0.00136418 686
0.00050025 33511
0.000250063 34780
0.000375141 90835
0.000375141 94774
0.000125016 86600
0.00351229 5505
0.000125016 13131
0.000125016 33481
0.000625391 58214
0.00050025 34801
0.000375141 58983
0.00363819 24595
0.00050025 58814
0.00263191 76917
0.00137689 88608
0.000625391 56155
0.00212953 29256
0.000125016 84166
0.00240365 68282
0.000125016 54420
0.000125016 26927
0.000125016 380
0.000250063 27443
0.000125016 38538
0.0042489 82808
0.000375141 62868
0.000125016 23386
0.000125016 56101
0.000375141 59666
0.000750563 64494
0.000375141 9765
0.000875766 97698
0.00530314 69778
0.000750563 71182
0.000375141 5289
0.000125016 10535
0.000250063 19511
0.000125016 2894
0.00200401 65200
0.000250063 84189
0.00050025 80477
0.000250063 56738
0.000125016 89945
0.000125016 66590
0.00275758 75302
0.00275758 17076
0.00050025 50803
0.00960227 18021
0.00376412 73257
0.000375141 34310
0.000375141 18399
0.000375141 72740
0.00112627 53650
0.000750563 71732
0.000125016 41248
0.000125016 63264
0.00351229 10813
0.000164865 57110
0.000125016 42906
0.000125016 36779
0.00553042 21652
0.001001 42047
0.000250063 39448
0.00175307 98688
0.000250063 37503
0.000125016 52761
0.000125016 74646
0.00050025 62650
0.000125016 34569
0.000125016 40618
0.00477267 71778
0.000625391 26973
0.000375141 3715
0.000375141 48894
0.000125016 85828
0.00050025 88191
0.000250063 8608
0.000250063 62898
0.000125016 51404
0.000125016 36710
0.00050025 63713
0.000875766 7590
0.00050025 74490
0.000125016 57748
0.000875766 67091
0.000375141 85862
0.00150225 69051
0.000125016 48332
0.000625391 35365
0.001001 89970
0.000625391 38361
0.000125016 20030
0.000625391 97521
0.000375141 63345
0.000625391 11909
0.000125016 13129
0.000125016 30526
0.000375141 80861
0.000250063 54129
0.001001 23154
0.000375141 1385
0.000225141 56272
0.000875766 54860
0.000125016 86411
0.000375141 24729
0.000125016 68083
0.000625391 11898
0.000250063 74082
0.000125016 11535
0.000125016 68007
0.000125016 38248
0.000125016 76410
0.00050025 60567
0.000250063 79136
0.000250063 36467
0.000125016 14459
0.000375141 31168
0.000625391 25249
0.000125016 61876
0.000375141 75888
0.000375141 16011
0.00050025 14825
0.000125016 57625
0.000125016 53476
0.000125016 18113
0.000125016 36145
0.000125016 80085
0.000333584 74894
0.000250063 790
0.000125016 55157
0.00125156 26935
0.000125016 53888
0.000125016 33260
0.000125016 86011
0.000125016 71415
0.000125016 1235
0.000125016 95297
0.000125016 60210
0.000125016 23819
