100 100000
8.51752
12.6272
9.51411
8.19803
8.15846
11.6175
6.6564
5.51575
9.83701
5.37812
6.05792
4.29847
14.1957
10.7415
7.15184
11.6876
6.59707
10.5754
13.5494
16.1985
13.9541
7.44991
11.1114
11.5557
14.0178
13.264
2.77336
10.4491
11.9875
7.09156
8.32207
6.71876
4.89296
12.1844
6.89625
5.93329
8.51492
6.9428
14.555
10.2806
12.4483
12.8799
12.1881
11.0505
11.0749
6.22287
13.1142
14.302
10.6085
9.80064
11.0138
1.99568
10.3251
10.5501
10.1623
11.4886
11.1927
11.5666
12.1652
14.3083
7.78149
8.59522
9.67421
9.70525
3.474
8.22348
11.1469
10.715
12.7828
3.36532
5.56723
9.45521
14.6048
4.14288
11.5037
4.44783
13.4802
8.72851
9.74081
8.08694
10.4132
11.7182
11.3409
8.28185
13.5056
6.06937
12.7235
4.48705
12.5103
11.7498
6.48011
4.27067
13.791
12.0814
7.8658
9.91182
8.84106
12.2164
14.0999
12.6614
8.8002
10.8558
12.4926
11.744
9.25678
13.2912
16.4179
9.36618
9.22089
10.9974
6.23309
7.57163
9.36068
10.634
11.7004
12.045
8.78045
12.0047
9.77297
4.63893
11.9398
8.35144
9.43299
8.83517
12.9812
11.4205
4.871
9.77785
10.2551
4.6485
11.5695
14.4402
10.1284
7.60573
7.59568
4.99832
8.48198
9.22941
9.43071
12.3218
10.0828
9.46327
8.20356
14.3928
9.3024
8.16294
10.9585
11.0356
8.28482
10.188
12.8732
14.1349
11.3311
10.5604
5.61964
6.32034
12.2998
3.105
6.93418
10.9316
9.85119
8.32903
12.0524
7.80693
6.79666
7.32879
8.56655
9.47114
11.1322
11.6421
10.1669
9.7612
12.5016
5.14573
11.6751
14.4833
9.21467
10.2192
9.98884
13.7601
6.78453
7.63272
9.26311
6.18435
5.74828
6.50267
14.7412
12.7433
6.37974
1.61674
11.7908
8.22611
6.47959
11.6371
7.84619
7.87653
6.66085
12.1102
8.14189
10.2309
-5.66779
15.497
9.25455
10.4051
9.24925
9.87219
9.35075
11.596
10.8009
13.0657
8.25079
11.5332
11.8503
12.407
12.5281
8.77378
10.4444
13.4378
7.98232
12.345
9.95325
13.2771
12.5258
8.56481
11.0254
6.76886
10.8283
7.86548
11.1769
8.2755
6.75271
6.88162
12.3079
8.02855
5.6838
13.4044
8.16086
11.0987
8.20818
6.24703
3.82747
10.0478
11.8775
3.69628
8.11684
7.26537
6.738
6.32471
5.52574
8.96055
10.2278
12.9607
8.11424
9.73304
7.26482
9.71265
11.325
7.22497
10.4543
8.71879
6.24275
11.3265
11.1658
9.04349
10.6191
5.0342
5.08972
7.54211
8.84032
6.11852
8.5053
14.3217
7.60309
2.98178
13.3084
9.45656
11.6604
7.3913
6.50434
6.38541
6.4281
11.1767
7.09942
8.67972
8.93367
10.8449
8.24815
6.78007
7.72728
7.58763
16.0813
9.76984
8.2711
14.7074
9.93713
17.3728
6.92505
7.60131
12.0199
10.4543
13.8514
14.4964
10.943
6.95713
8.36881
10.2508
8.62995
4.31696
12.7926
9.72134
8.75588
8.34268
11.7638
9.17658
13.1108
6.54696
10.8791
4.8411
7.8446
13.0515
6.41071
8.3225
10.3746
4.6944
8.85334
11.7467
10.243
9.71818
10.5222
12.1461
6.88491
12.8251
10.3094
7.1874
6.88204
8.38453
8.56702
6.43552
6.59647
14.4134
6.58528
9.95574
14.6707
10.891
6.87634
12.2619
2.14397
11.021
8.41768
8.78923
10.9128
11.743
11.2217
8.45138
8.68115
7.95312
8.89266
7.61399
6.08306
13.0816
5.10405
6.93456
10.8044
12.4112
10.5118
8.90807
10.0779
11.6609
10.4264
12.7336
12.8473
14.9341
8.50773
11.6871
12.4453
10.2295
8.65093
16.7163
9.96923
10.2265
9.12153
12.4124
14.4281
12.7955
8.96484
12.4933
7.85715
9.3489
4.03694
7.72948
9.06709
4.39622
8.64483
4.72923
7.18179
8.42191
10.6259
7.11345
9.81616
11.7238
10.7194
5.08409
2.91334
14.3538
6.24507
3.93122
4.5559
10.8724
13.2271
6.15531
8.73497
11.6753
5.02247
6.15093
5.52448
5.6147
9.27416
5.19757
11.5764
6.72829
5.97307
13.5236
10.0681
11.5047
8.35301
11.9546
8.0958
13.367
12.5562
6.38037
9.12639
8.94753
12.9088
8.73894
8.78431
10.1811
10.3947
9.4232
7.68246
12.8746
10.4148
8.49615
11.5215
4.02071
8.67629
8.4236
8.91944
13.5072
9.39023
11.8033
8.33809
7.21917
9.45649
8.58539
1.70432
9.55669
12.808
11.2105
7.79139
11.4735
9.68698
11.3129
12.7334
9.39782
11.8893
12.6579
13.7736
10.3515
10.0039
10.3097
11.7003
10.8556
10.0371
12.8946
14.1307
8.87376
10.219
9.21528
12.3816
13.619
6.79512
8.97708
7.89835
6.32324
6.11168
9.21511
14.4373
10.5242
8.58235
10.2855
11.4262
7.96749
10.6552
11.1753
6.1091
8.83759
9.50254
7.80034
5.42762
8.65452
13.2352
11.6529
8.73034
14.1951
6.11881
9.86703
13.2159
14.5129
7.44641
12.0316
6.50338
7.03018
10.5986
9.54685
10.2644
12.6241
17.1449
5.5972
13.311
13.3725
12.3838
11.7953
7.80265
6.47059
7.36293
11.0841
10.8989
6.29273
10.253
6.34522
8.70561
9.68344
5.63987
13.779
6.86825
8.02609
5.75521
11.7811
4.86098
5.85342
12.9469
11.7268
6.98625
13.1676
7.2206
12.0003
14.0071
18.5949
11.9904
8.382
7.85566
1.67312
11.3543
4.78807
10.8134
9.35455
7.85125
8.49683
10.0826
9.02013
10.0775
3.13681
16.5043
13.0155
10.0461
11.369
5.11187
10.1403
5.16224
9.78718
11.8978
10.8182
5.33785
14.3945
8.35248
4.48065
2.38179
16.447
15.1556
11.9854
13.4542
13.4194
10.0679
10.026
10.1662
11.6601
14.9947
8.87983
14.5776
13.4598
3.91325
6.78291
9.41521
10.2109
12.0232
11.4846
12.655
8.00986
9.8153
12.8782
14.071
10.8759
9.88193
8.73603
13.2494
8.16012
11.9447
8.31566
9.09409
10.8971
6.3888
11.0257
8.38745
10.8315
8.7968
4.2655
12.1155
10.6267
10.3088
15.1908
7.05266
8.54122
10.4713
6.98347
9.46702
12.2678
5.31919
5.02007
5.90786
9.22812
8.74993
10.1531
8.68875
5.18789
10.994
11.3688
4.65819
6.98338
6.02657
4.63616
1.81648
9.09848
5.53716
5.64279
10.7001
10.9641
7.55671
6.81653
8.35038
8.41666
5.28451
12.3715
11.3565
13.0051
11.9429
9.28886
8.17824
10.7037
9.88926
13.7559
13.1877
7.75174
8.53654
7.50931
9.57741
7.53193
11.4684
9.83839
7.59704
7.41273
4.98245
9.8745
8.69007
9.24028
12.3931
7.94404
9.52359
7.8744
9.92871
9.53837
7.74301
5.58956
9.67133
6.88671
9.99266
5.78071
13.7007
7.99299
11.5233
13.2268
13.9386
13.939
6.57671
9.64269
12.0063
6.84776
7.61728
3.48752
11.0777
11.6261
10.0494
6.32291
9.33398
6.59092
15.3359
9.61615
8.70351
9.81978
7.81874
12.3029
14.8992
13.354
10.74
9.71961
11.8073
5.80047
8.63564
10.4881
8.98867
10.7718
8.70327
12.4069
11.1741
9.26992
11.8229
8.62631
8.9046
9.86459
11.004
12.3021
12.3918
7.9817
5.12577
10.8488
8.62215
10.8569
7.17314
12.5156
7.52164
10.3639
5.16594
8.36402
12.0407
12.9147
7.50324
10.2438
11.1048
-6.34173
8.4998
11.1468
12.8738
9.50642
12.5588
6.62891
3.30788
6.98605
8.28171
12.2998
7.18981
10.5153
-7.30726
15.1683
12.3426
7.99547
8.14066
9.02078
11.4286
7.61794
16.95
3.86075
10.572
8.26232
12.1286
4.06032
8.36005
6.77031
10.3155
11.6086
9.51779
-8.68177
9.60706
10.1422
7.26813
12.7332
12.2711
8.46455
11.9011
8.83265
12.1178
11.6474
11.4824
10.0889
12.4975
13.8501
12.316
13.1741
8.95918
14.1756
9.69973
9.18038
9.65407
8.25121
6.69332
6.72398
3.78344
13.1399
11.5834
11.8657
10.6703
9.49548
12.1851
7.45925
8.48582
15.3241
-2.76444
15.4616
5.75353
12.487
6.1061
11.2299
3.33047
10.2603
4.4723
11.7166
9.07157
11.9302
3.36804
10.4801
6.77095
7.92
11.9431
9.98234
7.39586
8.4502
10.1695
10.0909
6.0401
11.0301
7.75301
13.1725
8.52904
3.88464
7.91099
9.53847
11.2601
10.135
9.60652
2.89477
8.68112
14.3897
-15.6271
9.91183
12.5102
10.1871
11.282
8.63175
11.7532
8.2269
11.3917
9.2882
7.71931
1.48294
8.02742
12.5597
13.1399
8.33324
7.18048
2.5837
7.20016
6.88181
6.95058
8.89215
10.0264
7.29925
9.8563
10.6963
9.19156
15.4167
13.3416
11.5902
11.4824
15.1633
6.8784
8.82007
13.8849
6.2141
10.9596
14.4617
9.51408
6.22361
5.58698
14.7619
5.12596
7.51598
9.5267
7.30527
11.4019
9.59738
17.449
6.94964
9.64015
9.59174
9.49174
12.0395
9.21716
7.12176
12.5724
14.324
10.2345
14.4365
10.6105
6.61596
10.3564
11.4638
12.2638
14.9217
4.65021
14.2117
7.90966
9.00965
10.1617
12.168
9.04067
12.136
7.74138
10.4647
13.3218
9.49321
6.12042
5.76514
10.202
7.24129
11.5521
9.07414
6.61132
15.7415
12.1378
6.84164
13.0915
10.0829
13.7221
10.5059
8.01625
11.9418
1.96661
7.3408
13.4882
11.0568
11.9975
10.214
8.06947
7.24047
4.81709
6.01795
8.80801
10.5349
4.3418
8.60992
10.2872
12.1554
11.0137
8.49883
16.9711
12.7257
8.81081
8.92908
7.66605
10.1891
10.6187
10.9223
3.75589
6.9248
8.05368
7.74617
6.04733
11.6509
9.35333
5.13381
14.0769
-13.2517
13.9892
4.23909
12.7727
9.01572
7.10222
9.81244
9.71897
8.06416
8.23648
8.21703
12.4284
6.59626
2.15591
14.2139
10.8437
12.9848
9.56813
9.94058
3.12859
12.2922
-8.81391
11.5022
5.94457
14.9578
8.83781
12.2018
14.8398
9.01725
13.3876
6.27719
7.57056
11.145
10.6673
15.0212
6.27137
9.85462
11.0063
8.77357
10.0165
8.31802
5.5332
11.1497
13.2129
8.75675
11.5127
12.9788
9.84316
12.8102
12.1349
11.4959
8.79521
8.16157
5.96695
8.2426
8.0752
10.9377
7.87379
11.0257
4.05305
6.53076
9.99899
8.78586
9.94335
8.58315
9.68719
7.75446
9.901
4.53496
11.2519
12.2718
7.158
6.97655
6.92567
9.03122
9.21383
6.47975
13.7802
8.85089
9.32764
11.7082
4.96806
11.9328
8.89839
12.8665
8.99258
9.87432
9.60018
9.3652
8.31573
11.0982
11.8535
10.0922
8.75931
10.6046
9.27852
13.6822
5.32295
8.69448
11.9566
13.301
6.46572
1.93476
8.21604
10.9942
12.0306
9.02675
11.2071
10.1316
7.24145
8.82561
8.23451
8.2783
5.56026
10.465
5.11668
12.4239
5.43739
7.49149
11.2109
12.4439
10.079
14.7555
7.50499
11.3593
11.6436
11.5442
9.50838
7.30284
8.36475
7.35699
10.6445
3.0761
8.06955
11.5797
7.46404
8.22408
4.09577
4.83561
16.7093
13.6922
4.96136
8.32747
9.37585
9.67795
9.87756
7.89615
7.81577
12.1001
11.331
4.23196
7.51387
10.2311
8.97214
5.73207
6.30037
18.0823
13.4057
4.99997
10.4976
10.1999
8.70234
7.32297
6.97605
6.14428
6.92067
9.36111
6.58271
8.37262
3.59637
11.733
8.43709
3.5207
9.37845
10.5913
14.2604
8.51905
6.70995
11.1024
8.73603
11.3369
7.0515
12.9221
9.035
8.95551
7.03331
6.06911
12.935
10.0574
8.81608
9.93563
7.08417
5.06143
12.3953
7.61869
10.4845
5.14226
12.7481
9.04942
7.49655
2.3297
11.2412
10.4804
13.2642
9.44334
7.05424
8.37184
8.69974
13.8625
5.75649
7.88469
9.97963
10.5604
7.16893
6.73471
4.73845
14.6036
6.55854
7.63367
11.6915
7.38599
6.81505
15.3307
11.009
7.65457
3.59479
14.1569
10.1032
6.62661
10.0878
7.61854
17.1355
9.68621
7.46831
5.2505
9.25735
8.50065
9.50151
10.6284
11.0437
10.1734
10.1428
13.7104
6.48351
7.87101
9.68025
5.56656
12.445
12.3978
9.14307
8.95842
7.64451
14.3762
12.4869
11.6351
9.45272
8.35059
12.9069
9.6924
9.24403
5.39183
12.8428
3.46046
12.5689
14.1432
10.3476
10.6462
10.4475
11.8502
8.98376
9.9954
10.454
12.2266
7.23999
9.61145
8.39562
9.30215
9.81318
8.2332
13.2867
6.85748
10.2209
10.2168
9.12407
12.4242
5.03561
9.69086
9.29324
13.1022
8.82751
12.1322
10.266
9.1939
5.44894
5.25758
10.702
8.08781
8.23233
13.2273
9.26361
11.4739
8.00831
11.4134
12.2336
12.6568
10.8349
9.26584
12.6359
12.9513
11.7741
13.1029
7.14901
9.74583
8.39643
5.93028
10.5117
8.18574
1.28805
8.30938
9.4256
8.36788
10.2526
8.95778
8.72029
11.5888
11.4287
7.92216
12.1066
14.0322
13.4303
7.81122
5.31935
7.32854
13.6805
5.82744
7.54008
12.1562
10.2185
6.68085
11.5277
10.6783
4.43147
11.5306
7.57437
11.3854
3.15839
15.0504
10.7579
8.18791
10.1765
7.95725
10.1047
15.9302
8.50839
13.0143
-10.6885
9.59047
7.3524
12.0022
14.2467
10.1453
6.99183
13.2181
5.66104
15.3421
11.7826
8.67171
8.92695
9.40474
13.884
7.91415
8.88667
8.14489
4.7966
8.91209
13.6672
8.26717
7.33558
6.87887
14.4739
8.61274
11.7905
11.3912
8.97552
12.9848
12.6061
2.98577
4.60266
5.27166
10.5654
8.49247
2.81399
7.31786
16.1902
4.31256
10.2625
9.17163
9.37927
6.88341
4.08713
7.31887
10.8372
11.3809
11.1404
1.8901
12.1942
13.3952
17.933
7.91503
10.6262
4.19668
12.1089
5.68689
12.4246
5.52703
6.76388
12.8702
7.56351
9.34849
7.99114
10.7621
3.72149
0.622945
9.08024
10.5989
8.69609
9.43911
7.17285
8.40504
10.7637
11.0317
9.30571
7.37029
13.0426
12.232
7.82138
9.95308
10.6677
10.5284
9.84256
6.27689
10.1288
5.34873
11.576
13.3976
10.1468
2.55364
5.90841
9.34086
9.69344
12.1483
8.51138
11.7324
8.74862
7.99698
8.53829
13.8148
12.629
10.1592
8.47187
7.55214
10.3766
8.43735
16.6572
12.5444
9.40574
6.92714
7.39239
11.9931
10.4437
12.699
10.9076
11.7378
8.8407
8.70343
12.3792
4.43084
8.21329
9.1744
10.5086
3.62099
13.4055
6.42082
7.62693
13.8335
10.9393
10.1256
9.18735
10.3763
9.03758
8.94711
11.4073
8.91035
11.2785
8.70503
8.16977
10.7409
11.9423
8.4002
9.78342
12.9238
8.70363
12.4092
6.34146
4.45909
9.87098
8.97054
10.9124
6.98638
17.0439
13.9517
10.3208
7.46237
13.578
13.7502
8.93914
11.2747
9.99409
9.26142
4.99268
10.9782
9.33044
1.82782
4.97948
7.4352
10.4733
11.9466
8.69249
6.39137
10.4773
5.22082
10.8888
12.5796
8.30479
15.6871
9.60366
-9.89434
8.06794
8.72581
8.50632
14.9083
12.2194
9.32183
8.45307
6.81318
11.1321
11.9382
9.79368
9.06893
10.1955
12.4922
4.49209
9.77604
9.63758
10.0258
15.7563
13.793
9.85664
8.3604
5.19889
9.45187
7.45351
8.54612
4.76839
11.3391
10.3281
9.56396
6.34657
12.3758
11.0868
8.87597
15.2178
6.81853
10.2028
10.4447
8.97002
10.8272
7.39294
11.1642
5.74519
14.101
11.3687
9.25062
7.41496
4.84703
7.30408
8.06286
12.8592
10.9322
9.79305
6.97477
12.2248
7.56566
7.86695
10.7919
7.94731
6.54456
7.98754
13.3415
7.07837
10.9697
10.7731
9.76299
12.1098
11.6681
9.47068
11.0211
6.45179
8.99685
7.26397
11.2706
7.76142
14.6708
8.64033
6.27699
6.10213
12.1871
10.4276
7.99054
10.3719
9.49499
6.90079
11.3809
16.2831
10.9554
9.32912
9.07134
9.20213
14.5987
8.438
5.93622
6.68117
13.7462
6.41563
6.85037
10.1548
10.7613
10.7359
10.8164
8.92765
8.69943
9.36127
6.7485
5.46072
6.61714
7.02905
13.2086
6.77823
8.06217
5.81767
5.31302
12.5192
2.86901
9.42089
8.39202
8.7722
7.56411
12.3727
11.5169
7.9214
8.15459
8.74078
11.9205
9.28278
9.70078
8.90839
3.38802
11.6796
8.7317
12.9001
11.4756
9.08825
13.4557
16.19
7.8763
11.7902
7.70296
7.18085
13.0283
15.4499
8.25324
10.6724
9.79202
8.62111
11.0838
12.1545
8.40687
6.80782
12.3002
11.7887
8.21896
13.0561
13.0202
13.2217
9.77802
6.91452
12.7659
11.4949
13.8747
17.9104
9.39115
5.48853
7.49437
12.5558
13.8426
9.44328
12.0818
1.86493
9.46458
10.3742
6.54764
9.18183
10.2597
9.39113
9.54894
8.0137
7.22175
13.69
10.7413
8.59063
3.69116
6.10147
9.66383
13.8202
12.1653
6.07048
7.48413
10.571
6.23306
9.65964
7.23942
9.38628
9.5807
10.3444
10.8841
14.1002
5.92666
9.34569
14.1307
2.04746
8.85209
5.24086
11.0816
15.1691
11.6529
8.09883
9.94212
11.188
11.4662
11.1544
7.41807
9.29072
3.0132
12.3059
8.60749
7.4754
9.67257
6.58517
9.59152
8.67056
10.2036
11.9664
12.0781
5.27058
7.57112
6.9298
9.62537
9.05163
10.2845
10.6806
7.99454
11.4728
14.583
6.01763
5.30627
8.91735
11.2628
11.479
10.855
8.379
8.56418
8.79086
12.0167
14.174
9.5867
8.98025
9.86646
6.81521
7.05997
9.31271
11.1546
10.0309
8.81501
8.22291
12.0623
7.36
8.56613
12.376
13.5111
10.7487
6.10169
14.4718
10.3515
14.2477
4.71424
3.12871
8.12956
9.28816
9.92962
10.1766
16.434
9.80221
8.38119
4.75573
4.33973
11.6095
10.7571
5.24811
10.57
7.45287
11.5458
5.77949
6.91757
15.7891
7.93452
12.0476
10.3588
6.94685
6.6488
10.0085
9.46218
9.40104
1.00418
11.3222
8.15248
10.3773
9.4356
6.27698
9.6289
7.59923
7.63654
13.9272
10.7467
10.7985
8.73897
9.90443
9.7588
-6.29485
8.40716
8.90714
9.39503
13.1483
8.38222
6.51017
12.5621
13.8174
11.1915
8.19896
6.92758
8.37512
8.49981
14.6646
5.73957
8.32464
14.0949
14.1772
9.90381
15.6187
9.98263
5.54152
11.7546
7.75729
7.07076
9.36623
8.31485
6.49741
8.13072
9.21608
11.6672
6.13205
6.38757
11.5603
9.57211
5.74846
7.67572
9.1297
11.4958
12.6048
9.34409
9.07705
8.37842
6.49999
7.66768
10.5375
3.72005
10.6395
9.59265
9.60928
7.76141
14.4845
7.29444
-0.177086
11.4404
11.4032
8.57456
9.4585
9.18583
1.89627
9.34997
7.94568
9.5515
12.1123
8.80224
8.89496
0.923414
13.3081
8.27445
7.35149
8.27328
10.6854
12.9842
9.38407
9.13025
8.43217
6.57391
9.80156
8.33984
12.9926
-5.89016
9.45578
9.79212
8.10579
7.27064
7.89878
11.5712
9.33664
13.5635
9.76482
11.5812
5.86934
6.42803
7.26737
8.18169
8.07234
8.25547
8.46037
9.35909
9.34528
9.98754
16.438
10.5912
11.3844
11.7656
9.33228
9.29825
12.508
6.99982
9.67861
9.87562
13.7417
10.2824
12.2013
10.6922
14.9073
10.9845
10.4447
8.95909
11.4615
11.247
5.3048
9.28775
10.7808
8.576
4.30076
8.13996
10.7492
9.97889
7.21561
7.76976
9.06429
10.0416
9.90737
7.60619
12.2326
6.67653
9.40389
10.0151
7.03151
10.9648
6.8051
6.47278
7.3625
11.443
9.57319
-8.17963
7.70164
13.1367
10.7897
11.9823
15.6599
8.64305
8.50748
13.4995
13.6399
13.2185
10.0573
7.01748
5.07452
9.08697
10.4429
13.0495
11.4696
7.73751
11.154
11.2534
12.6377
9.15917
10.2879
10.8996
9.55213
12.3408
-8.97756
-8.59825
-12.1627
-9.30583
-10.4587
-12.8487
-13.9352
-8.8098
-9.90666
-8.46407
-3.30531
-7.67043
-5.37805
-12.9262
-5.60393
-6.96756
-2.18608
-7.46035
-10.9007
-9.70201
-10.6477
-7.19305
-12.008
-9.19353
-9.13448
-10.0837
-7.78758
-11.2195
-14.0866
-10.5991
-10.0921
-10.2747
-3.82413
-6.05197
-9.83875
-7.12865
-9.28379
-7.24043
-12.2243
-10.4708
-7.80656
-9.82
-11.5337
-10.2721
-2.10168
-7.24932
-9.85007
-8.41775
-10.8322
-9.44282
-12.1826
-6.28657
-8.79284
-7.61991
-9.6886
-5.03138
-5.24658
-10.5565
-12.3447
-8.84011
-8.09956
-9.39941
-12.8129
-10.8944
-7.37089
-7.04498
-4.12302
-10.7153
-8.4886
-12.4491
-5.28603
-10.8602
-10.3865
-3.88859
-8.13825
-12.2708
-9.54298
-5.65584
-10.711
-8.96222
-9.61793
-9.52001
-8.52122
-6.04348
-4.89259
-7.7513
-13.849
-4.46878
-7.35864
-7.05748
-9.56675
-10.8182
-7.4538
-10.4085
-11.0463
-9.61582
-9.63651
-9.82067
-10.0445
-10.8957
-11.0344
-7.57279
-7.17596
-8.31475
-9.4196
-8.95516
-12.7604
-8.27105
-10.7817
-12.2862
-9.35148
-11.5111
-3.40219
-8.44914
-10.0668
-8.69356
-9.74234
-5.72403
-8.388
-5.45182
-7.42642
-4.84826
-9.56561
-7.17068
-9.00702
-8.16091
-7.48491
-11.0664
-9.7002
-5.73805
-9.42468
-8.37959
-9.17959
-7.14074
-5.28088
-12.5145
-10.2514
-10.9721
-2.53017
-9.50598
-6.57118
-3.39472
-9.85954
-8.89425
-10.2277
0.249101
-6.15719
-8.70365
-15.2415
-12.1854
-6.90465
-8.48588
-9.45167
-8.29446
-8.62521
12.2136
-8.88521
-9.47567
-6.17373
-11.78
-0.422297
-10.4555
-6.94437
-9.15961
-9.94273
-9.67393
-11.5494
-8.68648
-9.37642
-7.69948
-3.23593
-7.18541
-6.28112
-5.6735
-8.08459
-6.47951
-9.27775
-14.0976
-4.62987
-8.46274
-9.2676
-10.845
-9.15332
-8.85181
-10.3627
-10.6751
-5.73228
-6.23411
-6.86368
-8.11616
-13.7785
-11.0531
-8.65553
-6.46993
-8.2518
-12.3296
-9.94416
-8.67716
-8.80176
-9.11471
-8.88126
-8.51874
-11.2366
-8.86706
-5.48861
-6.7877
-8.48186
-8.89704
-9.14009
-8.41386
-10.8811
-11.7797
-9.23932
-9.93495
-9.18448
-8.57564
-8.07906
-6.90159
-6.47428
-8.38562
-10.3935
-8.44172
-12.0311
-3.99267
-10.0532
-7.79579
-9.77342
-10.845
-9.26231
-12.5095
-12.4122
-13.2919
-11.1663
-7.53467
-12.0674
-10.0063
-7.71867
-8.90862
-8.84219
-10.2569
-8.03144
-7.80963
-5.90587
-7.58784
-5.7747
-2.62205
-6.86031
-4.63355
-6.65112
-9.75394
-5.3379
-10.071
-6.25339
-13.0963
-7.90515
-7.0898
-11.157
-8.95074
-10.2352
-9.38772
3.57437
-11.0193
-10.5789
-8.96999
-7.86249
-11.0456
-3.60157
-9.7382
-9.42807
-8.36545
-8.59593
-9.78333
-5.79977
-7.06583
-8.90319
-6.53597
-6.46773
-4.0884
-3.7245
-10.9362
-11.9217
-5.15556
-7.91233
-10.8185
-4.39383
-9.51203
-8.65019
-9.29947
-5.13829
-12.2159
-7.26911
-8.07172
-12.0312
-13.0371
-5.40912
-8.03937
-3.48095
-6.7737
-7.42069
-12.1451
-9.46115
-5.38293
-6.93007
-9.33757
-7.33267
-3.9188
-14.0547
-5.78041
-12.0811
-9.09227
-5.56519
-6.9306
-7.00746
-8.46595
-13.1263
-7.95395
-12.7793
-4.51591
-10.5579
-4.69478
-3.804
-5.89092
-11.1846
-3.76472
-3.51736
-4.64562
-7.61056
-12.3717
-4.55465
-11.9276
6.74474
-3.9872
-9.89946
-11.4685
-7.79031
-7.62008
-7.59332
-8.86596
-8.67214
-4.38636
-3.72445
-6.58244
-8.76745
-6.43677
-7.53374
0.037832
-10.7614
-11.346
-11.4467
5.42594
-11.4918
-6.5958
-6.38397
-7.46031
-9.55055
-9.70008
-8.46073
-6.25401
-11.7091
-7.54643
-3.1828
-12.0744
-5.63924
-6.18929
-7.19656
-5.69692
-9.39577
-5.90589
-6.86788
-5.70298
-7.30903
-8.07284
-10.6243
-8.6388
-10.6564
-8.34317
-6.17154
-6.86465
-9.20144
-2.95365
-11.6053
-7.7202
-9.78105
-11.2901
-8.00185
-5.69171
-8.36649
-9.24857
-6.04683
-9.7667
-10.4196
-5.34424
-8.59185
-5.84628
-8.13552
-5.94597
-5.01635
-12.1897
-6.17662
-5.74881
-12.2851
-13.6183
-9.29257
-7.91167
-9.80585
-10.8929
-9.2907
-10.2529
-5.86047
-7.15384
-9.49959
-12.7677
-7.89899
-7.42344
-11.0905
-11.0261
-12.8747
-5.51135
-8.01848
-8.3303
-11.9065
-13.5529
-7.81394
-6.57774
-10.1353
-5.91715
-13.0412
-8.64259
-10.1919
-4.44152
-12.1466
-9.97691
-2.77041
-6.39572
-10.6665
-4.43792
-7.03465
-11.9784
-7.95428
-15.15
-5.31244
-10.5065
-7.44793
-9.81995
-11.7735
-7.9227
-9.58133
-5.24777
-4.62607
-8.7876
-7.55537
-10.6703
-9.77835
-6.9425
-9.4715
-6.96172
-7.00041
-9.83958
-7.31639
-8.8134
-5.08051
-7.67957
-9.15758
-8.94615
-11.2956
-10.8453
-12.1908
-7.56929
-5.41471
-9.33876
-9.38992
-6.06972
-11.0362
-7.78685
-9.23623
-8.12126
-6.24637
-5.53651
-8.69463
-11.6183
-10.0562
-8.15049
-11.4255
-11.3491
-10.8462
-8.87605
-5.46644
-10.5437
-10.065
-3.60414
-10.6839
-2.15223
-3.39964
-12.8246
-7.31438
-7.95153
-6.54515
-5.77745
0.305142
-8.66683
-9.87931
-5.0235
-9.51955
-9.5109
-14.1614
-8.61246
-8.37514
-9.39632
-7.67046
-7.53032
-13.0091
-8.90251
-9.23208
-7.26363
-10.5106
-6.93398
-7.6714
-10.9512
-9.88223
-8.33592
-8.11322
-8.95158
-8.25061
-8.3031
-9.78573
-10.7343
-10.8506
-7.79102
-6.18093
-4.18216
-8.89391
-8.60063
-11.3228
-7.07338
-8.02308
-4.14452
-8.60899
-10.0037
-8.95882
-6.17926
-9.38137
-11.5662
-3.94576
-8.39166
-7.5691
-12.7247
-8.54004
-5.42775
-2.67383
-9.58311
-10.6475
-7.37642
-10.7421
-13.0388
-7.12229
-5.71681
-12.9877
-9.51443
-7.47944
-10.7313
-12.4109
-7.78539
-9.02218
-11.559
-10.5169
0.0529034
-10.9098
-10.1304
-9.87823
-12.9179
-3.40198
-9.70224
-8.29646
-11.3956
-3.75827
-9.72246
-8.26217
-7.20242
-6.68474
-8.13236
-6.40936
-8.93612
-9.40924
-9.93995
-5.92823
-5.5943
-8.40174
-10.7409
-5.20006
-8.46216
-0.993152
-7.98916
-10.4435
-10.2196
-7.78946
-11.7223
-12.1789
-10.3463
-8.63661
-9.21753
-7.04186
-8.4266
-9.01612
-14.0052
-12.6257
-12.3315
-10.5322
-6.73314
-8.95583
-5.61296
-9.30476
-8.12731
-7.27092
-0.885527
-9.73155
-5.97288
-10.9187
-13.994
-4.30174
-10.9576
-8.21317
-7.43663
-9.58617
-10.0068
-12.8634
-10.7947
-9.20964
-9.96005
-9.93835
-10.334
-10.0586
-7.78315
-7.58244
-7.96818
-8.36525
-9.61993
-8.76832
-10.0099
-11.2808
-2.09361
-8.7094
-7.11154
-10.5407
-7.82132
-10.3763
-6.72886
-8.43253
-9.43052
-8.09791
-9.64515
-13.8894
-7.45744
-9.93361
-10.3884
-1.65492
-3.4915
-8.57705
-9.64107
-9.49095
-11.0155
-10.7194
-9.58345
-8.87787
-10.6878
-6.58283
-7.44783
-6.31016
-11.0791
-6.81743
3.55841
-2.0794
-8.01296
-8.26731
-6.06622
-7.06892
-9.80695
-9.32636
-11.2963
-6.91104
-6.90156
-8.74545
-4.89603
-6.76453
-6.66572
-9.29495
-5.73663
-4.7328
-12.7833
-10.8357
-8.44563
-10.2126
-9.43745
-8.05262
-5.42422
-9.22943
-8.85645
-7.53192
-9.51942
-4.81048
-2.92756
-9.41746
-0.273265
-8.60017
-11.2948
-1.9011
-9.93958
-9.73176
-11.3279
-9.76559
-8.70036
-6.63074
-7.46
-11.0072
-14.3161
-4.96987
-1.30331
-9.2478
-9.13346
-12.5738
-9.31034
-9.27581
-10.1841
-11.4438
-5.47083
-9.41735
-11.3979
-5.83527
-8.66898
-9.54572
-12.4368
-8.07353
-8.29782
-6.03363
-5.02357
-10.9026
-5.32478
-7.59685
-8.31001
-11.6578
-7.10702
-11.7395
-9.17978
-6.69313
-10.4358
-6.86652
-10.683
-12.5639
-7.5751
-10.6299
-8.38022
-4.59912
-6.34051
-10.6377
-6.00501
0.635944
-8.51873
-7.28224
-9.44878
-8.43353
-9.65974
-5.64144
-8.53125
-4.87451
-15.4545
-8.46555
-11.9775
-10.4681
-13.4661
-5.74289
-8.66215
-2.59049
-8.87725
-11.89
-10.0989
-4.20537
-10.8059
-12.1714
-12.8473
-10.5894
-5.78362
-9.55677
-8.11971
-8.87889
-10.193
-12.5269
-9.20035
-10.5639
-11.0375
-4.5898
-8.41919
-9.16941
-11.7569
-14.065
-8.92762
-9.96177
-10.0681
-0.833098
-9.15723
-11.4034
-12.9404
-6.80056
-6.7882
-10.0116
-6.78683
-13.2077
-9.03959
-15.0421
-9.86004
-10.1731
-10.1216
-8.36829
-9.55912
-10.5767
-8.03474
-6.00677
-8.72777
-4.85085
-2.45917
-9.98335
-2.48031
-6.70423
-5.22979
-7.78146
-9.81901
-11.0761
-7.07723
-10.7811
-8.746
-7.13272
-8.72452
-11.4952
-12.0091
-7.75797
-4.78935
-7.16848
-5.13173
-10.1937
-6.46904
-7.15505
-10.6556
-8.82377
-12.6577
-11.9943
-4.64051
-7.13699
-4.9984
-12.8647
-11.5032
-9.4923
-8.48046
-2.59413
-10.3329
-16.3985
-9.76323
-6.40892
-4.94237
-6.41433
-6.53183
-5.41005
-12.3239
-8.97814
-8.48001
-12.1416
-10.1174
-6.89389
-9.32196
-6.47809
-12.188
-10.0692
-8.69189
-2.74455
-7.74744
-5.61895
-7.59039
-5.64917
-8.98437
-6.24822
-10.6186
-9.50266
-7.39954
-9.86224
-10.3515
-7.64383
-10.8429
-12.2788
-9.99348
-8.75976
-9.17862
-9.79359
-9.64567
-12.0728
-6.33804
-12.3368
-11.8192
-5.2287
-7.87367
-9.56623
-6.91633
-7.96225
-10.0571
-8.245
-5.83174
-12.4661
-8.5963
-12.3807
-9.88149
-4.06398
-8.36236
-8.7256
-8.77359
-5.42412
-12.4681
-5.09699
-9.48278
-5.56429
-9.68712
-7.96414
-8.66163
-7.34115
-5.34003
-9.83088
-1.66285
-7.75021
13.4172
-9.18828
-9.21422
-8.62847
-8.1817
-6.72934
-9.53117
-7.85934
-10.1562
-10.2472
-6.40956
-3.23897
-9.45444
-6.81775
-7.5513
-8.83408
-8.31063
-8.45464
-11.2294
-10.7419
-10.2017
-1.67065
-7.785
-9.29942
-5.28648
-14.2791
-4.9251
-9.62853
-11.1643
-6.23804
-10.955
-9.34332
-5.15691
-10.0661
-6.24592
-5.76691
-10.3603
-5.47311
-5.70779
-10.5793
-7.36964
-14.7113
-9.2651
-10.7948
-8.5329
-8.11279
-9.51152
-5.34823
-4.96419
-9.44953
-7.70042
-9.95359
-12.7104
-9.10529
-6.02802
-9.60953
-12.6906
-9.17593
-11.1263
-7.98317
-8.25588
-10.6239
-9.31805
-7.87289
-7.72005
-10.2392
-5.3395
-6.14827
-3.7705
-5.6073
-7.84786
-9.36855
-6.30826
-3.33813
-8.39964
-9.55137
-10.4114
-14.1513
-6.93419
-9.08785
-6.38034
-11.0048
-6.7421
-8.32637
-3.10868
1.51322
-7.85711
-9.13272
-0.894309
-8.76024
-1.82621
-9.43775
-9.47083
-13.1429
-10.3759
-10.9198
-5.23805
-11.7955
-7.5564
-4.63492
-8.96934
-10.1222
-11.2394
-7.4871
-10.4482
-10.9518
-6.41958
-6.71127
-10.2907
-9.95413
-12.6532
-7.96101
-5.92413
-6.6546
-8.49431
-8.96573
-14.6517
-8.75611
-10.5075
-11.2274
-10.1648
-8.45996
-7.84192
-5.18834
-9.65931
-9.98328
-6.22927
-9.11044
-6.11569
-9.4495
-9.06077
-7.77954
-5.75963
-7.82126
-6.96431
-5.62452
-12.1416
-5.72914
-9.55803
-8.9604
-7.54241
-11.75
-7.86747
-6.78487
-10.3482
-5.98037
-4.43549
-7.36706
-5.09007
-6.89206
-11.1877
-5.28472
-8.51926
-8.54775
-9.50216
-5.37923
-10.4921
-9.38762
-6.19443
-9.89993
-10.1281
-8.32726
-6.89851
-7.28794
-7.44377
-10.4445
-9.96461
-7.24148
-8.1751
-4.98109
-5.27894
-10.8581
-9.99882
-4.79885
-9.52623
-8.32937
-9.33913
-14.0869
-8.34369
-7.87175
-7.97372
-6.20588
-10.7408
-8.63484
-5.94025
-8.97927
-9.78173
-4.67437
-7.89373
-8.4419
-12.0242
-8.98012
-10.8026
-0.035832
-4.47785
-8.07832
-8.69648
-8.32634
-7.75953
-5.54753
-9.15122
-8.82886
-10.3929
-10.6299
-9.45613
-9.18808
-7.74111
-13.0635
-9.81243
-0.282214
-14.0611
-5.03933
-7.71459
-10.3258
-7.43755
-6.91527
-8.50754
-3.33885
-12.8495
-7.30801
-9.79795
-8.14095
-6.0125
-8.6992
-11.9317
-11.4349
-7.46509
-9.36091
-2.64918
-15.5318
-9.04479
-10.3297
-0.55067
-11.6553
-2.64122
-5.95306
-12.081
-6.30211
-9.87578
-8.5066
-7.47773
-5.32349
-10.3487
-6.68074
8.31685
-9.2
-10.0213
-7.91194
-9.55424
-9.94763
-3.79611
-10.7928
-12.3268
-9.71214
-7.08518
-10.6281
-11.1015
-9.81425
-8.77375
-2.20195
-10.3421
-11.4994
-7.32836
-6.51997
-7.29584
-10.8688
-9.96123
-8.84438
-3.94582
-5.36324
-4.53086
-12.2217
-11.6436
-10.6939
-9.1099
-9.04879
-7.35315
-11.6402
-10.8175
-12.8184
-6.78282
-10.9367
-10.5897
-10.0892
-10.3439
-10.9983
-11.7154
-7.14602
-11.8564
-6.95832
-8.85463
-6.13054
-7.4043
-6.21278
-8.31777
-9.46292
-2.01487
-10.2978
-8.49434
-8.60861
-12.7492
-8.03854
-9.61323
-7.76185
-8.44902
-5.94749
-11.0027
-7.13886
-10.9089
-10.825
-9.0121
-7.66107
-9.61222
-7.73737
-9.33026
-7.8879
-8.22462
-6.9433
-7.22502
-8.25148
-6.01421
-11.0447
-7.79501
-12.9048
-12.9163
-10.4979
-9.32761
-9.41684
-5.5979
-8.64826
-12.3702
-9.22796
-8.49895
-7.95742
-10.3097
-8.67042
-13.3403
-7.60602
-9.98923
-7.41596
-7.85943
-4.93825
-12.6601
-8.50016
-7.85863
-7.92329
-8.03385
-3.36093
-2.59937
-9.9905
-10.1487
-10.8231
-10.4077
-6.32009
-10.3542
-10.892
-6.72466
-9.69016
-13.173
-6.28751
-12.0121
-12.9791
-2.51968
-12.1294
-10.5509
-5.58536
-9.48562
-7.54404
-9.90592
-10.4005
-9.18767
-9.65268
-7.90085
-8.60285
-11.7795
-7.24774
-10.2957
-8.84426
-10.4657
-8.08641
-6.23715
-5.33813
-9.81652
-11.53
-6.39109
-9.90298
-8.62342
-10.1532
-9.40777
-6.99013
-4.50415
-10.846
-7.09283
-1.59012
-4.37019
-5.30157
-10.9029
-10.5922
-5.70752
-11.1804
-6.97296
-6.78555
-8.50726
-9.64192
-11.4855
-9.74483
-11.95
-3.91214
-12.8246
-6.75433
-9.07445
-9.61262
-9.18152
-9.52609
-8.78327
-10.1029
-7.41521
-7.47837
-9.51076
-9.58364
-5.88657
-9.68451
-5.92715
-12.7868
-7.88919
-9.76086
-8.48651
-3.44265
-8.20316
-7.52754
-10.0114
-6.44287
-9.15992
-12.7651
-10.5211
-14.0261
-8.97879
-10.9505
-12.3233
-8.76459
-12.6358
-9.0444
-0.931041
-11.3111
-9.89282
-5.17948
-12.5257
-13.3465
-6.72329
-9.32431
-8.59707
-4.17971
-9.43948
-7.67356
-10.5526
-8.2737
-10.0344
-9.9574
-4.79851
-12.6492
-5.44
-9.22713
-6.69218
-13.7255
-9.12246
-7.80789
8.00445
-10.7339
-9.85783
-10.4423
-10.4057
-8.86714
-11.15
-7.79562
-9.22464
11.8705
-9.37863
0.653484
-11.8055
-13.3423
-6.23196
-9.53681
-6.66673
-12.3592
-9.14726
-7.03162
-9.24598
-6.76354
-10.8264
-10.0787
-5.74859
-9.20486
-5.45306
-10.8208
-10.1816
-7.77451
2.31138
-6.55033
-11.7448
-12.2692
-11.2704
-6.52406
-7.05357
-5.91495
-12.2431
-9.92367
-8.80231
-4.45556
-9.05193
-11.1125
-5.96173
-5.90648
-12.0407
-10.5046
-4.83818
-5.98981
-14.5679
-9.16742
-10.8951
-7.71465
-13.7806
-7.53384
-11.2615
-7.33075
-10.8743
-12.0838
-9.91076
-9.40194
-10.2916
-9.60802
-5.25893
-12.783
-8.2873
-6.48576
-8.35587
-2.20133
-9.75798
-12.2282
-10.4904
-6.72669
-6.20621
-13.2483
-9.77589
-8.91897
3.30069
-12.2146
-11.69
-10.9875
-9.22245
-11.5636
-10.6323
-10.3034
-5.92073
-1.25434
-7.76395
-7.35593
-7.56339
-6.48008
-8.83218
-8.65976
-2.85287
-7.92174
-10.2666
-8.75241
-10.999
-7.46719
-8.23849
-4.32678
-9.86868
-9.23793
-8.61607
-10.7869
-7.93371
-4.45813
-7.99203
-7.22819
-11.8147
-6.92458
-9.11433
-8.13715
-8.6871
-7.70192
-10.2323
-9.62051
-7.29735
-11.129
-10.9906
-8.5089
-10.8406
-7.06097
-6.82544
-5.26677
-8.35431
-8.02457
-7.86046
-7.16196
-6.21109
-9.50138
-9.22794
-5.3664
-14.757
-9.41809
-5.64078
-2.13764
-9.53863
-9.89245
-9.55454
-7.3873
-8.91523
-6.05593
-9.46708
-8.39984
-4.82665
9.64071
-8.78338
-10.2352
-10.6428
-2.21854
-8.98979
-11.6759
-7.54274
-9.19307
-6.92064
-6.71898
-13.0532
-11.5956
-9.78466
-9.65905
-7.65787
-7.58722
-10.646
-7.5123
-9.22787
-9.22691
-1.66486
-5.91415
-9.14455
-8.72662
-11.771
-10.9841
-8.56083
-9.97357
-8.06114
-12.0823
-11.4137
-10.8225
-7.6053
-8.6728
-10.36
-8.16811
-7.70787
-10.0504
-10.2194
-9.53186
-6.75589
-8.00221
-9.17765
-8.13874
-7.7584
-6.8714
-8.48898
-8.06753
-8.81514
-11.1142
-9.04506
-11.5615
-8.47693
-8.57252
-6.75699
-10.0244
-6.22154
-9.69479
-10.2523
-9.84797
-3.61276
-1.80524
-5.14106
-6.0589
-12.0419
-5.98089
-10.936
-8.2269
-5.79942
-5.6532
-6.14086
-3.52114
-9.74747
-8.82438
-8.03015
-5.32202
-9.2949
-10.8157
-9.70266
-6.57807
-7.67906
-9.79279
-13.5258
-8.73358
-6.75162
-8.7349
-8.16256
-11.7126
-4.35771
-9.76216
-8.93318
-7.75209
-8.3044
-9.94365
-9.09107
-9.02022
-5.18874
-7.31248
-9.66387
-9.9686
-11.9956
-11.6089
-9.6988
-10.8961
-7.09252
-8.20036
-3.6135
-7.31663
-8.56123
-7.60407
-6.6005
-7.51157
-6.85033
-6.33323
-9.66972
-10.4591
-11.5124
-9.47546
-6.97245
-3.90716
-2.73535
-9.47668
-3.6558
-3.7243
-6.60603
-4.63463
-6.70424
-10.3782
-5.72139
-8.32505
-9.45197
-6.27324
-8.48014
-7.91874
-12.8545
-7.80144
-7.69329
-7.35314
-14.3962
-6.15874
-11.0047
-3.51117
-7.51992
-8.20494
-11.4169
-10.196
-8.17062
-9.53801
-4.44898
-9.09757
-8.28848
-10.9254
-9.94903
-7.87483
-7.79365
-8.60647
-12.163
-4.04936
-8.23085
-5.35976
-10.1005
-10.07
-8.28292
-8.41927
-7.08256
-8.26132
-7.48445
-5.09684
-4.69508
-13.3925
-7.11076
-4.83807
-10.569
-8.75668
-11.477
-5.21838
-9.17738
-10.743
-7.05152
-9.6732
-14.1756
-5.43509
-7.12136
-6.73977
-11.6708
-9.50265
-9.41691
-8.18055
-10.7769
-8.33682
-11.7369
-1.64505
-6.95722
-11.5416
-4.52876
-8.71232
-6.16717
-8.28812
-11.2157
-5.31119
-9.58285
-8.56742
-8.64163
-7.98431
-11.7163
-8.00802
-6.22551
-9.42144
-9.16811
-10.2505
-4.34263
-7.0008
-11.3314
-4.07729
-8.537
-7.65084
-8.91775
-10.2283
-5.56469
-4.42392
-7.27606
-10.7982
-8.07148
-9.70653
-8.95353
-5.86871
-3.90513
-9.44314
-10.3177
-8.35556
-8.80911
-8.93531
-8.51484
-12.9007
-9.82222
11.3738
-11.2454
-12.142
-9.93451
-10.5229
-4.72226
-8.24624
-5.73903
-9.58092
-6.90389
-9.33827
-10.6869
-13.1474
-10.2203
-8.88028
-5.58986
-8.27177
-14.5083
-7.88521
-13.0323
-9.43862
-13.7034
-2.68959
-3.82495
-8.85321
-9.20875
-5.74336
-4.08086
-12.7316
-9.77316
-3.48156
-2.18873
-5.12581
-8.86216
-14.8257
-10.9845
-5.34053
-7.69724
-8.59011
-9.53304
-0.521542
-10.7158
-8.58138
-10.504
-9.27676
-9.39057
-4.59684
-3.79416
-8.13249
-9.6019
-6.37136
-8.24735
-7.87241
-3.18995
-11.2497
-11.9041
-8.18251
-4.87443
-6.54711
-12.0078
-10.3003
-9.90066
-12.7155
-7.82786
-10.1485
-9.13256
-11.0431
-7.75435
-4.47873
-8.15781
-10.6183
-7.07727
-2.92695
-10.75
-7.64681
-9.57137
-10.989
-12.0242
-8.14768
-8.37015
-8.14425
-10.7476
-10.5748
-4.66527
-1.83526
-9.26933
-5.19465
-7.08387
-7.81627
-8.95926
-8.80307
-2.65309
-8.57263
-8.72262
-7.00624
-8.8966
-6.9779
-9.51064
-7.6308
-10.3314
-9.71981
-10.9185
-8.47686
-5.74797
-9.34538
-8.4172
-3.40294
-4.25954
-9.40028
-7.33568
-10.0453
-9.63504
-9.48601
-6.50437
-6.26608
-9.35827
-6.93869
-2.33389
-13.9078
-5.34675
-9.6454
-7.7734
-6.63081
-11.4169
-9.49319
-12.1765
-2.12639
-9.70874
-14.5779
-14.3805
-10.1081
-8.95018
-9.45468
-6.18014
-9.46117
-6.99469
-8.06218
-16.4076
-6.49379
-2.9872
-8.33748
-10.4372
-13.2308
-8.90139
-10.0175
-5.05007
-8.43946
-9.60424
-6.05235
-8.02173
-6.26712
-2.90081
-12.2339
-8.6742
-13.8393
-9.9227
-7.90388
-8.11467
-3.91199
-10.2062
-8.01585
-12.5637
-2.82043
-10.4312
-10.877
-4.76
-8.12561
-9.03509
-11.0459
-8.22951
-10.8512
-8.67721
-8.51613
-8.08305
-12.1452
-10.2833
-10.4624
-6.47768
-3.92027
-13.6245
-3.47574
-6.51908
-8.18323
-8.24555
-11.0912
-7.73815
-6.96578
-11.4647
-13.0319
-12.2063
-11.664
-6.1403
-6.90502
-12.0232
-5.43841
-13.9229
-4.89797
-7.42694
-9.68049
-12.5959
-10.6541
-8.13602
-7.7869
-6.54907
-11.1051
-6.20765
-8.92245
-11.5057
-9.91001
-9.27168
-12.2153
-4.82427
-6.7885
-9.82949
-9.52398
-9.97595
-8.12293
-10.7365
-7.70707
-5.95147
-10.3371
-10.5362
-6.30413
-7.28271
-8.24961
-8.68905
-6.78176
-9.26728
