1600 50 40000
6.65081e-05 6.65644e-05 6.2832e-05 0.00277973 0.00277733 0.00293672 0.0580233 0.0564426 0.162704
0.0527873 0.0513564 0.149972 0.232368 0.231864 0.265005 0.018668 0.0186048 0.0227648
0.0546144 0.0532488 0.153812 0.309193 0.308258 0.373906 0.0195461 0.0195159 0.0216186
0.0545298 0.0532427 0.143285 0.345059 0.34359 0.449762 0.0215223 0.0215078 0.0225929
0.0547595 0.0533981 0.148029 0.380623 0.379425 0.460486 0.022003 0.0219256 0.0276322
0.0529797 0.0515615 0.164115 0.381668 0.379733 0.529436 0.0226531 0.022571 0.0285952
0.0541054 0.0527763 0.152491 0.417834 0.416391 0.520639 0.0230063 0.0229387 0.0281599
0.0546588 0.0532057 0.173435 0.442247 0.440176 0.600852 0.0245513 0.0244402 0.0331562
0.0538496 0.0523826 0.165148 0.449261 0.447588 0.569042 0.0240844 0.0239982 0.03059
0.0508916 0.0495311 0.15879 0.477985 0.475993 0.62813 0.0245943 0.0245284 0.0296521
0.0523992 0.050969 0.167288 0.459399 0.457695 0.586392 0.0232061 0.0231445 0.0282492
0.0542378 0.0528121 0.172229 0.468214 0.466794 0.571903 0.0237622 0.0237229 0.0268596
0.0533965 0.0519314 0.177998 0.464017 0.462364 0.590083 0.0235994 0.02357 0.0258747
0.0528976 0.0515439 0.151854 0.509989 0.507795 0.678037 0.025598 0.0255524 0.0291997
0.0511077 0.0497477 0.153833 0.483294 0.481598 0.605769 0.0244318 0.0243994 0.02694
0.0500105 0.0486902 0.146976 0.452326 0.450499 0.589232 0.0246167 0.0246055 0.0254359
0.0513513 0.0498924 0.172788 0.495068 0.493067 0.649029 0.0257491 0.0257291 0.0272518
0.0513537 0.0500303 0.147658 0.472815 0.471594 0.560058 0.0256612 0.0256551 0.0261144
0.0503896 0.0490538 0.150403 0.501163 0.500547 0.541479 0.0270025 0.0269773 0.0288473
0.0497795 0.0483958 0.160289 0.476244 0.47521 0.550179 0.0251965 0.0251634 0.0276471
0.0500167 0.0486406 0.163945 0.468601 0.467258 0.571093 0.0242622 0.0242211 0.0276632
0.0497894 0.0485081 0.144741 0.501308 0.500811 0.534401 0.0255934 0.0256018 0.024972
0.0493344 0.0479842 0.157351 0.495071 0.493608 0.60679 0.0256004 0.0255854 0.0268396
0.0485333 0.0472454 0.148677 0.482632 0.481797 0.539498 0.0258669 0.0258517 0.0270728
0.0511481 0.0497557 0.162104 0.511015 0.509871 0.59133 0.0259356 0.025948 0.0249787
0.0489324 0.0476923 0.139488 0.465808 0.464663 0.544498 0.025658 0.0256577 0.0256774
0.0479577 0.0467693 0.137556 0.486669 0.485352 0.579135 0.026192 0.0261445 0.0297807
0.0499101 0.048714 0.137446 0.483054 0.481404 0.600079 0.0269519 0.0269334 0.0283476
0.0506315 0.0493288 0.153341 0.476148 0.474147 0.624517 0.0276646 0.027606 0.0323536
0.0498939 0.0486329 0.14539 0.519017 0.517296 0.635312 0.0269216 0.0268723 0.0309424
0.0515576 0.0502566 0.143958 0.478715 0.477655 0.547638 0.0272845 0.0272647 0.0288091
0.049486 0.0481398 0.157827 0.471863 0.47046 0.567088 0.0273963 0.0273787 0.0287702
0.05043 0.049151 0.148431 0.537812 0.536908 0.593257 0.0280256 0.028033 0.027465
0.0512887 0.0499639 0.153328 0.512373 0.510509 0.642111 0.0291048 0.0290781 0.0312105
0.0500019 0.0486963 0.156886 0.504177 0.502081 0.663781 0.028378 0.0283395 0.0315454
0.0497539 0.0484085 0.15175 0.509047 0.507194 0.646607 0.0284483 0.0284073 0.031748
0.0484884 0.0471603 0.152029 0.52443 0.522906 0.631813 0.0286009 0.0285847 0.0298695
0.0477589 0.0464226 0.160915 0.485436 0.483621 0.628355 0.0285477 0.0285257 0.0303558
0.0496984 0.0482919 0.167047 0.515869 0.514035 0.656251 0.0277903 0.0277712 0.0293104
0.0500659 0.0486548 0.17211 0.510794 0.508884 0.658999 0.0277223 0.0277102 0.0286939
0.0500895 0.0487911 0.15172 0.517918 0.516683 0.605338 0.0288623 0.028839 0.0306722
0.0467976 0.0455241 0.142104 0.493697 0.49255 0.582352 0.0278804 0.0278621 0.0293696
0.0488454 0.0474558 0.150886 0.530221 0.529766 0.559759 0.0273541 0.0273398 0.0284084
0.0468248 0.0454673 0.146055 0.513719 0.51286 0.572412 0.027175 0.0271544 0.028683
0.0481577 0.0467802 0.152793 0.531795 0.531016 0.58507 0.0282046 0.0281711 0.0307561
0.0480154 0.0465333 0.168509 0.530427 0.529821 0.569786 0.0278633 0.0278261 0.0307624
0.0476186 0.0461527 0.160555 0.487836 0.48686 0.556796 0.0271314 0.0270576 0.0330511
0.046418 0.0449014 0.165406 0.496598 0.495529 0.571659 0.0273804 0.0272829 0.0352079
0.0476044 0.0460361 0.177003 0.496069 0.494351 0.629095 0.0270358 0.0269523 0.033699
0.0430587 0.0416942 0.150075 0.464722 0.464154 0.502762 0.0264301 0.0263541 0.0323015
0.0440871 0.0426737 0.159386 0.502028 0.500759 0.595245 0.0268897 0.0267951 0.034671
0.0452722 0.0437477 0.170645 0.533255 0.531863 0.636204 0.0273096 0.0271863 0.0376924
0.0442325 0.04268 0.177181 0.537697 0.535962 0.671663 0.0271733 0.0270844 0.0346249
0.0442671 0.0427776 0.159242 0.512419 0.511276 0.594839 0.0275113 0.0274277 0.0340171
0.0425136 0.0409952 0.161134 0.495105 0.493865 0.58821 0.0265002 0.0263949 0.034708
0.0439873 0.0424823 0.156954 0.544621 0.543481 0.626499 0.0274821 0.0273877 0.0348527
0.0432239 0.0417961 0.151263 0.526722 0.525594 0.608543 0.0268475 0.0267649 0.033109
0.0425046 0.0410776 0.146952 0.535919 0.535075 0.59399 0.027725 0.0276467 0.0334102
0.0417672 0.0403572 0.154164 0.497573 0.496088 0.608289 0.0269428 0.0269028 0.0298442
0.0443149 0.0428701 0.156536 0.559625 0.558198 0.665906 0.0269301 0.0268554 0.0326593
0.0448713 0.0434677 0.147768 0.585251 0.584589 0.630273 0.0278235 0.0277353 0.0344889
0.0433995 0.0420996 0.128309 0.546677 0.547251 0.512505 0.0275604 0.0274857 0.0326788
0.0428698 0.0415519 0.135433 0.547484 0.547583 0.541215 0.027619 0.0275706 0.0309973
0.0441519 0.0427263 0.149401 0.53886 0.538381 0.571854 0.028026 0.0279614 0.0327102
0.0425478 0.0412438 0.131937 0.549041 0.549252 0.536084 0.0277149 0.0277205 0.0273269
0.041522 0.0401951 0.142706 0.537474 0.536643 0.596259 0.0277375 0.0276895 0.0314026
0.0414508 0.0402001 0.126946 0.519269 0.519035 0.534478 0.0279311 0.0279036 0.0298735
0.0413563 0.0400788 0.140082 0.548954 0.548541 0.576575 0.0276572 0.0276111 0.0314613
0.0411972 0.0399595 0.12866 0.523399 0.522861 0.559358 0.0287156 0.028682 0.0313375
0.0425848 0.0412882 0.144242 0.543388 0.543246 0.55236 0.0283876 0.0283892 0.0282635
0.0442691 0.0429441 0.144367 0.529414 0.528289 0.609511 0.0284705 0.02841 0.0334351
0.0440542 0.0428234 0.132312 0.550379 0.549638 0.600849 0.029024 0.0289635 0.0334901
0.0442755 0.0430339 0.134502 0.528868 0.52847 0.554498 0.0285127 0.0284796 0.0309936
0.0451056 0.0438209 0.149409 0.530089 0.528984 0.609623 0.0284387 0.0284256 0.0294402
0.0445785 0.0433 0.147143 0.553133 0.551878 0.642742 0.0286289 0.0285933 0.0313385
0.0438294 0.0425128 0.148351 0.536169 0.534847 0.630435 0.0294161 0.0293613 0.0337648
0.0432413 0.0420119 0.140835 0.568061 0.566475 0.686054 0.0294806 0.0294455 0.0323836
0.0432365 0.0419523 0.143582 0.554516 0.553244 0.648783 0.0289007 0.0288773 0.0308067
0.0453665 0.0440937 0.149501 0.541655 0.540018 0.676172 0.0295526 0.0295274 0.0316866
0.0456008 0.0442426 0.149411 0.547435 0.546425 0.622266 0.0291686 0.0291154 0.0334613
0.0462653 0.0450025 0.134451 0.543217 0.543771 0.508102 0.0300476 0.0300772 0.0280946
0.0454707 0.0440981 0.155625 0.542639 0.542129 0.579299 0.0310838 0.0310933 0.0303746
0.0452044 0.0438615 0.148061 0.554523 0.554092 0.584319 0.0305156 0.0305282 0.0295523
0.04508 0.043723 0.149808 0.532936 0.532437 0.567445 0.0301582 0.03014 0.0315616
0.0444123 0.0431494 0.131683 0.549676 0.549552 0.558128 0.0301142 0.0301485 0.0276492
0.043592 0.0423389 0.12932 0.50569 0.506024 0.484338 0.029417 0.029422 0.0290646
0.0430824 0.041787 0.137243 0.519024 0.51879 0.535353 0.0291182 0.0291219 0.0288486
0.041158 0.0398743 0.135834 0.504792 0.5045 0.525725 0.0299462 0.0299443 0.0300877
0.0428616 0.0415004 0.140318 0.548328 0.547882 0.580386 0.0306532 0.0306781 0.028846
0.041702 0.0403882 0.13215 0.544371 0.544891 0.510951 0.0295928 0.0296392 0.0264923
0.0435024 0.0421692 0.132349 0.553737 0.55399 0.536847 0.0294635 0.0294627 0.0295219
0.0448683 0.0435654 0.132455 0.535331 0.536061 0.490636 0.0304304 0.0304331 0.0302445
0.0441205 0.0427652 0.142957 0.535795 0.535997 0.521863 0.0296209 0.0295859 0.0322707
0.0409915 0.0396758 0.137477 0.532697 0.532452 0.55069 0.0289721 0.0289473 0.0308347
0.0421461 0.0409341 0.12554 0.54662 0.547378 0.498108 0.0288448 0.0288104 0.0313398
0.0419331 0.040617 0.136241 0.55184 0.552007 0.540055 0.0297583 0.0297482 0.03052
0.0438156 0.0423779 0.153555 0.523941 0.524335 0.496949 0.0296349 0.0296177 0.0309001
0.041202 0.0398317 0.135297 0.540607 0.541758 0.470681 0.0286593 0.028636 0.0302669
0.0433186 0.0418661 0.145931 0.574705 0.575258 0.539707 0.0286002 0.0286037 0.0283609
0.0415795 0.0402124 0.131831 0.551462 0.55229 0.499402 0.0281451 0.0281246 0.0295566
0.0404002 0.0391294 0.126295 0.555248 0.556317 0.491607 0.0287519 0.0287 0.0325353
0.0430565 0.0416649 0.140075 0.552289 0.552961 0.508695 0.02748 0.0274548 0.0293623
0.0427474 0.0413473 0.137583 0.57349 0.573803 0.552537 0.0279396 0.0278997 0.0307311
0.0410182 0.0396936 0.132504 0.549495 0.550425 0.493511 0.0276957 0.0276919 0.0279544
0.040914 0.0394417 0.141905 0.568121 0.568336 0.554557 0.0277072 0.0276752 0.0299885
0.0403868 0.0388656 0.14459 0.548585 0.549043 0.520103 0.0275035 0.0274392 0.0319955
0.0396474 0.0381531 0.143693 0.560361 0.560981 0.523087 0.0278156 0.0278269 0.0270415
0.0386123 0.0371741 0.140123 0.556141 0.5559 0.57229 0.0273215 0.0273144 0.0278271
0.040274 0.038792 0.144417 0.581297 0.581646 0.559167 0.0270872 0.0270635 0.0287962
0.040648 0.0390771 0.155418 0.581913 0.581783 0.590422 0.0271094 0.0270545 0.0310933
0.0384376 0.0369787 0.145178 0.569792 0.569694 0.576155 0.0278473 0.0277982 0.0315799
0.0400956 0.0386223 0.144078 0.567381 0.56798 0.531213 0.0286477 0.0286358 0.0295067
0.0392405 0.0377636 0.153645 0.535273 0.534212 0.612556 0.0282004 0.0281662 0.030828
0.0396417 0.0381474 0.156142 0.551504 0.551333 0.562752 0.0281519 0.0281052 0.03172
0.0396909 0.0382408 0.149051 0.546258 0.546181 0.551257 0.0285488 0.0285222 0.0304737
0.0402929 0.038754 0.162911 0.525362 0.524851 0.560185 0.0291303 0.029061 0.0347462
0.0407088 0.0392009 0.158092 0.529574 0.529234 0.552583 0.0287357 0.028702 0.0312681
0.0428979 0.0414243 0.15682 0.520589 0.520075 0.555925 0.0287009 0.0286636 0.0315259
0.0426708 0.0412017 0.151872 0.533219 0.532794 0.561348 0.0283711 0.028336 0.0309099
0.0436805 0.0421845 0.156641 0.54324 0.54233 0.602284 0.0290272 0.0289704 0.0333874
0.0424711 0.0409511 0.163206 0.556987 0.555344 0.676999 0.0283353 0.0282673 0.0337389
0.0452417 0.0437957 0.148296 0.605627 0.60459 0.672834 0.0292762 0.0291916 0.0357482
0.0422038 0.0408666 0.144108 0.54938 0.548586 0.601506 0.0284522 0.0283683 0.0350472
0.0437316 0.0423754 0.144382 0.579408 0.579109 0.597673 0.0290956 0.0290311 0.034067
0.0400575 0.0387166 0.147821 0.515307 0.513967 0.610214 0.0282804 0.0281896 0.0359087
0.0415919 0.0401585 0.15411 0.559636 0.55873 0.620019 0.028446 0.0283945 0.032625
0.0388544 0.037461 0.153333 0.542382 0.541244 0.623148 0.0276809 0.0276522 0.0299533
0.0430492 0.0415657 0.154832 0.54686 0.545758 0.620999 0.027475 0.0274342 0.0308955
0.0430999 0.0416237 0.154667 0.546772 0.545621 0.622575 0.0287942 0.0287734 0.0303642
0.0449379 0.0435299 0.15333 0.562925 0.562243 0.60678 0.0291203 0.029112 0.0297452
0.0443729 0.0429681 0.156705 0.528514 0.527423 0.604428 0.0290581 0.0290391 0.0305195
0.0440234 0.0426158 0.15862 0.534969 0.533161 0.672295 0.0298205 0.0297742 0.0335583
0.0441608 0.0427346 0.157273 0.566242 0.565282 0.631847 0.0298936 0.0298654 0.0320393
0.0465483 0.0450946 0.163385 0.570727 0.569278 0.675136 0.0302984 0.0302978 0.0303469
0.0459597 0.0445306 0.151788 0.571814 0.571071 0.621852 0.0309299 0.0309209 0.0315917
0.0436992 0.0423185 0.144754 0.565228 0.564181 0.634402 0.0308171 0.0307789 0.0337035
0.0432745 0.041918 0.140212 0.585664 0.585363 0.603969 0.0302028 0.0301903 0.0310758
0.0430827 0.0416021 0.159432 0.565093 0.563781 0.653675 0.0298102 0.0297444 0.0349445
0.0439902 0.0424774 0.161015 0.573206 0.571772 0.67259 0.0295848 0.0295091 0.0355338
0.0423266 0.0408538 0.166248 0.563342 0.560999 0.753601 0.0284989 0.0284191 0.0349663
0.0445858 0.043186 0.142899 0.551738 0.550308 0.656614 0.0279632 0.0279185 0.0313114
0.0412677 0.0399068 0.143833 0.538488 0.536911 0.650032 0.0267286 0.0266776 0.0306406
0.0428388 0.0413728 0.16 0.522555 0.520807 0.652093 0.0264267 0.0263924 0.0290844
0.0437831 0.0422788 0.161371 0.577402 0.57607 0.669436 0.0270704 0.0270288 0.0303581
0.0426181 0.0411028 0.161984 0.544894 0.543399 0.652765 0.0275983 0.0275268 0.033633
0.0435161 0.0420187 0.162037 0.542923 0.541108 0.678588 0.0275329 0.0274656 0.0331145
0.0434558 0.0419417 0.167849 0.547014 0.54532 0.670711 0.0279394 0.0278865 0.0323044
0.0445564 0.0430765 0.156355 0.58657 0.585251 0.674482 0.0291731 0.0291466 0.0311547
0.0461146 0.0446531 0.15911 0.585583 0.583849 0.717376 0.0293311 0.0292466 0.0360939
0.0448702 0.043454 0.163245 0.566709 0.564835 0.709208 0.0279628 0.0278831 0.0345204
0.0454598 0.0439945 0.172548 0.575503 0.573616 0.724251 0.0284048 0.0283237 0.0353679
0.0470185 0.0456122 0.14939 0.603289 0.60231 0.670135 0.0279986 0.0279405 0.0326871
0.0471389 0.0456786 0.156401 0.59834 0.596949 0.693522 0.0291831 0.0291211 0.0340555
0.0474509 0.0459043 0.177987 0.585953 0.584483 0.696753 0.028816 0.0287002 0.0392307
0.0453742 0.0439066 0.166227 0.535776 0.533989 0.673795 0.0277395 0.0276776 0.0329261
0.044993 0.0435517 0.155501 0.570006 0.568762 0.659876 0.0277329 0.0277302 0.0279287
0.043774 0.0423111 0.158255 0.546192 0.54503 0.626968 0.0269156 0.0268929 0.0286871
0.0423742 0.040961 0.152419 0.533728 0.532413 0.626134 0.0279794 0.0279639 0.0291835
0.0437502 0.042272 0.151939 0.553111 0.552988 0.560611 0.0286259 0.0286103 0.0297748
0.0424573 0.0409772 0.157467 0.549174 0.548071 0.624791 0.0282463 0.028196 0.0322731
0.0428713 0.0414522 0.149651 0.55508 0.554542 0.590089 0.0286334 0.028638 0.028291
0.0445539 0.0430919 0.157101 0.541752 0.541173 0.579842 0.0287491 0.0287225 0.0309386
0.0439906 0.0426556 0.146034 0.543429 0.542298 0.622944 0.0296964 0.0296888 0.0302946
0.0457785 0.0443683 0.162443 0.570445 0.569456 0.639345 0.0285697 0.0284959 0.0347577
0.0460196 0.0445987 0.159089 0.555169 0.553953 0.641432 0.0269477 0.0269009 0.0305
0.0456608 0.0442771 0.149584 0.555032 0.553977 0.627959 0.0278259 0.0277336 0.0354243
0.0443707 0.0429859 0.146434 0.559982 0.559531 0.588916 0.0278733 0.0277745 0.0359211
0.0448866 0.0434132 0.152626 0.553487 0.552685 0.607115 0.0275848 0.0275065 0.0336967
0.0456504 0.0442271 0.154829 0.568056 0.567371 0.613103 0.0282404 0.0281515 0.0355725
0.0460129 0.0444608 0.165071 0.555374 0.554082 0.648378 0.0285286 0.0284461 0.0352484
0.0468241 0.0453536 0.153798 0.561364 0.560119 0.646011 0.0278535 0.0277748 0.0341707
0.0466349 0.04515 0.166015 0.554645 0.553419 0.644195 0.027679 0.027625 0.0317782
0.0453792 0.0439657 0.152555 0.594812 0.594135 0.638587 0.0285459 0.0284953 0.0323082
0.0455703 0.0442037 0.152341 0.53582 0.534971 0.593585 0.0282123 0.0281603 0.0322024
0.0469754 0.045532 0.161955 0.575847 0.574856 0.643476 0.0281691 0.0280938 0.0341714
0.0464593 0.0449453 0.168044 0.568113 0.566858 0.656678 0.0277222 0.0276632 0.0326019
0.0479649 0.0464049 0.175304 0.570938 0.570098 0.629205 0.0280167 0.0279744 0.0314667
0.0478617 0.0462968 0.17299 0.59027 0.589232 0.661604 0.0285577 0.0285195 0.0316838
0.0498029 0.0482882 0.174217 0.614048 0.612402 0.731827 0.0285798 0.0285295 0.032774
0.0480356 0.0466221 0.161829 0.593747 0.592608 0.674925 0.0287328 0.0287114 0.0303683
0.0450672 0.0437374 0.158492 0.579291 0.577779 0.690901 0.028033 0.0279865 0.0317072
0.0460294 0.0446588 0.160354 0.570931 0.569036 0.714478 0.0277847 0.0277048 0.0345374
0.046134 0.0447696 0.156006 0.598952 0.597353 0.71516 0.0286643 0.0286015 0.0334884
0.0451366 0.0437504 0.165705 0.552954 0.550964 0.704792 0.0271522 0.0270962 0.0319275
0.0452569 0.0438261 0.173092 0.585528 0.583517 0.739951 0.0272711 0.0271947 0.0339142
0.0454397 0.0440247 0.165186 0.578059 0.576016 0.731338 0.0274783 0.0273972 0.0345002
0.0442177 0.0427933 0.165292 0.563716 0.561714 0.714294 0.0271728 0.0270968 0.0337047
0.0446763 0.0432214 0.157627 0.591737 0.591057 0.635857 0.0284378 0.0283727 0.033421
0.042604 0.0411658 0.163612 0.562778 0.561211 0.677151 0.0284091 0.0282975 0.0376084
0.0454151 0.0439657 0.1558 0.605613 0.604591 0.672066 0.0281469 0.0280547 0.0354015
0.0486157 0.0471479 0.155307 0.571318 0.570613 0.614947 0.0285292 0.0284267 0.0363638
0.0481302 0.0466418 0.168583 0.581642 0.580293 0.680764 0.0282031 0.0280817 0.0378491
0.0474952 0.0460419 0.167811 0.58619 0.584562 0.694813 0.0289447 0.0288208 0.039393
0.0482812 0.0468312 0.164206 0.611316 0.60962 0.725916 0.0288557 0.0286854 0.0431246
0.0472681 0.0457771 0.169353 0.57577 0.573797 0.720357 0.0286005 0.0284451 0.0421577
0.0476701 0.0462266 0.170939 0.628923 0.62709 0.760655 0.0291437 0.0289857 0.0433098
0.0471197 0.045653 0.178722 0.606423 0.60444 0.754115 0.0286284 0.0284687 0.042888
0.0466485 0.0451197 0.181531 0.576723 0.575312 0.680217 0.0287723 0.0286033 0.0434869
0.0459555 0.0444648 0.169685 0.559693 0.558254 0.662424 0.0293465 0.0291901 0.0421559
0.0438614 0.0423651 0.169984 0.552485 0.550825 0.674752 0.0285362 0.0283794 0.0420518
0.0442872 0.0427274 0.174527 0.555262 0.55384 0.658656 0.0286168 0.0284467 0.0438939
0.0447556 0.0431998 0.184834 0.542049 0.540022 0.701292 0.028004 0.0278267 0.0443819
0.0465686 0.0450437 0.177561 0.547031 0.545134 0.68774 0.0277848 0.0276092 0.0424186
0.0465969 0.0450578 0.175731 0.524814 0.522775 0.681175 0.0270811 0.0268937 0.0437301
0.047222 0.0457001 0.176206 0.54703 0.545163 0.68254 0.0273009 0.0271323 0.0407141
0.0461826 0.0447451 0.174527 0.549457 0.547633 0.684291 0.0268649 0.0266652 0.0435146
0.0483494 0.0469156 0.164894 0.561259 0.559615 0.679231 0.0270921 0.0269022 0.0431399
0.047151 0.0457706 0.167894 0.560931 0.558922 0.71463 0.0276808 0.027493 0.0440325
0.0473931 0.0459644 0.16215 0.545742 0.543442 0.726697 0.0275129 0.0272875 0.0480905
0.0457584 0.0443019 0.169303 0.546368 0.544357 0.696741 0.0277379 0.0275174 0.0472423
0.0479356 0.0464824 0.161417 0.567432 0.565816 0.682894 0.0280447 0.0278203 0.0465778
0.0462534 0.044804 0.166329 0.588143 0.586583 0.702657 0.0275265 0.0273202 0.0447944
0.0455853 0.0441192 0.171092 0.591916 0.590298 0.713982 0.0275285 0.0273024 0.0477806
0.0457342 0.0443484 0.154075 0.592502 0.591884 0.63411 0.0275408 0.0273448 0.0429741
0.044584 0.0431979 0.156138 0.587614 0.586688 0.652289 0.0276806 0.0275108 0.0408229
0.0452896 0.0438403 0.166808 0.598648 0.597245 0.700582 0.0280114 0.0278133 0.0439441
0.0448448 0.0434611 0.164924 0.580805 0.579173 0.70697 0.0280751 0.0278487 0.0475227
0.0462905 0.044835 0.168078 0.617033 0.615564 0.72667 0.0287125 0.0284811 0.048652
0.0493909 0.0478972 0.17372 0.613083 0.611515 0.734815 0.0292612 0.0290236 0.0504341
0.0492371 0.0477405 0.169627 0.593489 0.592284 0.678385 0.028754 0.028542 0.0463369
0.0507384 0.0492256 0.172016 0.630177 0.62912 0.702802 0.0291875 0.0289796 0.0466618
0.049833 0.048358 0.168738 0.627749 0.626586 0.709427 0.0299545 0.0297343 0.0484612
0.0491734 0.0477512 0.158107 0.608344 0.606887 0.711625 0.0297177 0.0294983 0.0479461
0.051068 0.0495151 0.178114 0.604312 0.603164 0.686461 0.0295276 0.0293043 0.0482828
0.0514971 0.0498832 0.179892 0.624176 0.623235 0.689887 0.0297868 0.0295429 0.0493219
0.0494631 0.0479347 0.184926 0.601056 0.599813 0.691815 0.0291549 0.0289207 0.0490572
0.0489551 0.0473718 0.19684 0.574202 0.572508 0.70843 0.028759 0.0285172 0.0507995
0.0521096 0.0506024 0.164754 0.618717 0.617599 0.696708 0.0287983 0.0285824 0.0461969
0.049039 0.047594 0.159798 0.586935 0.585862 0.660785 0.0288671 0.0286748 0.0437485
0.0484604 0.0469701 0.172847 0.625709 0.624189 0.736549 0.0294838 0.0292567 0.0489817
0.0495297 0.0480336 0.168586 0.594718 0.593176 0.706994 0.029134 0.0289373 0.0454226
0.0462076 0.0448182 0.156623 0.619107 0.618008 0.695857 0.0294362 0.0292304 0.0461283
0.0469459 0.0455289 0.153978 0.566983 0.566165 0.62283 0.027912 0.0277473 0.0406764
0.0491717 0.0477846 0.152535 0.609935 0.60862 0.703196 0.0294023 0.0291817 0.0475509
0.0446803 0.0433592 0.152446 0.596906 0.595195 0.72141 0.0287231 0.0285091 0.0465846
0.0448828 0.0435884 0.149614 0.567342 0.565834 0.674996 0.0283214 0.0281283 0.0443035
0.0483306 0.0469396 0.162896 0.564118 0.562121 0.723893 0.0282811 0.0280899 0.0446259
0.0503342 0.0489105 0.167976 0.598325 0.596969 0.698547 0.0291091 0.0289156 0.0453141
0.0484675 0.0471371 0.149224 0.580385 0.579404 0.648003 0.0293162 0.0291461 0.0427019
0.0498687 0.0484831 0.164684 0.573349 0.571662 0.698904 0.0296734 0.0294748 0.0461463
0.0494709 0.0481471 0.151992 0.594149 0.593248 0.657001 0.0296572 0.029469 0.0449345
0.0465805 0.0452041 0.159317 0.570716 0.569482 0.659874 0.028686 0.0284675 0.0467815
0.0463998 0.0450091 0.167728 0.562554 0.560685 0.709247 0.0285604 0.0283412 0.0479162
0.0489462 0.0475154 0.16721 0.585466 0.584198 0.677881 0.0280864 0.0278826 0.0448087
0.0466616 0.0452463 0.165191 0.594349 0.593092 0.683154 0.0280027 0.0278104 0.0438813
0.0444832 0.0431783 0.154299 0.555151 0.553747 0.659661 0.0281784 0.0279645 0.0453372
0.045311 0.0438882 0.166742 0.565221 0.563452 0.700005 0.0280899 0.0278707 0.0466329
0.0449487 0.0434994 0.164759 0.564253 0.563192 0.638987 0.0278488 0.02765 0.0443937
0.046979 0.0455388 0.161481 0.566479 0.56551 0.633722 0.0286651 0.0285214 0.0392466
0.0461989 0.0448583 0.152946 0.620225 0.619981 0.636808 0.0288252 0.0286514 0.0433357
0.0452904 0.0439646 0.153598 0.600288 0.599602 0.648862 0.0292778 0.0290877 0.0443369
0.0461733 0.0448408 0.153488 0.620532 0.619562 0.689541 0.0289504 0.0287757 0.0431919
0.0441341 0.0427949 0.15587 0.605455 0.604396 0.683149 0.029586 0.0293922 0.0445394
0.0475853 0.0462164 0.153042 0.588095 0.587019 0.67507 0.0296135 0.0294533 0.0417159
0.0462713 0.0449794 0.146383 0.62564 0.624832 0.681816 0.0302902 0.0300971 0.0456338
0.0451914 0.0438575 0.154159 0.600101 0.598712 0.705191 0.029648 0.0294481 0.0460198
0.0451363 0.0438261 0.149437 0.604358 0.603358 0.676518 0.029206 0.0290531 0.0410771
0.0473599 0.0460667 0.14534 0.612163 0.611124 0.688829 0.0288153 0.0286587 0.0415743
0.0471527 0.0457818 0.161247 0.59089 0.589979 0.659168 0.0294354 0.0292718 0.0426936
0.045967 0.044622 0.151518 0.599529 0.598483 0.679431 0.0292804 0.0291266 0.0415923
0.0447154 0.0433856 0.16084 0.627728 0.626969 0.683609 0.0295283 0.0293252 0.0469633
0.0461565 0.0448705 0.151659 0.629171 0.628107 0.709612 0.0295136 0.0293416 0.0445743
0.0498815 0.0485401 0.159144 0.618263 0.617513 0.670896 0.0292811 0.0291468 0.0402135
0.0480666 0.0467636 0.152332 0.589979 0.589499 0.624831 0.0291953 0.0290315 0.0421883
0.048463 0.0471992 0.137718 0.605768 0.605635 0.61501 0.0289944 0.0288577 0.0392167
0.0475535 0.0463045 0.139999 0.598619 0.597953 0.648319 0.0292418 0.0290626 0.044113
0.0486434 0.0472864 0.153115 0.60903 0.608961 0.613695 0.0290213 0.0288678 0.0411594
0.0465781 0.0452618 0.144673 0.570423 0.570549 0.561913 0.0282815 0.0282076 0.0336559
0.0478754 0.0464624 0.161773 0.604627 0.604047 0.646292 0.0294617 0.029306 0.0419909
0.0469652 0.0455743 0.15893 0.600815 0.599762 0.68032 0.0292499 0.0290947 0.0420571
0.0473103 0.0458462 0.165486 0.617598 0.617175 0.64736 0.0296451 0.0294973 0.0413012
0.0457027 0.044265 0.160868 0.600496 0.600207 0.621152 0.0296777 0.0295659 0.0381373
0.048417 0.0469158 0.177022 0.595411 0.595051 0.622016 0.0298945 0.0297694 0.0400272
0.0463123 0.0449273 0.167368 0.600671 0.599935 0.657752 0.030108 0.0299828 0.0404891
0.0479738 0.0465108 0.180377 0.609287 0.608306 0.689556 0.029742 0.0295835 0.0441948
0.0464006 0.0450152 0.162466 0.594989 0.594038 0.666989 0.0306547 0.0305012 0.0437946
0.0468819 0.0454695 0.168217 0.616526 0.615588 0.690738 0.0305006 0.0303627 0.0424751
0.0473496 0.0459876 0.156024 0.616628 0.6157 0.687873 0.0308972 0.0307435 0.0437916
0.0466082 0.0451867 0.166379 0.614521 0.613517 0.693268 0.0311586 0.031033 0.0416799
0.0464821 0.0451246 0.152811 0.608324 0.607935 0.636441 0.0313507 0.0312566 0.0385457
0.047348 0.04589 0.167966 0.626549 0.626396 0.637308 0.0319223 0.0317925 0.0420741
0.044643 0.0432575 0.16411 0.606761 0.606276 0.644131 0.0319477 0.0318266 0.0413334
0.0441141 0.0426594 0.179521 0.580676 0.579767 0.654115 0.0303564 0.0301817 0.0459322
0.045398 0.0440096 0.164512 0.588315 0.587483 0.653947 0.0307358 0.0305174 0.0515334
0.0446631 0.0432741 0.161978 0.584581 0.584274 0.608166 0.0306452 0.0305009 0.0430475
0.0441589 0.0428175 0.163155 0.589467 0.588651 0.653924 0.031078 0.0309132 0.0457368
0.0437031 0.0423855 0.150829 0.594165 0.593828 0.618469 0.0315994 0.0314388 0.0458045
0.0442363 0.0429314 0.159041 0.586042 0.58469 0.685842 0.0320291 0.0318503 0.0482239
0.0432394 0.0419107 0.160554 0.585963 0.584723 0.685248 0.0315172 0.0313726 0.0445023
0.0442907 0.0429315 0.165532 0.564145 0.563164 0.639414 0.0305901 0.0304748 0.0407593
0.0444442 0.0430722 0.169807 0.576236 0.575054 0.669815 0.0314945 0.0313128 0.0484259
0.0472723 0.0458197 0.181282 0.584096 0.582782 0.690414 0.0323854 0.0322374 0.0454462
0.0476266 0.0461484 0.185589 0.581847 0.581344 0.622192 0.0322698 0.0321731 0.0407652
0.0453341 0.0440257 0.156765 0.563776 0.563428 0.590323 0.0314971 0.0313988 0.0399196
0.0463636 0.0450136 0.153226 0.582612 0.581871 0.640404 0.0322384 0.0321107 0.0429022
0.0445828 0.0433036 0.143796 0.584679 0.584332 0.609769 0.0320979 0.0320198 0.0381222
0.0460143 0.0447114 0.148067 0.594544 0.593838 0.64913 0.0324829 0.0323848 0.0406928
0.0460989 0.0447329 0.163627 0.57805 0.577634 0.610231 0.0319868 0.031884 0.0410563
0.0448726 0.0435122 0.163001 0.568139 0.567183 0.645679 0.0312823 0.0311673 0.0411388
0.0456702 0.0442349 0.171756 0.612031 0.610917 0.701853 0.0322477 0.0321227 0.0426415
0.0468251 0.0454232 0.16092 0.596762 0.596483 0.617258 0.0320884 0.0319876 0.0403278
0.0470328 0.0455754 0.183909 0.588581 0.587857 0.646999 0.0312375 0.0311356 0.0400408
0.0459595 0.0444974 0.180794 0.590984 0.590002 0.669468 0.0303209 0.0302027 0.0407016
0.0460362 0.0445899 0.178426 0.590306 0.589497 0.653538 0.030842 0.0307197 0.0417425
0.0472695 0.0458592 0.168737 0.614852 0.613947 0.685241 0.0316692 0.0315432 0.042794
0.0482874 0.0467598 0.191444 0.598452 0.597199 0.700748 0.0312415 0.031093 0.0455324
0.046575 0.0451821 0.168314 0.600125 0.599232 0.669296 0.0309468 0.0308274 0.0418791
0.050274 0.0488662 0.161264 0.584429 0.583777 0.634445 0.0310649 0.0309815 0.0379939
0.0482053 0.0468186 0.162166 0.62761 0.627128 0.663166 0.0312753 0.031173 0.0400594
0.0470375 0.0457259 0.149674 0.609208 0.608431 0.668392 0.0313071 0.0312101 0.0393982
0.0483961 0.0469157 0.174038 0.614158 0.612663 0.73782 0.0300182 0.0298931 0.0418105
0.0487504 0.0473682 0.152596 0.629119 0.628643 0.664063 0.0308175 0.0307304 0.0380974
0.0487979 0.0472992 0.183447 0.630346 0.629227 0.721142 0.030336 0.0302449 0.0382473
0.0485438 0.0471452 0.165746 0.620024 0.618947 0.703564 0.0312452 0.0310866 0.0460366
0.0490539 0.0476219 0.166636 0.588528 0.587737 0.648683 0.0306651 0.0305126 0.0439037
0.0511177 0.0496384 0.179451 0.615108 0.614169 0.686361 0.0309036 0.0307777 0.0419098
0.0512895 0.0497741 0.181408 0.620691 0.619603 0.702738 0.0324813 0.0323296 0.0455875
0.0505318 0.0491582 0.157244 0.599682 0.598733 0.668919 0.0317397 0.031624 0.0413742
0.0487173 0.0473374 0.154412 0.635952 0.635009 0.704652 0.0316234 0.0314942 0.0421631
0.0495731 0.0481503 0.162252 0.657981 0.65669 0.752239 0.0312429 0.0311178 0.040686
0.0465683 0.0452206 0.148569 0.622252 0.621642 0.665273 0.0307405 0.0306305 0.039199
0.0458184 0.0445298 0.137006 0.611335 0.610933 0.638014 0.031421 0.0313661 0.0353412
0.0454473 0.0442142 0.133573 0.598904 0.598401 0.633191 0.0311191 0.0310834 0.0337006
0.0460861 0.0447414 0.146521 0.604646 0.604158 0.63694 0.0299033 0.0298456 0.0341643
0.0449853 0.0437225 0.136787 0.564074 0.563101 0.634576 0.0287276 0.0286537 0.0346262
0.0456209 0.0442878 0.154582 0.575547 0.574693 0.638904 0.0292618 0.0291858 0.0353487
0.0443195 0.0429934 0.153296 0.60947 0.608531 0.677278 0.0296048 0.0295846 0.0312309
0.0447744 0.0434979 0.145707 0.616883 0.615412 0.725519 0.0293778 0.0293553 0.0311351
0.0438 0.042556 0.141569 0.590431 0.589917 0.6266 0.0286641 0.0286209 0.0321494
0.0439427 0.0426702 0.139756 0.587543 0.587249 0.607482 0.0292744 0.0292244 0.0331738
0.0443919 0.0431204 0.142192 0.595577 0.59422 0.705423 0.0283976 0.0283556 0.0317875
0.0444801 0.0431893 0.150534 0.6009 0.600069 0.659333 0.0293965 0.0293381 0.034265
0.0439728 0.0427589 0.135514 0.589219 0.588441 0.644017 0.0287722 0.0287417 0.0311287
0.0449215 0.0436197 0.147527 0.590364 0.589786 0.630686 0.0292127 0.0291759 0.0319745
0.0433915 0.0422133 0.130014 0.57529 0.574999 0.595783 0.0291611 0.0291224 0.0320751
0.0435678 0.0423331 0.140308 0.578198 0.577975 0.594034 0.0292615 0.0292475 0.0303854
0.0446131 0.0433154 0.142089 0.576006 0.57618 0.563434 0.0293838 0.0293609 0.0312779
0.0448629 0.0435226 0.150953 0.618926 0.619201 0.599409 0.0301871 0.0301339 0.0344366
0.0470779 0.0457313 0.148407 0.597996 0.598185 0.584512 0.0300106 0.02995 0.034765
0.0466462 0.0452355 0.158338 0.601555 0.601964 0.572795 0.0297387 0.0296966 0.0330539
0.046669 0.0453029 0.154107 0.577348 0.577241 0.58496 0.029767 0.0297126 0.034246
0.0465335 0.0451377 0.160847 0.590668 0.590551 0.599474 0.0299461 0.0298841 0.0350812
0.0459587 0.0445852 0.158293 0.604526 0.604457 0.609674 0.0300016 0.0299365 0.0355047
0.0445988 0.0432436 0.151219 0.589106 0.588353 0.64485 0.0302358 0.0302059 0.0327274
0.0459728 0.0446076 0.154034 0.609278 0.609121 0.620797 0.0310293 0.0309724 0.0359428
0.044121 0.042794 0.153717 0.57105 0.570431 0.618055 0.0300001 0.0299235 0.0366357
0.0446382 0.0433034 0.151675 0.575801 0.575816 0.574738 0.0295985 0.0295297 0.0355239
0.0439779 0.0426187 0.160445 0.591938 0.591467 0.627787 0.0306489 0.0305898 0.0356657
0.0439301 0.0426038 0.156717 0.613991 0.613595 0.64347 0.0312167 0.0311527 0.0366969
0.0446438 0.0433337 0.148822 0.561497 0.561464 0.56384 0.0309629 0.0309388 0.0328714
0.0431875 0.0419114 0.146097 0.610834 0.610559 0.631833 0.0309835 0.0309747 0.031689
0.0444024 0.0430958 0.147174 0.614201 0.614199 0.614371 0.031363 0.0313559 0.0319242
0.0445671 0.0432579 0.150283 0.602367 0.60137 0.684462 0.0308016 0.0307603 0.0345004
0.0440127 0.0426912 0.154151 0.588731 0.587839 0.659929 0.0312889 0.0312817 0.0319156
0.0439824 0.0426538 0.148896 0.609604 0.608809 0.670645 0.0312818 0.0312307 0.0357021
0.0427034 0.0413567 0.158293 0.603129 0.602069 0.686545 0.0309651 0.030944 0.0327992
0.0406171 0.0394007 0.13826 0.593125 0.592817 0.615293 0.0304657 0.0304637 0.0306241
0.0432521 0.0419824 0.138792 0.621963 0.621969 0.62157 0.0307273 0.0307726 0.0273706
0.0440819 0.0427374 0.161046 0.619147 0.618245 0.687506 0.0309042 0.0308923 0.0319449
0.0441765 0.0428609 0.155694 0.645494 0.644672 0.707717 0.0315562 0.031561 0.0311561
0.0441127 0.0427708 0.165411 0.607533 0.606831 0.660485 0.0319729 0.0319601 0.0330725
0.0433596 0.0420853 0.149881 0.596954 0.596312 0.645013 0.0312083 0.0312032 0.0316291
0.0442339 0.0428932 0.160729 0.608952 0.607703 0.708456 0.031605 0.0315712 0.0345113
0.0444381 0.043166 0.145564 0.621673 0.620891 0.679592 0.031104 0.0310972 0.0316641
0.0433521 0.0421077 0.14335 0.612554 0.610985 0.739204 0.0311663 0.0311782 0.0301822
0.0442092 0.0428582 0.155085 0.591635 0.590838 0.656503 0.0313786 0.031373 0.031833
0.043387 0.0421611 0.135233 0.597794 0.59701 0.653302 0.0314635 0.0314818 0.03004
0.0466063 0.0451546 0.160573 0.620274 0.619229 0.697988 0.0313274 0.0313055 0.0331316
0.0440069 0.0426296 0.151568 0.608214 0.60757 0.655235 0.0307117 0.0307276 0.0295031
0.0446972 0.0433372 0.158179 0.612614 0.611548 0.693886 0.0299529 0.0299599 0.0293836
0.0419184 0.040633 0.149123 0.608444 0.607381 0.688051 0.0313283 0.0313272 0.0314224
0.0416791 0.0404237 0.149923 0.613288 0.612173 0.697465 0.0314564 0.0314315 0.0335769
0.0445064 0.0431934 0.159978 0.632424 0.631043 0.743428 0.0315077 0.0314548 0.0364746
0.046322 0.0449383 0.163 0.628229 0.626825 0.741157 0.0321476 0.0320879 0.0376056
0.046836 0.0454458 0.173233 0.619169 0.618296 0.685304 0.0322857 0.0322371 0.0366337
0.048057 0.0467214 0.15906 0.636396 0.636066 0.659883 0.0318153 0.031805 0.0326522
0.0453803 0.0441104 0.148634 0.614487 0.613968 0.653273 0.0318903 0.031879 0.0328069
0.0457883 0.0445592 0.149122 0.625601 0.625388 0.641156 0.0317709 0.0317399 0.0342891
0.0465508 0.0453122 0.145139 0.651407 0.651344 0.655991 0.032069 0.0320802 0.0312235
0.0473202 0.0460687 0.154945 0.634616 0.634158 0.67107 0.031949 0.0319132 0.0349018
0.0459288 0.0446844 0.155393 0.637649 0.636745 0.709888 0.0314318 0.0313942 0.034714
0.0474857 0.0462808 0.146203 0.593924 0.593273 0.644547 0.0316944 0.0316706 0.0336374
0.0460695 0.0449208 0.136872 0.613998 0.613669 0.638145 0.0322424 0.0322551 0.0312928
0.0473123 0.0461489 0.141665 0.658674 0.657711 0.736342 0.0322165 0.0321837 0.0350151
0.0481795 0.0469988 0.144487 0.640039 0.639851 0.654019 0.0324106 0.0323728 0.0355506
0.0450307 0.043909 0.135999 0.625538 0.625644 0.617887 0.0317987 0.0317905 0.0324479
0.046866 0.0456753 0.1393 0.58972 0.589497 0.606779 0.03139 0.0314185 0.0293117
0.0462771 0.0450406 0.153132 0.603704 0.603041 0.656479 0.0315787 0.0315625 0.0329262
0.0448377 0.0436363 0.140635 0.593165 0.592758 0.624565 0.0323387 0.0323303 0.0330356
0.0424455 0.0412702 0.138403 0.612819 0.612475 0.639524 0.0317437 0.0317561 0.0307135
0.0464059 0.0451351 0.147434 0.651238 0.650671 0.697573 0.032804 0.0328049 0.03273
0.0460099 0.0446996 0.155913 0.628213 0.627371 0.696747 0.0332292 0.0332034 0.0354157
0.0466376 0.0453289 0.158316 0.636909 0.636128 0.701115 0.0332779 0.0332443 0.0362324
0.0452101 0.0439944 0.147502 0.630099 0.629351 0.690419 0.0321965 0.0321769 0.0338661
0.0429777 0.0418811 0.135482 0.602751 0.601682 0.694699 0.0314809 0.0314736 0.0320929
0.0439655 0.0428733 0.126438 0.594423 0.59417 0.613042 0.0311901 0.0312153 0.0292909
0.046651 0.0454532 0.144256 0.614194 0.613476 0.670192 0.0317063 0.0317002 0.0322214
0.0454843 0.0443067 0.141706 0.627562 0.626769 0.691294 0.0328216 0.0328168 0.0332077
0.0447658 0.0435967 0.138686 0.629265 0.628651 0.676754 0.0329389 0.0329366 0.0331249
0.0459154 0.044718 0.141648 0.642351 0.641772 0.68797 0.0330411 0.0330723 0.0305545
0.0459652 0.0447261 0.153257 0.628744 0.627759 0.71127 0.0322154 0.0322226 0.0316172
0.0466195 0.0453574 0.161385 0.636701 0.635447 0.74558 0.0311224 0.031121 0.0312461
0.0453695 0.0441246 0.146771 0.61232 0.611437 0.685582 0.0309895 0.0310243 0.028101
0.0454621 0.0442755 0.131815 0.58394 0.583699 0.60238 0.0307294 0.0307933 0.0259322
0.0457652 0.0445059 0.148086 0.587042 0.586919 0.596009 0.03142 0.0314543 0.0287093
0.0460021 0.044675 0.158327 0.594203 0.593014 0.696998 0.0322181 0.0322159 0.0324143
0.0449894 0.0436978 0.150528 0.607843 0.607185 0.659642 0.0322559 0.0322661 0.0313941
0.0453375 0.0439917 0.159213 0.618477 0.617546 0.692715 0.0322714 0.0322816 0.0314251
0.0434818 0.0421771 0.1585 0.626617 0.625578 0.713378 0.0326966 0.0326845 0.0337637
0.0447618 0.0434607 0.162507 0.622438 0.621289 0.72017 0.0326688 0.032646 0.0347031
0.0453927 0.0441498 0.147117 0.614764 0.614183 0.660063 0.0334164 0.0334253 0.0326748
0.0460658 0.0447817 0.14903 0.614815 0.614318 0.653149 0.0333419 0.0333168 0.0355345
0.044764 0.0435629 0.141217 0.596577 0.596582 0.596171 0.0323374 0.0323634 0.0302166
0.042966 0.0417119 0.152001 0.582786 0.582069 0.641589 0.0323351 0.0323379 0.0320945
0.0436149 0.0423469 0.153994 0.624339 0.623649 0.678904 0.0324283 0.0324275 0.0324958
0.0455144 0.0442088 0.162291 0.610993 0.610034 0.689528 0.0326522 0.0326388 0.0338477
0.0464728 0.0452394 0.149378 0.610456 0.609884 0.655666 0.0320341 0.0320585 0.0299519
0.0462079 0.0449428 0.156161 0.610233 0.609391 0.678701 0.0325726 0.0325425 0.0352313
0.0460164 0.0448012 0.145182 0.591297 0.590552 0.653117 0.0319446 0.0319603 0.0306074
0.0459493 0.0446467 0.169542 0.618994 0.617745 0.73095 0.0329581 0.0329291 0.035694
0.0475643 0.0462654 0.16816 0.594562 0.593355 0.693296 0.0327523 0.032742 0.0337168
0.0459745 0.0447703 0.15126 0.625605 0.62438 0.731605 0.0331487 0.0331473 0.0332698
0.0460003 0.0447149 0.173224 0.648711 0.647918 0.715871 0.0336359 0.0336766 0.0302312
0.0464494 0.0450762 0.176199 0.592262 0.591372 0.671356 0.032324 0.0323155 0.03308
0.0456366 0.0442763 0.158107 0.600306 0.600047 0.620681 0.0321527 0.0321599 0.0315334
0.0447148 0.0434269 0.150802 0.585782 0.585136 0.637299 0.0316421 0.0316504 0.0309465
0.0436104 0.0423627 0.139493 0.598444 0.597623 0.664431 0.0310927 0.0311277 0.0280875
0.0452484 0.0439571 0.154095 0.60296 0.603083 0.593752 0.031803 0.0318522 0.0277319
0.0457662 0.0445214 0.152106 0.614351 0.613969 0.644469 0.0316219 0.0316671 0.0279429
0.0458028 0.0445577 0.156928 0.617081 0.616568 0.659347 0.0316783 0.0316971 0.030017
0.0466272 0.0453702 0.156544 0.606363 0.605762 0.655134 0.032221 0.0322214 0.0321844
0.0445443 0.043396 0.145761 0.586895 0.585736 0.691457 0.0322702 0.0322901 0.0305028
0.0472968 0.0460459 0.156793 0.601792 0.600932 0.675572 0.0321963 0.0322084 0.0311078
0.049649 0.0483251 0.171127 0.629569 0.628529 0.719457 0.0326054 0.0326041 0.0327276
0.0489219 0.0475463 0.185222 0.64625 0.644997 0.756857 0.0333828 0.0333686 0.0347798
0.0478574 0.046546 0.173189 0.635039 0.633705 0.75315 0.0323582 0.0323591 0.0322827
0.0476007 0.0462794 0.175817 0.64285 0.641417 0.771887 0.032409 0.0323879 0.034508
0.0509859 0.049582 0.181195 0.669915 0.668992 0.745682 0.0330643 0.0330812 0.031603
0.048405 0.0470997 0.164554 0.607589 0.605978 0.75139 0.0327747 0.0327773 0.0325468
0.0472634 0.0458739 0.176826 0.652089 0.650168 0.831081 0.0320155 0.0319662 0.0367628
0.0485873 0.0471969 0.175004 0.639041 0.638131 0.712463 0.0319302 0.0319012 0.0346654
0.0472582 0.0458797 0.175168 0.64546 0.643711 0.803461 0.0315235 0.0315005 0.0336657
0.0477556 0.0464329 0.168288 0.639574 0.638181 0.75119 0.0312311 0.0312313 0.0312115
0.0462412 0.044927 0.159309 0.619058 0.617682 0.73328 0.0317179 0.0317333 0.0303958
0.047456 0.0461076 0.170014 0.62544 0.623988 0.755052 0.0301402 0.0301412 0.0300476
0.0447642 0.0434672 0.164228 0.61357 0.612227 0.730557 0.0308491 0.0308438 0.0313506
0.044883 0.0435769 0.159424 0.625558 0.624915 0.676463 0.0310761 0.0311114 0.0279314
0.0440164 0.0426814 0.159411 0.627884 0.626776 0.720524 0.0303972 0.0304155 0.0287551
0.0440477 0.0427269 0.165927 0.599779 0.598571 0.704869 0.0300351 0.0300225 0.0311956
0.045716 0.044368 0.172923 0.655705 0.654404 0.766183 0.0302848 0.0302607 0.0325877
0.0465804 0.0452456 0.174264 0.665692 0.664643 0.752004 0.0319707 0.0319688 0.0321566
0.045756 0.0444472 0.166735 0.633459 0.632208 0.741041 0.0312855 0.0312956 0.0303509
0.0476863 0.0463826 0.157849 0.614501 0.61394 0.657046 0.0306022 0.030653 0.0262418
0.0458825 0.0445738 0.157281 0.636733 0.636458 0.657484 0.0305774 0.0306046 0.0282095
0.0465702 0.0452102 0.161469 0.625651 0.625057 0.672187 0.0314988 0.0315191 0.0297438
0.0463147 0.0450886 0.144404 0.614798 0.61449 0.63676 0.0314223 0.0314618 0.0281088
0.0458404 0.0446345 0.146032 0.603308 0.6021 0.695832 0.03211 0.0321321 0.0302548
0.0454193 0.044172 0.156125 0.619694 0.61896 0.67976 0.0314851 0.0314979 0.0303624
0.0470724 0.0458268 0.150458 0.59297 0.592215 0.654384 0.0304744 0.0304818 0.0298099
0.0474915 0.0462873 0.149537 0.6092 0.608591 0.656509 0.0305467 0.0305599 0.0293429
0.0489936 0.0478025 0.146215 0.598098 0.598125 0.596049 0.0304284 0.0304818 0.0258948
0.0468144 0.0456069 0.152564 0.596919 0.596185 0.657966 0.0305128 0.0305189 0.0299523
0.048665 0.0473376 0.170173 0.588322 0.587432 0.663297 0.0298835 0.0298735 0.0308017
0.0454388 0.0442847 0.138173 0.605493 0.605815 0.582639 0.0307955 0.0308147 0.0292407
0.0475049 0.0463981 0.131402 0.590912 0.59149 0.549879 0.0301321 0.0301637 0.0276327
0.0464885 0.0453334 0.141502 0.624047 0.624441 0.596507 0.0304052 0.0304071 0.0302425
0.0470403 0.0458977 0.139201 0.622678 0.622737 0.618097 0.030647 0.0306845 0.027689
0.0471276 0.0459682 0.143753 0.615172 0.615023 0.62627 0.0307435 0.0307246 0.0323612
0.0454683 0.0443909 0.132859 0.582777 0.583131 0.556213 0.0304018 0.030375 0.0326356
0.0492211 0.0481544 0.129021 0.614818 0.615376 0.575286 0.0310855 0.0310891 0.030814
0.0439632 0.0429181 0.129026 0.599268 0.59946 0.584486 0.0308881 0.0308556 0.0336857
0.0456778 0.0445201 0.146095 0.623109 0.623064 0.626652 0.0313562 0.0313144 0.0350755
0.0473794 0.0462761 0.142763 0.621414 0.621412 0.621537 0.0301586 0.0300963 0.035656
0.0466392 0.0455561 0.134712 0.622468 0.62246 0.62309 0.0305588 0.0305229 0.0335336
0.0471744 0.0460502 0.140181 0.629113 0.628795 0.6528 0.0309924 0.0309285 0.0361859
0.0461713 0.0450339 0.139307 0.608403 0.608141 0.628075 0.0309985 0.0309246 0.0371863
0.0477933 0.0466515 0.135999 0.627742 0.627685 0.631699 0.0300814 0.0300935 0.0292052
0.047387 0.0462403 0.138844 0.628276 0.628189 0.634304 0.0304591 0.0304584 0.0305094
0.047583 0.0463689 0.145527 0.626728 0.625902 0.689879 0.0301382 0.0301226 0.0313188
0.0481152 0.0469769 0.138128 0.596983 0.596095 0.666333 0.0289773 0.0289722 0.0293517
0.0484952 0.0473582 0.141167 0.62257 0.621657 0.691661 0.0297088 0.0296923 0.0310691
0.0494042 0.0482685 0.13689 0.647129 0.647056 0.652392 0.0293594 0.0293391 0.0309491
0.0477031 0.0465139 0.151377 0.637881 0.636431 0.759992 0.0299049 0.0298507 0.0344006
0.0493015 0.0480906 0.15015 0.647123 0.645896 0.747432 0.0300098 0.0299652 0.0336808
0.0477347 0.0465487 0.150194 0.633268 0.63226 0.714282 0.0291626 0.0291034 0.0342273
0.0504066 0.0491758 0.157443 0.630395 0.629789 0.67757 0.0293165 0.0292675 0.0335973
0.0501914 0.0490198 0.153293 0.627915 0.627077 0.694946 0.0295692 0.0295107 0.0351634
0.0504243 0.0491891 0.158992 0.613562 0.612477 0.701638 0.0302056 0.0301967 0.0309836
0.0508801 0.0496881 0.152259 0.633089 0.632309 0.692852 0.0314043 0.03137 0.034501
0.0519762 0.0508454 0.143223 0.638139 0.637573 0.682027 0.0303698 0.030355 0.0316259
0.055368 0.054165 0.152377 0.645586 0.644929 0.696632 0.0313175 0.0312975 0.0330564
0.0559104 0.0546905 0.155815 0.657721 0.656842 0.726354 0.030895 0.0308956 0.0308412
0.053582 0.0523851 0.157271 0.656793 0.655613 0.752659 0.0317383 0.0317241 0.0329872
0.0547307 0.0535412 0.150806 0.643394 0.64322 0.656161 0.0317836 0.0318101 0.0296198
0.0504821 0.0492847 0.151612 0.613619 0.61346 0.62549 0.0307772 0.0307976 0.0290675
0.0527758 0.0515997 0.147455 0.596089 0.595966 0.605496 0.0313103 0.0313173 0.0307261
0.0544547 0.0531822 0.165356 0.611457 0.611133 0.636696 0.0309457 0.0309498 0.0306073
0.0527431 0.051537 0.155448 0.63823 0.63846 0.621205 0.0320328 0.0320283 0.0324077
0.0519723 0.0507698 0.154333 0.615686 0.614865 0.686054 0.0316748 0.0316731 0.031816
0.0511743 0.0499627 0.153395 0.648081 0.64733 0.709307 0.0330435 0.0330244 0.0346282
0.0492936 0.0481139 0.149468 0.611863 0.611149 0.671917 0.0320605 0.0320394 0.0338605
0.0494394 0.0483307 0.139939 0.608564 0.608282 0.630504 0.0320097 0.0320128 0.031739
0.0504138 0.0492899 0.148569 0.614997 0.614671 0.640788 0.0315551 0.0315677 0.0304482
0.0494597 0.048254 0.160164 0.601828 0.600782 0.691809 0.0315197 0.0314871 0.0345333
0.0494291 0.0482407 0.155686 0.615548 0.615032 0.657575 0.0308384 0.0308429 0.0304385
0.0481031 0.0469363 0.152032 0.59079 0.589897 0.666187 0.0302016 0.0301985 0.0304777
0.0479927 0.0467903 0.152397 0.590408 0.589632 0.65576 0.0305561 0.0305352 0.0322824
0.0482066 0.0469877 0.156947 0.59511 0.594248 0.677067 0.0317767 0.031777 0.0317502
0.0489482 0.0477655 0.155793 0.599381 0.598209 0.703429 0.0321278 0.0321084 0.0338742
0.0477221 0.0465641 0.150284 0.563891 0.563009 0.640994 0.0313798 0.0314028 0.0293812
0.0500838 0.0489299 0.146456 0.597138 0.596705 0.633073 0.032021 0.0320384 0.0304797
0.0488786 0.0476841 0.159491 0.588675 0.58815 0.633907 0.0324632 0.0324752 0.0313997
0.0494099 0.0481698 0.161975 0.595149 0.594691 0.633896 0.0314769 0.0315086 0.0287678
0.0489071 0.0477267 0.150548 0.589369 0.588624 0.652137 0.0315297 0.0315425 0.0304782
0.0479926 0.0468305 0.147163 0.604677 0.604382 0.628129 0.0311675 0.0312027 0.028287
0.0512536 0.0500581 0.151323 0.6271 0.62623 0.69524 0.0322405 0.0322714 0.0296056
0.0492468 0.0480212 0.158755 0.58618 0.58521 0.667214 0.0317418 0.0317404 0.0318658
0.0483828 0.0470855 0.170898 0.60333 0.602065 0.718067 0.0315277 0.0315118 0.0329271
0.0464129 0.0451761 0.164086 0.599664 0.597972 0.750544 0.0317535 0.0317097 0.0357507
0.0472493 0.0459395 0.170903 0.637906 0.636512 0.755643 0.0322633 0.0322318 0.0350706
0.046781 0.0455058 0.159445 0.614548 0.613331 0.715443 0.0327868 0.0327738 0.0339292
0.0469142 0.0455892 0.157842 0.622527 0.621293 0.725051 0.0331192 0.0331192 0.0331186
0.0467971 0.0455626 0.144859 0.613134 0.612384 0.671145 0.0333714 0.0333764 0.032944
0.0483104 0.0470467 0.148666 0.648696 0.648139 0.695212 0.0337464 0.0337429 0.0340426
0.0469158 0.0456135 0.158581 0.638947 0.638291 0.690474 0.0339773 0.0339705 0.0345704
0.0447674 0.0434782 0.162016 0.630615 0.629702 0.70493 0.0332916 0.033275 0.0347612
0.0464567 0.0451879 0.151059 0.638076 0.637198 0.709223 0.0332425 0.0332353 0.0338581
0.0450429 0.0437629 0.155276 0.603109 0.602086 0.688812 0.0333525 0.0333695 0.0319296
0.0461249 0.0447662 0.158026 0.638595 0.638046 0.681418 0.0329408 0.0329481 0.0323372
0.0473685 0.0460027 0.167881 0.633026 0.632118 0.705308 0.0328029 0.0328118 0.0320784
0.0501834 0.0487503 0.168098 0.653266 0.652452 0.716623 0.032382 0.0323663 0.0336487
0.0477367 0.0463717 0.167178 0.635355 0.634278 0.725164 0.0321896 0.0321608 0.0347329
0.047069 0.0456936 0.167694 0.646888 0.646479 0.678312 0.031935 0.0319264 0.0326853
0.0487325 0.0473376 0.169649 0.628947 0.628525 0.661545 0.0317292 0.0317208 0.0324592
0.0470424 0.0456977 0.164739 0.637733 0.637707 0.63969 0.0321956 0.0321987 0.0319411
0.0461103 0.0447831 0.167485 0.638367 0.636756 0.77787 0.0318972 0.031863 0.0348595
0.0462424 0.0449135 0.158242 0.612123 0.611329 0.674979 0.0322792 0.0322636 0.0335533
0.0467643 0.0453772 0.164976 0.626589 0.625521 0.717868 0.0324923 0.032455 0.0357008
0.0486221 0.0472291 0.165127 0.608835 0.608502 0.636657 0.0316536 0.0316236 0.0342241
0.048613 0.0472812 0.153998 0.627005 0.626405 0.674276 0.0319048 0.0318828 0.0337349
0.0492287 0.0478529 0.161822 0.629861 0.629018 0.6987 0.0324773 0.0324144 0.0378304
0.0484097 0.0470744 0.156056 0.632479 0.632042 0.666467 0.0325576 0.0325482 0.0333125
0.0511266 0.0497291 0.164475 0.619242 0.618383 0.690268 0.0318905 0.0318105 0.0388405
0.0481532 0.046772 0.17389 0.610326 0.608975 0.726049 0.0328394 0.0327557 0.0405809
0.0499735 0.0485903 0.172636 0.645572 0.644169 0.769639 0.033542 0.0334476 0.0421096
0.0491107 0.0477829 0.162925 0.619369 0.618557 0.686686 0.0326586 0.0326116 0.0367053
0.0516342 0.0502817 0.16525 0.633679 0.633323 0.660846 0.0333775 0.0333501 0.0356483
0.0496818 0.0483788 0.158872 0.628505 0.627849 0.680503 0.0336365 0.0335912 0.0374437
0.0484771 0.0472365 0.13895 0.655752 0.65599 0.638923 0.0335692 0.0335716 0.0333914
0.0470392 0.0457805 0.149399 0.618926 0.617884 0.705442 0.0330284 0.0329617 0.0387566
0.0464048 0.0450994 0.156376 0.635632 0.635021 0.686107 0.0322672 0.0322221 0.0361261
0.0487093 0.0474242 0.157236 0.615908 0.615 0.689734 0.0340636 0.0339976 0.039535
0.0490261 0.0478073 0.154046 0.605273 0.604477 0.670782 0.0327209 0.0326727 0.0367191
0.047677 0.046433 0.158111 0.599696 0.598868 0.669999 0.032801 0.0327174 0.0398863
0.0486569 0.047397 0.1544 0.601174 0.600619 0.647181 0.0320425 0.0319778 0.0374455
0.0497878 0.048497 0.150136 0.616302 0.616409 0.608137 0.0321147 0.0321036 0.0329793
0.0493531 0.0479895 0.160488 0.621839 0.621358 0.657947 0.0326186 0.0325415 0.039288
0.0470907 0.0457768 0.150827 0.613027 0.613179 0.601585 0.032216 0.0321667 0.0362114
0.0450525 0.0438026 0.146805 0.634185 0.634085 0.641753 0.0326106 0.0325531 0.0372351
0.0464701 0.0451756 0.150671 0.63261 0.631911 0.688036 0.033068 0.0329901 0.0394414
0.0473747 0.0461557 0.136789 0.605127 0.605338 0.590672 0.0336386 0.0336064 0.0360871
0.0476953 0.0463797 0.1476 0.636196 0.636017 0.649012 0.0334794 0.0334476 0.0358558
0.0469387 0.0456295 0.148774 0.623764 0.623533 0.64079 0.0334132 0.0333534 0.0380635
0.0469485 0.0456651 0.145361 0.640686 0.640833 0.629819 0.0338349 0.0338172 0.035155
0.0469183 0.0455258 0.157845 0.61569 0.614992 0.667903 0.0336518 0.0336156 0.0365031
0.0459387 0.0447142 0.138391 0.627847 0.627714 0.63737 0.0338685 0.0338486 0.0353237
0.047411 0.0461591 0.137203 0.617867 0.61825 0.591854 0.0343477 0.0343312 0.0355041
0.0486139 0.0472692 0.149168 0.645956 0.645548 0.675902 0.0334298 0.0333838 0.0368498
0.0494113 0.0479713 0.159332 0.599298 0.599183 0.607519 0.0332254 0.0331509 0.0388244
0.047738 0.0464096 0.149376 0.597418 0.597082 0.622429 0.0318039 0.0317587 0.0351836
0.0511679 0.0497166 0.168193 0.630655 0.630265 0.659391 0.0322219 0.0321695 0.0362667
0.0502516 0.0489432 0.144235 0.590154 0.590356 0.57578 0.0315324 0.0314613 0.03698
0.0514657 0.0500938 0.158624 0.604793 0.604594 0.619995 0.0312302 0.0311605 0.0365397
0.0501036 0.0487691 0.153323 0.635876 0.636011 0.626277 0.0311642 0.0311005 0.0360435
0.0494743 0.0481321 0.154962 0.630788 0.630822 0.628241 0.030896 0.0308164 0.0370829
0.0463235 0.0451293 0.134639 0.599718 0.600211 0.563948 0.0301927 0.0301369 0.0345231
0.0472534 0.0459002 0.15502 0.572185 0.572122 0.576946 0.0297677 0.0296608 0.037991
0.0475039 0.0461551 0.153333 0.57375 0.573941 0.559227 0.0299973 0.029894 0.0380877
0.0488851 0.0475214 0.153812 0.620321 0.620798 0.584369 0.0308983 0.0307722 0.0404703
0.0490608 0.0476561 0.168531 0.624245 0.624311 0.619052 0.0306119 0.0304862 0.0404347
0.0491169 0.0477572 0.158086 0.590606 0.590385 0.60859 0.030323 0.0302119 0.0387855
0.0485498 0.0472075 0.141349 0.601326 0.601847 0.563102 0.0297173 0.0296164 0.0368648
0.0478973 0.0465516 0.147986 0.581807 0.58254 0.528173 0.0290047 0.0289208 0.0349923
0.0497461 0.0483683 0.152713 0.570885 0.571209 0.545545 0.0288259 0.0287035 0.0380089
0.0517948 0.0504385 0.156846 0.580012 0.580043 0.577651 0.0297653 0.029608 0.0424753
0.0538493 0.0523935 0.165062 0.60631 0.606859 0.565016 0.0300405 0.0298748 0.0430196
0.0530169 0.0516204 0.162095 0.591528 0.591867 0.564927 0.0301105 0.0299899 0.0395032
0.0513657 0.049968 0.162002 0.566002 0.566418 0.533427 0.0297547 0.029609 0.0417297
0.0491711 0.0477969 0.152829 0.589544 0.589899 0.562349 0.0294593 0.0293179 0.0406495
0.0521069 0.0506882 0.160228 0.595913 0.596166 0.575664 0.0303001 0.0301496 0.0421311
0.0506459 0.049252 0.159268 0.605651 0.60593 0.58336 0.029895 0.0297606 0.0409349
0.0489476 0.0476115 0.150994 0.611625 0.61176 0.600625 0.029753 0.0296367 0.0388649
0.0484925 0.0471021 0.155113 0.599225 0.59962 0.566567 0.0298911 0.0297762 0.0388003
0.0509732 0.0495011 0.170497 0.635763 0.63607 0.609842 0.0301015 0.0299825 0.0400276
0.0495572 0.0482024 0.145939 0.617412 0.618641 0.530149 0.0305887 0.0305586 0.0326859
0.0485895 0.047219 0.155114 0.637515 0.638074 0.591934 0.030744 0.0306646 0.0371012
0.0483268 0.0469093 0.163328 0.607984 0.607894 0.615314 0.0306729 0.0305659 0.0399893
0.0474679 0.0461418 0.150279 0.601933 0.602371 0.568189 0.0304362 0.0303616 0.0363899
0.0487693 0.0474157 0.166234 0.617121 0.617346 0.599272 0.0313122 0.0311989 0.0408101
0.0497672 0.0484119 0.163102 0.612963 0.612266 0.675686 0.031512 0.0314196 0.03926
0.0475518 0.046289 0.146549 0.600291 0.600298 0.599679 0.0316964 0.0316462 0.0357482
0.046884 0.045608 0.151086 0.623198 0.623178 0.62487 0.03163 0.031559 0.0374588
0.0490248 0.0476663 0.152852 0.613741 0.614415 0.565243 0.0316684 0.0316161 0.035762
0.0475705 0.0462273 0.160641 0.61166 0.611604 0.616137 0.0314581 0.0313911 0.03709
0.0459051 0.0447057 0.135095 0.624781 0.625121 0.598297 0.0316348 0.0315749 0.036407
0.0514756 0.0501538 0.155001 0.629655 0.629362 0.653773 0.0327997 0.0327224 0.0389104
0.0503429 0.0490539 0.148312 0.612712 0.613394 0.562694 0.0318314 0.0318024 0.0340657
0.049788 0.0484502 0.14989 0.599208 0.599248 0.595971 0.0328936 0.0328435 0.0368636
0.0466148 0.0452866 0.150032 0.56512 0.565101 0.566694 0.0317535 0.0316865 0.0371589
0.0473213 0.0460505 0.141761 0.582969 0.58311 0.571946 0.0322835 0.0322627 0.0338448
0.0479511 0.0466716 0.146567 0.579274 0.579093 0.593931 0.0320191 0.0319686 0.0359716
0.0478671 0.0465373 0.154435 0.615973 0.615663 0.641462 0.0336709 0.0336171 0.0378814
0.0479983 0.0467148 0.14939 0.576025 0.576527 0.53761 0.0326724 0.0326101 0.0376872
0.0490324 0.0476973 0.153887 0.601923 0.601918 0.602328 0.0324108 0.0323428 0.0377272
0.048874 0.047517 0.159127 0.592723 0.592928 0.576896 0.032218 0.0321502 0.0377285
0.0472134 0.0458885 0.152676 0.573358 0.573619 0.551696 0.0315012 0.0314754 0.0335727
0.0463226 0.0449862 0.152602 0.553998 0.553952 0.557811 0.0324984 0.0324296 0.038035
0.0466237 0.0451832 0.167859 0.576384 0.576559 0.561997 0.0307126 0.0306386 0.0368384
0.0472189 0.0457877 0.167065 0.575794 0.575649 0.588493 0.0324197 0.0323431 0.0386621
0.0468769 0.0454713 0.163345 0.559112 0.559016 0.567431 0.0323076 0.0322394 0.0378644
0.0493174 0.0478638 0.174275 0.580472 0.580033 0.619442 0.0302813 0.030196 0.037183
0.0490193 0.047605 0.1651 0.590633 0.590474 0.604162 0.0308373 0.0307335 0.0392281
0.0483419 0.0469504 0.169094 0.583803 0.5831 0.648057 0.030242 0.0301132 0.0417604
0.0497111 0.0482285 0.184736 0.608608 0.608384 0.628885 0.0310246 0.0309108 0.0412638
0.0481167 0.0466271 0.18295 0.619263 0.618939 0.648061 0.0312941 0.0311612 0.0434551
0.0460917 0.0447014 0.171839 0.625827 0.625206 0.681018 0.0321226 0.0320104 0.0416897
0.0466799 0.0453593 0.158033 0.621018 0.620667 0.651332 0.032324 0.032225 0.0406446
0.0457616 0.0443971 0.160378 0.613248 0.613397 0.601312 0.0319886 0.0318941 0.0398854
0.0502429 0.0487568 0.174852 0.618491 0.617864 0.671517 0.0326774 0.0325707 0.0416756
0.0500976 0.0487016 0.160353 0.646036 0.646456 0.613622 0.0323424 0.0322799 0.0372542
0.0481726 0.0467046 0.17059 0.621879 0.621856 0.623704 0.0317494 0.0316895 0.0366355
0.0497554 0.0483334 0.154608 0.63935 0.640168 0.580194 0.0320453 0.0320112 0.0346856
0.0480923 0.046711 0.155851 0.643725 0.644381 0.595404 0.0321745 0.0321089 0.0373412
0.0482109 0.0468266 0.154258 0.644825 0.64539 0.603696 0.0323017 0.0322156 0.0393269
0.0500743 0.0486636 0.16229 0.626042 0.626848 0.567356 0.0319008 0.0318295 0.0374833
0.0512331 0.0497862 0.176863 0.651717 0.651859 0.640464 0.0329062 0.0328058 0.0413997
0.0489995 0.0475366 0.172664 0.598478 0.598923 0.563717 0.0320346 0.031941 0.0398641
0.0492667 0.0478553 0.163392 0.633924 0.6343 0.602107 0.0333265 0.0332412 0.0401352
0.0480341 0.0465912 0.175361 0.653898 0.653741 0.667312 0.03333 0.0332054 0.0443641
0.0486771 0.0472479 0.171589 0.648169 0.648929 0.587988 0.0339646 0.0338723 0.0421738
0.0467927 0.0453736 0.163936 0.593304 0.594077 0.533804 0.0337131 0.0335938 0.0439531
0.0467075 0.0452194 0.176152 0.619964 0.62049 0.574509 0.0340788 0.0339839 0.042466
0.0461404 0.0446735 0.179996 0.633452 0.633142 0.661718 0.0342088 0.0341284 0.0416858
0.0470494 0.0456064 0.170645 0.613103 0.613561 0.575819 0.0334978 0.0334192 0.0400537
0.0465744 0.0451215 0.176034 0.570599 0.57055 0.574903 0.0327809 0.0326933 0.0409416
0.046675 0.0452613 0.165259 0.601062 0.601707 0.549535 0.0333956 0.0333297 0.0387192
0.0460905 0.0447476 0.160919 0.601443 0.60192 0.561732 0.0330001 0.0329044 0.0413642
0.047121 0.0457327 0.162701 0.605757 0.606904 0.518857 0.0329441 0.0328411 0.0419845
0.0459566 0.0446268 0.149742 0.590466 0.591313 0.524902 0.0327021 0.0326183 0.0398708
0.0445568 0.0432821 0.144179 0.602303 0.603622 0.506809 0.0330937 0.0330229 0.0387253
0.0449323 0.0436143 0.160591 0.585339 0.585918 0.540276 0.0321167 0.0320361 0.039084
0.0467704 0.0453629 0.17018 0.62142 0.62199 0.575334 0.0321256 0.0320263 0.0409154
0.0494064 0.0479328 0.185845 0.616358 0.616115 0.637938 0.0320484 0.0319216 0.0442506
0.0465783 0.0451249 0.176397 0.622875 0.62307 0.606791 0.0316918 0.0315909 0.0408387
0.0446845 0.0433212 0.160854 0.609219 0.609623 0.57721 0.0321488 0.0320519 0.0406286
0.0445935 0.043205 0.17605 0.594381 0.594579 0.578437 0.032096 0.0320021 0.0409216
0.0438517 0.042452 0.179855 0.619768 0.619878 0.610284 0.03253 0.0323974 0.0451457
0.0446346 0.0432028 0.183411 0.597079 0.59722 0.585157 0.0316652 0.0315574 0.0417134
0.0455046 0.0440425 0.177874 0.61291 0.613016 0.603948 0.0318988 0.0318275 0.0385745
0.0456053 0.0441886 0.175913 0.582427 0.582681 0.561687 0.0313596 0.0312562 0.0409808
0.0454465 0.0440489 0.170354 0.592849 0.59335 0.552722 0.0309585 0.0308844 0.0375328
0.0468809 0.0454015 0.184757 0.62796 0.627804 0.642053 0.0321567 0.0320743 0.0395292
0.0470631 0.0456289 0.169715 0.623563 0.623234 0.652933 0.0327856 0.03268 0.0424986
0.0458401 0.0444732 0.156183 0.615282 0.615667 0.584238 0.0328435 0.0328029 0.0361722
0.0444376 0.0429929 0.173285 0.612179 0.612156 0.614137 0.0330136 0.0329303 0.0406331
0.0475789 0.0461328 0.167122 0.635375 0.635597 0.616678 0.0329586 0.0329048 0.0373146
0.0460034 0.0445712 0.164463 0.610618 0.611357 0.553446 0.0314216 0.0313318 0.039192
0.0462986 0.0448864 0.16862 0.624471 0.624287 0.640592 0.0326679 0.0325439 0.0440651
0.0463919 0.0449536 0.17723 0.663846 0.664221 0.633872 0.0333274 0.0332265 0.0422875
0.0469066 0.0455527 0.148641 0.629807 0.63086 0.552845 0.0336631 0.0336001 0.0385697
0.0446089 0.0431947 0.174965 0.583408 0.582679 0.651352 0.0317254 0.0316412 0.0386844
0.0431136 0.0417633 0.157893 0.596944 0.596414 0.644913 0.0329707 0.0328694 0.0414443
0.0451763 0.0437279 0.166401 0.592759 0.592585 0.607682 0.0335668 0.033504 0.0385912
0.0453612 0.0439595 0.156165 0.586681 0.587471 0.526102 0.0340814 0.0340023 0.0405458
0.0437999 0.0423869 0.172167 0.606612 0.606875 0.585362 0.0331901 0.0331305 0.038173
0.0441421 0.0427101 0.167647 0.603035 0.602527 0.647942 0.0334994 0.0334218 0.0401015
0.0440876 0.0426924 0.166258 0.582963 0.582685 0.606796 0.0316576 0.0315597 0.0406244
0.0462232 0.0447535 0.176507 0.586355 0.586209 0.598846 0.0315498 0.0314606 0.0395599
0.0455867 0.0441374 0.179155 0.605455 0.605277 0.620937 0.0329967 0.0328876 0.0434339
0.0459297 0.0444481 0.180728 0.616295 0.616198 0.624651 0.0334988 0.0333851 0.0441202
0.0453199 0.0438159 0.172397 0.624836 0.625354 0.58299 0.0330253 0.0329535 0.0392838
0.0452422 0.0436918 0.187444 0.607973 0.608277 0.583667 0.0322137 0.0321568 0.0371775
0.0461295 0.044635 0.185856 0.590724 0.591273 0.546731 0.0333123 0.0332312 0.0403545
0.0445912 0.0431349 0.172742 0.60162 0.6018 0.586409 0.0330678 0.0329876 0.0401657
0.0453335 0.0438239 0.18806 0.619985 0.620199 0.601274 0.0326367 0.0325526 0.0403957
0.0468329 0.0453338 0.183011 0.594381 0.59478 0.561218 0.0333646 0.033287 0.0403578
0.0462557 0.0447454 0.185693 0.588911 0.588837 0.59581 0.0327559 0.0326562 0.0421025
0.0482539 0.0467231 0.187695 0.637254 0.637406 0.623695 0.0332516 0.0331227 0.0457889
0.0463887 0.0448647 0.198882 0.632682 0.632437 0.656126 0.0332132 0.0330613 0.0483611
0.0455272 0.0440217 0.189528 0.642935 0.642367 0.700727 0.0332101 0.0330731 0.046753
0.0459857 0.0444761 0.197494 0.596319 0.596295 0.59859 0.0329429 0.0328156 0.0454681
0.0461122 0.0445899 0.198336 0.590482 0.59048 0.590664 0.0323814 0.03225 0.0452189
0.0460432 0.0445195 0.198651 0.583648 0.583468 0.600683 0.0336665 0.0334933 0.0511429
0.0477979 0.0462876 0.179451 0.555778 0.556037 0.532626 0.0331282 0.0329799 0.0469282
0.0469279 0.0454869 0.171821 0.602893 0.603539 0.548313 0.0336943 0.0335464 0.0463275
0.0469759 0.0454727 0.18548 0.572165 0.572115 0.576901 0.033704 0.0335205 0.050082
0.0473495 0.0458636 0.177856 0.559768 0.560039 0.536226 0.0331395 0.0329674 0.047802
0.0446436 0.0432108 0.165991 0.550067 0.550745 0.494955 0.0327796 0.0326406 0.044119
0.0460771 0.0445778 0.177638 0.542902 0.543518 0.491922 0.0324329 0.0322454 0.0492813
0.048637 0.0470694 0.190487 0.564384 0.564133 0.588027 0.032369 0.0321663 0.0515276
0.049881 0.0482525 0.196284 0.586212 0.58624 0.583775 0.0328821 0.0327067 0.0490997
0.0482546 0.0466499 0.201826 0.600082 0.600189 0.59087 0.0333775 0.033179 0.0516948
0.0455238 0.0439782 0.189733 0.589893 0.590046 0.576242 0.0333711 0.033176 0.0509899
0.0460329 0.0444806 0.192339 0.559135 0.559634 0.51639 0.0326201 0.032436 0.0500579
0.0468677 0.0451983 0.211727 0.559993 0.559496 0.609063 0.0330508 0.0328171 0.0573422
0.047535 0.0459136 0.203694 0.572374 0.571758 0.632503 0.0335419 0.0333683 0.0505998
0.0459011 0.0443084 0.187732 0.598301 0.598492 0.582052 0.0334805 0.0333093 0.0484183
0.0463147 0.0447333 0.203106 0.586003 0.585885 0.596915 0.0340656 0.0339156 0.0477009
0.0470671 0.045512 0.197996 0.570052 0.569944 0.579751 0.0343009 0.0341218 0.0516629
0.0482913 0.0467081 0.207374 0.586862 0.586414 0.630269 0.0345804 0.0343849 0.0540299
0.0481178 0.0465925 0.190053 0.612072 0.611774 0.639764 0.0349312 0.034748 0.0527104
0.0484791 0.046945 0.201179 0.600334 0.600471 0.58823 0.0336758 0.0335134 0.0496171
0.0489729 0.0474124 0.198495 0.596575 0.596627 0.591957 0.0338587 0.0336759 0.0512811
0.0494746 0.0479563 0.190219 0.606403 0.60624 0.62152 0.0342357 0.0340458 0.0521207
0.0500131 0.0485271 0.185974 0.582572 0.582636 0.576751 0.033496 0.0333458 0.0478922
0.0491876 0.0476759 0.199734 0.577536 0.57786 0.549301 0.0333534 0.0331938 0.0490345
0.050426 0.0489067 0.183328 0.610601 0.610769 0.595623 0.0333144 0.0331732 0.0466837
0.0509977 0.0495152 0.177325 0.585522 0.585771 0.563679 0.0331852 0.0330784 0.0428638
0.0507023 0.0491191 0.205061 0.588733 0.58858 0.602539 0.032053 0.0319026 0.0463733
0.0519505 0.0504294 0.181498 0.58446 0.584192 0.6092 0.0321526 0.0320077 0.04604
0.0515339 0.0499435 0.204686 0.593192 0.592665 0.645392 0.0324404 0.0322714 0.0487354
0.0502305 0.0487719 0.178148 0.577271 0.57734 0.571149 0.0324015 0.0322822 0.0433329
0.050785 0.0492414 0.201428 0.591894 0.591543 0.625019 0.0331329 0.0329766 0.0477668
0.0497597 0.0482478 0.195176 0.570836 0.570069 0.648983 0.0314313 0.0313021 0.043802
0.0519827 0.0504641 0.196581 0.556686 0.556976 0.531543 0.0326755 0.0325676 0.0422292
0.0490819 0.0476613 0.17022 0.570189 0.569427 0.646273 0.0326063 0.0324837 0.0437294
0.0497578 0.0482442 0.194627 0.599105 0.598825 0.625652 0.0327056 0.0325806 0.0445652
0.049701 0.0482302 0.186406 0.594817 0.594333 0.640411 0.0337882 0.033665 0.0452789
0.0481765 0.0467497 0.188401 0.573782 0.573787 0.573378 0.0334256 0.0333216 0.0430485
0.0469664 0.0455039 0.193322 0.591551 0.590545 0.688833 0.0340558 0.0339416 0.0447636
0.0472984 0.0458042 0.191529 0.569836 0.569138 0.636804 0.0340973 0.0340046 0.0427619
0.0480596 0.046589 0.177821 0.574376 0.574237 0.587031 0.0346082 0.0345471 0.0400837
0.0485609 0.047067 0.189172 0.589735 0.589438 0.616308 0.0345282 0.0344646 0.0405574
0.0483713 0.0468325 0.19472 0.570033 0.570515 0.53139 0.0339613 0.0338901 0.0403571
0.0463336 0.0448109 0.190607 0.563067 0.562288 0.639431 0.0333825 0.0333092 0.040079
0.0469417 0.0454744 0.178576 0.589763 0.589504 0.612282 0.0348954 0.0348163 0.0421606
0.0484143 0.046922 0.184286 0.598982 0.598674 0.627128 0.0351919 0.0350983 0.0439437
0.0480407 0.0464699 0.196561 0.603869 0.603677 0.621541 0.0348851 0.0347967 0.043159
0.0474346 0.0458787 0.187388 0.610909 0.611191 0.587066 0.0356626 0.0355545 0.0455881
0.0490656 0.0475608 0.175827 0.621148 0.621009 0.633471 0.0354354 0.0353369 0.0440915
0.048391 0.0468434 0.191278 0.614334 0.613743 0.671301 0.0350172 0.0348953 0.046254
0.0493752 0.0478398 0.191272 0.617014 0.616562 0.66089 0.0339822 0.0338819 0.0438419
0.0513151 0.0496994 0.214601 0.604457 0.604324 0.617446 0.0350058 0.0349188 0.0431811
0.0504162 0.048887 0.195062 0.629892 0.630203 0.601905 0.0352146 0.0351008 0.0464598
0.0510781 0.0495431 0.202192 0.617877 0.617033 0.708883 0.0345568 0.0344407 0.046144
0.0528628 0.0513501 0.207651 0.609333 0.609309 0.611636 0.0343273 0.0342337 0.0434286
0.0511457 0.0496486 0.200466 0.604222 0.60487 0.548537 0.0337799 0.0337155 0.0399998
0.0499754 0.0485576 0.18288 0.59451 0.595094 0.544494 0.0342378 0.0341913 0.0385298
0.0480101 0.046605 0.17438 0.603073 0.603785 0.544148 0.0344646 0.034476 0.0335055
0.0485888 0.047177 0.177297 0.573157 0.573593 0.534644 0.0333671 0.0333518 0.0346904
0.0506337 0.0492715 0.164806 0.617917 0.61876 0.547745 0.03306 0.0330205 0.0363484
0.0534869 0.0520253 0.185689 0.610662 0.611562 0.534842 0.0328357 0.0327942 0.0365213
0.049005 0.0476558 0.170573 0.593533 0.593611 0.586009 0.032721 0.0326806 0.0361312
0.048243 0.0467869 0.19736 0.585895 0.585387 0.639242 0.0330869 0.0329678 0.0445245
0.0493775 0.047959 0.173718 0.591868 0.591645 0.613757 0.0334091 0.0333069 0.0429829
0.0500942 0.0487305 0.170511 0.602896 0.602693 0.623184 0.034026 0.0339767 0.0383804
0.0488924 0.0475752 0.165818 0.568528 0.568965 0.528542 0.032983 0.0329319 0.0373602
0.0519361 0.0504961 0.186824 0.62082 0.620932 0.610078 0.0341076 0.0340542 0.0388954
0.0502449 0.0488666 0.187591 0.589187 0.588788 0.631395 0.03401 0.0339338 0.0414142
0.0479633 0.0465823 0.195263 0.550621 0.550449 0.567787 0.0325791 0.0324738 0.0430048
0.0493822 0.0478764 0.22749 0.572238 0.571715 0.628712 0.0336345 0.0335362 0.0436301
0.0509012 0.0494676 0.204021 0.607767 0.60758 0.626699 0.034389 0.0342887 0.0443285
0.0490821 0.0477193 0.19711 0.581954 0.581846 0.592659 0.0336651 0.0335516 0.0458588
0.0477431 0.0463871 0.18546 0.619365 0.619105 0.6463 0.0343796 0.0342709 0.0454836
0.0506562 0.0493003 0.183361 0.603713 0.60407 0.570219 0.0338401 0.0337734 0.0402036
0.050112 0.0487395 0.182442 0.572258 0.572891 0.514655 0.0333473 0.0332592 0.0415977
0.0495117 0.0482209 0.175093 0.570668 0.570877 0.550129 0.0330797 0.0329958 0.0407965
0.048824 0.0475536 0.169663 0.611423 0.611337 0.620242 0.0342152 0.03406 0.0495049
0.0492635 0.0480468 0.170894 0.589851 0.59071 0.509844 0.0334399 0.0333168 0.0446626
0.0496854 0.048359 0.178657 0.612091 0.612462 0.576211 0.0338651 0.0337522 0.0445972
0.0468587 0.0456129 0.163577 0.567966 0.568017 0.562907 0.033164 0.0330357 0.0454998
0.0506827 0.0493693 0.169956 0.620135 0.620239 0.609823 0.034313 0.0341905 0.0460213
0.0494875 0.0482516 0.159358 0.613244 0.613508 0.587845 0.0342004 0.0341176 0.0416075
0.0543123 0.0529464 0.183371 0.616223 0.616563 0.583024 0.0339879 0.0339164 0.0406713
0.0513146 0.0499905 0.167726 0.628873 0.629795 0.546613 0.0319122 0.0318663 0.0359382
0.0541192 0.0526969 0.187571 0.633169 0.634101 0.549377 0.0326849 0.0326039 0.0402782
0.0531955 0.0518373 0.176795 0.610403 0.611179 0.539964 0.0332691 0.03317 0.0426077
0.0519671 0.0506531 0.170862 0.656234 0.656655 0.614456 0.0338276 0.0337267 0.0433659
0.0516189 0.0503313 0.170106 0.603527 0.604207 0.538427 0.033599 0.0335186 0.0409661
0.0523506 0.0510415 0.170673 0.619205 0.620431 0.512415 0.0328439 0.0328044 0.0363833
0.0539911 0.0526761 0.180348 0.612175 0.612604 0.57036 0.0325691 0.0325049 0.0388182
0.0531004 0.0517348 0.193099 0.618856 0.619621 0.545593 0.033713 0.0336308 0.0414506
0.0516146 0.050245 0.192603 0.619007 0.619631 0.558687 0.0345151 0.0344276 0.0433345
0.0526897 0.0513631 0.176712 0.598586 0.59869 0.587828 0.0343201 0.0342296 0.0427574
0.0522694 0.0509075 0.197004 0.605355 0.605102 0.633239 0.0346789 0.0345612 0.0465684
0.0513464 0.0500127 0.184154 0.610432 0.610796 0.573961 0.0340647 0.0339566 0.0446826
0.051784 0.0504351 0.182486 0.609454 0.610561 0.51072 0.0338471 0.0337643 0.0417139
0.0527387 0.0513534 0.18444 0.643402 0.644616 0.53899 0.0339034 0.0337867 0.0453364
0.0501593 0.0487702 0.190648 0.638136 0.63884 0.56971 0.0354455 0.0353461 0.0452361
0.052184 0.0507248 0.197989 0.630469 0.631003 0.57704 0.0349674 0.034847 0.0478503
0.0507955 0.0493791 0.198158 0.628454 0.628221 0.652763 0.0351262 0.0350225 0.0458043
0.0496316 0.0482779 0.182146 0.646432 0.64721 0.570629 0.0355612 0.035481 0.0433519
0.0507901 0.0494077 0.187804 0.632066 0.632835 0.556501 0.0361862 0.0360885 0.0459688
0.0528986 0.051523 0.18903 0.662569 0.662996 0.619031 0.0357822 0.0356823 0.0460988
0.0503985 0.049057 0.18569 0.635174 0.63586 0.57104 0.035796 0.0357054 0.0453185
0.050254 0.0489259 0.185113 0.612601 0.612739 0.598685 0.0355753 0.0354912 0.0443999
0.0514753 0.0501579 0.181203 0.608071 0.608391 0.575996 0.0359154 0.0358697 0.0405557
0.05096 0.0496453 0.172433 0.62119 0.622142 0.534089 0.0359958 0.0359431 0.0410452
0.049906 0.0485601 0.183415 0.619262 0.619757 0.57129 0.0347226 0.0346635 0.0408551
0.051191 0.0497719 0.20525 0.639835 0.639263 0.705865 0.0356196 0.0355119 0.0479876
0.0530243 0.0516134 0.198942 0.600341 0.600818 0.554742 0.0350022 0.0349267 0.043224
