1600 50 799
-0.0105354 -0.0455131
-0.00757802 -0.197504
-0.0158391 -0.28136
-0.0415358 -0.467057
-0.0304053 -0.657859
-0.0586989 -0.832586
-0.0337641 -0.875116
0.00240488 -0.991063
0.143203 -1.27096
0.381082 -1.86918
0.744429 -2.59713
1.09651 -2.85153
1.24837 -2.84141
2.7866 -2.7776
3.69493 -2.90347
3.97593 -3.18901
4.0149 -3.48321
4.09661 -3.56179
4.46471 -3.6736
4.94771 -3.76121
5.24384 -4.08041
5.40929 -4.2385
5.57012 -4.22322
5.52302 -4.38903
5.55371 -4.35283
5.69578 -4.56122
5.68491 -4.94932
5.65793 -5.0693
5.9938 -5.14318
6.14331 -5.30935
6.43332 -5.27516
6.76038 -5.45162
6.96057 -5.56847
6.94107 -5.86304
7.07254 -5.82037
7.30954 -5.71741
7.64132 -5.8307
7.9259 -5.96124
8.21698 -5.8615
8.29365 -6.27193
8.2685 -6.57666
8.14732 -6.43982
8.13953 -6.68911
7.96817 -6.77875
8.17348 -6.92284
8.10337 -6.88569
8.08073 -6.93196
8.19311 -6.97586
8.30503 -6.8809
7.93901 -6.91863
8.24415 -6.93256
7.99309 -6.79953
8.04704 -6.89451
8.1906 -7.15382
8.22971 -7.26068
8.23955 -7.28868
8.19448 -7.36397
8.29129 -7.65237
8.11854 -7.52617
8.1394 -7.66294
8.12452 -7.62737
8.13935 -7.70321
8.29459 -7.98693
8.24591 -8.23824
8.20808 -7.93237
8.25417 -8.16518
8.20342 -8.09891
8.36172 -8.32371
8.30592 -8.04935
8.27464 -7.9091
8.25091 -8.08238
8.32127 -8.08826
8.30239 -8.0659
8.30595 -8.17393
8.15807 -8.39387
8.11588 -8.39217
7.91165 -8.47081
8.05407 -8.44024
8.1584 -8.47811
8.5288 -8.64805
8.73401 -8.55438
8.50735 -8.47965
8.60885 -8.62054
8.91342 -8.66022
8.78563 -9.1288
8.96366 -8.97806
9.17406 -8.79287
9.18934 -8.79148
8.94757 -8.81229
9.11397 -8.77716
8.90144 -8.77729
9.00478 -8.78622
9.10129 -8.80371
9.19708 -8.8136
8.97549 -8.76734
8.93356 -8.88979
8.78481 -8.95964
9.10702 -8.99611
9.27418 -9.05848
9.17209 -9.02153
9.12259 -8.85462
9.12619 -8.72917
9.11921 -8.79913
8.88494 -8.99636
9.18516 -8.91088
9.16023 -8.67976
9.44678 -8.74649
9.1019 -8.69176
9.27037 -8.7087
9.26944 -8.91059
9.23196 -8.90185
9.32973 -8.85063
9.16434 -8.99899
9.24079 -8.89488
9.08379 -8.97256
9.04947 -9.08085
9.17758 -9.10999
9.13829 -8.99966
9.00466 -9.02907
8.82203 -8.92167
8.7364 -9.0582
8.88716 -8.79311
8.89881 -8.99045
9.23107 -8.97745
9.13515 -8.97677
8.99676 -8.85006
8.90997 -8.94381
8.914 -8.84267
8.78253 -8.9271
8.71815 -9.03006
8.86741 -8.8153
8.93727 -8.97608
8.96366 -8.95599
9.06329 -8.87725
9.01696 -8.9553
8.82085 -8.99447
9.05684 -8.96661
8.98282 -8.74815
9.08031 -8.82742
9.10681 -8.98849
8.99395 -8.92273
8.89764 -8.89112
8.88938 -8.9019
8.99523 -9.0255
8.89486 -8.88646
8.89779 -9.07258
8.91442 -9.40483
8.89152 -9.44627
8.97182 -9.14499
8.99888 -9.12341
8.96825 -9.01377
9.04546 -9.0138
9.01103 -9.01089
9.08965 -8.7455
9.12823 -8.76704
9.22969 -8.81908
9.31635 -8.87393
8.97563 -8.7999
9.15907 -8.82786
9.11706 -8.97673
9.06503 -9.07758
8.95534 -8.86052
9.02095 -9.05512
8.92797 -9.0523
8.61057 -9.01247
9.0627 -8.95949
8.76854 -8.92438
8.74825 -9.01439
8.90408 -8.95983
8.75106 -8.96897
8.87087 -8.75937
8.82796 -8.83125
8.78377 -8.79802
8.80527 -8.82082
8.88281 -8.93944
9.0024 -8.97297
8.96716 -9.13052
8.86603 -8.99752
8.9819 -9.05541
8.81982 -9.01365
8.96738 -9.22124
8.77562 -9.16284
8.66129 -9.0393
9.0232 -9.0624
9.10044 -9.0587
8.99209 -9.19918
8.80975 -9.1544
8.96979 -9.06439
9.09103 -9.05764
9.06094 -9.03886
8.97354 -9.18851
9.05429 -9.0592
8.82445 -9.14975
8.97161 -9.14505
9.19446 -9.17614
9.23057 -9.22519
9.27177 -9.17964
9.03809 -9.09013
9.22688 -9.15056
9.17952 -9.29214
9.0418 -9.19909
9.32917 -9.16489
9.16022 -9.035
9.03665 -9.21004
8.79947 -9.06014
8.9936 -9.19981
8.86974 -9.21503
9.05555 -9.32703
8.97596 -9.3229
8.88946 -9.31437
9.05582 -9.25542
9.10795 -9.26913
9.34759 -9.18522
9.28709 -9.19007
9.06392 -9.35551
9.27169 -9.21881
9.22016 -9.38716
9.21687 -9.34542
9.06306 -9.17496
9.12821 -9.17078
9.42352 -9.04196
9.30725 -9.18021
9.30791 -9.14139
9.38696 -9.20021
9.29873 -9.17013
9.32918 -9.17996
9.06252 -9.24083
9.34815 -9.33206
9.44801 -9.25561
9.39806 -9.38931
9.35185 -9.53671
9.4093 -9.50989
9.30324 -9.49282
9.32544 -9.47761
9.22765 -9.59548
9.1862 -9.56311
8.93822 -9.55219
9.32126 -9.48348
9.17236 -9.67167
9.00212 -9.57763
9.06672 -9.40487
9.09806 -9.67833
9.03388 -9.5193
9.32764 -9.47434
9.67233 -9.66857
9.45016 -9.65951
9.57765 -9.65148
9.63523 -9.67069
9.70745 -9.50354
9.61276 -9.59845
9.6051 -9.34737
9.53156 -9.54972
9.4659 -9.456
9.53829 -9.37673
9.58764 -9.27766
9.86978 -9.28646
9.88863 -9.55562
9.60174 -9.34798
9.12545 -9.22359
9.09575 -9.34655
9.2881 -9.21822
9.09415 -9.11597
9.1861 -9.21273
9.28954 -9.10911
9.17423 -9.16607
9.06813 -9.16467
9.35205 -9.12793
9.66067 -9.27658
9.48561 -8.99157
9.62665 -9.16914
9.61851 -9.09633
9.7452 -9.16162
9.64047 -9.12555
9.3518 -9.24253
9.41169 -9.25013
9.38807 -9.17828
9.47301 -9.32599
9.39217 -9.253
9.09698 -9.34358
9.25746 -9.20357
9.31727 -9.18729
9.11962 -9.19638
9.21933 -9.22849
9.60399 -9.39082
9.88937 -9.39247
9.79291 -9.37325
9.43453 -9.29012
9.46439 -9.26978
9.50026 -9.36534
9.59287 -9.2959
9.29413 -9.39094
8.98833 -9.51001
9.19393 -9.47925
8.97214 -9.46387
8.79869 -9.63143
9.21602 -9.41197
9.40333 -9.37767
9.31839 -9.38261
9.33551 -9.18723
9.21579 -9.38421
9.25998 -9.4239
9.06666 -9.44448
9.13449 -9.41485
9.00232 -9.20354
9.17419 -9.42908
8.97068 -9.40439
9.10514 -9.35958
9.0794 -9.61522
9.29247 -9.34361
9.0719 -9.40228
9.15036 -9.33266
9.48277 -9.31782
9.37445 -9.4659
9.26822 -9.39277
9.35393 -9.43148
9.1187 -9.54439
9.35372 -9.59423
9.62318 -9.58178
9.23243 -9.48482
9.21538 -9.56828
9.45712 -9.32563
9.29065 -9.58416
9.16251 -9.40354
9.26038 -9.41608
9.12545 -9.53863
9.55394 -9.45854
9.6563 -9.37675
9.37174 -9.3387
9.56615 -9.44811
9.56456 -9.64369
9.82277 -9.65997
9.80796 -9.72307
9.78556 -9.75901
9.5508 -9.47853
9.73125 -9.59215
9.66816 -9.57472
9.43446 -9.3974
9.66349 -9.44814
9.40732 -9.52306
9.46307 -9.47733
9.28788 -9.57696
9.29302 -9.39027
9.30009 -9.30273
9.40925 -9.42767
9.38512 -9.17758
9.20353 -9.35648
9.25267 -9.39509
9.41292 -9.34282
9.37013 -9.43057
9.40623 -9.38083
9.15574 -9.50095
9.18496 -9.42722
9.20789 -9.47537
9.32621 -9.56998
9.51029 -9.38566
9.66404 -9.53037
9.55276 -9.30788
9.61326 -9.33601
9.66774 -9.4156
9.68554 -9.34732
9.4328 -9.5447
9.52012 -9.4731
9.80969 -9.42495
9.60291 -9.43771
9.7648 -9.48171
9.70523 -9.44968
9.66088 -9.37831
9.65737 -9.53971
9.53339 -9.32234
9.41426 -9.36986
9.33724 -9.24587
9.64371 -9.29856
9.6861 -9.20555
9.84827 -9.34445
9.6169 -9.29079
9.67527 -9.16673
9.5255 -9.2635
9.48528 -9.26643
9.25004 -9.17007
9.21537 -9.31797
9.38751 -9.24543
9.29866 -9.18237
9.63387 -9.30909
9.50529 -9.29582
9.17218 -9.41754
9.57934 -9.30034
9.11023 -9.22217
9.40712 -9.34249
9.66683 -9.31862
9.68006 -9.35715
9.51259 -9.32138
9.40965 -9.18371
9.61934 -9.13716
9.42961 -9.16117
9.61403 -9.11315
9.47578 -9.01822
9.50695 -8.86071
9.46303 -9.02581
9.48831 -9.1338
9.2168 -9.19636
9.37802 -9.09822
9.12268 -9.25679
9.29787 -9.25448
9.34808 -9.25297
9.38679 -9.12165
9.83024 -9.18668
9.66362 -9.23925
9.59066 -9.22219
9.48344 -9.26298
9.53141 -9.29787
9.53711 -9.39304
9.50621 -9.38141
9.13949 -9.35955
9.3326 -9.46313
9.4824 -9.45886
9.39022 -9.31827
9.52766 -9.29877
9.36067 -9.23671
9.39816 -9.32981
9.39365 -9.32726
9.35624 -9.23372
9.64129 -9.42313
9.35744 -9.47576
9.55512 -9.49704
9.31103 -9.39919
9.65773 -9.26197
9.71708 -9.47243
9.44411 -9.49001
9.26411 -9.39395
9.46372 -9.49412
9.57461 -9.74375
9.527 -9.51508
9.46149 -9.72674
9.37987 -9.56852
9.4871 -9.41588
9.42613 -9.4812
9.32966 -9.61977
9.3974 -9.37414
9.66864 -9.44055
9.60274 -9.37726
9.32405 -9.37392
9.38187 -9.53496
9.20156 -9.5617
9.16713 -9.50972
9.13898 -9.40025
9.26693 -9.41605
9.26618 -9.32628
9.37776 -9.47454
9.70065 -9.63995
9.78517 -9.56823
9.65181 -9.69564
9.60233 -9.47637
9.6617 -9.41332
9.62802 -9.51317
9.64403 -9.5024
9.60238 -9.4185
9.49642 -9.40053
9.51262 -9.39353
9.58057 -9.5686
9.52248 -9.72315
9.66879 -9.6869
9.6629 -9.54908
9.53606 -9.78829
9.51791 -9.83042
9.48816 -9.60586
9.52284 -9.55272
9.77185 -9.65461
9.32461 -9.56964
9.51961 -9.4687
9.54769 -9.44674
9.35947 -9.38362
9.45426 -9.43055
9.50317 -9.43565
9.35319 -9.49424
9.20999 -9.57167
9.49131 -9.54366
9.30038 -9.59057
9.2251 -9.47225
9.32938 -9.41771
9.45812 -9.49882
9.11737 -9.49028
9.32383 -9.47903
9.40662 -9.59285
9.40891 -9.6661
9.44122 -9.6129
9.46853 -9.71851
9.26955 -9.51891
9.3529 -9.67947
9.20943 -9.59795
9.11263 -9.59415
8.86281 -9.56766
9.22155 -9.72276
9.53853 -9.67627
9.51117 -9.799
9.41107 -9.72942
9.39403 -9.77537
9.62386 -9.8047
9.73103 -9.7564
9.94077 -9.75172
9.47744 -9.43373
9.57787 -9.60102
9.54689 -9.54619
9.30033 -9.60994
9.53457 -9.6833
9.61397 -9.47687
9.75512 -9.61718
9.70172 -9.70933
9.71423 -9.85982
9.47589 -9.82422
9.93324 -9.88312
9.71822 -9.93604
9.7233 -9.55408
9.72391 -9.8334
9.71736 -9.65545
9.82917 -9.67268
9.86007 -9.55146
9.73698 -9.77836
9.60682 -9.76274
9.31443 -9.85461
9.19607 -9.62295
9.1901 -10.0332
8.9967 -9.55312
9.2207 -9.70083
9.2802 -9.84889
9.66879 -9.63894
9.48459 -9.73901
9.43804 -9.69408
9.54627 -9.51471
9.42293 -9.55567
9.3723 -9.63899
9.4241 -9.7591
9.37241 -9.67128
9.44297 -9.58279
9.27907 -9.73353
9.50329 -9.56513
9.4612 -9.80354
9.6374 -9.5503
9.77164 -9.37425
9.63879 -9.41226
9.07836 -9.54516
9.38343 -9.4518
9.26682 -9.55243
9.30215 -9.51053
9.42891 -9.54207
9.33741 -9.6321
9.19624 -9.63122
9.31901 -9.33893
9.56652 -9.1642
9.48536 -9.31078
9.16316 -9.35229
9.48062 -9.16856
9.43762 -9.55871
9.50176 -9.34241
9.61768 -9.41693
9.40469 -9.37408
9.43284 -9.50018
9.5949 -9.50025
9.46903 -9.57711
9.5995 -9.47169
9.53262 -9.44495
9.34449 -9.38857
9.49747 -9.36978
9.46013 -9.51799
9.49399 -9.43503
9.5561 -9.44882
9.42966 -9.58545
9.50817 -9.40339
9.36106 -9.43489
9.39652 -9.38452
9.30187 -9.41597
9.28263 -9.26802
9.17742 -9.32039
9.01956 -9.37075
9.30991 -9.36479
9.37877 -9.24983
9.50655 -9.2104
9.7102 -9.19508
9.50028 -9.11625
9.44733 -9.10814
9.45111 -9.06407
9.69457 -9.04072
9.73006 -9.03847
9.75621 -8.92375
9.68573 -9.04689
9.38634 -8.90323
9.68905 -9.19793
9.78609 -9.14123
9.62838 -9.28322
9.70635 -9.18849
9.59142 -8.96028
9.43168 -8.99861
9.74412 -8.8993
9.57913 -8.95212
9.62423 -9.02494
9.69759 -8.9027
9.74479 -8.93409
9.72502 -8.93882
9.75775 -9.12171
9.67325 -9.11627
9.51142 -9.14392
9.60824 -9.07167
9.78305 -8.91032
9.8752 -9.06782
9.76092 -9.22102
9.56639 -9.08908
9.64697 -9.16145
9.47301 -9.22256
9.37657 -9.21153
9.6708 -9.25239
9.70512 -9.17732
9.72774 -9.0477
9.27543 -9.06535
9.23376 -9.21779
9.05125 -9.19762
9.29115 -9.18827
9.51102 -9.18687
9.47916 -9.27752
9.5524 -9.15119
9.6922 -9.36788
9.54808 -9.23168
9.5654 -9.29635
9.51283 -9.41068
9.69066 -9.29199
9.7314 -9.59298
9.65156 -9.60443
9.7805 -9.45542
9.80607 -9.27564
9.64213 -9.27693
9.52023 -9.52851
9.64987 -9.38838
9.75478 -9.41031
9.60615 -9.46862
9.72811 -9.433
9.70397 -9.40117
9.44926 -9.3342
9.51729 -9.54476
9.17679 -9.43342
9.49492 -9.61757
9.45693 -9.57424
9.56291 -9.48497
9.68044 -9.66705
9.81945 -9.88553
9.39337 -9.72983
9.4464 -9.61858
9.04412 -9.85547
9.13672 -9.70583
9.14128 -9.78528
9.14812 -9.72899
9.39471 -10.0071
9.30131 -9.89894
9.29491 -9.8827
9.12869 -9.74066
9.00805 -9.77847
9.04599 -9.82215
8.88297 -9.82073
8.77685 -9.99762
8.90909 -9.59351
8.8343 -9.86117
8.93205 -9.81394
8.89011 -9.81024
9.01949 -9.8575
8.99683 -9.79549
9.13689 -9.69357
9.06749 -9.68744
9.00355 -9.68263
9.30949 -9.48977
9.33246 -9.36017
9.20744 -9.45827
9.17759 -9.58048
8.93387 -9.59057
9.08529 -9.32072
9.06703 -9.57466
9.29969 -9.69712
9.34434 -9.74941
9.64595 -9.74623
9.25382 -9.66297
9.28511 -9.5516
9.40433 -9.58895
9.3284 -9.54973
9.44255 -9.32114
9.52974 -9.39587
9.44718 -9.54954
9.44534 -9.33604
9.32912 -9.47798
9.26906 -9.3799
9.23781 -9.18424
9.32022 -9.19414
9.39202 -9.31168
9.36259 -9.23657
9.42101 -9.37263
9.55993 -9.33
9.32854 -9.45635
9.33751 -9.42876
9.44723 -9.51297
9.49042 -9.43866
9.18692 -9.56324
8.97447 -9.43366
9.32129 -9.52518
9.46796 -9.48961
9.42406 -9.40123
9.31848 -9.41595
9.482 -9.44309
9.36806 -9.54971
9.30371 -9.23502
9.33123 -9.3889
9.0902 -9.42105
9.2765 -9.34576
9.31105 -9.40494
9.28823 -9.21506
9.29981 -9.12085
9.2676 -9.28813
9.20092 -9.2786
9.35407 -9.28262
9.18237 -9.39165
9.13823 -9.30477
9.09832 -9.44504
9.08725 -9.63304
9.10462 -9.69399
9.06244 -9.67464
8.96343 -9.76713
9.04479 -9.61615
9.05484 -9.82096
9.0658 -9.64159
8.78887 -9.53409
8.92171 -9.79748
9.07796 -9.89624
9.36643 -9.84643
9.03304 -9.6432
9.02557 -9.79192
8.94058 -9.62321
8.87049 -9.69826
8.9409 -9.60928
8.9862 -9.5603
8.9632 -9.60055
9.05732 -9.67474
9.05111 -9.66318
9.09813 -9.73116
8.97247 -10.0534
9.17495 -9.82714
9.22492 -10.0779
9.32139 -9.8356
9.46761 -9.73103
9.348 -9.72869
9.22083 -9.9127
9.3231 -9.74228
9.33345 -9.60672
9.41715 -9.8958
9.30742 -9.73029
9.11972 -9.9365
9.03378 -9.67209
9.19165 -9.68845
9.43594 -9.46749
9.52733 -9.45231
9.30052 -9.69099
9.34314 -9.49232
9.22256 -9.47154
9.03569 -9.42946
9.00395 -9.36163
8.86901 -9.52073
9.07638 -9.4316
9.24433 -9.42013
9.52453 -9.36772
9.28004 -9.36511
9.29795 -9.39124
9.47942 -9.33312
9.54753 -9.57696
9.41735 -9.5736
9.53189 -9.47002
9.41803 -9.46827
9.21369 -9.49232
9.26276 -9.57937
9.27254 -9.53492
9.14348 -9.30719
9.5132 -9.48359
9.27391 -9.47197
9.53695 -9.48086
9.34646 -9.35123
9.53665 -9.39936
9.26883 -9.43299
9.17064 -9.34209
9.56927 -9.52524
9.43745 -9.31272
9.50105 -9.39943
9.2474 -9.43711
9.30143 -9.43796
9.42158 -9.36465
9.32848 -9.48659
9.358 -9.27693
9.47883 -9.36589
9.62377 -9.30376
9.69777 -9.39162
9.56921 -9.37419
9.56224 -9.21779
9.65159 -9.20838
9.49678 -9.15942
9.25701 -9.23394
9.35796 -9.30112
9.33625 -9.32214
9.40454 -9.4605
9.24948 -9.40025 9.22618
8.94593 -9.415 -9.29114
8.74486 -9.32217 -9.56544
8.76233 -9.37156 -9.75512
8.94259 -9.18084 -9.689
9.0225 -9.3122 -9.80858
9.14555 -9.44881 -9.73627
9.08188 -9.55485 -9.50573
9.13549 -9.46063 -9.57476
8.95599 -9.75021 -9.69341
9.18833 -9.44953 -9.6607
9.11517 -9.49059 -9.5829
8.92417 -9.4993 -9.36813
9.00045 -9.34468 -9.41181
8.85878 -9.36989 -9.44454
8.74709 -9.41533 -9.40121
8.68301 -9.5903 -9.68171
8.88724 -9.48207 -9.29472
8.79348 -9.54752 -9.64667
8.71694 -9.48628 -9.73208
8.73087 -9.47378 -9.60499
8.7187 -9.28736 -9.24804
8.75337 -9.3821 -9.33094
8.55956 -9.4505 -9.42172
8.87816 -9.44306 -9.90308
8.77954 -9.41565 -9.3963
8.51429 -9.42882 -9.25524
8.64461 -9.32107 -9.31527
8.75032 -9.49997 -9.31868
8.87719 -9.33866 -9.40264
9.04302 -9.16991 -9.4273
9.16424 -9.45487 -9.52244
9.18419 -9.34476 -9.38971
9.17006 -9.51903 -9.53183
9.07808 -9.36516 -9.25006
9.07592 -9.39018 -9.41602
8.89796 -9.44093 -9.48077
8.82305 -9.37368 -9.47993
9.09788 -9.60385 -9.58555
9.02618 -9.63968 -9.64483
8.8299 -9.62277 -9.39786
8.75243 -9.49003 -9.19835
9.07069 -9.24485 -9.52037
9.0538 -9.52337 -9.41278
8.79918 -9.54893 -9.55732
9.12274 -9.4177 -9.69565
8.77445 -9.3176 -9.70512
8.83804 -9.3296 -9.69565
8.93487 -9.43302 -9.81147
8.71552 -9.28859 -9.69909
8.83598 -9.5475 -9.76774
8.84191 -9.57085 -9.91862
8.81575 -9.48826 -9.9031
8.74156 -9.31966 -9.9166
8.77471 -9.45754 -9.60794
8.88342 -9.46969 -9.62199
8.93906 -9.49305 -9.6919
8.80828 -9.45005 -9.52251
8.78757 -9.58886 -9.48076
8.6936 -9.5866 -9.66455
8.67583 -9.55172 -9.73145
8.96698 -9.6734 -9.39492
8.80046 -9.48895 -9.35953
9.07708 -9.34516 -9.46019
8.79027 -9.55141 -9.5333
8.73134 -9.5352 -9.35177
8.71061 -9.3332 -9.23168
8.68885 -9.29407 -9.52921
8.82706 -9.07579 -9.35708
8.6706 -9.35193 -9.53078
8.80515 -9.4902 -9.37703
8.65394 -9.42765 -9.61884
9.0937 -9.43487 -9.7026
9.13169 -9.53493 -9.6341
9.03188 -9.2679 -9.54322
9.29662 -9.34088 -9.39776
8.75157 -9.29997 -9.52767
8.84025 -9.16178 -9.65531
8.95519 -9.38238 -9.51828
9.20356 -9.29097 -9.68298
9.20502 -9.28275 -9.73743
9.2669 -9.3395 -9.31885
9.09266 -9.28991 -9.64198
9.04655 -9.30119 -9.84086
8.87168 -9.30215 -9.76133
8.83638 -9.43609 -9.85033
8.95411 -9.43471 -9.82922
8.81052 -9.68345 -9.50058
8.95238 -9.74722 -9.80086
8.86885 -9.55511 -9.56235
9.02027 -9.5923 -9.41665
9.22078 -9.53937 -9.44156
9.37116 -9.38368 -9.49732
9.18882 -9.67897 -9.61464
8.93282 -9.63497 -9.6559
9.33329 -9.70606 -9.79591
9.25172 -9.47454 -9.62388
8.98512 -9.71157 -9.52995
9.32753 -9.68634 -9.57549
9.39514 -9.88143 -9.53888
8.83803 -9.89485 -9.72232
9.03958 -9.80936 -9.70268
9.18811 -9.69173 -9.79024
9.19106 -9.90994 -9.40195
9.04693 -9.72165 -9.62963
9.20499 -9.73849 -9.75834
9.11013 -9.58813 -9.61485
8.89396 -9.53191 -9.60668
9.09304 -9.57199 -9.82294
9.38009 -9.76468 -9.79983
8.95893 -9.73812 -9.83326
8.90462 -9.66938 -9.85351
9.02729 -9.61956 -9.67196
9.06562 -9.82102 -9.48527
8.83305 -9.77084 -9.64677
8.85602 -9.91731 -9.6997
8.95926 -9.74405 -9.7738
8.98259 -9.55927 -9.70709
9.07312 -9.85379 -9.60266
9.11356 -9.91993 -9.66648
8.78132 -9.74606 -9.69588
8.82492 -9.80595 -9.68225
8.54233 -9.78848 -9.62767
8.63486 -9.7459 -9.5964
8.54929 -9.83014 -9.69371
8.63104 -9.83298 -9.82465
8.53132 -9.91557 -9.59692
8.87121 -9.59309 -9.51039
8.79966 -9.70198 -9.52472
8.78688 -9.73001 -9.66542
8.97349 -9.78414 -9.74327
8.87862 -9.86593 -9.80341
8.88545 -9.81723 -9.80318
8.74845 -9.82489 -9.78534
8.8298 -10.0215 -9.89315
8.76898 -9.84334 -9.60546
8.69566 -9.94702 -9.55959
8.96299 -9.93538 -9.5687
8.66598 -9.90205 -9.88925
8.57046 -9.85173 -9.84206
8.65104 -9.83672 -9.68035
8.3015 -9.7426 -9.40703
8.74391 -9.70769 -9.41363
8.61663 -9.78718 -9.73869
8.62292 -9.89529 -9.75784
8.54114 -9.62477 -9.65015
8.8256 -9.85418 -9.67961
8.77737 -9.9558 -9.70333
8.93229 -9.84418 -9.62324
8.76012 -9.80568 -9.46628
8.77224 -9.81507 -9.64074
9.13041 -9.88476 -9.63003
9.09046 -9.73214 -9.57362
9.07245 -9.5894 -9.4249
9.1173 -9.88515 -9.35342
9.0304 -9.58845 -9.31428
9.06691 -9.4785 -9.3372
8.84008 -9.65321 -9.33672
9.09096 -9.24925 -9.61978
9.10455 -9.47002 -9.60082
8.99912 -9.43478 -9.57397
9.27319 -9.14444 -9.50873
9.08038 -9.35114 -9.20372
9.14069 -9.33739 -9.455
9.28512 -9.47282 -9.7013
9.27715 -9.45015 -9.65567
9.22636 -9.39466 -9.70878
9.37133 -9.32212 -9.39307
9.16699 -9.29773 -9.60749
9.37177 -9.35499 -9.68073
9.10628 -9.18968 -9.89195
8.98855 -9.17506 -9.7155
8.65539 -9.3453 -9.67105
8.76217 -9.38698 -9.54302
9.0223 -9.19555 -9.80865
9.00506 -9.22061 -9.6077
9.13647 -9.33305 -9.8769
9.39431 -9.30578 -9.78087
9.35333 -9.24366 -9.89789
8.96667 -9.4053 -9.76001
8.62318 -9.3083 -9.57683
8.92395 -9.21129 -9.42385
8.93906 -9.1613 -9.68612
8.81464 -9.17451 -9.3879
8.5512 -9.28527 -9.49312
8.8264 -9.35077 -9.46368
8.793 -9.31501 -9.3865
8.92195 -9.27121 -9.3803
8.94576 -9.38685 -9.26742
9.20805 -9.35909 -9.26179
9.44592 -9.35402 -9.33814
9.4583 -9.17055 -9.45107
9.42806 -9.14748 -9.56215
9.4522 -8.84253 -9.77627
9.44299 -9.05774 -9.51588
9.1377 -9.11228 -9.73302
9.28674 -9.10584 -9.65618
9.54578 -9.13269 -9.81565
9.62067 -9.05784 -9.93127
9.22655 -9.08491 -9.70037
9.4401 -9.22229 -9.83235
9.48849 -9.22154 -9.89226
9.41259 -9.09569 -10.025
9.64035 -9.08423 -9.97546
9.81082 -9.21992 -9.8027
9.34817 -9.17819 -9.73166
9.62241 -9.00218 -9.74167
9.13328 -9.3289 -9.78031
9.23759 -9.07416 -9.78793
9.30472 -9.34717 -9.78914
9.41733 -9.46844 -9.72292
9.37674 -9.27113 -9.72284
9.48855 -9.05666 -9.61971
9.46096 -9.15698 -9.57826
9.17723 -9.16685 -9.65535
9.16904 -9.13885 -9.63207
9.04401 -9.2059 -9.46848
9.4122 -9.29327 -9.43576
9.49843 -9.22599 -9.61451
9.48034 -9.19136 -9.57678
9.40258 -9.46771 -9.71628
9.4367 -9.63833 -9.71736
9.33763 -9.30678 -9.57956
9.63211 -9.42133 -9.64771
9.59087 -9.45678 -9.67217
9.29226 -9.41574 -9.55209
9.38184 -9.4225 -9.3812
9.3448 -9.41465 -9.58278
9.15694 -9.43722 -9.60252
9.13568 -9.42756 -9.56999
9.45716 -9.53326 -9.49216
8.78612 -9.36507 -9.57266
9.20477 -9.54551 -9.60729
9.20244 -9.49107 -9.64557
8.8255 -9.4344 -9.7711
8.81745 -9.48605 -9.73615
9.16491 -9.4116 -9.5547
9.07486 -9.30679 -9.68813
9.18961 -9.21853 -9.44004
9.14124 -9.4454 -9.63521
9.05714 -9.32901 -9.70009
8.78585 -9.15104 -9.71967
8.71334 -9.60584 -9.46687
9.00351 -9.47496 -9.36718
8.9889 -9.4143 -9.39801
8.78093 -9.34744 -9.09794
8.91184 -9.31424 -9.41013
9.05458 -9.45825 -9.3197
9.06102 -9.06166 -9.36439
9.03239 -9.17263 -9.2545
8.84701 -9.18361 -9.06104
8.94698 -9.32633 -9.15374
9.01518 -9.26471 -9.03665
9.32702 -9.18084 -9.08501
8.98682 -9.24689 -9.13599
8.97406 -9.40843 -8.99257
9.08306 -9.38079 -9.00279
9.24372 -9.19663 -9.02205
9.07635 -9.45431 -9.05389
9.16634 -9.54636 -8.88473
8.82848 -9.6891 -9.17721
8.89293 -9.8045 -9.05739
9.27186 -9.59283 -9.12029
9.00573 -9.48378 -9.28063
9.27967 -9.47778 -9.27856
8.99377 -9.52119 -9.3626
9.24424 -9.56387 -9.52114
9.06442 -9.64122 -9.47212
9.12889 -9.73565 -9.48797
9.28019 -9.68034 -9.21398
9.21957 -9.71747 -9.39689
9.14792 -9.81163 -9.3407
9.27393 -9.73201 -9.49291
8.85374 -9.69908 -9.45805
9.22124 -9.56876 -9.14565
9.14061 -9.72535 -9.23863
9.22555 -9.58895 -9.33135
8.9949 -9.54839 -9.2149
9.15788 -9.64181 -9.27499
8.99465 -9.74714 -9.24676
9.26116 -9.82315 -9.30115
8.98783 -9.91277 -9.28513
9.09821 -9.63423 -9.32372
8.95808 -9.83735 -9.4887
9.0778 -9.96362 -9.34459
9.1627 -9.79948 -9.43147
9.07055 -9.91819 -9.66798
9.16693 -9.87742 -9.52361
9.04523 -9.78754 -9.52304
8.86725 -9.81389 -9.76477
8.88812 -9.80337 -9.77272
9.13225 -9.85098 -9.93204
9.31736 -9.91867 -9.71933
8.93285 -9.9806 -9.60019
9.13412 -9.94791 -9.8076
8.99838 -9.99526 -9.69908
9.07069 -10.017 -9.80243
9.0716 -9.96957 -9.81458
9.12835 -9.94916 -9.74887
9.10405 -9.9229 -9.83741
9.22056 -9.92821 -9.6793
9.26484 -9.88097 -9.71535
9.22187 -10.123 -9.58924
9.31988 -10.1083 -9.4693
9.30434 -10.083 -9.74501
9.47268 -10.0618 -9.4554
9.21818 -9.92276 -9.38844
9.33436 -10.102 -9.36819
9.18994 -9.95682 -9.72572
9.21621 -9.95688 -9.45222
9.61345 -9.98463 -9.55751
9.43846 -10.0515 -9.53905
9.53309 -9.99674 -9.73905
9.26105 -10.3736 -9.75818
9.3748 -10.073 -9.98842
9.70915 -10.1891 -9.89784
9.45532 -10.0859 -9.91057
9.47498 -10.0471 -9.6307
9.41947 -10.07 -9.57912
9.2907 -9.77837 -9.76429
9.16195 -9.86431 -9.54679
9.29702 -9.50329 -9.6621
9.14982 -9.69517 -9.71958
9.36947 -9.82415 -9.89219
9.25133 -9.61263 -9.76304
9.21637 -9.77621 -9.71931
8.95925 -9.90343 -9.4717
8.91289 -9.61146 -9.38982
8.90867 -9.76809 -9.345
9.00905 -9.46924 -9.2885
8.91064 -9.45173 -9.51162
9.03697 -9.41256 -9.3697
9.06538 -9.43052 -9.28102
9.16257 -9.36564 -9.21599
8.95555 -9.63421 -9.31331
9.17759 -9.37276 -9.44173
9.37298 -9.28896 -9.49621
9.10379 -9.31259 -9.49647
9.25548 -9.16968 -9.72109
9.39823 -9.27458 -9.73984
9.24203 -9.38577 -9.5851
9.28722 -9.4512 -9.69788
9.32396 -9.34149 -9.64706
9.47522 -9.43676 -9.57831
9.41262 -9.31592 -9.65542
9.14576 -9.2655 -9.51885
9.22851 -9.36622 -9.38146
9.25544 -9.25159 -9.43771
9.04744 -9.34346 -9.52477
9.28177 -9.4239 -9.47363
9.12264 -9.28064 -9.52702
9.48918 -9.4069 -9.55476
9.37163 -9.17062 -9.58869
9.25373 -9.43159 -9.60957
9.48552 -9.33382 -9.40229
9.24388 -9.27196 -9.53998
8.89202 -9.32854 -9.63238
9.36352 -9.38555 -9.60482
9.56779 -9.34741 -9.36876
9.45444 -9.30939 -9.57603
9.54323 -9.47151 -9.19921
9.42575 -9.45611 -9.29882
9.44309 -9.44305 -9.38687
9.48099 -9.35667 -9.25113
9.22616 -9.20036 -9.33042
9.50386 -9.4226 -9.34867
9.37635 -9.41025 -9.21741
9.97513 -9.38173 -9.4328
9.70582 -9.2821 -9.19893
9.46197 -9.41592 -9.33068
9.11303 -9.37841 -9.3059
8.97789 -9.38674 -9.37847
9.4238 -9.32995 -9.40607
9.59115 -9.32012 -9.6428
9.60184 -9.31606 -9.50549
9.61432 -9.35609 -9.50447
9.5195 -9.55958 -9.36315
9.39404 -9.52074 -9.31055
9.41944 -9.59074 -9.35425
9.34983 -9.48283 -9.37244
9.34343 -9.31741 -9.34149
9.39026 -9.11925 -9.32016
8.89986 -9.39018 -9.50352
9.09303 -9.59749 -9.37821
9.23538 -9.52884 -9.37453
8.87663 -9.38715 -9.29105
9.37945 -9.23611 -9.52785
9.26815 -9.47587 -9.30383
8.95434 -9.66747 -9.23481
8.63022 -9.39304 -9.36376
9.02584 -9.34854 -9.54453
9.0933 -9.43818 -9.49068
9.08261 -9.42101 -9.50746
8.91137 -9.47722 -9.64846
8.6353 -9.4911 -9.36547
8.78889 -9.51471 -9.41673
9.01877 -9.6219 -9.45601
9.13915 -9.78662 -9.04768
9.03872 -9.71537 -9.07074
9.10414 -9.51574 -9.19
9.16597 -9.42833 -9.07961
9.21228 -9.16377 -9.25454
9.33031 -9.36586 -9.24036
9.25803 -9.59652 -9.26031
9.40836 -9.4377 -9.21575
9.65892 -9.54855 -9.35775
9.47279 -9.45061 -9.15825
9.26132 -9.15666 -9.36682
9.15758 -9.47011 -9.32531
9.19756 -9.39641 -9.34125
9.0533 -9.47989 -9.528
9.39588 -9.38909 -9.57757
9.1631 -9.34199 -9.51695
9.09046 -9.45705 -9.58936
9.15007 -9.51037 -9.75828
9.36922 -9.40324 -9.68875
9.19958 -9.27081 -9.73884
9.01808 -9.2789 -9.82609
9.27385 -9.37213 -9.53226
9.34411 -9.40802 -9.59419
9.33942 -9.29855 -9.76507
9.07172 -9.40515 -9.45787
9.07714 -9.10055 -9.88213
9.46819 -9.27115 -9.92896
9.70038 -9.17499 -9.61863
9.46206 -9.57218 -9.51916
9.48521 -9.62745 -9.5854
9.4986 -9.55089 -9.58594
9.39099 -9.44566 -9.59805
9.27076 -9.36967 -9.77585
9.52734 -9.40117 -9.74709
9.09983 -9.16872 -9.69406
9.49461 -9.32198 -9.72814
9.67073 -9.61337 -9.71075
9.62818 -9.48104 -9.71077
9.36457 -9.32042 -9.75794
9.52311 -9.4626 -9.76487
9.67167 -9.62684 -10.0349
9.48877 -9.56194 -9.85377
9.42765 -9.6902 -10.1993
9.45024 -9.51971 -9.99763
9.50248 -9.57222 -9.95105
9.70575 -9.39484 -9.87654
9.48869 -9.51399 -9.69446
9.43394 -9.38933 -9.83879
9.24918 -9.4082 -9.81037
9.14331 -9.47015 -9.9342
9.20075 -9.51764 -9.94062
9.28863 -9.47341 -9.81651
9.1649 -9.31502 -9.93676
9.40254 -9.40147 -9.89476
9.33009 -9.32172 -9.50414
9.29121 -9.22532 -9.67709
9.17302 -9.32301 -9.67935
9.22257 -9.36893 -9.63507
9.07678 -9.25611 -9.60021
8.99289 -9.48645 -9.38038
9.16743 -9.26454 -9.58368
9.36095 -9.41174 -9.63625
9.19407 -9.58287 -9.59065
9.30551 -9.58641 -9.72267
9.08021 -9.59787 -9.67947
9.56399 -9.59213 -9.69313
9.25624 -9.5759 -9.70198
9.34755 -9.35374 -9.69714
9.23405 -9.37617 -9.49837
9.34443 -9.43989 -9.52178
9.40721 -9.3551 -9.47339
9.23585 -9.40497 -9.34388
9.3554 -9.41981 -9.39071
8.99832 -9.51984 -9.15186
9.23163 -9.37646 -9.14301
8.98219 -9.36879 -9.06981
9.06895 -9.34357 -9.11798
9.07522 -9.24297 -9.14396
9.11747 -9.30894 -9.11704
9.30491 -9.2733 -9.11127
9.30953 -9.38573 -9.11196
9.31729 -9.55057 -9.05015
9.38673 -9.4083 -8.96848
9.23229 -9.38172 -9.14831
9.45534 -9.36204 -9.25781
9.26462 -9.48285 -9.19611
9.46727 -9.38331 -9.05247
9.24777 -9.31776 -8.98807
9.21072 -9.37068 -9.02178
9.22972 -9.45539 -9.16543
9.39901 -9.41355 -9.21803
9.16653 -9.56455 -9.36564
9.50729 -9.46489 -9.12559
9.77114 -9.47864 -9.19168
9.83666 -9.62712 -9.13126
9.56737 -9.75948 -9.10636
9.4398 -9.84268 -9.15188
9.35753 -9.80737 -9.04961
9.39527 -9.79479 -9.0793
9.50899 -9.73191 -9.427
9.26597 -9.58979 -9.27421
9.29001 -9.51365 -9.20947
9.28386 -9.56002 -9.36073
9.17333 -9.66844 -9.18357
9.05542 -9.55288 -9.25001
9.07384 -9.59641 -9.26635
9.14548 -9.59416 -9.35178
9.17366 -9.61714 -9.33545
9.23908 -9.39071 -9.16945
9.31935 -9.62383 -9.22231
9.28766 -9.90531 -9.21139
9.05831 -9.94085 -9.10022
9.15462 -9.70018 -9.14137
9.3431 -9.71282 -9.23289
9.3306 -9.7796 -9.19666
9.50496 -9.81424 -9.21092
9.63097 -9.91634 -9.07651
9.38387 -9.6818 -9.26151
9.45344 -10.0267 -9.45746
9.48868 -10.013 -9.45007
9.30027 -10.0527 -9.68611
8.93069 -10.1577 -9.51296
9.3747 -9.89335 -9.40677
9.42276 -9.84388 -9.29344
9.35155 -9.85408 -9.67414
9.04083 -9.69536 -9.56846
9.131 -9.7368 -9.48242
9.0251 -9.73362 -9.49178
8.69296 -9.81467 -9.29655
8.71952 -9.78859 -9.45955
8.92503 -9.7807 -9.21133
9.19265 -9.61182 -9.26395
9.24213 -9.4661 -9.2706
9.77457 -9.40967 -9.45853
9.29075 -9.61136 -9.37095
8.9895 -9.41575 -9.68625
9.51848 -9.59575 -9.575
9.3695 -9.66666 -9.46394
9.26234 -9.70025 -9.28034
9.31479 -9.6503 -9.31087
9.44624 -9.637 -9.48462
9.64553 -9.72939 -9.47698
9.59605 -9.57637 -9.53749
9.41749 -9.61356 -9.79258
9.44975 -9.63912 -9.58079
9.66886 -9.57231 -9.58828
9.2319 -9.55471 -9.57612
9.42333 -9.47311 -9.7091
9.5346 -9.32179 -9.56443
9.61892 -9.42708 -9.62359
9.51556 -9.38298 -9.47057
9.36814 -9.54741 -9.76565
9.21342 -9.50005 -9.59441
9.41545 -9.34261 -9.49205
9.36936 -9.52413 -9.59709
9.16214 -9.38411 -9.3282
8.84607 -9.47425 -9.41394
9.08798 -9.37561 -9.46989
9.46465 -9.64021 -9.5156
9.60601 -9.51719 -9.67947
9.28293 -9.29603 -9.69784
9.01353 -9.43426 -9.77354
9.31819 -9.39574 -9.71907
9.32561 -9.38023 -9.74753
9.50833 -9.56218 -10.0829
9.33158 -9.41453 -9.93237
9.39583 -9.49895 -9.7748
9.56713 -9.37846 -9.76792
9.08781 -9.43127 -9.72771
9.305 -9.39589 -9.7155
9.28431 -9.21528 -9.88387
9.41774 -9.25098 -9.68341
9.08801 -9.38651 -9.88555
9.46041 -9.41089 -9.97391
9.25258 -9.56915 -9.80907
9.51903 -9.54218 -9.76045
9.49813 -9.61718 -9.62325
9.3566 -9.67467 -9.76347
9.11337 -9.68054 -9.74448
9.34927 -9.82555 -9.69961
9.24702 -9.46594 -9.88756
9.17777 -9.42458 -9.94927
9.26705 -9.49556 -9.84509
9.29693 -9.58761 -9.64596
9.13968 -9.47127 -10.0724
9.32066 -9.63069 -9.68002
9.16952 -9.45468 -9.84324
9.00415 -9.54849 -10.0633
9.21205 -9.47511 -10.2206
9.19947 -9.43386 -10.0176
9.30878 -9.53058 -10.0108
8.89676 -9.59746 -10.0683
9.29751 -9.53946 -9.84236
9.16436 -9.33903 -10.0631
9.05338 -9.48753 -10.0443
9.25711 -9.57383 -9.97669
9.31695 -9.40817 -10.0285
9.34313 -9.50781 -9.75366
9.17621 -9.47172 -9.748
9.19575 -9.41456 -9.59585
9.12922 -9.28626 -9.44582
9.23709 -9.35374 -9.64781
9.38669 -9.2265 -9.57107
9.11873 -9.39993 -9.68442
9.25194 -9.52913 -9.63327
9.36099 -9.52291 -9.73047
9.40724 -9.44087 -9.74453
9.11426 -9.39077 -9.6714
9.47387 -9.45087 -9.89295
9.60236 -9.47726 -9.57658
9.48822 -9.51133 -10.0024
9.37232 -9.52653 -9.70093
9.46783 -9.36983 -9.70141
9.39232 -9.57652 -9.65266
9.3929 -9.71183 -9.73753
9.27879 -9.73289 -9.53575
9.46465 -9.62488 -9.59153
9.53584 -9.44091 -9.72395
9.44801 -9.6134 -9.68936
9.42339 -9.61444 -9.87435
9.61323 -9.64564 -9.96681
9.55556 -9.65471 -9.81553
9.34942 -9.82377 -10.0101
9.42013 -9.6616 -9.83628
9.19638 -9.71653 -9.86746
9.13376 -9.67498 -9.87942
9.50843 -9.61266 -9.79088
9.55651 -9.64628 -9.80506
9.22946 -9.72629 -9.70277
9.14444 -9.72679 -9.71701
9.07853 -9.74527 -9.68411
9.7186 -9.65694 -9.74403
9.54125 -9.56028 -9.62371
9.36377 -9.51998 -9.6675
9.46795 -9.72921 -9.72828
9.37396 -9.71 -9.6571
9.24974 -9.52956 -9.77884
9.44771 -9.46373 -9.83003
9.33661 -9.5369 -9.70756
9.31132 -9.60471 -9.59775
9.1412 -9.48996 -9.82791
9.00748 -9.36758 -10.0842
9.04339 -9.51019 -10.025
9.18478 -9.63332 -9.52671
8.99894 -9.74275 -9.77126
9.07181 -9.73076 -9.51311
9.0821 -9.52564 -9.61057
9.30152 -9.53037 -9.54966
9.35559 -9.53782 -9.61195
9.05363 -9.61455 -9.718
9.36753 -9.40135 -9.76196
9.2385 -9.59917 -9.60935
9.16264 -9.63371 -9.68647
9.13793 -9.66526 -9.67835
9.2507 -9.30525 -9.83931
9.57339 -9.25372 -9.76416
9.65535 -9.2696 -9.82235
9.37115 -9.13391 -9.69466
9.40495 -9.29537 -9.63407
9.0446 -9.13037 -9.79359
9.24306 -9.22328 -9.72471
9.51917 -9.29623 -10.0206
9.34197 -9.28913 -9.68222
9.38865 -9.49369 -9.77636
9.39335 -9.49742 -9.85797
9.36558 -9.47455 -9.99795
9.44564 -9.39467 -9.89404
9.62616 -9.70483 -9.77395
9.56078 -9.61621 -9.89809
9.36683 -9.58506 -9.9031
9.32711 -9.60825 -9.95301
9.23574 -9.64038 -10.0012
9.32811 -9.56672 -10.0841
9.48442 -9.66949 -9.81779
8.91416 -9.5032 -9.94046
9.61474 -9.63126 -9.74406
9.3953 -9.66169 -9.91894
9.29438 -9.82506 -9.80586
9.24475 -9.8198 -9.89467
9.20099 -9.59543 -9.86155
9.33955 -9.5698 -9.72375
8.98035 -9.90353 -9.75601
9.03477 -9.79369 -9.95258
9.15937 -9.78207 -9.73857
9.20469 -9.75065 -9.72455
8.80976 -9.70394 -9.51412
8.81465 -9.66973 -9.70562
8.95662 -9.42595 -9.87835
9.05368 -9.70384 -9.82048
9.036 -9.53362 -9.59918
9.03076 -9.51267 -9.92878
8.68967 -9.29685 -10.0657
8.7105 -9.36802 -9.85763
8.90795 -9.42468 -9.72168
8.72923 -9.32412 -9.80973
8.77152 -9.34791 -9.81958
9.09091 -9.39469 -9.82347
8.86993 -9.28796 -9.81799
9.04814 -9.45095 -9.7485
8.97539 -9.39902 -9.79974
8.71193 -9.15615 -9.80625
8.69752 -9.2568 -9.82179
8.93844 -9.16962 -9.88564
9.24481 -9.23288 -9.90202
8.68245 -9.14586 -10.0884
8.62013 -9.2463 -9.96176
8.85737 -9.28133 -9.85277
8.98219 -9.38187 -9.84473
8.89965 -9.34783 -9.74272
8.97069 -9.21088 -9.79617
8.89142 -9.2735 -9.78319
8.77218 -9.42617 -9.94325
9.06354 -9.3117 -9.79115
8.92902 -9.21445 -9.98893
8.83131 -9.25414 -9.7126
8.98604 -9.41667 -9.91293
8.72468 -9.2756 -9.91947
8.88536 -9.31373 -9.83124
9.01545 -9.38558 -9.63481
8.9348 -9.31321 -9.66475
8.85883 -9.6188 -9.80835
9.03205 -9.37104 -9.84064
8.98991 -9.3948 -9.66825
9.14132 -9.30041 -9.80311
8.973 -9.27096 -9.75545
9.09627 -9.3237 -9.80373
9.12684 -9.39534 -9.64205
9.34024 -9.29858 -9.76333
9.17144 -9.29526 -9.74525
9.38791 -9.51477 -9.64726
9.34182 -9.37706 -9.69681
9.01324 -9.51776 -9.62798
8.954 -9.39253 -9.56093
9.27834 -9.56102 -9.1753
9.22262 -9.51625 -9.37741
9.11224 -9.37612 -9.72638
9.35184 -9.49743 -9.9011
9.17662 -9.38657 -9.55945
9.01196 -9.50319 -9.89184
9.29657 -9.62376 -9.63107
9.35386 -9.47077 -9.74862
9.29064 -9.63407 -9.86616
9.22282 -9.55368 -9.95995
9.02333 -9.54269 -9.97173
9.44108 -9.45001 -9.78766
9.3853 -9.59484 -9.95594
9.41057 -9.67001 -9.81972
9.38458 -9.52147 -9.77469
9.52261 -9.54733 -9.61913
9.35928 -9.50847 -9.63711
9.27112 -9.57727 -9.62417
9.22727 -9.55462 -9.76244
9.38155 -9.69342 -9.58554
9.47747 -9.57655 -9.50702
9.59248 -9.71743 -9.5192
9.30448 -9.6783 -9.21581
9.28892 -9.7003 -9.46133
9.64498 -9.72705 -9.62832
9.35903 -9.64191 -9.56104
9.17706 -9.57835 -9.61447
9.35103 -9.70991 -9.85294
9.20491 -9.68821 -9.74618
9.3376 -9.62237 -9.7381
9.51345 -9.61493 -9.82051
9.4161 -9.81123 -9.94219
9.32507 -9.81308 -9.6712
9.19659 -9.71939 -9.7357
9.18943 -9.67417 -9.83073
9.55721 -9.66672 -9.49234
9.3408 -9.84837 -9.5096
9.39864 -9.71539 -9.59431
9.22686 -9.59718 -9.58478
9.47008 -9.82412 -9.82174
9.18275 -9.61977 -9.42711
9.38672 -9.61152 -9.67117
9.03555 -9.65176 -9.81917
9.37158 -9.77598 -9.94052
9.42095 -9.78919 -9.88269
9.57199 -9.62004 -9.93491
9.2346 -9.8571 -10.084
9.32621 -9.82017 -9.81448
9.27921 -9.83935 -9.66302
9.37295 -9.4732 -9.66732
9.21614 -9.60204 -9.64308
9.15324 -9.6982 -9.75753
9.08679 -9.66581 -9.7643
9.32465 -9.58664 -9.82669
9.05352 -9.76241 -9.91367
8.98315 -9.59728 -9.70199
9.27314 -9.68762 -9.71209
9.349 -9.75726 -9.87522
9.09668 -9.94339 -9.69631
9.42089 -9.94205 -9.60403
9.39529 -10.0333 -9.78189
9.20146 -9.848 -9.65581
9.28101 -9.84018 -9.75463
9.32394 -9.74258 -9.76807
9.1105 -9.63683 -9.83454
9.18089 -9.72805 -9.68201
9.29234 -9.48517 -9.80437
9.35755 -9.70162 -9.64397
9.48776 -9.68482 -9.78669
9.50791 -9.88649 -9.77459
9.55527 -9.87369 -9.90294
