201 100
0.000111048 0.00222122 0.00239731 0.000128038 0.000103346
0.00678048 0.0556201 0.00626073 0.00151239 0.0525297
0.00837941 0.0831532 0.00779583 0.00242599 0.0619602
0.00918707 0.10745 0.00654671 0.00358983 0.0717673
0.0111486 0.142058 0.00673912 0.00464146 0.0865232
0.0112193 0.154101 0.00656288 0.0054452 0.08217
0.0119254 0.157731 0.00736041 0.00593037 0.0981259
0.0129163 0.167971 0.00723883 0.0067462 0.096525
0.0128163 0.178311 0.00688597 0.00689411 0.106225
0.0136677 0.172095 0.00728949 0.00738959 0.114118
0.0145477 0.169844 0.00701936 0.00832316 0.107294
0.0156937 0.172994 0.00703281 0.00928753 0.115419
0.0159239 0.18949 0.00808193 0.00948037 0.119606
0.0158368 0.195279 0.00738537 0.0095353 0.120862
0.0181619 0.200486 0.00793647 0.0110487 0.128575
0.0173702 0.200603 0.00730657 0.0112081 0.117215
0.0186566 0.215 0.00732896 0.0120769 0.127173
0.0192358 0.216042 0.00810357 0.0124796 0.130563
0.0194196 0.227153 0.00799695 0.0126839 0.128249
0.0193256 0.214087 0.00816103 0.012657 0.129262
0.0211222 0.223966 0.00834793 0.0141897 0.145137
0.021092 0.235676 0.0081081 0.0141203 0.142186
0.0209272 0.237532 0.00814289 0.0142907 0.139988
0.0206954 0.25153 0.00764053 0.0142364 0.133962
0.021046 0.264318 0.00768783 0.0144495 0.140082
0.0211409 0.269101 0.00770711 0.0144076 0.150571
0.0212877 0.265927 0.00807164 0.0144578 0.147285
0.0216729 0.273436 0.00804077 0.0149155 0.138239
0.0230177 0.269572 0.00754783 0.0161083 0.144919
0.0225526 0.269324 0.00830913 0.0161522 0.147738
0.0239458 0.273187 0.00813102 0.0175596 0.150773
0.0230011 0.267815 0.00750995 0.0170678 0.152865
0.0240144 0.307979 0.00786825 0.0179467 0.153394
0.0240517 0.2969 0.00736901 0.0180441 0.147253
0.0236772 0.286855 0.0072656 0.0180771 0.143205
0.0239877 0.300906 0.00806641 0.0183766 0.138844
0.0236965 0.256165 0.00783102 0.0182357 0.142127
0.0234429 0.262909 0.00834269 0.0184903 0.132085
0.0236532 0.309973 0.00717157 0.0186441 0.131542
0.0247511 0.319719 0.00802714 0.0196633 0.13854
0.0251896 0.280473 0.0073206 0.0198825 0.149341
0.0253162 0.324708 0.00739762 0.019863 0.153062
0.0255734 0.319147 0.00724138 0.0198413 0.156515
0.0255901 0.344471 0.00742555 0.0199258 0.159555
0.025588 0.320727 0.00794965 0.0203197 0.154831
0.026709 0.328166 0.00738468 0.0214169 0.162687
0.026754 0.349259 0.00775336 0.0216388 0.157928
0.0267715 0.342435 0.00783614 0.0217547 0.152767
0.0273508 0.362993 0.00807594 0.0224302 0.139496
0.0275021 0.353334 0.00738055 0.0224712 0.15748
0.0290083 0.35275 0.00805603 0.0239959 0.155714
0.0289504 0.385404 0.00801871 0.0239412 0.158682
0.0285146 0.354109 0.00882105 0.0236383 0.157613
0.0282419 0.365631 0.0086779 0.0234844 0.159366
0.0277713 0.386216 0.00767288 0.0233922 0.134958
0.0285522 0.379838 0.00720047 0.0239538 0.151304
0.0293962 0.383686 0.00826104 0.0248352 0.147083
0.0288799 0.398009 0.00742845 0.0244555 0.146495
0.0292107 0.370672 0.00781564 0.0248542 0.150966
0.0299928 0.402271 0.00824307 0.0257462 0.145165
0.0299498 0.34811 0.00769425 0.0256829 0.1404
0.0308784 0.391641 0.00898991 0.026645 0.147629
0.0303135 0.38131 0.00841501 0.0262441 0.141292
0.0308035 0.396557 0.00786026 0.0267138 0.146533
0.0312148 0.403117 0.00797929 0.0271332 0.14719
0.031336 0.400354 0.00882246 0.0271204 0.148936
0.0312142 0.399126 0.00746806 0.0270254 0.155659
0.0309192 0.420795 0.00833017 0.0267106 0.150188
0.0312959 0.392518 0.00854334 0.0270975 0.150949
0.030487 0.393623 0.00804539 0.0264968 0.149987
0.0308142 0.376636 0.00827066 0.0269183 0.143399
0.0309356 0.408545 0.00792523 0.0271408 0.142781
0.0297579 0.408055 0.00798833 0.0258363 0.149537
0.0314707 0.423315 0.00888236 0.027519 0.143753
0.030301 0.408772 0.00820128 0.0263304 0.147265
0.0313346 0.427166 0.00849465 0.0275238 0.132796
0.0300626 0.431607 0.00785353 0.0263464 0.138389
0.0301941 0.406345 0.00826131 0.026334 0.145737
0.0308181 0.425634 0.00839666 0.0270449 0.143754
0.0310619 0.402288 0.00910345 0.0271991 0.146546
0.0303012 0.436466 0.00823395 0.0263973 0.15065
0.0305684 0.427978 0.00845442 0.026827 0.148615
0.0310564 0.423847 0.00915706 0.027282 0.142038
0.0326956 0.407169 0.00881123 0.0287498 0.14811
0.0321263 0.449996 0.008 0.0284772 0.136213
0.0329735 0.444769 0.00819801 0.0293891 0.13943
0.0327351 0.395943 0.00793417 0.0290559 0.145625
0.0323998 0.426228 0.00884094 0.0288195 0.133642
0.0324079 0.417673 0.00880303 0.0289845 0.138085
0.0323497 0.42092 0.00881272 0.0291236 0.124517
0.0334922 0.432026 0.00793446 0.0300145 0.129102
0.0333278 0.457803 0.00838394 0.0296124 0.146089
0.0327741 0.446229 0.00821334 0.0292143 0.142118
0.0337978 0.44936 0.00864213 0.0303499 0.140333
0.0336276 0.453245 0.00887314 0.03032 0.133389
0.0341796 0.437509 0.00799918 0.0308679 0.129236
0.0337747 0.467732 0.00976913 0.0303812 0.140181
0.0326863 0.479356 0.0079682 0.0295946 0.133379
0.0331947 0.450294 0.00793041 0.0303141 0.120172
0.0337253 0.466151 0.0076294 0.0306813 0.122477
0.032764 0.441937 0.00774768 0.0297447 0.131479
0.0331174 0.446544 0.0089741 0.0300394 0.129677
0.0343123 0.464263 0.00819853 0.0313336 0.135533
0.0336087 0.46341 0.00828536 0.0305259 0.126829
0.0333746 0.472901 0.00877773 0.0302285 0.134583
0.0327859 0.476363 0.00901802 0.0297311 0.133332
0.0332135 0.468842 0.00813278 0.0301536 0.134347
0.0330694 0.489619 0.00866623 0.0301666 0.125861
0.0334783 0.476328 0.00838074 0.0304589 0.136851
0.0344277 0.495772 0.00797886 0.0313938 0.135398
0.0346052 0.457041 0.0081191 0.0315746 0.129311
0.0332022 0.452522 0.00824546 0.0302891 0.128237
0.0335081 0.476938 0.00863075 0.0306318 0.130034
0.0340092 0.489358 0.00906254 0.0310691 0.128528
0.0344503 0.498477 0.0081047 0.0314058 0.139351
0.0345519 0.461972 0.00876438 0.0316564 0.12938
0.0338527 0.477165 0.00890713 0.030838 0.137783
0.0327101 0.479543 0.00821596 0.0298499 0.12885
0.0345605 0.49383 0.00843708 0.0315269 0.141217
0.0347415 0.466113 0.00829881 0.031731 0.138832
0.036274 0.49735 0.00795906 0.0332174 0.133684
0.0362014 0.469862 0.00774434 0.0330825 0.142833
0.0364549 0.42196 0.0087553 0.0332891 0.139554
0.0353609 0.462373 0.00897769 0.0322529 0.134317
0.0347491 0.476343 0.0084475 0.0316661 0.132915
0.0355511 0.508291 0.00909415 0.0323857 0.140853
0.0374519 0.474201 0.00936118 0.0342955 0.139194
0.0366667 0.504088 0.00858797 0.0336138 0.137101
0.0378257 0.512194 0.00796762 0.0346361 0.13822
0.0368581 0.466524 0.00927039 0.0336032 0.137455
0.0374775 0.498403 0.00885383 0.0341548 0.138334
0.0361165 0.511885 0.00857012 0.0327615 0.145697
0.0370874 0.500272 0.00863426 0.0336501 0.145772
0.0372621 0.450527 0.00884821 0.0337999 0.155093
0.0362463 0.508471 0.00827362 0.0328685 0.137083
0.036481 0.439274 0.0085399 0.0330494 0.149447
0.0359604 0.459046 0.00812393 0.0326428 0.149917
0.0368515 0.489071 0.00919452 0.0335399 0.144959
0.0366556 0.462675 0.00882217 0.0332222 0.154732
0.0375737 0.509609 0.00844281 0.0341298 0.162044
0.0368257 0.495954 0.00861521 0.0333315 0.156153
0.0380088 0.502563 0.00782853 0.034423 0.165489
0.0386256 0.498975 0.00833316 0.0348113 0.165897
0.038056 0.483718 0.00825456 0.0344474 0.160148
0.0382531 0.526693 0.00832257 0.0347426 0.166952
0.0379711 0.511984 0.00887973 0.0345827 0.152897
0.036971 0.477533 0.00878991 0.0336156 0.156605
0.037183 0.497786 0.00911972 0.0336027 0.160645
0.0371266 0.514148 0.0089117 0.033603 0.170321
0.0370152 0.506944 0.00811035 0.0337718 0.151744
0.0370889 0.480147 0.00854428 0.0337227 0.151761
0.0376767 0.479979 0.00857833 0.0341861 0.169367
0.0375869 0.495065 0.00882403 0.0342519 0.16259
0.0377221 0.526559 0.0096605 0.0344068 0.15477
0.0371535 0.502439 0.00832974 0.033834 0.159978
0.0374376 0.546371 0.00878967 0.0342086 0.153791
0.0376101 0.508478 0.00896172 0.0342926 0.160416
0.039012 0.51982 0.0085275 0.0358422 0.154109
0.0384757 0.518699 0.00895675 0.0352643 0.156357
0.0380031 0.485082 0.00866125 0.0348512 0.157662
0.0382796 0.53266 0.00859311 0.0353556 0.14223
0.0387703 0.522702 0.00824516 0.0358298 0.137419
0.0381263 0.504405 0.00862521 0.0352375 0.13876
0.0384238 0.505598 0.00925626 0.0355131 0.148873
0.0373675 0.523443 0.0086666 0.0343191 0.149632
0.0373926 0.52938 0.00904263 0.034388 0.146625
0.0373074 0.517893 0.0095744 0.0341177 0.157901
0.0381634 0.525121 0.00837993 0.0349159 0.150282
0.0380781 0.504681 0.00913338 0.0348176 0.161858
0.0375438 0.526423 0.00909841 0.0344384 0.157268
0.0375159 0.524493 0.00814618 0.0346014 0.150157
0.0386313 0.539381 0.00889074 0.0357438 0.152031
0.0387856 0.531537 0.00863381 0.0358683 0.154844
0.0382185 0.506723 0.00856462 0.0353708 0.151348
0.038193 0.531564 0.00920296 0.0353606 0.141479
0.039438 0.497574 0.0087881 0.0365326 0.149691
0.0381849 0.533314 0.00817485 0.0353214 0.139747
0.0375742 0.510479 0.00808239 0.0347724 0.143427
0.0375335 0.514912 0.00898227 0.0348853 0.140303
0.03742 0.5443 0.00841934 0.0346749 0.143083
0.0380748 0.509401 0.00855109 0.0353028 0.142829
0.0387669 0.558486 0.00849291 0.0359824 0.145224
0.0381223 0.516786 0.0083633 0.0354267 0.139799
0.0370151 0.537789 0.00829842 0.0342307 0.145656
0.0360744 0.486427 0.00875303 0.0332409 0.147138
0.0369206 0.540677 0.00835607 0.0340555 0.143125
0.0370213 0.54077 0.00822252 0.0340556 0.153437
0.0374614 0.483347 0.00819741 0.03438 0.154663
0.037776 0.538342 0.00855627 0.0347404 0.152292
0.0389179 0.533342 0.00868738 0.0358335 0.156072
0.0381643 0.534811 0.00904879 0.0350954 0.164786
0.0399983 0.5132 0.00914365 0.0369099 0.16133
0.0392888 0.519904 0.00801494 0.0360925 0.168885
0.0409936 0.537927 0.00797395 0.0377724 0.168467
0.039254 0.539513 0.00770423 0.0361521 0.17216
0.0393501 0.510599 0.00815326 0.0364406 0.157478
0.0387351 0.548887 0.00792652 0.0359993 0.155582
0.0384957 0.534554 0.00909538 0.0357368 0.161765
0.0392229 0.545269 0.00916552 0.0364453 0.150378
0.0392484 0.547093 0.00865222 0.0362108 0.166543
0.0402835 0.540484 0.00830388 0.0373669 0.159808
