201 100 10
2.12872 2.05373 1.73739 2.10273 2.45203 2.07496 1.97614 2.10382 2.36035 1.82927 1.54933 2.35128 
9.88935 -9.63943 -10.5435 -9.75906 -9.95476 -8.67866 -9.70952 -10.6714 -11.0249 -7.88454 -10.0413 -8.22361 
9.63729 -9.74744 -10.3793 -10.6177 -9.66952 -9.53386 -9.3214 -10.0315 -9.51163 -9.46603 -10.0115 -8.83922 
9.76348 -9.63817 -8.57252 -10.3755 -9.31531 -9.86575 -9.41027 -10.5356 -9.62042 -9.97387 -8.9204 -9.75082 
9.87295 -9.49834 -9.04703 -8.93818 -9.61354 -9.33053 -9.12765 -9.14171 -9.82978 -10.4193 -9.78195 -9.88475 
10.1816 -9.63182 -8.44678 -9.67221 -9.15992 -9.86054 -8.76252 -9.45088 -8.26694 -11.6298 -10.3029 -11.0574 
9.85911 -9.76763 -9.1578 -9.29337 -9.11997 -10.627 -9.82122 -9.13459 -10.483 -11.0809 -9.38302 -9.72792 
9.76096 -9.50519 -9.09139 -9.34497 -9.51803 -9.72454 -9.69069 -9.83766 -10.0807 -10.6421 -8.78004 -8.17121 
9.96978 -9.63641 -8.99453 -10.6878 -9.44034 -10.0372 -10.0168 -9.92804 -8.70843 -10.7844 -8.17033 -9.60627 
10.0112 -9.78026 -8.98729 -10.6975 -9.57647 -10.8384 -9.90384 -9.83086 -8.96828 -11.1641 -8.09272 -9.78776 
9.89317 -9.53298 -8.52396 -11.2121 -10.0483 -10.8083 -8.29958 -9.38561 -9.3036 -10.7428 -7.59966 -9.59657 
9.80247 -9.57382 -8.47107 -10.325 -8.80321 -11.1046 -8.21359 -9.94319 -9.20419 -10.6433 -8.43973 -10.8915 
10.0197 -10.0983 -10.2318 -10.2231 -9.05966 -11.0647 -9.62681 -10.2928 -9.71586 -11.295 -9.03059 -10.5989 
10.1864 -10.1255 -10.8755 -9.91375 -9.97754 -11.285 -9.86218 -10.0117 -9.07313 -11.4334 -9.0339 -9.84317 
10.0327 -9.9407 -11.7719 -10.0831 -9.10495 -10.9848 -10.0595 -8.42829 -9.68436 -10.5255 -9.58679 -9.46428 
9.80862 -9.74238 -10.5551 -9.29845 -9.30627 -10.1453 -9.72623 -9.07306 -9.91697 -9.86028 -9.5503 -10.0652 
9.91625 -9.72884 -9.61124 -9.70255 -9.03399 -11.0926 -9.86 -8.8608 -9.69679 -8.93174 -9.86902 -10.5657 
9.712 -9.46839 -9.39089 -8.9996 -8.89371 -10.8459 -9.99214 -8.78729 -10.1455 -8.68453 -9.74769 -9.14862 
10.3666 -9.2865 -8.87752 -9.73422 -8.2777 -10.7046 -9.56846 -8.89753 -9.48125 -8.77889 -9.71526 -8.96019 
9.79897 -9.06554 -9.41744 -9.51239 -8.16089 -9.84744 -8.4974 -8.73752 -9.06513 -9.82737 -9.3927 -8.1344 
9.56275 -9.41418 -10.6318 -9.69979 -8.37691 -10.2184 -8.79953 -8.98555 -9.18373 -9.74702 -9.35443 -9.19854 
9.77227 -9.37465 -10.7567 -9.12176 -8.67755 -10.169 -8.15633 -8.91022 -8.94344 -10.2986 -8.91677 -9.62647 
10.1794 -9.27594 -10.389 -9.83767 -8.38236 -9.94143 -8.39918 -7.35413 -9.01096 -10.3446 -9.20193 -9.71918 
10.3577 -9.42643 -9.67651 -10.3719 -8.95617 -9.56174 -9.03786 -8.992 -9.12497 -10.2945 -8.88687 -9.45973 
10.3104 -9.31852 -9.21507 -9.6489 -8.91022 -9.6853 -8.60306 -9.63042 -8.64047 -10.3684 -8.7628 -9.7831 
10.0038 -9.2855 -9.33259 -9.07799 -8.75994 -9.66115 -9.02876 -9.1613 -8.80961 -10.3054 -9.08887 -9.4895 
10.0016 -9.24813 -8.66283 -9.55643 -8.47892 -9.10906 -8.99519 -9.0436 -9.57709 -10.4954 -8.92559 -9.59307 
9.90485 -9.30372 -8.93733 -9.89366 -8.48475 -9.57337 -9.25372 -8.11081 -9.45466 -10.5742 -9.08468 -9.41527 
9.7743 -9.22602 -9.22868 -9.87416 -8.12092 -9.47419 -8.81589 -8.73206 -9.54352 -9.76342 -9.16452 -9.39064 
9.60979 -9.30195 -9.41481 -9.88496 -8.89827 -8.70055 -9.14431 -8.8964 -9.94292 -10.0553 -8.89243 -9.24391 
9.99637 -9.30795 -8.75388 -9.91176 -8.94707 -9.68456 -9.58145 -8.57214 -10.1746 -9.77317 -8.78644 -8.85437 
9.79114 -9.46223 -9.51673 -10.0502 -9.02451 -10.0728 -9.00836 -8.96445 -10.0865 -9.30357 -8.84785 -9.63609 
10.0133 -9.35679 -9.46022 -9.69538 -9.13239 -9.8505 -9.33616 -8.88563 -9.80422 -9.15547 -8.61402 -9.63812 
10.2581 -9.44307 -9.03075 -9.77424 -9.24195 -9.76006 -9.94741 -9.46796 -9.98462 -10.0432 -7.88064 -9.50239 
9.70927 -9.33096 -9.73423 -9.37645 -9.15958 -9.79182 -9.96666 -9.45046 -9.3229 -8.893 -8.41583 -9.27611 
9.73581 -9.54706 -9.85176 -9.47425 -9.53157 -10.0693 -9.83761 -10.3766 -9.82421 -8.72062 -8.68795 -9.24533 
10.0038 -9.41349 -9.7802 -9.42439 -9.72076 -10.1764 -10.211 -9.51998 -9.87848 -8.67925 -7.81476 -8.97439 
10.0378 -9.18147 -8.99559 -9.15198 -9.49341 -9.40944 -10.0506 -10.45 -8.98655 -8.98181 -7.73682 -8.84411 
10.2604 -9.30732 -9.27954 -8.88333 -9.29381 -9.34484 -9.26008 -11.2664 -9.36138 -9.48303 -7.7818 -8.74154 
9.99846 -9.09792 -9.18509 -9.33371 -9.17907 -8.76409 -8.86096 -10.8672 -9.23048 -9.33364 -8.15824 -8.22412 
10.0274 -9.12737 -8.97881 -9.28187 -9.91153 -9.27596 -8.24473 -11.7622 -8.72765 -9.7579 -8.14886 -7.65217 
10.3173 -9.464 -9.06944 -9.60191 -10.0463 -10.1231 -8.93192 -11.6489 -9.22524 -10.0307 -8.0939 -7.77749 
9.88185 -9.35244 -9.09937 -9.86812 -9.34822 -10.4685 -8.92669 -10.9919 -9.03153 -9.6557 -7.96895 -8.22465 
9.79126 -9.36051 -9.16254 -8.87148 -8.61111 -10.0095 -9.00408 -10.7844 -10.0142 -9.87075 -8.07335 -9.0523 
9.86089 -9.18847 -9.64011 -9.17817 -9.2091 -9.28789 -7.87322 -9.81917 -9.43093 -10.2406 -8.21612 -8.9724 
9.7445 -9.27727 -9.75229 -9.19093 -8.86625 -9.7555 -9.00825 -9.46698 -8.99782 -10.2436 -8.4535 -8.98569 
9.5689 -9.3762 -9.45966 -9.69635 -9.14025 -9.68664 -8.36723 -9.51737 -9.40787 -10.7633 -9.16464 -8.60528 
9.75606 -9.32792 -8.53742 -10.312 -8.73866 -9.84428 -8.99313 -9.8948 -9.3672 -10.0549 -8.98289 -8.79919 
10.1558 -9.29391 -8.88417 -10.0665 -8.52635 -9.79473 -8.90627 -9.42052 -9.01497 -9.86658 -9.53518 -8.88947 
9.78597 -9.41903 -8.6371 -9.27772 -9.3085 -9.84235 -9.15774 -9.9868 -9.27378 -10.0676 -9.56468 -8.96024 
10.0042 -9.63306 -9.08434 -9.05072 -10.2325 -9.35107 -9.94485 -9.8548 -9.81538 -10.4488 -9.32683 -9.20616 
10.3049 -9.23086 -8.32636 -8.82414 -9.39403 -8.98806 -10.2487 -10.0508 -9.68658 -9.46252 -8.64117 -8.75853 
10.1235 -9.28578 -9.1585 -9.00128 -9.39394 -8.82356 -10.5772 -10.0217 -9.79812 -9.67712 -7.97553 -8.63468 
10.4282 -8.9233 -8.53852 -9.45819 -8.53198 -8.22545 -10.3473 -9.39045 -9.81904 -9.12646 -7.79083 -7.91992 
9.95214 -8.84095 -8.82174 -9.31108 -8.40329 -8.36636 -9.97089 -8.91308 -9.65587 -9.2459 -7.62272 -8.22111 
10.21 -8.79323 -8.75219 -8.62703 -8.64294 -8.31154 -9.87179 -8.83958 -9.96601 -9.03461 -7.98925 -8.1392 
10.2183 -8.85252 -8.58885 -9.12469 -8.75068 -8.56705 -9.93049 -8.73626 -9.79405 -8.5157 -8.26303 -8.29808 
10.1547 -8.83823 -9.40178 -8.90389 -8.61666 -8.58717 -9.00431 -8.96633 -9.79193 -8.57187 -8.15079 -8.34904 
10.2667 -8.84319 -9.67036 -9.10738 -8.9168 -8.55289 -8.29304 -8.2532 -9.81089 -9.18961 -8.22066 -8.29417 
10.3397 -8.81693 -9.78094 -7.13854 -8.89827 -8.38108 -9.0594 -8.87877 -9.86066 -9.64608 -8.29332 -8.34074 
10.4869 -9.10461 -10.0968 -8.74106 -8.69271 -8.35594 -9.80002 -8.90446 -9.78989 -10.1007 -8.2004 -8.32688 
10.2476 -8.84914 -10.2235 -7.89158 -8.59021 -8.32062 -10.0786 -7.94871 -9.31906 -9.76961 -8.38263 -8.13285 
10.2196 -9.11644 -10.5689 -8.84709 -8.47859 -8.65513 -9.78173 -8.64163 -9.57851 -10.2807 -8.0453 -8.42894 
10.7009 -8.33448 -9.8903 -8.29101 -7.72637 -8.06469 -9.41818 -7.84679 -8.15401 -9.05447 -6.95723 -7.80507 
10.3473 -8.50394 -9.88564 -8.02596 -7.86234 -7.95528 -9.47705 -8.49096 -8.44319 -9.83853 -7.17346 -8.02334 
10.0647 -8.52408 -9.40597 -8.47373 -7.9639 -8.0898 -9.6705 -8.35561 -7.98181 -10.0737 -7.10502 -8.3178 
10.2804 -8.55588 -9.76125 -8.25358 -7.74336 -7.96122 -9.2539 -8.55009 -7.9537 -9.55235 -6.95348 -9.51652 
10.0433 -8.52555 -9.58084 -8.73243 -7.92941 -8.2615 -9.43948 -8.33644 -7.83456 -9.49109 -6.7762 -8.62216 
9.93469 -8.53441 -9.66299 -9.03604 -7.79565 -7.88619 -9.51752 -8.12617 -7.98485 -9.3775 -7.215 -8.65961 
10.1749 -8.61032 -9.57614 -9.69677 -7.76113 -7.65671 -9.77581 -8.30909 -7.98583 -9.43969 -7.16422 -8.78193 
9.97691 -8.65144 -9.86569 -9.24929 -7.99783 -7.84227 -9.31089 -8.49338 -7.98269 -9.27751 -7.48194 -8.88578 
10.1368 -8.63588 -9.65562 -8.99152 -8.29504 -8.03931 -9.7625 -8.46999 -8.00594 -9.15589 -7.2113 -8.84924 
10.5364 -8.43076 -9.78631 -8.94151 -7.61929 -8.27772 -8.73043 -7.49778 -8.00594 -9.14826 -7.4387 -8.84344 
10.2152 -8.58171 -9.85281 -9.3834 -8.59692 -8.23835 -8.89023 -7.86638 -7.89505 -9.26014 -7.79435 -8.34216 
10.3301 -8.70686 -9.34199 -10.3298 -8.01656 -8.12646 -9.31719 -8.42664 -7.90448 -9.35111 -7.93335 -8.53838 
10.0674 -8.8558 -9.74502 -9.99254 -8.12171 -8.3593 -9.3879 -8.42763 -7.98051 -9.36839 -8.00274 -8.92374 
10.0185 -8.87182 -9.70824 -9.76456 -8.30117 -8.25502 -9.84936 -8.17849 -7.98386 -9.24823 -8.12787 -9.20839 
10.2126 -8.94989 -9.86475 -10.0922 -8.19302 -8.81717 -9.73691 -8.39786 -7.89668 -9.42594 -7.7298 -9.44758 
10.3375 -8.8158 -9.04085 -9.90183 -8.31276 -8.89165 -9.68367 -8.29155 -7.98807 -9.2503 -7.68574 -9.29203 
10.2418 -8.66473 -8.15264 -9.57438 -8.13319 -9.11232 -10.1219 -7.82077 -7.77217 -8.73976 -7.5715 -9.53369 
9.95953 -8.68668 -8.09964 -9.33322 -8.09692 -9.05351 -9.56802 -8.23725 -7.7038 -9.21904 -7.81403 -9.53634 
9.93849 -8.73073 -8.36057 -9.1084 -8.45341 -9.64655 -9.29578 -8.08071 -7.74656 -9.00144 -7.99632 -9.58264 
9.92821 -8.73351 -8.33139 -9.54159 -8.28468 -9.8338 -9.49146 -8.33409 -7.76935 -8.58728 -7.98187 -9.02707 
9.98795 -8.77998 -8.25196 -8.71216 -8.89442 -9.81026 -9.48078 -8.95185 -7.68993 -8.61145 -8.00761 -9.46764 
10.1925 -8.92357 -8.33026 -9.43334 -8.94736 -9.79761 -9.77148 -8.70977 -7.59686 -9.23788 -7.91789 -9.55298 
10.0224 -8.92505 -8.21668 -9.98844 -9.09615 -9.36899 -9.48213 -8.80329 -7.83963 -9.25069 -7.68054 -9.50211 
10.3654 -8.93437 -9.06124 -8.81124 -8.90759 -9.59888 -9.64185 -8.95196 -7.94563 -9.15489 -7.83758 -9.50158 
10.3323 -8.90675 -9.04119 -8.50619 -8.79022 -9.51666 -9.70873 -9.11928 -7.63379 -9.36931 -7.88286 -9.47588 
9.69237 -9.00363 -8.98298 -9.19241 -8.61774 -9.90318 -9.79219 -9.2423 -7.85086 -9.16615 -7.94934 -9.50488 
9.55526 -9.18031 -8.93958 -9.67103 -8.85459 -8.98674 -10.0252 -9.08496 -8.34326 -10.2445 -7.84966 -9.88052 
9.56953 -9.13855 -8.90249 -10.1172 -8.84174 -8.22403 -10.361 -8.87858 -8.30484 -9.69545 -8.06382 -9.84048 
9.48171 -9.2406 -8.98641 -9.5669 -8.8205 -8.52567 -11.267 -9.17402 -8.57055 -9.20354 -7.76233 -10.4197 
9.29637 -9.40161 -9.11868 -9.35601 -8.85933 -8.30895 -12.0372 -9.15584 -9.68058 -9.50242 -7.79927 -10.0517 
9.50003 -9.27579 -9.03719 -9.61943 -8.46497 -8.845 -10.9775 -8.79794 -9.93794 -9.72272 -7.83044 -9.72539 
9.60996 -9.09704 -9.13279 -10.026 -8.43747 -9.3484 -9.35767 -9.11045 -9.86954 -9.34077 -7.71703 -8.55385 
10.0109 -9.10704 -9.28426 -9.97197 -7.96005 -9.91082 -9.22286 -9.0006 -9.7083 -10.235 -7.4667 -8.53132 
10.3991 -9.07403 -9.32303 -9.73927 -8.33902 -9.69537 -8.61695 -9.01524 -9.31329 -10.272 -7.01604 -9.40364 
9.96776 -9.12515 -9.45292 -9.53722 -8.27721 -10.1863 -8.82687 -9.03337 -8.799 -10.1932 -7.45895 -9.48217 
9.76226 -9.07332 -9.52964 -9.24157 -8.26801 -10.0354 -9.00938 -8.9173 -8.48793 -10.5425 -7.36052 -9.4766 
9.83865 -9.20272 -9.51909 -9.43026 -8.97203 -9.36109 -8.87855 -8.67371 -9.05236 -10.3411 -7.66574 -9.85028 
9.82338 -9.20469 -9.57941 -9.05739 -8.98212 -9.78151 -9.07662 -8.91312 -10.2386 -9.37248 -7.90511 -9.22248 
9.86487 -9.1512 -9.60923 -9.5866 -8.83368 -9.83249 -8.78603 -8.87754 -10.0555 -9.2637 -7.96984 -8.48777 
9.55013 -9.05098 -9.7643 -8.90737 -8.95803 -9.67349 -8.78684 -8.78228 -9.65936 -9.16017 -7.96369 -8.84442 
9.46125 -8.90003 -9.60543 -9.14985 -8.35648 -9.61108 -8.56458 -8.97935 -8.95441 -9.27194 -7.9606 -8.56953 
9.39122 -8.86154 -9.65413 -8.15197 -9.0031 -9.31974 -8.17351 -9.31715 -9.04263 -9.47519 -7.97302 -8.61692 
9.4574 -8.81185 -9.49794 -8.19309 -8.28324 -9.64814 -8.35604 -9.50825 -9.06724 -8.98872 -7.67889 -8.81584 
9.76757 -8.97918 -10.1486 -8.32392 -8.15515 -9.74741 -8.68819 -10.0136 -9.48045 -8.57785 -8.03227 -8.42617 
9.92507 -9.01276 -10.284 -7.59588 -8.47446 -9.83144 -8.94572 -9.4327 -9.73345 -9.26111 -7.51738 -9.1346 
9.96268 -9.12292 -10.1001 -7.93547 -8.89063 -9.82968 -8.88057 -10.0574 -9.02591 -9.48809 -7.90767 -9.14276 
9.90032 -8.92912 -9.84344 -7.87537 -8.98964 -9.65698 -8.79942 -8.9195 -9.06927 -9.11641 -7.95478 -9.25132 
9.764 -8.79481 -9.75363 -7.69887 -9.06303 -8.85085 -8.55902 -8.9718 -8.89268 -8.54854 -7.92404 -9.55986 
9.8046 -8.82885 -9.9315 -7.65865 -8.53398 -9.17991 -8.65882 -9.64592 -8.64578 -8.84499 -7.91977 -9.36342 
9.75356 -8.92849 -9.67505 -8.39151 -9.19145 -9.18182 -8.93015 -9.13646 -9.06913 -8.78061 -7.70983 -9.36872 
9.82136 -8.90707 -9.93009 -8.6482 -9.11111 -9.42921 -9.02163 -9.52282 -8.3429 -8.36463 -7.8426 -8.89176 
9.66241 -8.9699 -9.55292 -8.60566 -8.42218 -9.64629 -8.79324 -10.7925 -8.55071 -8.14268 -7.48403 -9.53915 
9.54468 -8.90347 -9.75514 -8.32617 -8.69468 -9.22366 -8.96773 -10.2219 -8.11044 -9.30642 -7.60907 -8.83636 
9.87758 -8.9909 -10.1432 -8.53369 -9.4525 -9.29657 -8.78716 -10.2627 -8.35381 -8.49115 -7.83488 -8.99583 
9.6067 -9.07298 -10.083 -8.50593 -8.99287 -9.48152 -8.85863 -10.2365 -9.16097 -8.80541 -8.06444 -8.6401 
9.82328 -8.83622 -9.93568 -8.02213 -8.86842 -8.92628 -9.12313 -9.9953 -7.47264 -9.45802 -7.97477 -8.45769 
9.48447 -8.65691 -9.82902 -8.22719 -8.30705 -9.177 -8.67415 -8.85263 -7.76797 -9.49783 -7.98481 -8.31337 
9.33552 -8.6467 -8.61151 -8.48041 -8.40163 -9.2107 -9.0771 -9.47331 -7.78123 -9.38233 -7.9602 -8.07699 
9.46292 -8.92611 -8.98483 -8.78672 -9.01076 -9.73167 -8.62987 -9.05672 -7.8486 -9.26987 -9.16171 -8.64454 
9.43475 -8.95421 -9.94539 -8.79626 -8.59656 -10.1493 -9.03839 -9.09381 -7.06192 -8.95815 -8.95463 -9.05424 
9.59904 -8.65235 -9.554 -8.37607 -8.39144 -9.81225 -8.67863 -9.17781 -7.33505 -8.66707 -8.31978 -8.26738 
9.77275 -8.73036 -9.54304 -7.9886 -9.18336 -9.0141 -8.55199 -8.62644 -7.22702 -9.33633 -9.1865 -8.73674 
9.57308 -8.79526 -9.50554 -8.42672 -8.93119 -9.53294 -8.42815 -8.38393 -7.13821 -9.48152 -9.07003 -9.16464 
9.48119 -8.79939 -9.70575 -8.10685 -9.26975 -9.05595 -8.13913 -7.95286 -7.2421 -9.41151 -9.31638 -9.59663 
9.46748 -8.74643 -9.81181 -7.85701 -8.65696 -8.74712 -8.50842 -8.26541 -6.90231 -8.99653 -9.51805 -9.90176 
9.83995 -8.70373 -9.79426 -7.66783 -8.54738 -9.63575 -7.94844 -8.04774 -7.43166 -9.11113 -9.18813 -9.57752 
9.83861 -8.67702 -9.77289 -7.96247 -8.76726 -8.79681 -7.9131 -8.3946 -7.1922 -9.01622 -8.93894 -9.94132 
9.98741 -8.6749 -9.73971 -8.30355 -8.07145 -9.33264 -8.05348 -8.40871 -7.13186 -8.71518 -9.22235 -9.82132 
9.88638 -8.6052 -9.74867 -8.36862 -8.27066 -9.16978 -8.00271 -7.84655 -6.47615 -8.84034 -9.15687 -9.95451 
9.87139 -8.54824 -9.70862 -8.40013 -8.23451 -8.31651 -8.1934 -8.20993 -7.09443 -8.80151 -8.9554 -9.65098 
9.69337 -8.56301 -9.35633 -8.19204 -7.89947 -9.66073 -7.75695 -8.05248 -7.24217 -8.41276 -9.0365 -9.89733 
9.74001 -8.45621 -8.51352 -8.45123 -7.5845 -9.71481 -8.16898 -8.06665 -6.79103 -8.63931 -9.24246 -9.5393 
9.6689 -8.4253 -8.9739 -8.19838 -7.54314 -9.35937 -8.15497 -7.99514 -7.22649 -8.13656 -9.08491 -9.92946 
9.82493 -8.23284 -8.97004 -8.20872 -7.78095 -8.71671 -8.2554 -8.20873 -6.932 -8.15619 -8.50754 -8.71455 
9.63866 -8.18168 -8.78864 -8.28056 -7.15945 -8.98127 -8.72224 -8.27108 -7.0591 -7.86676 -8.44545 -8.26051 
9.62179 -8.406 -8.18206 -8.67871 -6.97679 -9.88167 -8.96824 -8.28888 -6.9492 -7.70884 -9.17383 -8.92075 
9.80398 -8.2657 -8.51362 -8.62615 -6.47879 -9.35232 -8.68436 -8.289 -6.94304 -8.04346 -9.02133 -8.70862 
9.95627 -8.32474 -8.15358 -8.31783 -6.70549 -9.58133 -9.31312 -8.14451 -7.059 -8.47625 -8.6844 -8.75559 
9.61548 -8.22132 -8.37696 -8.29923 -6.87083 -8.60552 -9.17966 -8.30322 -6.95039 -7.7028 -9.68189 -8.31053 
9.96281 -8.31431 -7.88085 -8.49873 -7.17734 -8.54819 -9.44424 -8.03567 -7.05411 -8.54594 -9.624 -8.20621 
9.41316 -8.26741 -8.15591 -8.44689 -7.13223 -8.55285 -9.30701 -7.7672 -7.06169 -8.6028 -9.08043 -8.56469 
9.72825 -8.33462 -7.98102 -8.63484 -7.0078 -8.70652 -9.69795 -8.23461 -7.01803 -8.60155 -9.17626 -8.19546 
9.75372 -8.32214 -8.04326 -8.90023 -7.11803 -8.03716 -9.72323 -8.32006 -6.9407 -8.37532 -9.72166 -8.31697 
9.77243 -8.34316 -7.96967 -8.7121 -7.02555 -8.48519 -9.31499 -7.93923 -7.04249 -8.30002 -9.81143 -8.53892 
9.90523 -8.34559 -8.06511 -8.73758 -7.04142 -8.93829 -9.44678 -7.76036 -7.24542 -7.99565 -9.4993 -8.97242 
10.0623 -8.3985 -8.02449 -8.7572 -6.7379 -9.13898 -9.10339 -8.06171 -7.59312 -8.0939 -9.4311 -8.7911 
10.1765 -8.47175 -8.03746 -8.75302 -6.22456 -9.16241 -9.23816 -8.41672 -8.03185 -8.23523 -9.53933 -9.21994 
9.9835 -8.35075 -7.93135 -7.64193 -7.00967 -9.01464 -9.10053 -8.08316 -7.47578 -8.46784 -9.83402 -9.17748 
10.0965 -8.28145 -7.94291 -8.3289 -6.87816 -8.32759 -8.78503 -8.11165 -7.27167 -8.33851 -9.58739 -9.26921 
10.1635 -8.52173 -8.03511 -8.51917 -6.86484 -9.14238 -9.26202 -8.01436 -8.05816 -8.49524 -9.99258 -8.83297 
10.0049 -8.52422 -7.97564 -8.4592 -6.55949 -8.74598 -9.75627 -8.04791 -8.02978 -8.40705 -9.9763 -9.18183 
9.88225 -8.42643 -7.90362 -8.62982 -6.79166 -8.95214 -9.6013 -7.83489 -7.80161 -8.36198 -9.7716 -8.9391 
9.74736 -8.52915 -8.0033 -8.95472 -6.71689 -9.0796 -9.4937 -8.31044 -8.03592 -8.45483 -9.24 -9.07009 
9.97887 -8.40143 -7.95553 -8.94618 -6.77041 -8.51947 -9.7518 -8.02348 -7.97838 -8.20384 -9.46555 -8.59026 
9.76243 -8.36746 -7.94107 -9.12748 -6.72789 -7.98661 -9.3069 -8.41346 -7.76451 -8.22411 -9.20748 -9.1582 
9.85545 -8.60709 -8.19909 -9.87594 -6.7885 -8.74268 -9.68807 -8.33124 -7.84492 -8.3715 -9.00056 -9.13383 
9.70767 -8.54527 -8.22759 -9.52317 -6.82278 -8.93474 -9.25757 -8.23426 -7.92952 -8.1544 -9.37393 -8.90967 
9.94069 -8.69034 -7.77762 -10.0195 -6.77711 -8.43406 -9.4855 -8.57146 -8.41771 -8.06185 -9.915 -9.42307 
9.95313 -8.48316 -8.00351 -9.98321 -6.79173 -8.99059 -8.90683 -8.04426 -8.5519 -7.89319 -9.62261 -8.17766 
10.0123 -8.68612 -7.50108 -10.7616 -6.63435 -9.0884 -9.46427 -8.37228 -8.8361 -7.98798 -9.343 -9.05442 
10.1849 -8.81462 -8.07616 -10.6432 -6.85683 -9.15836 -9.28119 -8.49477 -9.59515 -8.21893 -8.90312 -9.11892 
10.1974 -8.90695 -7.84474 -10.8056 -6.77194 -9.20058 -9.51166 -8.00208 -10.23 -7.98529 -9.42096 -9.09653 
10.1844 -8.99965 -7.85077 -10.9302 -6.95095 -9.08199 -9.59639 -8.69988 -9.79731 -8.04379 -9.54034 -9.12405 
10.0293 -8.80295 -8.10355 -10.752 -6.85715 -9.21735 -8.7415 -8.55037 -9.94861 -7.28749 -9.69267 -8.91707 
9.90138 -8.67477 -7.83941 -10.6551 -6.67353 -9.09495 -8.8006 -8.43935 -9.4696 -7.16085 -9.46239 -9.25308 
9.7134 -8.65828 -8.06381 -10.3067 -6.75248 -9.05563 -8.6724 -8.68654 -8.81186 -7.70924 -9.24666 -9.23477 
10.1737 -8.55762 -7.76305 -10.7271 -6.72422 -8.02494 -8.82152 -8.45566 -9.08807 -7.70004 -9.57141 -8.89158 
10.0683 -8.79305 -8.12705 -10.4388 -6.60621 -9.59753 -9.56104 -8.82848 -9.18784 -8.04546 -9.01924 -8.95123 
9.96565 -8.94716 -8.11787 -10.7033 -6.65947 -9.39857 -9.65803 -9.1584 -9.19889 -7.87345 -9.33231 -9.18812 
9.68504 -8.89356 -8.08452 -9.9047 -6.70179 -9.41473 -10.036 -9.04006 -8.91568 -7.69099 -9.63072 -9.27818 
9.46906 -8.96105 -8.07743 -10.0428 -6.77576 -9.28825 -9.9759 -9.13648 -9.20529 -8.01608 -9.69698 -9.49037 
9.81914 -8.78475 -8.13208 -10.0659 -6.87189 -8.95567 -9.6905 -8.53718 -9.34565 -7.74885 -9.05437 -9.36969 
9.80824 -8.81361 -8.1492 -10.0941 -6.97557 -9.25248 -10.0122 -8.56535 -9.03757 -7.65883 -9.20816 -9.19229 
9.57781 -8.67057 -8.18773 -10.1673 -6.69332 -9.11776 -9.52835 -8.86399 -8.6541 -8.04032 -8.53219 -9.26935 
9.55009 -8.52185 -8.20813 -9.95624 -6.3763 -8.89483 -9.18126 -8.37871 -8.57549 -8.01422 -8.62617 -9.00967 
9.70922 -8.68543 -8.20328 -10.2403 -6.96658 -9.29182 -9.94918 -9.06862 -8.67714 -7.96133 -7.88125 -8.64257 
9.7789 -8.46161 -8.15611 -9.80602 -6.63453 -9.28024 -10.0559 -8.09161 -7.92157 -7.78754 -8.7937 -8.28292 
9.61648 -8.63752 -8.66609 -9.69939 -6.94864 -8.52909 -10.3821 -8.7441 -8.5332 -7.97053 -8.7684 -8.34611 
9.93402 -8.65394 -8.60336 -8.52472 -6.88386 -8.75861 -10.4392 -9.27514 -8.63665 -7.89719 -8.88674 -8.74945 
10.0841 -8.59495 -9.88734 -9.66461 -6.76379 -8.47684 -9.98024 -8.85323 -8.6197 -7.3789 -8.30546 -8.03675 
10.1037 -8.67178 -9.96093 -9.45108 -6.39216 -8.55401 -9.80985 -8.7298 -8.65263 -8.07929 -8.10588 -8.81782 
9.95331 -8.75796 -9.42895 -9.23956 -6.44445 -8.97362 -10.286 -8.61748 -8.65438 -8.35688 -8.71042 -8.966 
9.97884 -8.63132 -8.97673 -8.9123 -6.30981 -8.7977 -10.0956 -8.4505 -8.1427 -8.43673 -9.20805 -8.70536 
9.99122 -8.69491 -9.03542 -9.3305 -6.14991 -8.81216 -10.1299 -8.56842 -8.27067 -8.52061 -9.18618 -8.81317 
10.0667 -8.72124 -9.39554 -9.61453 -5.99266 -8.84592 -9.91886 -8.55038 -8.53597 -8.82953 -9.09433 -8.73385 
10.1128 -8.88277 -9.78308 -9.49734 -5.99782 -8.8621 -10.1602 -8.40527 -8.71576 -9.49393 -9.20397 -8.49321 
9.96708 -8.88652 -9.21942 -9.63189 -6.21007 -8.39961 -10.2638 -8.53658 -9.43323 -9.53512 -9.10428 -8.50388 
9.59228 -8.94544 -9.78732 -9.48692 -6.26262 -8.53308 -10.2032 -8.54878 -9.54493 -9.48137 -8.782 -8.52168 
9.86383 -8.95898 -9.86403 -9.50743 -6.31832 -8.53637 -10.0633 -8.28203 -9.92269 -9.45953 -9.15528 -8.43169 
10.2744 -9.02449 -9.79426 -9.31724 -6.53768 -8.78811 -10.3538 -8.17623 -9.92672 -9.53232 -9.24151 -8.6238 
9.98656 -8.87463 -9.53704 -9.04101 -6.59231 -8.80672 -9.90759 -7.91804 -9.72289 -9.60308 -9.08816 -8.19761 
9.9934 -9.01406 -9.81927 -9.75717 -6.85158 -8.77044 -10.0978 -7.86019 -9.535 -9.46969 -9.23875 -8.70009 
10.0449 -8.95679 -9.36727 -9.60552 -7.17527 -8.87332 -9.63697 -7.73279 -9.38829 -9.38657 -9.13769 -9.0156 
9.99174 -8.86242 -9.51269 -8.92504 -7.2157 -8.90271 -9.32363 -8.23759 -9.47185 -8.79417 -9.22941 -8.92898 
9.89717 -8.91428 -9.80201 -9.87934 -7.69318 -8.81339 -9.0284 -7.83541 -8.63081 -9.34441 -9.23431 -8.70339 
9.68959 -8.98192 -9.8035 -9.37861 -7.7917 -8.90905 -9.08723 -7.62931 -9.37646 -9.54503 -9.16321 -9.1429 
9.48628 -9.06295 -9.88134 -9.81062 -8.42027 -8.90892 -9.00542 -7.86265 -9.49141 -9.70361 -9.06806 -8.63253 
9.92349 -9.15976 -9.74598 -9.81023 -8.35625 -8.87391 -9.20007 -8.08182 -9.51574 -9.80599 -8.97556 -9.36432 
