2225
0.459843 24985
0.167228 5044
0.0135563 98620
0.0508238 1290
0.331557 35036
0.000250063 44051
0.0440261 35049
0.0454962 88656
0.00050025 98636
0.00464649 46981
0.146306 14961
0.000250063 3988
0.052245 54995
0.000625391 78462
0.0468464 13311
0.0595181 35154
0.0666918 73509
0.0573619 39429
0.010101 63976
0.00050025 85606
0.00605085 5013
0.105751 34997
0.23984 95033
0.611914 45031
0.852921 5040
0.0506961 53892
0.0240625 25822
0.221522 44973
0.00137689 84191
0.00363819 54671
0.249593 85046
0.775757 45033
0.00225507 71813
0.00288329 75392
0.101101 24971
0.0759919 85029
0.0366201 15041
0 35011
0.0201614 64973
0.0324337 15595
0.179792 55033
0.00401606 87035
0.0224949 46197
0.0670242 57872
0.0297875 54997
0.0145847 40058
0.000125016 7850
0.0274299 44981
0.0496508 84963
0.00811678 22012
0.00311104 24977
0.717447 15035
0.015144 18427
0.19517 75020
0.0329245 93206
0.0453669 15027
0.160419 95037
0.230947 15001
0.0926665 10761
0.0386463 5000
0.000738098 24980
0.00920903 86248
0.163588 15000
0.659118 34979
0.15084 85018
0.0502114 75026
0.000212501 38831
0.0520779 55021
0.0583411 44978
0.125334 64971
0.000141469 76609
0.342507 45000
0.0696419 75011
0.0556875 44996
0.339314 95010
0.0498688 9649
0.368827 26683
0.0403606 50517
0.0529087 42935
0.046627 28161
0.00441229 66198
0.154929 4091
0.0908531 31826
0.0347169 82349
0.0150996 96649
0.0579212 5470
0.0657294 34464
0.00125494 41051
0.00250627 71572
0.0467094 11646
0.141078 96684
0.00911328 35402
0.000750563 70980
0.0470094 6751
0.137928 36238
0.23668 98469
0.0484788 32505
0.0550697 83583
0.00686754 86027
0.0556875 22012
0.0496508 83234
0.0478062 33804
0.00867735 10285
0.039096 9180
0.001001 23271
0.000125016 53889
0.00737225 3644
0.0682404 77293
0.0520779 69134
0.15149 82782
0.00231518 66854
0.00212953 59365
0.0534633 40935
0.0185893 17124
0.0526316 48546
0.0476953 81071
0.00112627 10426
0.00175307 46100
0.000250063 73483
0.0457516 16193
0.0358337 31518
0.000250063 46553
0.0109946 51300
0.0534633 35591
0.0482111 54524
0.0584811 99323
0.00527771 50081
0.0444694 16451
0.0102286 67334
0.00127347 38333
0.0526316 55853
0.154734 75565
0.00615292 85337
0.0407181 74133
0.0413508 90263
0.0091358 88438
0.00414209 91326
0.0430248 51058
0.0113342 72902
0.0457516 84690
0.00520804 29447
0.0318336 74508
4.90333e-05 77807
0.000125016 38036
0.000125016 76919
0.000375141 69254
0.00414209 97347
0.0188856 96751
0.0584811 22381
0.0529087 80771
0.114983 81387
0.0185893 34458
0.000625391 69638
0.00526814 4384
0.0291548 1193
0.442396 53230
0.000125016 4417
0.0473127 93254
0.00909997 12184
0.00143076 60707
0.0129147 47403
0.00717613 39549
0.000625391 65546
0.0556875 57482
0.000175259 14600
0.57769 92762
0.0526316 18793
0.0223642 15572
0.016849 59362
0.00854914 98302
0.00389007 69091
0.0426499 95065
0.0529087 23681
0.0028115 81462
0.000625391 21914
0.00719578 76037
0.0113223 13403
0.000250063 48151
0.193317 82423
0.145899 24487
0.0224949 96273
0.0519682 42917
0.0292039 27809
0.000750563 19550
0.00533723 34860
0.00376412 67763
0.11199 1495
0.00187852 78107
0.0489323 82880
0.19608 14142
0.21098 95575
0.0526316 73472
0.0584811 74615
0.0542963 45808
0.0663414 6036
0.057044 95338
0.00200401 10358
0.0863101 20742
0.00452034 32202
0.0156151 56814
0.0435106 8038
0.0580611 52100
0.0584811 99199
0.0556875 51205
0.0519682 96074
0.0486571 33191
0.0303034 2748
0.0502823 64377
0.0350557 78096
0.00137689 94764
0.183923 65332
0.0401218 18798
0.0429504 29721
0.00125296 25326
0.0699602 60168
0.000259739 39279
0.117043 25093
0.0584811 22994
0.0413955 88572
0.04872 65834
0.0457516 3960
0.000377965 17895
0.0340353 23274
0.179874 61374
0.000125016 42679
0.0556875 43632
0.0443458 6282
0.333551 36847
0.0292425 1852
0.0042695 34557
0.141568 4112
0.0556875 77714
0.00603622 35725
0.0292037 47987
0.0342599 19351
0.00363819 7976
0.00050025 57957
0.262485 8532
0.0223685 82335
0.054052 12007
0.00133678 76898
0.00134249 45630
0.00755668 98906
0.0330597 51580
0.00311544 82968
0.0421703 23141
0.0384762 43336
0.0558268 76010
0.0361352 94665
0.0496508 59492
0.00417674 19552
0.0457092 10116
0.05942 79881
0.0327907 33794
0.0988307 38258
0.0534633 79112
0.0487542 85582
0.000250063 82349
0.0111978 83188
0.00212953 41256
0.0564155 31859
0.00427319 37783
0.0197621 37330
0.00500078 11075
0.00125156 54987
0.000125016 22877
0.168696 3730
0.00050025 45644
0.0311011 57871
0.0583411 94421
0.00185034 29203
0.0584811 69427
0.00250627 98800
0.00593483 19240
0.103077 94622
0.204679 43140
0.0255096 41527
0.0573619 13789
0.00351229 51044
0.000453224 95774
0.229973 86315
0.0491527 66681
0.00527771 85845
0.0454783 84346
0.0103562 84977
0.0856622 60434
0.000100129 92361
0.0729764 52566
0.0573619 38122
0.000375141 989
0.00225507 9319
0.0542963 72044
0.000625391 67463
0.0200179 32643
0.0129583 3812
0.00439422 36967
0.057044 95327
0.0466757 15609
0.0018291 33078
0.00137689 17501
0.0563845 85190
0.0496508 1918
0.000250063 23913
0.0102286 29351
0.0502823 43044
0.00628931 18932
0.000125016 35032
0.0534633 60496
0.0556875 29338
4.82034e-05 36810
0.0427886 75031
0.0330579 33319
0.0496508 89885
0.000375141 49268
0.0961907 29149
0.0516629 98782
0.0208125 56793
0.00175307 93718
0.0140227 27478
0.000125016 61006
0.0519682 29661
0.0563094 4993
0.0248527 51682
0.0563845 669
0.0219724 76034
0.134056 68141
0.0029982 54305
0.046627 91704
0.00439422 83061
0.0440743 80989
0.000250063 28045
0.0519395 9297
0.000976964 55419
8.09846e-05 92234
0.0584811 99290
0.0536636 19463
0.000625391 64729
0.00243309 99209
0.00806452 73812
0.00150225 85477
0.0475872 83834
0.000125016 47082
0.0384216 67191
0.230326 62741
0.0346611 56303
0.0206822 33868
0.00112627 51630
0.000125016 3467
0.000875766 19553
0.0561056 99180
0.0051514 98481
0.0493452 62629
0.000718117 33991
0.000250063 7303
0.0533246 40569
0.0509721 65057
0.0208465 11248
0.000250063 33215
0.0329245 87727
0.0247214 62805
0.0423453 50458
0.00050025 46892
0.0338589 52347
0.0524931 56204
0.0379118 49485
0.138554 46555
0.000125016 84923
0.00050025 75688
0.0484117 75490
0.0360004 69612
0.0534633 58128
0.00263191 1788
0.00774964 65645
0.0453417 80421
0.000125016 16176
0.0300145 30934
0.0212283 35800
0.000871142 75589
0.0526316 42155
0.0377681 67487
0.0473946 37134
0.0321134 68746
0.0582011 29179
0.0384664 62347
0.0328109 9834
0.0556875 26443
0.0457516 89241
0.000125016 20577
0.0719358 31641
0.0534633 20932
0.0108668 90439
0.000250063 10961
0.00294531 18604
0.0289561 97817
0.00565682 70379
0.0555482 86102
0.000184763 93206
0.0862312 88512
0.00200401 3263
0.0134279 43161
0.000375141 81136
0.00426814 594
0.0573619 14490
0.000125016 36245
0.00094769 6020
0.000125016 82430
0.0489713 63364
0.00125156 39171
0.0500066 30656
0.0383451 91863
0.258351 17146
0.0375819 61246
0.00829388 46544
0.0573619 39535
0.00112627 75339
0.0526316 91628
0.0381716 26289
0.000125016 2581
0.0204082 49552
0.0519682 78257
0.0584811 43858
0.00735005 85966
0.00553042 68763
0.00515612 46179
0.0387804 27082
0.000125016 29677
0.0451246 1562
0.0524931 98749
0.0321711 95539
0.000250063 70199
0.000375141 91066
0.0573619 85203
0.000250063 7732
0.0326578 59402
0.101993 40723
0.0228871 84407
0.0583411 45145
0.0510003 42152
0.000750563 62289
0.0293361 55800
0.000125016 50024
0.0473946 66809
0.0373444 10486
0.0556875 28497
0.000250063 93943
0.0526316 11135
0.0388653 84700
0.0159307 34079
0.0523546 29390
0.0491527 98106
0.0519682 74494
0.0496508 61236
0.158274 40391
0.0434329 2850
0.0386305 18467
0.0404474 89780
0.000875766 84389
0.00112133 75922
0.0889026 42458
0.0388717 77818
0.000125016 25201
0.0583411 13687
0.0189785 7348
0.000750563 37005
0.0496508 94408
0.039231 88621
0.00162764 84964
0.0551818 43470
0.000125016 72532
0.078983 85211
0.00141462 82353
0.00347102 46512
0.000766489 30000
0.179624 12547
0.0526316 89738
0.0496508 91973
0.00670407 65562
0.000940212 78901
0.00439422 32941
0.000250063 73394
0.0186938 35939
0.0511102 88783
0.0192975 87276
0.000375141 75824
0.0203579 80467
0.0411475 25553
0.00175307 53209
0.0122163 43660
0.110186 68920
0.00263191 86710
0.000125016 57234
0.00200401 3641
0.0519682 90750
0.0534633 18434
0.0366177 67657
0.0573619 52687
0.00202522 75712
0.0467094 87315
0.099415 70644
0.0127864 50321
0.0201479 78116
0.00464649 21071
0.000250063 55801
0.0480724 57195
0.000125016 76521
0.00417629 71694
0.0341866 16423
0.000125016 40866
0.000125016 10684
0.0312907 19647
0.0496508 60488
0.0457516 64295
0.0527701 87044
0.105005 27421
0.350981 61421
0.000125016 9178
0.0519682 92884
0.00119914 24114
0.345089 13832
0.194086 94731
0.00112627 26499
0.010101 89855
0.294585 49088
0.111805 66565
0.00679587 8482
0.00131186 16920
0.0545742 20487
0.0985597 90533
0.000125016 1802
0.000125016 72740
0.0196278 56753
0.00200401 95140
0.001001 31646
0.036752 85253
0.0505303 47258
0.0519682 20713
0.00212953 55665
0.0318675 25796
0.0534633 40701
0.00187852 11399
0.0064159 22068
0.0178117 40112
0.000375141 45198
0.000167713 59448
0.0978053 21083
0.000125016 38212
0.0437052 29415
0.000483731 74576
0.000625391 13432
0.0508333 16817
0.000875766 82429
0.00421134 1145
0.0524931 10175
0.332536 42463
0.0279477 68328
0.0582011 46138
0.000250063 50488
0.00050025 12792
0.00464649 59185
0.0183025 4704
0.0044515 26434
0.00334604 24180
0.000875766 19298
0.0500066 68593
0.000250063 75644
5.71408e-05 199
0.0534633 55420
0.0457516 17726
0.0214505 37458
0.0290713 55181
0.0732285 80793
0.0573619 97935
0.0839584 83750
0.00050025 92052
0.00875418 7710
0.00808886 690
0.0556875 37587
0.045615 80029
0.0294859 7159
0.043762 76589
0.0490997 62220
0.0356025 26667
0.130562 62983
0.00214288 4921
0.051861 35778
0.0195346 85206
0.0138132 73974
0.0556875 39207
0.0401069 8725
0.000125016 12899
0.0251065 16323
0.000375141 14345
0.0524931 93185
0.130728 85
0.0284507 43587
0.0556875 80557
0.0529087 9470
0.0584811 44533
0.0561866 43269
0.000125016 97132
0.000125016 46006
0.0302731 11149
0.000183187 26270
0.0579212 86742
0.00050025 29848
0.0364486 28143
0.0556875 69901
0.000125016 29998
0.00376412 24009
0.0457516 29100
0.000375141 92158
0.0443864 45695
0.000528578 31663
0.194259 6506
0.000980205 53498
0.0928962 4618
0.00351229 85640
0.0484302 98869
0.000125016 58619
0.0644903 5751
0.0324702 89053
0.000750563 98945
0.00654253 13087
0.00933636 88332
0.00644051 12806
0.00401606 37230
0.0479347 36684
0.0495539 26274
0.0826889 603
0.0341262 61473
0.0485196 89098
0.0534633 2720
0.000375141 19286
0.443969 60567
0.00819156 24219
0.00976672 68276
0.0584811 86195
0.00050025 7366
0.000250063 73661
0.0342219 2397
0.000125016 20725
0.0381026 24053
0.0637763 58412
0.0406002 74158
0.0272633 54221
0.114287 9449
0.0178177 4680
0.0102397 23620
0.0484928 20699
0.0565887 92262
0.0496508 1436
0.0529087 60028
0.0438239 57454
0.0787381 66308
0.000875766 34044
0.0501444 34385
0.0449321 10366
0.0094214 43134
0.00243697 78198
0.000125016 72470
0.00200401 9046
0.0109946 4540
0.0579212 20917
0.0457516 69216
0.00628931 12473
0.000375141 31807
0.0373476 18920
0.0350828 7906
0.0496508 12412
0.043569 94553
0.202802 48248
0.043321 4940
0.000750563 2699
0.000625391 97278
0.00578325 3283
0.0893111 47357
0.0159365 73701
0.293002 69075
0.0284098 27848
0.0496508 13002
0.105864 65900
0.0512766 45008
0.0418023 56299
0.00564029 67445
0.000250063 27667
3.97262e-05 58913
0.000250063 29798
0.0458704 16394
0.000375141 7827
0.0519682 72807
0.0141988 15111
0.116613 52975
0.0582011 84622
0.000125016 20177
0.0457516 47796
0.0498688 21493
0.0803511 55467
0.021645 40035
0.000375141 78244
0.0470094 21989
0.00833003 40720
0.0110688 37018
0.00200401 71678
0.0169027 89452
0.0063018 88674
0.0438413 90363
0.00908174 51568
0.0535867 79052
0.0556875 22784
0.0295325 88760
0.000375141 64671
0.0100068 6739
0.0343936 94635
0.118566 25440
0.00169016 72462
0.0176822 11454
0.0433064 43634
0.0556875 53996
0.000125016 62254
0.0496508 6587
0.0534633 92779
0.0108181 46589
0.0508341 29594
0.00945322 46760
0.001444 21781
0.00225507 40508
0.00721439 43853
0.0496508 60610
0.000125016 98794
5.93515e-05 67503
0.0792234 16355
0.0316189 95875
0.00137689 37423
0.12979 79377
0.096831 18764
0.0501444 66872
0.000250063 14020
0.00616275 24249
0.0534633 58104
0.093087 81238
0.0556875 41277
0.0497465 10801
0.0511396 39329
0.0358669 36285
0.0454962 99433
0.0329245 83841
0.0399264 56366
0.00577261 46213
0.000125016 25008
0.000875766 53637
0.000375141 69145
0.0368066 10061
0.131909 68645
0.00125156 98488
0.0116338 8781
0.000875766 61304
0.0103308 90227
0.0684533 11347
0.000125016 56142
0.000125016 50328
0.0519682 31319
0.0431608 45364
0.00150225 98709
0.00471413 47417
0.0529087 24697
0.000125016 89295
0.00464649 67709
0.00375568 66817
0.000375141 67994
0.0447558 12329
0.0153841 71623
0.0284664 71468
0.00120002 49598
0.0519682 84744
0.052522 2571
0.0319917 27990
0.0608673 23969
0.0334582 51105
0.000125016 4369
0.0310943 71004
0.0230179 7355
0.272583 53333
0.00238065 24308
0.0189785 65832
0.00361802 18186
0.013692 16673
0.275714 28475
0.04797 86039
0.00158896 77624
0.000875766 199
3.5966e-05 9663
0.0269157 30836
0.000125016 71608
0.000198968 33510
0.0496508 1466
0.179874 18305
0.0712108 8963
0.000250063 68125
0.00540405 54429
0.00527771 99788
0.000625391 82447
0.0502823 79849
0.0556875 87019
0.0526316 16820
0.172677 14547
0.000375141 29346
0.0479434 13832
0.0526316 86155
0.02264 14103
0.311227 58487
0.0616841 39189
0.000125016 53753
0.001001 75892
0.0495933 95753
0.000125016 25037
0.00672282 18886
0.00050025 50103
0.000250063 14402
0.0556875 94746
0.0534633 99890
0.0538796 63073
0.0175144 4097
0.056245 93814
0.0982504 729
0.00137689 57007
0.00050025 44533
0.0263101 90482
3.85594e-05 15006
0.0393379 86243
0.118678 20849
0.140088 98993
0.0724176 63743
0.0583411 47577
0.037929 80597
0.206582 63121
0.000625391 26939
0.00212953 11598
0.000375141 26661
0.000125016 86400
0.0494556 82406
0.0218419 49302
0.000875766 93904
0.0378329 32500
0.0519682 26239
0.0511102 12889
0.0763901 69250
0.0359594 54361
0.0401216 82588
0.0321782 79903
0.00263191 33862
0.0457516 16624
0.000125016 57920
0.0405289 78537
0.000125016 32718
0.0267445 59579
0.010101 11100
0.000250063 60735
0.00125156 46789
0.000125016 56961
0.0517226 83776
0.000125016 86460
0.0143139 39080
0.0751658 73255
0.117235 45330
0.00389007 19292
0.10696 77031
0.0502823 49849
0.0483822 23999
0.0602019 3714
0.00175307 23120
0.0301018 16943
0.0150586 30556
0.0813187 39815
0.0725298 44861
0.0204261 94376
0.00050025 42602
0.000250063 62196
0.0556875 74160
0.0450686 89506
0.00946372 38698
0.0204882 86137
0.0276172 35641
0.0394688 47913
0.0134279 17645
0.0434329 65261
0.0445228 36403
0.0145847 57900
0.000123744 6274
0.0118067 90744
0.00110917 46281
0.00150145 49363
0.0573619 28434
0.0473946 94194
0.0523546 34157
0.0519682 85598
0.0205274 53107
0.0496508 29689
0.0120289 82526
0.0473946 3671
0.0312586 83082
0.00122108 18321
0.0260523 98677
0.00833755 59796
0.000678085 46647
0.0413955 92185
0.0174552 95495
0.055997 65395
0.0489694 2861
0.0453669 8181
0.0190616 40508
0.00558745 84719
0.000125016 97838
0.00093437 48690
0.000750563 29639
0.0762875 14644
0.103448 39889
0.00050025 61592
0.0134279 98797
0.134909 76588
0.0248832 70274
0.0280134 87752
0.0350557 52598
0.0287414 14266
0.00050025 23645
0.000375141 88383
0.00217267 80273
0.100223 11305
0.0391258 54524
0.00288329 58257
0.000125016 85180
0.00136448 6575
0.0385782 28796
0.00050025 22804
0.0144252 17369
0.0518012 4692
0.00275758 64218
0.134591 33175
0.0315925 5781
0.140527 74973
0.0222336 2995
0.00553042 47318
0.0584811 20025
0.0129147 31680
0.0527701 38546
0.059845 22130
0.0102286 22239
0.014616 78337
0.000625391 31340
0.0334151 75120
0.0413955 74922
0.00288329 83703
0.00477267 29400
0.0452051 97122
0.0295157 54178
0.0709778 76751
0.109262 85189
0.00250627 25602
0.000403504 94616
0.0538796 51154
0.00288329 45238
0.000375141 30438
0.0487677 65768
0.0259199 61306
0.0554672 49306
0.00275758 20750
0.0583411 56506
0.0728175 50892
0.000125016 64277
0.000250063 4520
0.0496508 43416
0.0534633 28128
0.00050025 37765
0.0338665 23367
0.000375141 83494
0.0322126 9849
0.00306888 87517
0.00848326 63858
0.00125156 52367
0.0829294 38556
0.0580611 51776
0.0148 11096
0.001001 62543
0.000125016 350
0.0197811 79800
0.0382429 97496
0.000250063 71320
0.00050025 93782
0.0242713 24582
0.0104675 32690
0.0491945 53110
0.00821737 44723
0.0335707 34050
0.316227 50459
0.249103 26807
0.200218 81319
0.000375141 9148
0.106848 70150
0.0131712 11696
0.000250063 35461
0.019368 12997
0.0122738 70121
0.113543 55507
0.0438013 29762
0.0111223 33642
0.001001 56804
0.00050025 73229
0.141878 26054
0.094459 19228
0.0580611 58499
0.0178707 54741
0.0473946 80592
0.00870004 27109
0.0457516 997
0.194423 71358
0.00376412 77949
0.0392335 20619
0.117318 70389
0.00050025 88280
0.00288329 91893
0.0583411 26555
0.000125016 93656
0.0573619 48044
0.0584811 16315
0.0501444 16041
0.0529087 36117
0.00050025 83888
0.188019 69956
0.009846 85293
0.000125016 29909
0.0507238 11796
0.0368848 29644
0.355648 68490
0.0573619 16765
0.0457516 88765
0.00564278 5688
0.000125016 30305
0.00609602 46928
0.0051514 69820
0.000250063 95017
0.251437 42390
0.0355987 6564
0.263433 44502
0.00159875 13626
0.000125016 88260
0.0442109 19292
0.0230179 63047
0.0465211 57166
0.0846331 41808
0.0547132 22748
0.00946372 96114
0.0115059 35002
0.000125063 53995
0.001001 31310
0.0527701 84991
0.00119143 77379
0.0210593 50025
0.00150225 6091
0.0420737 8785
0.0534633 95671
0.0443864 92379
0.0494556 84840
0.00603622 20246
0.0289666 73115
0.00553042 41954
0.000625391 55596
0.048218 39990
0.162455 46480
0.0232796 74167
0.0457516 99384
0.0931901 2729
0.00354674 59306
0.0382283 76923
0.00831863 59472
0.000125016 64965
0.00604893 87853
0.0454945 8326
0.00657254 36788
0.20861 55103
0.001001 7967
0.00844573 39466
0.00389007 30325
0.000250063 4559
0.00050025 78696
0.00452034 10163
0.0453659 77843
0.0301313 62081
0.0437529 63442
0.00806452 21156
0.0198878 63421
0.00857287 22941
0.0541573 72573
0.00432669 5772
0.00450644 23119
0.000250063 98725
0.0496508 71444
0.000125016 18669
0.0526316 12074
0.00704935 62544
0.0822996 51274
0.00363819 58446
0.00414209 30981
0.122718 36476
0.0573619 18977
0.0319917 86122
0.0418023 48780
0.00112627 45749
0.202074 34819
0.0457516 15689
0.0509721 91585
0.016002 10315
0.342276 82817
0.00260375 57184
0.000125016 96420
0.00150225 74175
0.0485492 16513
0.0388978 23407
0.0064159 47904
0.0817577 4999
0.000125016 58787
0.0224407 12174
0.346077 80530
0.0530473 18414
0.0310782 38391
0.0142104 9942
0.183651 84617
0.001001 51582
0.00361681 66245
0.0156151 2653
0.0303967 55508
0.0437052 93615
0.108773 27034
0.0162602 9343
0.00426814 26380
0.112038 17494
0.0301313 6453
0.0513865 27056
0.0536757 94184
0.105736 20301
0.0369326 88946
0.0569741 12130
0.00747536 81339
0.0023177 79469
0.000250063 27918
0.000125016 13425
0.0458704 52110
0.0534633 25169
0.0102286 50485
0.0163893 4608
0.0573619 78281
0.000125016 11228
0.0381417 33728
0.00185238 31248
0.00263191 92743
0.0457516 99153
0.0306483 36761
0.000125016 19690
0.0348921 16365
0.0139417 93737
0.0519682 53557
0.0431608 82083
0.00628931 2555
0.00501007 15057
0.0476689 25657
0.0228871 51564
0.0526316 84086
0.000375141 59470
0.320589 22389
0.0242687 92918
0.0270253 93254
0.00742979 4231
0.0352864 37671
0.0185893 21229
0.0114236 57656
0.0265829 43869
0.0228706 53634
0.000125016 13977
0.000959736 67837
0.00401606 50765
0.0029145 74497
0.00376412 24894
0.0213035 45984
0.00125245 31525
0.0031348 74491
0.0230179 32897
0.180812 65351
0.0463166 87168
0.000625391 20019
0.0226668 65657
0.000625391 46826
0.0012191 60108
0.0556875 11939
0.000125016 66932
0.540692 22626
0.0473946 34796
0.0565887 19645
0.022103 97233
0.000250063 56839
0.0985993 13748
0.000875766 14724
0.00882724 54912
0.0534633 51147
0.0577813 92341
0.0434329 48308
0.0259538 58174
0.0325798 77536
0.0511102 30147
0.0534633 3808
0.103334 62440
0.0483554 47927
0.0453417 14801
0.117787 96310
0.0399081 75521
0.0489621 22669
0.000375141 4856
0.0353307 31385
0.0496508 75097
0.000250063 84457
0.0529087 9418
0.0703954 92875
0.0519682 54087
0.0771618 88757
0.00389007 9166
0.000125016 65419
0.0812843 95876
0.0534633 38003
0.000250063 80947
0.030274 71146
0.0223642 45753
0.034012 81887
0.000125016 3585
0.000875766 96822
0.041824 14025
0.000125016 80328
0.000125016 16841
0.0471204 46325
0.00946372 8323
0.00050025 21984
0.0397855 76940
0.00250627 12256
0.0189167 72567
0.0446177 96758
0.000125016 45530
0.00244112 58642
0.0573619 66956
0.0690089 47323
0.0552698 10499
0.000125016 38025
0.00112627 8120
0.0534633 525
0.0193971 12842
0.0457516 24841
0.0214465 13211
0.000125016 18425
0.160882 33497
0.0180708 86005
0.0290713 2754
0.0473946 69040
0.0550697 67533
0.176471 19426
0.009846 14058
0.00414209 87372
0.0105406 5577
0.00679587 92714
0.0518772 12049
0.00793751 9321
0.120931 37564
0.0384934 90619
0.000125016 8853
0.0317256 23775
0.0452303 6450
0.00162764 92329
0.0504757 41251
0.00025435 48908
0.0360678 70962
0.00414209 11403
0.00614678 11252
0.000250063 62436
0.0573619 73384
0.143635 66790
0.0534633 72511
0.00300903 74374
0.0357771 98798
0.00212953 38276
0.0519682 30532
0.000750563 33661
0.00618337 65219
0.000604301 12079
0.000250063 90768
0.0519194 99306
0.0422095 75596
0.0782392 67867
0.0556875 18141
0.0245282 12390
0.320724 36113
0.00452034 58749
0.0534633 12614
0.0359594 92888
0.00755668 35491
0.001001 99117
0.0956865 40440
0.0234105 7572
0.0398915 28643
0.0526316 80072
0.0356746 31128
0.000750563 98210
0.000125016 1290
0.144332 50082
0.000375141 42666
0.036648 1681
0.000375141 57695
0.0230485 16084
0.0512484 39421
0.000250063 96747
0.0192381 94445
0.0250116 90460
0.034815 35454
0.0262246 49088
0.000125016 57372
0.0759889 79903
0.0951766 79900
0.0434329 87323
0.0174119 14418
0.00628931 71588
0.0495933 33386
0.0500342 36505
0.0125301 71732
0.00273453 51995
0.0473946 83386
0.000375141 34766
0.00414209 37154
0.048218 35157
0.0429504 55347
0.000125016 64042
0.150582 7428
0.022103 96760
0.0339925 27027
0.0573619 33739
0.030795 79500
0.0142077 65772
0.0327911 12164
0.00112627 51208
0.041552 83864
0.105397 55877
0.344414 82323
0.00489332 29536
0.0208125 71055
0.0573619 57295
0.000875766 90085
0.106507 85895
0.00263191 82775
0.00275758 98709
0.0237698 95012
0.238645 69272
0.0406173 9497
0.0534633 14324
0.0161432 62564
0.365599 4553
0.0534633 90601
0.0351812 465
0.0461803 97393
0.189015 25695
0.0031348 62853
0.00679587 23101
0.306666 13981
0.000625391 32666
0.278572 67113
0.0573619 48116
0.0534633 81992
0.0526316 16761
0.00376412 38165
0.00137689 42836
0.0032606 45093
0.000228964 30433
0.0254515 25486
0.000750563 67698
0.309443 86741
0.000375141 75857
0.000125016 26616
0.0457516 418
0.0457516 51888
0.028652 59259
0.0583411 79226
0.000125016 1491
0.161492 23954
0.277548 4213
0.000125016 16641
0.119329 36506
0.154816 18120
0.0109946 19237
0.00234068 55673
0.00050025 64136
0.113429 3348
0.0506961 33877
0.000125016 44040
0.0260447 33104
0.00899124 70116
0.00125156 74110
0.00595049 35326
0.00226602 77072
0.0385564 76553
0.000375141 43520
0.0519682 88723
0.000250063 19192
0.0462474 90873
0.000875766 10352
0.000625391 47495
0.0527701 10731
0.045205 81853
0.10117 83972
0.0409889 70778
0.564844 81320
0.000272496 46422
0.0561698 32558
0.000625391 80676
0.0569428 76143
0.0473946 70306
0.0489621 74404
0.00725809 91112
0.000750563 69489
0.000250063 89723
0.00125156 4443
0.0261789 63532
0.0156151 80761
0.0457516 66886
0.0519682 26231
0.0530473 28767
0.00234351 76770
0.0534633 89744
0.000375141 52174
0.000125016 84377
0.000125016 87743
0.00540405 27667
0.0175528 87514
0.000125016 75254
0.0245902 85719
0.000125016 70295
0.0507241 32022
0.000375141 55131
0.0526316 50942
0.00545069 10394
0.000125016 29842
0.0965066 31392
0.000625391 59599
0.00203324 68170
0.045615 35056
0.000250063 293
0.0217576 19173
0.0325661 75032
0.00050025 71993
0.0533246 84212
0.00895538 77536
0.0710898 21752
0.0942814 7386
0.043212 69331
0.0171647 69645
0.18098 20771
0.000750563 28576
0.000106341 77697
0.00200401 28721
0.000250063 51589
0.0556875 53288
0.00263191 18121
0.00212953 66566
0.000125016 2497
0.00527771 58369
0.00363819 90143
0.00275758 2080
0.00212953 51919
0.0430488 7529
0.0265485 45716
0.0439756 18620
0.000625391 48892
0.0339925 5645
0.0699478 3528
0.000125016 67986
0.00250627 8039
0.00187852 71226
0.0514149 54014
0.00376412 44570
0.0141988 98522
0.000125016 36034
0.00904455 22081
0.00050025 29549
0.000791312 1406
0.00238065 17769
0.000125016 33697
8.33158e-06 22117
0.0978492 89050
0.000875766 65362
0.163999 79941
0.00141098 90646
0.000750563 81640
0.016002 73300
0.00616275 61395
0.000875766 32838
0.000250063 99890
0.000125016 64383
0.0569741 7749
0.0331913 5989
0.0126825 39016
0.0566636 27555
0.171086 24133
0.000375141 18068
0.0583411 4360
0.000375141 69072
0.106807 13689
0.147602 95777
0.0534633 85349
0.0288478 81734
0.0241966 41402
0.0313218 68150
0.0223642 66979
0.000631424 2418
0.14822 21622
0.0519682 74461
0.0429698 47010
0.0473946 90365
0.00603622 4474
0.0226256 74614
0.0457516 91388
0.108156 4929
0.0423529 91402
0.00200401 35069
0.0484158 53413
0.000125016 89742
0.000941264 99898
0.000375141 97545
0.0522162 91106
0.0573619 97951
0.000375141 24225
0.00300903 78295
0.0335917 39100
0.00187852 66896
0.0111223 25560
0.000125016 56279
0.0680733 63256
0.100303 7695
0.0986103 19416
0.000875766 57923
0.0520779 24412
0.000125016 27353
0.0321249 20017
0.0732644 12737
0.00553042 49374
0.0576724 14411
0.00187852 20278
0.0377481 37047
0.0412986 11046
0.0620598 26711
0.00250627 63225
0.0210593 59815
0.00956435 49801
0.0313251 73771
0.00616275 99495
0.0116338 36498
0.000250063 33605
0.000625391 58086
0.0219143 93960
0.000125016 45849
0.0304382 5563
0.00438526 82258
0.0895769 51828
0.0303005 66130
0.0356265 31722
0.0495933 27421
0.0251153 68792
0.000625391 78035
0.000375141 49321
0.0335533 30196
0.068665 77183
0.0259447 13447
0.0556875 46262
0.0504374 89801
0.000375141 76915
0.00125156 75880
0.0217114 96874
0.0451246 31008
0.0322627 19820
0.0380412 76170
0.000125016 1437
0.000250063 71098
0.0556875 49790
0.0363026 8702
0.0252706 91958
0.000125016 73528
0.000250063 67209
0.000315939 13297
0.115643 96946
0.00464649 16575
0.0179412 54494
0.014456 80685
0.0526316 23822
0.000250063 14545
0.0630133 93599
0.0593098 27571
0.162482 13342
0.000375141 72101
0.000125016 51028
0.00187852 3463
0.00351229 87697
0.000375141 64213
0.110249 42613
0.0861188 81336
0.000375141 69168
0.000125016 31479
0.00050025 44739
0.0520874 99206
0.00187852 52458
0.00250627 91976
0.000625391 45699
0.00050025 83952
0.000375141 50287
0.0245902 35706
0.00125156 38010
0.0526316 52863
0.0529087 56110
0.0150996 48284
0.017294 83831
0.0598086 83389
0.000375141 65740
0.0171002 31742
0.0284098 20852
0.0857763 86499
0.337522 86689
0.0189641 91155
0.0125301 12485
0.00959112 58775
0.0418023 76368
0.0379052 53181
0.001001 9853
0.00895447 79823
0.0583411 46823
0.0556875 39393
0.0458704 94711
0.022103 42895
0.00137689 78274
0.00354749 58262
0.0984484 70228
0.037111 78083
0.00702576 92409
0.0205091 6522
0.000125016 42852
0.00755668 93136
0.000375141 19106
0.0212542 8471
0.0730884 24758
0.173605 89981
0.160701 71400
0.0353632 45667
0.000125016 47670
0.0317256 10476
0.164782 43312
0.000125016 51150
0.0580611 62539
0.0635469 14846
0.0131712 77350
0.288438 64117
0.0596026 19248
0.00112627 15044
0.0056876 30393
0.0031348 95690
0.261877 66326
0.0438413 2908
0.000625391 66171
0.0273916 50281
0.0177595 68852
0.015873 94384
0.00050025 2315
0.0260357 5195
0.0237959 2548
0.00477267 96783
0.00593877 78747
0.0475622 14833
0.0281623 26930
0.346262 62332
0.00039633 92862
0.000125016 77156
0.143186 87250
0.041552 47064
0.009846 32864
0.0924985 78248
0.0519682 75250
0.0223946 92682
0.000125016 92381
0.00806452 59733
0.0273533 72913
0.00050025 25094
0.0457516 85531
0.00125156 11596
0.0580474 52963
0.000125016 33979
0.0132996 40172
0.0488278 44414
0.0739261 36091
0.0259282 26393
0.0837861 86852
0.0383391 81333
0.00616275 42038
0.000125016 25512
0.000250063 46953
0.00012222 50226
0.00389007 75759
0.00338643 62525
0.0349288 40302
0.00793751 85261
0.0222336 22509
0.00150225 12928
0.00351229 61555
0.0788847 74582
0.0452583 88364
0.000750563 71016
0.00414209 62438
0.0317112 5640
0.00150225 82261
0.0192477 16620
0.00050025 23869
0.000125016 57851
0.000625391 21035
0.000172437 79753
0.00187852 53355
0.00162764 62696
0.0259041 18222
0.000125016 9016
0.049731 22025
0.0170947 35855
0.0563833 27718
0.0196278 60157
0.000750563 94093
0.000125016 86557
0.000375141 76948
0.0134279 66547
0.0576784 79612
0.00050025 38361
0.0534633 37939
0.041552 99947
0.000250063 97423
0.0162602 31990
0.0866221 61793
0.0154514 17060
0.00288329 75686
0.231124 94637
0.000125016 9769
0.000125016 93228
0.0103636 59843
0.00540405 62732
0.039501 70497
0.0215809 17672
0.00200401 42443
0.016002 11946
0.0343029 56666
0.00347346 30285
0.0561056 29354
0.0240655 50511
0.000250063 7909
0.0130429 16490
0.00125156 53102
0.0322483 57566
0.0031348 5250
0.0407181 73932
0.00942338 90980
0.00050025 84580
0.000125016 6232
0.0461104 93321
0.00366805 27295
0.000250063 42740
0.00358598 41163
0.0031348 84025
0.00609411 79399
0.0309167 67219
0.00687225 62591
0.261 96498
0.0579212 98375
0.00050025 71416
0.00654253 43084
0.012643 43740
0.000125016 87785
0.000750563 12
0.00369717 27731
0.302566 89770
0.0240534 22311
0.00569828 10620
0.000956455 61286
0.000125016 76310
0.0527701 43706
0.018566 38855
0.00263191 8850
0.0336761 48832
0.0281455 46784
0.0278813 79695
0.0161311 15743
0.000750563 36100
0.00882724 41589
0.000250063 15887
0.00187852 76539
0.0264306 8381
0.00175307 64394
0.171818 43174
0.0120798 70839
0.00212953 23847
0.00603622 57797
0.00050025 11634
0.0534633 91034
0.0232796 87587
0.000750563 10115
0.00125156 19311
0.0184596 70205
0.210093 46558
0.111268 58129
0.000125016 66181
0.000125016 52773
0.0241377 81394
0.0580611 62014
0.0064159 65644
0.00150225 16317
0.193887 89871
0.0491803 23282
0.0557426 53353
0.138088 43651
0.00527771 61716
0.0389774 78490
0.00125156 57737
0.219918 1873
0.00389007 22791
0.000125016 13386
0.00616275 49313
0.000250063 62599
0.00187852 18929
0.0115059 67152
0.000125016 8160
0.00480946 94128
0.00275758 89680
0.151051 37840
0.0544652 35055
0.0112502 57837
0.000125016 2482
0.000125016 66001
0.000375141 67439
0.0167768 61475
0.000375141 52589
0.0411074 65733
0.317933 88356
0.207805 35251
0.0130429 22065
0.000125016 61234
0.059406 64158
0.000375141 19104
0.0672359 21227
0.0140702 61000
0.000375141 82494
0.117821 50536
0.00755668 20384
0.000250063 58799
0.000250063 90833
0.00847174 35332
0.0492375 45414
0.00050025 5195
0.00175307 82946
0.00050025 20738
0.0534633 47704
0.000250063 19636
0.041552 71440
0.000125016 99369
0.000125016 54431
0.00150225 89614
0.000250063 2657
0.0946267 66048
0.00238065 58948
0.000125016 75690
0.000250063 99991
0.00050025 5409
0.00578325 83888
0.00564764 19558
0.0176822 61240
0.471861 88114
0.00112627 44859
0.000125016 57950
0.000125016 27718
0.0179298 14446
0.000375141 27291
0.0993265 2252
0.0534633 534
0.0152113 36672
0.000125016 95080
0.000125016 73007
0.00112627 65058
0.00906523 36401
0.080935 88138
0.146882 89709
0.0179412 71339
0.00212953 43136
0.000875766 10140
0.000125016 8458
0.0305294 91096
0.001001 76444
0.00127984 66216
0.017294 67596
0.000125016 61935
0.000125016 16866
0.000125016 66111
0.000125016 97409
0.0210713 3654
0.00112627 1778
0.0544352 66000
0.001001 15381
0.0731053 70065
0.000125016 72085
0.0185262 53327
0.179237 84649
0.00978889 54808
0.0208065 46585
0.00477267 98200
0.000125016 37238
0.0473946 51127
0.000375141 91760
0.014456 95724
0.0261673 49637
0.00288329 17349
0.00212953 57403
0.000875766 76585
0.000125016 70175
0.00150225 79172
0.0174162 34546
0.224518 93560
0.000375141 84014
0.00162764 10918
0.00931856 48233
0.036941 69376
0.000617182 17757
0.0447956 81032
0.0230052 94084
0.000125016 49089
0.000750563 90082
0.041518 23361
0.0924681 90831
0.0801125 42312
0.0584811 43784
0.0404011 23670
0.00755668 9073
0.000125016 43089
0.0403121 43064
0.0031348 8457
0.0112502 27927
0.0135563 30622
0.00527771 21753
0.0498276 51332
0.0294685 93203
0.000375141 81778
0.257956 8703
0.000250063 63324
0.000125016 53022
0.00389007 69898
0.0457694 61809
0.0134279 37777
0.207508 66711
0.0133295 47191
0.161103 33531
0.0188968 46541
0.000375141 87737
0.00527771 10215
0.0736643 50012
0.376015 13957
0.000125016 41278
0.0330579 90598
0.0032606 16419
0.00806106 19631
0.00920903 55358
0.041552 29689
0.00162764 18736
0.00314354 83553
0.00050025 8043
0.0309942 29234
0.000408959 97206
0.0529087 21387
0.000125016 19078
0.195553 29134
0.00742979 46161
0.109724 45479
0.000875766 70653
0.000125016 63506
0.0274852 74504
0.0358669 72631
0.0574732 96311
0.00112627 52034
0.00730295 38712
0.00175307 43483
0.00882724 94062
0.00125156 15367
0.0138132 454
0.0529087 79718
0.000125016 36273
0.0473946 38341
0.109787 84510
0.000250063 46044
0.00050025 83262
0.00137689 59481
0.184171 16491
0.000750563 8975
0.00910975 5675
0.020929 89292
0.048218 61923
0.000250063 65344
0.00050025 7224
0.0102286 6785
0.0507241 97671
0.00616275 15773
0.000125016 82182
0.00112627 59688
0.000250063 47030
0.0534633 18261
0.00137689 74807
0.0486233 82584
0.046627 25346
0.00050025 28698
0.0602435 53798
0.00755668 32713
0.000125016 44134
0.346262 62332
0.000250063 1022
0.001001 22015
0.224758 3031
0.0725175 9850
0.0904089 93465
0.0125301 85654
0.00351229 91475
0.00276843 67841
0.000125016 27601
0.00351229 89338
0.00426814 13721
0.0472575 96736
0.0140702 76499
0.00125156 70553
0.00819156 99345
0.222722 53849
0.0214505 19427
0.00238065 73728
0.000125016 97979
0.114827 22460
0.00050025 66067
0.0228871 14299
0.000250063 63092
0.000125016 39852
0.00150225 91247
0.00150225 51780
0.0227491 71059
0.000750563 29946
0.00200401 6953
0.000125016 7867
0.00288329 85756
0.00389007 494
0.0860715 67276
0.000375141 57020
0.000375141 64355
0.00162764 52910
0.00200401 62937
0.00398017 89288
0.026694 94154
0.00616275 61492
0.000125016 79882
0.000250063 97056
0.00401606 10238
0.00137689 65311
0.00730295 84681
0.384535 89876
0.0200179 2321
0.030795 8068
0.0432968 85052
0.0686615 61091
0.213041 84854
0.000875766 39308
0.00452034 18736
0.000125016 81726
0.00870004 98937
0.0188487 35827
0.0545742 76712
0.0963401 69617
0.0259197 21398
0.000125016 81579
0.00338643 56562
0.000125016 71727
0.00112627 30584
0.000250063 41702
0.0227514 67748
0.00997349 92797
0.00704935 58926
0.0117617 12262
0.00414209 71599
0.0130659 62081
0.00112627 58644
0.045615 36264
0.0185893 88298
0.0198878 14238
0.19349 38538
0.00616275 67370
0.0359547 42670
0.0767033 41774
0.0254752 34167
0.000250063 7930
0.00187852 86152
0.0223642 36256
0.0874554 2650
0.0259405 73501
0.0395285 90612
0.0765711 59281
0.00477267 70326
0.00679587 28194
0.0597727 27291
0.000375141 37878
0.0104838 17128
0.0554883 28791
0.0395975 10520
0.0257725 73524
0.0152841 68461
0.000125016 68868
0.000375141 88099
0.0220875 61124
0.0032606 89216
0.00717613 58125
0.000125016 42043
0.274883 18109
0.000125016 59364
0.0205383 62685
0.0450734 47583
0.0171647 48216
0.00212369 16212
0.00401606 39305
0.000125016 45963
0.00363819 9654
0.00704935 98311
0.179093 27161
0.00401606 26522
0.0479667 50582
7.70853e-05 86019
0.00742979 70810
0.0172917 1075
0.119472 57522
0.00376412 29974
0.137539 77390
0.00112627 98520
0.000250063 22140
0.08504 92322
0.00112627 52580
0.0103562 49308
0.000125016 52969
0.000375141 78694
0.00946372 36892
0.00275758 49881
0.00125156 64661
0.00363819 70597
0.009846 99817
0.00376412 72609
0.00530968 86748
0.001001 73640
0.0860865 22392
0.00781053 43547
0.000750563 77960
0.000250063 28370
0.0032606 67959
0.0711421 77651
0.0230179 27974
0.00389007 1747
0.0032606 53619
0.00050025 90981
0.00162764 57649
0.0192381 91784
0.00150225 83981
0.00250627 99457
0.0422095 31219
0.00150225 78700
0.000125016 68427
0.000750563 44866
0.00137689 30801
0.00538282 47509
0.000875766 92981
0.000125016 38485
0.0830771 42125
0.000125016 56467
0.0569741 5750
0.000750563 33284
0.000125016 53889
0.00225507 19647
0.0176822 71706
0.00477267 98804
0.00806452 95053
0.00137689 63870
0.000125016 23044
0.000125016 13966
0.0108668 37544
0.00603622 7699
0.000125016 93978
0.0032606 41361
0.000125016 26111
0.00844573 40180
0.000250063 46976
0.00112627 13817
0.0363143 10131
0.0159453 54620
0.00162764 43070
0.0416667 14931
0.000250063 98920
0.0858816 41678
0.029601 13573
0.000125016 34689
0.0618529 65345
0.00050025 57464
0.0166476 82635
0.000125016 2055
0.00150225 26066
0.000250063 65483
0.000625391 99825
0.000250063 64790
0.00250627 95360
0.00137689 7880
0.000250063 94320
0.000375141 81291
0.00050025 37518
0.000125016 73801
0.00050025 37252
0.000125016 79895
0.000125016 10026
0.000125016 41169
0.000125016 59813
0.000125016 33052
0.000125016 53246
0.000125016 9225
0.000125016 21204
