100.825 0.0065 101.177 0.007
57.9985 10.3615 64.281 8.685
55.014 16.848 56.6955 19.309
47.3045 27.6565 49.4065 31.456
40.8885 37.379 49.8985 33.1955
39.934 47.613 50.15 41.606
45.382 48.243 47.201 49.0235
47.073 53.522 49.8685 53.3325
39.7765 60.4455 45.9485 58.7435
43.6315 64.867 47.636 61.4395
45.063 65.5525 47.5955 66.6005
48.104 67.0105 49.442 69.0475
48.4095 71.743 48.3405 74.903
59.2155 68.008 53.353 74.1415
55.3535 72.5925 51.3485 81.637
53.206 75.1765 47.7605 82.737
58.134 71.422 53.3655 83.6145
58.215 72.5005 52.72 84.7285
57.642 74.7295 57.2195 84.559
61.0375 73.85 54.0995 88.3635
58.6345 79.096 56.7945 86.513
108.823 0.01 109.179 0.011
104.728 1.8225 113.562 1.407
