63 51 54 61
58 45 53 56
64 49 53 61
67 54 58 57
63 48 56 56
64 50 60 54
63 54 57 58
60 49 60 64
63 46 58 56
65 49 60 57
63 43 59 59
70 42 61 56
67 44 55 57
63 42 58 60
63 37 58 54
67 40 57 56
64 44 67 56
66 45 56 54
65 43 59 57
65 46 60 58
73 44 61 58
58 43 49 56
65 39 54 61
61 42 52 58
66 40 52 64
67 41 56 62
67 42 51 59
65 43 51 56
67 44 51 67
67 40 49 63
72 44 56 70
75 48 54 63
75 44 60 68
72 40 55 64
70 44 57 65
75 43 57 66
80 44 61 71
74 42 56 69
76 43 54 65
67 42 56 57
66 40 55 52
68 41 57 56
64 42 60 53
68 43 56 57
70 41 60 51
69 42 55 56
64 42 59 56
69 39 56 57
76 55 71 58
82 50 72 65
68 49 74 56
74 55 70 53
68 46 70 53
72 52 69 53
79 51 76 57
69 46 69 50
68 49 71 54
68 48 73 52
67 56 76 55
71 55 69 57
74 51 74 58
68 52 77 60
79 51 77 58
68 54 77 57
76 51 72 53
74 51 73 62
73 40 62 57
72 39 55 56
73 44 61 56
71 45 59 61
75 44 60 57
78 46 64 57
75 43 61 54
71 41 61 56
71 39 57 55
75 45 65 62
71 46 54 58
70 48 61 55
73 43 63 58
77 41 61 59
67 47 63 59
74 40 61 57
75 47 62 54
74 51 65 61
70 42 60 57
73 40 60 57
71 42 59 56
100 59 84 68
102 53 80 86
93 65 91 81
101 60 86 85
103 69 81 77
86 52 82 66
95 53 73 78
97 60 95 80
108 64 86 77
100 69 93 72
106 63 87 82
99 60 80 79
91 67 91 80
104 66 86 86
99 62 84 78
89 62 82 74
97 58 92 74
98 65 92 74
95 58 81 70
94 71 78 75
96 54 76 86
95 61 72 69
100 68 89 81
105 75 93 85
101 61 84 69
106 53 81 70
100 52 81 79
103 58 81 76
103 77 92 82
94 62 86 76
109 72 80 75
110 64 88 81
99 55 78 63
87 62 72 71
105 68 90 87
106 60 96 83
106 63 96 79
93 63 72 75
95 72 79 74
107 68 84 79
113 58 82 80
99 55 82 75
96 49 79 79
102 58 92 79
90 60 76 69
92 59 77 72
96 60 87 87
91 61 83 71
103 55 81 68
100 73 76 79
97 69 84 76
109 68 96 82
101 68 83 71
97 61 82 79
101 65 90 77
104 55 86 76
93 57 92 82
102 57 93 80
104 61 98 84
100 57 76 82
103 57 83 82
102 78 93 73
93 57 81 75
93 62 80 78
115 66 94 85
108 73 77 73
103 63 84 87
107 61 78 78
95 73 94 79
97 57 78 74
80 58 78 79
90 51 80 74
106 64 84 74
96 63 92 75
115 65 87 81
101 66 80 90
107 61 87 74
97 62 87 76
92 62 80 75
102 67 84 72
90 55 70 72
99 64 86 66
97 68 98 77
98 53 78 82
98 73 101 74
89 78 86 74
94 71 80 86
101 70 79 84
104 63 84 88
106 65 83 78
106 69 82 86
103 71 86 77
104 61 80 83
101 55 73 85
102 67 79 75
113 71 89 69
98 67 81 77
99 56 74 75
100 63 81 77
102 57 88 68
87 55 81 69
109 68 98 76
106 55 86 78
99 65 82 81
89 72 88 83
104 59 88 70
105 57 92 82
97 59 76 86
92 59 91 85
91 62 94 75
99 70 88 86
90 60 83 82
91 48 85 75
102 59 86 74
101 57 89 77
92 73 75 79
97 78 88 79
92 52 88 79
101 66 81 80
95 55 82 83
102 61 84 80
106 68 91 79
87 59 77 79
101 64 87 77
95 71 93 79
97 51 80 88
99 72 80 81
94 67 79 84
93 59 85 76
103 59 86 84
102 59 86 89
100 51 81 77
112 70 86 75
92 55 73 72
97 65 80 73
92 65 75 71
105 58 89 82
90 70 94 68
95 67 74 82
100 63 82 80
111 66 91 72
99 66 84 86
105 62 90 77
115 53 91 79
97 64 74 84
104 67 85 89
90 73 69 74
105 55 89 77
90 60 73 91
99 71 92 76
101 64 76 89
101 55 80 70
108 60 87 87
100 70 90 74
103 62 82 80
110 60 87 82
94 66 78 65
103 62 86 88
104 65 77 79
102 72 85 84
99 57 84 77
104 59 89 70
110 59 91 82
86 63 83 68
102 60 82 73
104 52 84 72
108 61 79 85
83 52 62 60
107 64 79 76
103 60 79 81
92 64 76 77
99 58 79 72
106 70 88 75
94 61 81 62
98 69 102 81
90 54 75 65
104 70 90 77
96 58 75 69
116 61 79 80
111 52 78 75
100 63 90 84
103 51 79 75
108 63 88 81
93 64 85 71
102 69 85 72
92 51 79 80
95 58 95 74
90 70 92 80
110 68 85 76
93 71 81 67
90 63 82 78
109 66 95 85
90 66 81 73
113 61 85 71
97 67 73 88
103 71 89 76
100 61 89 88
93 64 81 85
97 59 75 87
93 48 72 70
107 60 79 80
109 62 83 81
104 63 83 88
97 62 90 84
102 67 84 75
99 68 78 75
107 79 86 68
106 53 85 80
107 70 76 85
87 58 82 76
104 66 78 80
103 65 87 77
99 57 88 77
99 61 93 71
102 66 89 79
97 61 78 78
102 58 87 75
107 53 89 81
97 69 93 79
99 64 74 84
97 62 78 86
99 63 82 75
90 58 79 79
95 53 82 77
108 58 86 90
97 59 89 80
86 66 79 85
97 60 74 78
99 60 84 82
97 63 77 90
103 61 88 89
98 63 87 84
99 65 90 72
97 57 89 81
108 65 86 85
103 68 87 74
91 64 84 69
102 63 79 83
110 58 87 73
103 68 85 79
106 64 84 87
114 55 90 83
98 54 85 76
100 73 82 76
100 67 95 75
96 68 80 71
101 65 93 74
96 62 76 79
103 70 87 69
102 59 81 69
106 68 86 71
102 63 90 87
101 68 72 75
100 62 78 77
108 66 84 80
87 68 86 81
105 61 84 78
97 57 83 73
89 59 78 69
105 71 85 86
104 74 79 76
104 58 78 93
99 63 76 84
111 64 83 82
103 59 80 75
101 65 93 79
99 62 83 70
103 68 83 78
93 71 79 87
106 68 85 81
108 61 93 88
103 62 83 87
100 65 86 72
102 74 85 77
111 69 94 73
104 58 93 79
99 57 84 70
101 68 79 86
91 68 82 83
94 74 89 77
103 58 86 75
95 60 84 77
106 58 75 81
104 70 93 81
99 71 76 74
99 61 83 81
103 65 90 82
83 53 75 65
104 59 86 78
93 70 81 79
99 63 90 83
95 66 80 80
89 56 68 88
100 58 80 82
107 67 83 79
92 57 84 67
90 62 87 77
97 64 84 84
95 64 75 75
94 64 94 75
101 62 94 83
103 65 98 68
105 67 94 78
103 51 79 82
103 62 84 68
97 57 80 90
103 66 83 71
93 63 77 81
101 59 86 76
106 71 89 79
87 59 82 73
93 59 82 75
107 66 87 89
108 67 83 75
100 69 91 79
100 59 90 74
98 69 87 87
113 59 94 92
93 62 81 86
100 62 80 82
104 62 84 86
103 58 92 74
102 65 95 81
94 58 89 76
91 60 74 72
102 65 87 83
98 63 86 84
99 64 94 73
98 72 87 81
97 65 79 81
95 56 92 75
102 66 87 85
105 67 79 80
101 61 89 75
101 63 81 67
99 67 79 80
94 65 81 81
98 58 84 80
88 53 82 70
104 68 78 85
114 63 81 86
95 61 71 85
99 67 95 78
99 58 77 71
97 65 86 81
108 66 84 89
103 64 80 80
101 71 88 80
98 54 81 87
90 69 74 86
94 62 75 77
97 56 83 83
84 50 71 69
105 61 96 82
103 56 91 78
100 59 82 77
102 57 90 76
111 70 91 73
94 48 74 72
105 63 82 87
92 72 93 81
98 58 80 70
95 63 78 72
92 61 94 77
100 59 77 80
98 70 78 81
93 53 84 72
98 59 80 76
95 66 85 69
87 63 72 72
92 65 86 87
91 55 90 71
106 58 86 81
100 62 83 75
94 52 76 73
110 57 87 68
102 67 82 82
104 62 92 72
96 70 94 76
96 52 92 81
99 62 78 80
97 68 89 66
107 57 89 74
100 65 93 70
96 67 88 73
102 74 77 83
102 55 81 74
108 48 92 86
98 73 78 67
105 61 83 72
102 65 81 78
94 65 84 81
94 69 86 79
106 67 77 84
98 67 71 88
98 74 81 83
103 64 84 79
95 57 88 75
81 57 85 69
97 65 78 77
93 59 87 77
89 64 82 69
85 58 88 88
97 51 75 82
101 53 79 63
96 53 90 76
104 68 93 81
101 57 85 91
92 68 82 79
104 82 91 71
96 55 88 70
106 53 84 85
96 60 74 69
98 63 75 80
96 72 87 92
98 65 82 79
97 58 81 76
97 70 89 85
109 69 80 69
104 61 85 76
95 58 80 82
97 52 78 78
100 59 84 78
109 67 92 82
103 60 83 77
89 63 77 71
105 69 88 91
111 69 75 70
107 74 90 77
104 60 87 77
103 69 85 73
104 63 87 84
103 65 84 84
105 55 84 77
92 53 90 86
110 68 96 81
99 66 83 80
89 64 84 78
91 56 88 84
117 57 88 75
96 60 84 72
92 54 72 75
104 58 79 78
101 63 90 77
86 55 85 66
102 58 85 85
99 76 73 82
94 60 92 86
93 63 93 80
97 57 80 71
102 64 85 71
103 56 81 85
100 57 85 83
106 54 84 74
98 60 93 83
101 57 84 70
96 62 81 83
88 58 78 79
101 56 91 75
99 57 82 62
104 59 84 74
92 62 80 74
90 60 72 75
99 64 73 82
98 58 82 80
100 69 91 74
98 54 80 85
102 68 77 75
95 61 84 79
104 59 91 74
95 55 87 77
83 53 71 73
97 65 81 77
90 55 80 60
102 69 84 80
97 62 89 83
105 63 85 76
96 68 72 77
104 62 89 83
92 63 89 83
94 62 85 84
93 56 84 80
98 55 81 76
98 65 80 75
101 59 84 80
102 49 82 79
103 60 95 83
90 58 79 63
91 54 75 71
97 58 88 75
94 66 84 90
106 58 80 90
96 53 87 70
93 67 85 86
94 71 77 74
98 53 84 74
101 63 90 72
88 61 69 71
108 60 86 76
101 75 85 76
92 51 83 92
92 61 81 87
99 57 87 69
95 63 94 80
99 73 95 88
103 58 96 76
109 68 83 75
86 63 79 77
91 59 75 77
98 68 89 87
101 63 72 83
101 55 77 83
92 52 80 77
101 60 87 80
99 67 86 77
101 69 81 81
94 49 79 71
113 66 89 79
99 62 78 81
102 71 80 80
98 64 78 69
104 58 84 76
101 62 73 86
101 62 85 74
96 69 87 77
105 64 84 79
99 66 76 87
91 56 85 74
87 52 78 72
99 60 86 77
100 61 78 74
112 61 84 86
96 63 77 75
102 54 74 71
97 63 84 81
96 72 76 74
98 66 88 69
94 59 84 73
104 58 94 87
93 66 73 73
106 58 90 81
99 58 71 81
98 47 76 79
95 57 82 77
93 60 79 80
99 68 88 77
103 52 82 87
102 59 81 80
108 72 84 86
87 68 80 80
93 57 75 75
102 64 82 72
90 68 89 69
103 63 94 65
100 64 93 80
104 72 87 66
98 73 84 80
94 68 93 76
102 63 83 86
90 58 86 73
103 65 87 73
97 70 77 73
98 71 90 69
102 52 96 72
90 59 86 81
100 53 81 73
108 63 86 78
95 65 86 79
98 64 87 79
105 65 84 85
99 72 82 73
107 68 86 81
95 57 80 68
105 59 90 73
102 53 85 71
103 57 74 80
110 61 87 78
99 67 95 84
100 53 68 76
96 58 95 74
110 56 82 76
100 58 77 70
106 62 83 78
100 59 95 83
81 54 84 74
94 70 86 65
103 64 79 82
92 64 78 80
89 60 88 78
101 55 86 70
107 62 88 80
98 53 83 73
106 59 86 80
94 68 88 68
99 62 86 85
112 64 89 80
103 63 77 70
101 62 96 80
106 53 80 74
100 72 77 76
95 62 82 88
109 64 75 73
105 71 81 71
103 69 90 83
90 68 89 85
103 67 87 67
98 50 82 73
92 64 86 76
103 59 85 76
99 59 90 81
99 56 91 74
97 77 82 79
97 72 76 68
99 69 79 86
97 54 81 85
103 58 90 79
101 60 85 92
96 57 86 75
97 66 81 78
76 52 64 72
109 65 88 95
99 58 86 71
92 62 83 74
106 57 94 77
101 70 86 75
99 56 83 75
106 58 92 79
89 57 79 65
102 65 86 69
105 66 80 81
103 65 80 77
101 66 84 73
107 70 87 86
105 70 84 72
97 65 82 72
82 62 85 72
98 66 83 83
105 61 83 85
83 63 77 73
98 64 88 70
97 59 79 78
106 70 74 86
98 50 83 76
97 69 87 87
94 68 82 78
101 62 82 88
108 63 83 79
104 61 80 88
106 54 92 77
101 61 75 74
97 66 79 77
99 58 82 73
109 59 78 77
104 66 81 78
96 56 83 75
96 63 82 77
88 72 95 72
99 69 91 81
91 66 87 72
73 46 58 54
108 73 83 80
101 68 76 79
102 59 76 80
102 55 79 80
101 65 94 69
89 61 85 70
95 58 84 71
104 55 95 82
104 68 80 83
99 59 83 72
103 57 82 79
98 57 86 72
93 62 85 72
104 63 76 88
106 70 88 84
92 68 93 84
104 73 80 76
94 61 79 75
102 61 75 71
97 64 92 75
99 65 91 77
93 67 84 87
105 59 81 74
96 59 87 89
98 73 95 84
103 62 88 71
95 55 93 81
94 68 79 87
94 58 82 79
94 63 84 80
100 64 74 83
100 62 87 75
101 65 89 77
91 61 68 71
69 54 72 64
95 69 88 82
102 60 78 77
107 54 83 83
99 58 83 74
98 58 72 85
101 60 84 78
101 68 92 79
95 70 78 79
99 54 88 77
102 57 73 78
95 56 88 79
95 60 81 79
97 66 81 82
96 58 81 83
102 60 88 70
101 62 73 68
104 64 78 78
99 70 96 80
105 51 96 79
97 66 74 71
110 63 77 86
90 64 80 74
85 65 71 78
94 57 84 70
104 73 82 86
108 71 82 77
94 68 86 79
104 61 72 75
92 52 79 74
106 72 71 89
99 62 83 96
90 60 86 73
88 54 70 81
97 66 81 70
95 66 96 83
100 62 76 81
98 66 90 77
102 60 88 82
94 61 79 83
94 58 87 79
106 63 88 73
102 69 84 75
87 50 77 79
102 63 79 71
92 65 87 68
104 56 71 86
101 62 90 71
102 59 86 80
106 64 78 80
98 52 82 79
89 64 73 72
107 69 86 73
108 54 86 72
90 68 74 83
99 62 81 76
91 50 86 81
98 70 73 74
95 63 80 77
86 61 87 71
105 58 79 83
98 66 76 83
103 57 84 67
107 63 82 84
93 56 76 68
94 69 90 72
94 55 80 73
99 64 92 81
95 63 78 88
116 70 82 76
104 62 72 76
96 60 79 71
99 63 74 77
101 63 89 70
102 68 87 77
103 70 88 80
105 57 88 80
102 61 82 75
98 63 83 77
93 62 77 70
98 57 80 83
104 56 89 86
102 61 81 79
99 61 90 70
90 70 82 78
110 69 82 76
101 61 93 80
100 66 78 77
92 64 89 84
97 60 86 76
93 63 84 79
90 57 77 82
96 50 82 68
107 64 81 78
96 55 73 75
105 59 77 82
99 66 86 88
110 67 85 89
102 71 75 78
102 57 83 86
91 71 86 83
100 68 82 82
97 60 79 82
107 65 82 77
101 63 91 81
102 61 80 77
102 63 93 80
103 62 77 74
99 56 83 74
103 73 81 87
111 69 77 86
104 58 95 72
111 62 87 79
101 59 89 67
105 59 95 85
106 54 81 80
96 55 77 73
99 62 71 86
103 60 76 72
92 57 82 75
96 66 86 81
101 67 83 80
67 37 61 56
99 57 93 77
96 60 90 73
108 72 75 78
89 60 86 77
93 68 92 81
100 53 89 77
100 64 83 85
86 66 84 75
95 70 86 85
102 75 84 82
89 69 86 91
96 71 89 67
105 61 88 86
100 62 77 86
101 58 91 74
114 59 80 75
97 57 81 84
98 59 84 82
101 55 89 70
94 64 80 83
103 70 92 74
105 68 89 71
95 60 78 84
100 73 86 74
102 60 72 76
102 70 86 77
101 73 80 82
105 66 92 77
101 67 89 81
101 60 93 81
93 57 78 77
100 58 76 80
97 70 94 77
99 66 87 68
97 66 85 76
96 68 84 77
92 58 87 63
113 54 91 80
99 63 79 84
104 64 87 75
101 60 80 83
106 57 77 78
95 57 88 71
109 69 76 68
104 62 75 79
100 56 93 83
109 60 88 75
84 60 81 68
100 62 84 75
101 66 83 65
95 60 71 74
103 57 82 82
94 69 82 85
108 66 79 72
92 70 93 89
91 58 75 64
99 57 75 67
87 52 73 70
100 68 77 78
94 66 86 77
112 59 80 77
103 57 88 81
90 54 72 76
102 61 93 84
95 58 83 84
101 73 86 77
107 55 92 69
94 58 82 84
105 60 94 74
101 70 88 79
106 57 82 74
95 53 75 73
96 62 85 77
99 65 83 84
102 64 81 66
108 70 87 77
104 62 82 76
100 54 83 75
109 70 91 78
111 64 91 83
96 63 83 76
102 56 90 73
97 76 91 84
94 69 86 60
88 63 80 74
97 65 80 74
102 58 84 74
94 60 88 86
94 61 82 68
107 83 89 76
94 74 85 77
93 55 91 80
92 68 82 79
108 70 87 82
95 65 80 70
100 61 87 79
97 60 85 89
103 59 83 75
104 58 79 87
103 67 93 78
91 67 82 74
82 65 85 80
98 67 81 60
95 65 81 87
113 62 80 80
93 60 75 87
90 63 74 69
97 57 84 75
88 68 84 78
90 64 82 84
100 65 84 81
100 58 74 74
96 75 94 82
96 64 80 66
83 49 71 68
100 62 90 72
105 63 84 74
100 59 87 74
102 56 90 79
94 56 85 81
101 65 80 67
100 61 87 82
109 58 91 76
98 63 73 84
84 57 85 73
81 51 70 63
105 57 82 81
97 63 86 72
100 61 78 78
92 60 77 78
94 64 79 83
97 75 82 78
100 58 80 73
104 52 84 76
92 61 82 78
109 54 83 72
104 63 85 75
105 64 92 84
106 66 86 71
98 62 86 85
106 76 82 79
87 57 75 64
99 69 89 78
106 70 77 81
98 54 92 77
97 63 84 86
92 61 93 82
95 59 70 72
104 67 78 75
101 62 82 76
98 78 80 83
111 60 78 86
99 59 85 85
95 63 82 75
102 65 88 74
105 53 90 74
111 58 88 81
96 59 89 78
105 59 75 80
106 65 85 91
91 61 94 83
111 65 88 78
100 62 90 68
107 61 88 73
90 55 76 76
105 67 84 69
102 58 80 75
105 53 68 77
97 69 84 75
101 55 90 88
95 59 84 82
97 57 69 74
95 69 80 78
108 66 80 78
98 56 84 72
99 66 81 79
90 62 71 79
96 62 85 91
99 61 84 82
87 57 71 77
93 62 92 76
94 63 83 77
97 59 90 86
80 65 80 70
108 67 85 76
112 60 93 88
95 61 74 79
104 69 93 77
99 68 82 75
102 71 85 81
102 61 89 82
98 54 80 76
98 63 91 81
102 65 86 78
106 64 95 75
97 54 83 75
101 51 82 77
100 62 87 78
99 62 87 70
99 58 85 73
102 62 86 76
102 64 88 76
94 60 75 77
107 59 89 86
106 70 88 86
97 54 88 79
99 68 88 78
98 60 85 83
93 58 79 60
100 65 90 82
102 60 78 82
95 53 87 75
99 56 87 85
88 56 76 67
86 58 82 76
100 54 85 74
105 68 75 76
103 69 81 74
101 63 83 83
100 60 83 84
107 63 85 87
102 58 88 78
75 54 74 73
101 65 94 74
102 68 89 69
98 51 70 83
96 63 79 87
93 61 78 88
106 72 78 75
95 68 88 74
93 59 92 78
97 56 90 85
108 63 84 79
98 63 82 78
97 62 79 80
106 56 84 74
92 68 95 79
104 54 88 75
91 60 83 78
94 77 91 78
104 70 94 78
96 71 91 90
98 68 91 72
98 59 89 75
103 61 76 80
86 68 89 78
105 61 84 80
102 58 81 79
105 61 79 75
103 59 82 72
104 62 83 67
93 60 76 71
102 59 84 80
99 52 80 75
113 63 88 83
109 55 83 90
106 68 92 80
101 66 76 69
89 56 74 76
87 49 79 75
111 66 86 73
98 56 96 82
101 78 92 76
101 59 86 88
98 66 83 72
103 55 78 75
101 72 84 80
102 69 82 81
108 57 90 75
101 61 85 72
90 59 84 67
98 73 86 70
99 59 82 75
96 69 85 75
100 61 91 72
109 63 96 79
103 61 88 74
99 54 85 83
94 63 83 77
109 62 63 83
103 59 80 79
98 46 82 76
95 67 79 85
105 71 92 68
103 67 78 82
99 69 81 81
91 68 74 75
89 59 79 72
87 69 81 82
96 74 81 80
89 50 78 77
93 71 87 80
104 66 81 72
116 66 90 96
101 68 86 64
93 57 74 80
104 56 95 81
94 54 89 70
107 72 91 76
99 57 77 69
94 58 70 75
107 70 81 80
103 74 92 72
106 63 83 90
103 58 82 79
88 56 80 82
101 66 88 83
96 73 91 77
109 61 87 75
86 55 88 67
101 56 77 83
103 58 86 80
98 56 71 80
100 58 72 89
100 62 80 84
96 59 85 88
99 61 79 86
98 56 81 73
104 64 84 86
105 72 91 83
92 53 79 78
89 65 79 71
94 65 85 78
96 67 73 88
101 66 90 86
99 67 90 79
98 56 79 73
107 54 86 70
94 62 85 83
96 61 90 68
105 63 81 73
100 65 83 72
91 63 85 82
103 52 79 71
95 58 77 69
102 59 72 76
93 60 82 69
100 67 85 85
107 68 91 79
89 62 75 83
105 64 83 81
99 64 83 76
96 65 75 80
92 54 83 76
96 65 84 68
89 56 86 69
97 64 84 82
98 63 79 68
106 58 88 73
99 53 81 72
104 61 84 72
102 68 91 67
101 67 85 81
96 60 82 65
92 70 70 73
91 60 80 88
88 48 69 69
86 73 92 76
109 50 77 70
102 55 85 75
94 67 86 80
108 66 79 72
99 63 82 71
91 64 86 73
102 63 94 88
100 73 83 82
103 69 73 80
101 62 85 81
105 67 88 80
99 61 94 79
103 59 79 80
104 61 88 75
95 50 87 86
95 62 82 85
97 72 90 79
105 59 93 75
92 52 82 77
100 78 91 81
97 66 75 71
104 58 83 70
100 68 83 78
99 68 73 83
101 58 79 72
102 64 89 84
97 63 79 77
95 58 77 81
78 63 90 79
101 66 82 80
108 60 86 82
102 63 86 79
88 55 83 70
99 74 85 79
94 53 80 78
89 64 86 75
104 67 83 78
93 59 80 82
104 58 88 71
103 59 76 82
98 55 85 80
88 53 85 68
89 60 88 73
110 66 86 83
99 67 81 74
102 66 81 76
98 53 83 78
94 71 85 82
105 53 83 83
95 69 75 73
94 55 69 78
106 52 94 84
99 56 88 79
88 59 91 70
110 61 84 79
98 67 76 87
107 65 93 71
108 57 83 73
96 63 83 71
103 64 86 72
96 61 82 72
103 71 85 76
108 58 83 81
90 54 83 74
101 54 92 75
108 66 81 69
93 60 87 81
109 65 82 80
92 63 89 75
105 66 82 78
95 69 84 84
96 59 89 79
101 72 83 82
104 59 79 71
93 74 79 70
104 53 85 73
96 64 86 74
94 60 85 78
96 60 77 79
107 56 88 81
93 55 80 81
96 63 85 74
96 65 86 70
96 63 88 86
96 59 79 70
101 64 76 84
97 58 86 74
88 65 91 73
111 61 89 86
95 64 79 78
88 59 74 72
109 60 79 72
90 60 75 75
76 59 76 80
102 67 88 76
92 60 75 69
97 57 88 81
90 69 81 81
100 68 86 83
97 64 85 88
85 57 83 74
105 53 75 78
93 69 79 77
104 62 83 71
105 56 77 82
95 59 73 80
92 71 80 74
95 68 79 70
97 68 82 81
90 62 89 81
103 70 82 69
101 59 89 74
97 70 90 77
96 58 77 91
102 52 86 75
102 53 84 83
92 66 85 78
103 68 84 80
75 45 60 60
101 64 94 81
98 56 86 81
107 57 87 81
100 55 74 67
95 66 71 78
100 69 80 81
102 61 82 81
92 55 78 71
100 67 82 79
94 69 78 84
108 61 93 80
97 64 90 84
93 69 92 68
97 61 74 77
96 66 85 65
99 51 86 77
105 56 78 87
102 58 74 85
90 56 80 81
106 66 92 85
109 68 88 79
85 61 78 81
87 68 75 76
98 64 96 72
106 61 81 73
97 57 86 79
92 66 78 94
98 60 86 71
94 57 77 78
92 54 70 81
107 69 83 82
94 60 76 73
100 59 87 73
97 74 100 78
103 58 80 64
96 60 92 71
111 64 77 82
87 72 89 79
103 59 89 79
111 62 87 76
105 61 86 72
101 60 86 80
101 56 91 90
102 76 85 68
88 53 87 84
104 62 80 72
93 55 82 69
99 68 69 76
100 64 77 75
106 64 94 66
102 58 83 80
90 62 79 78
114 63 83 85
98 59 90 84
106 57 98 72
107 66 90 92
95 64 89 75
95 70 82 74
98 56 89 79
102 75 86 77
102 63 78 77
101 65 85 71
106 58 81 68
101 61 74 88
98 55 82 75
93 62 80 66
89 68 78 66
88 63 83 72
93 70 77 80
91 59 85 71
96 60 73 84
106 59 84 75
95 64 80 70
93 62 76 76
106 66 88 79
101 69 82 68
106 74 75 77
104 54 80 75
96 63 75 85
102 61 78 83
94 59 82 85
104 57 88 76
96 66 96 78
101 62 83 68
90 70 86 91
96 58 89 80
96 65 83 83
93 69 84 77
99 65 80 88
101 59 76 77
102 68 81 76
99 57 81 81
98 63 87 68
95 66 79 80
105 63 93 90
96 66 91 82
97 58 86 72
100 59 88 93
96 60 80 72
91 63 87 77
99 65 85 75
92 69 77 79
100 61 85 76
93 55 90 76
100 61 84 80
97 61 89 72
94 72 83 77
96 50 85 75
108 60 81 82
110 72 95 76
98 63 86 78
100 55 86 72
98 60 83 78
97 60 82 72
99 64 76 85
104 64 72 71
94 64 103 82
98 56 81 74
91 59 85 80
103 68 86 77
105 68 87 75
94 58 83 80
93 48 75 69
98 65 84 78
86 56 80 87
108 65 91 78
102 67 86 76
97 58 85 79
92 59 92 78
98 70 79 77
106 60 83 76
115 64 84 79
93 58 84 82
107 63 88 89
105 62 81 72
104 66 83 78
90 64 86 82
102 65 85 77
106 62 68 82
102 64 83 79
105 64 78 72
97 65 91 76
98 59 78 75
100 71 91 89
105 50 75 83
99 67 87 73
90 62 89 74
111 53 85 68
97 66 78 82
93 66 93 77
89 52 65 67
101 56 92 72
102 60 93 84
106 60 84 78
104 64 88 83
100 68 84 70
99 56 84 68
96 63 86 75
105 63 69 66
92 54 80 82
95 61 88 80
90 52 82 72
84 64 88 76
113 62 89 75
108 68 88 88
112 61 93 86
83 43 65 59
96 68 89 78
100 52 73 77
84 56 80 76
102 59 94 86
99 58 87 76
94 61 87 81
84 47 89 68
97 62 82 78
99 54 85 66
106 51 90 87
99 62 83 87
106 62 81 80
90 56 90 80
105 71 87 79
99 65 85 73
105 69 88 73
101 56 89 88
92 57 80 77
100 59 77 83
88 75 92 81
95 55 82 78
99 71 82 75
109 57 75 87
113 55 83 79
93 67 80 80
96 60 89 81
104 53 82 78
104 64 88 74
91 50 81 67
84 67 88 68
95 67 81 75
101 61 74 82
94 63 92 77
94 64 90 73
100 58 83 76
91 66 80 91
108 69 90 75
91 69 79 74
98 60 97 83
99 64 85 73
100 60 88 72
100 67 84 77
103 61 84 79
88 58 74 86
97 69 80 83
101 65 91 87
93 59 76 75
98 57 92 70
105 72 87 64
108 64 78 79
102 59 86 83
105 63 88 68
95 65 88 81
105 57 81 82
107 63 82 80
96 62 87 76
95 66 88 76
102 58 65 76
97 64 80 73
96 56 77 75
106 73 86 83
107 62 83 83
91 55 72 87
95 65 75 78
94 56 79 80
95 61 90 84
92 66 89 78
105 62 93 81
105 67 81 78
101 60 69 73
95 66 75 75
109 72 96 86
88 58 84 75
87 62 76 78
103 78 93 79
99 56 84 79
100 57 83 67
84 56 66 78
98 65 77 91
93 59 63 71
109 63 89 80
98 61 86 77
103 63 80 79
98 54 82 79
99 65 91 81
86 56 81 79
95 53 72 77
95 57 82 75
87 52 81 68
104 69 92 68
98 58 72 80
93 55 74 75
98 61 79 76
103 74 83 89
100 53 84 76
107 56 80 77
99 53 77 90
94 71 85 73
105 63 86 79
100 59 88 84
96 57 79 77
105 61 84 81
104 66 85 88
95 66 86 77
89 61 82 72
94 56 80 69
96 51 92 73
96 64 81 76
88 64 81 79
92 63 77 73
100 57 78 73
100 67 90 74
118 54 80 79
108 60 83 82
102 67 93 83
99 64 82 80
97 59 79 68
89 56 76 74
92 59 86 80
116 61 83 75
103 50 84 75
98 55 80 81
100 56 79 80
105 49 79 82
99 64 83 78
99 59 98 87
100 59 83 87
107 65 96 79
99 63 87 78
97 64 90 77
100 60 78 67
89 52 78 82
101 54 86 80
98 63 88 83
80 56 77 67
103 55 80 71
92 65 85 75
108 59 80 80
98 59 85 87
93 71 91 80
103 61 85 69
98 69 90 79
99 66 82 81
106 70 78 82
106 60 81 85
92 73 92 68
98 73 85 77
110 57 86 93
101 58 82 80
95 53 79 77
97 57 81 73
99 65 85 79
97 62 79 74
105 61 88 85
108 66 91 82
91 70 80 87
100 59 72 74
95 55 80 76
101 70 79 70
108 79 87 98
85 55 78 66
104 63 82 88
95 57 90 83
98 62 81 73
101 64 83 74
95 56 79 86
101 61 73 73
104 61 82 75
99 55 96 75
108 57 85 76
103 61 83 77
105 57 86 87
91 55 71 78
91 58 80 85
102 54 79 78
96 57 79 81
104 50 77 69
95 65 95 74
88 57 85 82
94 61 75 74
88 51 85 82
101 67 87 82
92 58 82 76
101 74 91 78
102 61 87 79
104 61 75 78
69 51 77 56
95 59 75 84
98 66 86 87
103 69 87 81
100 69 89 78
96 58 87 88
98 57 79 72
100 66 77 85
97 65 83 69
91 60 85 80
87 57 76 62
98 71 88 82
99 48 87 76
93 61 70 77
103 66 87 75
106 56 87 68
92 73 84 83
98 57 89 74
93 67 81 85
101 62 88 72
119 54 93 87
96 65 76 74
104 65 88 75
83 55 75 68
105 63 75 77
96 59 76 85
110 61 90 84
94 72 93 79
102 56 84 76
100 66 88 73
100 61 91 70
100 60 86 77
106 67 84 88
107 70 78 85
100 64 81 68
103 60 84 81
90 54 76 71
102 54 96 69
101 51 74 86
102 65 77 71
103 57 95 73
100 64 84 72
96 63 77 74
93 67 79 74
96 55 71 85
93 73 84 74
89 63 88 73
98 54 80 74
100 69 79 77
100 70 85 76
103 61 93 79
89 58 89 81
90 68 78 74
100 66 87 79
93 49 84 70
95 56 89 84
96 57 74 82
103 56 78 88
104 56 85 82
97 57 77 79
90 59 86 82
103 69 76 80
104 56 84 83
98 70 79 84
107 64 87 82
106 65 88 74
64 51 57 62
56 43 51 54
59 51 59 54
69 52 56 58
70 53 57 64
62 48 56 58
62 51 60 54
71 53 60 59
63 52 59 57
77 48 60 61
63 50 59 54
62 47 61 57
69 50 59 62
65 48 62 58
66 51 57 62
62 48 56 61
63 47 58 60
60 49 56 59
65 48 63 62
62 47 61 59
66 50 56 56
63 49 57 57
67 54 64 64
64 49 63 60
62 46 54 58
62 50 59 55
62 49 62 58
65 46 57 59
66 47 62 56
59 50 60 57
68 56 63 58
62 53 57 65
67 49 58 63
66 47 60 59
65 50 59 59
66 46 55 60
58 51 56 60
57 52 60 59
65 51 59 63
62 48 53 60
61 45 57 62
65 51 52 63
62 51 56 61
61 49 58 57
58 49 58 59
63 51 58 59
62 50 62 61
65 49 62 60
63 45 60 55
61 51 58 58
69 56 61 61
63 49 58 56
59 56 59 59
64 51 61 59
64 50 55 58
68 48 57 56
62 50 55 61
61 53 58 59
60 54 60 62
67 47 59 64
56 51 56 60
65 50 56 61
66 51 58 59
62 47 57 58
62 52 57 57
69 49 60 57
64 53 60 64
63 51 60 59
62 46 57 56
62 53 57 60
61 49 53 61
55 51 54 59
64 50 62 61
66 52 59 58
72 48 61 66
62 51 62 58
64 50 60 65
58 47 60 58
66 42 56 61
61 47 56 59
62 51 56 62
62 48 63 64
61 46 57 59
58 51 56 57
63 49 57 60
64 52 60 60
65 51 58 66
69 52 62 63
66 54 64 65
68 48 58 60
62 51 56 60
64 50 55 63
58 49 56 55
60 49 57 56
62 52 56 58
66 51 58 64
54 47 51 56
60 46 49 57
67 49 60 61
65 51 61 58
58 48 56 58
59 48 52 59
61 50 57 57
66 51 58 61
65 50 57 63
63 50 58 62
68 44 56 66
63 49 59 57
60 54 57 59
62 48 60 55
60 51 58 57
64 50 58 60
58 49 56 65
62 49 56 59
59 47 53 61
56 51 52 59
62 48 56 57
70 54 60 58
68 53 61 66
63 46 57 59
64 52 57 62
64 52 64 67
63 47 57 59
63 49 52 56
61 51 60 57
61 51 52 60
61 50 51 54
56 47 58 56
60 45 56 60
63 46 57 59
64 48 58 66
61 50 61 57
56 47 55 64
64 50 59 59
88 70 85 80
62 54 57 60
59 48 58 58
60 47 55 65
54 46 56 57
62 42 54 64
61 49 54 58
62 48 61 57
61 52 58 59
63 49 57 60
59 46 56 53
63 52 54 57
65 47 56 55
66 50 55 60
89 64 75 81
63 49 57 56
66 53 58 56
61 47 53 57
67 50 62 60
59 55 58 60
61 52 59 59
63 50 57 59
65 52 58 58
68 56 57 55
58 48 51 60
67 51 60 60
59 49 52 61
61 48 54 59
64 53 56 59
66 47 59 58
59 48 57 55
71 52 60 60
70 50 59 63
65 54 64 67
65 45 57 62
66 54 65 66
65 45 58 64
62 46 53 61
75 53 62 65
60 48 54 58
63 52 55 57
64 49 54 59
61 44 55 59
61 48 60 57
62 51 61 56
62 50 55 61
78 50 64 66
63 49 58 60
64 48 58 60
59 51 58 63
68 48 59 67
64 51 62 55
60 51 58 57
66 55 57 59
59 49 59 58
66 53 61 61
64 47 57 64
64 51 56 57
62 51 60 62
64 48 56 59
65 47 58 64
60 51 65 58
64 48 63 58
65 52 60 59
59 50 56 63
66 43 60 58
68 46 59 57
66 46 60 59
63 45 58 58
71 46 58 58
67 44 59 58
64 41 58 57
69 44 62 58
65 41 60 57
65 40 63 54
68 44 63 59
70 50 66 59
71 47 65 58
66 46 62 62
66 45 58 59
66 42 59 52
67 43 63 59
67 39 62 59
66 43 61 55
66 49 64 63
64 42 56 53
73 48 66 60
65 38 58 62
68 42 62 61
65 44 57 57
65 42 58 57
65 40 60 54
71 47 62 58
70 44 63 61
64 43 60 56
66 44 63 57
66 45 60 56
65 48 61 61
65 42 61 55
65 43 58 58
67 46 61 58
68 44 61 61
66 44 60 60
74 48 64 65
67 46 59 58
64 42 58 56
68 45 60 62
65 47 62 59
68 45 63 56
68 47 61 58
64 39 56 56
67 43 57 55
64 41 59 56
66 50 64 58
70 44 60 66
65 46 65 63
64 42 59 55
64 43 58 57
70 48 63 64
67 43 60 54
69 48 61 60
65 42 60 56
68 39 58 59
66 44 62 57
67 43 61 63
65 43 58 53
62 40 58 50
71 48 61 61
65 43 54 52
66 48 61 62
62 42 57 55
70 44 64 57
68 47 58 60
66 47 57 55
70 46 62 59
69 45 64 62
75 44 62 58
68 47 59 57
65 41 57 56
69 48 60 56
69 44 61 53
69 42 64 62
62 42 60 58
65 45 61 56
65 42 60 60
70 44 63 56
65 44 61 56
73 44 60 57
65 43 62 60
68 40 58 59
67 42 56 56
70 45 59 56
65 44 59 58
66 47 60 59
71 46 64 59
67 47 64 60
65 43 60 58
66 45 65 57
64 49 63 61
66 43 59 62
64 44 59 57
69 46 65 59
69 50 57 57
66 45 57 58
67 47 56 60
66 42 60 62
68 46 61 61
70 45 59 53
71 45 62 58
68 44 59 59
63 39 61 58
63 41 58 60
64 48 60 59
67 44 60 59
65 49 65 56
64 43 61 55
63 47 63 56
67 40 54 52
72 50 60 57
63 44 59 52
66 39 59 62
63 41 57 57
67 43 63 59
72 45 63 54
69 43 60 60
64 41 57 61
71 46 62 53
68 51 61 59
71 50 62 63
65 45 57 58
68 46 59 54
64 44 60 54
66 39 60 62
67 44 60 56
66 41 65 63
62 44 57 58
64 42 59 53
63 40 53 52
65 41 61 52
67 45 57 55
71 47 61 58
66 45 62 62
64 40 60 57
65 43 60 58
66 41 60 56
69 46 66 64
69 46 56 58
67 44 59 59
66 42 58 57
67 45 57 56
70 43 64 60
65 44 58 57
69 45 58 61
70 44 57 57
63 40 59 57
65 46 61 53
70 46 63 61
71 47 64 55
70 46 58 61
70 52 62 63
69 44 58 58
66 43 58 59
69 50 60 62
65 42 57 60
68 39 61 59
67 46 60 61
64 44 60 58
70 49 61 58
66 45 58 56
68 43 60 62
65 43 57 57
71 45 68 61
68 45 60 56
66 44 57 54
68 46 57 57
64 43 61 59
60 43 58 60
66 41 56 57
69 48 63 62
64 51 59 58
63 42 58 57
68 42 62 56
67 48 60 56
65 43 58 55
64 42 59 57
67 41 59 58
63 45 59 56
69 42 59 53
69 44 69 59
67 47 60 60
67 44 58 54
65 45 59 56
69 46 62 59
71 50 64 59
66 44 56 59
66 44 54 57
62 44 61 55
68 45 55 58
72 54 67 61
71 47 60 59
67 45 59 61
64 44 59 60
69 46 59 56
63 44 59 54
65 45 60 58
67 46 59 57
66 43 58 56
67 46 56 53
71 46 55 56
68 46 59 58
67 43 60 58
71 44 60 58
75 44 61 60
69 47 57 62
73 45 58 54
72 46 58 58
72 41 57 58
71 42 61 54
66 41 56 59
69 42 59 58
73 45 59 58
73 43 59 60
67 44 58 60
72 45 57 58
67 43 55 56
66 46 58 59
69 42 56 58
69 44 58 56
69 41 59 57
73 45 59 63
66 41 57 58
66 42 61 57
70 44 61 58
70 40 64 58
69 46 57 59
70 43 58 56
69 43 57 59
71 43 59 55
68 42 58 61
67 43 57 59
72 43 60 55
68 43 56 56
68 46 57 61
68 43 57 60
71 47 57 59
68 43 55 56
72 44 58 56
71 45 56 59
68 45 57 55
72 44 59 61
70 42 58 62
73 41 63 57
68 42 56 59
69 46 59 61
69 41 62 59
68 42 58 56
66 42 56 58
67 43 57 59
70 45 61 57
70 45 56 60
65 44 56 59
69 46 59 61
69 43 59 53
71 44 60 59
73 45 60 54
72 44 60 59
68 43 61 57
69 40 58 59
71 43 57 56
65 46 56 56
70 50 58 63
68 42 59 56
64 43 58 58
73 44 57 62
70 41 58 57
67 48 57 64
71 41 63 58
70 42 57 58
68 43 60 56
70 41 57 59
70 45 60 59
66 46 59 53
69 44 56 60
70 45 57 61
69 42 59 57
69 43 55 56
68 42 57 59
74 45 60 58
72 44 59 61
66 46 57 59
65 43 55 59
71 45 59 60
74 42 61 63
70 43 56 59
69 41 61 54
68 42 57 56
71 41 59 59
71 46 59 57
70 45 57 59
66 41 61 57
67 43 59 59
69 46 56 57
70 43 55 60
67 44 57 60
70 44 58 59
70 43 57 56
72 43 55 55
69 39 62 55
72 39 58 56
68 47 57 60
73 45 61 57
70 43 60 58
67 46 57 55
73 43 59 57
70 42 57 57
74 43 61 55
65 42 57 60
71 45 59 56
71 45 59 58
67 43 59 55
73 40 56 59
73 40 56 59
68 43 59 60
72 44 59 64
68 48 58 57
72 43 60 59
69 40 56 58
71 46 60 62
76 42 60 63
66 39 57 58
72 42 57 56
70 44 62 58
69 46 57 56
69 45 57 58
68 40 58 60
69 42 56 60
74 45 61 61
70 40 59 55
73 46 62 62
69 43 60 60
70 42 64 56
72 45 54 57
67 41 58 54
69 46 58 63
72 47 59 61
71 45 57 61
70 46 58 58
71 41 60 58
73 45 56 57
70 47 56 58
67 43 58 59
68 44 58 59
67 42 59 57
68 42 55 55
70 43 56 57
67 45 57 56
71 42 58 58
70 44 57 61
67 45 57 63
70 43 59 59
66 41 57 58
71 45 57 54
68 45 59 56
69 42 58 59
70 42 57 55
73 43 60 56
72 45 60 63
72 43 58 58
73 44 59 64
70 43 59 60
68 44 58 58
67 44 59 63
69 45 59 58
71 43 56 63
73 44 58 60
71 43 60 59
71 44 60 59
68 42 60 57
69 42 58 55
73 42 57 59
68 44 60 56
67 47 57 56
71 41 59 56
69 46 57 57
70 44 56 60
67 46 56 58
69 46 59 53
66 44 55 62
65 42 57 61
69 44 56 58
68 43 56 58
69 42 56 57
71 43 59 59
66 43 56 55
70 44 57 55
68 43 62 60
68 45 56 58
71 41 58 55
70 42 59 60
68 43 59 60
67 46 57 58
67 42 60 59
65 42 57 57
71 44 56 62
68 44 60 62
67 42 58 61
68 39 56 59
66 45 52 62
65 48 48 60
74 43 55 64
67 42 52 62
65 45 50 62
63 45 54 61
61 46 52 60
65 39 51 63
65 38 50 59
72 42 54 65
69 43 51 63
68 38 49 57
62 44 46 54
63 40 48 54
62 46 56 61
72 43 50 66
63 39 50 56
61 39 45 60
66 42 47 56
66 43 49 61
64 41 49 64
67 43 52 65
64 42 50 60
68 41 51 60
68 48 52 65
64 42 54 59
70 44 52 59
71 44 55 61
61 44 50 59
67 44 52 63
72 43 53 57
63 42 51 59
66 43 53 61
66 41 52 59
66 41 50 59
65 39 51 60
68 44 52 62
67 44 54 63
67 43 48 64
70 38 47 55
71 46 51 65
66 45 53 60
65 43 52 59
99 56 78 84
63 43 49 60
65 43 51 59
64 42 51 60
63 41 47 58
66 44 54 59
63 45 45 59
63 47 50 67
73 43 54 72
67 40 51 62
63 40 49 59
70 42 56 55
65 42 52 61
68 46 54 61
63 36 46 59
66 41 50 55
65 42 55 62
67 42 53 55
68 43 52 57
62 44 52 56
73 46 56 67
62 42 54 61
69 46 56 62
66 40 47 58
68 44 51 64
69 42 49 58
63 43 48 62
69 42 52 58
68 39 53 62
66 44 52 61
69 47 53 61
95 57 78 83
68 46 51 66
64 39 48 59
68 41 53 54
62 43 51 62
65 45 50 64
64 40 51 62
70 45 51 63
67 42 49 62
64 42 50 61
63 40 50 59
64 41 48 56
69 40 49 66
68 43 50 59
68 45 52 58
67 39 55 57
65 43 51 63
64 43 49 63
66 43 58 62
67 45 51 63
66 45 54 63
69 43 53 59
71 42 54 68
66 41 47 61
67 48 55 63
64 43 49 59
62 42 50 60
66 43 50 62
66 39 56 66
66 44 52 60
67 44 49 61
66 42 52 67
58 38 49 58
67 44 55 56
66 44 49 63
63 44 48 59
61 41 52 57
67 40 50 63
71 44 54 61
62 44 51 61
64 40 52 60
58 43 47 57
65 43 52 63
66 42 54 63
67 41 50 56
62 40 52 60
62 41 55 62
64 40 54 57
64 42 48 63
69 42 51 60
99 55 80 75
66 42 50 63
69 41 52 63
73 45 55 68
61 41 48 59
67 42 50 61
62 40 51 59
60 42 47 60
63 43 52 60
68 40 50 61
67 44 53 65
71 42 51 67
66 42 52 58
97 56 85 82
66 43 50 61
66 44 53 56
66 41 50 63
62 41 47 60
69 39 49 58
65 45 54 61
65 40 55 58
62 39 48 61
65 42 49 60
65 46 49 65
71 44 47 62
66 42 51 60
69 41 55 56
66 41 51 58
64 46 50 68
65 40 46 59
68 42 49 62
62 42 51 59
68 43 49 60
64 43 48 57
65 37 51 63
69 42 49 62
73 44 50 59
67 43 53 66
68 43 51 67
61 42 50 58
69 42 45 61
65 39 46 62
62 44 53 60
62 41 50 61
67 42 51 65
68 38 50 60
71 47 48 59
69 40 53 61
67 43 50 61
63 45 49 63
68 43 50 57
69 42 54 60
60 40 49 60
66 40 50 63
71 46 54 68
69 45 46 58
64 41 48 59
61 39 48 57
60 37 50 57
68 41 51 60
61 47 49 61
65 43 50 63
67 39 53 64
73 43 56 66
65 42 50 56
65 41 49 61
62 43 51 59
69 43 51 61
63 39 48 58
66 43 54 61
66 44 48 57
70 42 54 60
68 40 49 60
69 44 48 58
69 42 51 68
76 41 55 68
75 44 56 63
73 45 57 69
75 41 56 65
74 46 55 67
71 42 54 63
74 42 59 66
74 42 57 62
76 48 61 67
73 44 56 63
73 45 55 67
76 40 56 61
74 40 55 66
79 45 60 67
73 43 55 61
73 42 55 63
74 43 58 68
76 48 62 65
76 41 57 64
77 43 56 68
76 46 54 66
77 42 60 66
77 41 58 65
78 42 58 68
78 45 59 66
81 45 61 70
78 46 61 65
73 42 58 62
75 43 59 66
86 44 58 78
75 42 53 70
75 44 60 65
73 44 56 62
84 46 71 68
72 45 58 67
75 48 66 76
72 44 57 62
76 44 58 63
71 44 56 64
74 40 54 64
74 48 60 71
79 45 55 65
73 43 57 65
79 42 58 64
77 47 53 70
76 46 53 63
76 44 55 68
74 41 56 67
78 46 62 72
77 41 56 65
72 42 57 65
81 44 60 66
76 46 61 66
82 43 65 73
73 43 58 61
74 43 56 65
70 46 56 64
79 44 54 68
75 44 55 65
71 42 57 67
75 44 57 63
77 42 59 66
80 43 61 69
76 46 57 67
77 45 55 64
72 40 57 66
73 42 54 64
74 40 57 66
74 45 57 65
81 45 61 66
76 45 57 68
75 43 57 63
77 42 54 67
74 46 55 70
73 44 58 63
88 48 68 72
77 45 60 69
74 48 55 70
78 43 59 60
71 47 54 68
76 46 58 63
78 45 54 66
72 48 55 64
76 47 62 74
80 43 61 75
76 45 57 68
73 45 60 69
76 40 54 64
73 45 57 66
73 43 55 68
80 46 64 70
74 45 52 66
78 46 56 70
74 46 56 70
73 43 56 68
76 41 54 66
81 44 58 72
76 45 57 63
76 47 55 66
76 45 57 71
76 44 61 64
88 49 71 76
75 40 55 66
77 47 60 63
75 47 57 63
74 44 57 61
77 46 54 69
74 43 53 66
73 43 57 63
72 45 55 66
72 43 57 65
75 42 57 69
77 46 56 65
79 42 57 66
76 42 56 68
86 47 65 75
75 42 55 66
74 43 54 68
77 43 58 65
76 45 60 67
77 43 56 64
74 45 55 66
73 45 59 65
74 42 58 66
78 47 57 65
73 43 56 62
74 45 59 72
75 45 58 63
75 45 58 62
74 41 58 66
74 43 56 65
73 45 57 61
77 49 61 64
73 44 58 63
67 37 54 57
72 40 55 62
75 46 56 67
75 45 59 65
75 43 59 64
71 43 59 67
75 43 56 63
80 43 58 71
72 43 56 66
79 48 62 72
79 41 59 74
77 44 59 66
80 51 57 67
78 41 55 64
75 42 59 62
82 44 62 76
76 44 58 66
72 41 56 62
75 44 56 65
73 43 60 66
71 46 56 64
75 43 57 68
78 43 57 70
72 41 56 65
72 44 56 65
72 42 54 62
78 44 62 71
74 43 58 70
77 42 56 65
76 43 55 62
75 43 59 64
76 43 59 69
77 43 57 62
74 43 60 62
84 48 66 71
77 46 55 67
76 49 61 72
78 45 61 70
77 43 59 63
75 45 56 65
76 42 57 66
78 44 58 67
74 44 54 67
74 43 58 71
74 43 55 60
79 45 55 62
80 46 59 66
76 42 56 68
76 47 55 66
75 46 58 65
72 44 58 66
77 45 59 69
77 45 59 68
74 40 55 67
76 45 57 65
73 45 56 63
76 45 54 66
75 42 59 66
71 39 54 64
74 45 56 65
72 43 55 62
75 41 62 64
77 48 57 69
74 42 57 65
75 48 60 71
73 45 56 64
72 46 65 59
64 40 59 58
70 47 59 53
65 42 57 52
68 46 62 57
67 40 60 59
66 44 60 51
68 47 58 49
69 45 64 55
66 41 60 53
73 42 62 55
67 42 59 54
66 40 58 55
70 46 61 55
66 40 59 51
70 41 59 56
68 48 61 53
66 43 62 53
72 45 60 60
68 42 60 52
69 45 56 52
68 41 56 51
71 47 63 56
66 46 58 55
74 42 62 53
70 40 58 53
68 42 56 52
74 52 60 65
64 40 56 54
66 49 57 56
73 47 61 52
65 43 58 57
64 40 57 54
73 46 57 56
67 43 59 57
60 35 55 49
68 44 58 56
59 38 56 52
64 37 55 56
67 48 58 51
64 48 59 52
58 40 57 50
65 40 64 53
100 59 80 73
71 43 61 51
69 43 56 54
70 42 59 55
60 41 55 52
73 43 62 54
69 43 55 53
64 44 60 56
67 44 56 52
65 44 55 55
65 42 55 55
69 53 60 52
69 40 61 54
67 39 58 53
69 46 55 57
70 41 61 55
69 40 57 56
69 42 65 58
69 43 60 51
70 45 60 52
67 41 58 51
68 43 58 55
66 45 60 55
69 41 56 53
65 44 58 62
68 46 57 55
72 45 60 52
70 45 58 53
65 44 60 56
68 39 57 58
67 47 63 56
67 48 58 52
72 43 62 55
72 43 60 55
71 44 62 56
69 41 57 54
70 42 60 56
68 36 57 56
70 48 61 55
70 41 63 53
69 41 55 57
69 45 62 55
66 43 61 53
69 50 61 53
64 42 58 53
63 39 55 53
67 50 59 52
65 40 60 54
69 40 58 53
66 43 57 52
67 44 59 55
66 39 58 48
67 45 58 54
71 43 62 53
69 42 57 52
66 44 61 51
68 48 57 55
72 41 59 55
67 42 61 58
63 40 55 53
70 41 60 56
69 37 53 56
67 42 59 55
70 47 61 57
66 43 56 48
61 37 53 55
69 42 60 53
68 43 57 56
67 43 56 56
63 48 57 52
67 44 58 56
67 39 58 55
68 42 56 54
67 45 58 53
62 39 51 52
71 37 55 50
69 45 60 54
82 59 74 71
73 43 60 52
69 39 52 53
69 42 61 56
66 43 55 54
72 48 62 58
63 41 53 51
71 44 62 57
71 46 59 52
65 42 54 53
69 45 63 52
65 41 57 53
67 44 62 54
70 43 59 58
68 39 55 53
65 43 57 51
68 48 61 56
72 40 63 57
67 43 56 52
69 42 58 57
65 40 53 52
68 45 60 55
64 43 60 51
64 37 59 51
66 42 60 54
67 47 60 54
71 44 55 51
61 39 56 51
66 43 63 52
68 41 57 51
69 39 61 53
63 46 61 56
66 46 60 54
68 44 58 55
66 46 57 55
73 41 55 49
71 47 57 53
71 46 65 59
66 46 65 51
66 40 54 56
67 40 50 58
68 41 59 52
68 38 58 57
64 39 56 52
66 44 58 52
66 40 56 53
88 49 67 61
66 45 58 49
72 43 58 55
66 43 58 58
65 42 54 54
69 43 56 56
71 46 60 55
74 46 59 58
71 43 59 58
70 43 58 52
69 37 58 61
66 43 56 55
69 50 60 54
67 40 58 55
63 36 53 51
66 44 60 57
72 43 55 55
65 47 59 53
70 43 58 55
63 42 58 57
69 40 57 55
66 40 57 58
68 48 61 57
72 44 62 58
66 41 56 54
70 39 61 56
72 47 62 56
67 41 62 52
69 47 58 55
81 49 65 65
70 39 55 51
86 52 63 69
66 45 58 52
70 45 60 56
94 68 91 81
97 60 79 72
69 50 74 58
68 49 69 54
74 48 68 61
68 50 70 52
86 54 72 63
69 49 71 54
77 57 74 56
69 49 72 51
77 51 68 57
68 49 70 52
68 49 66 53
72 47 73 55
74 56 76 56
71 50 66 55
76 53 68 59
69 55 72 54
77 58 77 52
68 47 76 55
69 51 72 55
77 55 71 53
77 48 70 65
75 54 71 59
70 51 71 55
64 49 71 54
62 51 67 49
74 50 75 60
72 51 73 57
67 53 74 56
78 52 72 53
72 51 72 55
75 53 70 56
67 56 69 51
67 49 68 53
66 45 70 55
71 50 70 55
73 47 69 59
72 50 68 51
76 52 68 54
67 50 72 54
71 50 70 53
71 53 74 57
74 53 66 56
67 48 71 50
72 55 72 56
70 51 74 55
77 56 72 55
68 53 69 53
77 54 76 60
71 51 76 57
76 52 72 61
78 48 72 54
69 47 71 55
71 51 72 56
68 49 71 55
69 53 77 59
75 51 68 61
69 47 71 53
72 55 74 56
70 56 74 52
71 49 69 55
84 53 76 62
75 52 70 57
77 50 76 56
75 57 70 59
77 50 75 55
69 51 73 54
86 55 71 65
68 50 72 52
71 54 71 53
68 52 69 53
69 51 73 53
75 52 82 60
74 49 67 55
65 50 67 53
67 50 68 56
65 51 75 52
68 51 73 54
70 51 70 51
70 45 72 52
76 56 69 55
62 50 70 52
73 48 71 52
66 51 72 54
70 49 73 59
74 50 70 57
76 56 75 59
69 51 70 53
80 52 72 63
87 65 73 63
70 50 70 56
70 52 76 54
75 49 70 61
69 49 72 50
69 51 73 52
73 54 73 56
67 48 68 53
70 53 68 53
69 49 71 53
72 54 77 55
71 49 70 55
74 49 71 55
69 51 74 52
68 52 68 52
69 50 72 55
70 54 71 55
69 49 72 58
77 48 73 56
71 49 67 54
67 50 66 51
75 59 71 56
86 62 74 65
72 50 72 55
69 52 71 56
65 46 69 52
70 51 74 55
76 53 78 61
72 48 69 56
70 51 74 54
75 51 73 58
69 50 72 55
67 47 70 52
75 59 74 58
74 52 74 54
72 48 67 54
74 53 74 57
73 51 71 55
75 59 70 54
81 59 74 58
71 49 72 55
70 54 69 58
85 57 76 54
68 53 72 50
71 55 74 55
65 49 70 50
70 52 68 55
67 47 72 52
68 51 71 57
70 50 73 56
81 51 72 56
72 56 73 59
80 63 71 60
81 50 72 61
73 51 73 55
75 56 68 57
74 53 70 59
78 57 69 58
68 49 75 53
70 50 68 55
72 58 79 55
71 52 71 51
70 48 73 56
75 53 74 62
69 51 72 55
74 53 68 57
72 53 74 54
76 53 70 58
69 50 68 54
68 54 75 52
80 57 76 63
74 52 68 58
63 48 70 49
71 49 75 53
66 52 74 55
70 47 70 55
66 51 71 54
68 49 67 53
73 56 68 55
69 53 68 62
69 51 69 50
74 53 73 57
70 48 71 53
70 51 70 52
71 48 67 57
71 49 70 53
80 52 74 57
75 49 65 58
73 49 70 55
69 49 73 57
72 50 71 57
73 46 77 55
69 49 69 56
64 49 68 54
65 49 70 51
70 53 71 54
74 50 68 59
70 48 69 53
68 52 71 56
72 47 72 57
69 53 71 57
67 53 76 55
72 50 71 58
67 48 66 50
73 52 68 56
77 54 76 63
70 53 76 54
68 52 76 56
70 49 67 55
69 49 69 52
74 45 63 57
72 43 64 56
71 38 59 56
72 38 59 54
70 43 63 58
83 50 78 61
74 44 62 57
71 42 62 55
70 44 64 63
71 44 63 58
77 50 61 57
72 48 62 54
76 46 62 55
71 46 63 59
69 47 57 59
71 45 60 55
73 42 61 55
70 45 63 59
70 43 65 57
70 41 58 57
71 40 63 54
76 41 63 54
72 44 60 58
74 46 65 62
75 38 63 57
73 44 64 55
73 44 63 59
69 46 62 60
73 45 64 57
70 44 61 53
73 46 63 58
74 41 59 56
75 45 57 57
72 40 63 58
75 42 60 57
79 50 67 60
79 46 64 63
82 54 70 68
76 44 63 62
76 45 67 55
71 45 61 54
72 41 65 61
72 46 64 56
73 46 61 58
78 48 68 59
75 49 64 60
76 46 69 55
73 45 59 58
71 44 62 59
73 44 63 56
70 45 59 61
73 45 65 54
77 45 72 57
71 46 63 58
72 49 67 61
68 44 62 53
71 42 64 57
80 45 62 56
70 43 59 58
72 43 63 54
70 47 61 55
74 42 61 56
73 40 63 56
71 47 63 57
73 43 60 55
74 47 68 54
72 39 60 53
73 42 64 58
70 43 64 53
73 41 62 55
69 38 58 57
71 41 57 55
75 40 62 54
73 40 62 57
73 46 64 64
83 51 72 64
71 46 65 55
72 43 63 54
73 47 63 57
75 43 59 57
72 47 60 60
71 44 63 56
69 43 62 56
69 42 61 57
70 44 62 59
72 44 62 60
73 44 57 55
70 40 62 54
77 48 66 63
75 47 63 61
70 48 61 58
70 43 61 56
75 41 58 56
74 47 62 58
74 50 61 61
67 43 64 59
71 46 60 54
71 43 57 57
73 44 60 56
73 43 60 55
71 39 65 56
73 58 65 60
75 46 70 60
67 41 59 53
75 45 62 63
71 44 60 59
73 46 60 58
74 46 65 57
70 42 60 55
72 43 64 58
73 45 61 61
74 45 61 58
73 45 61 58
84 50 72 63
74 45 60 58
75 46 61 59
74 42 59 57
74 45 60 57
70 45 61 56
76 43 58 56
79 46 63 58
76 45 63 58
73 46 62 53
73 42 62 58
79 48 67 59
70 44 60 58
72 40 60 59
70 39 63 58
72 42 62 58
73 44 70 59
72 41 61 56
70 41 60 54
75 46 62 57
72 42 59 56
73 44 64 57
71 43 60 58
78 50 66 69
78 50 62 61
71 39 62 55
71 43 64 58
77 48 63 55
73 45 61 54
74 44 57 56
82 47 71 63
68 42 61 57
72 42 61 56
72 46 63 60
69 46 63 57
77 46 64 59
74 43 64 57
72 43 64 58
74 44 61 59
72 43 65 61
68 44 64 59
70 46 60 60
69 45 61 54
70 48 60 54
71 42 61 56
74 45 61 58
72 41 63 55
72 49 61 58
74 48 63 62
80 47 73 56
74 41 62 56
75 43 61 55
77 45 60 56
71 44 60 57
88 54 78 64
71 45 63 59
73 42 60 59
72 41 60 56
71 47 63 54
72 41 61 57
73 48 62 59
74 43 60 55
80 46 68 57
78 48 63 54
72 38 63 58
75 44 65 59
79 50 72 60
72 43 63 56
72 42 61 59
72 44 60 59
73 44 65 55
76 46 62 56
72 44 65 62
71 44 62 54
72 42 61 57
73 42 65 57
73 51 63 59
74 45 60 52
72 41 65 58
75 45 66 60
74 45 63 60
83 47 70 65
80 50 71 64
72 39 61 55
78 46 66 60
74 41 60 54
71 44 63 55
76 41 60 57
77 39 65 60
74 44 59 56
72 44 60 58
73 45 60 58
74 45 63 57
71 39 61 53
78 48 63 56
73 46 60 55
72 42 60 52
71 43 60 62
72 40 58 58
74 38 59 59
71 44 57 58
76 39 63 60
71 43 57 56
69 39 58 53
71 46 58 54
71 43 60 54
76 42 61 58
72 51 60 59
69 43 62 55
72 45 54 54
72 39 58 60
70 44 62 55
75 43 61 68
71 42 58 58
76 44 64 58
72 45 59 55
75 44 55 54
71 44 65 52
69 41 59 55
74 44 61 58
74 43 61 59
74 44 59 60
77 46 63 58
76 43 62 59
75 43 63 54
73 41 59 53
77 42 61 59
71 41 58 56
75 44 63 58
74 37 61 59
74 48 66 60
68 40 59 59
75 41 60 57
72 43 58 61
75 42 65 64
72 41 60 60
72 41 55 54
71 42 57 58
72 46 53 54
72 41 57 55
73 41 61 56
73 40 57 61
71 44 55 55
69 43 58 58
73 45 59 59
71 45 60 58
72 47 55 55
70 42 60 57
73 39 59 56
75 44 60 62
73 47 59 57
73 44 63 59
74 46 60 62
72 39 57 57
76 42 64 62
75 43 59 59
69 38 54 58
74 49 64 57
70 38 57 57
72 46 57 52
73 44 56 55
71 43 60 59
73 47 58 61
72 43 62 56
72 43 57 56
72 43 61 58
74 42 59 59
73 44 62 53
71 48 58 62
72 44 64 56
72 35 55 56
72 48 59 50
69 43 60 56
74 40 59 58
73 44 59 61
71 41 61 53
75 42 61 56
73 46 62 56
70 43 56 57
75 43 63 58
79 43 64 61
69 38 53 55
71 43 63 55
70 40 61 53
70 39 58 55
73 43 59 59
76 39 58 53
71 42 56 58
73 42 63 56
73 38 60 58
75 43 61 59
75 48 57 57
71 42 62 57
74 42 59 53
75 45 57 57
71 44 56 55
71 43 62 55
74 40 62 57
75 46 62 60
77 45 64 59
70 44 56 55
72 47 58 56
73 42 58 57
75 41 64 59
72 42 56 58
73 42 60 57
73 43 59 56
75 43 64 55
76 40 67 61
74 51 70 55
73 41 60 59
71 39 58 58
77 45 59 58
72 43 57 56
77 46 63 61
73 42 57 58
69 37 55 57
73 39 59 58
70 44 59 54
70 38 57 60
74 42 61 55
74 40 59 56
77 40 61 57
70 42 57 52
71 47 58 58
74 47 63 60
74 46 64 58
72 41 58 59
73 42 63 56
69 45 58 55
68 37 55 57
74 42 61 58
75 39 63 57
69 44 56 57
74 44 59 54
70 46 58 55
72 44 64 59
73 40 60 59
78 41 62 54
70 35 60 53
72 44 58 60
76 41 58 60
72 41 57 58
69 48 62 55
71 42 59 57
68 42 61 58
76 41 64 53
71 41 55 56
78 40 64 61
73 44 59 60
70 42 59 54
73 44 58 56
72 40 56 59
76 43 61 62
69 38 55 56
71 41 57 55
77 39 64 59
71 46 58 57
72 43 57 60
73 38 61 59
71 41 57 58
75 50 63 59
69 39 57 53
71 46 58 57
76 40 65 56
72 45 60 59
73 43 62 58
70 39 57 54
72 36 58 57
74 40 60 59
76 45 65 55
71 42 55 58
72 43 57 59
70 40 55 55
73 40 59 57
72 38 57 53
73 41 59 59
72 44 62 59
71 46 59 55
73 44 60 57
74 41 56 60
74 42 59 58
73 40 58 60
72 41 56 56
72 40 60 58
74 44 64 53
74 39 61 59
