100.798 0.0065 101.202 0.008
93.1295 12.9015 86.5015 9.345
85.2335 22.6735 73.7825 26.077
75.26 37.723 67.026 39.132
67.5815 52.0105 69.993 41.8765
63.061 65.8455 70.177 50.657
70.238 64.2335 68.08 58.212
72.6695 67 67.3025 62.825
64.6705 80.3945 66.7845 69.5295
71.8275 77.548 68.4585 72.4005
70.742 80.4675 68.439 77.6915
74.822 83.6935 71.1325 79.4545
78.0865 83.7185 69.738 85.226
94.6 76.3735 78.0975 84.9875
81.834 88.419 73.966 89.7465
83.2575 90.8815 72.959 90.5525
85.1095 84.5565 73.2075 93.1445
89.7885 84.029 72.5955 95.5595
83.746 88.3615 79.2645 88.8635
89.3925 86.941 74.731 98.236
90.601 84.6595 78.5675 95.5135
109.319 0.006 108.681 0.006
114.257 1.7035 103.949 1.1095
