3036 
0.52225 1000 1
0.00075 2671 0
0.46875 3001 -1
0.52525 5002 1
0.52675 7003 -1
0.4835 9004 -1
0.44975 11005 -1
0.4635 13006 1
0.5145 15007 1
0.512 17008 1
0.48975 19009 -1
0.0005 19390 0
0.47475 5002 -1
0.51025 19009 1
0.47775 1000 -1
0.00025 10087 0
0.55025 11005 1
0.00025 14036 0
0.4855 15007 -1
0.5165 9004 1
0.001 12375 0
0.00075 16910 0
0.001 2192 0
0.53125 3001 1
0.473 7003 1
0.00225 8973 0
0.0025 9011 0
0.00075 10348 0
0.001 488 0
0.536 13006 -1
0.002 8491 0
0.0005 8608 0
0.0005 15071 0
0.488 17008 -1
0.0015 9094 0
0.0005 13010 0
0.00025 3741 0
0.00025 10167 0
0.0005 11687 0
0.00025 12260 0
0.0005 7674 0
0.0005 9422 0
0.00075 9698 0
0.00025 5313 0
0.0005 9989 0
0.00025 18193 0
0.00025 3193 0
0.0005 18727 0
0.00075 108 0
0.00075 19335 0
0.002 7424 0
0.002 17438 0
0.00175 10482 0
0.00125 13098 0
0.002 5276 0
0.001 19636 0
0.00075 2795 0
0.0005 9635 0
0.0005 16334 0
0.00025 17377 0
0.002 19318 0
0.00075 7224 0
0.00125 6909 0
0.00025 12205 0
0.00225 18035 0
0.00375 573 0
0.0015 9070 0
0.0025 10736 0
0.00075 12466 0
0.00075 9050 0
0.00075 2273 0
0.00025 6044 0
0.00175 1664 0
0.00125 19409 0
0.0005 10916 0
0.00025 6419 0
0.0005 108 0
0.0005 17108 0
0.00125 760 0
0.00025 6780 0
0.00025 17908 0
0.0005 7532 0
0.001 9581 0
0.0015 11490 0
0.00075 10694 0
0.0005 13497 0
0.0005 18954 0
0.002 19288 0
0.001 19969 0
0.0005 3605 0
0.0005 4656 0
0.0005 19731 0
0.00125 18117 0
0.001 7608 0
0.001 12355 0
0.00075 15775 0
0.0015 6531 0
0.0005 10353 0
0.00125 14170 0
0.00075 8238 0
0.00225 997 0
0.00025 18658 0
0.0005 6911 0
0.003 1163 0
0.00075 7741 0
0.0025 12887 0
0.00075 14396 0
0.0005 3731 0
0.001 13914 0
0.00125 16722 0
0.00125 17577 0
0.00025 360 0
0.00025 5144 0
0.00025 14977 0
0.001 13266 0
0.002 2939 0
0.0005 6465 0
0.001 17838 0
0.00025 17210 0
0.00025 12412 0
0.001 17719 0
0.001 18494 0
0.0015 5142 0
0.001 5220 0
0.002 14879 0
0.004 1590 0
0.00075 5543 0
0.0005 17836 0
0.0005 18547 0
0.00075 13507 0
0.001 386 0
0.001 11428 0
0.001 15119 0
0.0015 13251 0
0.003 763 0
0.0005 10119 0
0.0005 2053 0
0.0005 19511 0
0.0005 2064 0
0.00175 7008 0
0.00275 19657 0
0.0005 8240 0
0.0005 1425 0
0.00075 2629 0
0.00275 3184 0
0.00075 11943 0
0.0005 16956 0
0.00025 419 0
0.0005 7049 0
0.001 13038 0
0.002 1854 0
0.00075 2825 0
0.00175 7325 0
0.001 11516 0
0.00075 7681 0
0.00025 8195 0
0.00075 12096 0
0.00025 1975 0
0.00325 3971 0
0.00125 4124 0
0.00075 3130 0
0.00075 15828 0
0.0015 15924 0
0.001 16166 0
0.00125 1066 0
0.00125 12691 0
0.0015 13579 0
0.0005 16970 0
0.00175 12783 0
0.002 12960 0
0.00075 16462 0
0.00125 17370 0
0.00025 4206 0
0.00075 15557 0
0.0035 18518 0
0.00275 19637 0
0.00075 19861 0
0.001 10731 0
0.00075 14349 0
0.001 16201 0
0.00025 1745 0
0.00025 16531 0
0.0015 8074 0
0.00075 11495 0
0.00125 13361 0
0.0005 3959 0
0.00075 11713 0
0.0005 1864 0
0.001 9037 0
0.002 10923 0
0.00025 1310 0
0.00125 5868 0
0.00325 6587 0
0.00075 5615 0
0.0005 7958 0
0.0005 19619 0
0.00025 430 0
0.002 1409 0
0.00125 11409 0
0.0005 6555 0
0.00175 13703 0
0.00125 4619 0
0.00075 16851 0
0.001 19014 0
0.00025 14984 0
0.00125 8338 0
0.001 8471 0
0.0005 7700 0
0.003 8892 0
0.001 9142 0
0.00075 17001 0
0.00025 4601 0
0.00025 8297 0
0.00025 10666 0
0.00125 18856 0
0.00175 2253 0
0.00175 15164 0
0.00075 6561 0
0.00175 8127 0
0.001 9910 0
0.001 15805 0
0.0005 10087 0
0.00075 12936 0
0.00275 18742 0
0.001 936 0
0.00125 18502 0
0.00175 1599 0
0.001 16396 0
0.0005 5074 0
0.00075 9658 0
0.006 15790 0
0.0015 16105 0
0.0025 8578 0
0.00025 3257 0
0.001 7214 0
0.00025 4285 0
0.00025 6843 0
0.00375 12713 0
0.001 13794 0
0.0005 17585 0
0.00075 11920 0
0.00275 16587 0
0.00175 19684 0
0.00275 19772 0
0.00125 1623 0
0.00125 4402 0
0.00375 5748 0
0.0015 7909 0
0.00375 16445 0
0.002 4538 0
0.00125 5904 0
0.0015 17393 0
0.00275 4265 0
0.00075 6885 0
0.00075 8263 0
0.0005 2816 0
0.001 6672 0
0.0005 8360 0
0.00125 10028 0
0.00075 923 0
0.00025 12424 0
0.0015 17247 0
0.00075 19371 0
0.0005 5718 0
0.00025 13067 0
0.0025 13135 0
0.00325 3349 0
0.003 3542 0
0.00075 19947 0
0.001 2730 0
0.00075 5329 0
0.00025 3230 0
0.00125 3527 0
0.00075 9323 0
0.00125 11665 0
0.00075 13068 0
0.00075 9076 0
0.00075 16324 0
0.00025 461 0
0.00025 19311 0
0.0005 1068 0
0.0015 4221 0
0.00075 8282 0
0.001 8589 0
0.0015 9789 0
0.00175 15605 0
0.001 3290 0
0.00025 5286 0
0.0015 6675 0
0.00175 18575 0
0.0005 7968 0
0.001 10954 0
0.00025 19914 0
0.00025 7601 0
0.00025 11534 0
0.00175 14003 0
0.002 12287 0
0.001 19016 0
0.0015 19546 0
0.0005 8230 0
0.0005 6949 0
0.003 15768 0
0.00125 5162 0
0.00025 6982 0
0.0025 6493 0
0.00025 1832 0
0.00075 4559 0
0.0025 9398 0
0.00075 10565 0
0.00125 15959 0
0.00175 11916 0
0.0005 16183 0
0.00025 3360 0
0.00025 12845 0
0.001 14543 0
0.00225 19183 0
0.001 13 0
0.002 3489 0
0.0025 18748 0
0.00075 5923 0
0.00125 14265 0
0.00025 1782 0
0.00075 3035 0
0.0035 11418 0
0.00225 381 0
0.00075 13965 0
0.00025 2550 0
0.00025 2746 0
0.0005 3676 0
0.0015 6149 0
0.0015 299 0
0.001 4165 0
0.00175 968 0
0.002 2837 0
0.00025 3823 0
0.00125 11788 0
0.00175 13268 0
0.001 7881 0
0.0025 8580 0
0.00025 14458 0
0.001 12460 0
0.001 1940 0
0.002 19907 0
0.00075 1351 0
0.00375 9951 0
0.0005 16338 0
0.00025 12033 0
0.00075 14874 0
0.00175 14973 0
0.0005 11001 0
0.00025 11078 0
0.001 13387 0
0.00275 3199 0
0.0005 11684 0
0.003 2313 0
0.00025 6119 0
0.00125 13538 0
0.00025 18640 0
0.00075 15004 0
0.002 17410 0
0.00125 155 0
0.002 6742 0
0.002 9690 0
0.0015 17331 0
0.00175 855 0
0.00125 14386 0
0.00025 19410 0
0.00425 1862 0
0.0015 7065 0
0.001 9188 0
0.00125 12706 0
0.00125 12363 0
0.00175 19521 0
0.00125 660 0
0.00075 820 0
0.0005 6075 0
0.00025 6994 0
0.00075 9507 0
0.0005 16120 0
0.001 17587 0
0.00025 2041 0
0.00075 6466 0
0.00025 2108 0
0.00025 15079 0
0.00125 16845 0
0.00225 9854 0
0.00025 15962 0
0.0005 7989 0
0.0005 15095 0
0.00025 8887 0
0.0005 10453 0
0.0005 16341 0
0.001 7755 0
0.00025 1904 0
0.00025 4257 0
0.00025 10610 0
0.00125 5788 0
0.00025 4820 0
0.0005 16766 0
0.00025 16908 0
0.0005 11951 0
0.00025 6906 0
0.0015 3759 0
0.00225 14461 0
0.00075 15265 0
0.00025 111 0
0.0005 8632 0
0.00075 4676 0
0.00025 4991 0
0.0005 9783 0
0.00075 8923 0
0.001 11133 0
0.0005 18054 0
0.001 14552 0
0.00075 10335 0
0.0015 2305 0
0.0005 6812 0
0.00075 10740 0
0.00075 8523 0
0.002 96 0
0.00075 2351 0
0.00025 8831 0
0.0005 2252 0
0.00075 547 0
0.00025 10414 0
0.00025 4107 0
0.00075 14023 0
0.0005 4237 0
0.00075 12653 0
0.001 19504 0
0.00025 5018 0
0.00025 11027 0
0.00025 11019 0
0.00075 17554 0
0.0025 727 0
0.00075 3915 0
0.0005 4079 0
0.0005 15049 0
0.00025 10110 0
0.0015 3329 0
0.00075 3697 0
0.0005 7134 0
0.0005 9912 0
0.0025 13023 0
0.00175 16976 0
0.00025 4537 0
0.00075 657 0
0.00025 14956 0
0.001 16084 0
0.0005 931 0
0.00125 16829 0
0.0005 17161 0
0.00025 17083 0
0.0005 15555 0
0.00025 5578 0
0.00025 19464 0
0.001 5350 0
0.001 8618 0
0.001 2662 0
0.00175 14699 0
0.0005 15860 0
0.0015 3691 0
0.00125 9721 0
0.00075 199 0
0.0015 19914 0
0.0005 5063 0
0.0005 11017 0
0.002 11379 0
0.00025 15751 0
0.00025 5227 0
0.001 12471 0
0.0005 18839 0
0.00025 6454 0
0.0005 6847 0
0.001 2129 0
0.00025 4417 0
0.001 6171 0
0.00075 6906 0
0.00075 13245 0
0.0005 838 0
0.0005 14020 0
0.00025 16738 0
0.001 1319 0
0.00025 1515 0
0.0005 4490 0
0.00025 9235 0
0.00025 10314 0
0.00025 5235 0
0.00025 12539 0
0.001 19310 0
0.0005 3667 0
0.00175 11934 0
0.00025 2149 0
0.001 3560 0
0.00025 11738 0
0.00075 2580 0
0.00025 3066 0
0.00125 7903 0
0.002 3889 0
0.001 5804 0
0.00075 14529 0
0.0035 6004 0
0.00075 8106 0
0.00125 15066 0
0.0005 1489 0
0.00075 4127 0
0.001 17363 0
0.001 128 0
0.00125 2089 0
0.00025 326 0
0.00025 1154 0
0.00025 7803 0
0.00175 9832 0
0.00025 10984 0
0.00075 17082 0
0.00075 8611 0
0.0015 15419 0
0.00125 16358 0
0.00075 18072 0
0.00075 13204 0
0.001 1097 0
0.00025 9882 0
0.0005 3012 0
0.002 18850 0
0.00075 18083 0
0.00025 3261 0
0.00125 15058 0
0.00125 17551 0
0.0025 11976 0
0.00025 13826 0
0.00175 8605 0
0.00025 10790 0
0.00025 11326 0
0.0015 15107 0
0.00075 19078 0
0.00125 8059 0
0.00025 9269 0
0.00025 15494 0
0.0015 16117 0
0.0015 17946 0
0.001 16352 0
0.00025 10802 0
0.001 18380 0
0.00025 18460 0
0.00025 18622 0
0.00125 1338 0
0.00025 6080 0
0.00225 3028 0
0.00025 2949 0
0.0005 13954 0
0.00075 7120 0
0.00025 16965 0
0.0005 18992 0
0.00025 3447 0
0.00025 19955 0
0.00025 8707 0
0.00025 13823 0
0.0005 2295 0
0.00025 2761 0
0.00025 17595 0
0.00125 7510 0
0.0015 11396 0
0.003 3069 0
0.00175 7806 0
0.00025 3743 0
0.001 12525 0
0.0015 17709 0
0.001 1237 0
0.00025 9727 0
0.00025 12033 0
0.00025 17320 0
0.0005 19594 0
0.00225 6559 0
0.0005 6273 0
0.00025 15095 0
0.00025 2617 0
0.00075 18255 0
0.00025 11354 0
0.00075 5256 0
0.00025 5901 0
0.0005 9712 0
0.00025 15622 0
0.0025 12134 0
0.00125 10505 0
0.001 7335 0
0.0005 19935 0
0.0005 6879 0
0.0005 7347 0
0.00025 19311 0
0.00025 17157 0
0.00025 595 0
0.00025 12484 0
0.002 3771 0
0.00075 7244 0
0.00075 12198 0
0.00075 17694 0
0.0045 12045 0
0.00025 491 0
0.0005 17273 0
0.001 5744 0
0.001 17424 0
0.0005 19794 0
0.00225 13696 0
0.0005 15881 0
0.001 8755 0
0.00075 15411 0
0.00175 13286 0
0.00075 6392 0
0.001 17419 0
0.00075 10305 0
0.00025 14872 0
0.001 1374 0
0.00025 12803 0
0.001 16923 0
0.0005 4094 0
0.001 8355 0
0.00025 15508 0
0.00075 17367 0
0.0005 11658 0
0.00125 18183 0
0.001 13352 0
0.0005 13620 0
0.001 13366 0
0.0005 4728 0
0.00075 18019 0
0.00375 2003 0
0.0005 12775 0
0.0005 5177 0
0.00025 10141 0
0.0005 19445 0
0.00025 19859 0
0.00025 6179 0
0.00025 9037 0
0.00025 10557 0
0.00175 2665 0
0.00025 16077 0
0.001 17245 0
0.0005 14791 0
0.0025 3133 0
0.00025 7711 0
0.00125 3988 0
0.00025 15822 0
0.00025 19830 0
0.00025 4296 0
0.00025 5890 0
0.00025 16473 0
0.0015 17329 0
0.00075 11172 0
0.0015 15665 0
0.00025 18361 0
0.00075 15459 0
0.00375 13577 0
0.00075 2922 0
0.00125 4866 0
0.00175 410 0
0.00125 12073 0
0.001 9165 0
0.0015 2374 0
0.00225 17106 0
0.00025 4032 0
0.00025 14394 0
0.00025 6140 0
0.00025 10809 0
0.0015 7971 0
0.00025 11199 0
0.00025 17244 0
0.001 18817 0
0.00075 1024 0
0.002 10054 0
0.00025 17984 0
0.00075 3737 0
0.00075 4438 0
0.0005 10008 0
0.00025 10169 0
0.00225 7832 0
0.00125 15125 0
0.0025 12494 0
0.00025 19284 0
0.00025 18008 0
0.00075 5332 0
0.0005 11507 0
0.00125 18616 0
0.0005 19571 0
0.0005 5864 0
0.00175 15461 0
0.0005 4052 0
0.00075 8850 0
0.00075 14881 0
0.001 14198 0
0.00075 9916 0
0.00125 18681 0
0.00025 5148 0
0.00025 842 0
0.00025 14846 0
0.00025 15555 0
0.00075 1991 0
0.0015 3907 0
0.00225 1841 0
0.002 4323 0
0.00075 7234 0
0.00025 9419 0
0.00175 18548 0
0.00025 2849 0
0.00125 7851 0
0.00025 14298 0
0.0005 16668 0
0.00025 2369 0
0.00075 5983 0
0.0005 14018 0
0.002 15141 0
0.0005 10313 0
0.00025 11451 0
0.00025 5447 0
0.00075 6002 0
0.00175 18714 0
0.0005 9910 0
0.00125 12753 0
0.00025 13057 0
0.00075 694 0
0.00025 14899 0
0.00125 17997 0
0.0005 7389 0
0.00075 9347 0
0.0005 8621 0
0.00025 14071 0
0.0005 78 0
0.00125 10377 0
0.00025 13505 0
0.00075 16195 0
0.0005 1769 0
0.002 2055 0
0.00025 13282 0
0.00025 13732 0
0.0015 14630 0
0.0005 5881 0
0.00025 12190 0
0.00025 13223 0
0.00025 2547 0
0.001 2854 0
0.0005 2831 0
0.00075 11705 0
0.00125 18112 0
0.00125 6158 0
0.00025 7003 -0.213103
0.00125 9117 0
0.00025 3747 0
0.00025 15109 0
0.00025 4872 0
0.00175 2937 0
0.001 12444 0
0.00025 13444 0
0.00025 13632 0
0.00225 159 0
0.00075 6987 0
0.0005 9595 0
0.001 12308 0
0.001 15437 0
0.001 18482 0
0.00075 19608 0
0.00025 2501 0
0.0005 3457 0
0.00025 10815 0
0.00025 11665 0
0.00025 8071 0
0.0005 12861 0
0.0015 7806 0
0.00025 14013 0
0.0005 3134 0
0.0005 10792 0
0.00075 9614 0
0.00075 14152 0
0.00075 18086 0
0.00225 14206 0
0.00025 9464 0
0.00025 17678 0
0.00025 5894 0
0.00025 16727 0
0.001 3211 0
0.0015 14342 0
0.00025 8832 0
0.00075 5203 0
0.00075 11251 0
0.001 8259 0
0.00025 2185 0
0.00025 819 0
0.0005 4469 0
0.0025 11394 0
0.0005 14939 0
0.00025 14579 0
0.001 15717 0
0.00025 16539 0
0.0005 17371 0
0.001 178 0
0.0005 3747 0
0.002 5410 0
0.001 16351 0
0.001 4003 0
0.0005 15398 0
0.00025 3943 0
0.00025 10874 0
0.00125 18424 0
0.00025 4092 0
0.0005 5352 0
0.00075 7703 0
0.00025 1878 0
0.00025 14243 0
0.001 962 0
0.0015 10433 0
0.00025 10893 0
0.00075 1445 0
0.001 7150 0
0.0015 18190 0
0.0015 3828 0
0.00025 15483 0
0.00075 1132 0
0.00025 10300 0
0.00125 6700 0
0.00225 10559 0
0.0005 1931 0
0.00125 11588 0
0.0005 13949 0
0.0005 11118 0
0.0015 18819 0
0.0015 1533 0
0.00125 8696 0
0.00025 261 0
0.00025 8253 0
0.0015 7262 0
0.00025 2436 0
0.00025 5339 0
0.0005 18197 0
0.001 3097 0
0.0005 3238 0
0.00125 14347 0
0.00225 4364 0
0.0005 660 0
0.00025 928 0
0.0005 3260 0
0.00025 5248 0
0.00025 11270 0
0.0005 16396 0
0.00025 8584 0
0.0005 8894 0
0.00025 13253 0
0.00025 4352 0
0.0005 5259 0
0.00075 14922 0
0.00025 4544 0
0.00025 19623 0
0.00025 5896 0
0.00025 5770 0
0.00025 16586 0
0.0025 18749 0
0.00025 7393 0
0.0025 14721 0
0.0005 3125 0
0.0015 3679 0
0.0005 6247 0
0.00225 19311 0
0.001 1969 0
0.00025 18879 0
0.00025 5055 0
0.0015 1403 0
0.0025 8969 0
0.001 9848 0
0.00025 777 0
0.00025 14931 0
0.0005 19637 0
0.00075 5381 0
0.001 4797 0
0.001 18574 0
0.00075 1156 0
0.0005 11957 0
0.00025 9949 0
0.002 6338 0
0.00025 18455 0
0.0005 8584 0
0.00025 18271 0
0.0005 7677 0
0.00225 16689 0
0.00025 5599 0
0.00025 7618 0
0.00175 18846 0
0.00025 16337 0
0.003 112 0
0.00125 14280 0
0.00025 15649 0
0.00025 7584 0
0.0005 8814 0
0.00025 13707 0
0.00075 14684 0
0.00075 10162 0
0.00025 4213 0
0.00075 14263 0
0.0005 16667 0
0.00075 2118 0
0.00125 19745 0
0.0005 8558 0
0.0005 9950 0
0.00075 1012 0
0.00025 50 0
0.0005 2745 0
0.00075 3134 0
0.00025 15573 0
0.001 7720 0
0.00025 13907 0
0.0005 11851 0
0.00025 1251 0
0.00025 18435 0
0.00025 19150 0
0.00075 2181 0
0.00175 6822 0
0.002 8467 0
0.00025 4851 0
0.00075 18735 0
0.00025 12210 0
0.0005 16459 0
0.0005 6140 0
0.001 15049 0
0.00025 9713 0
0.00025 13394 0
0.00025 11619 0
0.00075 6898 0
0.00025 864 0
0.00025 8282 0
0.00025 9623 0
0.00025 8727 0
0.00075 11769 0
0.001 984 0
0.00125 1684 0
0.002 16236 0
0.001 6935 0
0.00025 3750 0
0.0005 15498 0
0.00025 8885 0
0.00025 11054 0
0.00025 13503 0
0.00025 18902 0
0.001 6114 0
0.001 6509 0
0.00025 466 0
0.00025 389 0
0.0005 1976 0
0.00025 18575 0
0.00075 9067 0
0.002 12657 0
0.00175 5110 0
0.00225 6768 0
0.00075 18686 0
0.00125 11126 0
0.0005 3337 0
0.0005 8975 0
0.00125 15415 0
0.0005 5178 0
0.00025 19705 0
0.001 4261 0
0.0005 12012 0
0.00075 7912 0
0.0005 13798 0
0.002 1572 0
0.00025 2027 0
0.00175 16204 0
0.002 5739 0
0.00025 2826 0
0.00025 6423 0
0.0005 8368 0
0.0005 9886 0
0.00025 14376 0
0.00025 14778 0
0.0005 16803 0
0.002 28 0
0.0005 1817 0
0.001 12958 0
0.001 14203 0
0.0005 1805 0
0.0005 14200 0
0.00025 4335 0
0.00025 12059 0
0.00025 15068 0
0.0005 14953 0
0.0005 15747 0
0.0005 3654 0
0.001 1260 0
0.00025 3042 0
0.0005 10144 0
0.0005 1545 0
0.00075 12232 0
0.00025 18615 0
0.0005 18677 0
0.0005 19030 0
0.00075 4215 0
0.00025 10642 0
0.00025 7990 0
0.001 40 0
0.00125 901 0
0.0005 7405 0
0.00025 13674 0
0.00075 3785 0
0.001 7889 0
0.0005 17786 0
0.0005 12886 0
0.0005 19693 0
0.00025 2956 0
0.00075 17049 0
0.00075 17223 0
0.00075 366 0
0.0005 1234 0
0.001 10545 0
0.00075 4520 0
0.0005 15146 0
0.00025 12152 0
0.00125 18277 0
0.00075 3119 0
0.00075 18303 0
0.0005 18962 0
0.0005 14255 0
0.00075 14804 0
0.0005 17481 0
0.00025 12770 0
0.00025 19740 0
0.00025 19985 0
0.0015 17280 0
0.0005 5816 0
0.0015 4450 0
0.0015 19364 0
0.00025 3379 0
0.00025 3671 0
0.00025 5983 0
0.0005 16417 0
0.00075 8240 0
0.0005 11473 0
0.00225 16059 0
0.00025 1007 0
0.001 12120 0
0.0005 13273 0
0.00075 7972 0
0.00025 12981 0
0.00025 17885 0
0.00125 10470 0
0.00025 16568 0
0.001 3702 0
0.0005 3135 0
0.001 7903 0
0.00025 2026 0
0.00025 8009 0
0.00025 18642 0
0.0005 16727 0
0.0005 12310 0
0.00075 14355 0
0.00025 14924 0
0.00125 10742 0
0.00025 13474 0
0.00025 14927 0
0.00025 17644 0
0.00025 5508 0
0.00025 18098 0
0.00075 1995 0
0.00125 6288 0
0.00075 15386 0
0.00025 16167 0
0.0005 16439 0
0.0005 6266 0
0.00075 11382 0
0.00025 17490 0
0.00025 8692 0
0.003 10781 0
0.00025 15279 0
0.00025 15453 0
0.00025 9799 0
0.00025 1656 0
0.0005 11194 0
0.00025 18292 0
0.00025 7622 0
0.001 18021 0
0.001 2730 0
0.0005 2090 0
0.0005 12283 0
0.0005 14115 0
0.0005 17759 0
0.001 11090 0
0.0005 17966 0
0.00125 1534 0
0.00175 14028 0
0.0005 822 0
0.00075 4142 0
0.00025 303 0
0.00025 5855 0
0.0015 8419 0
0.0005 9567 0
0.001 9463 0
0.00025 5527 0
0.0005 9911 0
0.00025 6892 0
0.00025 1186 0
0.00025 18595 0
0.002 9493 0
0.0005 18751 0
0.00025 18858 0
0.00275 4079 0
0.001 13718 0
0.00175 3955 0
0.00075 4201 0
0.00075 8485 0
0.00025 12748 0
0.00025 13380 0
0.002 4572 0
0.0005 6885 0
0.00075 10065 0
0.0005 17710 0
0.00075 19702 0
0.0005 9588 0
0.00025 10022 0
0.0005 5232 0
0.00075 9148 0
0.00025 9179 0
0.00275 14178 0
0.00025 7599 0
0.00025 13335 0
0.00025 4016 0
0.0015 19746 0
0.00125 3760 0
0.0005 8229 0
0.0005 14391 0
0.00075 16914 0
0.00275 7061 0
0.00025 19827 0
0.00025 1323 0
0.0005 3209 0
0.00275 18300 0
0.00225 8084 0
0.00075 5479 0
0.00025 234 0
0.0005 5601 0
0.001 5734 0
0.0005 14012 0
0.00075 13185 0
0.00125 19378 0
0.00075 12189 0
0.00225 339 0
0.00125 18390 0
0.001 3028 0
0.00075 13932 0
0.00225 15243 0
0.002 16699 0
0.0005 7207 0
0.00075 8944 0
0.0005 2029 0
0.00075 17817 0
0.0015 8831 0
0.00075 9962 0
0.001 16037 0
0.00075 18703 0
0.0005 5084 0
0.00075 14741 0
0.00025 9228 0
0.00025 3800 0
0.00075 4138 0
0.00075 16375 0
0.00075 18661 0
0.00125 3418 0
0.00025 5743 0
0.001 3101 0
0.00025 6587 0
0.00025 16170 0
0.0015 17465 0
0.00075 13700 0
0.00025 1329 0
0.001 16168 0
0.00025 9180 0
0.00025 11315 0
0.00025 7340 0
0.00125 7194 0
0.0015 7365 0
0.00025 439 0
0.00025 9927 0
0.00075 3275 0
0.0015 5655 0
0.001 6028 0
0.00025 78 0
0.0005 9944 0
0.001 3029 0
0.0005 4814 0
0.001 12487 0
0.00225 12997 0
0.00025 8376 0
0.00075 1793 0
0.00025 1588 0
0.00025 9443 0
0.00025 5529 0
0.0005 6178 0
0.002 9960 0
0.00075 5819 0
0.00025 4158 0
0.00225 882 0
0.0005 11136 0
0.0005 3959 0
0.00025 2455 0
0.00075 18505 0
0.00025 19367 0
0.00025 5865 0
0.001 19142 0
0.0005 2957 0
0.0005 17511 0
0.00075 18207 0
0.002 2461 0
0.00025 3794 0
0.00025 19635 0
0.00025 18532 0
0.001 599 0
0.00075 3172 0
0.00075 16035 0
0.00025 7213 0
0.0005 10676 0
0.00025 3806 0
0.00025 4966 0
0.00025 6982 0
0.00025 1453 0
0.00125 11008 0
0.00025 16198 0
0.00025 1764 0
0.0005 7845 0
0.00025 12528 0
0.0015 5567 0
0.00025 1590 0
0.00025 10131 0
0.003 10873 0
0.00025 10314 0
0.00175 11341 0
0.00025 17007 0
0.0005 1901 0
0.00025 12112 0
0.0005 1169 0
0.00025 8934 0
0.0005 12427 0
0.0015 18708 0
0.0005 6872 0
0.00075 2942 0
0.00025 19823 0
0.00075 1079 0
0.001 17081 0
0.0015 19523 0
0.001 5198 0
0.0005 3580 0
0.00025 16550 0
0.00075 16151 0
0.0005 588 0
0.0005 17070 0
0.0005 19262 0
0.0005 8732 0
0.00025 6091 0
0.00025 12810 0
0.00125 2975 0
0.00025 13793 0
0.00125 13946 0
0.00075 9594 0
0.00025 3666 0
0.0005 9682 0
0.00025 19290 0
0.00025 16052 0
0.00025 13017 0
0.00025 14563 0
0.001 16500 0
0.0005 486 0
0.00025 5656 0
0.0015 3279 0
0.0005 10969 0
0.00075 2007 0
0.00075 10094 0
0.0015 16181 0
0.0015 16829 0
0.0005 387 0
0.00025 5562 0
0.00075 9748 0
0.0005 8907 0
0.0005 9757 0
0.0005 11144 0
0.00025 9346 0
0.00025 9391 0
0.00075 10602 0
0.00075 7621 0
0.00025 7432 0
0.00025 4266 0
0.0005 5419 0
0.00025 5460 0
0.0005 9281 0
0.00075 2761 0
0.0005 18474 0
0.001 4080 0
0.00075 11504 0
0.00125 17630 0
0.001 14402 0
0.001 17173 0
0.0005 16437 0
0.00025 17078 0
0.0025 10674 0
0.0015 18535 0
0.0005 4986 0
0.0005 5581 0
0.0005 7486 0
0.0015 5632 0
0.00075 15874 0
0.00025 18873 0
0.00025 4689 0
0.00025 4636 0
0.00025 17191 0
0.0005 1178 0
0.00075 17753 0
0.0005 13754 0
0.0005 6186 0
0.0005 9462 0
0.001 12764 0
0.00025 323 0
0.00025 6903 0
0.00025 17256 0
0.0005 864 0
0.00025 5926 0
0.00025 15602 0
0.00125 5823 0
0.00025 2808 0
0.00125 1268 0
0.0005 5738 0
0.00025 15283 0
0.00075 1879 0
0.00075 12755 0
0.00025 1798 0
0.001 14906 0
0.00025 15137 0
0.0015 16967 0
0.00075 12185 0
0.0005 1020 0
0.00025 5588 0
0.00075 11555 0
0.0005 12206 0
0.00125 683 0
0.00025 6221 0
0.00025 2715 0
0.00225 18660 0
0.00075 7667 0
0.00325 15086 0
0.00025 16059 0
0.001 4435 0
0.0005 6177 0
0.0005 6632 0
0.00025 14302 0
0.0005 2977 0
0.00025 7103 0
0.00025 10301 0
0.00025 17267 0
0.00025 19847 0
0.00025 8444 0
0.00025 11609 0
0.00025 11701 0
0.00025 18910 0
0.001 16056 0
0.0005 1253 0
0.00025 2657 0
0.00125 11003 0
0.00025 16408 0
0.00025 621 0
0.0005 7039 0
0.00075 7485 0
0.0005 13857 0
0.00025 9401 0
0.0005 2458 0
0.00025 9583 0
0.0005 1147 0
0.00125 5590 0
0.001 3310 0
0.00025 4330 0
0.0005 2832 0
0.00025 7328 0
0.0005 15857 0
0.00125 5887 0
0.00125 10074 0
0.00075 2406 0
0.00025 12011 0
0.001 15312 0
0.00025 17163 0
0.00025 4630 0
0.001 8900 0
0.00025 12414 0
0.001 3973 0
0.00025 5765 0
0.00025 4491 0
0.00025 8179 0
0.0005 16654 0
0.0005 914 0
0.001 4500 0
0.00025 7124 0
0.00075 12739 0
0.0005 10581 0
0.00075 7494 0
0.00025 9322 0
0.00025 2535 0
0.00025 7097 0
0.00025 18017 0
0.001 16654 0
0.00025 4833 0
0.00025 5706 0
0.00025 11387 0
0.00025 16319 0
0.0005 3452 0
0.00125 4952 0
0.0005 17752 0
0.00025 9136 0
0.00175 16481 0
0.001 4524 0
0.00025 19725 0
0.0005 10489 0
0.00075 15051 0
0.00025 19016 0
0.001 19815 0
0.00025 6539 0
0.00075 9980 0
0.00025 18137 0
0.00125 17053 0
0.001 10204 0
0.00025 4938 0
0.0005 14992 0
0.00025 15605 0
0.0005 19019 0
0.00025 9084 0
0.00025 11679 0
0.001 9889 0
0.00075 11609 0
0.0015 19529 0
0.00025 11120 0
0.002 12477 0
0.00025 18629 0
0.00025 7137 0
0.00025 1767 0
0.00025 17343 0
0.00175 2188 0
0.00025 15395 0
0.0015 1115 0
0.00075 13247 0
0.0015 18660 0
0.00025 4868 0
0.00025 9626 0
0.00125 2944 0
0.00025 1434 0
0.0005 1324 0
0.0005 6694 0
0.00025 7404 0
0.0005 9700 0
0.00025 560 0
0.00025 8442 0
0.00025 7089 0
0.00025 18105 0
0.0005 17324 0
0.00025 1426 0
0.0005 7187 0
0.00025 1323 0
0.00025 13889 0
0.00075 5851 0
0.00075 12938 0
0.00175 18281 0
0.00025 12988 0
0.001 4542 0
0.0015 14958 0
0.00025 9439 0
0.0015 4821 0
0.001 8752 0
0.00175 17915 0
0.0005 8706 0
0.00075 11725 0
0.00025 17907 0
0.00025 973 0
0.00025 1397 0
0.00075 2178 0
0.00025 2572 0
0.00025 11627 0
0.00025 18254 0
0.00025 3554 0
0.001 4446 0
0.0005 15167 0
0.00025 17393 0
0.00025 1251 0
0.0005 3947 0
0.00025 1116 0
0.00075 2579 0
0.00025 17103 0
0.00025 8461 0
0.00125 11264 0
0.0005 1617 0
0.00025 4345 0
0.00025 7389 0
0.001 5242 0
0.00025 11006 0
0.00075 15124 0
0.0005 17715 0
0.00025 19186 0
0.00025 2825 0
0.00075 16657 0
0.00075 17463 0
0.00025 5142 0
0.00025 8452 0
0.00025 12795 0
0.00025 1651 0
0.00225 12769 0
0.00075 14440 0
0.00025 2392 0
0.0005 468 0
0.00025 4955 0
0.0005 6469 0
0.00075 11266 0
0.00025 15824 0
0.00075 15625 0
0.00025 6466 0
0.00025 9749 0
0.00025 19120 0
0.00075 18452 0
0.0015 11769 0
0.00125 17077 0
0.00075 17262 0
0.00025 7375 0
0.0005 14104 0
0.0005 10707 0
0.00025 11375 0
0.00075 18588 0
0.0005 12904 0
0.00075 13872 0
0.0005 18267 0
0.00075 2244 0
0.00025 5903 0
0.00025 13607 0
0.00275 10877 0
0.0005 10603 0
0.00075 680 0
0.00025 2254 0
0.00075 12792 0
0.001 19008 0
0.00175 10897 0
0.00025 7080 0
0.00025 14407 0
0.0005 3644 0
0.0005 7959 0
0.00025 10365 0
0.00025 9090 0
0.001 13898 0
0.00025 2664 0
0.0005 9136 0
0.00075 10307 0
0.00025 13574 0
0.00025 3501 0
0.0005 4094 0
0.00025 7697 0
0.00025 9508 0
0.00025 15762 0
0.0005 18041 0
0.00025 3009 0
0.00025 335 0
0.0005 9282 0
0.00025 17416 0
0.00025 723 0
0.0005 5715 0
0.00025 16321 0
0.00025 922 0
0.00025 3477 0
0.00025 9204 0
0.00025 15965 0
0.0005 10738 0
0.0015 1526 0
0.00025 17317 0
0.00025 19023 0
0.00025 19283 0
0.00025 222 0
0.00075 17100 0
0.00075 17946 0
0.00025 11010 0
0.00075 2447 0
0.00025 9728 0
0.0005 10756 0
0.00025 9401 0
0.00075 4908 0
0.00175 11620 0
0.00025 1662 0
0.00125 2007 0
0.00025 12591 0
0.00025 16976 0
0.00025 6152 0
0.00025 3194 0
0.0005 11349 0
0.001 6216 0
0.00025 6165 0
0.00025 10693 0
0.00025 10548 0
0.00025 12644 0
0.00075 4194 0
0.0005 8479 0
0.00075 12905 0
0.00025 4537 0
0.00075 132 0
0.00025 7205 0
0.00075 17915 0
0.0005 3847 0
0.00025 13200 0
0.00025 3537 0
0.00025 18157 0
0.0005 488 0
0.00075 8281 0
0.001 9097 0
0.001 15373 0
0.00025 6121 0
0.001 4750 0
0.001 6389 0
0.00025 11733 0
0.00025 1498 0
0.00125 14244 0
0.00025 2110 0
0.00025 15251 0
0.0005 11106 0
0.00025 17981 0
0.00075 7365 0
0.00025 15265 0
0.00025 5769 0
0.00025 16953 0
0.00025 8818 0
0.00075 11903 0
0.00075 14841 0
0.00025 19422 0
0.00025 14875 0
0.00025 18689 0
0.00025 10993 0
0.00075 3849 0
0.00025 15669 0
0.00025 5102 0
0.00025 3827 0
0.00025 2318 0
0.00025 8912 0
0.0005 5068 0
0.00175 5239 0
0.00025 14968 0
0.00075 10767 0
0.00025 18596 0
0.00075 17588 0
0.00025 7822 0
0.002 1577 0
0.0005 17953 0
0.001 5083 0
0.00125 7471 0
0.00025 3896 0
0.0005 1094 0
0.0005 8797 0
0.001 3542 0
0.00075 9481 0
0.00025 18404 0
0.00025 3598 0
0.00025 7469 0
0.00025 7804 0
0.0015 3231 0
0.00025 9677 0
0.00025 1870 0
0.00075 17183 0
0.0005 12425 0
0.00075 16774 0
0.00025 18637 0
0.00025 5847 0
0.00025 19235 0
0.00075 7422 0
0.00025 16983 0
0.0005 16337 0
0.0005 12585 0
0.00025 7124 0
0.0005 15006 0
0.00025 15691 0
0.001 19789 0
0.001 19946 0
0.00025 13780 0
0.00025 17682 0
0.0005 3516 0
0.0005 9889 0
0.00025 18611 0
0.00025 18909 0
0.002 7469 0
0.0005 8289 0
0.00075 13905 0
0.00025 18455 0
0.00125 8048 0
0.00125 1339 0
0.0005 8837 0
0.00025 15466 0
0.00025 15676 0
0.00025 5668 0
0.00025 6489 0
0.0005 9390 0
0.0005 19712 0
0.0005 6160 0
0.00025 5563 0
0.00025 323 0
0.00075 9958 0
0.0005 1139 0
0.00075 11269 0
0.0005 9737 0
0.00025 5227 0
0.00075 13867 0
0.00025 207 0
0.00125 8815 0
0.00075 10003 0
0.00075 18782 0
0.00025 2231 0
0.00025 9794 0
0.00025 4347 0
0.001 14947 0
0.00025 2241 0
0.00025 9076 0
0.00025 16891 0
0.0005 61 0
0.00025 16020 0
0.00075 11842 0
0.00125 2487 0
0.00025 12528 0
0.0005 12908 0
0.0005 1472 0
0.00075 10781 0
0.00025 8544 0
0.00025 13478 0
0.00025 19057 0
0.001 7322 0
0.0005 2910 0
0.0005 13820 0
0.00025 12075 0
0.00025 13691 0
0.00025 14813 0
0.0005 19215 0
0.00025 5089 0
0.0005 19275 0
0.00025 10922 0
0.00025 7170 0
0.0005 10834 0
0.00025 8896 0
0.00025 9967 0
0.00075 16676 0
0.00025 3143 0
0.00075 7500 0
0.001 9405 0
0.00175 16201 0
0.00075 9167 0
0.00075 9177 0
0.00025 14636 0
0.00175 7080 0
0.0005 17207 0
0.00025 7947 0
0.0005 7226 0
0.00075 4224 0
0.00025 5464 0
0.00025 6636 0
0.00075 10237 0
0.00025 11097 0
0.00125 8949 0
0.0005 10741 0
0.00125 11916 0
0.0005 3349 0
0.00025 11840 0
0.0005 13624 0
0.00025 18271 0
0.0005 6613 0
0.00025 12992 0
0.0005 3705 0
0.0005 16365 0
0.00075 5590 0
0.00025 10423 0
0.00075 17656 0
0.00025 9680 0
0.00025 15006 0
0.00025 3826 0
0.00025 7519 0
0.00025 8443 0
0.00025 11177 0
0.0005 11985 0
0.00175 9402 0
0.00025 12836 0
0.00025 2527 0
0.00025 5226 0
0.00025 4976 0
0.00025 9104 0
0.00025 5935 0
0.00025 14482 0
0.00025 7221 0
0.00025 12348 0
0.00025 17370 0
0.00025 16790 0
0.0005 5401 0
0.00025 12033 0
0.00025 13450 0
0.00025 17869 0
0.00025 4429 0
0.00025 13358 0
0.00025 8379 0
0.00025 9123 0
0.00075 12196 0
0.00025 5181 0
0.00025 14103 0
0.00025 3404 0
0.0005 12988 0
0.00025 541 0
0.00025 15528 0
0.00025 5235 0
0.0005 3857 0
0.0005 17676 0
0.00025 6464 0
0.00025 16258 0
0.0005 4271 0
0.00025 11061 0
0.0005 7101 0
0.001 10846 0
0.00025 12373 0
0.00075 13359 0
0.0005 19589 0
0.00025 5753 0
0.00025 10440 0
0.00025 3831 0
0.00075 10336 0
0.0005 12620 0
0.0005 7671 0
0.0005 6048 0
0.00025 95 0
0.00075 2621 0
0.00125 18767 0
0.00025 357 0
0.00025 10040 0
0.0005 18114 0
0.00025 13338 0
0.00025 13747 0
0.00025 6004 0
0.00075 6879 0
0.00025 7093 0
0.00025 17857 0
0.00075 11570 0
0.00075 11768 0
0.00025 16240 0
0.00025 10800 0
0.00025 17175 0
0.00025 5468 0
0.00025 11740 0
0.00025 9803 0
0.00025 2062 0
0.00025 14872 0
0.00025 9313 0
0.00025 10744 0
0.00025 16784 0
0.00025 1991 0
0.00025 4900 0
0.00025 10767 0
0.00025 16098 0
0.00025 18655 0
0.0005 1874 0
0.00025 5084 0
0.00075 1014 0
0.0015 3856 0
0.0005 12051 0
0.00075 18638 0
0.00025 7727 0
0.00025 16758 0
0.00025 2654 0
0.00025 9528 0
0.00025 3118 0
0.00025 6915 0
0.00075 7855 0
0.00075 11501 0
0.001 5290 0
0.0005 9316 0
0.00025 15745 0
0.00025 6777 0
0.0005 14808 0
0.00025 18693 0
0.00025 6458 0
0.00025 18633 0
0.0005 14650 0
0.00025 8918 0
0.00025 11937 0
0.00025 10135 0
0.00025 15340 0
0.00025 15236 0
0.001 3907 0
0.0005 5284 0
0.0005 5781 0
0.00025 1062 0
0.0005 17149 0
0.00025 6292 0
0.00025 10507 0
0.00025 272 0
0.00025 14939 0
0.0005 5518 0
0.00025 8246 0
0.00075 15155 0
0.00025 1759 0
0.00025 18959 0
0.0005 6655 0
0.0005 7481 0
0.00025 14845 0
0.0005 9734 0
0.00025 17706 0
0.00025 14297 0
0.00025 11478 0
0.00075 7417 0
0.00025 12888 0
0.0005 10716 0
0.00025 14015 0
0.0005 2470 0
0.001 11106 0
0.00025 4233 0
0.00125 10260 0
0.00025 15131 0
0.001 16377 0
0.00025 8913 0
0.00025 14521 0
0.00125 17580 0
0.0005 12603 0
0.0005 13023 0
0.00025 7008 0
0.00025 14944 0
0.0015 4073 0
0.00025 5031 0
0.00025 15996 0
0.00025 10361 0
0.0005 7892 0
0.00025 8181 0
0.00025 9191 0
0.00175 9848 0
0.00025 14305 0
0.00025 8484 0
0.001 13 0
0.0005 11804 0
0.001 13311 0
0.0005 1528 0
0.00025 12891 0
0.00025 1005 0
0.00025 13625 0
0.00025 2633 0
0.0005 6823 0
0.00025 5470 0
0.00025 6136 0
0.00025 12525 0
0.00025 15651 0
0.00025 427 0
0.00025 10423 0
0.0005 740 0
0.00025 16913 0
0.001 3891 0
0.00025 19402 0
0.0005 4229 0
0.00025 17345 0
0.0005 13353 0
0.00025 16391 0
0.001 15739 0
0.00025 4884 0
0.0005 16787 0
0.00025 18365 0
0.00125 6148 0
0.00125 8896 0
0.00025 17966 0
0.001 4552 0
0.00025 4098 0
0.00025 6353 0
0.00025 15131 0
0.0005 19236 0
0.00025 7757 0
0.00025 10042 0
0.00025 5914 0
0.00025 11751 0
0.00025 6271 0
0.00025 1697 0
0.0005 7845 0
0.00025 11456 0
0.00125 12024 0
0.00025 7991 0
0.0005 19196 0
0.0005 2853 0
0.00025 9622 0
0.00125 19283 0
0.00125 263 0
0.0005 5774 0
0.00025 8469 0
0.00075 4738 0
0.0005 12689 0
0.00025 17138 0
0.00025 4724 0
0.00025 19827 0
0.0005 10526 0
0.00025 18669 0
0.00025 17733 0
0.00025 14247 0
0.00025 16871 0
0.00025 11623 0
0.0005 4739 0
0.00025 8784 0
0.00025 17970 0
0.00025 4779 0
0.0005 8123 0
0.00075 3615 0
0.00025 19364 0
0.00025 6807 0
0.00075 14261 0
0.00125 3678 0
0.00075 6492 0
0.0005 3564 0
0.0005 7467 0
0.00025 13006 -0.564011
0.001 7357 0
0.001 12580 0
0.00175 175 0
0.00025 16582 0
0.0005 5484 0
0.00075 15684 0
0.00075 14001 0
0.0005 7793 0
0.00025 6715 0
0.00025 6302 0
0.00025 1516 0
0.0005 1808 0
0.0005 7865 0
0.00025 19347 0
0.00025 2621 0
0.00025 3131 0
0.00025 4444 0
0.00075 7395 0
0.00025 15194 0
0.00025 17710 0
0.00025 418 0
0.001 16625 0
0.00025 15417 0
0.00025 19729 0
0.00025 6401 0
0.00075 7387 0
0.00175 5085 0
0.00025 483 0
0.00025 10163 0
0.00025 7039 0
0.0005 19883 0
0.0005 13432 0
0.00025 7370 0
0.00025 14659 0
0.00025 214 0
0.00125 5757 0
0.00025 8931 0
0.00025 19451 0
0.0005 3341 0
0.00025 6074 0
0.00025 7569 0
0.0005 8046 0
0.00025 1679 0
0.0005 7356 0
0.00025 19271 0
0.00025 19246 0
0.00025 17216 0
0.00025 15100 0
0.00025 3249 0
0.00025 15998 0
0.001 17834 0
0.00025 9955 0
0.001 14597 0
0.001 9580 0
0.00025 19708 0
0.00025 8609 0
0.00025 12641 0
0.0005 15450 0
0.00025 6681 0
0.00025 8879 0
0.00025 5179 0
0.00025 7803 0
0.00025 6590 0
0.00025 1540 0
0.00025 10740 0
0.00025 5759 0
0.001 18964 0
0.00025 2801 0
0.00025 2518 0
0.00075 5503 0
0.00025 12067 0
0.00025 11663 0
0.00025 18352 0
0.00075 1874 0
0.00025 17966 0
0.00025 15980 0
0.0005 16969 0
0.00075 41 0
0.0005 1091 0
0.0005 14959 0
0.00025 11712 0
0.001 3071 0
0.0005 5826 0
0.00025 797 0
0.00025 7927 0
0.00025 5260 0
0.00125 19121 0
0.00025 8805 0
0.00025 15116 0
0.00025 3035 0
0.00025 2460 0
0.00025 3738 0
0.00025 11519 0
0.00025 5194 0
0.0005 17234 0
0.00025 17662 0
0.00025 15022 0
0.00025 1498 0
0.0005 12732 0
0.0005 16327 0
0.00025 2443 0
0.00025 5412 0
0.0005 7780 0
0.00025 9132 0
0.00025 12797 0
0.00025 2929 0
0.00025 18680 0
0.00125 2272 0
0.0005 17719 0
0.00025 11553 0
0.0005 11573 0
0.00025 12689 0
0.00025 13015 0
0.00075 5266 0
0.0015 2044 0
0.0005 10528 0
0.0005 16964 0
0.00025 11085 0
0.00025 10063 0
0.0005 16666 0
0.00025 16249 0
0.0005 15866 0
0.00025 5491 0
0.00075 14611 0
0.00025 8619 0
0.0005 11494 0
0.00125 16052 0
0.00025 5868 0
0.0015 11140 0
0.0005 16185 0
0.00025 7779 0
0.00025 13499 0
0.00025 12273 0
0.0005 7669 0
0.00025 7249 0
0.00025 13046 0
0.00025 18236 0
0.001 3472 0
0.00025 4917 0
0.00025 12989 0
0.0005 10602 0
0.00025 19417 0
0.00025 18239 0
0.0005 12088 0
0.00025 2571 0
0.0005 10211 0
0.00075 15871 0
0.0005 16910 0
0.00025 11772 0
0.00025 15467 0
0.0005 3722 0
0.00075 5008 0
0.00075 15806 0
0.00025 7584 0
0.00025 15571 0
0.00025 14758 0
0.00025 18286 0
0.00025 1329 0
0.00025 15257 0
0.00025 12025 0
0.00025 19858 0
0.00025 3949 0
0.00025 12499 0
0.00025 12417 0
0.00025 4325 0
0.00025 11532 0
0.00025 2718 0
0.00025 10449 0
0.0005 405 0
0.00075 5861 0
0.00075 14438 0
0.00025 5758 0
0.00025 1170 0
0.00025 12056 0
0.0005 16276 0
0.0005 1707 0
0.0005 12845 0
0.00025 5164 0
0.00025 8266 0
0.00025 13829 0
0.00025 5477 0
0.00025 15302 0
0.00075 6129 0
0.0005 964 0
0.00075 2254 0
0.0005 7941 0
0.00025 10896 0
0.00025 14163 0
0.00025 14088 0
0.00025 4839 0
0.00025 13248 0
0.00075 5479 0
0.0005 7074 0
0.00025 9427 0
0.0005 17493 0
0.00075 15655 0
0.00025 1290 0
0.00025 19140 0
0.00025 17984 0
0.00025 13750 0
0.00025 16164 0
0.00025 14601 0
0.00025 7584 0
0.00025 13054 0
0.00025 14106 0
0.00025 3502 0
0.00075 13251 0
0.00025 4472 0
0.00025 1326 0
0.00075 4882 0
0.00025 18256 0
0.0005 18322 0
0.00025 2984 0
0.00025 5627 0
0.00025 14726 0
0.0005 2237 0
0.001 11667 0
0.00025 1949 0
0.0005 5168 0
0.001 15908 0
0.00025 16336 0
0.00025 19723 0
0.0005 16525 0
0.00025 15414 0
0.00025 17537 0
0.001 14382 0
0.00025 7548 0
0.00025 17708 0
0.0005 10085 0
0.0005 19926 0
0.00025 14348 0
0.00025 14264 0
0.00075 10761 0
0.00025 14105 0
0.00075 12499 0
0.0005 15197 0
0.00025 15348 0
0.00025 1170 0
0.0005 5559 0
0.00025 3493 0
0.00025 6885 0
0.00125 11821 0
0.00025 17853 0
0.00025 7287 0
0.00025 9659 0
0.00025 16816 0
0.00025 15516 0
0.00025 17405 0
0.00025 11703 0
0.0005 17957 0
0.0005 18199 0
0.00025 5766 0
0.0015 10920 0
0.00025 1622 0
0.00025 11580 0
0.00025 14384 0
0.0005 5387 0
0.00075 14145 0
0.00075 15651 0
0.00025 3262 0
0.00025 13144 0
0.00075 11144 0
0.00025 14481 0
0.00025 2347 0
0.0005 1478 0
0.00025 5526 0
0.0005 2152 0
0.00025 5651 0
0.001 14978 0
0.00025 3336 0
0.0005 5973 0
0.00025 7274 0
0.00025 11255 0
0.00025 4337 0
0.00025 14179 0
0.00025 14542 0
0.00025 3379 0
0.0005 4373 0
0.00025 14106 0
0.00025 11810 0
0.0005 10988 0
0.00025 6551 0
0.0005 17922 0
0.00025 2424 0
0.0005 15997 0
0.0005 14796 0
0.00025 6668 0
0.00025 6770 0
0.0005 4081 0
0.00025 11227 0
0.00125 7566 0
0.00025 14733 0
0.00025 9871 0
0.00025 4669 0
0.00025 7075 0
0.0005 11182 0
0.0005 12728 0
0.0005 11401 0
0.00025 10011 0
0.00025 5987 0
0.0005 11415 0
0.0005 19073 0
0.00025 17313 0
0.00025 13022 0
0.00075 12802 0
0.00025 5993 0
0.00025 14712 0
0.00025 17956 0
0.0005 10186 0
0.00025 966 0
0.00025 6154 0
0.00075 12999 0
0.00025 9853 0
0.00025 18450 0
0.00025 7973 0
0.00025 570 0
0.00025 5923 0
0.0005 6526 0
0.00025 6328 0
0.00025 4352 0
0.00025 1763 0
0.00025 16453 0
0.0005 1805 0
0.00025 10633 0
0.00025 17396 0
0.00025 11259 0
0.0005 14112 0
0.00025 17225 0
0.00025 1109 0
0.00025 9119 0
0.00025 9325 0
0.00025 10470 0
0.0005 10935 0
0.00025 8560 0
0.00025 8624 0
0.00025 9742 0
0.00025 4558 0
0.00075 18082 0
0.00025 1633 0
0.0005 8000 0
0.00025 12640 0
0.00025 14503 0
0.00025 1268 0
0.00025 2518 0
0.00025 12173 0
0.00075 5423 0
0.00025 9533 0
0.00025 20005 0
0.00025 3728 0
0.00025 6593 0
0.00025 16019 0
0.00025 16104 0
0.00025 18052 0
0.00025 13725 0
0.00025 380 0
0.0005 8328 0
0.00025 4707 0
0.00025 8981 0
0.00075 19147 0
0.00025 5375 0
0.00025 8637 0
0.002 17650 0
0.00025 5823 0
0.0005 19969 0
0.0005 18549 0
0.00025 1450 0
0.00025 2916 0
0.00025 15720 0
0.00025 5238 0
0.00025 1989 0
0.00025 14134 0
0.0005 1757 0
0.0005 6830 0
0.00025 8432 0
0.00025 19011 0
0.00025 8050 0
0.00025 13623 0
0.00025 2071 0
0.00025 5222 0
0.00025 3940 0
0.0005 7680 0
0.00025 13262 0
0.00025 14457 0
0.00025 15429 0
0.00025 10828 0
0.00025 13968 0
0.001 17616 0
0.00025 14801 0
0.00025 13242 0
0.00025 19021 0
0.00025 16924 0
0.0005 13325 0
0.00075 5996 0
0.0005 18739 0
0.00025 4108 0
0.00025 10097 0
0.0005 5308 0
0.00075 12088 0
0.00075 17318 0
0.0005 14346 0
0.00025 6256 0
0.00025 12898 0
0.00025 18030 0
0.00025 6582 0
0.0005 2426 0
0.00025 10840 0
0.00075 2712 0
0.00025 12236 0
0.00025 8761 0
0.00125 18314 0
0.00025 7907 0
0.0005 345 0
0.00025 5186 0
0.00025 2536 0
0.0005 9185 0
0.0005 180 0
0.00025 19617 0
0.00025 14746 0
0.00025 12287 0
0.00025 18798 0
0.00025 5828 0
0.00025 1484 0
0.0005 2871 0
0.00025 16051 0
0.00075 6871 0
0.00025 567 0
0.00025 11516 0
0.00025 16096 0
0.0005 19547 0
0.00025 5914 0
0.00025 4634 0
0.0005 7265 0
0.0005 767 0
0.0005 3882 0
0.0005 13992 0
0.00025 2371 0
0.00025 4755 0
0.00025 19175 0
0.00025 4967 0
0.00025 2440 0
0.00025 15143 0
0.00025 5000 0
0.00025 12592 0
0.00075 9913 0
0.0005 5456 0
0.00025 9864 0
0.00025 966 0
0.00075 2715 0
0.00025 19177 0
0.00025 5818 0
0.00025 18843 0
0.00025 13342 0
0.00025 7221 0
0.0005 10848 0
0.00075 472 0
0.0005 8508 0
0.00025 1521 0
0.00025 7249 0
0.00025 9752 0
0.00025 10041 0
0.00025 17916 0
0.00025 5754 0
0.00025 2064 0
0.00025 4403 0
0.00025 18608 0
0.00025 10744 0
0.00025 3896 0
0.00025 1688 0
0.00075 2522 0
0.00025 3847 0
0.00025 12009 0
0.00025 496 0
0.00025 19231 0
0.00025 12267 0
0.00025 2059 0
0.00025 12814 0
0.00025 6966 0
0.00025 19675 0
0.00025 13006 -0.789964
0.0005 8458 0
0.00025 5664 0
0.00025 10982 0
0.00025 16151 0
0.00025 2477 0
0.0005 14160 0
0.00025 265 0
0.00025 3237 0
0.00025 4733 0
0.00025 14853 0
0.00025 16892 0
0.00025 18789 0
0.00025 3870 0
0.0005 14888 0
0.00025 13121 0
0.00025 1861 0
0.0005 3485 0
0.00025 15019 0
0.00025 7595 0
0.0005 9315 0
0.00025 11136 0
0.00025 19398 0
0.00025 16910 0
0.00075 19973 0
0.0005 11008 0
0.00025 15954 0
0.001 16888 0
0.00025 5313 0
0.00025 13398 0
0.00025 7501 0
0.00025 12758 0
0.00025 6396 0
0.00025 16072 0
0.00025 4707 0
0.00025 9698 0
0.00025 228 0
0.00025 1807 0
0.00025 18426 0
0.0005 14360 0
0.0005 16127 0
0.00025 17241 0
0.00025 1062 0
0.0005 4340 0
0.00025 16102 0
0.00025 11046 0
0.00025 11761 0
0.0005 3798 0
0.00075 6912 0
0.00025 3556 0
0.00025 15088 0
0.00025 17794 0
0.00025 2305 0
0.00025 14089 0
0.00025 15803 0
0.0005 450 0
0.00025 11177 0
0.0005 3048 0
0.00025 12733 0
0.00025 18690 0
0.00025 11528 0
0.00025 7289 0
0.00025 12606 0
0.00025 8418 0
0.00025 9005 0
0.00025 7893 0
0.00025 2585 0
0.0005 2495 0
0.0005 8961 0
0.0005 17300 0
0.00025 8011 0
0.00025 13026 0
0.00025 8808 0
0.00025 13967 0
0.00025 4965 0
0.0005 9129 0
0.0005 7778 0
0.00025 7668 0
0.00025 8272 0
0.00025 13482 0
0.0005 14297 0
0.00025 6377 0
0.00025 19611 0
0.00025 771 0
0.00025 11967 0
0.00025 11937 0
0.00025 6746 0
0.00025 17996 0
0.00025 929 0
0.00025 14868 0
0.00025 3293 0
0.00025 2877 0
0.00025 2108 0
0.00025 11616 0
0.00025 13461 0
0.00025 2126 0
0.00025 15155 0
0.00075 365 0
0.00025 15433 0
0.00025 1908 0
0.00025 16757 0
0.0005 19143 0
0.00025 11523 0
0.00025 5362 0
0.00025 10385 0
0.00025 6312 0
0.00025 8332 0
0.0005 14961 0
0.00025 1018 0
0.00025 2142 0
0.00025 11294 0
0.0005 13818 0
0.0005 19458 0
0.00025 4222 0
0.0005 14254 0
0.0005 17286 0
0.00025 6989 0
0.00025 3530 0
0.00075 3841 0
0.00025 17066 0
0.00025 10440 0
0.0005 9597 0
0.00075 15188 0
0.00025 1163 0
0.00025 11082 0
0.00025 1626 0
0.0005 8797 0
0.00025 12686 0
0.00025 2118 0
0.00025 9707 0
0.0005 17360 0
0.00025 9659 0
0.00025 12109 0
0.00025 16519 0
0.00025 16561 0
0.00025 18716 0
0.0005 16658 0
0.00025 2342 0
0.00075 4983 0
0.00025 7807 0
0.00025 12910 0
0.0005 17862 0
0.00025 4633 0
0.0005 4798 0
0.00025 6302 0
0.00025 1437 0
0.00025 12395 0
0.00025 12463 0
0.00025 6768 0
0.00025 1372 0
0.00025 1561 0
0.00025 3141 0
0.00025 3307 0
0.00025 7881 0
0.00025 8632 0
0.00025 19892 0
0.00025 6421 0
0.00075 11455 0
0.0005 19773 0
0.00025 4208 0
0.00025 1558 0
0.00025 14687 0
0.00075 15965 0
0.00025 5541 0
0.00025 19844 0
0.00025 11077 0
0.00025 18731 0
0.00025 18631 0
0.00025 12911 0
0.00025 2246 0
0.00025 6449 0
0.00025 75 0
0.00025 14361 0
0.00025 18731 0
0.00025 2470 0
0.00025 14876 0
0.0005 19532 0
0.00025 10330 0
0.00025 12281 0
0.00025 7149 0
0.00025 610 0
0.00025 16228 0
0.00025 19031 0
0.00025 7731 0
0.00025 3291 0
0.00075 2106 0
0.00025 17186 0
0.0005 5083 0
0.00025 17253 0
0.00025 19873 0
0.00025 2690 0
0.00025 10161 0
0.00025 2913 0
0.00025 4555 0
0.0005 13895 0
0.00025 7035 0
0.00025 10178 0
0.00025 5563 0
0.0005 9323 0
0.00025 15498 0
0.00025 6662 0
0.00025 13896 0
0.00025 7611 0
0.00025 2607 0
0.00025 2060 0
0.0005 7358 0
0.00025 17530 0
0.00025 10229 0
0.00025 10888 0
0.00025 13511 0
0.00025 2815 0
0.0005 1113 0
0.0005 2926 0
0.00025 7496 0
0.00025 1768 0
0.00025 8794 0
0.00025 15738 0
0.0005 9570 0
0.0005 13823 0
0.00025 12918 0
0.00025 9248 0
0.00025 17880 0
0.00025 2313 0
0.00025 19763 0
0.00025 2096 0
0.00025 4952 0
0.00025 10188 0
0.00025 15367 0
0.00025 10775 0
0.00025 11190 0
0.00025 2115 0
0.00025 3691 0
0.00025 4648 0
0.0005 12129 0
0.00025 19874 0
0.00025 17388 0
0.00025 1226 0
0.00025 2044 0
0.00025 4834 0
0.00025 648 0
0.00025 3669 0
0.00025 9539 0
0.0005 10712 0
0.00025 10484 0
0.0005 9672 0
0.00025 11243 0
0.00025 7741 0
0.00025 11717 0
0.00025 12516 0
0.00025 6052 0
0.00025 9372 0
0.0005 12406 0
0.00025 10751 0
0.00075 13909 0
0.00025 2158 0
0.00025 8023 0
0.00025 12491 0
0.00025 12458 0
0.00025 1839 0
0.0005 16019 0
0.00025 10670 0
0.00025 2367 0
0.00025 6255 0
0.00025 577 0
0.00025 16652 0
0.00025 2220 0
0.00025 18869 0
0.00025 3748 0
0.00025 10145 0
0.00025 17235 0
0.00025 19532 0
0.00025 16852 0
0.00025 11240 0
0.00025 15540 0
0.00025 6860 0
0.00025 14337 0
0.00025 6398 0
0.00075 4918 0
0.00025 744 0
0.00075 9675 0
0.00025 17676 0
0.0005 5465 0
0.00025 19058 0
0.00025 4243 0
0.00025 4246 0
0.00025 8677 0
0.00025 929 0
0.00025 10261 0
0.00025 19296 0
0.0005 4396 0
0.00025 13792 0
0.00025 16485 0
0.00025 21 0
0.00025 10211 0
0.00025 19066 0
0.00025 6787 0
0.00025 7972 0
0.00025 16278 0
0.00025 5381 0
0.00025 6551 0
0.00025 7024 0
0.00025 16307 0
0.00025 5687 0
0.00025 3460 0
0.00025 9263 0
0.00025 12933 0
0.00025 12913 0
0.00025 1467 0
0.00025 4186 0
0.00025 10964 0
0.00025 12202 0
0.00025 1214 0
0.0005 1621 0
0.0005 2033 0
0.00025 13768 0
0.00025 1770 0
0.00025 16280 0
0.00025 2851 0
0.00025 422 0
0.00025 5928 0
0.00025 7559 0
0.00075 9304 0
0.00025 1297 0
0.00025 14008 0
0.00025 14761 0
0.00025 5629 0
0.00025 17039 0
0.00025 14254 0
0.00025 18658 0
0.00025 8287 0
0.00025 13635 0
0.00025 18891 0
0.00025 4940 0
0.00025 5724 0
0.00025 11669 0
0.00025 13293 0
0.00025 12055 0
0.00025 1113 0
0.00025 2600 0
0.00025 6815 0
0.00025 12005 0
0.00025 13354 0
0.00025 5845 0
0.00025 14805 0
0.00025 10383 0
0.00025 3719 0
0.00025 2491 0
0.00025 2801 0
0.00025 4981 0
0.00025 778 0
0.00025 9610 0
0.00025 4800 0
0.00025 5158 0
0.00025 3403 0
0.00025 9650 0
0.00025 18840 0
0.00025 2438 0
0.00025 11836 0
0.00025 10586 0
0.00025 19404 0
0.00025 4377 0
0.00025 19593 0
0.00025 18775 0
0.00025 6826 0
0.00025 9659 0
0.00025 13303 0
0.00075 9061 0
0.00025 9927 0
0.00025 10701 0
0.0005 6989 0
0.00025 10344 0
0.00025 4260 0
0.0005 5512 0
0.0005 16043 0
0.00025 5463 0
0.00025 1093 0
0.0005 4862 0
0.00025 10608 0
0.00025 13075 0
0.0005 12069 0
0.00025 7957 0
0.0005 17393 0
0.00025 19216 0
0.00025 2740 0
0.00025 3268 0
0.00025 11695 0
0.00025 14077 0
0.00025 14016 0
0.00025 16177 0
0.00025 11346 0
0.00025 18437 0
0.00025 2585 0
0.00025 640 0
0.00025 4124 0
0.00075 16868 0
0.0005 7597 0
0.00025 16994 0
0.00025 2213 0
0.00025 18009 0
0.00025 16778 0
0.00025 6759 0
0.00025 13184 0
0.00025 11415 0
0.00025 11501 0
0.00025 11614 0
0.00025 17911 0
0.00025 4775 0
0.00025 3062 0
0.00025 4479 0
0.00025 18419 0
0.00025 6801 0
0.00025 15023 0
0.00025 12166 0
0.00025 18524 0
0.00025 7147 0
0.00025 4552 0
0.00025 3201 0
0.00025 3801 0
0.0005 16079 0
0.00025 3481 0
0.00025 13923 0
0.00025 15321 0
0.00025 17074 0
0.00025 6005 0
0.00025 11798 0
0.00025 16644 0
0.00025 10844 0
0.00025 12248 0
0.00025 19944 0
0.00025 12600 0
0.00025 8496 0
0.00025 8957 0
0.00025 18971 0
0.00025 9482 0
0.00025 4923 0
0.00025 6834 0
0.00025 15789 0
0.00025 9490 0
0.0005 9862 0
0.00025 2396 0
0.00025 8372 0
0.00025 18763 0
0.00025 6194 0
0.0005 16858 0
0.00025 5315 0
0.00025 1553 0
0.00025 5233 0
0.00025 8643 0
0.00025 9222 0
0.00025 15373 0
0.00025 16262 0
0.00025 14636 0
0.0005 17979 0
0.00025 8568 0
0.00025 854 0
0.00025 9069 0
0.00025 14716 0
0.00025 15248 0
0.00025 12335 0
0.00025 2599 0
0.0005 18390 0
0.00025 8435 0
0.0005 3095 0
0.00025 17524 0
0.00025 1025 0
0.0005 17735 0
0.00025 6188 0
0.00025 15819 0
0.00025 7425 0
0.00025 116 0
0.00025 16070 0
0.00025 258 0
0.00025 7687 0
0.00025 16418 0
0.00025 1741 0
0.00025 10959 0
0.00025 13744 0
0.00025 1349 0
0.00025 17932 0
0.00025 17426 0
0.00025 13183 0
0.00025 15867 0
0.0005 5092 0
0.00025 5739 0
0.00025 15702 0
0.00025 509 0
0.00025 16794 0
0.00025 2424 0
0.00025 4793 0
0.00025 3049 0
0.00025 9127 0
0.00025 10098 0
0.00025 19610 0
0.00025 1030 0
0.00025 10981 0
0.00025 17985 0
0.00025 997 0
0.00025 11022 0
0.00025 17326 0
0.00025 697 0
0.00025 19917 0
0.00025 18477 0
0.00025 2103 0
0.00025 2171 0
0.00025 3023 0
0.00025 4775 0
0.00025 4732 0
0.00025 19214 0
0.00025 3383 0
0.00025 595 0
0.00025 718 0
0.00025 18282 0
0.00025 17175 0
0.00025 19523 0
0.00025 12337 0
0.00025 8199 0
0.00025 14075 0
0.00025 18854 0
0.00025 10805 0
0.00025 7916 0
0.00025 12450 0
0.00025 12809 0
0.00025 13418 0
0.00025 5999 0
0.00025 4843 0
0.00025 12936 0
0.00025 19852 0
0.00025 1767 0
0.00025 3832 0
0.00025 4871 0
0.00025 3134 0
0.00025 5538 0
0.00025 5419 0
0.00025 8516 0
0.00025 12894 0
0.00025 8118 0
0.00025 12395 0
0.00025 7485 0
0.00025 1494 0
0.00025 19527 0
0.00025 4659 0
0.00025 7990 0
0.00025 15035 0
0.00025 17801 0
0.00025 14777 0
0.00025 18641 0
0.00025 12938 0
0.00025 13014 0
0.00025 7643 0
0.00025 5423 0
0.00025 8426 0
0.00025 1792 0
0.00025 16097 0
0.00025 13533 0
0.00025 1108 0
0.00025 8631 0
0.00025 19617 0
0.00025 4171 0
0.00025 17735 0
