// Initial random seed:
1499635764267

// RunInitializeCallbacks():
initializeMutationRate(1e-05);
initializeMutationType(1, 0.5, "f", 1);
initializeMutationType(2, 0.5, "f", -1);
initializeGenomicElementType(1, c(m1, m2), c(1, 1));
initializeGenomicElement(g1, 0, 999);
initializeRecombinationRate(0.001);

// Starting run at generation <start>:
1 

DATA:
400
0.527 0.044
3.368 -5.44
2.03 -5.715
4.184 -6.904
5.101 -5.836
7.904 -2.446
5.928 -2.555
3.518 -7.47
3.7 -4.721
3.086 -4.057
6.862 -5.551
5.859 -7.04
4.514 -2.332
5.548 -5.495
3.156 -1.518
3.581 -5.059
4.706 -4.654
7.756 -4.743
7.906 -3.923
3.177 -5.74
5.478 -6.951
4.241 -5.068
2.647 -8.251
5.233 -5.866
5.816 -3.777
8.305 -4.907
8.659 -7.692
4.242 -6.534
5.239 -6.132
4.417 -6.444
4.345 -5.54
4.814 -4.203
6.288 -4.058
4.191 -5.847
4.962 -3.73
3.024 -5.85
4.627 -7.42
6.455 -5.394
4.534 -7.81
7.01 -4.083
5.069 -3.738
4.899 -4.955
7.715 -6.511
7.717 -3.901
7.172 -2.703
5.123 -6.716
2.731 -5.791
2.607 -5.09
3.473 -6.03
6.213 -6.166
7.606 -2.606
5.255 -2.646
5.666 -6.154
6.535 -6.549
5.962 -6.702
4.15 -6.998
7.463 -6.6
6.35 -2.985
7.238 -4.468
8.31 -3.496
5.951 -5.102
5.594 -3.743
5.814 -5.122
3.593 -7.311
4.132 -6.142
3.758 -5.306
4.597 -4.708
4.366 -4.592
5.519 -5.25
5.959 -4.691
4.064 -8.057
2.174 -6.934
4.8 -5.079
3.841 -7.116
5.578 -4.677
5.055 -7.337
5.478 -5.905
7.785 -6.178
7.595 -2.769
9.162 -4.179
4.368 -7.479
6.373 -5.108
4.49 -7.566
2.819 -6.531
5.729 -5.677
5.471 -5.449
6.318 -3.355
6.92 -3.596
6.468 -7.112
4.857 -7.034
6.2 -4.831
6.877 -4.814
5.088 -4.304
8.508 -4.972
5.632 -4.778
6.944 -4.513
5.112 -3.511
5.992 -4.449
4.933 -4.841
6.191 -3.818
6.033 -7.151
6.425 -5.603
6.295 -5.505
4.61 -5.227
6.779 -5.161
7.461 -4.602
5.974 -4.492
4.854 -5.333
4.25 -7.472
3.914 -7.719
3.181 -6.105
7.208 -5.144
3.91 -7.298
4.817 -5.733
6.12 -5.149
7.302 -5.391
6.395 -1.936
6.867 -6.75
6.016 -3.935
7.267 -4.428
3.124 -6.277
5.035 -8.155
4.071 -7.053
5.531 -6.836
7.088 -3.668
4.434 -5.152
2.835 -4.994
6.673 -1.744
4.826 -7.771
4.095 -6.723
3.991 -4.853
3.608 -6.163
5.537 -6.165
6.653 0.866
6.348 -3.261
6.162 -4.736
6.922 -5.457
5.601 -4.379
5.67 -4.748
4.95 -5.836
7.065 -4.844
5.969 -2.871
4.933 -5.225
5.505 -5.761
6.264 -4.745
3.822 -5.955
2.676 -6.682
2.389 -8.218
3.75 -5.825
4.93 -5.7
5.961 -4.119
4.14 -5.906
7.311 -4.83
3.222 -7.032
5.832 -6.726
6.491 -5.543
5.797 -6.466
4.51 -4.5
6.55 -4.23
7.423 -4.283
6.909 -4.257
6.023 -7.15
3.96 -7.122
6.366 -5.48
5.743 -5.635
6.188 -4.307
5.278 -5.006
4.994 -5.4
5.271 -4.652
6.43 -5.294
6.808 -2.54
7.433 -2.536
7.861 -3.598
7.12 -5.682
4.869 -8.524
5.721 -7.296
7.141 -5.081
4.987 -5.657
3.704 -5.487
4.631 -6.864
4.74 -5.899
6.081 -6.742
5.377 -6.351
3.516 -9.176
1.756 -7.335
4.612 -4.122
4.756 -4.988
2.691 -4.246
6.371 -6.164
7.219 -6.229
5.683 -5.13
6.755 -3.299
5.658 -5.229
6.271 -6.673
5.381 -6.966
4.792 -7.708
6.879 -8.2
7.514 -5.459
5.294 -5.989
5.609 -5.908
5.102 -6.766
6.776 -4.799
8.414 -2.832
4.643 -4.208
5.291 -6.917
6.789 -7.086
6.003 -5.54
7.437 -4.756
4.345 -5.387
5.783 -5.646
6.665 -2.646
5.471 -4.597
6.216 -3.718
6.97 -7.444
6.573 -5.599
4.399 -7.633
6.325 -6.311
7.54 -4.134
7.201 -5.326
6.438 -4.343
5.405 -5.609
7.09 -5.665
6.238 -6.455
3.204 -8
2.966 -6.489
4.205 -5.913
5.805 -7.062
6.704 -5.349
7.211 -3.513
5.5 -4.414
4.808 -6.229
6.157 -6.027
7.087 -5.926
4.545 -7.17
3.998 -6.546
8.159 -5.747
5.113 -5.543
7.099 -3.069
8.542 -3.265
4.754 -5.855
1.954 -6.187
5.274 -7.437
7.327 -2.642
7.303 -4.114
4.7 -6.114
5.022 -7.571
5.456 -5.213
6.43 -6.161
8.563 -3.724
7.717 -4.899
6.976 -6.192
7.495 -5.899
6.111 -5.778
5.979 -5.631
7.697 -4.981
6.598 -5.047
1.952 -7.121
2.714 -6.523
5.128 -3.588
6.537 -5.131
6.624 -4.865
5.432 -6.857
7.298 -5.653
8.332 -3.75
8.205 -5.742
7.172 -4.666
5.593 -3.928
5.248 -6.595
4.569 -5.27
5.628 -3.444
6.37 -5.145
6.581 -5.909
5.949 -5.889
5.669 -7.068
5.311 -3.404
3.901 -5.251
4.671 -6.366
6.837 -5.005
7.394 -4.309
6.217 -5.889
5.063 -6.333
6.583 -6.291
5.225 -6.353
8.071 -6.38
6.331 -6.123
3.856 -8.554
2.543 -7.878
6.068 -6.414
6.176 -5.508
7.441 -6.966
6.314 -6.527
7.355 -5.694
6.46 -4.718
5.122 -5.026
5.872 -5.623
5.998 -6.74
7.517 -3.531
7.141 -1.973
6.09 -4.184
7.501 -5.9
5.08 -4.66
6.682 -5.791
6.008 -4.681
3.243 -6.87
4.638 -6.246
7.413 -5.135
6.898 -4.932
6.566 -5.655
3.821 -7.29
5.811 -6.852
7.051 -6.249
6.537 -6.798
4.33 -5.723
6.409 -7.966
5.573 -6.845
6.041 -7.012
7.028 -6.985
4.886 -7.419
5.441 -6.222
6.423 -4.832
7.7 -6.159
5.995 -5.426
5.432 -3.941
5.644 -5.178
5.18 -5.32
7.409 -2.767
7.452 -1.994
6.722 -5.998
5.33 -5.347
5.632 -4.325
6.947 -4.761
6.085 -4.413
7.189 -4.56
6.176 -5.68
7.585 -6.378
6.202 -4.005
6.155 -4.612
6.282 -4.164
7.18 -6.176
7.678 -2.883
6.36 -3.914
6.98 -5.191
6.761 -5.586
5.509 -4.876
5.607 -4.013
6.08 -5.167
8.243 -5.608
7.578 -5.18
7.086 -4.631
6.861 -3.9
6.067 -5.348
4.95 -6.321
5.127 -5.944
5.705 -4.256
4.64 -6.249
5.224 -5.499
6.263 -5.285
6.751 -6.896
4.845 -7.645
5.111 -6.158
4.559 -5.482
6.074 -6.478
5.3 -5.246
4.931 -4.596
4.256 -7.501
5.363 -5.225
4.383 -7.722
3.767 -6.575
4.756 -6.535
5.579 -7.719
3.316 -7.497
5.727 -5.862
-0.267 -7.492
3.451 -7.368
5.533 -6.289
4.882 -7.346
3.629 -7.372
5.382 -5.799
4.177 -7.17
3.569 -5.996
3.827 -6.785
5.954 -6.721
4.218 -8.119
5.444 -5.205
1.172 -5.932
5.463 -7.426
5.844 -5.686
7.116 -3.839
5.795 -4.438
5.873 -6.126
4.069 -5.929
5.194 -5.779
6.656 -5.381
4.514 -6.781
5.455 -5.032
6.296 -3.338
6.298 -4.835
5.875 -6.806
4.373 -7.076
3.764 -4.629
