57 75 68 70
96 101 105 87
90 108 108 89
92 87 95 70
88 96 100 84
86 91 102 88
88 98 102 80
93 94 101 83
91 100 104 81
91 98 105 87
98 100 98 72
86 100 111 90
87 97 109 80
93 105 101 91
90 98 111 83
90 100 104 91
89 97 102 87
86 93 98 76
94 95 105 82
91 97 101 87
98 99 106 85
93 94 100 80
90 91 106 82
88 91 109 76
92 94 101 80
93 98 107 85
88 103 102 79
93 98 98 83
96 106 107 86
88 92 94 77
86 93 101 79
91 104 96 85
96 96 101 74
86 99 102 80
92 95 101 76
87 111 100 86
86 90 100 86
86 101 102 74
95 92 104 71
89 100 105 86
90 87 102 80
88 94 105 86
96 106 107 78
91 97 107 81
86 91 104 74
86 102 103 84
91 105 101 83
89 88 112 90
88 106 90 81
83 97 102 88
99 109 105 84
90 89 96 86
83 95 97 88
97 95 108 86
97 96 99 87
96 92 104 84
97 98 98 71
83 93 96 82
112 102 107 92
101 94 100 79
80 97 99 85
91 102 104 93
97 96 101 90
96 93 109 81
92 101 103 88
97 94 98 86
89 89 99 87
87 85 104 90
89 104 106 95
88 97 104 72
98 98 109 89
80 100 99 81
89 98 108 82
89 105 102 93
85 102 100 84
86 103 102 84
86 101 94 73
86 98 104 89
100 95 111 89
90 88 111 87
83 91 99 83
97 91 96 83
98 89 101 84
102 85 107 80
95 90 94 81
95 95 105 83
84 99 98 81
98 98 95 83
86 92 96 70
99 91 100 69
92 101 99 84
96 101 95 73
86 89 105 77
98 94 98 74
82 91 107 70
96 90 100 82
83 106 105 83
94 91 96 83
89 91 110 91
93 95 93 90
97 97 111 82
84 88 106 85
93 99 100 78
86 100 98 81
87 103 110 87
95 94 108 80
88 91 102 81
91 88 102 79
92 94 111 72
93 82 112 75
100 92 100 80
94 97 105 87
90 104 102 86
86 89 106 76
102 99 97 87
91 102 103 81
98 109 109 90
88 97 100 76
84 91 100 74
91 97 110 77
86 98 112 86
91 92 106 86
96 104 105 87
90 105 105 94
88 92 108 93
91 86 103 84
87 93 100 79
89 94 103 81
86 85 103 80
89 99 97 92
94 96 100 80
90 90 95 82
100 97 104 92
97 94 106 92
87 96 107 79
88 94 110 87
95 100 100 82
100 81 105 74
86 103 114 79
89 100 104 86
89 101 111 76
87 92 100 82
85 104 104 91
97 103 99 78
91 95 105 79
90 98 104 87
95 87 100 77
94 91 99 77
94 109 108 85
97 93 108 83
94 89 102 81
93 97 92 92
87 94 98 77
85 92 95 81
92 92 100 78
88 98 108 82
93 87 103 85
91 108 105 86
99 99 106 87
89 101 102 90
91 95 102 84
84 106 107 90
86 99 106 84
85 83 93 80
96 101 106 85
96 98 107 92
84 91 104 75
88 88 103 80
90 92 90 82
88 92 99 92
92 97 110 87
98 100 108 85
96 97 93 82
99 93 107 79
87 93 95 86
91 93 105 70
98 89 101 95
80 92 109 81
85 97 97 73
91 101 102 84
101 101 107 75
90 100 114 86
94 101 101 92
89 99 104 81
100 101 110 79
90 101 102 87
92 101 107 81
88 103 100 82
102 102 104 88
95 101 109 77
91 88 94 92
90 102 105 83
87 104 104 89
95 86 104 81
90 92 100 83
88 106 114 92
101 95 96 83
98 87 101 88
92 101 100 92
103 96 100 82
84 90 103 81
84 90 101 79
87 94 91 79
93 88 101 88
82 90 100 88
85 100 99 73
103 116 105 84
92 85 95 88
82 86 101 92
98 97 111 76
91 99 108 74
93 99 105 77
101 98 108 85
89 99 104 85
96 87 101 79
82 95 102 81
95 89 106 82
89 96 100 84
95 102 104 76
93 94 102 87
96 103 108 79
88 90 97 90
82 100 106 80
85 88 101 90
102 107 115 88
85 95 97 80
90 98 103 81
92 92 109 77
97 101 106 96
97 99 108 80
87 98 96 86
100 106 114 95
87 98 100 80
87 93 103 82
93 100 106 89
84 94 105 79
90 82 103 90
74 96 94 79
84 82 98 84
96 99 111 76
88 100 102 83
85 93 107 84
89 108 96 89
94 90 107 81
93 93 94 76
96 95 107 84
96 106 98 91
92 111 104 89
86 94 119 82
93 92 100 75
98 88 113 81
91 94 117 80
91 96 106 79
86 96 95 78
97 99 105 85
96 89 107 93
95 100 102 81
96 87 99 89
98 106 113 91
94 96 100 78
83 105 99 78
93 102 100 73
93 105 102 91
94 93 105 85
87 91 109 74
95 88 104 76
101 96 108 88
102 93 102 79
91 102 111 85
95 101 98 86
87 100 105 74
92 105 104 86
99 96 97 90
90 95 99 84
95 96 99 91
100 96 106 83
95 97 103 95
84 97 103 74
96 99 116 80
90 104 105 86
91 84 108 80
95 98 103 79
90 94 90 81
90 99 103 85
93 91 104 85
99 97 92 85
92 92 102 78
98 99 107 73
85 91 104 88
95 95 107 81
89 102 99 91
88 93 97 76
95 83 96 86
82 104 109 89
97 88 109 79
87 98 94 77
97 94 90 90
90 90 101 77
91 93 102 80
91 98 100 85
92 102 106 76
97 104 100 83
87 90 100 79
92 89 103 68
88 97 93 87
90 92 97 92
93 82 101 82
87 88 98 70
83 91 105 96
97 96 98 86
91 89 105 79
85 84 98 79
95 78 101 78
87 94 105 81
92 87 97 79
90 97 106 83
86 104 106 79
91 111 109 97
91 96 103 85
94 92 100 82
87 90 102 79
89 87 105 78
84 101 96 76
85 100 106 88
90 99 104 71
86 107 101 89
99 97 108 90
87 97 91 80
87 97 94 86
98 102 102 87
94 95 93 82
94 95 100 82
92 94 113 87
90 95 102 90
86 94 102 81
89 90 107 85
93 104 101 81
89 102 108 87
83 89 104 81
91 90 100 81
91 103 104 92
84 102 111 76
89 87 93 92
89 93 116 85
89 91 101 87
90 91 97 86
96 101 100 92
90 101 96 87
92 88 103 98
90 92 102 77
85 95 107 89
95 99 105 75
92 88 106 84
86 93 107 87
89 96 105 86
86 99 102 76
95 96 96 83
90 91 107 79
99 92 99 82
94 94 112 80
99 96 101 79
95 97 95 90
91 103 99 82
85 101 108 74
90 99 98 86
90 102 96 80
86 94 118 80
93 101 106 92
91 101 103 81
92 92 105 71
93 91 100 87
94 94 92 83
95 88 111 88
99 96 111 76
88 102 106 79
97 93 108 80
103 91 111 86
95 89 106 71
96 97 101 91
93 99 101 86
92 100 100 85
88 100 107 77
97 94 100 79
98 101 96 89
97 92 97 90
93 101 99 86
83 108 108 84
80 104 101 75
94 100 108 73
91 95 104 83
89 84 103 78
87 98 102 81
86 95 108 85
97 102 103 76
88 100 104 92
96 99 100 79
88 96 92 97
91 98 111 77
103 92 95 84
86 101 105 95
77 93 101 87
93 93 105 74
83 92 101 77
88 97 107 83
91 89 98 84
89 101 110 88
90 93 106 79
96 95 112 73
96 99 103 78
90 102 99 84
92 104 112 83
84 97 92 78
89 92 98 79
96 101 110 79
95 87 96 75
95 90 94 80
99 96 101 78
90 93 109 80
98 93 100 81
95 87 99 76
81 91 97 74
88 107 96 80
102 94 102 86
88 99 99 72
97 106 105 72
93 104 114 78
89 112 101 92
97 101 108 82
89 96 101 93
90 95 94 78
89 91 100 82
96 100 108 86
96 99 110 89
93 89 96 80
88 91 105 96
89 105 106 85
88 103 105 80
92 95 98 90
88 91 95 71
89 90 93 78
82 97 97 82
85 105 104 81
85 97 94 90
88 93 106 82
89 100 99 91
102 104 99 89
88 101 100 83
96 94 104 84
96 97 101 86
90 94 107 81
87 102 104 94
95 102 101 82
101 103 108 90
95 103 106 81
87 95 99 77
89 97 96 84
82 98 109 83
92 96 102 84
96 98 102 83
91 87 113 77
95 94 98 77
84 98 109 94
91 89 106 90
93 103 101 73
105 87 100 90
97 99 100 79
95 92 96 77
97 104 98 92
97 91 103 78
91 103 95 82
92 100 107 79
91 112 110 92
96 89 107 91
85 102 105 89
86 92 107 77
89 93 97 87
89 90 96 83
87 108 105 83
93 95 93 94
90 100 107 81
87 97 110 88
93 92 96 84
95 96 97 82
87 100 103 77
90 104 104 83
95 102 103 76
93 87 101 80
87 91 104 88
87 96 109 81
95 92 109 83
94 105 108 79
93 96 103 74
96 87 109 77
89 91 98 73
87 97 110 85
94 98 108 95
93 101 102 81
88 107 114 78
82 89 95 83
94 98 98 90
92 85 102 81
99 98 90 80
95 94 103 84
96 99 104 86
88 100 97 80
88 103 108 87
96 97 103 85
91 95 102 77
83 84 94 81
81 94 104 82
91 91 102 93
97 95 106 92
92 95 102 85
75 90 108 74
83 104 103 78
90 94 107 100
98 91 105 84
98 94 105 85
86 93 98 81
90 102 113 82
92 80 98 83
90 86 103 92
93 98 100 92
92 91 98 84
93 99 95 72
88 97 100 79
94 106 97 94
102 103 98 90
92 91 95 81
90 102 108 87
90 90 98 80
94 90 105 88
92 97 109 79
95 82 108 78
91 97 98 80
98 98 109 84
83 99 95 86
96 94 101 93
86 96 106 76
83 96 105 81
104 106 102 89
84 97 101 85
92 104 100 79
90 95 105 94
89 92 96 87
90 91 96 69
91 98 102 81
88 93 106 76
97 91 105 79
92 92 95 82
93 93 115 86
100 102 101 79
100 90 104 81
89 107 104 87
89 96 100 88
95 92 107 81
96 101 109 77
91 86 110 75
91 89 104 86
95 90 94 85
86 86 98 86
88 89 113 74
87 102 99 74
90 100 94 84
90 100 104 77
92 94 101 84
100 94 98 77
93 96 107 79
96 109 105 79
89 98 107 84
94 98 102 91
88 100 103 92
97 95 107 84
85 94 95 92
87 90 100 75
90 108 99 82
94 103 101 89
78 106 105 87
99 94 101 83
92 90 107 86
93 89 100 77
91 93 103 85
91 93 109 79
95 90 106 90
99 102 97 85
93 94 99 93
94 104 107 76
88 97 105 83
86 88 99 84
89 85 99 78
88 89 104 87
92 94 89 90
92 95 105 89
90 100 97 74
91 93 111 91
87 95 102 88
88 94 99 82
97 99 104 88
84 96 100 79
95 99 99 80
84 90 106 75
91 96 106 86
89 91 97 93
87 95 104 80
89 90 105 90
95 95 109 82
90 89 98 91
93 93 101 87
91 108 112 86
89 93 105 89
99 98 101 90
94 91 99 81
84 105 117 87
89 94 107 82
91 105 105 79
93 100 100 81
97 95 102 85
81 98 107 89
96 94 100 81
90 99 102 82
85 106 102 85
87 93 100 98
89 96 104 87
96 93 94 75
92 97 108 86
97 96 105 85
88 83 96 84
81 104 100 79
87 93 114 80
94 95 108 89
84 105 94 86
94 100 108 90
86 95 92 76
91 89 109 78
92 100 109 91
92 100 109 85
91 93 103 86
89 109 112 79
87 109 107 90
93 96 103 80
85 99 105 86
93 98 105 89
85 93 108 79
102 94 113 79
92 90 92 84
87 113 103 85
100 104 102 87
90 88 107 73
88 103 100 83
99 95 96 78
100 96 108 77
94 96 108 73
88 98 101 89
87 93 95 86
92 96 113 79
90 97 105 96
93 91 107 77
99 94 104 83
92 88 103 89
84 93 101 75
80 103 105 93
96 102 110 90
94 98 93 88
90 98 108 78
91 98 104 71
94 81 103 76
100 102 104 79
82 91 101 80
92 99 111 81
87 102 98 87
97 91 104 85
89 94 104 82
95 99 98 93
83 93 101 82
84 94 108 82
90 93 98 82
86 104 115 78
88 101 97 89
90 95 106 74
102 90 101 82
85 97 106 78
90 101 93 85
87 97 114 84
94 101 107 76
89 91 105 79
90 98 108 77
92 101 104 77
83 96 102 77
87 91 105 78
88 98 104 85
96 99 111 96
94 89 107 90
82 95 103 86
93 84 107 90
102 100 106 86
91 98 104 80
90 94 98 85
95 96 109 77
89 95 103 96
93 91 99 88
97 106 100 92
85 96 98 79
92 92 109 83
95 102 102 88
99 96 101 87
94 86 96 84
89 107 99 82
88 90 93 83
88 93 107 80
90 97 106 91
83 91 104 83
97 100 103 89
87 102 108 80
91 96 104 77
95 90 99 84
95 99 103 83
90 86 94 82
96 102 102 92
101 98 105 79
94 98 98 80
85 89 96 86
87 101 97 86
92 98 109 93
88 93 106 80
86 98 104 87
89 100 106 83
83 97 99 87
87 107 97 87
87 107 108 85
94 91 106 80
89 92 103 87
88 96 98 96
88 88 100 78
90 95 105 78
95 99 104 88
82 95 105 75
93 90 103 87
98 101 98 80
92 102 105 84
91 93 108 90
84 102 113 87
90 97 108 85
97 96 102 95
100 93 104 87
96 99 109 83
94 104 112 86
100 100 97 81
87 102 102 80
86 103 104 92
88 94 94 80
95 100 97 87
84 93 95 75
85 83 90 76
85 95 106 91
89 98 110 77
90 103 98 84
94 90 95 87
89 98 99 78
86 93 93 80
92 102 97 82
91 91 100 86
95 93 114 87
88 102 107 94
88 99 96 78
88 98 101 92
91 105 101 85
94 90 104 79
83 92 105 70
92 104 111 85
89 97 104 78
92 102 95 87
90 95 107 84
92 91 110 81
85 102 106 89
91 98 97 77
89 88 104 93
88 96 98 79
90 94 101 92
85 96 110 80
91 103 108 73
95 102 99 85
86 101 105 82
89 107 103 84
95 92 101 70
89 92 99 82
90 95 105 89
78 82 91 80
98 100 100 82
88 90 104 80
96 94 92 87
94 96 103 81
91 96 102 79
100 104 105 89
95 94 105 74
83 104 108 78
91 96 103 85
98 93 98 87
93 100 103 92
94 99 109 84
88 98 108 91
93 89 108 85
94 98 100 86
90 102 100 79
96 90 103 80
92 90 111 80
86 96 108 92
93 103 110 83
97 88 107 82
91 99 103 86
92 98 111 73
100 89 85 89
101 97 105 82
87 101 97 82
96 94 106 78
85 94 97 79
88 89 101 77
86 101 100 80
86 96 114 87
95 90 99 70
85 101 109 81
93 91 98 86
84 93 112 76
93 98 105 79
99 94 105 95
95 98 105 84
91 95 101 81
88 100 109 85
88 96 104 85
91 97 101 83
86 95 103 78
94 93 101 86
89 95 111 89
91 91 97 91
86 90 102 73
88 98 98 77
86 90 106 90
89 96 108 80
90 101 106 87
86 95 103 83
92 80 93 91
89 99 109 91
99 84 102 83
95 97 97 79
96 101 107 96
94 93 102 90
85 91 97 85
83 98 101 81
85 93 101 81
85 94 116 87
99 92 99 91
87 98 107 81
98 91 104 82
100 92 103 85
95 96 109 86
94 94 112 91
89 96 104 83
83 106 105 90
90 94 99 87
88 102 106 86
92 102 103 74
101 89 105 75
90 97 109 87
91 100 109 90
93 100 101 82
88 99 108 78
89 99 101 83
90 98 104 79
95 106 93 87
94 85 98 83
78 89 98 83
100 97 97 73
90 101 106 69
91 83 100 79
90 97 110 75
91 97 105 82
92 100 98 84
96 97 98 85
89 107 112 77
91 99 108 85
93 100 100 93
92 101 93 73
91 93 99 76
94 90 98 80
88 103 112 83
83 98 102 66
96 99 108 96
87 94 103 86
94 98 104 86
95 94 101 79
90 101 103 84
92 98 105 87
83 101 110 80
92 102 108 82
98 92 106 90
101 97 113 85
88 103 106 77
95 91 97 79
86 101 103 77
92 92 108 85
95 91 94 87
90 94 95 83
78 86 100 80
86 90 93 86
88 97 103 88
94 101 94 88
87 89 100 81
94 89 106 73
91 103 103 83
84 93 99 82
92 94 101 73
91 98 105 88
87 89 107 78
91 101 107 90
86 107 101 86
90 91 95 82
90 91 106 85
92 94 111 82
98 93 109 80
94 98 107 82
89 93 108 83
94 96 108 64
89 100 98 81
81 98 96 80
86 106 107 84
94 91 113 83
96 98 95 82
87 95 107 87
97 93 99 88
99 92 101 90
93 91 89 91
92 101 98 95
99 107 109 84
93 98 105 92
93 97 112 90
82 79 99 78
94 92 98 73
86 92 105 76
96 88 108 77
90 86 95 77
93 97 109 84
97 97 103 86
77 102 98 84
96 96 111 82
96 90 100 81
99 95 91 82
97 96 106 90
92 89 109 86
94 93 108 78
89 91 108 82
88 96 100 79
85 100 103 93
97 100 104 87
88 94 106 87
93 97 97 93
85 98 118 76
97 107 98 84
99 106 94 90
84 95 101 76
95 96 102 87
87 96 95 85
91 92 97 80
93 84 105 85
87 85 106 81
100 106 99 77
81 93 101 83
90 101 101 95
96 87 98 88
94 102 98 77
96 95 99 86
81 97 98 81
91 90 97 81
95 99 101 90
94 97 107 79
85 85 97 83
91 102 99 84
96 102 105 88
94 102 107 75
88 99 101 92
91 99 107 82
96 104 117 102
92 101 102 86
88 98 104 83
93 96 100 83
90 97 108 80
93 93 101 91
90 96 109 79
94 94 100 89
85 84 99 97
92 91 102 78
91 95 102 83
93 100 108 89
86 86 99 79
90 96 96 81
91 94 100 86
88 96 112 88
99 100 105 86
88 96 116 82
97 100 109 73
97 95 93 91
85 88 98 90
91 98 113 89
86 95 96 90
96 96 110 92
86 96 98 77
99 90 100 77
86 110 103 84
92 92 99 85
85 104 100 81
94 99 110 90
86 90 83 79
87 95 105 78
87 92 106 92
88 101 102 87
89 91 103 82
97 97 103 91
99 86 105 79
96 95 113 96
95 96 99 79
89 109 107 78
99 91 105 77
95 89 99 84
97 98 96 87
94 94 107 99
87 99 107 76
89 98 100 79
90 93 107 87
89 98 105 88
88 89 102 83
98 98 97 84
85 95 96 91
90 96 103 71
104 100 105 77
87 97 97 88
94 96 95 94
89 94 102 86
88 98 102 86
86 103 108 82
85 100 114 81
84 90 91 98
89 101 110 74
96 89 110 84
95 94 107 83
89 97 108 81
90 100 107 81
94 95 106 97
86 99 104 80
88 100 103 71
96 96 107 79
81 106 108 92
87 91 104 86
97 97 107 90
94 100 104 86
93 96 104 94
92 99 102 86
87 93 100 83
93 97 105 64
93 84 100 75
87 85 97 77
86 95 104 90
91 94 98 96
94 91 108 85
92 107 105 93
75 79 98 84
87 99 100 84
92 101 106 88
96 82 113 79
96 91 104 84
93 96 99 83
98 96 99 86
91 104 105 79
97 86 104 74
93 100 105 84
81 94 103 82
92 103 90 90
93 103 102 79
94 103 98 83
99 98 96 75
89 98 103 80
89 104 97 85
88 101 96 88
95 96 97 83
93 102 104 88
99 91 111 83
100 105 108 97
91 105 97 85
87 98 98 82
90 106 102 76
81 98 106 76
96 99 97 83
97 104 108 78
90 89 101 76
104 101 108 84
86 99 98 85
95 102 96 93
95 93 109 83
84 103 104 79
94 93 102 91
95 100 96 85
94 104 117 79
90 100 110 87
93 98 112 84
94 103 109 80
97 108 105 84
87 97 103 78
94 90 100 90
96 88 97 84
89 102 94 72
95 93 102 88
86 94 113 82
88 103 104 79
86 103 100 80
92 90 109 90
90 91 102 82
95 95 100 82
88 91 92 88
93 100 100 90
89 81 111 93
95 97 102 87
97 94 101 90
95 89 112 82
90 96 108 95
84 91 104 84
96 95 102 80
83 103 108 88
93 94 101 84
90 92 110 91
96 95 108 81
86 101 103 87
94 90 98 93
92 89 110 86
93 97 97 84
92 94 105 93
92 103 108 91
90 99 108 74
89 87 94 80
94 103 105 87
96 99 104 93
88 101 105 84
99 96 110 75
92 90 113 78
83 90 103 84
91 95 110 79
90 89 98 93
91 94 94 87
91 92 97 94
88 99 111 83
96 94 111 80
101 104 105 88
81 98 107 76
86 89 103 78
92 93 98 80
98 97 102 86
87 109 100 87
97 93 99 87
99 99 104 73
90 88 88 81
88 98 109 82
93 87 107 87
93 99 101 84
104 109 102 89
95 103 109 82
87 100 99 93
84 100 105 86
90 95 97 80
97 103 112 80
92 102 100 82
95 97 96 87
92 100 114 101
89 92 109 75
90 107 96 93
84 101 99 81
98 99 96 89
85 89 104 84
93 106 108 84
90 99 101 81
85 99 101 82
99 98 98 84
83 93 100 86
86 111 114 77
96 98 96 79
91 102 94 77
91 96 102 88
99 96 110 88
91 91 106 78
96 91 108 72
95 95 104 82
89 101 104 84
100 88 113 75
82 102 113 68
86 89 102 75
92 99 107 91
93 97 112 90
88 97 106 91
93 103 111 84
93 94 104 78
86 91 103 78
99 101 96 82
85 91 113 85
103 90 106 85
85 98 95 80
90 102 112 79
90 89 101 85
86 94 92 88
91 94 107 82
90 100 101 71
94 93 97 90
97 89 99 83
90 99 107 80
87 92 104 75
92 93 108 81
91 92 92 80
90 99 103 77
93 90 108 87
97 98 107 73
98 96 104 85
89 91 104 81
84 104 98 76
80 102 116 77
93 87 103 81
83 93 109 73
88 98 99 86
89 91 99 81
93 97 100 83
85 93 88 87
94 95 98 85
88 97 104 86
92 116 108 86
88 87 93 72
93 92 104 85
87 96 103 78
89 89 102 78
96 88 104 79
87 83 102 86
94 96 108 94
99 98 106 86
94 101 102 93
94 95 104 81
87 100 110 88
91 97 101 75
90 99 114 81
96 89 105 90
97 103 102 83
93 97 102 94
87 90 99 88
92 93 111 82
85 96 106 85
95 96 101 79
93 105 110 88
82 101 103 89
87 107 113 78
87 104 99 89
89 97 95 83
83 94 94 86
85 79 97 83
96 107 106 87
90 92 100 83
91 91 95 76
87 97 100 88
90 90 101 88
92 92 107 79
95 98 98 83
88 102 92 83
89 97 110 79
83 86 103 87
94 93 103 80
83 91 103 84
93 99 94 77
92 100 103 84
98 101 96 80
87 87 101 90
84 88 97 72
90 95 108 89
102 109 110 78
93 94 100 80
87 90 99 75
94 90 100 85
93 93 104 77
82 99 97 78
88 97 97 87
86 99 103 80
90 100 109 85
94 94 101 85
103 99 104 80
86 95 99 96
85 97 98 88
100 95 108 85
93 93 97 78
93 98 106 81
86 110 100 77
92 96 111 83
81 88 96 84
99 89 97 84
89 89 102 84
97 89 99 87
85 101 109 78
93 93 97 83
96 104 102 93
100 94 106 78
93 97 101 83
89 90 99 85
92 97 102 81
90 101 104 80
91 102 112 87
98 104 109 83
86 102 100 87
91 95 107 83
89 104 98 80
92 88 88 84
91 103 105 82
104 95 106 81
94 102 107 88
88 99 95 74
104 102 103 91
93 101 108 74
82 87 109 83
88 100 93 85
89 92 98 74
99 103 106 81
97 92 110 83
93 98 105 86
91 104 102 80
89 102 92 86
98 91 96 85
104 102 93 83
97 104 98 86
89 95 109 90
81 104 104 78
95 91 101 90
94 93 117 89
93 103 104 86
87 89 103 76
89 93 109 84
82 103 101 74
90 98 98 77
93 84 95 78
90 95 104 79
93 101 114 82
92 88 106 87
95 99 97 97
92 104 108 80
95 99 107 72
88 99 102 89
90 95 99 80
97 104 99 81
90 89 104 85
82 91 101 75
95 89 98 78
95 95 107 84
96 99 107 84
90 88 106 90
95 102 114 78
87 94 102 87
101 102 97 78
92 98 104 84
92 93 91 80
81 91 93 62
90 88 103 86
92 98 100 89
90 107 101 81
91 96 102 78
98 96 97 78
90 80 98 87
89 100 112 70
87 95 98 75
97 93 102 78
94 94 97 83
94 101 94 76
86 92 94 88
87 86 104 82
99 107 101 81
92 99 105 90
92 97 102 85
89 101 111 79
78 102 101 82
84 89 99 87
93 93 105 93
93 90 97 83
94 93 106 79
96 92 109 74
85 102 99 81
94 87 94 83
93 102 105 94
88 90 105 79
90 101 108 84
92 106 105 85
91 100 106 88
87 93 101 89
92 86 102 84
87 100 104 84
89 93 99 96
89 106 98 80
88 102 102 85
92 96 112 91
89 87 101 86
87 88 103 77
92 100 95 80
90 104 109 84
90 108 99 80
92 89 105 78
92 89 94 81
91 94 112 86
87 101 104 78
94 95 97 80
97 101 105 92
93 96 105 86
91 95 103 79
87 95 105 83
96 92 99 91
81 95 105 83
97 101 107 86
86 92 108 83
93 97 105 80
100 96 100 84
89 96 94 76
82 84 99 78
91 93 99 84
88 108 104 85
86 98 103 83
95 100 110 79
82 101 107 82
97 95 108 95
92 105 101 82
95 99 112 80
93 94 102 85
87 101 98 80
94 97 104 84
96 95 109 87
95 105 110 83
93 83 105 79
89 99 99 81
76 99 112 93
86 95 105 76
92 100 88 76
88 93 96 79
88 103 98 83
84 85 108 83
91 93 90 83
95 103 108 81
86 97 111 84
91 91 106 85
91 107 105 91
90 90 105 75
87 89 109 87
98 102 114 87
89 94 102 82
84 103 100 78
98 91 113 82
91 88 106 79
96 102 96 78
82 101 100 84
95 100 101 87
94 95 105 81
86 103 100 78
92 99 93 78
91 101 110 86
92 99 106 74
90 97 106 91
89 102 105 78
98 92 108 91
96 99 111 94
97 97 100 80
87 94 106 87
92 87 95 85
96 96 98 84
92 92 106 75
95 94 103 87
88 102 102 79
100 92 108 86
93 91 100 73
92 92 98 78
89 91 107 78
93 93 95 76
96 91 99 83
79 100 108 89
90 98 102 79
87 90 98 79
89 93 103 89
101 97 102 88
91 100 109 93
93 89 98 88
94 95 107 86
84 82 86 70
92 98 105 82
98 91 105 91
92 96 99 84
92 97 98 95
93 99 98 79
96 102 99 90
93 95 95 92
86 85 95 82
89 96 93 79
86 100 95 77
98 99 98 91
93 101 96 87
92 97 87 78
87 92 99 82
100 106 104 88
86 98 105 89
94 104 104 81
100 86 102 88
90 100 104 78
94 100 97 91
86 91 104 91
93 92 108 80
90 101 109 70
88 98 105 81
91 91 93 78
88 93 101 78
97 92 109 73
90 102 105 90
100 105 104 75
95 89 110 79
89 87 98 91
90 91 108 84
94 97 90 80
96 89 102 86
93 106 95 92
86 93 105 83
92 101 101 76
92 90 100 87
96 91 97 73
91 93 97 91
93 94 101 70
97 92 100 91
88 96 112 95
90 95 96 82
94 98 107 94
88 100 107 74
89 98 102 87
81 99 108 89
97 100 106 96
97 86 99 81
85 91 107 76
90 101 104 79
85 107 95 80
85 96 106 86
97 97 113 80
90 92 111 80
93 101 99 79
89 94 103 89
93 100 107 79
96 101 107 77
96 96 106 90
86 88 104 92
88 100 100 77
98 104 107 84
97 101 115 74
99 102 113 81
86 102 102 75
92 84 103 82
98 94 108 83
86 97 104 89
93 102 96 84
89 93 91 79
93 97 111 84
90 101 112 86
81 85 98 79
93 111 109 75
90 92 100 95
86 93 107 75
92 93 112 74
95 89 102 78
91 89 99 80
88 101 97 89
95 97 104 84
86 86 103 85
89 86 105 81
91 97 104 88
91 97 111 87
88 96 106 91
96 103 105 82
99 97 100 95
84 95 104 87
85 96 111 70
90 80 103 81
83 90 102 72
91 88 100 79
92 92 95 76
90 96 101 88
92 97 100 91
94 97 112 87
94 98 107 81
83 100 108 70
101 96 98 83
89 100 102 94
94 87 99 76
81 90 109 93
85 99 107 79
87 98 101 77
89 96 104 96
86 84 100 78
98 100 100 87
84 91 98 83
89 104 100 78
91 105 106 83
92 99 101 82
97 102 111 92
96 91 98 87
87 100 98 79
80 95 99 76
89 96 103 82
89 89 92 84
99 92 101 70
91 99 101 80
96 95 95 86
89 106 98 91
92 105 106 73
85 103 103 77
81 92 98 82
98 97 105 83
97 95 96 80
94 91 101 84
94 88 105 80
90 90 100 78
91 104 105 79
95 102 97 73
87 107 109 82
93 108 100 75
90 101 106 89
93 89 109 78
90 100 105 88
91 95 108 77
88 111 115 83
90 104 110 85
90 97 111 79
90 104 112 86
90 106 103 84
93 92 103 95
99 95 99 90
93 104 101 90
95 88 99 90
85 94 114 89
79 104 93 84
96 87 111 95
90 88 109 92
100 100 93 78
102 98 106 85
100 99 108 90
97 96 110 87
101 94 98 88
88 102 98 84
97 90 105 95
96 95 104 89
94 82 107 81
86 94 104 84
97 93 101 83
98 97 106 81
96 87 106 83
90 96 104 89
98 93 105 93
85 94 100 79
94 110 111 83
100 99 102 91
96 103 105 83
88 99 97 83
88 100 105 76
87 97 106 72
102 85 104 85
91 99 102 90
87 102 99 82
103 96 111 86
93 99 103 90
92 96 98 73
86 90 95 88
94 95 101 85
80 99 94 81
85 93 99 87
83 92 107 68
93 99 103 88
93 98 109 74
96 102 101 86
81 103 97 86
91 103 102 95
89 98 107 82
90 90 114 76
91 86 113 84
84 95 106 83
98 98 107 79
85 94 110 84
96 83 102 89
98 94 107 86
99 97 106 79
89 93 104 79
102 96 110 87
93 103 103 95
88 97 96 77
96 91 102 92
95 90 102 79
86 110 106 81
94 101 109 88
96 96 99 84
100 93 102 85
89 94 92 85
89 103 101 82
91 101 105 85
82 101 110 84
91 95 98 90
98 100 102 85
84 109 110 79
96 88 98 80
82 108 110 85
92 96 107 91
89 91 109 80
87 95 109 84
86 100 110 86
79 99 100 85
94 86 99 73
94 94 108 78
91 101 96 91
98 102 95 85
92 103 106 86
89 90 103 83
93 101 90 78
94 85 96 89
94 99 106 95
83 84 100 80
98 101 103 87
99 90 99 89
95 94 102 84
87 101 94 96
86 101 114 83
97 108 109 82
101 96 106 87
96 97 99 74
90 102 100 87
86 103 102 90
86 92 92 79
89 101 102 79
84 90 97 82
92 97 118 84
98 92 91 82
85 102 99 85
91 92 93 79
89 95 104 77
99 105 109 74
85 89 99 83
95 97 96 76
87 104 106 83
80 94 106 79
84 94 106 78
90 98 94 82
90 99 107 91
88 91 99 85
85 103 96 83
85 90 97 92
93 97 106 90
95 103 99 77
94 94 105 76
94 101 107 74
93 91 108 80
94 98 112 84
89 93 96 79
96 103 102 87
98 106 102 86
94 100 103 83
88 94 105 86
96 94 108 83
92 101 105 84
98 90 107 84
92 96 99 82
83 98 95 83
95 101 103 94
97 90 89 81
93 96 107 79
91 91 96 89
95 86 94 85
90 93 92 84
92 96 103 85
94 99 104 86
95 99 104 81
93 99 97 78
94 95 101 79
102 98 101 85
84 105 110 74
100 102 104 82
94 93 99 82
80 84 100 79
92 110 109 83
78 90 107 66
92 100 95 83
88 101 92 78
96 98 102 85
100 90 100 84
95 88 96 78
93 100 112 87
109 105 96 81
100 101 101 80
99 104 102 81
92 85 114 77
103 88 108 80
94 102 112 85
95 95 92 88
100 100 96 82
87 98 108 83
85 97 101 86
84 91 100 68
93 106 106 85
86 86 93 82
93 93 113 80
97 96 107 76
95 94 103 86
93 93 101 81
89 98 106 84
93 102 111 91
86 93 102 83
86 102 102 95
96 88 110 84
83 90 98 76
97 89 101 91
89 94 108 90
88 88 98 85
86 91 107 79
81 96 109 82
97 99 106 90
90 102 100 86
94 94 108 98
90 97 100 76
97 93 104 80
87 105 105 80
90 85 99 85
92 100 104 87
92 109 106 83
90 99 111 88
94 96 100 99
81 80 105 81
84 98 112 85
95 104 110 77
94 106 100 71
87 96 92 91
94 94 104 80
88 93 102 79
84 95 97 87
95 97 114 75
99 87 114 86
86 101 107 84
92 92 105 79
96 96 110 85
90 93 106 82
90 97 103 76
87 99 104 91
92 83 107 84
89 98 104 85
94 91 94 88
89 96 101 84
91 100 95 83
84 103 106 85
96 101 102 85
101 94 88 78
99 93 112 82
83 94 95 82
85 83 104 81
98 94 109 76
97 95 104 96
98 91 104 88
95 99 108 70
91 93 104 82
96 94 98 86
98 98 97 80
104 101 94 93
100 95 105 81
90 95 113 87
98 99 101 78
90 93 101 88
96 98 96 76
93 101 108 83
88 88 93 82
91 100 99 90
90 112 106 77
101 91 110 84
100 89 101 85
104 97 109 77
95 91 102 79
95 90 107 91
91 97 101 76
96 91 99 86
83 98 104 75
91 92 98 81
93 103 101 84
82 96 101 75
90 102 101 82
91 104 105 103
92 100 99 82
95 98 98 88
94 96 104 87
98 97 108 84
90 90 98 85
87 104 105 84
100 103 104 84
93 102 104 83
93 94 106 90
86 100 102 84
85 100 105 80
92 93 105 75
87 89 103 80
92 102 109 84
87 90 101 74
90 96 107 69
87 93 106 78
87 95 97 78
84 97 97 83
101 94 104 79
89 91 105 91
84 93 100 90
87 101 96 89
102 102 101 93
89 95 99 81
82 95 106 77
92 90 101 88
93 98 105 78
85 97 99 84
92 92 114 93
95 99 110 90
96 101 100 94
104 99 101 89
98 95 108 72
92 97 104 88
99 101 100 87
85 97 88 87
91 100 95 81
93 96 92 86
91 95 108 84
89 100 95 84
88 88 100 83
89 101 111 78
92 96 108 77
90 103 105 78
93 104 91 80
94 102 103 90
90 94 108 78
91 97 112 76
83 89 97 80
85 104 101 82
90 84 97 73
89 94 95 86
96 99 103 76
88 95 104 82
96 85 95 80
91 107 103 80
90 96 86 84
98 93 109 80
89 94 90 78
89 96 94 81
91 93 99 85
85 87 100 75
97 99 105 82
87 99 104 88
92 96 107 79
92 88 108 78
92 93 106 87
86 99 98 81
85 102 97 87
91 100 104 97
89 100 105 77
84 96 103 88
96 101 102 85
96 102 101 83
88 90 108 85
92 92 97 93
91 102 108 87
95 93 100 76
89 90 109 77
91 106 105 75
87 94 102 83
85 94 101 86
100 89 104 87
93 106 97 93
88 99 109 80
90 98 109 73
98 98 103 82
95 105 103 88
96 93 117 83
92 96 111 85
96 101 103 84
96 93 103 78
84 101 97 79
87 92 101 82
89 94 107 81
99 90 113 83
95 98 103 75
90 94 102 84
86 96 111 88
96 91 115 81
87 100 92 83
91 99 95 83
88 99 100 88
82 95 103 73
96 91 105 84
93 89 99 79
93 106 104 87
86 94 103 81
96 97 103 78
85 91 98 90
97 90 101 84
89 89 102 85
94 97 95 85
92 95 105 92
87 108 104 77
96 96 110 74
93 101 109 89
96 94 102 91
