61 76 78 73
60 77 71 68
61 77 80 76
63 76 74 72
61 74 76 71
61 75 74 70
61 72 66 72
57 76 73 73
62 74 71 71
61 75 71 74
57 75 73 71
63 72 68 71
56 74 72 68
62 74 72 74
55 73 69 70
63 77 73 71
62 75 67 74
58 74 67 69
64 72 69 71
61 77 75 73
61 75 78 72
61 74 68 73
59 75 70 70
61 76 75 69
62 75 74 74
60 80 71 70
61 76 68 68
64 77 72 70
62 79 78 70
59 76 72 73
57 75 72 69
64 74 68 69
61 74 74 75
57 74 73 71
60 75 71 71
58 79 70 68
60 74 73 73
59 75 75 76
57 79 73 72
62 75 72 74
57 74 73 67
60 78 76 73
64 79 75 70
61 77 73 74
55 76 73 69
59 73 68 70
60 75 74 69
58 73 74 72
59 78 73 70
64 77 77 73
59 78 72 70
59 73 72 73
65 75 74 70
57 78 68 73
63 75 71 74
60 77 70 72
59 75 74 73
57 76 73 73
57 74 67 70
59 76 72 71
66 78 71 76
62 77 78 73
63 75 74 70
62 74 78 71
60 77 72 69
62 75 70 72
60 77 66 72
58 78 70 74
59 75 69 70
60 73 73 71
57 73 67 73
63 75 78 71
57 76 75 72
61 73 72 74
60 75 75 73
56 75 64 67
63 80 70 74
60 77 71 68
63 74 70 74
62 80 76 70
58 75 68 72
61 71 71 74
59 73 71 69
60 78 72 72
61 76 74 74
59 78 73 69
60 76 75 72
60 75 73 70
59 78 70 72
58 72 73 72
62 74 77 72
59 76 79 69
52 71 73 69
61 76 68 67
58 74 75 70
60 79 76 72
62 78 71 71
58 74 72 71
58 75 67 69
62 75 77 71
59 77 65 70
61 76 72 68
63 72 73 70
66 70 71 72
59 69 65 68
62 74 72 72
61 75 75 74
58 75 73 72
61 72 75 74
60 72 73 75
63 79 73 71
59 77 76 73
64 73 69 71
61 71 74 71
59 77 71 73
62 75 75 73
59 74 73 69
64 76 68 72
59 72 70 70
57 75 68 73
58 77 74 75
59 76 74 69
65 72 74 69
63 78 72 72
62 74 74 72
60 76 75 74
65 80 74 72
60 75 77 73
60 75 71 72
60 73 72 72
62 78 77 67
59 78 71 71
62 76 65 70
59 75 71 74
60 76 73 72
54 71 71 66
59 78 70 71
61 78 69 71
56 79 71 67
57 75 72 69
57 77 73 74
59 76 78 74
57 73 73 70
62 76 73 73
62 73 73 71
59 77 74 67
64 67 69 72
62 79 75 70
58 73 70 70
55 73 68 69
60 71 70 72
60 77 72 71
63 79 71 74
56 74 71 71
59 76 72 70
59 74 72 72
56 79 70 71
61 76 70 72
58 78 74 75
63 79 74 75
62 73 73 74
61 74 78 76
58 75 73 71
59 73 69 73
62 74 71 72
58 77 70 70
59 78 75 74
58 74 72 67
56 73 75 73
57 78 75 70
58 75 68 70
61 79 74 72
62 71 70 75
60 74 70 73
61 75 72 72
62 76 73 70
56 77 74 70
59 75 76 72
59 79 68 71
63 77 75 70
59 75 70 71
59 75 65 65
59 75 69 73
62 75 74 77
59 73 64 72
59 74 76 72
58 74 70 74
59 75 77 72
60 76 73 70
60 73 73 71
62 77 76 73
59 78 71 68
61 71 67 72
62 75 73 75
60 71 69 72
61 74 77 73
62 77 72 72
64 80 80 76
63 75 73 71
59 78 71 69
64 79 68 75
61 75 66 73
62 78 65 73
59 79 67 73
63 75 66 79
59 78 70 80
61 77 70 76
64 84 69 80
58 72 71 74
60 80 71 75
60 75 69 75
63 76 65 75
60 77 68 74
61 79 69 75
57 75 68 75
58 77 64 76
62 74 68 72
58 77 65 72
59 77 72 75
64 77 70 80
73 87 78 83
57 76 66 71
61 78 70 73
59 73 66 75
63 80 68 74
58 80 66 78
60 75 64 73
58 75 68 77
61 83 62 77
56 77 63 74
56 76 66 72
57 76 71 74
57 77 62 69
63 79 72 72
63 77 65 76
55 76 66 72
59 74 63 69
59 83 67 73
56 75 66 73
57 78 67 75
60 81 67 73
57 80 67 73
64 83 71 77
61 79 66 75
64 78 68 79
63 76 68 72
62 76 70 78
57 75 68 74
61 79 68 79
58 75 66 74
77 90 79 82
58 71 63 73
65 77 70 84
57 72 67 75
59 79 69 74
57 74 70 76
56 81 66 75
58 75 66 76
58 77 64 70
61 77 72 76
59 83 68 75
62 75 66 75
60 72 62 75
58 74 64 71
64 75 64 76
64 87 73 78
63 76 68 72
63 77 72 72
60 74 66 71
60 74 70 72
60 80 66 73
60 79 71 82
59 73 67 72
66 80 71 78
72 83 78 78
55 80 64 70
59 78 69 77
59 78 63 79
58 82 64 71
58 79 64 72
57 77 67 73
61 74 71 74
59 77 67 73
59 80 68 77
57 79 63 73
64 80 76 77
58 73 60 70
59 76 67 73
63 82 69 75
60 78 67 72
60 80 70 73
63 80 70 79
58 76 66 78
59 73 67 75
61 77 70 78
59 74 62 76
61 77 65 75
60 80 68 74
60 78 65 73
56 75 63 73
60 74 66 72
62 77 64 73
60 81 70 76
61 71 65 71
61 76 69 78
60 75 72 75
60 73 64 69
76 87 81 80
58 76 65 76
59 74 65 72
60 78 66 76
63 85 70 79
59 75 65 70
62 83 69 79
61 79 68 72
61 82 68 77
59 77 63 72
77 86 84 84
59 78 62 73
58 76 71 76
56 73 64 75
64 77 68 77
61 79 65 77
61 79 67 76
57 79 67 71
61 78 76 78
66 77 69 76
57 78 71 81
60 77 64 76
61 81 69 78
56 79 68 73
61 79 62 72
59 77 68 76
62 79 65 75
58 74 65 72
53 76 69 74
55 77 60 75
61 82 68 78
61 78 67 72
58 75 67 72
62 73 69 80
57 78 73 78
57 76 66 74
61 78 64 81
56 78 67 77
60 80 68 72
59 78 71 80
60 74 66 75
60 78 64 74
56 76 66 75
59 81 73 77
57 74 66 76
65 80 67 76
63 75 73 79
58 76 68 74
60 76 69 78
58 72 68 76
56 74 62 72
62 73 69 84
59 73 59 76
53 71 65 71
56 75 62 77
62 75 68 73
63 85 77 84
61 83 72 77
56 74 63 77
60 78 64 74
58 77 64 71
55 76 71 71
68 81 73 79
64 87 74 78
61 71 69 74
57 77 60 76
55 70 67 75
62 76 68 79
59 77 66 75
57 78 74 73
61 82 68 75
71 81 69 82
58 76 68 74
58 72 64 72
57 76 62 71
58 78 66 73
56 79 65 79
60 83 71 72
56 77 69 74
61 79 68 74
61 80 72 73
60 77 71 73
64 76 72 79
61 77 67 79
55 73 67 72
57 76 64 75
60 78 68 71
54 77 64 76
59 80 68 75
60 74 65 73
61 74 63 79
58 75 65 74
59 73 68 75
56 83 65 80
51 77 59 75
54 76 57 73
50 89 62 75
50 76 60 75
50 76 58 75
55 77 62 74
54 81 62 75
75 95 89 86
51 78 63 73
74 102 97 99
53 81 61 73
50 76 60 73
54 82 58 76
52 78 62 74
48 78 58 73
50 82 59 72
49 75 61 77
54 78 60 73
50 80 61 79
54 85 60 75
51 80 63 72
55 75 61 76
50 73 56 72
49 74 60 73
51 80 60 77
50 80 60 75
54 82 63 74
52 82 62 77
51 81 62 75
53 83 59 73
52 80 58 71
49 78 59 74
50 84 63 76
51 78 58 74
56 75 60 75
52 78 61 73
50 78 59 73
53 76 60 74
51 76 59 74
52 76 58 73
47 80 62 70
51 82 61 74
51 73 60 69
53 82 62 75
54 84 64 74
54 76 64 74
50 81 60 76
52 85 63 76
53 80 64 74
51 79 64 75
52 79 63 75
82 98 102 93
53 80 58 75
49 74 59 76
55 80 62 74
52 75 60 76
51 76 62 74
51 78 59 76
52 85 64 74
49 79 63 73
51 80 63 74
49 77 58 74
53 79 61 70
50 77 61 73
48 86 61 75
51 78 61 73
54 80 60 77
51 80 61 74
52 82 60 73
55 77 61 73
54 77 59 77
51 78 60 75
50 80 63 70
52 77 63 74
51 84 62 74
46 73 59 73
50 79 61 74
51 74 63 75
52 79 60 67
54 77 60 72
51 76 62 73
54 78 61 74
50 74 64 74
49 81 60 74
66 95 81 83
51 78 64 78
49 82 62 73
51 76 63 74
53 75 60 72
49 75 60 70
47 74 60 74
49 79 60 72
49 77 61 76
54 81 65 77
50 78 57 72
49 77 59 74
51 76 59 79
49 82 60 72
48 80 60 80
54 79 62 73
48 78 60 76
53 81 63 71
53 76 63 79
50 83 61 75
51 76 60 77
49 73 60 74
52 84 59 72
47 79 59 76
51 80 62 74
53 80 61 73
53 75 62 74
49 74 59 72
49 79 61 73
49 75 60 73
53 80 64 76
52 75 61 74
51 78 63 74
50 78 63 71
54 77 60 69
46 78 60 73
50 75 63 74
50 80 60 73
52 79 64 73
51 74 62 68
52 79 62 73
50 81 62 76
54 77 59 77
52 83 62 75
52 84 64 78
51 77 61 75
50 73 58 74
53 76 57 71
52 82 62 72
51 77 63 77
51 78 58 73
52 80 60 75
52 79 61 74
52 77 59 75
53 79 62 75
49 78 63 75
50 81 60 76
55 80 58 77
52 86 62 77
49 80 60 76
48 73 59 72
48 74 58 74
51 77 62 74
48 79 58 73
84 108 101 97
53 76 59 75
53 80 62 71
54 78 61 76
52 80 63 76
77 94 93 87
50 85 62 72
70 90 78 86
47 79 59 77
49 75 60 72
48 79 59 74
70 93 91 89
45 80 59 75
50 82 59 74
51 79 62 71
47 78 60 70
55 80 59 73
51 75 59 74
54 85 65 72
52 79 64 75
53 80 60 74
51 82 62 74
51 87 62 77
52 79 60 73
48 81 61 75
51 79 62 75
51 75 61 75
54 82 61 75
50 77 60 73
51 76 57 71
51 76 64 75
72 93 78 94
52 78 58 71
50 75 62 74
48 77 61 73
52 76 59 71
51 74 59 70
52 73 58 73
54 82 64 75
64 92 89 87
50 78 62 69
52 80 61 75
54 78 61 77
53 77 61 71
55 79 63 75
50 84 62 75
55 76 56 71
54 80 62 73
49 72 57 70
50 83 63 76
49 79 61 74
90 92 96 91
57 85 73 76
58 84 71 75
59 84 76 74
55 85 68 77
65 91 77 79
60 90 74 75
59 89 75 80
66 91 78 83
64 87 70 79
57 86 75 77
56 87 76 80
59 77 67 69
60 87 71 78
56 87 75 75
64 89 76 75
56 90 71 77
60 82 73 78
56 93 74 75
61 84 72 77
59 82 72 75
62 89 77 81
59 85 71 77
60 91 75 78
58 84 69 77
64 91 79 79
57 85 70 76
57 93 67 76
58 86 70 73
62 86 71 78
58 88 72 73
63 89 73 78
61 86 72 78
64 86 71 77
65 86 78 80
63 92 79 73
61 90 77 78
53 91 71 80
61 84 78 77
59 88 76 76
58 79 73 74
61 86 75 80
62 87 71 81
66 85 76 79
61 84 68 79
61 84 72 73
58 84 75 77
58 84 72 76
62 90 76 81
60 87 72 71
64 89 78 80
63 85 72 79
61 86 72 77
60 85 76 73
65 92 76 74
63 83 72 79
64 89 75 87
58 80 68 73
59 85 73 79
57 86 79 75
60 91 80 80
62 87 69 77
61 87 73 79
60 86 73 77
63 87 78 75
60 88 71 80
58 87 80 80
58 87 73 76
58 85 70 78
60 86 76 78
60 87 75 79
59 85 69 77
62 86 73 80
63 83 71 74
67 90 74 80
63 87 69 78
64 88 75 82
58 85 75 78
53 88 72 76
58 83 71 78
59 88 75 82
61 87 76 76
57 92 70 76
59 90 68 77
57 85 69 77
59 89 74 77
57 86 72 80
67 93 87 81
58 83 70 73
58 83 70 78
61 90 74 79
61 83 75 78
64 86 75 81
57 83 76 71
56 90 73 80
57 82 77 74
62 89 75 76
61 84 77 73
62 85 73 74
59 87 71 76
63 89 75 81
67 93 76 78
61 89 73 78
59 86 66 73
65 82 72 77
65 87 82 82
61 89 71 79
55 83 76 73
62 86 71 80
63 85 71 79
63 94 73 84
67 85 75 78
59 90 73 77
62 84 75 76
58 85 74 79
62 86 76 79
66 90 76 79
64 90 76 78
60 88 75 82
58 85 73 83
58 87 76 75
58 88 71 74
63 90 67 77
59 89 72 77
61 83 74 78
56 86 74 75
62 92 71 84
59 87 72 78
59 83 73 77
60 87 71 79
54 87 74 80
63 87 76 78
60 88 77 75
62 86 78 80
59 87 73 77
62 84 76 79
64 92 79 84
63 88 75 77
59 84 72 79
67 96 77 77
60 86 73 77
58 85 73 79
64 88 75 81
55 87 68 79
63 82 72 76
63 88 75 79
61 89 77 77
58 90 75 76
66 87 81 80
57 89 71 82
61 85 70 75
65 85 71 76
57 87 65 78
58 85 72 81
62 85 73 75
60 88 74 80
58 85 69 76
61 89 76 77
59 91 71 76
57 84 77 81
64 84 73 74
53 87 67 73
58 88 74 76
56 84 75 73
62 88 73 80
59 85 73 74
61 89 77 77
57 84 72 74
66 90 76 82
58 89 69 76
59 89 78 76
58 84 81 76
54 86 74 72
60 84 71 78
59 84 67 76
64 87 76 81
63 93 73 81
60 85 73 78
63 87 75 77
59 87 75 83
61 94 77 84
59 88 73 74
59 88 69 79
63 86 75 76
61 87 75 76
59 87 72 76
57 88 74 72
58 89 73 80
62 87 70 78
61 85 75 82
58 88 71 76
59 83 73 73
59 91 68 76
58 85 69 79
58 89 76 80
64 85 77 75
58 89 73 76
58 88 70 76
64 90 76 84
61 89 74 81
56 73 65 69
54 78 66 67
57 74 69 71
58 73 64 66
56 77 69 71
54 76 68 68
56 76 66 71
60 73 66 73
54 74 67 68
59 75 70 74
55 73 68 70
54 74 65 68
55 75 66 67
55 73 67 67
54 76 67 71
58 74 69 71
55 74 68 66
54 75 69 67
59 74 69 70
55 77 66 66
56 74 68 65
57 74 68 70
55 77 66 66
57 75 67 69
57 74 69 69
57 72 66 69
55 70 66 69
58 71 68 67
57 78 68 72
58 73 68 70
59 73 69 70
56 74 69 68
57 74 66 69
57 74 68 71
57 76 66 67
59 73 66 67
57 75 66 71
57 74 67 70
58 77 67 70
57 75 67 69
57 75 67 70
55 73 64 68
59 74 68 73
54 72 65 65
56 75 62 69
57 75 70 69
52 74 67 67
61 74 67 74
54 73 66 67
58 72 63 68
56 75 67 67
52 76 64 66
57 77 69 66
58 78 68 69
58 77 66 66
57 78 65 66
56 75 64 69
54 72 66 68
55 73 66 70
56 75 68 70
61 81 66 66
56 76 66 64
56 76 68 71
57 80 65 69
62 74 67 70
57 76 67 70
54 79 66 69
56 75 69 71
57 76 65 69
60 75 63 64
60 74 66 65
56 71 64 68
56 73 68 70
60 75 66 70
56 75 66 71
56 76 68 70
57 77 64 67
58 77 70 68
60 73 71 72
55 78 65 70
58 75 70 70
58 75 67 73
54 74 67 68
53 75 64 64
56 79 67 67
53 74 64 64
58 74 64 64
56 75 67 68
58 74 67 68
60 73 69 70
50 74 66 67
54 77 65 63
57 77 70 71
53 73 64 67
60 75 67 66
56 74 64 70
58 74 68 67
58 74 68 70
58 77 66 71
54 73 66 70
58 75 66 70
55 77 68 70
60 74 68 71
56 80 66 70
56 76 68 72
56 77 63 68
56 70 66 68
54 75 66 69
56 74 67 65
56 76 68 70
58 75 63 67
53 80 65 67
54 80 65 69
55 76 68 70
53 75 63 67
49 73 62 65
57 74 65 69
58 74 66 69
57 75 66 63
57 75 67 63
54 75 66 72
56 75 65 73
52 74 66 68
56 72 67 66
55 74 63 68
56 72 66 68
55 73 68 69
58 77 69 66
57 77 65 68
55 73 65 71
58 75 67 75
58 80 68 74
56 74 66 68
58 77 65 70
57 75 69 70
55 73 64 71
58 76 66 68
54 76 65 66
57 75 66 69
57 77 67 70
55 79 65 68
56 72 63 67
54 74 66 69
58 78 67 72
56 76 69 68
52 75 66 64
60 77 66 72
58 75 66 67
57 73 68 67
57 75 67 66
54 74 65 67
58 75 67 68
58 76 68 70
57 77 69 73
57 72 66 71
52 75 65 67
56 74 66 66
58 76 69 74
55 72 65 66
53 74 67 70
54 74 66 67
52 77 64 66
59 74 69 65
55 72 66 67
54 72 67 67
55 77 68 69
53 77 66 66
54 78 63 69
59 76 66 68
56 71 64 71
55 73 66 64
57 75 70 71
61 75 71 71
61 72 69 73
59 76 70 73
55 75 64 68
55 77 67 69
55 79 66 70
55 76 66 63
59 75 67 65
56 75 71 70
57 76 66 71
55 75 64 65
59 76 72 73
56 76 65 72
56 77 69 68
52 73 66 67
58 71 67 65
54 77 67 66
60 76 67 70
59 76 68 66
56 75 66 71
58 70 65 71
57 74 65 70
56 74 66 68
57 74 69 70
54 75 67 67
56 77 67 70
54 77 66 70
57 77 66 73
68 72 76 71
66 82 82 75
70 78 83 76
66 74 72 75
63 72 74 73
65 75 75 71
68 73 75 69
66 78 78 74
66 79 84 77
67 72 71 75
66 76 79 71
70 82 75 71
66 76 78 76
67 72 77 72
69 75 74 75
68 78 76 81
64 75 80 75
67 75 83 78
66 76 78 73
72 75 77 78
66 77 78 73
71 78 76 79
60 68 70 74
77 83 91 88
75 79 84 83
66 74 81 68
69 74 79 76
68 72 73 75
61 67 68 63
69 76 84 76
67 78 79 74
66 73 79 79
71 80 82 74
62 75 77 77
70 77 78 77
64 70 75 69
68 73 82 79
65 78 77 73
61 70 76 68
76 84 92 87
67 72 77 76
66 70 75 71
66 70 73 72
71 81 82 71
69 76 75 74
69 72 80 69
65 75 76 73
73 72 77 73
66 76 76 73
68 74 74 74
67 72 80 71
66 81 78 76
65 71 74 72
70 73 76 74
66 73 76 72
67 72 74 77
66 74 76 74
66 72 73 70
71 76 78 69
65 72 79 79
64 73 76 71
72 79 78 81
70 70 75 76
68 76 80 76
72 87 87 85
75 77 79 86
65 74 80 77
73 74 77 74
66 72 75 74
65 72 74 78
62 62 72 73
72 74 80 78
63 73 75 73
64 74 76 72
64 72 68 68
68 78 83 80
68 71 78 70
69 73 77 75
66 83 76 74
67 73 82 75
65 75 73 72
63 72 77 73
77 86 84 78
65 76 79 69
61 75 73 75
71 75 78 76
67 79 82 73
67 72 81 77
65 72 73 72
70 72 81 71
66 79 74 74
78 83 84 78
68 74 79 76
66 71 73 75
68 77 81 77
67 73 83 73
69 74 79 71
68 77 83 73
66 75 81 74
68 74 73 75
66 69 73 75
67 77 73 72
72 75 79 77
67 78 73 70
75 76 79 78
76 78 83 78
65 74 77 73
71 77 77 78
62 74 72 75
67 76 75 73
70 72 77 74
68 75 79 69
69 75 81 80
65 70 76 75
66 76 79 77
66 74 75 65
66 78 81 75
66 73 78 82
61 73 74 76
70 79 81 83
65 74 72 71
66 76 79 80
66 76 83 82
81 87 83 82
68 77 74 80
65 73 73 73
66 71 77 77
64 76 77 72
70 74 76 78
71 84 83 79
62 76 78 77
66 72 74 72
83 88 92 87
65 78 74 76
67 74 75 74
65 76 74 77
70 72 80 84
69 84 88 78
74 79 83 80
67 71 79 74
76 76 82 80
80 82 93 88
65 68 74 71
66 69 74 75
65 77 74 76
58 64 68 66
62 74 75 77
61 73 70 72
65 71 76 76
69 77 79 75
68 72 79 76
70 75 79 74
70 76 76 78
69 77 77 78
69 78 81 78
68 73 76 72
79 80 85 85
68 74 76 76
68 73 74 78
64 70 73 72
65 70 75 71
68 71 78 76
67 77 84 75
65 77 76 68
72 79 81 78
68 70 79 73
68 77 78 76
74 85 80 73
67 75 71 77
67 74 77 76
66 76 76 76
66 74 78 75
66 75 80 73
63 73 75 70
68 73 74 80
65 73 72 70
67 71 76 77
66 73 84 74
63 74 71 75
72 83 92 83
65 71 77 72
65 74 70 71
66 73 73 72
74 75 73 80
68 72 80 70
63 72 77 75
70 76 74 77
67 77 83 76
69 76 80 77
70 72 79 77
67 73 80 76
64 70 75 68
64 73 73 74
66 74 79 76
69 80 78 82
71 84 85 72
68 71 78 71
69 72 75 79
66 75 77 75
70 77 74 77
57 68 66 60
57 71 68 63
61 73 75 66
59 73 77 67
58 73 72 63
60 72 73 62
64 76 78 65
57 76 74 68
60 74 72 62
65 78 78 64
65 74 79 70
65 72 79 67
61 70 74 69
60 69 73 65
67 72 80 66
60 71 74 67
58 75 74 66
61 74 75 65
60 70 73 66
60 72 70 65
62 71 77 62
59 70 78 62
63 71 77 67
57 68 71 61
61 71 75 69
59 72 76 66
61 75 73 65
57 66 78 64
64 74 75 64
60 69 73 61
59 71 72 62
56 73 70 64
62 77 77 65
53 67 67 63
62 72 78 67
57 70 72 61
57 74 76 66
63 75 78 66
59 76 74 67
59 70 73 69
56 74 75 61
58 77 79 69
59 69 75 64
56 70 75 67
58 69 71 64
62 72 74 66
62 73 70 61
56 70 73 64
61 74 75 63
61 74 76 63
62 67 76 64
62 72 76 66
57 69 75 62
60 72 71 66
62 70 75 68
64 76 75 63
63 70 74 68
62 72 78 69
63 72 76 65
56 72 72 66
59 73 75 65
59 71 71 64
60 70 72 62
62 71 78 64
59 71 72 62
58 69 75 63
59 72 71 64
59 68 77 66
62 77 73 67
58 74 72 63
64 71 76 63
61 70 76 61
58 70 77 61
60 73 74 68
58 72 72 63
65 74 73 64
61 70 78 63
59 69 68 62
64 73 77 67
57 75 74 65
61 71 73 66
56 70 71 67
57 74 72 63
59 73 72 66
67 75 79 66
58 69 71 61
57 71 74 63
62 73 75 72
59 70 73 67
57 66 68 64
55 69 68 66
62 72 74 64
64 71 74 64
62 77 75 64
62 75 76 67
58 73 73 62
61 78 77 67
56 69 73 64
58 70 73 64
60 72 72 65
61 73 74 64
67 73 76 64
60 73 72 68
57 70 69 64
56 73 76 65
58 72 77 65
59 76 75 64
61 66 73 67
58 74 76 69
56 67 72 61
65 73 76 65
57 73 69 61
58 70 70 64
58 75 76 66
59 71 72 63
57 72 75 62
60 73 72 67
61 73 70 67
58 73 70 63
60 81 75 66
61 73 74 65
60 67 74 65
66 75 81 72
61 72 73 65
54 69 71 67
59 73 73 67
59 73 72 65
65 71 79 69
64 71 79 67
63 69 73 60
64 75 76 65
60 73 80 65
59 73 75 63
63 79 77 64
60 72 77 65
62 70 74 66
61 74 74 68
66 75 78 66
56 69 65 59
62 73 76 67
59 73 75 69
60 78 78 65
60 70 75 61
59 73 72 61
62 71 74 67
60 71 73 64
63 72 74 67
59 75 73 65
62 75 72 67
59 69 74 61
59 75 70 64
62 72 76 64
59 70 73 63
61 71 77 67
58 74 76 66
62 77 77 65
59 68 73 64
60 68 71 62
55 73 71 65
54 69 75 65
60 73 72 65
56 72 68 64
59 77 79 69
59 69 70 62
59 72 74 63
62 71 73 68
60 69 75 62
60 70 70 66
54 68 68 56
61 69 70 63
60 68 75 66
62 68 74 61
58 69 75 61
61 72 71 64
59 70 74 64
55 69 73 66
59 66 73 59
58 73 74 64
64 71 79 63
57 71 76 63
62 71 76 65
64 75 73 65
61 72 69 64
58 71 67 59
58 74 70 65
60 77 74 65
63 70 75 65
63 74 78 62
62 73 77 65
62 73 76 64
57 74 74 64
62 74 71 64
55 72 69 65
58 71 69 63
62 73 73 64
63 72 71 65
64 80 78 66
62 68 68 64
63 72 70 62
64 74 82 71
97 106 104 85
60 70 67 71
68 72 69 77
70 75 70 72
65 70 71 84
63 73 70 82
70 76 71 75
69 73 75 79
71 72 73 75
74 72 78 81
70 72 70 75
70 80 69 77
68 74 77 81
81 84 83 85
70 70 79 82
66 72 72 79
65 67 68 75
67 73 71 79
67 74 72 73
66 72 62 76
69 76 71 82
70 73 65 73
67 76 75 76
68 82 75 83
76 74 66 78
72 69 66 74
69 73 72 79
66 65 60 67
69 77 73 76
68 72 71 74
72 76 75 75
79 75 75 74
66 72 68 76
73 71 72 79
76 76 76 80
75 82 70 82
71 74 73 81
71 71 67 80
70 74 73 82
75 77 68 80
71 76 70 85
69 72 69 77
68 73 67 80
70 76 70 76
65 69 65 75
70 73 72 79
65 72 70 73
72 72 70 80
66 73 71 75
70 78 72 82
73 80 70 76
68 79 75 78
68 76 74 79
69 71 72 73
72 72 68 81
68 75 71 74
69 71 68 73
71 69 72 77
64 71 66 74
67 68 65 81
69 75 70 77
71 75 75 79
79 73 79 80
72 74 78 76
64 71 69 76
70 76 74 81
74 75 79 74
68 79 70 78
63 73 62 75
68 76 70 76
74 75 70 77
73 78 75 80
68 82 67 82
71 77 75 80
68 76 67 81
71 75 73 78
71 74 64 77
69 80 72 81
71 71 72 78
71 70 68 77
70 74 69 78
73 79 71 80
72 79 71 81
68 69 73 77
68 76 76 77
63 74 69 76
68 72 70 79
68 74 65 78
70 72 70 79
70 74 71 77
73 73 75 77
67 72 72 81
72 72 73 80
71 76 69 75
68 75 69 73
70 73 69 76
73 75 67 78
69 71 69 79
73 73 74 81
69 69 70 70
68 69 72 78
68 73 72 76
79 83 85 80
68 80 79 75
73 75 67 84
72 69 74 76
73 74 69 73
66 74 70 80
72 73 72 79
73 71 71 71
70 70 71 74
72 75 71 80
69 72 67 74
69 72 72 75
71 68 73 77
70 82 74 85
71 74 69 78
67 78 67 76
70 77 68 78
66 69 67 76
69 72 75 81
69 72 71 78
72 68 74 80
77 75 77 76
70 74 75 81
74 77 71 78
67 71 66 76
70 67 70 77
71 75 68 75
63 77 71 78
69 70 69 81
73 73 68 77
68 75 76 73
68 76 73 77
70 76 73 77
69 71 75 84
68 76 72 77
72 75 65 78
73 76 71 79
68 68 73 78
70 69 73 76
71 71 72 81
79 73 79 80
72 76 70 82
68 78 66 78
69 73 72 74
78 81 73 78
69 75 65 77
71 70 67 70
74 78 72 79
69 80 68 75
69 75 73 80
68 82 70 77
74 79 67 78
73 75 72 77
69 80 69 77
73 74 64 75
68 73 66 74
69 74 67 76
77 87 91 89
74 75 71 78
69 71 66 74
76 73 67 75
73 77 68 79
71 79 77 82
73 68 79 76
70 77 74 76
72 75 72 80
70 79 67 80
72 75 75 79
72 76 71 76
76 78 76 84
65 74 71 81
70 73 70 77
70 72 79 78
69 77 78 75
67 74 68 77
68 77 75 80
69 70 68 70
69 78 67 80
72 74 77 78
72 70 73 77
73 80 71 81
70 72 66 72
71 79 73 80
67 78 69 75
69 79 75 80
67 70 70 80
69 79 72 81
81 86 90 88
67 78 73 78
71 79 70 79
83 80 78 78
69 77 69 79
64 81 73 84
71 71 65 69
75 73 66 79
69 73 66 76
70 70 71 75
67 74 74 80
61 75 68 69
58 73 69 69
55 76 71 66
60 74 73 69
83 80 79 82
59 72 74 66
59 70 70 66
62 70 70 70
57 74 67 71
67 72 73 72
52 72 75 66
60 71 76 68
60 73 70 71
72 74 69 82
57 72 70 67
63 74 75 75
62 71 72 69
63 75 70 65
65 72 68 73
59 68 68 67
62 70 72 68
59 74 69 69
58 72 73 69
59 73 73 66
59 72 70 72
60 76 75 73
61 75 75 68
69 79 78 76
61 73 73 71
60 73 73 67
64 75 74 72
57 72 70 71
65 74 70 68
60 75 75 77
63 76 70 72
58 75 67 67
58 76 66 67
60 69 74 73
60 74 71 70
62 80 72 69
53 75 70 66
59 73 74 65
66 76 72 70
57 69 71 65
71 71 73 77
63 73 67 67
61 77 67 68
63 77 77 73
53 71 64 61
58 73 66 68
58 74 70 66
63 72 70 64
64 70 68 69
60 73 70 73
62 70 73 69
57 76 70 71
68 69 74 68
59 75 70 69
53 71 71 70
66 76 75 70
57 70 70 67
63 72 66 72
61 73 72 74
61 75 73 70
58 73 73 68
62 73 71 70
55 73 73 68
62 72 67 65
60 71 67 65
60 71 68 68
58 69 70 69
58 72 68 69
59 73 68 69
53 73 67 66
57 70 71 69
55 68 70 65
59 76 75 66
65 73 73 71
55 75 71 69
58 75 73 71
62 72 73 69
63 74 68 72
60 71 74 68
61 74 71 66
60 70 69 72
62 73 72 71
61 76 70 70
64 72 71 72
65 76 77 69
55 68 72 73
60 75 72 71
62 74 73 69
56 68 68 66
60 68 72 66
58 70 64 64
64 75 73 66
62 73 71 68
61 72 68 66
62 78 73 70
56 74 71 71
58 74 69 70
58 77 66 63
58 75 74 70
60 77 73 72
58 76 70 69
59 71 72 70
62 78 71 70
64 71 72 69
63 76 68 69
68 74 75 75
60 71 68 69
54 73 68 67
65 75 73 66
61 74 73 73
61 74 67 68
56 74 69 72
55 76 75 68
60 72 70 69
59 69 66 65
61 73 71 74
58 71 68 69
61 71 71 68
59 76 71 73
63 75 76 70
54 72 67 70
61 78 73 71
61 74 69 71
62 76 71 73
63 74 72 71
57 75 68 69
63 70 67 69
62 72 71 68
52 73 69 68
58 73 68 67
64 74 72 71
57 69 68 68
60 72 74 73
59 67 69 68
54 73 67 65
61 73 72 67
63 75 68 66
63 71 71 65
61 77 75 70
58 74 69 70
63 78 74 71
63 73 72 68
63 71 68 70
55 74 69 69
58 70 66 68
62 67 69 70
58 73 70 69
64 74 77 73
61 72 66 66
65 77 75 74
60 73 72 66
63 76 71 68
61 70 72 66
60 71 69 70
61 68 66 66
57 74 69 64
63 73 73 69
59 73 70 69
58 69 66 69
56 72 72 67
61 75 72 68
61 71 68 72
61 74 67 76
64 75 71 65
61 77 70 70
63 76 72 66
55 77 69 63
67 72 73 75
58 74 70 65
63 77 74 78
60 73 75 72
59 73 73 68
69 69 69 72
66 72 67 69
62 74 71 70
61 72 74 72
54 76 67 65
55 73 68 69
61 75 70 70
62 73 73 64
64 75 71 73
60 73 71 73
57 75 69 68
61 70 72 71
64 74 76 68
61 72 71 74
64 74 70 75
60 77 71 70
60 73 71 71
58 72 74 69
57 75 72 65
65 76 74 71
63 75 72 63
57 77 76 72
54 70 68 68
61 75 69 65
65 80 68 67
68 78 67 71
57 77 67 72
59 71 58 72
62 78 65 74
65 77 62 66
64 78 65 65
62 73 65 66
66 79 64 71
60 74 65 69
66 79 62 69
67 75 65 72
63 77 65 72
66 73 68 71
62 72 61 70
61 73 64 71
60 79 64 72
62 72 63 72
63 79 66 71
65 73 63 73
65 81 68 72
62 74 65 70
60 77 62 68
59 74 62 69
58 72 62 71
66 75 61 67
64 78 66 65
65 75 63 71
62 77 62 73
64 75 67 68
64 76 66 75
65 73 69 66
62 73 69 70
65 73 64 71
60 78 64 74
62 77 62 70
66 77 66 69
66 79 66 72
63 76 68 69
64 74 62 69
64 72 67 70
62 78 63 65
61 78 62 69
61 75 62 71
66 76 65 72
62 77 65 71
64 84 69 70
63 74 63 69
59 76 68 67
59 69 64 65
58 79 68 67
60 77 61 67
62 78 65 71
65 75 64 70
61 79 70 68
61 74 64 73
65 72 62 71
63 83 64 73
60 72 66 72
67 76 67 69
63 80 68 72
62 80 64 70
60 79 67 70
57 78 62 67
65 77 68 71
63 73 66 66
63 77 64 69
68 79 67 68
59 76 63 68
61 72 63 63
63 78 67 71
59 74 62 67
65 81 65 71
66 78 69 69
60 78 66 72
61 75 66 68
56 70 61 58
62 74 64 69
66 77 65 68
61 77 68 70
63 74 66 74
59 73 62 71
59 77 60 69
63 77 65 68
60 74 62 71
63 75 61 72
61 73 63 69
63 83 67 69
61 76 68 66
62 75 65 67
60 73 62 72
63 76 67 68
62 74 64 72
62 81 65 62
64 76 63 72
66 81 65 75
61 72 60 65
65 77 63 73
61 81 66 69
68 75 64 67
62 76 58 64
62 76 68 69
67 72 64 70
62 79 65 74
64 78 66 69
62 81 65 73
63 80 65 72
68 82 65 74
64 77 61 71
67 78 65 67
63 74 64 70
61 77 70 67
63 73 66 73
58 78 67 68
63 73 65 69
61 76 64 67
62 82 63 73
62 78 64 73
60 78 61 67
60 76 63 70
65 70 60 69
56 75 62 59
64 79 67 68
64 73 62 66
63 69 62 71
62 72 61 68
65 74 65 69
65 75 64 69
63 72 66 68
64 77 65 66
63 73 61 69
61 74 63 68
62 70 63 72
62 77 65 71
62 76 65 71
66 74 65 69
64 75 63 69
63 72 69 65
65 75 69 69
62 80 67 69
66 78 65 70
61 77 63 64
61 74 66 71
63 76 68 71
67 79 63 73
58 76 65 66
63 76 62 70
63 79 61 64
62 79 62 69
65 76 61 66
59 75 64 71
61 73 66 68
66 75 65 69
61 79 66 67
60 80 67 68
59 73 65 69
60 74 61 69
66 74 66 66
59 74 63 69
62 73 63 67
64 78 65 72
64 75 68 70
63 79 66 68
59 75 64 71
65 78 65 71
65 77 63 70
63 76 63 68
66 83 66 74
62 77 61 74
63 82 65 75
61 73 68 65
60 79 65 72
60 79 65 69
67 76 64 65
63 74 66 63
67 79 62 71
64 81 64 70
66 78 66 70
63 77 61 70
61 74 66 69
66 74 67 67
64 74 61 68
60 79 69 74
62 77 66 69
64 74 66 68
64 79 66 73
60 75 66 68
66 81 67 73
67 78 62 70
62 74 64 68
66 72 65 65
60 78 68 72
60 76 63 70
64 76 68 68
67 79 63 71
65 80 68 75
64 75 63 76
61 78 61 71
62 74 67 67
64 78 66 72
