// Initial random seed:
1500171383007

// RunInitializeCallbacks():
initializeMutationRate(1e-05);
initializeMutationType(1, 0.5, "s", "if (runif(1) < 0.5) -1; else 1;");
initializeGenomicElementType(1, m1, 1);
initializeGenomicElement(g1, 0, 999);
initializeRecombinationRate(0.001);

// Starting run at generation <start>:
1 

DATA:
4000
100.216 99.999
100.008 101.242
100.592 101.987
102.51 102.368
102.242 101.454
102.456 101.17
101.942 101.162
101.95 100.555
100.757 100.678
100.442 100.358
99.884 99.874
101.421 100.97
102.425 103.156
103.129 102.346
102.463 102.926
102.947 102.043
103.993 102.438
103.894 102.08
103.688 102.864
102.919 103.617
102.814 102.954
102.767 102.549
102.476 102.162
102.816 102.898
103.162 103.856
103.727 104.686
104.041 104.398
103.856 103.689
102.936 104.094
103.379 105.314
103.575 104.889
104.195 104.413
104.234 103.955
103.805 103.095
103.837 103.322
102.913 103.349
103.18 103.371
103.212 103.55
103.157 103.404
103.966 104.283
104.507 104.218
104.436 103.703
104.612 103.083
103.455 102.941
104.01 103.586
103.642 102.978
103.483 103.064
105.057 103.263
104.26 103.978
102.227 103.916
102.52 103.025
102.741 102.632
104.212 104.261
104.196 104.525
104.808 103.805
104.715 104.021
104.556 104.602
104.971 105.143
105.089 104.718
104.841 105.358
104.523 104.925
104.052 105.123
103.599 104.763
103.718 104.217
103.895 104.556
104.165 105.164
104.555 104.376
104.296 105.168
104.835 105.868
105.216 107.1
105.865 106.326
106.283 105.394
106.951 105.632
107.092 106.335
107.25 108.034
107.392 107.35
107.338 107.763
107.927 109.106
107.183 108.612
108.615 108.476
108.694 108.95
107.592 109.942
107.906 110.406
108.966 111.191
108.475 109.966
108.572 110.031
108.296 109.898
107.551 109.674
106.341 107.998
106.507 108.877
107.555 108.754
108.051 107.918
108.06 108.126
108.52 108.504
107.968 108.493
108.461 108.952
109.097 109.08
110.098 109.041
109.841 109.591
109.283 109.943
109.576 109.393
110.491 109.374
111.463 109.26
111.794 109.433
111.861 109.358
111.483 109.103
110.156 109.916
110.736 109.37
110.816 109.395
111.454 110.262
112.323 110.302
112.625 110.375
113.304 110.834
113.912 111.892
112.675 111.305
112.71 111.945
113.667 111.886
113.791 111.46
113.727 111.477
113.072 112.03
112.465 111.499
112.972 112.451
112.799 113.397
112.091 113.687
112.942 113.985
113.135 114.547
112.923 116.016
113.283 115.748
112.978 115.614
113.525 115.57
113.284 116.064
113.473 115.097
113.796 115.404
115.019 116.031
114.605 115.745
114.975 116.288
115.013 116.869
114.382 115.562
114.817 115.409
114.54 115.612
114.817 116.272
114.995 116.359
114.027 117.397
114.025 117.471
114.003 117.357
114.786 116.856
114.863 117.439
114.659 117.852
115.292 118.064
116.391 118.144
116.677 118.516
116.758 118.644
117.142 118.529
117.067 118.224
117.516 117.949
116.568 118.982
116.859 118.686
117.798 118.936
117.686 119.419
118.235 119.72
118.754 118.819
117.9 119.576
117.494 120.626
117.873 119.671
117.847 120.344
118.357 120.483
119.256 119.688
118.513 119.657
119.15 118.974
119.666 119.032
119.172 119.275
118.514 119.552
118.566 118.906
119.2 118.156
118.398 118.857
118.419 117.97
118.463 118.642
118.045 119.454
117.707 119.518
117.451 119.421
117.823 119.221
118.35 119.046
118.386 118.353
119.42 118.103
119.366 118.374
120.139 118.259
120.371 118.996
120.334 118.521
120.251 119.816
119.695 119.187
120.263 119.474
120.626 119.67
119.998 119.796
119.956 119.868
119.945 119.744
120.462 120.4
119.975 121.017
122.082 121.078
121.569 120.593
121.805 120.46
121.778 120.924
121.582 120.345
121.317 120.981
122.642 121.782
123.769 121.818
123.593 121.251
124.204 121.916
124.206 121.941
124.425 122.745
124.608 122.475
125.269 122.208
124.386 122.882
124.032 123.752
124.679 124.826
124.882 124.637
124.975 124.15
124.957 124.499
124.855 124.719
124.883 123.999
125.392 124.133
125.728 124.663
124.857 124.595
125.052 125.359
124.682 126.132
125.239 125.328
126.311 124.965
126.203 125.647
127.008 125.878
126.34 126.879
126.573 126.405
125.023 124.942
124.402 124.95
124.552 124.671
123.991 125.152
123.909 125.716
124.045 124.469
123.574 123.56
123.653 123.462
124.082 123.534
123.287 124.019
122.308 123.002
122.388 122.278
122.616 122.734
122.047 123.058
122.204 123.896
122.195 123.468
122.277 123.355
122.594 122.745
122.674 123.526
122.459 124.368
122.824 124.05
122.435 123.605
123.477 123.44
123.115 123.085
122.799 123.293
123.209 123.32
123.569 123.077
123.49 123.609
123.084 123.365
123.194 123.99
123.689 124.228
124.091 123.713
124.017 124.294
124.822 124.691
123.393 123.391
123.664 123.313
124.043 123.257
124.691 124.719
124.275 125.118
123.921 124.87
124.835 124.84
125.707 125.38
125.022 124.165
124.356 122.975
124.489 123.155
124.196 123.109
123.924 122.664
123.57 123.184
124.32 123.576
125.531 123.638
126.052 123.512
124.514 123.239
124.6 124.527
124.07 123.716
123.531 125.161
124.362 124.493
123.737 124.117
123.829 122.882
124.23 123.043
124.691 123.769
125.68 124.135
125.026 124.242
124.633 123.631
124.568 123.316
124.561 122.252
124.486 122.062
124.347 123.106
125.32 123.574
125.263 123.644
124.138 123.931
124.383 124.656
123.716 124.407
124.133 124.383
124.168 125.091
124.624 125.208
125.427 125.642
124.091 124.517
124.385 125.257
124.139 126.035
123.803 125.352
124.07 125.636
124.076 125.142
123.778 125.817
123.308 126.32
123.749 126.982
123.522 127.043
123.645 126.992
122.96 126.921
124.288 127.377
124.092 127.43
124.76 127.987
125.277 127.301
125.76 127.218
126.266 127.471
127.835 127.604
128.072 127.689
127.859 127.585
127.791 126.611
127.704 126.595
128.97 127.106
129.208 127.036
129.116 128.052
128.625 128.066
129.239 128.124
129.399 128.273
129.576 128.544
129.448 128.379
129.738 128.272
129.476 128.452
129.237 128.546
128.34 127.147
127.995 127.563
126.755 127.909
126.516 127.684
126.604 127.237
127.069 126.565
126.939 127.157
126.495 126.939
127.587 127.55
126.746 126.847
127.846 126.644
127.004 126.289
126.834 126.105
126.715 125.651
126.322 125.242
126.691 124.859
126.882 125.044
127.819 125.436
127.278 125.507
128.276 124.867
128.051 124.74
127.418 125.691
128.09 125.174
127.673 125.225
127.972 124.909
127.594 125.103
128.101 125.162
127.795 127.251
127.877 127.409
127.356 126.557
126.462 127.54
126.165 126.93
126.138 126.817
126.115 126.4
125.802 127.106
126.125 127.394
125.823 127.95
125.87 128.409
126.71 128.362
125.16 127.026
125.993 127.493
125.805 126.193
124.969 125.454
125.046 124.397
125.756 124.918
125.277 124.567
124.99 123.623
125.088 123.54
125.233 123.994
124.093 124.813
124.707 124.867
124.62 125.436
124.552 126.039
124.803 125.897
124.803 126.105
124.454 125.86
125.204 125.08
124.912 125.501
125.734 125.703
125.957 125.932
126.162 125.624
125.728 125.236
125.745 125.376
126.319 125.35
125.096 124.178
124.987 123.899
125.272 123.906
125.194 123.948
124.579 124.552
124.135 124.132
124.228 124.704
124.701 125.644
125.601 125.581
125.344 125.49
126.442 126.772
126.347 127.058
126.948 127.72
127.105 127.355
128.046 127.684
127.612 127.663
127.692 128.552
128.287 128.889
128.229 129.436
128.924 129.786
129.625 129.458
128.984 129.118
129.215 129.844
128.828 129.762
128.833 129.48
129.258 129.458
128.663 129.881
129.061 130.834
129.512 130.618
130.018 130.772
129.572 130.701
129.265 130.738
130.715 132.079
131.256 130.873
130.757 130.333
132.53 131.262
133.259 131.998
131.888 130.623
132.017 130.501
131.07 131.052
131.032 130.761
131.367 130.351
131.882 130.136
131.68 131.299
131.882 131.736
131.873 131.855
131.47 131.628
131.242 131.844
131.456 132.72
130.874 132.51
131.667 133.062
131.111 133.032
130.671 132.439
131.209 133.485
132.233 134.082
132.88 134.215
134.169 134.827
134.616 134.493
133.387 132.635
133.407 132.464
132.633 131.166
132.906 131.248
131.728 129.127
132.081 129.755
131.477 130.408
130.559 130.946
130.127 130.655
130.404 131.118
130.387 131.316
131.435 131.452
130.135 130.892
130.864 131.09
130.828 129.834
130.701 129.332
130.167 128.286
130.393 128.542
130.208 128.55
130.832 128.368
130.296 129.51
129.863 130.027
129.232 129.346
128.755 128.503
128.727 129.416
129.372 129.322
130.059 129.28
127.349 125.737
128.364 125.516
127.889 125.354
127.942 124.999
127.219 124.589
125.564 124.579
125.168 123.869
126.052 123.76
126.648 124.597
124.637 123.92
125.048 124.192
123.294 121.85
123.5 121.504
123.82 121.798
123.373 121.303
123.863 122.308
123.433 122.859
123.126 122.932
123.474 122.722
123.371 124.059
122.598 124.541
122.549 124.4
122.703 124.014
122.835 123.529
122.96 123.611
121.983 122.621
121.508 120.57
121.555 120.085
121.238 119.591
121.273 119.482
121.317 119.323
120.921 120.057
121.539 119.936
121.027 119.731
120.495 119.762
119.913 119.842
119.794 120.433
119.266 120.626
119.368 120.817
120.531 121.005
121.298 122.173
120.199 120.768
120.376 120.028
118.728 118.427
119.155 118.233
119.852 118.026
119.073 118.183
119.088 118.262
118.999 118.25
119.18 118.243
119.558 118.608
119.726 118.381
119.976 118.587
119.54 118.891
119.755 119.636
119.933 120.183
119.436 121.382
120.475 120.951
120.114 120.578
121.119 120.951
120.698 122.187
121.293 121.9
122.047 122.245
122.543 122.962
122.788 123.093
122.88 122.529
122.699 123.041
123.669 123.297
123.943 123.931
124.373 123.386
124.003 123.555
123.656 123.791
124.543 124.604
125.03 124.37
125.206 124.863
125.96 125.113
125.582 125.537
126.078 126.076
125.716 126.135
125.576 126.162
125.508 125.968
124.264 124.562
123.225 123.539
123.257 123.472
123.367 122.942
122.66 122.642
122.939 122.36
122.826 122.483
121.796 122.638
122.659 122.608
122.23 122.826
122.487 123.047
120.924 121.24
121.68 120.924
121.728 120.986
121.794 121.043
121.001 121.074
121.419 120.84
119.812 119.992
119.909 120.477
119.355 120.818
118.632 119.588
119.238 119.814
118.427 119.734
119.544 119.547
118.995 120.32
119.201 120.754
118.852 119.71
118.882 119.242
118.703 117.59
118.633 118.099
118.207 118.32
117.562 118.41
117.707 118.627
118.239 118.662
116.364 117.433
116.162 117.327
116.704 117.57
116.883 118.132
116.566 118.312
116.43 117.222
116.385 117.455
115.665 116.445
113.957 115.228
113.451 114.272
113.401 113.817
112.751 113.754
112.228 114.457
111.927 114.591
111.508 114.246
111.356 113.912
111.947 113.249
112.575 113.546
113.067 113.748
113.757 113.987
113.725 114.077
113.772 113.326
113.794 112.468
113.889 113.533
113.95 113.325
114 113.278
112.899 113.154
112.564 113.15
111.9 113.053
112.076 113.766
111.097 113.753
111.313 114.13
110.975 112.837
110.856 112.814
110.25 111.967
110.98 112.455
110.617 112.813
111.242 113.13
109.974 111.388
110.725 111.561
111.433 110.738
111.885 110.859
112.094 110.484
112.231 110.011
112.392 110.448
111.828 110.355
111.848 111.055
111.559 111.525
111.015 112.207
111.956 111.787
111.348 111.678
111.685 111.829
110.721 111.608
111.228 110.784
110.88 110.827
110.678 110.673
110.617 110.19
110.971 110.183
111.02 110.233
109.9 109.514
110.158 110.787
109.264 110.562
109.107 110.328
108.984 109.841
108.529 109.499
107.918 108.918
107.54 108.89
107.305 108.897
107.438 109.72
108 109.209
107.813 109.305
108.552 109.619
108.71 109.454
109.064 109.602
109.895 110.261
110.356 111.046
109.981 110.008
109.932 110.331
108.794 109.649
109.624 109.794
109.712 109.866
110.096 109.498
109.441 109.276
109.892 108.791
109.49 109.134
109.046 109.061
109.661 109.18
109.715 108.694
108.997 108.284
108.754 108.54
109.023 109.656
108.395 109.727
107.954 109.656
106.727 108.809
105.981 108.159
105.891 107.836
106.257 107.334
106.287 108.25
106.132 107.511
106.65 108.165
108.004 108.168
107.614 107.763
107.798 108.408
106.931 108.695
107.303 108.393
107.282 108.814
107.672 108.882
108.305 108.963
108.154 109.531
108.451 109.094
109.374 110.371
109.135 110.819
109.532 110.67
109.569 110.458
108.726 110.485
108.983 110.011
108.404 108.731
108.103 108.525
107.559 108.666
107.957 108.733
106.856 109.251
107.2 109.861
106.803 110.21
107.263 110.755
108.027 111.36
108.763 110.982
109.671 110.826
110.323 110.324
111.09 110.35
111.66 110.463
111.606 110.966
111.004 111.243
110.207 109.93
111.007 109.403
110.778 110.265
111.281 110.784
111.348 111.3
111.046 110.477
111.124 110.118
111.704 110.196
112.195 110.486
112.044 111.222
112.534 112.019
111.748 112.209
111.689 111.726
111.981 112.147
112.151 112.094
112.058 111.282
112.44 111.159
112.552 110.218
111.611 109.546
111.464 109.943
111.477 110.084
110.768 110.391
110.263 110.775
110.869 110.984
110.395 110.671
110.808 111.051
111.287 112.555
111.47 112.056
111.44 112.314
109.914 111.146
109.448 111.059
109.816 110.582
108.719 109.936
106.908 107.188
107.475 107.269
107.641 106.768
107.963 106.218
107.755 105.376
107.974 106.362
108.047 106.483
107.599 106.431
107.139 106.801
107.41 107.975
105.748 106.989
106.074 107.385
106.13 108.528
106.483 108.807
105.545 107.734
106.278 108.322
106.261 108.643
106.605 109.007
106.847 109.362
107.805 109.061
107.778 109.535
107.758 109.554
108.737 109.531
109.392 109.838
107.886 108.406
107.79 108.132
107.549 108.369
108.34 107.89
107.293 107.487
106.728 107.727
106.109 107.202
106.664 107.05
107.328 106.828
107.731 106.981
107.605 107.802
107.901 108.469
108.077 108.449
107.919 109.714
108.06 109.499
107.93 109.924
108.098 110.568
110.078 110.78
110.076 110.76
110.632 111.896
110.725 111.649
110.9 110.812
111.365 110.288
109.509 110.244
109.349 110.574
109.762 108.877
109.088 109.078
109.923 109.746
109.763 109.602
109.261 110.27
109.161 110.614
110.473 110.653
110.606 109.939
110.65 110.225
111.188 109.87
111.628 109.662
109.925 107.999
109.825 108.497
109.382 108.371
109.331 108.331
109.677 108.376
109.838 109.07
108.894 109.396
109.195 109.207
109.439 109.284
109.808 109.034
111.049 108.942
110.647 109.583
110.808 110.836
110.528 110.587
109.004 109.183
108.526 108.136
108.431 108.227
108.29 107.794
108.54 108.034
107.832 106.85
107.796 106.772
107.759 106.709
108.498 106.999
108.82 106.591
109.966 108.067
109.771 109.235
108.472 108.573
107.981 108.525
107.825 109.016
108.209 109.291
107.822 108.835
107.811 109.032
108.203 109.29
107.434 109.585
106.299 107.625
107.299 107.83
108.114 107.296
108.151 108.75
107.84 108.957
107.835 109.082
108.168 108.904
107.999 109.684
108.004 109.34
107.695 108.872
106.502 108.212
106.698 107.604
106.099 107.498
105.686 107.6
106.198 107.171
106.543 106.782
105.699 106.076
105.579 105.823
105.326 105.964
104.741 105.733
103.255 104.135
103.801 104.147
104.322 104.094
104.742 104.362
105.121 104.091
104.602 103.352
104.78 103.716
104.311 101.337
104.836 102.389
104.678 103.317
104.463 103.779
104.748 104.403
105.07 105.129
104.466 104.955
103.415 104.073
104.219 104.01
104.471 104.284
104.835 105.116
105.18 105.099
105.633 105.389
105.831 106.091
105.156 106.017
105.371 106.032
105.653 106.737
106.197 106.948
106.052 107.641
105.844 106.846
105.924 106.906
105.49 107.563
105.782 107.329
106.131 107.876
105.165 106.097
104.532 105.302
104.096 104.332
104.713 105.01
104.63 105.121
105.701 105.439
104.938 105.171
105.698 105.071
105.52 105.23
104.174 105.932
103.779 106.356
102.927 104.913
103.244 105.322
102.246 102.994
101.818 102.349
100.645 101.689
100.408 102.257
101.405 102.038
100.965 101.145
100.947 101.288
101.638 101.532
101.879 102.457
102.625 103.172
102.829 103.13
102.594 103.766
102.979 103.597
102.668 103.182
103.022 102.62
102.715 101.618
102.814 102.251
102.577 100.981
102.378 101.757
102.862 102.181
103.192 102.1
102.587 101.971
102.45 102.355
102.4 102.645
103.296 103.534
103.251 103.443
103.324 103.702
103.873 105.007
103.832 105.553
104.987 105.594
104.313 104.948
103.642 106.045
103.559 106.302
103.194 105.92
103.174 105.85
103.165 105.09
102.511 104.961
103.073 105.076
103.109 105.051
103.54 104.78
103.733 105.341
104.431 104.89
103.316 103.841
100.254 100.746
99.931 100.8
100.37 100.621
100.442 101.915
100.192 101.621
99.809 102.173
99.116 100.492
99.128 99.7755
99.361 99.4175
98.7235 98.25
99.6875 99.1545
99.8005 98.964
100.74 99.058
100.293 99.6795
99.897 99.5755
100.362 99.7825
100.1 99.648
99.6485 97.747
99.727 98.1385
99.195 98.6905
99.5865 99.174
99.6715 99.3355
99.617 99.5295
100.238 99.7335
100.597 100.079
100.874 99.9075
100.031 100.414
100.65 101.015
100.488 100.62
99.731 100.179
99.503 100.337
100.418 100.112
99.9025 100.733
99.645 101.219
99.686 100.663
100.007 100.33
99.3035 99.4095
99.1075 98.6475
99.212 99.595
99.1865 99.44
99.018 99.7815
98.705 99.602
98.266 99.351
98.433 99.2695
98.0485 98.8205
97.3065 97.2735
97.8865 97.516
97.8175 97.1465
97.351 96.397
97.3 96.4705
97.207 96.4415
97.216 97.7735
95.56 96.646
95.9225 96.746
95.157 96.0345
95.863 95.894
96.3115 95.7285
96.074 95.5135
95.7015 95.551
95.909 95.4825
96.3295 95.27
95.3155 94.658
94.9015 95.378
93.36 94.594
92.4145 94.706
92.7845 94.1195
92.8525 93.6105
93.1095 93.4665
93.2495 93.4545
93.6215 94.043
94.535 94.5515
92.698 92.793
91.257 90.426
90.639 89.579
90.4005 89.37
90.4395 89.545
90.596 89.527
91.415 89.191
91.3765 89.2465
91.299 89.573
88.63 88.053
89.067 87.956
89.159 88.7955
88.931 88.7335
88.959 88.266
88.6255 87.9725
87.1245 87.3745
86.86 86.9635
86.9885 87.6385
86.265 88.004
85.957 88.6745
85.7675 88.434
86.204 89.5295
84.9515 88.4675
85.1385 88.644
86.025 88.706
85.6595 89.3955
86.6325 89.063
86.3955 89.511
87.099 89.6005
88.0875 89.6985
86.897 88.218
86.9225 88.744
87.3845 88.003
88.4275 88.6095
88.4965 88.778
88.9685 89.177
89.3655 89.012
89.286 90.141
89.368 90.2135
89.814 90.4935
90.164 90.5965
90.2605 90.882
89.4005 91.339
89.3005 92.17
89.822 92.3635
89.978 92.3475
88.7915 91.997
88.736 92.0255
88.5085 90.9675
88.0345 91.1015
88.439 90.4845
88.0355 90.574
88.1975 91.6075
88.8635 91.6575
87.768 90.162
88.1445 90.0775
88.148 90.184
87.022 89.0425
85.7915 88.5305
86.1875 88.776
86.476 89.0395
87.121 89.274
87.2785 88.874
87.1735 88.6265
87.8965 88.8085
88.5525 88.73
88.3665 89.3745
88.656 89.429
89.3775 89.4135
87.8745 88.505
87.593 88.06
87.7475 88.86
87.6595 88.9025
86.785 87.7655
87.3895 87.572
86.4215 87.2075
86.689 87.1555
86.947 87.725
87.01 87.9075
87.4865 88.043
87.752 88.351
88.4725 88.1435
89.018 87.818
88.0115 87.696
87.504 88.041
88.617 88.2865
88.274 87.989
87.8915 88.583
88.3615 87.724
88.4425 87.301
88.1305 88.1465
87.921 88.49
87.495 88.4975
88.097 88.675
88.1035 89.076
88.6315 88.818
88.0775 88.503
88.564 88.939
88.3685 89.2005
88.6245 88.7785
89.112 89.4745
88.844 88.878
89.1885 88.1765
89.8495 88.8915
90.4475 89.0205
90.0895 89.5375
90.718 89.2555
90.291 90.225
89.483 89.9025
89.205 89.1005
89.6705 88.9535
88.6435 87.7135
89.401 88.1635
88.9865 88.3995
88.688 88.764
87.691 87.4345
87.88 87.15
87.774 86.6315
88.358 87.0255
88.467 87.08
87.841 87.138
87.543 87.054
87.8605 87.2955
88.813 87.6155
88.748 87.8325
88.7405 87.181
88.515 87.4495
86.9185 85.8905
86.6015 85.874
86.816 86.337
87.153 85.9865
86.621 86.348
86.3065 86.583
86.445 86.298
86.3535 85.995
86.344 85.721
85.8625 86.1555
86.7595 86.915
87.4225 87.7065
87.321 87.4305
87.4015 87.467
87.598 88.2715
88.419 88.4055
88.613 88.134
88.614 88.8015
88.69 89.195
88.535 89.8415
88.824 90.406
88.4485 89.7655
88.407 89.444
88.1175 89.259
88.2335 89.2605
88.6945 89.41
88.4335 89.564
88.3725 89.3565
88.47 88.983
88.5745 89.284
88.5115 89.985
87.4345 89.6145
87.345 89.9795
87.161 89.7175
86.9565 89.978
87.6615 89.88
88.2815 90.358
87.9845 90.968
87.659 91.12
88.5255 91.4825
89.1525 91.768
89.0695 92.263
90.26 92.0365
90.476 92.01
91.5515 91.818
91.8005 91.8075
92.0565 92.2625
92.291 91.8775
91.0925 91.292
90.7665 91.36
90.2195 90.114
90.497 90.3555
90.028 90.406
89.6 89.6285
89.4945 89.941
89.1485 90.9735
89.0225 91.262
88.9695 91.424
90.0845 90.502
90.126 90.205
90.6385 90.477
90.576 89.662
90.762 89.309
91.116 89.746
91.2335 89.439
89.945 90.0585
90.125 90.613
90.3035 90.4775
90.572 90.406
90.4925 90.1605
90.2075 89.597
89.9385 90.3265
88.835 89.085
89.0685 90.03
89.479 90.5255
89.9345 90.3805
90.1185 91.0885
90.157 92.16
90.1675 91.7405
90.2305 91.882
90.4055 92.1715
89.872 91.903
90.451 90.994
90.305 91.3385
89.677 90.172
88.3735 89.557
88.456 90.005
87.651 88.3935
87.781 88.8855
89.057 89.59
88.726 89.1035
89.0115 89.209
89.861 88.746
90.059 87.7655
89.025 88.3895
89.449 89.139
89.7495 89.198
90.465 89.466
90.3065 89.0365
90.677 89.676
88.687 88.222
88.432 89.061
88.665 89.272
87.2505 88.745
86.7045 87.746
87.083 88.336
87.5155 88.893
87.544 89.3315
87.3785 88.4335
87.317 88.555
88.4345 87.8125
88.443 87.7815
88.7635 87.6095
88.868 88.215
88.9235 87.8725
88.8065 87.426
89.258 88.5175
89.109 87.4575
88.0345 87.7875
87.7945 87.2785
87.8825 87.582
88.497 88.0945
88.3955 88.057
88.04 88.929
87.838 89.0325
88.3415 89.1835
88.939 89.265
88.9285 89.6445
88.418 87.851
88.0815 87.9155
88.285 87.829
87.8125 88.174
88.135 87.688
88.612 88.2215
88.1715 88.502
88.734 88.459
88.6665 87.3925
88.5215 87.542
87.4665 86.1265
87.3755 86.2035
87.0915 86.5905
87.1405 86.056
87.2055 86.055
86.8225 86.085
86.041 85.7585
85.062 84.482
84.7455 84.3455
84.664 84.5835
84.8345 85.0285
84.3475 84.915
83.359 84.132
83.6235 83.8635
82.76 83.5045
83.673 83.784
83.0325 83.216
82.8755 83.547
82.9625 84.328
82.955 84.377
82.497 84.66
82.2335 84.5585
82.607 84.2745
83.525 83.912
84.259 84.388
84.463 84.9475
84.515 86.0475
81.993 82.6545
80.7795 82.651
80.937 82.1805
81.3175 82.468
81.419 82.739
81.8395 82.1235
82.9095 81.706
83.212 82.656
83.5425 83.46
83.8395 83.1715
83.201 82.726
83.5335 83.1335
83.909 84.058
83.911 84.14
84.6045 84.359
84.62 84.24
84.5915 84.397
84.131 83.4025
84.519 83.4915
84.145 84.2115
84.15 84.195
84.5645 84.357
85.026 84.939
84.901 84.2805
84.9155 84.7275
85.065 84.5735
85.7755 84.616
85.842 85.312
85.7625 85.027
86.25 85.009
86.855 85.771
85.6065 86.3225
86.055 86.6435
86.7375 87.1045
86.469 86.938
86.4105 86.9245
85.824 86.664
85.385 86.7955
84.8325 85.6955
84.8165 85.965
86.132 85.701
86.273 86.094
86.202 86.648
84.836 86.223
84.988 86.144
85.2255 86.504
84.0055 85.1735
84.422 85.0875
84.507 85.2535
84.555 84.823
84.2125 84.4485
85.047 84.9525
85.364 85.8015
86.5655 85.9925
86.17 84.655
85.361 84.903
85.134 84.772
85.214 85.275
84.5565 85.209
84.599 85.6245
85.0195 85.0635
84.3345 84.0145
85.0915 84.0595
84.989 83.877
84.9735 83.6185
84.5475 83.445
85.3685 84.468
84.931 84.896
85.244 85.5915
85.469 85.5585
84.419 84.014
84.2965 84.5455
84.1515 84.9825
82.675 84.529
83.124 84.5645
83.2605 84.171
83.833 84.8815
83.899 84.363
84.17 84.006
84.3105 84.7035
84.078 85.158
83.54 85.3125
84.015 86.383
84.1365 86.416
84.277 85.77
84.2995 85.563
84.5095 85.05
85.3235 85.1165
85.7685 84.408
85.8105 84.5325
85.047 84.0695
84.8445 83.5055
84.999 83.4735
83.937 82.4865
83.556 82.5505
83.926 82.7135
84.4745 82.8375
84.0295 82.827
83.996 82.24
84.2385 81.5045
84.5095 81.964
84.428 82.323
83.3965 82.5115
83.961 82.899
83.583 83.004
83.429 83.3405
83.2185 83.231
83.2175 83.1425
82.8515 82.273
82.244 83.1515
81.242 81.217
81.32 81.814
81.7605 81.2035
81.057 80.148
80.453 79.8125
80.7675 79.9285
80.749 80.034
80.764 80.683
80.4835 80.9625
79.691 80.5315
79.81 80.5265
80.946 80.8025
80.9225 79.9945
80.952 80.183
81.5355 80.902
81.673 81.346
81.5615 81.6885
82.0165 81.9
82.0305 81.8465
81.338 80.993
81.1825 80.7135
80.334 80.6685
80.606 80.6105
80.1105 80.2665
79.694 80.0095
79.8085 80.0135
78.529 79.2225
78.3485 78.7015
78.81 78.0215
78.696 78.408
78.9625 78.604
79.578 78.735
80.425 79.1655
80.7235 79.3995
80.8065 79.656
80.6295 79.524
80.8795 79.3155
81.328 79.848
81.8285 79.2235
81.432 78.312
81.1015 78.617
81.022 78.797
81.3075 79.3935
80.663 79.273
80.961 79.082
80.367 79.2145
80.2555 79.7795
79.973 80.2755
79.2785 80.715
80.3755 80.887
80.3615 80.321
80.9885 80.07
81.1385 80.26
80.6095 80.8605
79.308 79.869
79.6265 80.2865
79.5545 80.5575
79.5015 79.904
79.373 80.58
78.944 80.25
79.364 80.043
79.1095 79.893
78.114 79.0895
78.425 79.022
78.356 78.9415
78.6235 79.282
78.0905 79.09
77.8015 79.7485
77.67 79.184
78.306 79.4725
78.846 79.3325
79.066 79.9555
78.7605 79.257
78.664 79.127
79.157 79.1045
78.8655 79.203
79.8405 79.122
80.338 79.7065
80.882 80.4435
81.44 81.189
81.571 81.0775
80.7835 80.3795
80.0365 78.7515
80.6945 79.0635
79.7035 79.137
80.474 78.687
78.8335 78.0585
78.543 78.4325
78.7705 78.882
78.5915 78.967
79.1215 79.307
77.9855 78.6975
78.3315 78.3665
78.7375 78.7995
78.5295 78.7585
78.5725 79.2335
78.312 79.4805
77.6495 78.521
77.674 78.0635
77.419 78.185
76.9465 78.6595
76.904 78.661
77.411 78.3625
77.296 78.9575
77.3555 78.844
76.997 78.6745
77.0805 78.8625
76.9895 78.6825
76.885 78.2055
77.3595 78.422
77.6445 77.9905
78.061 78.089
77.641 79.0725
77.045 79.309
75.802 78.1225
76.2155 78.2035
76.2 77.6785
75.7175 76.7045
76.1785 76.835
76.7695 76.9485
76.5075 76.362
75.8835 76.65
76.0915 76.7755
76.4415 76.9955
76.411 76.738
76.5925 76.324
77.0325 76.094
77.304 75.5595
76.8525 76.1815
76.6775 75.999
76.7635 75.845
76.9185 75.95
77.313 75.9605
77.9515 76.8215
76.3725 75.999
76.5185 75.5665
76.9335 76.178
76.5155 75.6015
74.4125 73.983
73.609 74.417
73.773 73.993
74.175 74.3885
73.9815 74.6675
74.02 73.7835
72.9535 72.3975
73.6905 72.9025
73.736 72.766
74.003 72.909
74.0905 73.0345
74.1965 73.316
74.9935 73.3475
74.777 73.7135
73.096 72.23
73.658 72.9185
73.3885 73.6215
74.034 73.2915
73.8605 73.567
73.8365 73.5165
74.4345 73.487
74.459 73.3445
73.336 72.461
74.004 72.772
74.8545 72.558
75.116 72.4
75.521 73.234
75.634 73.154
75.558 73.356
74.968 73.41
75.0125 73.039
75.166 73.442
75.352 73.8125
76.0455 74.7715
76.4945 74.998
76.204 75.4
76.3775 76.1375
75.5455 75.755
75.4125 76.542
74.8765 76.125
74.9295 76.077
75.666 76.105
74.8195 74.8345
75.2845 74.6765
75.663 75.2365
75.8725 75.0805
73.676 72.952
73.793 73.182
74.0695 73.5525
74.3775 72.911
74.5745 73.1465
74.3465 72.7785
73.7955 72.657
73.027 72.746
72.6935 71.694
71.471 70.228
70.5565 70.046
71.1505 69.767
70.77 70.223
71.188 70.4225
70.5765 70.3635
70.5335 71.231
70.9795 70.8485
71.9755 70.791
71.6935 71.266
72.988 71.5725
73.0155 71.277
73.025 70.8955
73.407 70.805
73.086 71.492
73.255 72.037
72.9 72.4385
73.63 73.1535
73.054 72.34
72.8155 72.4875
72.4935 71.965
72.1805 71.177
72.3645 71.516
72.425 71.548
72.61 71.863
72.813 71.815
73.317 71.1955
73.0885 71.7455
73.2515 72.1145
73.799 71.5935
73.2905 71.909
73.7435 72.521
74.009 72.59
73.0495 71.503
73.3005 71.4585
73.6305 71.868
73.477 72.032
73.144 71.2165
72.498 71.5005
72.53 71.8565
72.5435 71.9595
72.419 72.2025
73.467 71.5125
73.485 71.974
73.963 71.606
74.341 71.9
74.3435 71.984
74.1365 71.899
74.264 73.7585
73.8295 74.0955
73.407 73.582
72.948 73.449
72.7265 72.9085
72.305 73.097
72.188 73.291
71.972 72.6155
72.933 72.3875
72.97 72.0285
72.982 71.589
73.253 70.736
73.215 70.8785
73.1665 71.333
73.796 71.2295
73.669 71.362
73.043 71.671
72.431 71.17
72.0385 70.739
72.643 70.411
72.995 70.156
73.4215 70.6275
72.5805 70.3305
72.4345 70.988
72.987 71.545
73.2765 71.3565
72.895 71.7015
72.277 71.881
71.7415 70.566
72.1385 70.65
72.2015 70.5185
72.8165 70.539
72.5045 70.6585
71.8175 71.131
72.2965 71.5205
71.879 70.936
72.4085 71.7105
73.3185 71.932
73.547 71.3735
73.6435 72.288
73.484 72.145
73.5365 72.0995
73.203 71.1035
72.208 70.5695
72.442 70.992
72.655 71.8235
73.488 72.154
73.5985 72.4255
73.7845 73.551
73.6905 73.376
73.859 73.3505
73.916 73.198
74.089 72.405
74.0835 72.3675
72.9145 72.1955
72.8 71.702
72.6915 72.377
72.7905 72.914
73.1895 72.739
72.5315 73.235
72.577 73.7215
72.38 73.8795
70.6875 72.072
70.5315 71.5235
71.4345 71.481
71.72 71.947
72.116 71.8575
71.3945 70.367
70.9735 69.991
71.2595 69.924
71.2815 69.818
70.5605 69.1075
70.7045 68.995
70.6765 69.815
70.711 70.4035
71.119 70.469
71.7085 71.1555
70.9225 70.565
70.343 69.6825
70.403 70.7555
70.671 71.3895
70.477 70.883
70.11 71.0825
70.1575 71.506
70.296 71.8645
70.7115 72.286
70.386 71.9075
70.639 72.22
70.8875 72.623
71.3815 72.1965
71.4275 72.0745
72.0605 72.3825
71.3815 71.503
71.3595 71.7735
71.3335 71.9845
71.285 71.3825
72.004 71.63
72.3385 72.0705
71.695 72.397
71.4385 72.718
70.885 73.0765
71.1945 73.082
72.1385 73.6215
72.2215 73.991
72.8565 73.9385
72.353 73.6815
72.155 73.0575
72.18 72.6535
72.486 72.075
72.5255 71.3705
72.3715 71.612
72.716 72.251
72.464 72.0595
72.6745 72.127
73.343 72.508
73.314 72.6795
72.896 72.737
73.1595 73.1
73.185 72.8145
72.432 72.893
73.0005 73.001
72.879 73.261
73.1025 73.422
72.9495 73.7255
72.729 73.931
73.211 75.0205
72.8325 75.3285
72.9915 75.0185
73.291 75.045
73.127 75.35
72.45 75.2855
72.978 75.203
73.5235 74.89
73.708 74.834
73.9445 74.816
73.9035 74.5735
73.3775 74.512
74.239 74.747
74.6585 74.6355
74.459 75.1035
74.4585 75.255
73.907 75.419
73.8455 75.0355
74.184 74.981
74.3605 74.606
74.295 74.544
75.279 74.6645
75.492 74.1895
76.1025 74.404
76.017 74.335
76.2315 74.104
75.654 74.265
74.6145 73.83
74.786 73.7065
74.447 73.927
74.646 74.0405
75.335 74.4865
75.1505 75.1455
75.6495 75.183
75.3895 75.832
76.032 76.5025
76.039 76.926
76.0015 76.748
76.2265 76.3925
76.212 76.3125
75.7935 75.742
76.3385 75.5855
76.352 76.4705
75.71 76.342
75.321 76.8015
74.927 76.7995
75.3095 76.887
75.2055 77.0805
75.672 77.0045
75.6305 77.1275
76.2925 77.1505
76.6985 77.1695
76.4005 77.292
74.993 76.3415
75.443 75.6775
75.495 76.1685
75.1015 76.185
75.9575 75.945
75.922 76.2935
76.388 76.532
76.53 77.159
76.2985 76.929
76.2695 76.8095
76.8655 76.581
76.279 76.8545
75.9995 76.5335
76.4205 77.003
75.167 75.3395
74.9605 75.98
75.708 76.713
75.317 76.8235
74.7725 76.803
74.461 77.4525
75.0035 76.7925
75.621 76.7465
76.0915 77.6165
75.8715 77.4285
76.378 77.6275
76.389 77.5025
76.2455 76.935
75.7605 76.902
76.5815 77.272
77.373 78.048
76.9625 77.132
77.03 77.089
75.7465 76.0325
75.346 76.236
75.4435 76.9425
75.32 77.919
75.9065 78.0595
74.9905 76.6305
75.51 76.324
76.415 76.19
76.0045 75.769
75.7315 76.174
75.2875 75.1335
73.9765 73.795
73.2085 73.9465
73.6105 73.881
73.183 73.5855
73.8835 74.053
74.905 74.987
74.6335 75.158
74.9975 75.3185
74.788 74.822
74.6385 75.08
74.5025 74.948
74.359 74.726
73.5395 74.772
73.608 75.1625
74.15 75.2
74.7545 75.2995
73.6335 75.549
74.708 76.378
74.812 76.6655
75.2555 76.929
76.3755 77.113
76.0765 77.2555
76.7825 77.7335
77.0665 77.9755
76.009 77.252
76.107 77.4425
76.2095 76.1485
76.0725 76.544
76.054 76.1455
75.4795 75.963
75.4935 75.987
75.6845 76.2255
75.7325 76.2355
76.5295 75.828
77.0745 75.8465
76.945 76.363
76.3545 75.165
76.3285 75.8695
76.435 76.145
75.963 76.2145
76.006 76.992
76.538 76.7965
76.1335 76.809
76.2465 77.1235
75.081 76.922
75.647 76.624
76.8175 76.9815
77.0985 76.52
77.0995 76.576
77.1585 76.9625
76.1545 76.0175
75.9995 76.192
76.052 76.0825
74.965 74.9635
75.2865 74.999
75.3035 75.5555
75.0585 76.074
74.7615 77.198
74.716 77.063
75.4875 77.1895
75.6805 76.9085
75.797 76.585
74.2395 75.291
74.554 75.139
74.7285 74.679
74.8255 75.0145
74.3845 75.428
72.9855 74.181
72.5575 73.9125
73.1455 73.9785
73.5345 74.051
73.5165 73.6505
73.716 73.1685
73.552 72.544
73.49 72.9375
73.347 73.5005
73.256 73.6965
73.138 74.4435
73.5265 74.438
73.739 74.846
74.0795 75.658
74.1985 76.0975
74.1795 76.4145
74.8785 76.5605
75.075 77.156
75.451 77.5985
75.2575 76.9925
75.466 77.0815
75.8705 77.247
76.0155 77.349
76.5265 77.292
76.6335 76.596
76.359 76.4785
76.798 76.6485
76.952 76.82
77.088 77.3905
76.676 76.623
76.276 75.094
76.7205 75.219
76.556 75.6515
77.178 75.7825
76.774 75.5015
77.121 75.662
76.201 74.1285
76.8 73.7065
76.3365 74.363
76.7665 74.9435
76.415 75.0545
76.623 75.799
76.7995 75.177
76.5925 75.0675
75.7565 75.427
75.9865 75.0335
75.8475 75.5155
76.551 76.2495
76.105 76.434
77.036 76.5505
76.871 76.388
76.7965 76.346
76.4265 76.4725
76.4445 77.26
75.5605 76.366
76.6305 76.872
76.514 76.4465
75.6265 75.919
76.135 75.961
76.282 75.668
76.637 75.9335
76.9325 76.6345
77.0235 76.484
76.7615 76.7085
76.7375 75.6445
75.955 75.8505
75.672 75.3435
75.79 74.919
75.6885 74.6725
76.258 75.133
76.8785 75.608
76.999 75.5505
77.044 76.168
77.721 76.1105
77.826 76.878
77.5 76.764
78.007 77.093
78.085 77.1605
77.546 76.0635
77.0345 76.023
76.1045 75.6505
76.802 75.701
76.7445 75.754
76.5445 75.922
76.408 75.768
77.029 75.874
76.256 76.489
75.9955 76.2525
76.2905 76.4945
76.6055 76.0795
76.894 76.3445
77.458 76.7565
77.8555 76.545
78.097 77.1945
77.5975 77.47
76.561 76.7595
76.7455 76.7655
77.036 77.572
77.5515 78.586
77.97 77.867
78.5335 77.5535
77.5055 76.8645
78.378 76.373
78.4135 76.5485
78.4865 76.48
78.429 76.5265
78.1795 76.8735
77.32 76.4325
77.0055 76.6355
77.4715 76.614
77.9605 76.5215
77.245 76.242
76.1395 74.7865
75.8775 74.409
75.0865 74.627
74.979 74.6655
75.2885 73.8395
74.944 73.962
74.9055 75.014
74.6665 74.54
74.722 74.324
75.335 74.539
74.9375 74.8345
75.3425 75.116
75.2955 74.857
74.135 73.825
74.4665 74.1875
74.0305 73.4755
73.482 73.6175
73.598 73.5795
73.5135 74.2695
74.412 74.403
74.2805 74.155
74.2385 73.6615
74.3255 73.689
74.2615 73.309
73.653 73.082
74.0985 73.3795
74.6555 73.5345
74.9565 73.835
75.351 73.9465
74.702 74.058
75.0675 74.047
75.24 74.0485
74.467 74.6135
74.6425 73.9475
73.823 73.518
73.2315 74.4465
72.969 75.0985
73.331 74.8785
72.4735 74.5835
72.961 74.075
72.853 73.682
73.1715 73.983
72.8825 72.953
72.8955 73.4385
73.43 73.2845
72.9175 73.172
72.535 72.8725
73.282 72.6515
73.8665 73.086
74.312 73.7335
74.798 73.9385
74.5685 73.6075
74.69 73.1815
75.1885 73.367
75.276 73.9745
75.7995 73.7185
74.2775 72.071
74.2805 72.7335
74.388 73.0935
74.4035 73.91
73.2065 73.542
73.076 73.705
73.4145 74.193
73.084 74.384
72.196 73.51
72.1635 73.458
72.277 72.951
73.396 73.007
73.3455 72.653
73.5595 72.336
72.5725 71.371
72.297 71.769
71.848 70.9935
71.4385 71.013
70.7315 70.7645
70.828 70.8575
70.794 70.6545
70.783 71.3225
71.244 71.755
71.226 72.338
71.683 72.1245
70.8655 71.07
71.198 71.007
71.9425 71.049
70.851 69.9505
68.956 68.969
69.6475 68.9095
69.532 69.033
69.1515 69.5885
68.552 69.37
67.8595 69.9305
68.6275 69.7165
68.904 68.5665
68.879 68.6525
69.3795 68.5935
68.462 67.281
68.6265 66.8105
69.105 66.7955
68.7765 66.607
69.106 67.062
68.9235 67.413
69.262 67.928
69.5235 68.6745
70.019 68.1755
70.6885 68.7865
70.201 68.796
70.423 68.617
70.6025 68.5255
69.924 68.0105
70.144 67.9225
69.961 68.304
69.0235 69.0615
68.937 69.8435
69.537 70.545
70.016 70.085
69.9915 69.839
70.5325 70.011
70.514 70.047
70.9515 70.4745
70.3515 70.7015
70.4395 70.8205
70.3665 70.5025
70.586 70.0085
70.373 69.7935
70.438 69.2335
70.485 69.418
70.88 69.247
70.9975 69.084
71.3265 68.8755
71.225 68.742
71.3435 68.2285
70.8785 68.002
70.745 68.447
69.498 67.6445
69.328 67.6095
68.9925 67.9515
68.814 68.385
69.4615 68.2605
69.665 67.917
68.693 68.3535
68.916 67.7235
69.4405 68.3235
69.492 68.561
68.4475 67.5395
67.4735 67.8475
67.73 67.459
67.5095 66.527
68.0455 66.8685
68.0815 67.485
68.512 67.273
68.8665 67.268
69.9885 67.5315
69.038 66.8955
68.725 66.553
68.1575 67.673
68.5705 67.4635
68.237 67.429
68.25 67.5045
67.952 67.3345
68.2805 68.102
68.6205 67.5865
68.0975 66.9035
68.0465 66.8765
68.1235 67.2115
69.133 67.22
69.019 66.8565
69.4935 66.972
69.512 67.6125
69.352 67.568
69.039 67.5115
69.323 67.076
69.669 66.979
68.813 66.1305
69.013 66.316
68.6255 67.0015
69.123 67.6785
69.0145 68.3165
68.974 68.566
69.2915 68.405
69.42 69.3835
69.194 69.5495
68.319 68.938
68.6235 69.0495
68.3345 69.099
68.1335 68.6625
68.029 68.714
68.294 69.214
67.486 68.7815
67.7045 68.205
67.259 67.995
67.0725 67.724
67.1645 67.2575
67.017 67.5285
67.1915 66.7285
67.659 67.4885
68.363 67.671
67.5015 66.3095
67.453 67.1825
67.741 67.1275
67.8265 67.356
67.9655 66.9265
67.174 66.2025
67.3995 66.3045
66.8905 66.309
67.2895 66.379
67.2055 67.0695
68.051 67.4315
67.836 67.327
67.9805 67.428
67.347 66.931
67.01 66.211
66.8995 65.479
66.3465 64.729
66.132 64.213
65.9565 64.281
66.0835 65.1125
66.1455 65.299
66.0345 65.1365
65.607 65.415
65.143 64.865
64.582 63.936
65.045 63.9645
65.2725 64.5265
65.563 64.4935
65.5255 64.072
65.341 64.514
65.1525 64.3935
65.3275 64.462
65.9055 64.581
64.465 63.386
65.0445 63.665
65.283 63.8865
65.387 64.0195
65.2955 64.1595
63.926 62.8485
64.0745 63.987
63.7145 63.7835
63.9705 64.562
64.167 64.8875
64.181 66.099
64.5925 66.219
64.8555 65.892
64.9565 66.378
64.7305 65.9185
64.814 66.4975
65.2285 67.0795
64.4005 65.733
64.5255 64.8975
64.5795 64.281
64.9055 65.0235
65.0585 64.89
64.8005 65.3795
64.9975 66.0005
65.224 66.1525
66.016 65.892
66.078 66.081
66.6505 66.187
66.5285 66.0045
66.095 66.226
66.676 65.9965
66.424 66.4285
67.2205 66.5565
67.5155 66.3635
67.6385 66.6175
67.7975 66.751
68.0645 67.0175
68.057 66.7945
68.388 67.028
67.4465 66.7595
67.465 66.915
67.357 67.685
67.6275 67.2995
67.032 68.1105
67.5715 67.589
68.812 67.914
68.852 67.9855
69.2955 68.3615
69.2715 68.4025
69.457 68.4885
69.5215 68.875
69.4285 69.1575
68.117 68.574
68.0625 68.7435
68.2965 69.0005
68.3865 69.254
67.664 68.4575
67.6365 68.204
68.023 68.4785
67.5325 68.3655
67.7175 68.927
68.31 69.166
69.105 69.2585
69.735 69.684
69.097 69.89
69.3115 69.783
69.9745 70.213
69.7985 70.4125
70.0365 70.404
68.644 69.217
68.263 69.529
68.412 69.064
68.739 68.847
68.179 68.106
68.3855 67.9765
69.0915 68.4435
69.0995 69.209
69.0165 68.8685
67.903 67.918
67.4145 67.7075
66.9345 67.512
67.013 67.921
67.0865 67.716
66.7505 67.67
67.0975 67.7635
67.1955 68.2325
67.23 68.147
67.2615 67.6425
67.3365 68.059
67.731 68.2635
67.357 68.375
67.7445 67.729
67.944 67.4295
67.6635 67.4015
68.249 67.2215
68.848 67.382
68.841 67.6385
68.7455 67.0525
68.917 67.1885
68.9255 67.8765
69.344 68.1
69.389 68.187
69.2355 68.344
68.759 68.326
68.377 67.6195
68.1985 67.118
68.1755 66.7675
68.1325 66.9315
68.0045 67.256
67.2295 66.38
66.2275 66.274
66.4405 67.111
66.171 66.9695
66.8215 67.0795
66.495 67.667
66.473 67.399
66.0715 66.3125
66.7165 66.894
67.087 66.8385
66.903 66.631
67.3495 66.326
68.434 66.165
68.5865 66.5535
68.094 67.115
68.623 66.805
68.008 66.2415
68.0175 66.226
68.082 66.262
67.827 66.0925
67.728 66.8915
67.9945 67.4165
67.427 67.259
68.048 67.7855
67.742 67.5785
67.592 67.392
68.3495 67.296
67.866 67.6585
68.3535 68.005
68.5415 67.359
68.6745 67.496
68.324 66.8615
69.0605 67.585
68.3425 67.554
67.68 67.849
68.6005 68.4915
68.378 68.015
68.595 68.261
68.2115 68.005
68.3475 68.193
68.09 68.195
68.503 68.4195
68.6315 68.6685
68.125 67.6315
68.0835 68.191
67.969 69.053
68.9205 69.1295
68.392 68.2335
68.705 68.765
68.951 68.8635
68.979 68.4995
68.394 69.4495
68.686 69.511
67.6245 69.463
68.215 69.6745
69.021 70.0555
68.761 69.8195
68.4895 70.8855
68.988 71.3205
69.8195 70.396
70.4705 70.359
71.192 70.8175
71.073 70.6925
70.904 70.797
70.9985 70.8475
71.178 70.504
70.69 70.139
70.571 70.6025
70.5915 70.6025
70.7015 70.9865
70.1265 71.686
69.3425 70.229
69.8665 69.713
70.2235 69.7085
70.299 70.0905
69.756 70.3205
70.1025 70.247
70.5145 70.147
70.632 69.9385
70.92 69.3815
70.0095 68.98
69.427 68.501
69.242 68.892
69.336 68.5
69.658 68.4895
70.153 68.386
69.835 68.7005
69.76 68.521
69.6235 69.135
69.8745 69.278
69.982 69.3185
69.291 69.5785
69.404 69.959
69.8635 69.8825
69.6005 69.826
70.0845 69.7365
69.829 69.3165
70.081 69.4115
70.5075 70.6965
70.2075 70.696
70.474 70.585
70.4345 70.0755
71.121 69.649
70.6495 69.6855
69.884 69.8265
70.3955 70.381
70.7995 70.5895
70.999 71.261
71.2285 71.017
72.3115 71.3885
71.5535 71.6805
71.828 71.5135
72.2325 71.4605
72.443 72.275
72.724 72.7085
72.955 73.51
73.2325 73.7045
73.665 73.5455
73.9955 73.3485
73.4145 73.053
73.043 72.586
73.464 72.59
74.1025 73.0565
73.085 72.4855
72.983 72.3195
72.838 72.7115
73.4365 72.924
73.2145 73.544
73.3285 72.916
72.767 72.5285
72.9435 72.4605
72.8405 73.572
72.7775 73.342
71.717 72.7285
70.2245 71.1735
70.495 71.435
70.295 71.1985
70.519 70.873
71.1695 70.5105
71.494 70.9975
71.3275 71.505
70.9295 70.662
71.0955 70.6885
71.3955 70.786
71.737 70.605
71.497 71.0895
71.818 71.267
71.1205 71.496
71.37 71.3775
70.7945 71.5595
71.084 71.212
70.742 70.5405
71.76 70.6795
71.9395 70.855
71.33 70.5915
70.96 70.877
71 71.1315
71.431 71.5685
71.9425 71.0425
72.0545 71.122
71.9535 71.0825
71.539 71.16
71.738 71.2475
71.3755 70.866
71.727 70.7535
72.6905 70.714
73.1845 70.981
72.547 70.9885
72.5845 70.392
72.426 70.2855
72.3765 70.498
72.674 70.8705
73.051 72.145
72.8275 71.5925
72.071 71.981
71.7995 72.245
71.781 71.7885
71.43 72.602
71.7835 72.91
71.652 73.042
72.095 72.502
72.184 72.715
72.154 72.712
72.413 71.966
72.5465 72.2675
72.7855 72.052
72.3195 72.8955
72.564 73.367
73.273 73.1385
72.472 72.6275
72.4185 72.258
71.446 70.7725
71.3215 70.4185
70.9025 71.1675
70.652 70.93
70.82 71.152
71.299 71.301
71.151 71.1395
70.765 70.7725
70.83 71.08
71.0685 71.3555
70.8395 71.0915
71.1295 70.871
70.9815 70.5725
71.1475 70.6485
71.413 70.496
71.922 70.4115
72.274 70.898
71.9225 71.3735
70.8565 71.4225
70.96 72.804
70.8505 73.244
71.528 73.0865
71.051 73.43
70.6865 73.138
70.6515 73.4355
70.6065 72.4345
70.724 71.7385
70.488 72.194
71.1575 71.995
71.911 71.78
71.8945 71.5395
72.802 71.798
72.615 71.9295
71.959 72.0775
72.2005 72.312
72.343 72.1175
73.035 72.1015
73.9985 72.081
74.1225 72.171
74.5235 72.7665
74.1925 72.83
73.9385 72.921
74.4295 73.6405
74.638 74.1855
74.564 74.602
74.6865 74.698
74.2515 74.638
74.7255 74.4155
74.868 75.474
74.366 75.699
74.331 75.8775
74.522 74.9045
74.8705 75.615
74.726 74.0805
74.6625 74.281
75.456 74.9345
75.417 75.241
75.319 75.495
75.151 75.348
74.7345 75.359
73.308 74.1005
72.5335 74.535
72.4685 74.7125
72.477 74.333
72.6115 74.645
72.107 74.3495
72.296 74.173
72.2755 74.031
72.772 74.337
72.7935 74.009
72.4855 74.2785
73.079 73.9885
73.47 73.9915
74.241 73.59
74.3325 74.0835
73.1755 73.071
73.2025 72.8135
72.7575 72.901
71.6055 72.0375
70.738 72.41
69.892 72.098
70.3315 71.9915
70.241 72.2915
71.526 72.3895
71.68 71.644
71.668 71.7735
72.8415 71.926
72.577 71.987
72.8235 71.607
72.7985 72.1025
72.007 72.1605
71.5895 70.6755
71.482 70.967
70.6885 70.1945
70.8195 70.138
71.174 69.896
70.96 70.1535
71.167 70.1725
70.0445 69.4185
70.722 69.8245
70.9915 69.943
69.4915 69.1525
69.9095 69.474
70.456 69.5725
70.943 69.7435
70.6845 70.1645
71.4325 70.663
71.0815 71.0615
70.6625 72.1615
70.555 71.796
70.4605 72.0225
70.6855 71.385
70.685 71.3435
70.7855 71.5335
71.496 71.394
71.438 71.713
71.82 72.273
71.6005 72.484
71.7465 73.093
71.5055 73.171
71.9885 73.4165
72.733 73.9395
70.619 72.0615
70.7975 71.7685
70.8345 71.1585
70.978 70.799
71.574 70.865
71.808 71.2585
71.837 70.718
71.211 71.2975
71.5775 71.0615
71.0795 70.4125
71.2115 70.559
71.1335 70.736
72.239 70.333
71.672 71.2095
71.5125 70.812
71.76 71.146
71.6 71.046
71.1055 71.0975
70.874 70.92
71.0965 71.39
70.9775 71.358
71.3255 71.123
69.921 69.668
70.202 70.625
70.6235 70.9045
70.1945 71.0235
70.7665 70.9325
71.017 71.0795
70.989 70.891
71.172 71.493
70.87 70.8925
70.077 70.977
70.6875 71.316
71.0335 71.6325
71.1985 71.483
71.173 71.3565
71.226 72.0425
71.4865 72.0655
71.147 72.721
71.4435 73.15
71.23 72.6655
71.6835 72.6045
71.847 72.731
71.708 72.8595
71.763 72.413
72.088 72.738
72.2745 72.266
72.6395 71.736
72.448 71.728
73.0635 71.5905
74.2125 71.552
73.908 72.169
74.693 72.755
74.4415 73.8085
74.582 73.6675
74.912 73.8115
75.19 74.1325
75.043 74.9895
74.1785 73.7255
74.6935 73.449
74.8315 73.833
74.5925 73.6525
74.759 73.907
74.3005 73.944
72.877 71.883
72.372 71.8625
71.757 71.3945
71.4895 71.413
71.9665 71.8385
71.7865 71.744
71.8325 72.3805
71.4625 73.4225
71.2605 72.0265
70.964 71.6895
71.359 71.818
71.6755 71.49
71.8705 71.8235
71.556 71.3405
71.426 70.6165
71.587 70.359
71.667 70.8475
69.952 69.8725
70.714 69.91
70.206 69.2615
70.2335 69.1535
69.912 69.1295
69.219 68.9685
68.678 69.6625
69.831 69.5455
69.8235 69.9485
69.607 70.3615
70.045 70.8855
70.239 70.791
70.187 70.664
68.756 69.388
68.975 69.605
69.4045 69.716
69.8595 69.331
70.1285 69.4585
70.331 69.692
70.225 70.3265
70.187 70.847
70.863 71.012
71.3025 71.411
71.6135 71.18
71.9815 71.5305
71.708 70.8605
71.5335 71.066
71.228 71.5065
71.3535 70.958
71.565 70.935
71.231 71.0195
71.7995 71.0025
71.4645 70.49
71.599 70.978
71.9645 70.211
70.614 69.3625
69.8705 70.056
69.4395 70.1565
69.203 70.2525
69.249 70.7615
68.2745 69.668
68.7605 69.6165
68.846 69.661
68.937 70.453
69.241 70.6635
69.18 70.7235
69.5295 70.3445
68.394 69.1975
68.5655 68.672
68.724 68.4395
68.208 69.151
68.253 69.1
68.423 69.5085
68.397 69.504
67.4935 68.4805
67.2045 68.194
67.7055 67.407
67.797 67.725
67.8415 67.463
68.324 68.5345
68.5375 68.681
68.4975 68.663
67.7945 67.9465
68.3665 68.454
68.425 69.102
69.1595 68.797
70.02 69.046
69.177 68.989
69.3955 69.5345
68.9245 70.75
69.032 70.5625
67.891 69.2735
68.104 68.6975
67.7535 68.563
67.6675 68.6125
67.783 69.053
68.176 69.183
68.259 68.8175
67.8215 68.9115
67.773 68.1995
67.743 67.8795
67.8535 68.244
68.031 68.6545
68.111 68.9015
67.921 69.204
68.818 68.9235
68.886 68.8285
69.001 69.1985
68.8905 69.8655
68.181 70.114
67.8425 70.038
68.249 69.4415
68.151 69.6325
68.535 69.8585
68.6825 69.676
68.197 70.144
67.983 69.186
67.769 69.2035
66.5705 68.2005
66.816 68.911
66.219 67.8775
66.5665 68.017
66.546 68.3795
66.445 67.9005
67.2405 67.985
67.435 67.7585
68.0605 68.721
68.5615 68.317
68.3005 68.218
68.7895 67.9985
68.8695 68.4075
68.995 69.073
69.0305 69.228
68.393 67.7785
68.7295 68.2995
68.6905 68.1845
69.05 68.436
67.856 67.06
67.6535 67.419
67.9075 67.603
67.648 67.8845
67.435 68.0325
66.8245 67.8635
66.8045 67.5335
66.1625 67.0985
66.8415 67.369
67.1795 66.8255
67.609 67.3155
68.0225 68.0755
67.0035 67.1645
64.825 64.657
65.1775 64.4605
65.877 64.7165
66.039 64.6895
66.0115 65.127
66.584 65.019
66.6545 64.6725
66.884 64.5355
66.243 64.6135
66.325 64.384
66.156 64.1915
65.9505 64.132
65.88 64.37
66.122 64.3995
66.551 64.6275
66.408 65.281
66.909 65.909
66.21 66.154
66.435 66.1595
67.2485 65.8345
67.222 66.1345
67.285 66.5085
67.2645 66.7785
66.6025 66.9705
66.488 67.2135
66.351 67.1355
65.922 66.893
65.302 67.093
64.933 66.6205
65.193 66.3415
65.9775 66.5925
66.1635 66.328
66.3105 66.696
65.654 67.502
65.5845 67.4515
66.4085 66.714
66.7365 66.928
67.0885 66.743
67.195 66.948
67.107 67.418
66.263 66.488
66.2055 66.515
66.1215 66.905
65.458 66.6145
64.833 66.0055
65.0635 65.446
65.7625 66.3065
66.258 66.388
66.4485 66.065
66.4485 65.684
66.1825 65.739
66.3415 65.267
66.61 65.593
65.985 65.258
66.259 65.062
65.83 64.6985
65.438 64.342
66.2415 64.794
65.281 64.823
65.5075 64.961
66.4665 65.6125
66.1585 65.833
66.317 65.8495
66.7895 65.7655
66.512 65.9265
66.9335 66.1925
67.455 65.7865
67.206 65.3275
66.896 65.5605
66.4355 66.2085
66.647 67.12
66.4725 67.6495
67.069 67.7875
67.3015 68.0245
67.534 68.5005
68.3305 69.1715
67.1885 68.6075
67.4805 68.7395
67.5525 68.3625
66.5815 68.0675
66.292 67.6265
65.621 67.845
66.262 67.0645
66.2485 67.7075
66.4045 67.578
66.525 67.479
66.265 67.2675
67.0605 67.07
66.7805 66.895
66.688 67.1065
67.456 66.252
67.5455 66.492
67.847 66.132
68.3985 66.0175
68.7835 65.765
68.9815 65.849
68.8255 65.9185
69.267 66.699
68.8855 67.502
68.6795 67.204
68.878 67.511
68.856 67.9175
68.856 67.5505
68.719 67.4925
68.9755 66.7355
69.444 66.713
69.176 67.477
69.3845 67.0635
70.316 66.784
70.8565 67.0805
70.4575 67.285
69.8445 67.865
70.191 68.5515
69.7465 69.321
70.063 68.915
70.601 68.836
68.727 67.738
68.569 67.922
68.8565 67.448
69.239 67.9925
69.135 68.6705
68.898 68.8215
69.0345 68.4
69.0105 68.693
69.093 68.4525
69.578 68.2395
69.2355 67.958
69.5165 67.952
69.3915 67.9275
68.206 67.323
66.6565 66.7495
66.691 66.8985
66.5765 67.148
66.8385 67.0565
66.755 67.463
67.1175 67.0045
67.9425 66.5855
68.31 66.8485
68.3265 66.9575
68.3585 66.422
68.981 66.432
68.9905 66.342
68.7735 66.347
67.919 66.78
68.3965 66.8685
67.9665 67.272
68.204 67.43
67.6655 67.9815
67.2755 68.1575
67.668 68.4145
68.012 68.0675
68.175 68.066
67.0615 67.0275
67.1925 67.0555
67.5085 67.422
67.856 67.77
68.2405 66.918
68.269 66.7795
68.108 66.7205
67.8315 66.5855
68.077 66.772
67.7895 67.6525
67.249 67.832
67.4575 67.882
67.6495 67.503
67.419 67.7435
68.0535 67.3255
67.637 67.285
67.8325 67.5765
67.665 68.051
67.4135 68.2865
68.6935 68.3695
69.087 68.8585
68.926 68.7245
68.89 68.708
69.2505 68.5825
70.1355 69.021
70.134 69.3045
69.8775 69.6075
68.967 69.4125
69.182 69.4545
69.572 69.6975
68.756 69.7075
68.6185 69.8205
68.6495 69.1595
68.921 70.4135
68.93 70.1175
69.0245 69.6325
69.323 69.636
69.461 69.022
69.823 68.5135
69.1095 67.525
69.121 67.354
69.257 67.6965
68.8455 67.729
68.8085 67.691
68.6255 68.1215
68.2855 68.2705
68.6165 67.8925
68.782 68.5365
69.356 69.3785
69.516 68.455
69.1305 68.5
68.83 68.5355
68.948 68.2595
69.6565 67.525
68.3185 67.404
66.883 67.3615
67.4775 67.34
67.726 67.7055
68.198 68.315
68.1675 68.798
68.646 69.334
68.061 68.494
68.3875 68.807
68.8115 69.8115
68.325 69.742
68.9795 69.6285
69.271 69.894
68.562 68.3125
68.6485 68.066
68.783 68.408
68.5435 68.5545
69.1045 69.4955
68.31 68.1605
68.0725 68.472
67.3085 68.0635
67.4265 68.157
67.9755 68.1725
68.315 68.3455
67.7895 68.8735
66.9285 68.4545
67.1 68.097
67.373 68.1315
67.433 68.328
67.3955 68.802
67.5115 68.3575
67.0705 67.815
66.992 67.276
67.578 67.6325
67.5105 66.812
67.285 66.943
68.2685 65.8865
68.946 66.317
68.386 66.382
68.11 66.1635
68.073 65.547
67.549 65.824
67.845 66.676
67.1105 66.6525
67.2965 66.125
66.9825 66.457
66.559 66.1605
66.458 66.0625
66.245 66.0525
66.859 66.482
67.1005 66.6815
66.7635 67.3175
67.395 67.0585
66.7795 67.2635
66.6215 67.084
66.355 67.594
66.9845 67.1635
67.088 66.9365
67.589 66.857
67.274 66.7525
66.8125 67.259
66.4425 68.123
66.243 68.557
66.344 69.3055
64.8595 66.8845
65.257 66.383
65.263 66.4615
64.998 65.9385
64.5675 65.886
64.5775 65.715
64.6525 65.5695
64.643 65.1845
65.017 64.7565
65.1075 64.6695
65.1995 65.2435
64.581 64.9685
64.868 65.6725
63.89 64.9225
63.4975 63.6535
63.3785 63.739
63.433 64.9785
63.4595 64.2745
63.7505 64.3765
63.433 64.394
63.192 64.5435
63.905 64.4135
63.917 64.8545
63.802 64.864
63.5555 64.6785
62.551 63.281
62.182 63.4065
62.462 62.878
62.551 62.7775
62.261 62.518
62.574 62.086
62.62 62.174
62.456 62.072
63.094 62.4065
63.3045 62.3325
63.5795 62.1035
63.1135 62.3575
63.195 61.948
62.6805 61.9225
62.091 61.734
61.6285 62.136
62.4505 62.1005
61.689 62.614
62.248 62.2795
62.2735 62.2025
62.5815 62.14
62.973 61.937
63.299 61.8075
62.973 62.2755
62.5605 62.2605
62.469 62.5125
62.5515 62.9295
63.1975 63.1765
62.8615 63.2485
62.8615 63.1465
63.5745 63.116
63.737 63.252
63.6815 63.112
63.3735 63.809
63.6395 64.0345
63.8815 63.6845
63.9465 63.7745
63.946 64.103
64.278 64.265
62.8405 63.2605
62.899 63.443
63.438 63.4715
63.3075 63.767
62.4285 63.1965
62.668 62.864
62.4 62.6585
62.47 63.0445
62.787 62.964
62.8805 62.9855
62.8605 62.7355
63.5185 63.058
63.995 63.2295
63.576 63.673
63.3575 63.915
63.697 64.429
64.188 65.2245
64.4685 64.718
64.5615 65.1225
65.9665 65.0805
66.065 65.905
66.654 66.14
66.5015 66.1685
67.2925 66.4575
67.6355 66.893
67.856 67.805
67.8415 67.9085
67.876 68.1145
68.1865 67.873
68.1755 67.375
68.2665 67.724
67.4225 67.7785
67.5325 69.031
67.7755 69.4825
68.1995 69.0555
68.1225 69.634
67.234 68.027
67.331 68.566
67.355 68.686
67.847 68.527
67.8295 69.0015
67.3065 68.4595
67.008 68.5715
67.2665 67.89
67.214 68.4585
67.481 68.36
67.818 68.392
68.1055 68.785
68.7055 68.4935
69.4515 68.6675
69.409 69.159
70.237 69.2015
70.1795 69.896
70.431 69.7505
70.7425 69.979
70.8945 70.3435
71.6165 71.291
71.6865 72.203
72.1115 71.6745
72.876 72.81
72.9265 73.023
73.2695 72.698
73.3075 72.7495
73.695 72.6595
74.1745 72.643
73.715 73.3465
73.295 73.05
73.5625 73.2105
73.583 73.543
74.961 73.3775
74.666 73.4145
75.034 74.5945
75.114 75.0535
75.5255 75.612
75.6015 75.7535
74.696 75.3095
75.6275 75.335
75.451 75.077
75.158 75.4685
74.9455 75.2745
74.994 75.4295
74.558 74.8795
74.953 75.9755
74.285 74.3165
74.684 75.018
74.5525 76.0575
75.425 76.1035
75.4055 76.8315
75.38 77.09
75.4305 77.8435
75.9475 77.81
75.307 76.8545
75.189 77.0685
74.734 77.5305
75.19 77.046
75.7825 76.3055
75.7815 76.271
75.4755 76.349
75.8 76.318
76.0195 76.1265
76.1395 76.05
75.405 76.099
75.618 76.162
75.457 77.1085
74.9705 77.368
75.91 76.845
75.8605 76.2025
76.779 76.603
74.9085 75.1995
74.6815 75.063
73.4735 73.802
73.802 74.2145
73.607 74.938
73.534 75.187
73.42 73.892
73.24 73.688
73.6135 73.985
74.531 74.4935
74.4835 74.9925
74.8535 74.8555
76.0575 75.4975
75.7305 75.019
75.425 74.8985
74.968 75.2115
75.932 74.894
75.1385 74.952
74.9325 73.9105
75.1605 74.0465
74.9495 74.183
74.309 74.499
74.9415 74.4325
74.9355 74.6585
74.548 73.8265
74.173 74.507
74.406 74.541
73.429 73.3235
73.717 73.496
73.83 73.3905
73.9025 73.645
73.4865 74.3
73.1555 74.223
72.9015 74.401
72.8385 74.358
72.4145 74.3425
73.1515 74.248
73.787 73.803
73.657 73.1805
73.4925 73.6505
72.7895 73.674
73.215 74.4035
73.189 74.429
71.8765 73.876
72.2395 73.9475
73.008 73.3145
72.063 72.74
71.7495 72.2185
71.5365 72.1925
71.55 72.561
71.505 72.3225
70.1435 71.022
69.944 71.633
70.55 72.322
70.997 72.4585
70.4095 71.918
70.3095 71.156
70.605 70.6885
70.6935 70.2665
70.59 70.9045
71.0585 70.6925
71.391 70.66
70.1015 69.0285
70.57 68.56
70.1375 69.081
68.26 68.2765
68.7725 69.152
68.757 69.2475
68.775 69.6635
69.276 69.772
69.31 70.106
69.3285 70.434
69.5435 69.9875
70.2445 69.8245
70.2845 69.738
71.0355 69.7905
70.965 70.6015
71.311 70.989
71.259 70.423
71.252 70.9515
71.071 71.6715
71.0105 71.9605
71.451 72.221
71.625 72.302
72.052 72.7485
71.9025 72.862
72.021 72.533
72.625 72.148
72.9295 72.3415
72.8435 73.055
73.552 73.4105
73.618 73.723
73.3 73.2245
73.5055 73.3215
73.304 74.1365
73.0495 74.3925
73.459 74.262
73.9905 74.041
73.898 73.8165
74.424 74.5285
74.812 74.785
75.489 74.445
75.2895 74.741
75.8545 74.476
75.8045 74.481
75.397 74.625
75.2465 74.2665
75.6405 75.639
74.6455 74.959
75.5625 75.2405
75.8565 75.113
75.9585 75.5865
76.8935 76.8055
77.4455 76.7
77.494 77.0175
76.7145 77.5205
77.1515 77.8375
77.061 76.8055
77.0555 76.1185
77.7685 76.074
77.6165 76.3205
78.012 76.6535
77.774 75.585
77.563 74.9525
76.6125 74.301
75.7235 74.253
75.1165 74.221
75.147 74.7285
74.1085 73.6485
74.413 73.6195
75.1595 73.576
74.6975 74.3695
74.706 74.2035
75.5155 74.734
76.3035 75.6395
76.0885 75.077
76.6555 75.303
76.534 75.9495
76.4675 75.921
76.9885 76.984
76.8335 76.5565
76.7045 76.187
76.673 76.887
76.8185 77.087
76.8695 76.391
77.1925 77.4685
77.712 77.98
76.8375 78.3395
77.003 78.759
77.1895 78.713
77.142 78.668
77.6145 79.9075
78.7165 79.635
79.139 79.333
79.558 79.486
80.3055 79.44
79.581 80.1965
79.562 80.9945
79.7575 81.2205
79.1955 81.6285
79.3375 81.509
79.893 81.15
81.0455 81.6905
80.779 81.579
81.0255 81.314
80.6815 81.1285
80.49 81.084
80.672 81.0345
80.589 81.3595
80.4985 81.836
80.323 82.293
79.753 81.4935
79.7815 80.4185
80.6705 79.9165
79.7145 79.741
78.879 79.987
79.641 80.74
79.5655 80.823
79.461 80.8345
79.4185 80.604
79.675 80.3375
79.2585 80.12
79.3305 79.827
78.465 79.635
78.6335 79.378
77.982 78.907
78.306 79.5425
78.835 79.6695
78.1595 80.147
78.1815 80.421
79.12 80.497
79.327 80.7755
79.2015 80.9
79.486 80.0085
78.7215 78.8465
79.408 79.1475
78.898 79.3265
79.426 79.759
79.278 79.0355
79.95 80.214
79.9565 80.0705
79.236 79.656
79.284 79.783
79.967 79.464
79.457 78.925
78.6325 78.4585
78.51 78.9495
78.769 79.294
78.997 79.802
79.0245 80.087
78.996 79.9015
79.5755 79.9735
79.579 80.7605
79.9435 80.6105
80.257 80.7505
79.7265 80.438
80.012 80.556
79.7445 80.3925
79.4685 80.2615
79.553 80.186
80.1095 79.9715
79.7695 79.675
80.1655 79.223
79.571 79.6145
79.8715 79.5875
79.9975 79.664
80.6905 79.026
80.164 79.519
80.575 80.1055
80.9855 79.6795
80.8875 78.5975
80.652 79.888
80.6615 79.583
80.3325 80.2685
80.869 80.8845
80.741 81.1715
80.649 81.168
79.65 80.4175
79.759 80.381
79.7285 80.1985
78.5455 78.875
78.1565 78.4165
78.9515 78.219
78.4915 78.8555
77.7535 79.198
78.4305 79.2925
78.5275 79.679
79.613 80.605
80.0705 81.057
80.124 81.094
79.9255 80.73
79.4345 80.7855
79.21 81.0025
79.6105 81.287
80.0505 80.9285
80.6145 81.04
79.357 79.866
79.4935 80.032
79.2485 80.487
79.8035 80.308
79.768 80.753
80.294 81.5735
80.3815 81.718
80.958 81.578
81.1895 82.5615
81.014 83.442
80.8735 82.8555
79.742 81.3825
79.1625 79.7125
78.929 80.004
79.1285 79.6135
79.4685 79.5965
78.672 79.2655
78.675 79.343
77.4825 77.403
77.2725 77.724
78.5785 78.0075
78.76 77.9355
78.466 78.8145
78.4015 78.819
78.357 79.023
78.6235 79.107
78.323 78.4435
78.4335 79.008
79.012 78.46
78.992 78.433
78.812 78.2605
78.9365 76.816
78.796 77.832
78.611 77.72
78.054 77.6505
77.581 77.13
77.3705 77.2345
77.5035 76.4855
76.7175 76.313
77.1035 76.066
76.512 75.9425
76.3915 76.003
75.9065 76.8195
74.7645 75.681
75.249 76.0985
75.5055 76.3295
75.4285 76.061
75.7275 76.105
76.751 76.4565
77.2625 75.865
77.438 76.402
76.6515 76.1965
76.7135 75.789
77.301 76.5145
77.989 76.601
77.7925 76.0895
77.116 76.536
77.479 75.7775
78.121 75.2765
77.9975 75.447
77.7455 75.551
77.405 75.632
77.0745 75.9785
77.334 76.727
77.337 77.048
77.5335 77.916
76.9015 76.9695
77.6995 77.04
77.6305 77.7685
78.0175 77.7695
78.24 79.1855
78.2325 78.9195
77.897 78.184
78.3615 77.824
78.8965 78.0985
78.39 78.1485
78.5135 78.9875
79.0995 79.1715
79.401 79.257
79.715 79.109
80.9015 79.2465
80.2975 78.5655
79.387 78.628
79.795 79.1645
80.206 79.7125
80.2355 79.8285
79.2185 78.7535
79.4155 78.305
80.199 78.6965
79.677 78.387
79.381 78.8735
79.3045 78.2935
79.4795 78.571
79.8775 79.3735
79.8455 79.6595
79.8635 79.4475
80.0965 79.196
79.8665 78.869
80.896 79.4435
80.6525 80.253
80.884 81.223
81.815 81.436
82.3035 81.2085
82.61 81.5525
82.3005 81.2485
82.556 81.028
83.2015 81.073
83.0575 80.9755
82.9495 81.207
81.961 79.661
82.2695 80.4125
81.6935 80.8185
81.5095 81.0855
81.466 81.314
80.431 80.766
81.0195 81.7155
80.389 82.0535
80.9325 81.4805
81.2645 81.1835
80.0825 80.676
80.727 80.892
81.2265 80.6555
81.3635 80.4215
81.609 80.255
81.791 79.9265
81.894 79.9565
81.9005 80.697
81.727 80.858
81.1895 81.1745
81.196 82.1045
81.1635 81.177
82.3535 81.067
82.4335 80.977
82.946 81.3785
83.4715 81.3985
83.328 81.6525
82.627 81.116
82.336 81.216
81.7705 81.5605
82.3155 81.652
82.1125 82.228
82.5715 82.359
83.2115 82.2455
83.537 82.2305
83.558 82.5135
84.121 82.99
82.551 82.4545
82.1275 82.218
82.2165 82.5675
81.534 81.9065
81.1845 81.908
80.068 80.567
78.388 79.257
78.7775 79.238
78.3365 78.3705
77.838 78.4365
77.3765 79.277
77.537 79.397
77.065 78.806
78.2935 78.391
77.8325 78.729
78.8725 78.6685
79.1575 78.1455
79.607 78.2925
78.383 78.0695
78.01 77.678
77.757 77.643
77.8965 78.007
78.0605 78.5445
78.271 78.2295
78.651 78.492
79.4925 79.0225
79.9515 79.194
79.65 78.843
80.021 78.519
79.5665 78.659
79.059 78.694
79.404 78.982
78.9545 78.605
79.327 77.8825
79.563 78.177
79.517 79.03
79.624 79.28
78.797 78.722
79.2635 78.415
79.0455 78.9885
79.318 78.733
79.0765 78.6095
77.96 77.378
78.056 78.3335
78.558 78.521
79.443 78.23
79.482 78.9675
79.038 78.9685
78.675 79.413
79.0615 80.2235
79.0935 80.3785
79.146 80.2935
79.1615 79.9725
79.508 79.6315
79.618 80.7725
79.905 80.887
79.525 79.9015
79.5385 79.9205
78.332 78.7915
77.6605 77.998
76.9095 77.9675
76.6155 76.986
76.207 77.4415
76.769 77.238
76.6135 78.003
76.598 77.567
77.422 77.016
77.0995 76.4785
77.1735 76.412
76.4035 75.5115
76.61 74.799
76.4205 74.3675
76.0605 75.6955
75.343 76.26
75.4035 76.0185
75.5465 76.467
76.1575 76.9235
76.3445 77.199
76.2475 77.6715
76.124 76.8005
76.9445 76.59
76.175 77.076
76.6865 76.923
76.649 76.204
77.294 76.595
77.4715 76.1945
77.5205 76.1795
77.6825 75.945
77.4705 75.652
76.499 75.4615
76.6445 75.1995
77.4745 74.675
76.6545 74.8905
77.0795 75.0245
76.007 74.2195
76.0565 75.161
74.926 75.5625
74.5385 75.73
74.9405 74.901
75.519 74.325
74.2835 73.0305
75.2145 73.584
75.1715 74.76
74.328 74.6715
75.1035 74.504
74.7275 74.752
74.67 75.0125
75.4895 75.5665
75.805 75.2115
74.939 74.197
75.005 73.3715
75.7245 73.3415
73.6935 72.0435
72.966 70.997
72.906 71.52
72.511 72.0025
72.1185 71.8565
72.972 72.194
73.184 72.579
72.655 72.68
72.438 72.33
72.809 72.5635
73.068 72.4475
74.2315 72.7715
72.47 71.7995
72.5175 71.5325
72.996 71.8465
72.71 71.5945
72.714 71.3885
71.7715 70.7445
71.6735 70.7115
71.6805 70.717
71.6215 70.8615
71.015 69.886
70.4915 69.2585
70.4785 68.0405
70.9315 68.8255
70.8585 68.6925
70.8355 69.231
68.974 68.275
69.595 68.781
69.989 68.523
70.417 69.0655
69.782 69.2135
69.8725 68.9625
70.2655 69.3905
69.9435 69.8795
70.776 69.8955
70.415 70.227
71.164 69.898
71.64 70.214
71.917 71.179
72.047 71.414
71.701 71.0915
71.886 71.339
72.0645 71.494
72.178 70.8095
72.581 71.112
72.4565 71.7005
72.447 72.55
73.3355 73.779
72.569 72.736
72.8115 72.2535
72.649 72.098
73.95 71.8465
74.877 71.871
74.9285 71.811
75.0935 71.9535
74.2635 72.4105
73.938 72.275
74.5535 72.246
74.9325 72.594
74.985 73.343
74.903 74.573
74.567 74.9765
75.119 74.739
76.375 74.9295
77.0095 75.871
76.4365 76.275
77.0755 76.798
77.2775 75.8255
77.203 76.768
77.4835 77.1855
77.8045 76.8805
77.1435 76.6275
77.1905 76.4875
77.171 76.425
77.1905 76.0435
77.174 76.243
76.74 76.3645
76.7975 75.8225
76.4685 75.7745
76.9795 75.0155
75.3525 74.6185
75.6525 74.9155
75.6425 75.0955
75.3645 75.147
74.8195 75.321
74.8155 75.1695
74.5875 75.608
74.998 75.7105
75.0295 75.7505
74.88 75.852
74.8975 75.4205
74.2225 75.1615
74.2025 75.9815
74.4105 76.091
74.8395 75.8185
75.5555 76.393
76.0535 76.5225
