100 85 93 87
107 88 90 83
87 88 94 88
98 87 91 102
96 92 93 84
103 91 101 84
98 82 90 85
84 83 86 88
104 86 90 90
100 94 90 85
91 95 89 86
91 93 89 94
98 83 90 91
97 85 89 95
100 94 87 87
94 94 101 91
92 82 87 87
84 82 86 88
100 82 88 84
103 88 93 93
94 95 97 106
109 90 90 83
92 85 92 89
98 105 93 96
94 90 104 93
101 88 88 95
96 86 99 83
105 85 103 94
93 93 95 93
84 86 91 94
96 90 91 97
94 84 88 86
104 93 91 87
94 86 81 86
102 100 92 91
89 95 90 80
95 91 100 89
97 98 95 85
97 110 92 100
93 92 97 86
100 86 92 92
103 84 96 87
88 91 98 84
93 80 87 93
92 90 97 90
100 89 93 88
106 92 108 80
100 82 88 89
93 95 95 90
100 91 106 98
98 102 102 89
94 89 91 85
102 85 98 89
93 87 91 92
97 79 90 96
97 81 91 83
100 94 93 95
110 90 94 92
96 85 102 81
94 86 93 87
98 82 95 91
87 85 91 91
98 80 88 82
101 92 91 83
102 98 89 106
99 85 97 95
104 86 83 94
104 88 96 86
95 89 94 101
96 88 94 86
94 87 89 94
101 86 88 94
101 79 94 89
99 88 95 83
105 84 95 98
101 98 84 93
94 90 92 96
103 89 97 94
96 89 93 90
104 97 91 95
95 90 95 85
102 85 88 89
104 89 97 80
106 89 93 81
104 90 86 90
91 97 89 98
98 86 90 94
96 86 80 87
93 86 102 96
101 84 80 89
93 87 81 87
108 83 87 82
93 80 85 96
86 83 103 85
94 83 99 89
97 88 90 92
108 85 93 97
107 89 91 83
105 90 99 85
84 84 95 91
100 79 98 81
99 83 93 82
101 85 102 96
102 91 97 81
93 86 84 83
96 81 90 88
100 91 89 91
110 79 90 86
92 87 98 80
99 83 97 91
93 94 92 84
89 89 84 82
108 90 91 88
111 86 97 90
93 89 89 98
97 86 91 84
107 94 92 85
95 95 95 93
91 89 95 81
107 84 90 88
92 87 88 85
104 91 92 87
98 95 81 89
95 90 105 100
93 95 92 85
108 91 98 84
89 83 85 100
93 83 85 89
94 77 91 92
106 91 86 91
93 83 99 89
97 98 93 95
106 96 91 93
91 93 98 95
104 89 102 91
86 84 94 94
96 91 85 87
97 84 100 87
97 95 91 88
104 103 81 94
94 91 91 93
107 87 89 88
97 82 99 83
92 86 88 90
95 90 80 80
103 92 80 95
102 95 100 96
102 85 98 92
103 87 84 84
111 87 90 90
89 98 86 95
104 96 85 99
102 84 106 85
96 83 97 85
88 88 82 87
99 91 103 94
99 84 92 81
103 87 99 87
93 85 85 84
102 83 84 96
96 91 97 90
105 91 88 95
93 91 92 92
95 94 86 76
94 85 94 91
95 94 87 89
99 91 99 95
102 89 89 82
107 88 95 87
90 96 94 90
99 88 103 78
102 95 91 87
96 103 97 104
105 80 95 80
93 90 77 86
100 94 89 94
98 91 98 93
95 84 84 97
104 77 96 89
106 89 94 88
102 102 98 88
87 86 90 81
103 91 89 86
111 90 91 95
96 84 84 99
105 95 89 86
105 92 88 89
103 86 85 91
93 90 99 92
99 92 95 94
92 92 86 85
95 89 97 91
100 90 85 91
94 87 92 91
95 82 80 86
95 86 98 98
89 88 97 82
99 91 91 85
96 85 96 98
101 96 96 97
106 92 90 98
101 85 77 91
98 90 101 95
99 89 91 86
108 93 87 87
101 95 95 89
99 80 95 81
93 78 90 86
95 75 89 93
95 94 94 90
101 81 91 102
101 84 91 92
105 90 96 94
101 85 92 89
99 81 99 90
94 93 89 89
96 83 87 91
93 89 102 83
91 80 88 98
102 86 94 81
97 82 95 81
90 79 84 79
105 104 89 98
81 95 101 80
91 101 94 88
101 87 87 92
97 93 87 91
89 79 89 90
100 88 97 99
92 104 89 86
97 89 98 97
98 99 88 92
96 86 91 93
100 95 89 88
112 89 92 92
94 88 87 84
86 82 83 76
100 85 100 93
87 90 92 86
96 89 105 99
95 85 89 83
96 87 92 77
91 94 90 88
96 87 84 92
78 79 77 80
88 83 89 103
101 90 96 83
94 89 91 94
95 86 98 85
96 83 89 81
106 88 94 84
104 95 90 97
98 87 93 89
101 87 92 85
98 89 94 81
94 84 106 87
105 85 95 87
97 97 79 91
100 88 90 85
96 99 91 80
92 80 87 89
102 86 88 89
101 73 94 85
100 89 88 97
104 88 89 87
93 82 90 92
97 102 103 84
91 87 103 102
98 101 96 92
100 99 93 89
103 93 90 85
97 87 99 98
103 80 92 91
99 90 88 97
102 86 92 105
89 95 88 89
104 88 101 79
91 90 100 87
95 82 88 95
93 83 83 88
92 87 86 83
103 85 101 84
101 81 95 97
99 87 83 94
98 90 86 83
83 88 98 90
97 90 96 79
92 83 99 89
98 89 85 88
100 82 87 91
95 90 86 85
100 89 95 92
105 91 82 80
90 91 96 81
95 87 93 96
92 88 97 93
96 93 82 85
93 90 101 92
93 86 90 94
92 86 100 90
101 86 100 84
96 92 89 89
104 86 86 90
93 94 86 93
94 86 87 97
111 90 90 92
103 83 100 93
99 87 93 86
98 94 82 92
93 80 86 83
85 84 90 91
89 87 89 89
108 97 98 87
102 80 81 86
103 85 97 95
90 79 95 90
96 93 86 87
104 84 84 93
109 87 98 84
104 89 84 91
100 87 93 91
104 89 98 90
103 83 99 89
96 92 94 92
98 98 102 93
97 85 91 95
91 92 82 96
100 89 93 92
95 88 98 92
98 91 97 94
84 93 80 82
92 90 84 86
100 85 90 98
85 95 91 93
99 87 102 84
108 95 94 96
103 94 100 93
93 90 94 88
106 89 96 90
102 87 80 101
97 90 98 81
98 90 104 100
102 93 95 102
93 91 91 92
107 90 94 90
92 98 91 99
92 87 96 93
92 95 98 86
97 84 93 93
90 91 101 84
106 85 93 86
100 87 96 94
99 95 86 95
93 86 96 88
94 96 98 82
94 77 78 83
99 89 87 82
96 83 84 93
99 79 92 90
104 90 94 89
99 94 91 85
101 82 93 88
90 91 89 81
90 104 98 100
98 91 92 88
98 85 95 89
101 83 89 90
106 84 90 92
94 92 96 82
106 86 109 83
91 97 90 97
106 83 79 96
97 90 89 79
92 90 92 87
94 83 99 89
105 86 75 86
94 88 85 90
100 91 90 90
107 86 91 95
98 86 92 93
97 91 96 90
94 91 103 79
100 81 97 83
99 81 91 83
101 93 88 90
88 81 83 83
102 82 91 85
103 90 96 95
99 97 93 90
95 90 93 93
101 81 95 96
94 83 90 84
106 86 91 96
93 87 96 91
96 86 82 91
92 86 89 90
99 89 88 90
96 91 88 87
95 83 86 85
107 87 98 97
100 80 95 82
103 89 91 96
97 87 85 89
97 92 87 94
89 88 97 94
94 96 88 98
93 92 90 92
88 90 81 90
92 77 93 93
92 81 96 89
97 88 96 93
94 84 102 92
91 91 97 94
102 90 86 104
97 95 96 92
91 91 104 93
87 91 98 88
92 83 96 86
95 92 95 87
100 92 93 93
85 90 95 85
92 84 95 94
103 77 102 82
110 91 92 78
102 92 94 86
98 78 103 90
93 86 93 80
98 89 87 74
89 78 83 83
101 92 91 89
100 82 83 88
97 90 89 88
100 87 94 85
99 85 92 83
101 91 102 85
89 79 92 88
98 87 87 97
101 92 92 96
83 95 88 86
97 89 94 86
94 98 93 90
97 83 85 89
94 98 91 84
93 80 89 84
93 89 98 99
96 82 84 93
92 102 100 88
96 92 102 96
95 85 100 84
97 87 95 92
98 88 97 94
99 87 99 76
103 87 96 85
92 83 87 97
95 87 98 93
110 86 97 86
107 97 101 80
95 84 92 89
102 91 86 100
104 91 92 92
102 87 91 88
100 86 86 91
95 90 86 93
90 88 88 88
98 87 92 93
94 90 91 100
99 86 89 79
104 87 93 88
96 94 99 96
98 81 91 87
105 90 97 84
97 94 91 90
100 91 95 86
93 90 85 89
91 80 92 86
92 83 106 90
95 81 97 93
98 86 86 102
101 88 100 82
94 88 81 87
96 88 93 100
103 90 86 82
96 96 91 85
96 87 83 93
101 89 85 92
90 83 97 92
96 88 102 90
103 88 96 90
95 88 84 80
93 92 92 89
99 81 92 91
93 95 91 88
107 86 93 89
93 78 98 87
104 86 98 89
94 86 86 103
88 88 90 92
95 90 101 95
90 86 90 96
94 96 90 89
98 88 94 91
101 92 81 93
95 89 94 94
103 91 100 87
102 92 90 93
96 81 87 95
95 96 96 84
103 86 91 95
100 87 103 91
93 96 89 95
102 96 89 96
92 85 90 92
96 86 101 93
102 89 99 93
99 97 96 93
102 86 83 90
101 90 91 94
96 93 88 91
93 86 88 93
101 90 83 83
94 99 98 91
97 88 94 86
99 84 94 98
94 81 94 92
97 87 88 89
100 100 102 89
97 77 100 92
85 80 102 89
106 92 95 97
101 91 96 85
100 91 92 93
95 79 88 85
102 87 82 92
95 96 101 88
109 95 92 99
97 89 88 99
93 94 96 86
97 87 94 82
94 85 87 87
98 95 93 90
95 91 87 86
103 84 88 89
99 89 92 87
88 99 89 86
102 79 95 95
92 90 92 105
98 93 100 86
103 84 91 90
95 88 89 91
93 90 99 90
98 83 91 100
99 82 98 89
94 91 92 86
99 84 90 85
103 88 93 99
92 91 94 83
94 84 95 86
105 90 96 88
100 83 98 88
98 105 96 102
98 88 88 84
96 91 92 102
104 95 87 90
87 80 89 98
106 88 84 90
97 93 75 87
93 91 94 92
98 83 88 89
97 88 86 94
100 92 93 94
100 89 88 79
99 94 88 89
106 94 90 87
95 82 92 97
104 80 98 93
101 83 94 97
94 88 97 97
93 88 86 96
97 102 88 100
111 89 97 87
94 88 87 84
108 94 89 87
89 88 86 91
101 90 92 90
96 89 92 92
87 85 87 96
101 95 101 83
104 98 96 96
98 83 95 90
98 96 101 93
92 84 98 91
98 90 91 97
90 80 84 85
98 82 97 85
97 83 100 85
106 89 89 95
92 77 95 84
100 85 93 90
90 91 96 85
92 98 95 90
97 82 93 91
100 84 100 87
89 84 88 80
87 96 94 87
102 79 89 88
100 96 86 94
94 88 87 96
99 85 92 86
101 97 91 88
100 87 89 92
88 88 99 95
100 80 85 92
98 90 99 90
98 94 94 96
95 94 94 96
91 89 92 93
94 72 90 85
98 89 88 86
98 93 89 89
96 85 97 81
91 85 91 90
105 97 85 95
94 89 92 96
99 92 94 98
101 92 91 89
91 85 94 92
98 89 93 99
91 82 93 97
97 91 78 84
114 96 98 97
95 95 90 94
93 92 89 98
95 81 84 92
101 95 83 95
104 89 92 87
85 93 101 82
101 91 98 83
90 84 84 91
94 96 89 93
101 86 86 87
99 83 100 87
100 85 97 89
99 89 93 86
100 87 103 92
97 91 76 89
101 85 92 90
100 89 97 85
93 88 90 91
107 90 83 94
103 88 94 90
100 84 91 91
110 94 81 104
98 89 98 89
96 79 96 87
97 90 89 86
94 86 95 82
101 84 101 86
93 94 93 91
95 99 94 87
95 92 99 82
101 89 88 80
95 80 86 88
94 90 100 85
91 93 88 77
94 87 96 83
106 94 95 96
103 83 90 89
95 83 86 85
94 94 90 88
84 84 88 87
102 94 86 86
90 76 106 85
104 91 82 92
99 88 90 80
104 93 85 89
99 94 89 97
99 95 89 92
89 86 103 94
94 92 96 91
92 88 97 92
94 87 90 88
93 80 88 92
101 88 95 77
83 81 96 100
91 89 89 92
99 86 94 82
93 92 89 84
104 96 87 86
101 90 99 88
105 92 83 80
98 81 78 93
100 81 96 100
101 89 88 91
96 100 98 94
91 97 91 87
98 89 98 83
95 90 92 78
93 82 94 89
101 82 97 87
101 91 84 86
99 89 88 83
95 89 87 81
99 88 80 90
100 83 91 76
105 83 95 91
99 93 87 91
105 89 101 93
100 82 93 96
94 93 86 92
96 88 94 94
97 83 100 97
102 81 95 90
93 97 92 96
98 78 92 83
100 86 90 97
101 79 103 95
91 93 96 91
91 100 90 96
104 79 86 81
100 83 98 91
95 92 81 77
101 101 86 94
89 88 97 91
91 91 89 85
97 78 100 82
94 83 95 92
91 89 95 88
91 93 89 87
95 87 91 76
96 98 95 86
93 95 97 81
94 90 91 83
95 91 92 80
97 83 86 78
98 81 93 88
102 83 84 96
96 91 84 90
104 90 100 93
99 89 87 87
109 88 95 97
90 81 90 92
98 87 89 101
89 82 101 96
104 90 99 95
86 83 88 86
100 87 93 92
96 92 92 92
100 93 101 86
103 92 95 99
98 88 85 90
98 85 97 85
90 92 92 90
99 84 95 86
95 89 90 84
90 91 86 87
99 90 93 103
96 98 91 94
97 91 98 88
92 89 91 88
94 103 99 96
97 91 101 92
105 89 99 92
101 96 94 94
97 85 100 90
97 85 100 99
97 80 98 81
96 79 93 92
101 84 95 96
96 95 91 98
100 84 92 85
93 90 92 94
94 88 87 86
94 87 87 86
93 86 91 90
99 78 89 85
104 97 96 96
96 86 101 93
93 88 98 98
89 94 94 92
103 81 88 87
97 89 96 88
109 89 94 84
91 91 104 92
103 88 92 88
94 83 90 94
99 87 73 79
96 88 82 85
94 94 92 93
97 87 85 88
100 77 86 91
104 96 94 88
89 92 85 83
83 90 88 87
94 110 85 98
96 94 92 95
96 96 93 92
101 94 87 93
96 78 107 84
95 89 93 96
101 87 85 81
96 96 105 89
99 93 96 98
95 91 86 100
99 88 92 89
92 88 90 94
95 82 90 86
94 83 92 84
104 84 86 88
95 89 92 84
88 95 92 87
107 81 101 84
100 94 90 101
91 90 94 86
102 92 99 85
102 90 98 87
99 93 93 89
94 91 79 88
96 87 84 90
99 93 84 83
97 87 91 94
90 82 89 92
109 81 90 94
97 79 94 92
92 85 89 84
102 85 95 88
101 87 85 89
90 89 84 84
87 89 87 88
95 87 98 93
101 96 99 87
86 90 91 93
97 83 76 89
89 89 93 81
93 87 86 85
94 94 90 91
101 89 89 88
91 93 93 82
95 88 91 88
103 89 89 90
91 92 93 92
91 87 96 95
93 89 91 91
104 82 91 99
106 83 92 82
96 93 86 87
102 89 90 86
102 85 89 90
94 95 83 87
104 84 102 82
85 83 91 88
101 87 92 93
93 87 93 77
100 96 87 106
90 87 95 89
99 94 92 85
100 91 104 90
100 91 100 89
100 87 92 88
104 89 82 91
102 97 95 108
100 83 99 92
100 94 92 85
92 83 90 85
92 98 96 89
97 99 85 83
102 95 91 96
103 90 89 88
96 98 96 92
98 85 98 94
94 78 94 95
98 86 93 91
103 88 91 96
92 86 75 86
86 84 86 83
102 91 105 90
93 87 94 87
87 84 89 91
84 93 88 94
95 94 87 94
98 89 99 88
106 94 105 82
99 101 83 84
103 93 99 90
99 82 93 88
93 91 105 90
86 85 87 88
86 81 95 83
101 93 87 91
104 78 97 94
97 82 93 88
100 92 83 90
101 91 87 85
106 85 102 99
99 86 86 92
90 87 99 92
89 87 83 83
97 78 85 89
94 95 87 88
100 89 90 89
108 96 99 89
95 84 97 84
94 81 91 87
99 88 83 95
102 98 89 94
99 92 95 74
101 82 96 88
98 84 108 90
98 97 87 96
97 91 82 95
101 93 95 83
104 89 84 99
97 83 90 88
104 94 97 91
93 97 96 90
93 87 99 83
97 91 98 95
91 97 90 91
95 82 91 98
106 85 97 99
95 93 87 90
100 81 93 78
98 82 91 86
96 87 94 83
91 95 97 83
99 87 91 89
92 84 95 81
96 86 91 84
103 84 92 85
109 89 97 87
97 81 97 79
100 96 88 91
96 96 84 97
93 93 96 94
94 84 89 86
100 93 92 81
94 83 90 92
96 82 93 81
105 91 86 92
97 91 97 94
105 81 83 88
98 85 97 87
99 79 89 87
101 86 89 88
104 80 101 93
97 87 103 90
101 101 95 95
104 88 87 92
94 84 90 80
96 83 103 82
95 90 94 80
99 92 88 93
103 91 103 88
103 86 95 73
91 77 96 98
103 92 101 89
92 89 95 88
101 85 91 95
107 90 92 93
99 97 104 91
96 90 91 80
91 80 86 86
105 83 100 89
94 90 97 83
85 83 92 89
87 85 91 93
99 82 83 87
87 89 98 104
102 87 82 90
94 86 81 90
90 91 90 92
99 86 87 79
95 80 98 99
96 83 89 84
99 93 92 88
101 85 87 91
103 89 93 95
90 78 85 82
102 93 92 91
91 89 84 89
97 89 83 78
103 92 86 96
96 85 89 87
94 88 84 98
98 87 92 85
91 98 97 93
99 93 94 97
97 80 93 95
107 92 100 94
96 79 92 83
93 87 93 86
108 80 104 76
94 82 93 87
93 93 95 89
83 81 98 92
100 87 95 95
96 91 91 90
94 88 97 93
101 97 100 88
103 83 90 79
102 83 102 87
93 80 88 86
86 86 89 93
96 92 86 92
91 97 92 97
102 83 91 95
110 93 91 85
95 90 87 100
105 92 88 88
109 84 86 94
99 81 86 87
109 80 101 89
105 93 91 85
89 94 83 92
91 90 98 89
89 85 86 81
94 89 93 94
104 74 88 98
92 85 79 96
92 91 92 88
93 91 90 94
107 100 92 98
98 92 87 102
103 88 90 95
94 88 93 95
87 83 88 82
98 90 82 88
101 96 101 92
94 87 99 95
101 84 84 83
105 92 95 85
103 91 95 88
104 90 94 92
102 80 95 88
91 88 93 96
95 85 92 95
108 91 98 93
93 83 92 92
98 88 84 86
114 87 96 83
99 89 86 95
88 86 99 95
98 91 94 96
90 86 98 91
100 96 93 89
100 89 92 89
89 88 98 88
90 87 88 86
96 88 88 93
102 86 93 95
105 97 89 90
113 99 95 97
96 83 94 89
92 79 96 85
89 96 99 93
98 92 101 89
95 80 90 86
97 88 99 93
94 87 86 93
97 84 95 91
104 81 92 91
102 86 89 91
97 99 93 99
100 87 87 87
96 95 92 89
96 82 95 93
93 83 80 87
103 92 97 88
92 88 86 77
99 88 90 79
98 89 91 87
93 90 95 85
94 84 84 92
99 91 93 95
95 86 95 84
93 91 84 93
98 90 95 90
96 89 92 99
89 80 85 94
91 84 83 79
100 99 94 94
102 87 94 104
107 88 94 89
96 84 99 92
105 89 94 86
99 87 93 95
95 80 89 84
100 88 84 96
97 86 92 84
94 90 93 84
99 90 91 77
94 91 90 78
98 102 88 78
99 85 92 88
96 92 88 86
96 92 87 93
99 90 89 89
97 83 91 87
101 92 99 98
91 87 97 86
104 87 83 78
96 87 86 88
87 86 93 94
100 90 86 91
96 89 85 88
94 89 84 94
98 84 101 95
96 100 86 98
102 94 89 88
97 91 91 89
93 91 102 87
110 91 96 74
94 96 98 87
99 96 95 86
97 89 90 91
89 92 96 88
90 91 100 93
93 86 102 93
106 88 90 82
95 96 92 93
93 91 92 91
103 87 92 94
94 90 86 89
110 104 98 100
97 89 94 95
102 91 97 92
98 90 85 97
95 85 102 74
99 94 80 89
91 83 84 87
97 98 99 88
99 86 92 89
93 93 95 92
103 81 92 82
87 87 98 95
93 90 92 81
100 84 95 83
98 93 94 96
100 93 85 86
104 86 83 90
93 86 94 92
92 78 94 84
99 84 98 79
93 82 72 86
95 90 93 98
98 92 94 99
97 93 89 91
104 82 86 96
101 84 89 81
92 86 88 91
93 93 84 90
93 97 91 97
90 90 81 88
95 89 99 97
84 80 87 89
97 89 83 93
100 77 86 87
101 83 85 92
89 82 96 85
103 90 100 90
95 76 89 84
99 92 80 98
99 90 85 81
100 82 90 95
95 90 98 83
95 82 100 89
96 86 94 88
94 84 86 92
94 80 80 83
107 77 93 87
99 89 89 93
99 79 89 84
97 86 95 93
99 87 104 87
93 85 91 83
88 73 96 85
95 89 99 90
90 93 94 86
97 87 91 92
107 83 88 94
103 85 90 80
97 94 103 85
91 88 105 84
94 87 89 85
90 88 100 94
94 97 83 96
100 88 86 92
98 90 93 86
102 92 92 82
92 92 91 85
93 93 94 89
97 86 87 78
93 80 91 92
101 94 101 86
95 89 93 91
95 93 81 94
102 88 87 91
90 94 82 80
103 89 94 88
96 87 91 89
100 84 96 92
99 84 87 86
97 94 98 83
100 79 79 88
100 80 85 86
102 88 91 99
99 89 89 74
105 85 98 84
110 80 88 97
104 85 92 90
98 94 101 88
104 106 93 85
89 95 76 92
97 93 90 91
105 83 93 88
89 90 91 91
99 86 93 92
89 84 88 91
103 87 84 78
88 85 100 94
89 82 86 93
92 85 94 94
88 84 90 84
100 97 86 89
97 83 93 83
100 93 93 103
94 79 92 89
109 82 94 83
92 88 80 78
95 82 94 88
100 84 96 94
100 88 96 87
105 81 78 88
95 86 82 85
93 84 92 96
97 89 82 90
96 87 94 95
96 85 95 89
102 84 98 87
103 87 95 91
94 89 93 92
91 79 89 94
101 85 82 93
101 84 88 96
104 99 100 95
97 81 92 91
94 95 84 95
91 88 94 89
94 84 103 94
89 86 97 88
102 91 97 83
93 84 99 98
102 93 95 95
96 87 92 90
104 86 81 85
94 94 91 75
89 89 86 92
111 79 85 97
100 91 85 94
94 86 82 94
93 93 103 83
100 88 98 96
92 89 93 93
94 93 94 92
103 100 96 86
92 82 104 88
89 91 100 94
102 100 96 85
93 84 90 92
100 89 94 88
84 96 97 87
98 90 91 86
93 90 94 95
94 82 94 86
96 86 98 97
105 90 86 99
96 91 88 88
97 85 96 84
91 95 94 90
87 91 90 93
93 95 91 90
96 82 93 85
101 89 87 82
100 95 98 87
95 82 74 94
103 83 91 95
94 84 95 80
100 87 84 92
102 84 89 92
93 91 93 83
96 93 92 85
96 91 101 93
103 84 85 83
106 93 98 87
96 95 94 100
99 90 86 97
96 85 89 96
102 87 91 79
85 85 86 79
106 87 88 92
96 95 87 87
93 74 77 83
103 85 88 92
90 82 98 91
103 96 80 88
104 90 94 92
102 97 90 82
93 91 87 81
98 85 84 91
99 82 87 91
92 89 83 92
107 83 88 86
86 89 93 94
99 95 95 94
100 92 87 83
96 93 91 80
92 90 77 78
101 92 86 80
100 83 92 89
90 92 92 80
93 89 95 80
92 88 92 97
95 89 92 87
100 94 93 92
96 89 96 96
95 82 99 92
91 86 90 77
100 87 88 94
86 94 93 91
93 85 98 93
94 92 94 92
95 79 87 96
90 88 91 90
96 88 97 94
88 88 93 80
93 86 91 89
86 91 87 88
102 91 98 87
98 86 102 94
92 102 91 86
100 95 87 89
99 81 86 94
91 84 88 96
109 90 89 91
90 91 92 92
99 89 92 87
100 99 90 95
97 82 87 91
95 95 95 94
101 91 88 87
89 86 88 82
93 78 96 91
88 84 96 87
98 86 94 99
96 95 96 85
98 98 88 92
99 80 91 75
94 83 92 89
92 84 95 89
97 98 97 94
90 91 86 84
96 85 86 87
95 88 96 91
109 94 84 85
93 82 90 89
97 87 95 87
92 78 92 86
106 100 95 91
101 98 94 90
99 87 92 93
97 90 92 96
104 86 89 92
95 84 91 88
106 95 92 94
95 90 92 90
102 88 92 88
93 94 86 88
94 97 69 88
102 82 92 85
94 85 88 91
104 90 91 92
97 86 95 96
97 92 85 86
104 88 84 91
93 93 93 75
103 80 91 93
98 89 101 89
96 96 92 91
94 83 92 87
105 86 99 93
100 88 100 84
98 86 92 100
100 94 88 86
100 84 94 91
96 88 85 80
97 88 92 95
100 84 82 86
92 93 90 93
96 85 88 89
101 94 104 91
94 81 88 84
103 96 89 92
103 86 96 94
100 87 87 91
100 91 105 80
98 85 102 88
102 92 84 88
101 84 94 83
91 91 91 90
99 91 91 83
94 82 94 84
92 92 99 85
93 91 85 81
102 91 101 79
100 82 100 85
99 87 86 89
96 83 86 84
105 82 89 80
97 94 94 96
95 82 101 84
99 97 97 100
103 90 91 96
97 91 88 93
91 80 88 85
96 91 91 86
93 84 86 88
105 88 88 86
97 88 91 95
93 94 89 78
104 87 91 86
104 91 99 96
100 81 84 84
102 98 80 84
103 83 99 94
97 88 87 83
98 88 94 87
102 78 95 90
95 91 102 91
101 86 81 94
98 95 90 85
103 85 72 83
102 90 101 97
107 79 95 103
110 87 90 93
98 87 94 84
98 94 90 88
97 89 94 84
100 80 82 82
84 91 87 93
96 93 88 86
91 84 90 85
100 73 90 87
91 88 85 88
99 86 89 86
94 80 90 80
101 93 86 82
84 86 97 81
96 86 95 73
90 91 97 84
104 91 88 95
88 88 89 91
98 87 89 95
95 88 96 97
99 98 88 97
97 89 97 95
89 86 92 90
109 88 94 86
96 84 86 82
97 85 97 89
103 84 96 88
94 86 92 88
102 93 93 94
104 92 88 86
92 96 103 95
99 91 94 87
96 77 87 87
96 86 94 75
95 93 97 95
93 91 93 88
96 87 92 91
106 80 86 79
99 84 91 91
97 82 86 85
102 96 92 89
98 86 89 82
94 84 90 88
95 86 96 89
95 86 92 87
99 87 92 96
97 87 89 93
99 73 98 80
94 93 86 93
93 84 89 85
98 93 99 86
100 85 81 95
107 86 92 87
98 87 103 89
97 90 101 89
93 79 90 91
100 86 99 96
91 92 97 95
91 87 84 94
91 84 88 100
97 93 89 96
89 82 94 79
101 87 92 82
100 88 89 93
97 92 84 94
100 90 88 88
91 93 98 91
87 83 92 87
101 88 109 89
101 89 89 95
90 93 89 98
90 75 88 85
88 91 89 96
98 89 100 94
97 85 101 87
113 90 89 82
99 100 86 86
91 93 89 87
107 85 93 92
94 84 87 83
104 84 101 98
95 91 93 88
100 85 95 80
99 88 98 88
98 98 98 96
106 93 86 86
101 99 89 100
96 89 97 88
85 94 94 80
93 93 105 91
100 87 96 100
101 86 84 94
92 96 82 85
91 85 93 92
99 84 88 82
110 82 96 95
94 76 93 84
95 88 91 81
91 94 88 95
92 96 94 87
104 91 92 90
91 87 87 94
93 101 92 91
97 84 86 88
96 93 101 94
94 101 89 95
100 95 97 104
92 85 93 91
97 78 85 93
97 87 87 97
94 88 89 89
94 92 99 90
94 84 99 89
105 88 94 91
93 77 96 87
94 96 96 89
95 83 89 85
100 93 91 86
95 86 87 97
100 90 84 87
94 93 96 94
93 93 88 101
102 84 98 90
105 97 88 100
109 84 82 93
93 90 91 98
105 90 98 85
96 87 96 85
102 90 94 93
99 98 99 90
96 83 94 85
98 92 99 95
93 89 93 87
105 90 86 92
93 91 90 89
90 90 91 93
96 93 87 90
105 84 99 99
101 82 93 86
107 93 85 97
102 90 102 83
95 89 95 99
96 92 91 89
103 86 96 84
99 88 92 81
102 87 90 79
96 96 87 83
92 86 96 89
99 89 98 95
103 94 96 89
89 89 99 101
96 72 89 95
87 101 95 104
94 89 85 78
95 82 87 91
97 91 85 77
106 84 87 98
94 81 99 84
100 93 100 83
105 92 95 91
94 90 92 90
100 93 80 87
98 86 91 90
99 81 85 88
94 95 94 91
96 87 91 98
106 88 80 95
98 85 89 82
94 88 87 86
92 85 81 94
95 80 93 93
90 83 81 87
92 89 89 98
96 87 97 89
106 97 86 92
97 89 91 79
99 96 95 87
93 80 96 93
103 90 88 90
97 91 92 86
93 94 94 91
97 88 93 88
101 83 96 104
95 93 98 94
98 84 99 78
96 82 97 78
87 92 80 89
96 93 90 84
88 92 85 84
94 83 97 81
99 83 95 89
105 89 86 90
100 83 84 84
85 92 88 74
97 86 96 94
98 87 97 92
102 82 98 83
101 93 86 96
100 82 96 79
94 84 98 86
105 92 88 102
96 84 102 92
102 94 95 93
104 94 77 82
87 83 92 85
93 76 91 79
105 84 90 88
97 91 87 88
99 86 99 89
105 84 96 87
96 88 94 89
95 89 96 86
107 83 90 86
91 73 80 87
102 96 91 87
94 89 92 91
95 93 93 89
101 90 94 91
94 86 92 94
101 90 90 84
87 94 87 91
104 83 91 85
98 87 81 90
93 82 89 82
97 90 100 85
92 90 86 87
88 84 88 96
94 92 92 87
101 97 98 88
82 80 85 89
101 86 102 87
99 94 96 88
94 94 91 94
99 95 98 93
98 98 87 92
100 83 83 92
94 86 92 85
90 91 101 98
94 81 99 82
100 102 95 98
98 91 85 92
98 93 99 95
99 91 96 91
90 94 91 95
99 87 89 91
103 98 99 93
96 80 86 78
94 99 95 88
104 83 87 89
89 88 93 83
100 88 91 90
92 90 90 89
96 89 86 87
98 87 99 88
100 82 96 91
88 90 90 89
103 92 84 85
96 90 95 95
100 87 94 88
100 89 95 84
106 85 90 83
91 90 80 93
98 96 85 87
103 78 99 81
93 95 99 81
94 97 92 91
103 90 90 90
101 78 87 89
93 91 93 83
98 99 96 86
102 88 91 86
108 81 88 93
100 91 85 90
95 98 97 92
97 86 79 98
93 87 84 87
97 79 88 92
98 80 88 98
90 86 87 88
97 88 85 91
97 89 94 84
99 80 103 87
96 94 85 94
107 95 95 92
98 91 82 93
91 90 96 90
93 88 91 85
91 88 89 92
91 91 84 79
101 91 97 93
98 79 88 89
90 84 101 98
101 92 91 98
95 84 93 96
98 97 89 90
110 77 86 79
101 88 83 90
93 76 103 90
101 81 95 84
103 94 97 91
91 90 98 86
97 96 90 87
100 79 92 89
97 80 84 93
92 99 95 87
91 80 90 102
90 82 97 85
93 86 91 104
100 92 89 88
97 86 94 93
98 86 88 84
92 89 85 92
102 84 89 83
94 96 84 89
101 97 90 85
93 86 90 92
97 90 79 86
99 85 95 95
98 88 101 95
102 103 89 86
99 90 89 91
104 82 94 92
99 84 95 86
101 87 93 85
96 85 94 97
96 84 81 87
98 95 93 90
96 86 96 88
97 92 97 80
97 78 88 85
90 90 98 83
98 84 93 87
108 89 95 94
93 81 84 88
92 82 90 78
95 92 89 96
87 92 92 90
95 84 94 83
91 91 84 102
94 85 81 95
97 80 99 94
95 84 93 80
98 86 84 91
93 85 98 82
97 84 102 87
95 84 91 88
97 91 98 92
100 92 98 98
91 83 93 91
99 86 94 90
112 95 83 89
105 85 98 94
92 88 90 84
96 81 98 88
94 88 94 90
92 88 88 85
99 85 78 88
103 86 100 88
95 86 86 92
95 80 86 89
90 90 95 83
95 91 88 94
99 99 97 88
101 86 95 81
101 90 89 99
94 93 84 87
95 90 93 95
91 91 85 91
100 91 97 89
91 88 93 77
91 90 91 92
98 91 88 93
99 89 92 95
97 100 96 97
96 84 97 84
100 82 99 85
99 98 89 86
90 84 97 83
101 97 79 83
102 95 89 88
97 91 88 94
94 91 91 90
88 84 90 96
90 84 102 95
99 89 90 85
96 93 91 84
98 90 100 91
97 85 92 91
94 83 90 86
97 97 95 92
100 85 92 86
98 91 79 93
103 84 104 89
95 86 87 84
101 99 95 87
102 86 98 89
98 91 88 84
99 87 90 94
94 90 102 90
94 104 93 86
98 87 88 91
97 76 97 98
101 92 107 91
92 86 97 82
98 84 87 101
101 87 91 87
89 95 91 80
103 84 86 85
93 94 85 88
100 89 90 87
92 80 91 91
101 86 89 88
96 88 92 80
97 100 89 94
104 99 98 75
89 90 91 80
95 84 98 92
101 93 106 87
105 85 106 89
106 87 94 91
88 92 95 92
95 83 91 86
98 84 99 97
105 86 94 83
98 92 84 87
92 82 83 87
102 90 81 85
95 86 94 91
106 91 92 89
89 84 95 89
97 91 89 82
97 95 95 91
103 90 90 91
108 92 88 117
98 94 84 76
96 88 90 91
100 95 87 90
99 85 103 87
99 86 89 87
99 86 102 93
98 93 87 86
106 91 94 94
96 95 100 79
95 90 92 92
92 75 96 86
105 85 91 90
96 91 87 96
99 89 96 88
107 90 97 85
101 84 80 97
94 90 91 92
100 80 83 92
100 85 93 95
107 89 80 86
93 77 77 84
93 80 98 81
91 87 103 83
109 91 97 88
96 80 90 93
97 89 96 81
85 92 93 94
103 90 89 99
99 87 104 89
101 80 86 84
97 91 76 85
101 89 96 85
96 107 90 95
94 84 89 94
103 95 87 95
102 90 95 85
108 83 91 84
99 86 78 91
97 84 93 84
83 81 92 101
94 93 79 91
93 86 87 80
91 95 101 86
98 87 98 87
103 85 87 87
95 84 95 87
97 84 85 100
106 87 99 94
101 78 90 92
100 90 96 88
99 82 85 90
101 91 96 89
101 87 93 97
98 81 93 98
102 86 99 91
93 79 87 90
107 92 96 94
89 88 97 91
98 88 97 104
95 95 98 97
92 87 90 85
99 83 93 90
88 92 98 83
100 82 88 87
97 88 90 80
92 89 91 80
94 83 91 83
104 85 79 86
100 95 97 97
96 94 92 88
109 81 94 90
97 94 94 88
93 80 95 90
95 87 99 88
90 92 87 84
107 92 103 87
100 92 90 88
106 96 99 95
97 89 90 91
91 98 88 95
93 83 93 82
98 87 97 95
93 100 87 111
93 82 102 82
103 85 93 95
95 84 92 87
101 79 94 80
99 85 90 87
96 79 84 93
104 80 98 87
93 78 86 82
98 90 90 84
98 99 94 95
105 96 94 87
86 100 89 94
95 89 105 89
100 84 82 92
92 81 101 90
100 99 98 87
101 90 110 87
101 88 97 95
97 82 86 88
101 83 92 93
92 93 92 85
92 93 88 88
101 88 87 94
101 90 90 92
102 79 92 84
103 98 88 93
102 86 98 78
105 86 103 93
98 81 80 78
88 92 91 98
94 94 102 93
94 99 87 88
102 83 88 84
93 94 87 92
91 88 92 88
97 78 89 95
107 83 99 94
107 89 96 88
90 94 96 85
95 90 87 88
94 86 85 87
