5846 
0.452125 1000 1
0.547875 1000 -1
0.4665 3001 1
0.5335 3001 -1
0.448125 5002 1
0.55175 5002 -1
0.439125 7003 1
0.56075 7003 -1
0.478 9004 1
0.522 9004 -1
0.491875 11005 1
0.508125 11005 -1
0.46475 13006 1
0.535 13006 -1
0.461125 15007 1
0.538875 15007 -1
0.477 17008 1
0.523 17008 -1
0.462375 19009 1
0.537625 19009 -1
0.000125 3090 0
0.000125 15108 0
0.000625 7986 0
0.000125 1690 0
0.000125 14146 0
0.0005 14820 0
0.00075 10631 0
0.000375 674 0
0.000125 13559 0
0.000625 3760 0
0.000125 6289 0
0.000125 85 0
0.00025 14061 0
0.00025 16572 0
0.000125 966 0
0.00075 3139 0
0.000125 6018 0
0.001 9493 0
0.000125 9021 0
0.001125 4667 0
0.000125 18376 0
0.000125 8727 0
0.000125 14159 0
0.001 14467 0
0.000125 8023 0
0.00075 13728 0
0.00025 8038 0
0.000625 17115 0
0.001625 2758 0
0.000125 11794 0
0.000625 15480 0
0.000375 8416 0
0.00025 19305 0
0.000125 14851 0
0.000125 4750 0
0.00025 15608 0
0.000125 15933 0
0.000125 5892 0
0.00025 14391 0
0.000375 9061 0
0.000375 10501 0
0.000125 817 0
0.00075 2663 0
0.002 11749 0
0.00125 2674 0
0.00025 15927 0
0.000125 16192 0
0.000125 9441 0
0.0005 8900 0
0.0005 19722 0
0.000125 2962 0
0.000125 14868 0
0.0005 14055 0
0.00025 14656 0
0.000375 11018 0
0.0005 17346 0
0.00025 12582 0
0.0005 18817 0
0.00075 19914 0
0.00025 3437 0
0.000375 13304 0
0.00075 4327 0
0.000125 13862 0
0.000625 6395 0
0.000125 12692 0
0.000125 16551 0
0.000125 19615 0
0.000375 10279 0
0.000875 855 0
0.00025 5352 0
0.00025 10771 0
0.000875 1599 0
0.000125 10914 0
0.00025 3468 0
0.000125 1093 0
0.001 4572 0
0.00025 3737 0
0.00025 19990 0
0.000125 9865 0
0.000375 13801 0
0.000375 4557 0
0.00075 17461 0
0.000125 18008 0
0.00025 7707 0
0.000125 11519 0
0.00025 2643 0
0.000625 10742 0
0.001 5739 0
0.000125 18963 0
0.00025 17586 0
0.00025 7669 0
0.000125 14142 0
0.000625 3100 0
0.000125 5061 0
0.000125 19948 0
0.000125 9050 0
0.000375 5675 0
0.000125 10643 0
0.000125 5171 0
0.000375 10710 0
0.000125 17926 0
0.000125 1718 0
0.000125 5745 0
0.000125 19431 0
0.000125 275 0
0.000625 15415 0
0.000875 14973 0
0.001 647 0
0.00025 17127 0
0.000625 14347 0
0.0005 2962 0
0.000375 16324 0
0.00025 19589 0
0.000125 19803 0
0.00025 6178 0
0.001125 15553 0
0.0005 16396 0
0.000375 10474 0
0.0015 7013 0
0.00025 3905 0
0.000625 14722 0
0.000625 2272 0
0.00025 3654 0
0.00025 5687 0
0.00025 1525 0
0.000125 6939 0
0.000125 4309 0
0.0005 3936 0
0.000125 823 0
0.000125 19882 0
0.000875 7656 0
0.000125 895 0
0.000125 6901 0
0.00025 5049 0
0.000375 2178 0
0.000375 17833 0
0.000625 12262 0
0.000875 15094 0
0.001125 4590 0
0.000375 11083 0
0.00025 2361 0
0.000375 577 0
0.000375 15180 0
0.000125 5730 0
0.000125 12064 0
0.001375 10877 0
0.000625 12155 0
0.000125 16753 0
0.000125 7491 0
0.000375 4215 0
0.000375 13251 0
0.000375 8611 0
0.00075 16117 0
0.000125 15851 0
0.000125 5433 0
0.000125 1080 0
0.000125 10904 0
0.00125 4630 0
0.000125 10157 0
0.00025 18796 0
0.000375 10653 0
0.00025 11375 0
0.000125 17537 0
0.00025 17551 0
0.00025 17308 0
0.00025 13469 0
0.00025 5529 0
0.000375 6036 0
0.000875 9964 0
0.000125 9384 0
0.000125 19856 0
0.000125 5158 0
0.00025 637 0
0.000125 16715 0
0.000125 14167 0
0.000125 15340 0
0.000875 16019 0
0.000125 11933 0
0.000125 10792 0
0.00075 18112 0
0.00075 11860 0
0.0005 4003 0
0.000125 4993 0
0.000125 315 0
0.000125 13443 0
0.000125 10942 0
0.00075 19529 0
0.000125 17543 0
0.000125 8741 0
0.00025 10313 0
0.00025 19296 0
0.000875 6632 0
0.000125 11326 0
0.00025 19121 0
0.000125 11659 0
0.000125 18214 0
0.000125 15893 0
0.000375 9793 0
0.000125 17110 0
0.00025 15332 0
0.000125 7856 0
0.000125 15956 0
0.000375 1280 0
0.000125 5172 0
0.000125 2746 0
0.000125 12428 0
0.000125 17267 0
0.000625 11259 0
0.000375 17278 0
0.000625 3945 0
0.00025 2162 0
0.000125 1055 0
0.000125 10666 0
0.000375 6492 0
0.00075 18660 0
0.0005 6114 0
0.000125 13582 0
0.0005 831 0
0.000125 3486 0
0.000125 12686 0
0.000375 10614 0
0.00025 19306 0
0.000125 19506 0
0.000125 792 0
0.000625 6158 0
0.000125 10928 0
0.000125 8591 0
0.000375 11025 0
0.000125 10931 0
0.000125 15674 0
0.000125 5014 0
0.000375 333 0
0.000375 4244 0
0.000375 13909 0
0.00075 8419 0
0.000125 12419 0
0.00025 17726 0
0.000625 14386 0
0.0005 6505 0
0.000375 12949 0
0.000125 7342 0
0.0005 6825 0
0.000125 14017 0
0.0005 6171 0
0.00025 13567 0
0.000125 5687 0
0.00025 12581 0
0.00025 11594 0
0.00025 15853 0
0.000125 17461 0
0.00025 4862 0
0.000875 8740 0
0.000375 17048 0
0.00025 5168 0
0.00025 7677 0
0.000375 17626 0
0.000125 2449 0
0.0005 14331 0
0.00075 13579 0
0.000125 16475 0
0.00175 10720 0
0.000375 8281 0
0.000375 16369 0
0.00075 947 0
0.000125 1479 0
0.000125 17365 0
0.000125 19053 0
0.000125 11772 0
0.000375 12614 0
0.001125 11118 0
0.000375 17156 0
0.000375 17775 0
0.000125 13462 0
0.002 19561 0
0.000375 1709 0
0.00075 17709 0
0.000875 1169 0
0.000125 11407 0
0.000125 16678 0
0.000125 7556 0
0.000625 13395 0
0.00075 15419 0
0.000125 1867 0
0.000375 1248 0
0.000375 15557 0
0.001 4198 0
0.000375 7811 0
0.00025 3959 0
0.00025 16910 0
0.000125 8273 0
0.000125 14765 0
0.000125 11790 0
0.000375 3337 0
0.000375 16279 0
0.001 8901 0
0.00025 18571 0
0.000125 10920 0
0.000125 3650 0
0.000125 11046 0
0.00025 7187 0
0.0005 6916 0
0.000375 7621 0
0.000125 5784 0
0.00025 12207 0
0.0005 599 0
0.000375 19609 0
0.00025 8975 0
0.000125 12045 0
0.000625 1338 0
0.000125 7124 0
0.000125 4785 0
0.000125 271 0
0.000125 16089 0
0.00025 14370 0
0.00025 1139 0
0.000125 3895 0
0.000125 4344 0
0.000125 18329 0
0.000375 6664 0
0.0035 9508 0
0.00025 1091 0
0.000125 15221 0
0.000125 7892 0
0.00025 12590 0
0.0005 11133 0
0.000375 10328 0
0.00025 369 0
0.000125 15823 0
0.001 7962 0
0.001 19907 0
0.0005 18172 0
0.000875 7828 0
0.000125 3338 0
0.00025 8959 0
0.00025 18831 0
0.0005 5599 0
0.000125 5355 0
0.000125 19523 0
0.0015 10873 0
0.000375 7582 0
0.000875 6633 0
0.000125 4353 0
0.000125 2862 0
0.000125 5706 0
0.00075 1526 0
0.000125 18798 0
0.000125 17730 0
0.000125 4853 0
0.000125 15731 0
0.001375 14178 0
0.000625 18962 0
0.000125 1477 0
0.000625 11989 0
0.000375 14023 0
0.000125 6501 0
0.000625 18690 0
0.000125 13299 0
0.000125 6269 0
0.00025 17275 0
0.000375 14355 0
0.000125 13408 0
0.000375 5521 0
0.000125 15660 0
0.000125 19908 0
0.000125 18052 0
0.000125 10228 0
0.000125 4173 0
0.000125 13027 0
0.000125 5035 0
0.000125 4842 0
0.000125 12150 0
0.0005 2168 0
0.00075 16134 0
0.000125 12148 0
0.000125 4826 0
0.000375 19221 0
0.0005 2742 0
0.000125 13002 0
0.00025 16725 0
0.00075 17947 0
0.00025 8507 0
0.000375 6879 0
0.000125 6265 0
0.00025 15933 0
0.000875 13224 0
0.000875 94 0
0.000125 4883 0
0.000125 8353 0
0.000125 121 0
0.001125 10963 0
0.000125 3351 0
0.0005 7550 0
0.00075 3691 0
0.0005 6703 0
0.00025 1016 0
0.000125 19377 0
0.000125 19024 0
0.000125 6164 0
0.00025 6386 0
0.00025 77 0
0.000125 3482 0
0.000125 3738 0
0.000125 11088 0
0.000125 10933 0
0.000375 10808 0
0.00075 4821 0
0.000125 18136 0
0.000875 17988 0
0.000125 9497 0
0.000125 4770 0
0.00025 398 0
0.000375 10823 0
0.000625 11264 0
0.00075 17513 0
0.0005 14382 0
0.000875 16201 0
0.001 9602 0
0.000125 5240 0
0.000125 16289 0
0.000625 8048 0
0.000125 852 0
0.000125 18925 0
0.00025 10528 0
0.00025 11783 0
0.000125 6771 0
0.000125 9691 0
0.000625 13345 0
0.000375 7234 0
0.001375 7973 0
0.000125 3330 0
0.000125 10761 0
0.000875 14028 0
0.0005 10641 0
0.000375 11725 0
0.0015 8892 0
0.000125 18759 0
0.000125 3663 0
0.00025 13220 0
0.00075 79 0
0.00075 3828 0
0.000125 15399 0
0.000125 16822 0
0.000125 8812 0
0.0005 19014 0
0.000125 4361 0
0.00075 9942 0
0.000125 8642 0
0.000125 77 0
0.000125 12234 0
0.000375 18580 0
0.000125 4209 0
0.001 13144 0
0.0005 16723 0
0.000125 926 0
0.000625 12935 0
0.000125 16416 0
0.00025 605 0
0.000125 14886 0
0.000125 3023 0
0.000875 15520 0
0.000875 15983 0
0.0005 3608 0
0.00075 10631 0
0.000875 16861 0
0.000375 3943 0
0.000125 13187 0
0.000375 9177 0
0.0005 14597 0
0.000125 5221 0
0.000625 18277 0
0.000125 16376 0
0.000125 19554 0
0.000375 13204 0
0.00025 12739 0
0.000125 10564 0
0.002 978 0
0.000125 3804 0
0.000125 17956 0
0.000125 15069 0
0.00025 7353 0
0.000125 130 0
0.000125 7431 0
0.001 12490 0
0.000125 18881 0
0.001625 441 0
0.001375 5859 0
0.000125 2545 0
0.00025 15398 0
0.000375 4455 0
0.000125 8744 0
0.00025 3706 0
0.000125 14303 0
0.000625 19735 0
0.000125 564 0
0.001875 5748 0
0.000125 18959 0
0.00025 11144 0
0.000375 9748 0
0.000125 2937 0
0.00025 9588 0
0.000125 5990 0
0.000125 19471 0
0.000125 11061 0
0.000125 1905 0
0.000125 8934 0
0.00025 13166 0
0.000125 10243 0
0.0005 12386 0
0.000625 10713 0
0.000125 6060 0
0.000375 3127 0
0.000375 16947 0
0.000125 12251 0
0.001 4914 0
0.00075 680 0
0.000125 1629 0
0.001125 6768 0
0.000375 11266 0
0.001375 19637 0
0.00075 13786 0
0.000125 7390 0
0.0005 18933 0
0.000125 8504 0
0.000125 15374 0
0.000125 19986 0
0.000125 4463 0
0.001625 6587 0
0.000375 4138 0
0.000125 8449 0
0.00025 1348 0
0.000375 13245 0
0.0005 7951 0
0.000125 18910 0
0.001 10923 0
0.000125 5353 0
0.000125 18049 0
0.001125 2939 0
0.000125 19290 0
0.000125 7595 0
0.000125 15584 0
0.000125 18690 0
0.000125 5864 0
0.000125 7148 0
0.000125 13035 0
0.000125 16493 0
0.001 282 0
0.00025 11826 0
0.000375 17662 0
0.000125 4753 0
0.000625 19141 0
0.0005 13794 0
0.001875 13577 0
0.001125 16561 0
0.000375 16051 0
0.000375 4945 0
0.000375 12936 0
0.000125 3454 0
0.000625 18164 0
0.000125 18591 0
0.000125 12323 0
0.000125 10944 0
0.000875 5569 0
0.000125 10509 0
0.000125 4061 0
0.000125 15537 0
0.000125 2390 0
0.001125 9854 0
0.000125 18673 0
0.000375 2447 0
0.000125 18271 0
0.000375 16104 0
0.000125 481 0
0.000125 16282 0
0.000125 10459 0
0.000125 2254 0
0.00025 6946 0
0.000125 1831 0
0.000125 1135 0
0.000125 11194 0
0.000125 5715 0
0.00025 19144 0
0.00075 19040 0
0.001 13917 0
0.00025 2909 0
0.000125 50 0
0.000125 18788 0
0.000125 2827 0
0.000125 10717 0
0.000125 3137 0
0.001 12960 0
0.000125 19071 0
0.000125 15943 0
0.001 5908 0
0.000125 7727 0
0.000125 6735 0
0.000125 19582 0
0.000875 2253 0
0.0005 1260 0
0.000125 13563 0
0.0015 3844 0
0.000125 2299 0
0.00025 10477 0
0.00025 17113 0
0.000125 12 0
0.000125 11164 0
0.000125 14495 0
0.000125 15923 0
0.000125 5078 0
0.00025 4043 0
0.0005 13470 0
0.001625 2816 0
0.00025 6627 0
0.00025 15111 0
0.000125 13058 0
0.000125 9891 0
0.00125 12612 0
0.00025 3797 0
0.000125 12447 0
0.000125 14827 0
0.000125 12146 0
0.000125 7075 0
0.000375 820 0
0.000125 16987 0
0.000375 2712 0
0.00025 173 0
0.001375 13279 0
0.00025 10327 0
0.000875 5567 0
0.000125 709 0
0.001 14879 0
0.000125 5182 0
0.000125 11060 0
0.0005 13898 0
0.000375 16129 0
0.000875 12564 0
0.000125 1599 0
0.00025 7101 0
0.000125 9069 0
0.001875 9951 0
0.00075 14981 0
0.000125 17544 0
0.00125 8580 0
0.00025 19091 0
0.000125 18779 0
0.000375 19891 0
0.000125 15956 0
0.000125 7144 0
0.00075 5216 0
0.00025 5306 0
0.0005 3163 0
0.00025 14310 0
0.000125 12893 0
0.000375 11320 0
0.000125 8361 0
0.003 15790 0
0.000875 11620 0
0.000125 52 0
0.0005 9731 0
0.0005 19016 0
0.000125 13327 0
0.000125 15002 0
0.001 7424 0
0.000125 4954 0
0.0015 17679 0
0.00025 13624 0
0.00025 2926 0
0.00025 5084 0
0.000125 826 0
0.0015 10469 0
0.000125 7701 0
0.0005 5734 0
0.000125 16260 0
0.00125 19930 0
0.00025 5596 0
0.00025 14143 0
0.000125 1744 0
0.001 9967 0
0.000125 2999 0
0.000125 12538 0
0.000125 19381 0
0.0005 13088 0
0.000125 5642 0
0.000625 6070 0
0.001875 2003 0
0.000125 3366 0
0.000375 683 0
0.000375 17409 0
0.000125 15335 0
0.000375 8510 0
0.000125 2352 0
0.00175 4777 0
0.000125 2166 0
0.0005 15752 0
0.000125 4268 0
0.000125 5294 0
0.000125 13361 0
0.000375 6906 0
0.0005 936 0
0.000125 4369 0
0.000375 19804 0
0.000375 582 0
0.000125 4933 0
0.001 7469 0
0.000125 13677 0
0.00025 10999 0
0.0005 5262 0
0.00075 16796 0
0.000125 19388 0
0.000125 14242 0
0.000125 1558 0
0.000125 17160 0
0.000125 14504 0
0.000125 11921 0
0.000125 2016 0
0.000125 559 0
0.00025 7855 0
0.00025 4052 0
0.0005 3947 0
0.000125 9602 0
0.00025 13979 0
0.000125 11322 0
0.00025 12886 0
0.000375 13245 0
0.002 775 0
0.001375 5273 0
0.000375 409 0
0.0015 3069 0
0.00125 3133 0
0.000125 9704 0
0.0005 15796 0
0.0005 11436 0
0.00125 11976 0
0.000125 3929 0
0.000125 5905 0
0.002125 1862 0
0.00075 6278 0
0.00075 7206 0
0.000125 3221 0
0.000375 4829 0
0.000625 1936 0
0.001375 19657 0
0.00175 11418 0
0.001125 10438 0
0.000125 19770 0
0.00025 11001 0
0.000125 5402 0
0.000125 11339 0
0.00025 9038 0
0.000125 5963 0
0.00025 9193 0
0.000125 5765 0
0.000125 18049 0
0.000125 2535 0
0.000375 15310 0
0.000125 670 0
0.00075 17465 0
0.00025 822 0
0.000125 3237 0
0.000125 1013 0
0.001 7909 0
0.001 10216 0
0.000375 1283 0
0.000125 11299 0
0.001 13012 0
0.001375 3199 0
0.002 1590 0
0.000125 13443 0
0.00175 18518 0
0.00025 16529 0
0.00025 15402 0
0.000125 15198 0
0.000125 16009 0
0.001875 12713 0
0.000375 694 0
0.000125 14347 0
0.000125 3824 0
0.000625 11993 0
0.000625 3524 0
0.001 14074 0
0.000125 8901 0
0.000875 9937 0
0.000125 10170 0
0.001 5703 0
0.000375 17613 0
0.000125 7141 0
0.000125 6577 0
0.000125 12385 0
0.001125 17316 0
0.000125 17996 0
0.00025 6050 0
0.000125 14583 0
0.000125 10045 0
0.000125 17972 0
0.000125 15551 0
0.001 3875 0
0.000125 6705 0
0.001125 11905 0
0.000125 14284 0
0.00025 6400 0
0.000125 2067 0
0.00075 2173 0
0.00025 11964 0
0.000375 4613 0
0.000125 19247 0
0.000625 4333 0
0.000125 13961 0
0.00025 10815 0
0.000125 15973 0
0.000125 78 0
0.0005 7860 0
0.000375 16433 0
0.000125 9597 0
0.00025 12929 0
0.000125 4338 0
0.000375 20002 0
0.000125 2022 0
0.0005 11325 0
0.000125 72 0
0.000125 324 0
0.000125 19674 0
0.000625 3369 0
0.000125 16424 0
0.0005 6346 0
0.00025 19077 0
0.000125 15536 0
0.000125 15884 0
0.000125 15279 0
0.00025 3299 0
0.00025 11460 0
0.000125 10894 0
0.000375 3183 0
0.00025 2257 0
0.000375 2148 0
0.000125 12145 0
0.00025 5905 0
0.00025 14810 0
0.00025 13640 0
0.00025 2286 0
0.00025 3624 0
0.00025 10225 0
0.00025 10407 0
0.00025 4248 0
0.000125 8652 0
0.00025 7020 0
0.000125 5011 0
0.000375 18321 0
0.000875 14235 0
0.000125 5659 0
0.000875 10692 0
0.001 7678 0
0.000125 8885 0
0.000125 6795 0
0.000125 2608 0
0.000125 17334 0
0.000125 11065 0
0.000125 12991 0
0.000125 8397 0
0.000125 15508 0
0.000125 19932 0
0.0005 19489 0
0.000125 7054 0
0.000125 172 0
0.000375 7217 0
0.000125 12173 0
0.000375 3977 0
0.000375 13793 0
0.000375 10431 0
0.000625 16405 0
0.000125 18315 0
0.000375 16166 0
0.000125 267 0
0.000125 428 0
0.00025 11818 0
0.000125 17552 0
0.00075 2524 0
0.00025 4613 0
0.000125 15591 0
0.000875 304 0
0.000125 729 0
0.00125 13434 0
0.002 5580 0
0.000125 15978 0
0.000125 1207 0
0.000125 9100 0
0.000125 16344 0
0.000125 3977 0
0.000125 12440 0
0.00025 15439 0
0.000125 9055 0
0.000125 5141 0
0.000125 6726 0
0.000875 8187 0
0.000125 17272 0
0.000125 15068 0
0.0005 13101 0
0.00025 14383 0
0.000125 1576 0
0.00025 16461 0
0.000125 5831 0
0.00025 19750 0
0.000125 3320 0
0.0005 11359 0
0.00025 15204 0
0.000875 18708 0
0.000375 2352 0
0.000125 12721 0
0.000375 16196 0
0.000875 19422 0
0.000875 14378 0
0.000125 5533 0
0.00075 16025 0
0.000875 10451 0
0.000625 238 0
0.000125 13540 0
0.000625 2732 0
0.000125 18775 0
0.001875 16804 0
0.000125 15532 0
0.000625 8984 0
0.000125 2080 0
0.00025 4725 0
0.000125 12614 0
0.000375 18803 0
0.000125 8934 0
0.000125 5547 0
0.00075 8339 0
0.000125 6057 0
0.0015 6542 0
0.000125 13646 0
0.000375 7342 0
0.000125 8413 0
0.000125 4943 0
0.000125 16744 0
0.000125 16044 0
0.000125 13866 0
0.000125 14228 0
0.000125 3834 0
0.000875 12924 0
0.00025 14138 0
0.0005 15047 0
0.000125 15349 0
0.000125 19336 0
0.002125 4913 0
0.000625 9248 0
0.00025 6355 0
0.001125 6573 0
0.000125 11460 0
0.000125 10792 0
0.0005 1869 0
0.0005 16753 0
0.00025 12846 0
0.000375 16047 0
0.00025 16274 0
0.000125 10111 0
0.000125 7973 0
0.0005 7395 0
0.000125 2741 0
0.00125 16351 0
0.000125 5323 0
0.000375 8557 0
0.0005 3661 0
0.000375 5621 0
0.000125 16186 0
0.00075 11036 0
0.000375 15858 0
0.0005 10118 0
0.000125 5780 0
0.000625 9560 0
0.0005 16410 0
0.000125 14802 0
0.00025 630 0
0.001125 15969 0
0.00025 15827 0
0.000125 17442 0
0.000125 4551 0
0.000375 13397 0
0.000375 2552 0
0.000125 10471 0
0.00025 18646 0
0.000125 6467 0
0.00075 17654 0
0.000875 4793 0
0.000125 12059 0
0.000125 18995 0
0.00025 10719 0
0.000125 17453 0
0.000125 13203 0
0.000125 8354 0
0.000125 13086 0
0.000625 4000 0
0.001375 4082 0
0.000375 2982 0
0.000125 5596 0
0.000125 664 0
0.00075 12097 0
0.00025 8089 0
0.00025 10523 0
0.000125 9289 0
0.00025 13798 0
0.001375 18233 0
0.000125 15160 0
0.00025 4205 0
0.000625 9141 0
0.000125 15230 0
0.000125 12970 0
0.00025 12488 0
0.000125 19401 0
0.000125 16632 0
0.00025 3651 0
0.000125 13683 0
0.00075 3670 0
0.000125 16463 0
0.000125 11295 0
0.000125 15181 0
0.000125 2626 0
0.00075 522 0
0.000125 374 0
0.000875 6597 0
0.000125 4723 0
0.000125 14465 0
0.0005 59 0
0.00025 11361 0
0.000125 19216 0
0.000125 1583 0
0.0005 1554 0
0.000125 17050 0
0.000125 18214 0
0.000125 9237 0
0.0005 19425 0
0.001625 6155 0
0.000125 16213 0
0.0005 18516 0
0.00075 3488 0
0.000125 12236 0
0.00025 19779 0
0.000375 6091 0
0.000125 18771 0
0.001 9466 0
0.000625 4409 0
0.00025 12393 0
0.000375 103 0
0.000125 8990 0
0.000625 5888 0
0.000125 9684 0
0.000125 15102 0
0.00025 8231 0
0.000125 10165 0
0.00025 13165 0
0.000875 17531 0
0.000375 12318 0
0.000125 8991 0
0.000125 7934 0
0.00025 12947 0
0.000125 11458 0
0.000125 12660 0
0.00025 2106 0
0.000125 4725 0
0.0005 19968 0
0.000625 4488 0
0.000125 11577 0
0.000125 5424 0
0.00025 11115 0
0.000125 15499 0
0.000125 15924 0
0.000125 6313 0
0.000125 11198 0
0.001125 9824 0
0.000125 16074 0
0.00025 15490 0
0.000125 3175 0
0.000375 11944 0
0.001 11999 0
0.000125 8386 0
0.000125 10816 0
0.000125 4718 0
0.00125 7586 0
0.000125 1024 0
0.000125 5240 0
0.000125 12191 0
0.000375 6556 0
0.000375 13600 0
0.000125 1898 0
0.000125 1573 0
0.000125 291 0
0.00125 16530 0
0.000125 17847 0
0.000875 865 0
0.000125 15833 0
0.00025 1770 0
0.000625 14632 0
0.000125 2365 0
0.000125 2809 0
0.00025 5815 0
0.000125 12046 0
0.000125 12070 0
0.000125 8297 0
0.000375 17385 0
0.0005 5974 0
0.00075 8889 0
0.000125 15400 0
0.000125 11674 0
0.00025 4063 0
0.000125 9642 0
0.000375 8247 0
0.00025 18306 0
0.000625 1236 0
0.0005 14083 0
0.00025 4565 0
0.000875 8708 0
0.000625 19683 0
0.0005 16686 0
0.000625 10515 0
0.000125 11863 0
0.000375 15040 0
0.000375 4100 0
0.0005 8278 0
0.000375 14669 0
0.000125 17312 0
0.00025 7610 0
0.0005 5028 0
0.001125 1037 0
0.000625 15508 0
0.000125 11861 0
0.000125 227 0
0.000125 7958 0
0.000125 3110 0
0.000125 7226 0
0.000125 6062 0
0.000125 9307 0
0.000375 6469 0
0.000125 7364 0
0.000125 3417 0
0.000125 694 0
0.00025 413 0
0.000125 15300 0
0.000375 17081 0
0.00025 2294 0
0.000125 5127 0
0.000125 11147 0
0.00025 8091 0
0.00025 16866 0
0.000125 18314 0
0.000625 12908 0
0.000125 12800 0
0.0005 10027 0
0.00025 1264 0
0.000125 8539 0
0.0005 9404 0
0.00025 18058 0
0.001125 6526 0
0.000125 1631 0
0.000375 4994 0
0.00025 2302 0
0.000375 13953 0
0.000125 16086 0
0.000125 10146 0
0.00025 18182 0
0.002 6289 0
0.000125 19186 0
0.00025 7159 0
0.0005 17949 0
0.000125 2940 0
0.0005 2617 0
0.00025 3857 0
0.000125 19379 0
0.000125 1624 0
0.000125 8391 0
0.0005 6028 0
0.000125 13328 0
0.000125 1643 0
0.001875 10881 0
0.000125 10105 0
0.00025 8185 0
0.000375 6133 0
0.0015 10009 0
0.00025 10548 0
0.000375 915 0
0.000125 5115 0
0.000125 7460 0
0.00075 942 0
0.000125 18149 0
0.000125 2226 0
0.000125 19723 0
0.000125 14794 0
0.00125 3157 0
0.00025 11279 0
0.001375 12391 0
0.000125 9446 0
0.000375 8708 0
0.000375 5363 0
0.00125 14510 0
0.000125 19111 0
0.0005 4717 0
0.000125 7019 0
0.001 9013 0
0.000125 15437 0
0.000125 16257 0
0.000125 16031 0
0.000125 4561 0
0.000125 14692 0
0.000125 5435 0
0.000125 9265 0
0.000125 13375 0
0.000875 14615 0
0.000625 11868 0
0.000125 5222 0
0.00125 9437 0
0.000125 6707 0
0.000125 1107 0
0.000125 159 0
0.001375 1351 0
0.000125 11082 0
0.000625 9873 0
0.00025 18686 0
0.0005 16298 0
0.00025 12893 0
0.000125 9576 0
0.0005 7791 0
0.0005 205 0
0.000125 15100 0
0.00025 19813 0
0.000375 3275 0
0.000125 8081 0
0.00025 13388 0
0.000125 19382 0
0.00025 17846 0
0.000125 14061 0
0.000125 1923 0
0.000125 4861 0
0.000125 4751 0
0.000125 5645 0
0.000125 8040 0
0.0005 19834 0
0.001125 4534 0
0.000625 10607 0
0.001125 201 0
0.000375 9305 0
0.00025 7710 0
0.000375 7459 0
0.000125 18060 0
0.000125 83 0
0.0005 8161 0
0.000125 6777 0
0.000125 6136 0
0.000125 4658 0
0.000125 14835 0
0.000125 3509 0
0.000125 17 0
0.0005 12772 0
0.0005 16746 0
0.000625 13819 0
0.000625 5900 0
0.0005 10703 0
0.0015 14909 0
0.00025 9546 0
0.0005 19897 0
0.000125 17137 0
0.000125 12966 0
0.000125 10568 0
0.00075 9061 0
0.000375 11455 0
0.00025 5581 0
0.000125 19285 0
0.001 8021 0
0.000875 19371 0
0.00025 14990 0
0.000125 7103 0
0.001125 10214 0
0.000125 18101 0
0.00025 7393 0
0.000125 9794 0
0.00025 13593 0
0.000125 13643 0
0.000375 663 0
0.00025 3110 0
0.000125 18953 0
0.00025 16835 0
0.000125 4901 0
0.000125 18221 0
0.000125 2834 0
0.00025 17772 0
0.000125 5828 0
0.000125 3183 0
0.000125 15620 0
0.000125 1111 0
0.000625 2010 0
0.000125 15052 0
0.000125 12591 0
0.000125 7145 0
0.00075 11724 0
0.000125 5244 0
0.000125 1578 0
0.0005 14276 0
0.000125 4643 0
0.000375 5432 0
0.00025 1617 0
0.00025 17432 0
0.000125 11007 0
0.00025 15185 0
0.000125 12691 0
0.000625 9747 0
0.000375 9225 0
0.000125 13962 0
0.000125 6583 0
0.000125 2872 0
0.000125 9034 0
0.000125 2536 0
0.00025 17063 0
0.000125 14329 0
0.000125 8982 0
0.000125 3157 0
0.00025 1111 0
0.00025 19196 0
0.000125 10945 0
0.000125 17787 0
0.00025 3612 0
0.000125 14639 0
0.000375 10626 0
0.0005 19189 0
0.000125 1126 0
0.00075 1653 0
0.000125 59 0
0.000125 4225 0
0.000125 16152 0
0.000375 704 0
0.00025 4135 0
0.0005 18728 0
0.000125 15350 0
0.000125 3558 0
0.000125 18136 0
0.00175 17865 0
0.0005 10648 0
0.000125 10045 0
0.000125 16740 0
0.00025 6129 0
0.00025 252 0
0.00025 10023 0
0.000125 9372 0
0.00025 19014 0
0.000125 572 0
0.000625 5229 0
0.000125 15212 0
0.000125 3533 0
0.000125 1371 0
0.000125 10331 0
0.00175 12124 0
0.00075 2398 0
0.000625 860 0
0.000125 16097 0
0.00025 2370 0
0.000125 9178 0
0.000375 1422 0
0.000375 11218 0
0.000125 3330 0
0.00025 10194 0
0.00025 17411 0
0.000875 10246 0
0.000125 13585 0
0.000625 9060 0
0.000125 11087 0
0.000125 4096 0
0.001 11297 0
0.000125 8058 0
0.000125 5642 0
0.000875 9167 0
0.000125 7822 0
0.000125 8875 0
0.000125 108 0
0.001125 9072 0
0.000375 3439 0
0.000375 16940 0
0.001125 16949 0
0.00075 7869 0
0.000125 15619 0
0.000125 5296 0
0.000125 11984 0
0.0005 12284 0
0.000125 166 0
0.000125 9285 0
0.000125 7963 0
0.000125 5751 0
0.000375 18744 0
0.000125 7738 0
0.000375 8947 0
0.000125 13345 0
0.000125 3827 0
0.001375 1796 0
0.000125 3369 0
0.00125 8860 0
0.000125 11165 0
0.000125 15791 0
0.000625 13489 0
0.00025 17823 0
0.00025 11568 0
0.000125 18776 0
0.000125 14389 0
0.000125 8589 0
0.000125 16272 0
0.000125 1633 0
0.000375 210 0
0.00175 11003 0
0.000375 19255 0
0.000125 15565 0
0.0005 13749 0
0.000375 549 0
0.00025 17088 0
0.000125 4071 0
0.000875 1747 0
0.000375 12824 0
0.000125 542 0
0.000125 1871 0
0.00025 11988 0
0.000125 13976 0
0.00075 913 0
0.000125 15542 0
0.000875 12397 0
0.00025 1098 0
0.000125 4526 0
0.000375 3515 0
0.00025 16049 0
0.00025 16055 0
0.000125 1280 0
0.000125 1090 0
0.0005 2761 0
0.000125 1952 0
0.000125 5544 0
0.000125 15524 0
0.000125 10725 0
0.00075 17118 0
0.00025 5156 0
0.000125 10396 0
0.000125 15098 0
0.000125 369 0
0.00025 12751 0
0.000125 8879 0
0.000625 19787 0
0.000125 18379 0
0.0005 7030 0
0.000125 5554 0
0.001 5080 0
0.00025 9512 0
0.00025 2962 0
0.00025 12501 0
0.000125 5867 0
0.000375 14533 0
0.000125 8479 0
0.000375 3052 0
0.000125 19133 0
0.000375 17913 0
0.00025 4902 0
0.000375 18351 0
0.000125 16828 0
0.0005 8084 0
0.000125 2744 0
0.0005 2758 0
0.000375 7468 0
0.000375 3740 0
0.000125 709 0
0.00025 14550 0
0.00025 7267 0
0.000125 13705 0
0.000375 12813 0
0.000125 13903 0
0.000125 2934 0
0.000125 17465 0
0.000125 6538 0
0.001375 1598 0
0.00025 16275 0
0.000125 2404 0
0.000125 2077 0
0.000375 4670 0
0.000125 18079 0
0.00025 19025 0
0.002625 2603 0
0.00025 18493 0
0.000125 16978 0
0.00025 42 0
0.000125 12744 0
0.00025 12223 0
0.000125 11566 0
0.000125 17970 0
0.000125 19340 0
0.000125 17865 0
0.00025 7375 0
0.00075 12895 0
0.000375 1367 0
0.0005 15985 0
0.000125 16548 0
0.000125 17905 0
0.000125 19689 0
0.000125 5111 0
0.000125 9994 0
0.000375 13883 0
0.000375 17681 0
0.000125 1699 0
0.000125 8960 0
0.001375 19573 0
0.000125 11744 0
0.000125 19742 0
0.000625 2091 0
0.0005 8 0
0.00025 1135 0
0.00025 19890 0
0.000125 13778 0
0.000125 10622 0
0.000125 10567 0
0.000375 15740 0
0.000125 15261 0
0.00025 1567 0
0.000125 9426 0
0.00025 9890 0
0.000625 14570 0
0.000375 11048 0
0.000125 18365 0
0.00025 3668 0
0.000125 7343 0
0.00075 13039 0
0.0005 1625 0
0.000375 12117 0
0.000125 14563 0
0.000125 18445 0
0.000125 10476 0
0.000125 17239 0
0.000125 14373 0
0.00025 13957 0
0.0005 1522 0
0.000125 8594 0
0.00075 29 0
0.000125 19890 0
0.000375 4014 0
0.000125 2316 0
0.0005 12970 0
0.000125 7176 0
0.000125 6591 0
0.001 15586 0
0.000625 11504 0
0.000375 5993 0
0.00025 9037 0
0.0005 8783 0
0.000375 12121 0
0.000125 17022 0
0.000125 10467 0
0.001 3589 0
0.000125 16710 0
0.000625 17498 0
0.000125 2824 0
0.000125 5007 0
0.000125 14081 0
0.0025 17085 0
0.000125 15716 0
0.000125 9499 0
0.000625 4457 0
0.002625 8867 0
0.00025 5114 0
0.000125 7330 0
0.000375 12407 0
0.000125 13477 0
0.000125 10200 0
0.000375 5642 0
0.000375 6557 0
0.00025 876 0
0.000125 1618 0
0.000625 13911 0
0.00025 5280 0
0.000125 5295 0
0.001 2664 0
0.000125 15983 0
0.00025 10134 0
0.0005 12460 0
0.00025 9954 0
0.00175 1555 0
0.001 11245 0
0.000125 4792 0
0.00025 6634 0
0.000375 16965 0
0.000125 19160 0
0.000125 7534 0
0.00025 15492 0
0.000125 13653 0
0.0005 418 0
0.00325 9813 0
0.000375 5819 0
0.0005 18585 0
0.000875 2401 0
0.000125 19093 0
0.000125 14689 0
0.000375 11609 0
0.000375 5745 0
0.0005 128 0
0.000125 7036 0
0.000375 1 0
0.000125 14023 0
0.000625 13420 0
0.000125 15284 0
0.000125 19827 0
0.00025 10359 0
0.000375 17349 0
0.000125 5350 0
0.000125 673 0
0.000375 18874 0
0.000125 3063 0
0.000625 263 0
0.000125 2299 0
0.000125 10923 0
0.00125 12887 0
0.000375 2712 0
0.000625 6312 0
0.0005 13035 0
0.000125 7919 0
0.000125 6916 0
0.000125 5527 0
0.000375 14349 0
0.00025 12808 0
0.00025 6707 0
0.000125 13159 0
0.00025 17176 0
0.000125 10645 0
0.00025 11077 0
0.000125 317 0
0.000125 3079 0
0.000375 3747 0
0.000125 19794 0
0.000125 18048 0
0.00025 13656 0
0.00075 14959 0
0.000125 7328 0
0.000125 17253 0
0.000125 16054 0
0.000125 17951 0
0.000125 8564 0
0.000125 9860 0
0.000375 6740 0
0.001 13220 0
0.000125 13358 0
0.000125 19150 0
0.000125 3580 0
0.000125 15675 0
0.000125 13441 0
0.000625 4525 0
0.000125 6053 0
0.0005 442 0
0.000125 3448 0
0.000125 17182 0
0.000125 9678 0
0.000125 10432 0
0.000125 16355 0
0.00025 1100 0
0.0005 4165 0
0.001 9960 0
0.000125 10014 0
0.000125 1771 0
0.000375 2351 0
0.000125 11304 0
0.000125 14656 0
0.000875 18142 0
0.000375 9401 0
0.000125 11419 0
0.000125 14620 0
0.000125 5544 0
0.000125 10166 0
0.000125 3629 0
0.000125 128 0
0.001125 16983 0
0.000375 12504 0
0.000125 11721 0
0.0005 9848 0
0.00075 19646 0
0.000875 19755 0
0.001125 8084 0
0.000125 16716 0
0.000125 14942 0
0.000125 15884 0
0.000125 13923 0
0.000125 16273 0
0.000125 13823 0
0.000125 19100 0
0.00025 10087 0
0.0005 7352 0
0.000125 16688 0
0.000125 12184 0
0.00025 4313 0
0.0005 7860 0
0.000125 1648 0
0.00075 19523 0
0.00025 2439 0
0.000125 2714 0
0.000375 1990 0
0.00025 8010 0
0.00025 12689 0
0.0005 1647 0
0.00025 11993 0
0.000125 1906 0
0.000125 1874 0
0.000125 15208 0
0.000625 6577 0
0.00025 6754 0
0.001625 3349 0
0.000125 13559 0
0.0015 10781 0
0.000125 7291 0
0.00025 12427 0
0.0005 2129 0
0.001375 4925 0
0.000625 5606 0
0.000125 2634 0
0.000125 2617 0
0.000375 2329 0
0.00025 9157 0
0.00025 10280 0
0.00025 11460 0
0.000125 11736 0
0.000125 7940 0
0.000125 11410 0
0.000125 2361 0
0.000125 6890 0
0.000125 11514 0
0.000625 11409 0
0.000125 2018 0
0.000125 13666 0
0.00025 15067 0
0.000125 2477 0
0.000125 14077 0
0.000125 9209 0
0.000125 14508 0
0.000375 17058 0
0.000375 12324 0
0.000125 4792 0
0.000875 9848 0
0.000125 10695 0
0.00025 1910 0
0.00125 10139 0
0.001 13271 0
0.00025 6812 0
0.000125 9658 0
0.00025 19614 0
0.00025 12711 0
0.000125 8381 0
0.000125 18068 0
0.001125 4364 0
0.000375 1666 0
0.00025 19619 0
0.001375 18742 0
0.000125 14755 0
0.000125 2774 0
0.000625 17643 0
0.00025 18818 0
0.00125 18275 0
0.000375 11167 0
0.000125 16221 0
0.00025 7640 0
0.00025 7568 0
0.000125 4778 0
0.000125 1218 0
0.000625 11821 0
0.000125 8606 0
0.00025 5232 0
0.001375 7399 0
0.000125 3442 0
0.0005 4801 0
0.000125 17182 0
0.0005 6598 0
0.000125 16706 0
0.00075 14443 0
0.000125 11929 0
0.000375 17848 0
0.00025 14597 0
0.00025 8724 0
0.002125 13263 0
0.000375 13247 0
0.000125 2161 0
0.00025 13546 0
0.00075 8074 0
0.00025 16192 0
0.000375 6924 0
0.000125 12728 0
0.000125 3168 0
0.000125 6472 0
0.001625 3971 0
0.0005 14648 0
0.00025 17759 0
0.0005 12726 0
0.000375 9916 0
0.000125 10858 0
0.000125 1339 0
0.000125 17074 0
0.000125 1570 0
0.000125 3384 0
0.000125 19276 0
0.000375 14611 0
0.000125 19886 0
0.00125 12134 0
0.000125 7929 0
0.000125 8274 0
0.000125 8071 0
0.000125 3084 0
0.000125 13383 0
0.000375 5430 0
0.000375 4369 0
0.0005 15908 0
0.000125 16050 0
0.000125 14528 0
0.00075 5567 0
0.000125 17089 0
0.000125 13862 0
0.000125 2205 0
0.000125 17501 0
0.00025 11750 0
0.0005 7982 0
0.00075 6717 0
0.000625 10028 0
0.000125 7124 0
0.000125 16614 0
0.001 1854 0
0.000375 14375 0
0.0005 14552 0
0.0005 11808 0
0.000375 5543 0
0.00125 12494 0
0.00075 10449 0
0.000375 7412 0
0.000125 16095 0
0.00075 5200 0
0.000125 17796 0
0.000125 16174 0
0.00025 392 0
0.00025 12884 0
0.0005 18494 0
0.0005 17838 0
0.00025 16073 0
0.000375 13951 0
0.000125 17342 0
0.000625 13911 0
0.0005 3456 0
0.00025 32 0
0.000125 4232 0
0.000375 10237 0
0.000125 13071 0
0.000375 14145 0
0.000125 17426 0
0.0005 4446 0
0.000125 12659 0
0.000125 17777 0
0.00025 636 0
0.000375 6051 0
0.000125 5314 0
0.000125 348 0
0.00025 11837 0
0.000125 290 0
0.000625 5757 0
0.00025 7680 0
0.000375 15065 0
0.00025 10048 0
0.00025 6879 0
0.000125 4106 0
0.000625 17153 0
0.000125 15233 0
0.000125 11667 0
0.000125 659 0
0.000375 13969 0
0.00025 13857 0
0.000125 8248 0
0.000125 12988 0
0.00025 3185 0
0.000125 135 0
0.00025 4770 0
0.001125 8 0
0.000125 10723 0
0.00025 14414 0
0.00025 4806 0
0.000125 19722 0
0.00025 15994 0
0.00075 1200 0
0.000375 4676 0
0.000125 13750 0
0.00025 10541 0
0.000375 15487 0
0.000625 2007 0
0.000125 9866 0
0.000875 12107 0
0.001875 573 0
0.000375 18638 0
0.000125 12774 0
0.000125 16046 0
0.000125 9437 0
0.000375 13507 0
0.000125 16498 0
0.000125 2991 0
0.0005 3343 0
0.000125 17656 0
0.000125 19948 0
0.000125 13965 0
0.001125 8333 0
0.000375 13359 0
0.000625 7471 0
0.000125 13563 0
0.00125 5361 0
0.000125 5830 0
0.00025 15555 0
0.00025 7587 0
0.000125 461 0
0.000375 6898 0
0.000125 17669 0
0.000375 18423 0
0.000125 17908 0
0.000125 6782 0
0.000375 9988 0
0.000125 2396 0
0.00025 15977 0
0.000125 15682 0
0.000125 14999 0
0.0005 17335 0
0.000125 2736 0
0.000125 18309 0
0.000125 12951 0
0.000125 17161 0
0.000125 11894 0
0.000375 13797 0
0.0005 19998 0
0.000125 18579 0
0.000125 1110 0
0.0005 11370 0
0.000375 7206 0
0.000125 15894 0
0.000125 9992 0
0.000125 1605 0
0.000125 19011 0
0.00025 8458 0
0.000125 12523 0
0.00025 6605 0
0.000625 19368 0
0.0005 16844 0
0.00025 931 0
0.000125 9387 0
0.00075 6870 0
0.000125 17767 0
0.000125 15526 0
0.0005 2767 0
0.000125 8812 0
0.000125 11503 0
0.000125 17463 0
0.0005 5351 0
0.000125 2744 0
0.000125 14679 0
0.000125 18939 0
0.000125 18771 0
0.000125 10963 0
0.00025 10992 0
0.00025 7903 0
0.000375 15490 0
0.000125 16913 0
0.000125 10131 0
0.000125 5086 0
0.00025 5452 0
0.000125 2288 0
0.0005 1155 0
0.000125 3630 0
0.00075 16105 0
0.000375 4224 0
0.000125 7663 0
0.00025 13791 0
0.000875 9832 0
0.00025 8703 0
0.000375 13872 0
0.0005 16084 0
0.000125 16793 0
0.000125 15381 0
0.000125 2237 0
0.00025 19458 0
0.000625 10377 0
0.00025 5379 0
0.000125 4874 0
0.00025 3857 0
0.000375 11691 0
0.000125 2460 0
0.00025 8394 0
0.000375 12739 0
0.000125 15546 0
0.000125 1444 0
0.00025 11452 0
0.0005 3377 0
0.00025 10726 0
0.000125 4793 0
0.00025 9796 0
0.00025 11371 0
0.000625 1339 0
0.001125 9998 0
0.000125 16128 0
0.000125 12998 0
0.00025 357 0
0.000375 3119 0
0.000125 819 0
0.00025 9128 0
0.00025 14595 0
0.000375 19636 0
0.000125 11934 0
0.00025 126 0
0.000125 13167 0
0.000125 16063 0
0.00025 1149 0
0.000125 13075 0
0.0005 3290 0
0.00025 16458 0
0.000625 6909 0
0.000125 14558 0
0.000375 9232 0
0.00025 6417 0
0.000125 13775 0
0.000625 10986 0
0.000125 5136 0
0.000125 10224 0
0.00025 11806 0
0.00025 468 0
0.000125 8670 0
0.00025 16109 0
0.00025 9185 0
0.000625 6355 0
0.000375 9962 0
0.000125 12757 0
0.000125 621 0
0.000375 1837 0
0.0005 18257 0
0.000125 1166 0
0.000125 14975 0
0.000125 5649 0
0.000125 8257 0
0.001875 3005 0
0.0005 3097 0
0.000125 13533 0
0.000125 18160 0
0.000125 19691 0
0.000125 3559 0
0.000375 8063 0
0.000125 12528 0
0.000875 17992 0
0.00025 16662 0
0.00025 9527 0
0.0005 19994 0
0.00025 11507 0
0.000125 14112 0
0.000125 2468 0
0.000125 16177 0
0.000125 8475 0
0.00025 15296 0
0.000125 11829 0
0.000125 15869 0
0.00075 9041 0
0.000125 14260 0
0.000125 11083 0
0.000125 15787 0
0.000125 11218 0
0.000125 672 0
0.0005 4435 0
0.000375 8523 0
0.00025 9843 0
0.000125 5498 0
0.000125 871 0
0.000375 14009 0
0.000125 18902 0
0.00025 4308 0
0.000875 12611 0
0.000125 2729 0
0.000125 14322 0
0.000125 3257 0
0.000125 12203 0
0.00025 11230 0
0.000125 11603 0
0.00075 11858 0
0.000125 1887 0
0.0005 13904 0
0.000125 10821 0
0.0005 7465 0
0.00025 9481 0
0.00025 13165 0
0.0005 11516 0
0.000125 527 0
0.000125 7957 0
0.000125 5021 0
0.000125 9465 0
0.000125 5502 0
0.00025 17048 0
0.000875 2188 0
0.000125 4737 0
0.00125 16673 0
0.000125 15169 0
0.000125 200 0
0.000375 2874 0
0.0005 16169 0
0.000125 9799 0
0.000125 5051 0
0.00075 11297 0
0.0005 2667 0
0.001375 18300 0
0.00025 3342 0
0.0005 13892 0
0.00025 4396 0
0.000375 11705 0
0.000125 13930 0
0.0005 12463 0
0.0005 6457 0
0.00025 19216 0
0.00025 3625 0
0.000875 8127 0
0.000375 7386 0
0.000125 9528 0
0.000125 17816 0
0.000625 3988 0
0.000125 16932 0
0.000125 11779 0
0.0005 9098 0
0.000375 4693 0
0.000375 6761 0
0.000125 14826 0
0.00025 5362 0
0.000375 9425 0
0.00025 1195 0
0.001125 2532 0
0.000125 14345 0
0.0015 14035 0
0.000125 14409 0
0.000125 5582 0
0.000125 1866 0
0.000625 2020 0
0.000125 12797 0
0.000125 5549 0
0.000125 10431 0
0.00025 7269 0
0.000375 13518 0
0.000125 5187 0
0.000375 19029 0
0.000875 12783 0
0.0005 17050 0
0.000125 19117 0
0.000125 9395 0
0.00025 17922 0
0.0005 18494 0
0.000125 18244 0
0.00025 15795 0
0.000125 2919 0
0.000125 12929 0
0.000125 9923 0
0.000625 18424 0
0.001375 3385 0
0.002375 12188 0
0.000125 13025 0
0.000125 17186 0
0.000125 1509 0
0.000125 15269 0
0.000125 1003 0
0.000125 14773 0
0.000375 8252 0
0.000125 2004 0
0.000375 15451 0
0.000125 5591 0
0.00025 14083 0
0.000125 5941 0
0.000125 1815 0
0.000125 15318 0
0.000125 3283 0
0.000125 11662 0
0.000125 1093 0
0.000125 4106 0
0.00025 10241 0
0.00125 4947 0
0.00025 14070 0
0.000125 10666 0
0.000125 14813 0
0.000125 17613 0
0.0005 7127 0
0.00025 5465 0
0.000375 5633 0
0.000625 17577 0
0.000125 8482 0
0.000125 3654 0
0.000125 6646 0
0.000125 2031 0
0.000375 9167 0
0.000125 11555 0
0.00025 19832 0
0.000125 7232 0
0.000625 11616 0
0.000125 6448 0
0.000625 12734 0
0.000875 10897 0
0.000125 12652 0
0.000125 9928 0
0.0005 7393 0
0.000375 19053 0
0.00025 13756 0
0.000625 1736 0
0.000625 2975 0
0.000375 15542 0
0.000125 17301 0
0.000125 9927 0
0.00025 6341 0
0.00025 6416 0
0.00025 12026 0
0.00025 18614 0
0.000625 18350 0
0.001 3889 0
0.00025 13891 0
0.000125 47 0
0.000125 18909 0
0.000125 17406 0
0.00025 10935 0
0.000125 2789 0
0.000125 1643 0
0.0005 8471 0
0.000125 12427 0
0.00025 6525 0
0.00025 14823 0
0.000375 4126 0
0.000125 4334 0
0.000625 19068 0
0.001125 14706 0
0.0015 13985 0
0.000375 7433 0
0.001125 5871 0
0.00025 5166 0
0.000625 3397 0
0.000125 5195 0
0.00075 10456 0
0.000625 10887 0
0.00025 10463 0
0.001375 3184 0
0.00025 17755 0
0.001125 12349 0
0.000125 18722 0
0.000875 14777 0
0.000125 25 0
0.000375 8275 0
0.000125 14034 0
0.000125 5816 0
0.00025 622 0
0.000125 10738 0
0.0015 763 0
0.000125 9809 0
0.000625 17997 0
0.000875 18066 0
0.000125 3009 0
0.000375 15122 0
0.000125 13838 0
0.000125 3445 0
0.000125 19221 0
0.000125 7323 0
0.000125 13192 0
0.000125 11748 0
0.00025 11928 0
0.000125 14691 0
0.00025 2745 0
0.000375 8742 0
0.0005 1097 0
0.000125 19674 0
0.00175 4930 0
0.0005 17419 0
0.000125 14407 0
0.000125 6431 0
0.000125 4433 0
0.0005 18486 0
0.000125 18087 0
0.001125 12444 0
0.00125 13267 0
0.001125 339 0
0.00025 13017 0
0.000125 5002 -0.0312045
0.000625 2944 0
0.000375 11555 0
0.000125 3781 0
0.000125 10211 0
0.000125 2315 0
0.00075 9070 0
0.000625 16108 0
0.000625 1587 0
0.00025 15975 0
0.000125 15596 0
0.000125 5144 0
0.00025 5300 0
0.0015 15808 0
0.000375 11216 0
0.000125 15954 0
0.001 16699 0
0.0005 9322 0
0.000125 6982 0
0.000375 15789 0
0.000125 17866 0
0.001 17650 0
0.0005 19504 0
0.00075 14741 0
0.000125 16137 0
0.000375 12530 0
0.00025 4237 0
0.0005 2173 0
0.001375 4079 0
0.00025 8907 0
0.000125 2351 0
0.00025 17836 0
0.000125 12624 0
0.000375 14741 0
0.000375 7995 0
0.00025 4081 0
0.00075 2044 0
0.000125 7822 0
0.000375 4675 0
0.000375 2427 0
0.00075 18933 0
0.0005 3811 0
0.000625 17551 0
0.000125 1126 0
0.000125 14029 0
0.000375 7196 0
0.000375 10210 0
0.00025 3564 0
0.000125 14667 0
0.000125 6504 0
0.000125 16770 0
0.000125 797 0
0.000125 10815 0
0.000625 13946 0
0.000125 7315 0
0.000125 8714 0
0.000125 17747 0
0.000375 2007 0
0.0005 16888 0
0.000625 11955 0
0.00025 19643 0
0.000375 10827 0
0.000125 15638 0
0.000125 6642 0
0.000125 11104 0
0.0005 11722 0
0.00025 4986 0
0.000125 9180 0
0.00025 151 0
0.000125 13019 0
0.00025 10741 0
0.000125 12725 0
0.001 19318 0
0.00025 4601 0
0.000125 2939 0
0.000125 7485 0
0.00025 5484 0
0.000125 18228 0
0.000625 901 0
0.0005 14603 0
0.0005 2160 0
0.00025 9158 0
0.000625 17657 0
0.00025 18622 0
0.0005 15010 0
0.000125 1593 0
0.001125 17504 0
0.0015 7945 0
0.00025 12550 0
0.000875 5110 0
0.00025 7047 0
0.000125 4246 0
0.00225 12045 0
0.00025 14027 0
0.00025 18474 0
0.00025 13434 0
0.000125 8344 0
0.000125 5486 0
0.000625 870 0
0.000125 15994 0
0.000125 15921 0
0.000125 16632 0
0.00025 17710 0
0.000125 3816 0
0.00025 16365 0
0.000125 2043 0
0.000125 8445 0
0.000375 6129 0
0.000375 12874 0
0.000125 13015 0
0.000375 6583 0
0.000125 4353 0
0.000375 10279 0
0.00025 15733 0
0.000125 5627 0
0.000125 8583 0
0.00025 16437 0
0.000375 14456 0
0.000375 8282 0
0.000125 12207 0
0.000125 16327 0
0.000125 9023 0
0.000125 15745 0
0.000375 878 0
0.000375 17694 0
0.0005 9607 0
0.000125 7679 0
0.000125 600 0
0.000625 16286 0
0.002375 15903 0
0.000125 914 0
0.000125 14511 0
0.000875 15164 0
0.0005 4937 0
0.00025 5598 0
0.000125 18328 0
0.000125 18051 0
0.000375 14532 0
0.000125 4021 0
0.000125 3539 0
0.0005 8379 0
0.000125 10860 0
0.00025 12154 0
0.0005 5753 0
0.000125 3649 0
0.000375 15155 0
0.001 12741 0
0.000875 11916 0
0.0005 5961 0
0.000375 13840 0
0.000125 19304 0
0.00025 12531 0
0.000125 11384 0
0.001375 7061 0
0.000125 552 0
0.000125 357 0
0.000625 4252 0
0.000125 9409 0
0.000375 15310 0
0.000125 6129 0
0.000125 10222 0
0.000125 12593 0
0.00025 2957 0
0.001 5825 0
0.000125 8514 0
0.000125 3060 0
0.00075 17782 0
0.0005 3029 0
0.00025 13288 0
0.000125 15071 0
0.000125 7554 0
0.000125 15194 0
0.000125 10598 0
0.00025 8531 0
0.000375 3528 0
0.00075 17229 0
0.00025 17222 0
0.000125 9476 0
0.00025 16396 0
0.00025 18737 0
0.00075 10841 0
0.000125 2805 0
0.000125 4629 0
0.002 5743 0
0.00075 11487 0
0.000125 14027 0
0.000125 12190 0
0.00075 8224 0
0.000125 10152 0
0.000125 9995 0
0.000375 13585 0
0.000375 5692 0
0.000375 13836 0
0.00125 17424 0
0.000125 19581 0
0.00075 499 0
0.00025 9282 0
0.000125 17344 0
0.000125 16943 0
0.000125 12681 0
0.000125 19163 0
0.00025 11712 0
0.001 2837 0
0.000125 1226 0
0.0015 1761 0
0.00075 12476 0
0.00125 13135 0
0.000125 1642 0
0.000125 554 0
0.00025 12908 0
0.000375 2553 0
0.000125 13577 0
0.000125 6308 0
0.0005 18574 0
0.000375 12185 0
0.00125 6651 0
0.000125 850 0
0.000875 16250 0
0.000625 19121 0
0.001125 11485 0
0.0015 14500 0
0.000125 16380 0
0.000125 13685 0
0.000375 6914 0
0.000125 304 0
0.0005 9532 0
0.000125 9928 0
0.000125 6014 0
0.00125 17033 0
0.000625 4367 0
0.002125 9011 0
0.000125 5140 0
0.000125 4059 0
0.00075 19576 0
0.0005 19636 0
0.000125 13766 0
0.000125 13262 0
0.00025 3135 0
0.000625 4124 0
0.000125 10033 0
0.00025 1805 0
0.00025 19742 0
0.000125 18906 0
0.0005 4524 0
0.00025 8793 0
0.000375 13904 0
0.000125 15066 0
0.000125 9372 0
0.00025 16391 0
0.00025 13228 0
0.00025 19000 0
0.000125 5664 0
0.00025 19794 0
0.000125 6948 0
0.000125 6935 0
0.000125 16673 0
0.000875 14440 0
0.000125 17086 0
0.00025 1195 0
0.000125 4326 0
0.000125 14632 0
0.000125 17727 0
0.000125 15751 0
0.00025 4005 0
0.000125 8415 0
0.000125 4400 0
0.000125 3832 0
0.0005 8121 0
0.000125 16809 0
0.000125 406 0
0.00075 3993 0
0.000125 5283 0
0.000375 2755 0
0.000625 11916 0
0.000125 5365 0
0.000125 956 0
0.00075 12402 0
0.00025 7023 0
0.00025 4201 0
0.00025 1078 0
0.000625 18340 0
0.000125 16553 0
0.000125 18328 0
0.00025 11825 0
0.00075 1632 0
0.000375 3426 0
0.000625 19283 0
0.00025 3617 0
0.000375 9826 0
0.000125 16991 0
0.000125 102 0
0.00025 18702 0
0.000125 10515 0
0.000625 14828 0
0.000125 2811 0
0.0005 6014 0
0.000125 17948 0
0.001 5086 0
0.00025 10988 0
0.000375 19861 0
0.000375 14117 0
0.000125 11739 0
0.00025 3890 0
0.000125 9677 0
0.000625 8825 0
0.000375 7500 0
0.00025 546 0
0.0005 12649 0
0.000875 13703 0
0.0005 10093 0
0.0005 9142 0
0.000125 12789 0
0.000125 18083 0
0.000125 4364 0
0.000125 3276 0
0.000375 17367 0
0.000125 12975 0
0.0025 622 0
0.000125 13357 0
0.000125 4000 0
0.000875 12159 0
0.00025 11991 0
0.000375 15800 0
0.000125 6331 0
0.000125 10748 0
0.001375 5632 0
0.000125 11578 0
0.000125 10844 0
0.00025 1184 0
0.000125 11374 0
0.000125 10824 0
0.000125 615 0
0.00025 17953 0
0.000125 15810 0
0.000125 11016 0
0.000625 3636 0
0.000625 8338 0
0.000375 17462 0
0.000125 13435 0
0.00075 19546 0
0.000125 17440 0
0.00025 11030 0
0.00075 17312 0
0.000125 6721 0
0.00025 10612 0
0.00025 16438 0
0.001 12132 0
0.000125 7286 0
0.000375 12185 0
0.000125 12582 0
0.0005 594 0
0.00025 13248 0
0.000125 16741 0
0.00025 15936 0
0.001375 16659 0
0.000375 11504 0
0.000375 19608 0
0.000625 14265 0
0.001 15141 0
0.000125 9322 0
0.00025 9811 0
0.000625 8949 0
0.00025 10144 0
0.000125 15814 0
0.00025 12881 0
0.000125 17388 0
0.000125 14427 0
0.00025 12857 0
0.00025 8584 0
0.001125 10990 0
0.000875 410 0
0.000125 8800 0
0.000125 14109 0
0.00025 12218 0
0.000375 5338 0
0.001375 19772 0
0.00025 1113 0
0.000375 9244 0
0.00025 13749 0
0.000625 6086 0
0.000125 18054 0
0.00025 7715 0
0.000375 10336 0
0.000375 8850 0
0.001 12287 0
0.000375 5680 0
0.00025 10113 0
0.000125 11368 0
0.000125 9687 0
0.000125 8427 0
0.000125 1186 0
0.001625 147 0
0.00025 2413 0
0.000375 11495 0
0.000125 16455 0
0.000625 17630 0
0.000125 10305 0
0.000375 13014 0
0.000625 8199 0
0.001125 6188 0
0.000125 1975 0
0.00025 13420 0
0.000375 7634 0
0.0005 15125 0
0.0005 5220 0
0.000125 7024 0
0.000125 6521 0
0.00025 4739 0
0.000125 9659 0
0.000125 7957 0
0.000125 8672 0
0.000125 13688 0
0.000125 6748 0
0.00075 5657 0
0.000125 4714 0
0.000125 4966 0
0.00025 8960 0
0.00025 16019 0
0.000125 13241 0
0.001875 6212 0
0.001125 15243 0
0.001125 17390 0
0.000125 19810 0
0.00075 1523 0
0.000625 17053 0
0.000125 15475 0
0.000875 2668 0
0.000125 15159 0
0.000125 15186 0
0.000875 3889 0
0.000375 7972 0
0.000125 15396 0
0.001 8491 0
0.000125 1311 0
0.0005 6509 0
0.00025 18946 0
0.0005 4041 0
0.000125 12956 0
0.00025 6481 0
0.00025 18308 0
0.000125 19677 0
0.000875 3289 0
0.000375 10817 0
0.000125 12152 0
0.00025 13273 0
0.000125 8287 0
0.00025 1324 0
0.000125 4990 0
0.00025 3887 0
0.00025 9225 0
0.000125 18162 0
0.000125 1368 0
0.00025 15940 0
0.000625 1534 0
0.000125 2917 0
0.00025 11471 0
0.000125 12927 0
0.001125 6559 0
0.000125 18600 0
0.00025 18441 0
0.000125 11912 0
0.000125 1622 0
0.000125 8214 0
0.000125 6052 0
0.000125 930 0
0.000125 12770 0
0.000125 7893 0
0.000125 937 0
0.000125 3469 0
0.000375 14001 0
0.000375 5498 0
0.00025 838 0
0.000625 6700 0
0.000375 9594 0
0.000125 2527 0
0.000625 760 0
0.001125 12550 0
0.000125 14547 0
0.000375 11171 0
0.000125 16697 0
0.000125 10433 0
0.00225 9159 0
0.000125 11104 0
0.0005 7830 0
0.000125 1675 0
0.00025 819 0
0.000125 18935 0
0.000125 10588 0
0.000375 10044 0
0.0005 3973 0
0.000625 7986 0
0.000125 7887 0
0.000375 9979 0
0.000125 1736 0
0.0005 16377 0
0.000125 18676 0
0.000375 2178 0
0.00025 16354 0
0.00025 13642 0
0.00025 17715 0
0.00025 16919 0
0.00025 18415 0
0.00025 12602 0
0.000125 17590 0
0.000125 18354 0
0.000375 9617 0
0.000125 3286 0
0.00025 864 0
0.000375 3130 0
0.000375 15988 0
0.00025 3522 0
0.000125 18373 0
0.00025 18786 0
0.001125 10841 0
0.000125 79 0
0.000125 3311 0
0.000125 7603 0
0.00125 14721 0
0.000125 14447 0
0.001 28 0
0.000125 8252 0
0.00025 1599 0
0.001 5021 0
0.000125 7174 0
0.000875 17582 0
0.000125 5830 0
0.000125 2490 0
0.000125 5179 0
0.000625 7937 0
0.000125 3454 0
0.00075 4073 0
0.0005 1761 0
0.000125 1450 0
0.00025 5629 0
0.00025 2964 0
0.000375 3697 0
0.000125 13967 0
0.0015 3542 0
0.0005 2586 0
0.000125 2705 0
0.000375 9170 0
0.00025 569 0
0.000625 15066 0
0.0015 1163 0
0.000125 14949 0
0.000125 13860 0
0.0005 122 0
0.000125 13377 0
0.00125 9398 0
0.00025 6533 0
0.00075 11769 0
0.000125 4729 0
0.00025 16891 0
0.00025 4619 0
0.000125 4398 0
0.001125 12997 0
0.000125 17045 0
0.00025 19693 0
0.000125 16246 0
0.000125 7421 0
0.000125 19344 0
0.00025 9700 0
0.00025 11748 0
0.000125 16236 0
0.000125 11360 0
0.000125 10984 0
0.000375 13925 0
0.00025 11826 0
0.00025 13791 0
0.00025 7713 0
0.000125 7152 0
0.000125 19379 0
0.0005 18380 0
0.000125 9216 0
0.00075 17331 0
0.000125 9357 0
0.000125 17972 0
0.000125 17860 0
0.000125 2640 0
0.000125 5419 0
0.00025 8732 0
0.00025 18594 0
0.00025 12221 0
0.000125 14203 0
0.00025 14848 0
0.000375 19915 0
0.00075 14342 0
0.000375 6102 0
0.000125 15248 0
0.000125 10475 0
0.00025 7787 0
0.00025 19019 0
0.00025 2143 0
0.000375 11842 0
0.000125 2298 0
0.000125 12127 0
0.000125 1431 0
0.00075 18190 0
0.00025 12425 0
0.000125 12092 0
0.000125 4339 0
0.00025 12874 0
0.00025 3136 0
0.00025 9282 0
0.000375 731 0
0.001 2055 0
0.000125 2158 0
0.00025 7347 0
0.000125 11746 0
0.000125 6843 0
0.000125 14040 0
0.000125 3092 0
0.00025 4150 0
0.00075 10433 0
0.000125 9650 0
0.000125 4498 0
0.00075 3279 0
0.000375 9458 0
0.000125 17539 0
0.000125 10188 0
0.000625 683 0
0.000125 7910 0
0.000125 1782 0
0.000125 18303 0
0.000125 12736 0
0.000125 19969 0
0.000625 11126 0
0.000125 18384 0
0.000125 7437 0
0.000625 8815 0
0.000125 15302 0
0.000625 18681 0
0.000125 13100 0
0.000125 12782 0
0.000375 8923 0
0.000125 14354 0
0.001125 11379 0
0.000375 4053 0
0.000375 15655 0
0.00025 5525 0
0.00025 17161 0
0.000125 7262 0
0.000125 14337 0
0.000375 18086 0
0.000875 15726 0
0.00025 6911 0
0.000125 4367 0
0.00075 2305 0
0.000125 12485 0
0.00025 14791 0
0.000125 7907 0
0.00025 7264 0
0.000125 3919 0
0.000125 9223 0
0.001 16146 0
0.000125 4363 0
0.000125 18958 0
0.000125 1012 0
0.000125 15573 0
0.000125 9305 0
0.001625 15086 0
0.000125 5896 0
0.000125 11227 0
0.00175 6004 0
0.000125 9504 0
0.00025 16008 0
0.000125 16963 0
0.000125 5226 0
0.001 19288 0
0.000125 55 0
0.000875 7008 0
0.000125 10136 0
0.000625 18704 0
0.000125 6398 0
0.00025 948 0
0.000875 11341 0
0.000125 11252 0
0.000375 2795 0
0.000375 7120 0
0.000125 14625 0
0.0005 12532 0
0.00025 18691 0
0.000125 8648 0
0.000125 17289 0
0.000125 16381 0
0.000375 11251 0
0.00075 1403 0
0.000375 1991 0
0.0005 11090 0
0.0005 17496 0
0.000375 657 0
0.000125 16151 0
0.001 17410 0
0.00025 8535 0
0.000125 16776 0
0.00025 1992 0
0.000125 9062 0
0.000125 6826 0
0.000125 16917 0
0.000125 1484 0
0.000625 12024 0
0.000125 12560 0
0.000625 13361 0
0.000125 5342 0
0.000125 17554 0
0.000125 2000 0
0.001 2657 0
0.000125 1062 0
0.000125 15150 0
0.000375 8920 0
0.000125 993 0
0.000125 2186 0
0.000125 12172 0
0.00025 10008 0
0.000375 6560 0
0.0005 1348 0
0.000125 8978 0
0.000125 17629 0
0.000125 7708 0
0.000625 6194 0
0.000125 13986 0
0.000875 11934 0
0.0005 15373 0
0.00025 19547 0
0.000625 13538 0
0.00025 16969 0
0.001 4467 0
0.0005 708 0
0.000625 17370 0
0.000375 11713 0
0.0005 3397 0
0.00025 13173 0
0.000125 15019 0
0.000125 16283 0
0.00025 19390 0
0.001 9690 0
0.001 6338 0
0.000125 10208 0
0.000125 11148 0
0.00025 3485 0
0.000125 16871 0
0.000125 16920 0
0.000125 9649 0
0.000125 9169 0
0.000125 5868 0
0.000125 16539 0
0.001 7157 0
0.000125 3721 0
0.00125 14355 0
0.000125 11031 0
0.000125 13113 0
0.00025 16921 0
0.00025 7417 0
0.000375 14236 0
0.00025 2385 0
0.000125 4690 0
0.00025 1617 0
0.00025 17849 0
0.00025 5080 0
0.000625 14280 0
0.000125 13358 0
0.000125 8875 0
0.0005 9037 0
0.000125 2577 0
0.000125 2593 0
0.000125 5882 0
0.0005 8355 0
0.000125 499 0
0.0005 1237 0
0.001 6742 0
0.00025 2499 0
0.00025 8328 0
0.00025 3209 0
0.00025 19236 0
0.000125 2455 0
0.00025 9514 0
0.0005 8604 0
0.000875 15792 0
0.00125 727 0
0.000125 14105 0
0.00025 14650 0
0.000125 413 0
0.0005 3101 0
0.0005 16625 0
0.000125 17767 0
0.00025 17996 0
0.000125 2078 0
0.0005 8589 0
0.000125 1166 0
0.000125 191 0
0.000125 7041 0
0.000125 5289 0
0.00025 5430 0
0.0005 16654 0
0.000875 3955 0
0.000125 4288 0
0.000125 8231 0
0.000375 7011 0
0.000125 14071 0
0.000375 9441 0
0.000125 14542 0
0.000125 17922 0
0.000125 19579 0
0.000125 14875 0
0.001125 16013 0
0.00025 14992 0
0.000875 18575 0
0.00075 2374 0
0.000125 15441 0
0.000375 8106 0
0.0015 2313 0
0.000625 1684 0
0.000125 2959 0
0.000375 12466 0
0.000125 5369 0
0.000125 9084 0
0.00025 3977 0
0.000625 18183 0
0.0005 12935 0
0.000125 14498 0
0.000875 10482 0
0.000125 14633 0
0.000125 9659 0
0.000125 5222 0
0.000125 16784 0
0.0005 6357 0
0.000125 10811 0
0.000375 5266 0
0.000125 18684 0
0.00025 16525 0
0.000125 5313 0
0.000125 1995 0
0.00025 2977 0
0.001 3771 0
0.000375 923 0
0.000125 4775 0
0.00025 3702 0
0.000125 10858 0
0.000375 11696 0
0.00025 14719 0
0.000125 530 0
0.0005 4797 0
0.00075 1533 0
0.00025 583 0
0.00025 17751 0
0.000125 5366 0
0.000125 13003 0
0.000625 15791 0
0.000125 14498 0
0.00025 3667 0
0.00025 1707 0
0.00025 1525 0
0.000125 2699 0
0.000125 3812 0
0.000125 7079 0
0.00075 3679 0
0.000125 14902 0
0.001 3489 0
0.00025 9539 0
0.0005 7889 0
0.000125 17871 0
0.001125 381 0
0.000875 13268 0
0.000125 7668 0
0.000125 7670 0
0.000375 14841 0
0.000125 138 0
0.000125 17667 0
0.00025 4777 0
0.000125 12210 0
0.000125 6915 0
0.000125 9330 0
0.00025 6338 0
0.000375 10778 0
0.00025 8508 0
0.00025 6954 0
0.000375 5164 0
0.000125 16365 0
0.000125 8832 0
0.00025 11951 0
0.000125 14252 0
0.000375 9675 0
0.000125 15556 0
0.001125 14461 0
0.0005 15119 0
0.000125 9183 0
0.000125 17674 0
0.000125 16793 0
0.000125 12981 0
0.00025 3605 0
0.000125 5923 0
0.00075 6675 0
0.000125 17136 0
0.00075 6531 0
0.000125 648 0
0.000125 12718 0
0.000375 4194 0
0.000375 11768 0
0.000125 13264 0
0.0005 10954 0
0.0005 15312 0
0.000125 16228 0
0.000125 9037 0
0.000375 15871 0
0.001125 159 0
0.000125 4240 0
0.000125 14814 0
0.0005 12308 0
0.0005 15437 0
0.000125 1946 0
0.00025 11804 0
0.000125 6423 0
0.000125 10582 0
0.00025 1874 0
0.00025 9889 0
0.000625 4952 0
0.00025 14796 0
0.000125 5313 0
0.00025 7769 0
0.00025 18727 0
0.00075 7971 0
0.00075 5655 0
0.000125 8181 0
0.000125 10045 0
0.00025 19990 0
0.000125 17320 0
0.000125 16804 0
0.00075 11396 0
0.000375 14422 0
0.000125 16020 0
0.00025 7481 0
0.000125 7205 0
0.000125 17887 0
0.000125 12382 0
0.000375 15625 0
0.000375 472 0
0.000125 3635 0
0.000125 5957 0
0.000375 17520 0
0.000125 19852 0
0.001 12657 0
0.001125 16059 0
0.0005 6672 0
0.000125 11580 0
0.00025 2871 0
0.000125 4828 0
0.000375 3387 0
0.000875 15605 0
0.000125 13858 0
0.001125 1841 0
0.000125 4471 0
0.000125 9222 0
0.000125 15600 0
0.000125 12168 0
0.000125 4461 0
0.0005 2854 0
0.000125 8447 0
0.0005 3211 0
0.000125 15170 0
0.00025 18038 0
0.000125 1156 0
0.000375 18703 0
0.00025 3125 0
0.000125 1082 0
0.00025 17519 0
0.0005 17245 0
0.00025 6661 0
0.000125 281 0
0.000125 258 0
0.00025 6075 0
0.000125 18298 0
0.000125 5527 0
0.000125 8921 0
0.00025 14160 0
0.00025 16334 0
0.00025 6160 0
0.0005 4080 0
0.000125 5847 0
0.001125 14206 0
0.000125 8372 0
0.0005 5859 0
0.000125 15289 0
0.000125 16473 0
0.00025 9950 0
0.00025 8289 0
0.00025 9989 0
0.000125 15058 0
0.000125 8193 0
0.000875 5085 0
0.000125 15414 0
0.000375 16910 0
0.000125 7702 0
0.00025 2524 0
0.0005 2730 0
0.00025 3457 0
0.000125 11596 0
0.00025 180 0
0.000125 8831 0
0.000125 5526 0
0.000125 13863 0
0.00025 2033 0
0.000125 5186 0
0.000125 15444 0
0.0005 10545 0
0.000125 7565 0
0.000375 11903 0
0.00025 7865 0
0.00025 19385 0
0.000125 14683 0
0.000125 18521 0
0.001875 16445 0
0.000125 18218 0
0.000125 1116 0
0.0005 16037 0
0.001125 18660 0
0.000125 4296 0
0.000125 9401 0
0.00025 9129 0
0.000125 7063 0
0.00075 299 0
0.00025 3337 0
0.000125 1744 0
0.000375 15386 0
0.000125 17966 0
0.000125 12797 0
0.000125 16086 0
0.000125 8266 0
0.000125 17323 0
0.000125 17410 0
0.000125 10726 0
0.000125 18640 0
0.000125 11221 0
0.000125 19610 0
0.00025 4804 0
0.000875 18281 0
0.00025 18197 0
0.000375 5438 0
0.000125 8860 0
0.000125 13816 0
0.000125 1466 0
0.000125 1877 0
0.00025 1660 0
0.00025 18335 0
0.001 4538 0
0.00025 14112 0
0.000125 858 0
0.0005 8755 0
0.000125 1374 0
0.00025 5419 0
0.000125 14088 0
0.000125 14984 0
0.00025 7029 0
0.00025 7207 0
0.00025 6989 0
0.00025 19439 0
0.000125 5235 0
0.000125 9006 0
0.001 2461 0
0.000125 3062 0
0.0005 1969 0
0.000375 2273 0
0.00025 1537 0
0.000125 16072 0
0.000875 9630 0
0.00025 17300 0
0.000125 2873 0
0.000375 17001 0
0.00025 6683 0
0.000125 13437 0
0.000375 15684 0
0.000375 16676 0
0.000125 18622 0
0.000125 5546 0
0.000625 5823 0
0.00025 2345 0
0.000125 5935 0
0.00025 7671 0
0.000625 8696 0
0.00025 3705 0
0.000125 2347 0
0.00025 14012 0
0.0005 17375 0
0.000125 14051 0
0.000125 7741 0
0.00025 6987 0
0.0005 5804 0
0.000125 14481 0
0.0005 17424 0
0.000375 14152 0
0.00025 8961 0
0.000125 15209 0
0.00025 10676 0
0.00025 345 0
0.000125 15990 0
0.000125 9263 0
0.000125 596 0
0.000375 13185 0
0.000125 15592 0
0.000125 12910 0
0.00025 3238 0
0.000125 19246 0
0.00025 18264 0
0.000125 12064 0
0.000125 4477 0
0.000125 11682 0
0.000125 2135 0
0.000125 627 0
0.000125 12934 0
0.000125 14733 0
0.00025 13820 0
0.00075 3856 0
0.00025 7049 0
0.00025 3260 0
0.000875 13286 0
0.000125 8195 0
0.0005 13120 0
0.000125 3757 0
0.000125 10927 0
0.000125 928 0
0.000125 13793 0
0.000625 19121 0
0.00025 12283 0
0.00025 13863 0
0.000125 18759 0
0.000125 13450 0
0.00025 10537 0
0.000125 13750 0
0.000375 14881 0
0.000125 5222 0
0.000125 15700 0
0.001 1572 0
0.00025 17979 0
0.000625 18117 0
0.000125 13445 0
0.00025 9682 0
0.000125 6875 0
0.000125 1860 0
0.000375 17318 0
0.000125 12290 0
0.000125 16518 0
0.000125 18052 0
0.000375 4394 0
0.000125 12921 0
0.000125 9626 0
0.000125 1656 0
0.000125 14876 0
0.0005 10846 0
0.000125 7807 0
0.00025 16744 0
0.000125 4750 0
0.000125 303 0
0.000875 1664 0
0.00025 7892 0
0.000125 6294 0
0.000625 12753 0
0.000125 5563 0
0.000125 2424 0
0.000125 11495 0
0.000125 8631 0
0.00025 18149 0
0.000125 15568 0
0.000125 3291 0
0.00025 9911 0
0.0005 5437 0
0.0015 112 0
0.000625 4619 0
0.000125 4186 0
0.0005 3071 0
0.000125 7594 0
0.0005 8752 0
0.00025 14297 0
0.00075 9094 0
0.000125 2901 0
0.000375 2715 0
0.00025 12069 0
0.00125 10674 0
0.00025 10756 0
0.000375 10291 0
0.0005 4542 0
0.000125 2149 0
0.000375 3849 0
0.000125 5753 0
0.000375 12384 0
0.000125 14015 0
0.000125 4187 0
0.000125 10194 0
0.001125 19311 0
0.000125 12898 0
0.000375 7387 0
0.000125 4840 0
0.000375 15775 0
0.000125 9888 0
0.000125 17490 0
0.000125 17735 0
0.000125 13533 0
0.000125 16097 0
0.000125 12625 0
0.000125 14968 0
0.00025 2252 0
0.00025 16508 0
0.0005 9581 0
0.000875 17915 0
0.000125 1792 0
0.00075 18708 0
0.000125 5423 0
0.000125 18646 0
0.000125 7643 0
0.000125 10178 0
0.000375 6045 0
0.00075 6149 0
0.000125 13014 0
0.000125 19835 0
0.000375 17183 0
0.000125 2354 0
0.00025 11840 0
0.000125 18620 0
0.000375 12900 0
0.000125 18608 0
0.000125 8372 0
0.000125 12938 0
0.000625 8048 0
0.000125 419 0
0.000125 2826 0
0.000375 6392 0
0.000125 13768 0
0.00025 14139 0
0.000125 5419 0
0.000125 12900 0
0.000125 6550 0
0.000125 8815 0
0.000375 8263 0
0.000125 6250 0
0.00025 6048 0
0.000125 18641 0
0.00025 16337 0
0.000375 2825 0
0.000125 17801 0
0.000375 10305 0
0.0005 12444 0
0.000375 3915 0
0.00025 14007 0
0.000125 7990 0
0.000375 3785 0
0.000125 12894 0
0.000125 5248 0
0.000125 8516 0
0.000125 5538 0
0.000125 8968 0
0.000625 1268 0
0.00025 6830 0
0.000125 3134 0
0.00025 10653 0
0.00025 17881 0
0.00025 1808 0
0.000125 2865 0
0.000125 6216 0
0.001125 13696 0
0.00025 18739 0
0.000125 19311 0
0.000125 4871 0
0.000125 14361 0
0.000125 5150 0
0.00025 2969 0
0.000125 3832 0
0.00025 731 0
0.00125 8298 0
0.00025 15146 0
0.001 4133 0
0.000375 11269 0
0.000125 1767 0
0.000125 17300 0
0.00025 3033 0
0.00025 16668 0
0.000375 5220 0
0.000875 16481 0
0.000375 1351 0
0.000125 9235 0
0.000125 7779 0
0.000125 1467 0
0.000125 12936 0
0.000625 18616 0
0.000125 14956 0
0.00025 16439 0
0.000375 5512 0
0.0005 19882 0
0.000125 18479 0
0.000375 10138 0
0.000125 13418 0
0.000375 17588 0
0.000125 5894 0
0.00025 3069 0
0.0005 3310 0
0.000125 18435 0
0.000125 12809 0
0.0005 18817 0
0.000125 10805 0
0.00025 17108 0
0.000625 16845 0
0.00025 13023 0
0.000875 5239 0
0.000375 7365 0
0.0005 10161 0
0.000125 16924 0
0.000125 14075 0
0.000125 6004 0
0.000125 17393 0
0.000625 1623 0
0.000375 17049 0
0.000125 9372 0
0.00025 11658 0
0.00025 7677 0
0.000375 9304 0
0.000625 15959 0
0.00025 2913 0
0.00025 8135 0
0.000375 9507 0
0.000125 19523 0
0.000375 5381 0
0.000125 11751 0
0.00075 17393 0
0.000125 18282 0
0.000125 718 0
0.000125 8306 0
0.00025 16727 0
0.000125 19214 0
0.000125 4732 0
0.000125 18477 0
0.001125 17106 0
0.000125 11998 0
0.000375 2254 0
0.000125 11798 0
0.00025 5377 0
0.000125 2518 0
0.00075 9789 0
0.000125 10709 0
0.0005 10265 0
0.000625 16829 0
0.000125 17175 0
0.000125 9793 0
0.000125 697 0
0.000125 4923 0
0.000375 5203 0
0.000125 17326 0
0.000625 155 0
0.000125 997 0
0.00075 7262 0
0.000375 4201 0
0.000375 10307 0
0.000125 17985 0
0.00025 13905 0
0.000625 8059 0
0.000125 14394 0
0.000125 10098 0
0.00025 9886 0
0.000375 5479 0
0.000125 7288 0
0.00025 14112 0
0.00025 3095 0
0.000875 15461 0
0.00025 387 0
0.000125 8426 0
0.000125 7810 0
0.000875 968 0
0.000125 10981 0
0.000125 1030 0
0.001125 16689 0
0.000125 9127 0
0.0005 14978 0
0.00075 14630 0
0.000125 16794 0
0.000125 95 0
0.000625 14170 0
0.000125 4843 0
0.00025 13010 0
0.000125 509 0
0.00075 18819 0
0.000125 15702 0
0.000125 5739 0
0.001125 19183 0
0.000125 15867 0
0.00025 10354 0
0.000125 11553 0
0.00025 4079 0
0.000125 16278 0
0.000125 116 0
0.00025 1621 0
0.00025 9570 0
0.00025 18751 0
0.000125 16070 0
0.000375 3275 0
0.000125 13830 0
0.000125 15819 0
0.000125 6188 0
0.00025 8558 0
0.000375 14529 0
0.0005 1374 0
0.000625 16358 0
0.000125 2599 0
0.00025 16667 0
0.000375 13867 0
0.00125 8969 0
0.000125 12335 0
0.000125 16816 0
0.0005 13718 0
0.000125 11712 0
0.000125 14716 0
0.000125 854 0
0.000125 10163 0
0.001 5410 0
0.000125 18840 0
0.000125 12813 0
0.00075 3329 0
0.000375 10348 0
0.000625 13098 0
0.000375 17463 0
0.00025 18677 0
0.000125 297 0
0.000125 14835 0
0.00025 5512 0
0.000125 8568 0
0.00025 13123 0
0.000125 3049 0
0.001125 997 0
0.00025 16327 0
0.000375 5885 0
0.000375 17100 0
0.00025 8046 0
0.001125 18035 0
0.00025 7486 0
0.000125 3823 0
0.000375 9076 0
0.00025 3858 0
0.000375 9980 0
0.000125 14636 0
0.000125 938 0
0.00025 16043 0
0.000125 11415 0
0.000375 18072 0
0.00025 8728 0
0.000125 7287 0
0.00075 19746 0
0.00075 4450 0
0.000625 6148 0
0.00025 12620 0
0.00025 8102 0
0.000125 12627 0
0.0005 488 0
0.000125 16262 0
0.000375 2671 0
0.000125 9490 0
0.00025 309 0
0.00025 3439 0
0.000125 15373 0
0.000125 8643 0
0.000125 5233 0
0.00025 10834 0
0.000125 9794 0
0.000125 13223 0
0.00025 11133 0
0.000375 10781 0
0.000125 19279 0
0.000375 6912 0
0.000625 12073 0
0.000375 18452 0
0.000125 1553 0
0.000125 5315 0
0.000125 3554 0
0.000125 3268 0
0.0005 14947 0
0.000125 6194 0
0.000125 18763 0
0.00025 13325 0
0.000125 5412 0
0.00025 16803 0
0.000875 18846 0
0.001 1577 0
0.000125 15789 0
0.000125 18843 0
0.000875 7325 0
0.000375 6002 0
0.000375 5423 0
0.000125 9482 0
0.000125 16652 0
0.00025 6526 0
0.000125 8957 0
0.000125 8496 0
0.000375 199 0
0.00125 18748 0
0.000625 18314 0
0.000125 5194 0
0.000125 16561 0
0.000125 19944 0
0.000125 10764 0
0.000125 12248 0
0.00025 1020 0
0.000125 17853 0
0.000875 8605 0
0.000125 16582 0
0.00075 19364 0
0.00025 7134 0
0.0005 9889 0
0.00025 12728 0
0.000125 3481 0
0.000125 3801 0
0.000625 11003 0
0.000375 16375 0
0.0005 12355 0
0.001 1409 0
0.000625 5887 0
0.000375 9913 0
0.000125 8297 0
0.000125 2780 0
0.000375 4983 0
0.000375 18735 0
0.000125 3201 0
0.00075 15665 0
0.001 18850 0
0.00025 1598 0
0.000125 4552 0
0.000125 7147 0
0.000875 16976 0
0.000125 3588 0
0.000375 2942 0
0.000125 18524 0
0.00025 11573 0
0.000125 1113 0
0.000125 15022 0
0.000125 14872 0
0.000375 5851 0
0.000375 9698 0
0.000125 15023 0
0.000125 18419 0
0.000375 1012 0
0.000375 1079 0
0.000875 6822 0
0.000125 483 0
0.000125 7009 0
0.000125 11614 0
0.00025 5387 0
0.0005 5198 0
0.000125 11501 0
0.000375 19947 0
0.00025 3135 0
0.000125 4325 0
0.000875 7080 0
0.00025 19143 0
0.0005 15805 0
0.0005 13266 0
0.0005 14757 0
0.00025 7845 0
0.00025 15606 0
0.000125 6759 0
0.00025 10186 0
0.000125 16778 0
0.000625 10260 0
0.000125 18009 0
0.00025 11136 0
0.00025 10075 0
0.000125 5227 0
0.0005 6389 0
0.000125 4124 0
0.00025 16127 0
0.000125 11609 0
0.000125 19917 0
0.00025 11415 0
0.000125 640 0
0.000125 7496 0
0.000375 12653 0
0.0005 13387 0
0.000125 9680 0
0.000125 17911 0
0.000125 18437 0
0.000125 15649 0
0.00025 1169 0
0.00075 8831 0
0.000125 11346 0
0.000125 16177 0
0.00025 9712 0
0.00025 914 0
0.000125 4800 0
0.000625 11008 0
0.000125 7213 0
0.000375 15004 0
0.000125 1018 0
0.000125 2740 0
0.000125 1832 0
0.00125 6493 0
0.0005 16166 0
0.000125 4417 0
0.000125 19216 0
0.00025 5781 0
0.000125 7972 0
0.000125 7089 0
0.000125 6681 0
0.000125 13026 0
0.000125 13075 0
0.00075 7806 0
0.000125 10608 0
0.00025 5973 0
0.000375 5861 0
0.0005 16168 0
0.000125 7274 0
0.00025 19935 0
0.000125 3741 0
0.000125 10874 0
0.000125 5463 0
0.000125 8784 0
0.000375 10602 0
0.00025 11687 0
0.000125 4260 0
0.00025 8360 0
0.000125 5901 0
0.000125 10344 0
0.001375 4265 0
0.0005 984 0
0.000625 660 0
0.00025 2152 0
0.000125 10701 0
0.000125 9659 0
0.000125 11761 0
0.0005 12460 0
0.000375 9067 0
0.000125 15980 0
0.000125 11679 0
0.000125 18775 0
0.000125 3379 0
0.000125 12190 0
0.0005 18021 0
0.000125 4377 0
0.000125 2438 0
0.000125 9610 0
0.000125 2801 0
0.000125 2491 0
0.000125 3035 0
0.000125 16485 0
0.000375 18207 0
0.000125 1025 0
0.00025 7959 0
0.000625 7851 0
0.000125 14805 0
0.00025 3644 0
0.00025 1472 0
0.000125 8287 0
0.0005 9580 0
0.000125 13354 0
0.000125 12005 0
0.0015 16587 0
0.000125 15367 0
0.000125 16908 0
0.000125 6815 0
0.000625 16722 0
0.000125 8584 0
0.000125 2600 0
0.00075 7365 0
0.000125 6044 0
0.000125 5142 0
0.000125 12055 0
0.000125 13293 0
0.000125 11669 0
0.000125 4952 0
0.000125 5724 0
0.000375 14874 0
0.00025 6273 0
0.000125 19617 0
0.000125 3307 0
0.000125 3493 0
0.0005 599 0
0.000125 4940 0
0.000125 8560 0
0.000125 18891 0
0.00025 6177 0
0.00075 16967 0
0.000125 17524 0
0.000875 14699 0
0.00025 5518 0
0.0005 17719 0
0.000625 3418 0
0.000375 17753 0
0.0005 11428 0
0.001 8467 0
0.00025 14254 0
0.00025 6465 0
0.000125 13635 0
0.000125 17039 0
0.000375 9050 0
0.000125 18693 0
0.000125 2060 0
0.00125 13023 0
0.000125 6715 0
0.000125 14761 0
0.000125 7559 0
0.000625 14244 0
0.000625 11588 0
0.000875 19684 0
0.000375 3615 0
0.000625 12691 0
0.000125 16198 0
0.000125 16280 0
0.0005 12958 0
0.000125 1770 0
0.000125 207 0
0.001 12477 0
0.00025 17966 0
0.000125 16738 0
0.000125 3748 0
0.000125 1214 0
0.000125 12202 0
0.000125 10964 0
0.000125 12933 0
0.000125 3460 0
0.00025 16858 0
0.00025 10712 0
0.000125 8707 0
0.000125 6551 0
0.00025 5718 0
0.000125 5578 0
0.000375 547 0
0.000375 10003 0
0.000625 7566 0
0.000125 5381 0
0.000125 4733 0
0.000125 15433 0
0.00125 18749 0
0.000125 6787 0
0.000125 13792 0
0.00025 5232 0
0.000125 744 0
0.0005 386 0
0.000125 14337 0
0.000125 6860 0
0.000125 14899 0
0.000125 15540 0
0.000125 10744 0
0.00025 16417 0
0.000125 3403 0
0.000125 11840 0
0.000875 19521 0
0.000125 9313 0
0.000125 11240 0
0.000375 12802 0
0.00075 17280 0
0.000125 11190 0
0.0005 2730 0
0.000125 16852 0
0.000125 17235 0
0.00025 4656 0
0.000125 13482 0
0.0005 13 0
0.00025 8479 0
0.000625 3527 0
0.000375 2522 0
0.000125 10167 0
0.00125 8578 0
0.000375 8240 0
0.000875 175 0
0.000625 7510 0
0.000125 9583 0
0.0005 7335 0
0.000125 15035 0
0.000125 3743 0
0.000125 5599 0
0.000375 18303 0
0.000125 14636 0
0.00025 8894 0
0.000125 10145 0
0.0005 12525 0
0.000125 18869 0
0.00025 16338 0
0.000125 8118 0
0.000125 9882 0
0.0005 13352 0
0.000125 2220 0
0.000125 6074 0
0.00025 17719 0
0.0005 3907 0
0.000125 7881 0
0.000375 12189 0
0.00125 10736 0
0.0005 15717 0
0.0005 1940 0
0.000125 8199 0
0.00025 13353 0
0.000125 577 0
0.000125 1839 0
0.000125 8632 0
0.00075 7909 0
0.00025 19532 0
0.000125 18286 0
0.000125 14813 0
0.00025 14888 0
0.0005 17587 0
0.0005 16201 0
0.000125 541 0
0.00025 9862 0
0.00025 18547 0
0.000125 10330 0
0.000125 12458 0
0.000375 15806 0
0.000125 5769 0
0.000125 16408 0
0.000125 4967 0
0.000125 12491 0
0.00025 16787 0
0.000125 1268 0
0.000125 15720 0
0.000125 14302 0
0.000125 10751 0
0.0005 11920 0
0.000125 12516 0
0.000375 10162 0
0.000125 6994 0
0.000625 19409 0
0.0005 13914 0
0.0005 13038 0
0.000125 11717 0
0.000125 13780 0
0.000125 10484 0
0.000375 4882 0
0.000125 4834 0
0.00025 4814 0
0.00025 12129 0
0.000125 4981 0
0.000125 9539 0
0.000125 2044 0
0.000375 1156 0
0.000125 14376 0
0.00025 108 0
0.0005 4261 0
0.0005 10204 0
0.000875 14003 0
0.0005 3891 0
0.000125 1226 0
0.000125 1290 0
0.00025 7793 0
0.000375 17082 0
0.000125 929 0
0.00075 3759 0
0.000125 3691 0
0.00025 9734 0
0.0005 1319 0
0.00075 14958 0
0.000125 10775 0
0.000125 13461 0
0.000125 4107 0
0.000125 15998 0
0.000125 3249 0
0.00025 6247 0
0.00025 2832 0
0.000125 2313 0
0.000125 17595 0
0.000125 17880 0
0.000125 9248 0
0.000125 12918 0
0.000125 10633 0
0.000125 15738 0
0.0005 4500 0
0.000125 10893 0
0.000125 4851 0
0.00025 7780 0
0.000375 14396 0
0.00025 16970 0
0.000125 8794 0
0.000375 7741 0
0.000125 14298 0
0.000125 19410 0
0.000125 1768 0
0.000125 2815 0
0.0005 5242 0
0.000125 13511 0
0.00025 4094 0
0.000125 14778 0
0.000375 11455 0
0.000125 10888 0
0.000125 17530 0
0.000125 2607 0
0.00025 2470 0
0.00075 17946 0
0.000125 17885 0
0.00025 10916 0
0.000125 21 0
0.000125 7611 0
0.00025 16185 0
0.000125 18426 0
0.000625 3678 0
0.00025 5864 0
0.0005 2192 0
0.000125 13896 0
0.000125 10261 0
0.000125 10922 0
0.000125 6662 0
0.000125 13342 0
0.000125 11663 0
0.000375 18782 0
0.000125 15498 0
0.000125 5629 0
0.00025 17862 0
0.000375 5996 0
0.000125 5563 0
0.00025 7405 0
0.000125 7035 0
0.000125 8609 0
0.000125 2318 0
0.00075 10920 0
0.000125 2913 0
0.000125 10161 0
0.000125 2690 0
0.000125 17253 0
0.00025 18962 0
0.000125 4669 0
0.00025 14959 0
0.000125 7075 0
0.000125 6593 0
0.0005 7720 0
0.00025 9315 0
0.000125 19031 0
0.000125 11097 0
0.00025 7226 0
0.000125 12281 0
0.000125 18731 0
0.000125 6449 0
0.000125 2246 0
0.000125 12911 0
0.000125 18959 0
0.00075 16181 0
0.00075 16829 0
0.001125 10559 0
0.00025 19594 0
0.00025 9912 0
0.000125 16892 0
0.000125 18631 0
0.000125 7803 0
0.000125 326 0
0.000375 14440 0
0.000125 15116 0
0.000125 11077 0
0.000125 6119 0
0.000875 18714 0
0.000125 19844 0
0.000125 5926 0
0.000125 16321 0
0.000125 5541 0
0.000125 12166 0
0.000125 14726 0
0.000125 14687 0
0.00025 9567 0
0.000125 1558 0
0.00025 11182 0
0.000125 3940 0
0.000625 5904 0
0.000125 4208 0
0.00025 13620 0
0.000625 18502 0
0.000625 4866 0
0.000125 19705 0
0.00025 14939 0
0.000125 6421 0
0.000125 17191 0
0.00025 11008 0
0.000125 10011 0
0.00025 10087 0
0.000875 9402 0
0.000625 7903 0
0.000125 19892 0
0.000125 6768 0
0.000125 12463 0
0.001125 12769 0
0.000125 12395 0
0.000625 5162 0
0.000125 18030 0
0.000125 1437 0
0.000625 9721 0
0.000125 6302 0
0.00025 11118 0
0.00025 12585 0
0.00025 14808 0
0.000125 4633 0
0.00025 16079 0
0.000125 1434 0
0.00075 17329 0
0.000375 16914 0
0.000125 12910 0
0.000125 7807 0
0.000125 2108 0
0.000625 18856 0
0.000375 18019 0
0.0005 40 0
0.000125 18716 0
0.000125 7731 0
0.000125 12109 0
0.000125 2342 0
0.000125 9707 0
0.000625 10470 0
0.000125 2118 0
0.000125 1626 0
0.000125 4755 0
0.000125 11082 0
0.000125 5687 0
0.000125 14103 0
0.000125 1163 0
0.000125 10440 0
0.000125 17066 0
0.00025 2090 0
0.000125 5999 0
0.000125 6989 0
0.000125 272 0
0.000375 15965 0
0.000625 11788 0
0.000375 7417 0
0.0005 7150 0
0.000625 11665 0
0.00025 8621 0
0.000375 2106 0
0.000125 18858 0
0.000375 1879 0
0.000125 4222 0
0.00025 13432 0
0.000125 14939 0
0.001 5276 0
0.000375 16462 0
0.00025 15866 0
0.00025 11851 0
0.000375 16035 0
0.0015 15768 0
0.000125 4938 0
0.00025 16658 0
0.00025 1178 0
0.000125 11294 0
0.0005 7608 0
0.0005 10731 0
0.0005 3028 0
0.000875 2937 0
0.000125 3666 0
0.00025 19030 0
0.000125 15965 0
0.000375 19147 0
0.000125 6312 0
0.000125 2550 0
0.000375 2244 0
0.001 10054 0
0.000125 5362 0
0.000125 16644 0
0.000125 16757 0
0.000125 2126 0
0.00025 12406 0
0.000125 11616 0
0.000625 6288 0
0.000375 365 0
0.000125 17996 0
0.00025 14200 0
0.000375 11943 0
0.000125 6746 0
0.000625 17580 0
0.000125 11967 0
0.00025 1805 0
0.00025 19445 0
0.00025 15881 0
0.00025 14104 0
0.000625 1066 0
0.00025 16459 0
0.000125 771 0
0.000125 261 0
0.000375 1132 0
0.000125 11387 0
0.000125 6377 0
0.000125 2984 0
0.00025 19196 0
0.000125 8272 0
0.000125 4965 0
0.00025 15997 0
0.0005 5083 0
0.00025 4373 0
0.00075 5142 0
0.00075 1115 0
0.000125 8808 0
0.000125 2585 0
0.00025 14018 0
0.000125 15279 0
0.001 17438 0
0.000125 9005 0
0.0005 17834 0
0.000125 8418 0
0.001125 882 0
0.000125 12606 0
0.0005 19789 0
0.000625 12706 0
0.000125 7289 0
0.0005 7357 0
0.000375 7422 0
0.000375 13905 0
0.00025 488 0
0.00025 14961 0
0.00025 17324 0
0.000125 5000 0
0.00125 9011 0
0.000125 12173 0
0.0005 17173 0
0.0005 14198 0
0.000125 11528 0
0.000375 15265 0
0.0005 14402 0
0.000125 1904 0
0.000125 1741 0
0.000125 2026 0
0.000375 18083 0
0.000375 5923 0
0.00025 1528 0
0.000125 12733 0
0.00025 17953 0
0.00025 11349 0
0.000125 5928 0
0.000375 132 0
0.000125 439 0
0.000375 13965 0
0.00025 11106 0
0.000125 15803 0
0.00025 5826 0
0.000125 5987 0
0.00025 405 0
0.000125 14089 0
0.000125 7927 0
0.00025 5178 0
0.00025 1489 0
0.000125 4206 0
0.000375 13700 0
0.000375 19973 0
0.000125 16994 0
0.000125 797 0
0.000125 17794 0
0.00025 16276 0
0.0005 18964 0
0.000125 7622 0
0.000125 15088 0
0.000625 19745 0
0.000125 3556 0
0.00025 17752 0
0.000125 11046 0
0.00025 17149 0
0.000125 16550 0
0.000125 12067 0
0.000125 9346 0
0.001 4323 0
0.000875 18548 0
0.00025 10526 0
0.000125 17241 0
0.00025 10716 0
0.000125 1807 0
0.00025 15860 0
0.00025 10353 0
0.000375 13068 0
0.000125 228 0
0.00025 2295 0
0.000125 16098 0
0.000125 2059 0
0.00025 3676 0
0.000125 9698 0
0.000125 12795 0
0.00025 17207 0
0.000125 4707 0
0.000125 11022 0
0.000125 2654 0
0.000125 16072 0
0.000375 1793 0
0.000125 8934 0
0.000125 6396 0
0.000125 7249 0
0.00025 14360 0
0.000375 7912 0
0.000125 12758 0
0.00025 9635 0
0.000125 13398 0
0.000125 3537 0
0.000125 18690 0
0.000125 15954 0
0.000625 16052 0
0.000125 12836 0
0.000125 19398 0
0.000125 11136 0
0.000125 7595 0
0.00025 10848 0
0.00025 660 0
0.000125 1005 0
0.00025 8608 0
0.000625 4402 0
0.000125 13121 0
0.000125 3870 0
0.0005 5744 0
0.000125 14853 0
0.000125 265 0
0.0005 12764 0
0.000375 4908 0
0.000125 5491 0
0.0005 14906 0
0.000125 13006 -0.789964
0.000125 19675 0
0.00025 11194 0
0.0005 9463 0
0.000125 12814 0
0.000375 12196 0
0.000125 12267 0
0.000125 778 0
0.000125 19231 0
0.000375 14263 0
0.000375 3737 0
0.0005 7322 0
0.00025 12206 0
0.00025 8368 0
0.000125 9508 0
0.00025 4094 0
0.00025 16396 0
0.00025 13949 0
0.000375 41 0
0.000125 19290 0
0.000125 14247 0
0.000125 496 0
0.00025 9316 0
0.0005 5290 0
0.000125 10959 0
0.000125 20005 0
0.0005 13311 0
0.000375 12198 0
0.000375 9061 0
0.000125 3847 0
0.000125 1688 0
0.00025 11507 0
0.000375 5332 0
0.00025 19511 0
0.000125 3896 0
0.000125 570 0
0.000125 12539 0
0.0005 19310 0
0.000125 8484 0
0.000375 2922 0
0.000375 15651 0
0.000125 2064 0
0.000125 5754 0
0.000125 2470 0
0.000125 17916 0
0.00025 14953 0
0.00025 2029 0
0.0005 13366 0
0.0005 9097 0
0.000375 13932 0
0.00025 12732 0
0.000375 17223 0
0.00025 6555 0
0.000375 18255 0
0.000125 9752 0
0.000125 13394 0
0.000125 14777 0
0.00025 8797 0
0.000125 9713 0
0.000125 1521 0
0.000375 17694 0
0.000125 7221 0
0.000125 5818 0
0.001 96 0
0.000125 19177 0
0.000125 7149 0
0.000125 7389 0
0.000125 10229 0
0.000125 13691 0
0.000125 966 0
0.00025 2053 0
0.000125 9864 0
0.000125 11326 0
0.000375 8238 0
0.000375 12905 0
0.00025 6655 0
0.00025 18199 0
0.000125 11623 0
0.000125 10693 0
0.000125 12348 0
0.00075 3907 0
0.0005 9188 0
0.000375 19078 0
0.000125 12592 0
0.00075 7065 0
0.00025 15450 0
0.000125 10131 0
0.00025 16183 0
0.000125 10141 0
0.0005 12471 0
0.00025 4340 0
0.00025 740 0
0.000375 14261 0
0.000125 7687 0
0.000125 16391 0
0.000125 15143 0
0.000125 2440 0
0.00025 19969 0
0.000125 15109 0
0.000125 4636 0
0.000125 7947 0
0.00025 19926 0
0.000125 15962 0
0.000125 16104 0
0.000125 2371 0
0.000375 12232 0
0.000125 19847 0
0.000375 1014 0
0.000125 4158 0
0.00025 16120 0
0.00025 1901 0
0.000125 9136 0
0.000125 11937 0
0.000125 4634 0
0.000125 16096 0
0.000125 4648 0
0.00025 17493 0
0.00025 15071 0
0.00025 17735 0
0.000125 11516 0
0.00075 17247 0
0.000125 19874 0
0.00025 19883 0
0.000125 18575 0
0.000375 15459 0
0.000125 567 0
0.000125 12287 0
0.000125 7907 0
0.000125 15321 0
0.000125 8435 0
0.000125 15555 0
0.0005 4750 0
0.00025 9390 0
0.000125 842 0
0.000125 1590 0
0.00025 19712 0
0.000125 10383 0
0.000125 11243 0
0.000125 12236 0
0.000125 10840 0
0.0005 16500 0
0.000125 4884 0
0.00025 3747 0
0.000125 14384 0
0.000125 11010 0
0.000125 6582 0
0.000125 6256 0
0.000125 10097 0
0.000125 4108 0
0.000375 12755 0
0.000125 19021 0
0.000125 13242 0
0.000125 1170 0
0.000125 14801 0
0.000125 1561 0
0.000125 13968 0
0.000125 12395 0
0.0005 8259 0
0.000125 9443 0
0.00025 9281 0
0.000625 2487 0
0.00075 15924 0
0.00025 1864 0
0.00075 3231 0
0.0005 3560 0
0.000875 2665 0
0.000125 3669 0
0.000125 10828 0
0.000125 13262 0
0.000125 1588 0
0.000125 2071 0
0.000625 15125 0
0.000625 5868 0
0.001125 7832 0
0.000125 5903 0
0.000125 8432 0
0.000125 2585 0
0.0005 6216 0
0.000375 18661 0
0.001125 3028 0
0.000375 4142 0
0.000375 2579 0
0.000125 17103 0
0.000125 14134 0
0.000125 12337 0
0.000125 5238 0
0.000125 16102 0
0.0005 19946 0
0.000375 5503 0
0.00025 7700 0
0.000125 18404 0
0.000375 15828 0
0.000125 8637 0
0.000125 8879 0
0.000125 12056 0
0.000125 5375 0
0.000125 9391 0
0.00075 11140 0
0.000125 4403 0
0.000375 12096 0
0.000125 8981 0
0.00025 7597 0
0.000375 7703 0
0.000125 13183 0
0.00025 767 0
0.000125 6292 0
0.000375 9481 0
0.000125 4707 0
0.000125 5055 0
0.00025 5581 0
0.00025 3882 0
0.000375 3172 0
0.00025 9595 0
0.0005 18482 0
0.000625 9117 0
0.0005 7755 0
0.000125 3728 0
0.0005 12487 0
0.000125 6587 0
0.0005 4552 0
0.0005 12375 0
0.00025 13818 0
0.000125 15194 0
0.0005 7903 0
0.000375 17262 0
0.000125 17966 0
0.00025 2426 0
0.000625 17077 0
0.00025 5063 0
0.000125 9533 0
0.000125 12033 0
0.000375 7395 0
0.000375 12938 0
0.000125 12891 0
0.0005 3702 0
0.00025 9910 0
0.000125 14503 0
0.000125 19023 0
0.000125 12640 0
0.000125 777 0
0.00025 11957 0
0.000125 1633 0
0.0005 6028 0
0.000125 4558 0
0.000125 13623 0
0.000125 8624 0
0.000125 2241 0
0.000125 8050 0
0.001125 8973 0
0.00025 14346 0
0.00025 1931 0
0.000125 9325 0
0.000125 1498 0
0.00025 13823 0
0.000125 9853 0
0.000125 2062 0
0.000125 15571 0
0.000375 5329 0
0.0005 17616 0
0.000125 11199 0
0.000125 9119 0
0.000125 3360 0
0.000125 11259 0
0.000125 11665 0
0.000375 2580 0
0.000125 1763 0
0.000375 10767 0
0.00025 4271 0
0.000125 12373 0
0.00025 6847 0
0.000125 3262 0
0.000125 1861 0
0.00025 10707 0
0.000125 6590 0
0.000125 15605 0
0.000125 2213 0
0.000375 11144 0
0.0005 16352 0
0.000125 4352 0
0.000125 15395 0
0.000375 18588 0
0.00025 3452 0
0.000125 2027 0
0.000375 11501 0
0.000375 7855 0
0.000125 6328 0
0.000125 12499 0
0.000625 8896 0
0.000125 3383 0
0.000125 7973 0
0.000125 18450 0
0.000125 6154 0
0.000125 17225 0
0.00025 12904 0
0.00075 15107 0
0.000125 966 0
0.000125 14712 0
0.00025 8240 0
0.000125 2367 0
0.000125 1108 0
0.000125 5993 0
0.000125 10767 0
0.000375 15188 0
0.000125 6005 0
0.000125 13889 0
0.0005 8618 0
0.00025 9597 0
0.00025 12088 0
0.001 16236 0
0.000125 13022 0
0.000125 4243 0
0.000125 5890 0
0.00025 1425 0
0.000125 17313 0
0.00025 9672 0
0.000125 8332 0
0.000125 19532 0
0.000125 10041 0
0.000125 11701 0
0.000125 9871 0
0.0005 178 0
0.000125 6770 0
0.000125 6668 0
0.000125 2424 0
0.000125 5260 0
0.000125 19311 0
0.00025 3959 0
0.00025 14115 0
0.000125 6551 0
0.000375 680 0
0.0005 19008 0
0.00025 9462 0
0.000125 13006 -0.564011
0.00025 14255 0
0.000375 14804 0
0.000125 11810 0
0.000375 15051 0
0.000125 5470 0
0.000125 14179 0
0.000375 7244 0
0.000125 11027 0
0.000125 14106 0
0.00025 18992 0
0.000125 4337 0
0.000125 11255 0
0.00025 7039 0
0.00025 6632 0
0.000125 2171 0
0.000125 6966 0
0.000125 3336 0
0.000125 13144 0
0.000125 5766 0
0.000125 430 0
0.000125 15257 0
0.000125 12112 0
0.000125 17405 0
0.000125 2536 0
0.000125 15516 0
0.000375 19702 0
0.000375 10065 0
0.000125 18637 0
0.000125 1651 0
0.000125 17216 0
0.000125 422 0
0.000125 1154 0
0.00025 7532 0
0.00025 7389 0
0.000125 9927 0
0.00025 13954 0
0.00025 3722 0
0.000375 5008 0
0.000125 15348 0
0.000125 14105 0
0.0005 15739 0
0.000125 14264 0
0.000375 9958 0
0.000125 14348 0
0.000125 4555 0
0.00025 3012 0
0.00025 9757 0
0.000125 17708 0
0.00025 10211 0
0.000125 7548 0
0.00025 2816 0
0.000125 19066 0
0.000375 3035 0
0.000125 2571 0
0.000125 19723 0
0.000125 4171 0
0.000125 1908 0
0.00025 2831 0
0.000125 16336 0
0.000375 5256 0
0.00025 9783 0
0.000125 16790 0
0.000125 1949 0
0.000125 5627 0
0.00025 5308 0
0.000125 18256 0
0.000125 2851 0
0.000125 1326 0
0.000375 12088 0
0.000125 10110 0
0.000375 17367 0
0.000125 7618 0
0.000375 11570 0
0.000125 10470 0
0.000125 3502 0
0.000125 13744 0
0.000125 13054 0
0.000125 7584 0
0.0005 2662 0
0.000375 18505 0
0.000125 14601 0
0.00025 10453 0
0.000125 323 0
0.000125 929 0
0.000125 17984 0
0.000375 10740 0
0.000125 2115 0
0.000125 18611 0
0.00025 4798 0
0.000375 2406 0
0.000125 17869 0
0.000125 9427 0
0.000375 11382 0
0.00025 17371 0
0.00025 18114 0
0.000125 13248 0
0.00025 19073 0
0.000125 4839 0
0.00025 2853 0
0.00025 5601 0
0.000125 8376 0
0.000125 14163 0
0.000125 19058 0
0.000125 10896 0
0.00025 5092 0
0.00025 7265 0
0.00025 13895 0
0.00025 18390 0
0.000125 14016 0
0.000375 5479 0
0.000125 4444 0
0.000125 5770 0
0.00025 1757 0
0.000125 12600 0
0.000375 17656 0
0.0005 16923 0
0.000125 5477 0
0.000125 6834 0
0.00025 4728 0
0.000125 18105 0
0.000125 15429 0
0.000125 4491 0
0.000125 8179 0
0.000125 14457 0
0.000125 13829 0
0.000125 5845 0
0.000625 15058 0
0.00025 15498 0
0.000125 5164 0
0.000125 5758 0
0.000125 18532 0
0.000125 10449 0
0.000375 18082 0
0.0005 3542 0
0.000125 2718 0
0.000125 19404 0
0.000125 11532 0
0.000125 6807 0
0.000125 12810 0
0.00025 15167 0
0.000125 3949 0
0.000125 10385 0
0.000125 19858 0
0.000125 12025 0
0.00075 11490 0
0.000125 1329 0
0.0005 9165 0
0.0005 14203 0
0.000125 14758 0
0.000125 7584 0
0.00025 7989 0
0.000125 6401 0
0.000125 15467 0
0.000125 18193 0
0.00025 19215 0
0.000125 18239 0
0.000125 19417 0
0.000125 380 0
0.000375 17554 0
0.000375 5983 0
0.00025 16341 0
0.000125 12989 0
0.000125 7249 0
0.000125 12273 0
0.00075 4221 0
0.000125 8677 0
0.000125 13499 0
0.000125 13067 0
0.000625 5788 0
0.00025 5068 0
0.00025 3580 0
0.00025 8229 0
0.000125 1349 0
0.000125 8619 0
0.000375 3841 0
0.00025 11401 0
0.000375 10335 0
0.00025 10489 0
0.000125 3404 0
0.00025 19773 0
0.000125 10063 0
0.00025 1234 0
0.000125 11085 0
0.000125 13015 0
0.000125 18680 0
0.000375 14684 0
0.000375 7681 0
0.00025 19637 0
0.000375 366 0
0.000125 2929 0
0.00025 61 0
0.00025 12051 0
0.000125 1372 0
0.000125 1989 0
0.00075 18535 0
0.0005 9405 0
0.000125 14254 0
0.00025 17786 0
0.000125 389 0
0.000125 9132 0
0.00025 10119 0
0.000125 2443 0
0.000125 610 0
0.000125 17662 0
0.000125 12484 0
0.000375 6871 0
0.000125 11519 0
0.00025 7845 0
0.000375 5615 0
0.000125 9742 0
0.00025 8632 0
0.000875 7806 0
0.000125 4659 0
0.00025 6885 0
0.000125 2460 0
0.000125 18352 0
0.000125 2547 0
0.000375 16868 0
0.000625 2089 0
0.000375 6466 0
0.000125 2801 0
0.00075 13251 0
0.00025 5881 0
0.000125 5759 0
0.000125 10740 0
0.000125 1540 0
0.00025 1769 0
0.0005 7881 0
0.000125 18731 0
0.000125 10423 0
0.000125 12641 0
0.000125 2110 0
0.000375 5590 0
0.00125 11394 0
0.0005 11106 0
0.0005 12120 0
0.000375 12792 0
0.000625 7194 0
0.00025 13798 0
0.00025 6469 0
0.000125 9955 0
0.00025 6140 0
0.000125 15100 0
0.000125 19763 0
0.0005 15049 0
0.00025 11473 0
0.000125 19271 0
0.000125 1679 0
0.000125 3826 0
0.000125 7569 0
0.000125 19451 0
0.0005 19969 0
0.000125 8931 0
0.000125 214 0
0.000125 14659 0
0.00025 588 0
0.000125 19593 0
0.000625 5590 0
0.00025 1147 0
0.000125 13046 0
0.000125 7039 0
0.000125 18236 0
0.00025 19275 0
0.000125 19729 0
0.000125 418 0
0.000125 17710 0
0.000125 5651 0
0.000125 3750 0
0.000125 973 0
0.000125 3131 0
0.000625 18390 0
0.000125 4335 0
0.000125 11177 0
0.00025 450 0
0.000375 2181 0
0.00025 14020 0
0.000125 11078 0
0.00025 10603 0
0.00025 1253 0
0.000125 19830 0
0.000125 2621 0
0.000125 7803 0
0.00025 6872 0
0.000125 1516 0
0.00025 18054 0
0.000375 1445 0
0.000125 10022 0
0.000375 16774 0
0.000375 18686 0
0.000125 19364 0
0.00025 10738 0
0.00025 6694 0
0.000125 4779 0
0.000125 5468 0
0.000125 16051 0
0.000125 9269 0
0.000125 15494 0
0.00025 9422 0
0.00025 7674 0
0.00025 1817 0
0.000125 17970 0
0.00025 1545 0
0.000125 10135 0
0.00025 5177 0
0.0005 14543 0
0.00025 18839 0
0.000125 11451 0
0.000125 16871 0
0.000125 18854 0
0.000125 17733 0
0.000125 12009 0
0.000125 18669 0
0.000125 19827 0
0.00025 4490 0
0.000125 4724 0
0.00025 5401 0
0.000125 17138 0
0.000125 8469 0
0.00025 3798 0
0.00025 17957 0
0.00025 5259 0
0.00025 5559 0
0.000125 9622 0
0.000375 1024 0
0.000375 9347 0
0.000375 7667 0
0.000125 11456 0
0.000125 6271 0
0.000125 5914 0
0.000125 16453 0
0.000125 7757 0
0.000125 15131 0
0.00025 11985 0
0.0005 11667 0
0.000125 6353 0
0.000125 4098 0
0.00025 9944 0
0.000125 18365 0
0.000125 16418 0
0.00025 3516 0
0.000125 9659 0
0.000375 4738 0
0.000375 17915 0
0.00025 12845 0
0.000125 17345 0
0.00025 12310 0
0.000125 19402 0
0.000125 16913 0
0.00025 5816 0
0.000125 427 0
0.00025 1976 0
0.00025 13497 0
0.000375 10694 0
0.000125 1622 0
0.00025 17360 0
0.000125 12525 0
0.000375 14922 0
0.000125 2633 0
0.000125 15095 0
0.000125 4917 0
0.000125 14305 0
0.000125 8885 0
0.00025 16666 0
0.000125 13503 0
0.000375 15557 0
0.000125 18789 0
0.00025 12012 0
0.000125 4966 0
0.00025 78 0
0.000125 3141 0
0.000125 9191 0
0.000125 17932 0
0.0005 9910 0
0.000125 6801 0
0.000125 3530 0
0.000125 10361 0
0.000125 15996 0
0.000125 12898 0
0.000125 14944 0
0.0005 3472 0
0.00025 5083 0
0.0005 13 0
0.00025 2910 0
0.0005 962 0
0.000375 7485 0
0.000375 17817 0
0.000125 7008 0
0.000125 5339 0
0.000125 14521 0
0.000125 15131 0
0.000125 4233 0
0.00025 13992 0
0.000375 16151 0
0.000125 11478 0
0.000125 17706 0
0.000125 11703 0
0.00025 16956 0
0.000125 1759 0
0.000125 8761 0
0.00025 7968 0
0.000375 9658 0
0.000125 19873 0
0.000375 12999 0
0.00025 11684 0
0.00025 15857 0
0.000375 11172 0
0.000125 8246 0
0.000125 16019 0
0.000125 1062 0
0.00025 5774 0
0.000125 15822 0
0.000125 12913 0
0.000125 12888 0
0.000125 15236 0
0.00025 7356 0
0.000125 6255 0
0.000125 5828 0
0.00025 10085 0
0.000125 15068 0
0.000125 15340 0
0.000125 11937 0
0.000125 12059 0
0.00025 15197 0
0.000375 12499 0
0.00025 10792 0
0.000125 8918 0
0.000375 4127 0
0.0005 17363 0
0.000125 18633 0
0.00025 16654 0
0.000125 491 0
0.000125 10670 0
0.000625 10505 0
0.000125 6458 0
0.0005 6935 0
0.00025 17585 0
0.000125 6777 0
0.000125 3118 0
0.00025 1478 0
0.000375 3134 0
0.000125 4285 0
0.000375 1874 0
0.000125 16758 0
0.000125 7727 0
0.000375 16851 0
0.00025 17511 0
0.000125 16539 0
0.000125 14579 0
0.000375 2118 0
0.000125 15602 0
0.000125 14977 0
0.000125 6080 0
0.000125 18655 0
0.0005 7214 0
0.000125 18658 0
0.000625 19378 0
0.000125 4900 0
0.000125 1991 0
0.0005 16351 0
0.000125 17175 0
0.0005 5350 0
0.000125 10800 0
0.000125 16240 0
0.000375 9148 0
0.000125 17857 0
0.00025 18549 0
0.000125 17676 0
0.0005 19815 0
0.000125 6136 0
0.0005 12580 0
0.000125 13747 0
0.000125 13725 0
0.000125 10548 0
0.00025 5456 0
0.000125 13338 0
0.000625 10074 0
0.000125 10040 0
0.000125 15155 0
0.000125 2041 0
0.00025 12988 0
0.000125 14746 0
0.000125 95 0
0.000125 3831 0
0.000125 11270 0
0.000375 6885 0
0.00025 3349 0
0.000375 11769 0
0.000125 8011 0
0.000125 14924 0
0.000125 10440 0
0.000125 5753 0
0.000125 6464 0
0.000125 5235 0
0.000125 11523 0
0.000125 15528 0
0.000125 5181 0
0.000125 9123 0
0.000125 16249 0
0.000125 8379 0
0.000125 4429 0
0.000125 17370 0
0.000125 18689 0
0.000125 11836 0
0.000375 108 0
0.000375 19335 0
0.00025 5284 0
0.000375 7224 0
0.000125 7221 0
0.000125 9803 0
0.000125 19347 0
0.000125 1109 0
0.000125 14482 0
0.000125 5935 0
0.000125 2877 0
0.000125 9104 0
0.000125 12689 0
0.000125 4976 0
0.000125 11177 0
0.000125 8443 0
0.000125 7519 0
0.000125 15006 0
0.00025 3134 0
0.000125 10423 0
0.000125 6636 0
0.000125 3143 0
0.000125 9967 0
0.000125 8896 0
0.000125 6885 0
0.000125 7170 0
0.000125 14008 0
0.000125 1297 0
0.000125 19611 0
0.000125 5089 0
0.000125 3293 0
0.0005 17081 0
0.000125 5823 0
0.000125 357 0
0.000125 12075 0
0.000125 14013 0
0.00025 7467 0
0.000125 13478 0
0.000125 8544 0
0.000125 5508 0
0.000375 10761 0
0.000125 12528 0
0.000125 12033 0
0.000125 9076 0
0.00025 17070 0
0.00025 19262 0
0.000125 4347 0
0.000125 3794 0
0.000125 7370 0
0.00025 3341 0
0.000125 2231 0
0.00025 17393 0
0.000125 13674 0
0.000125 3943 0
0.000125 6489 0
0.000125 5668 0
0.000125 13823 0
0.000125 5562 0
0.000125 15676 0
0.000125 15466 0
0.000125 18455 0
0.000125 17682 0
0.000125 7425 0
0.000125 16983 0
0.000125 1870 0
0.000125 9677 0
0.00025 7358 0
0.000375 8944 0
0.000125 7501 0
0.000125 4479 0
0.00025 16964 0
0.000125 3598 0
0.000125 3896 0
0.000125 18596 0
0.000125 8912 0
0.000125 3827 0
0.000125 5102 0
0.000125 15669 0
0.000125 10993 0
0.000125 15691 0
0.000125 19422 0
0.00025 15006 0
0.000125 16953 0
0.000125 17396 0
0.000375 2761 0
0.00025 17481 0
0.000125 8818 0
0.00025 8230 0
0.000125 8805 0
0.000125 3193 0
0.000125 15265 0
0.000125 10507 0
0.000125 17981 0
0.000125 15251 0
0.000125 1498 0
0.000125 2142 0
0.00025 5738 0
0.000125 4032 0
0.00025 8706 0
0.000125 11733 0
0.000875 16204 0
0.000375 4520 0
0.000125 15508 0
0.000125 6140 0
0.000125 6121 0
0.000125 13200 0
0.000125 4537 0
0.000125 9749 0
0.000125 4820 0
0.00025 8797 0
0.00025 16766 0
0.000125 4472 0
0.000125 12644 0
0.000125 6165 0
0.000125 16519 0
0.000125 3194 0
0.000125 12591 0
0.000125 1662 0
0.000125 18658 0
0.000125 9728 0
0.000125 16891 0
0.000125 19283 0
0.000125 19235 0
0.000125 3719 0
0.000125 17317 0
0.00025 18954 0
0.000125 9204 0
0.00025 8837 0
0.00025 15049 0
0.000125 3477 0
0.000125 8444 0
0.000125 17416 0
0.000125 222 0
0.000125 13057 0
0.000125 922 0
0.000125 723 0
0.00025 13754 0
0.000125 16258 0
0.000125 335 0
0.00025 7941 0
0.000125 15762 0
0.000375 2629 0
0.00025 4229 0
0.000125 7697 0
0.000125 10586 0
0.000375 9323 0
0.000125 3230 0
0.000125 12417 0
0.000125 3501 0
0.000125 13574 0
0.000125 2664 0
0.000125 9090 0
0.000125 7080 0
0.000125 13607 0
0.000125 10314 0
0.000125 11627 0
0.000125 11375 0
0.000125 7375 0
0.000375 1995 0
0.000125 19120 0
0.000125 15824 0
0.000375 2621 0
0.000125 16910 0
0.000125 4955 0
0.000125 3379 0
0.000125 3671 0
0.000125 2392 0
0.000125 9084 0
0.000125 2305 0
0.000375 15874 0
0.000125 8452 0
0.00025 7074 0
0.000125 2825 0
0.00025 15555 0
0.000125 19186 0
0.00025 8000 0
0.00025 486 0
0.000125 1494 0
0.000125 19527 0
0.000125 13303 0
0.000375 11504 0
0.000125 11740 0
0.00025 17234 0
0.000125 11006 0
0.000125 19708 0
0.000125 4345 0
0.000125 8461 0
0.000125 1251 0
0.00025 19571 0
0.000125 2916 0
0.00025 6823 0
0.00025 11017 0
0.000125 18254 0
0.000125 2572 0
0.000125 1397 0
0.000125 17907 0
0.00025 2237 0
0.000375 17946 0
0.000125 15651 0
0.000125 9439 0
0.00025 9136 0
0.000125 15622 0
0.000125 1323 0
0.00025 9737 0
0.000375 19371 0
0.000125 1426 0
0.000125 7916 0
0.000125 12450 0
0.000125 15417 0
0.000125 8442 0
0.000125 10982 0
0.000125 560 0
0.000125 14297 0
0.000125 6466 0
0.000125 7668 0
0.000625 18767 0
0.000125 13625 0
0.00025 3947 0
0.000125 5464 0
0.00025 10581 0
0.000125 7404 0
0.000125 595 0
0.000125 7093 0
0.000125 4868 0
0.000375 7494 0
0.00025 9323 0
0.000125 1310 0
0.000125 2096 0
0.000125 17343 0
0.000125 1767 0
0.000125 13184 0
0.000125 7137 0
0.000375 16657 0
0.00025 12603 0
0.00025 2064 0
0.00025 6949 0
0.00025 12775 0
0.00025 17286 0
0.000125 6780 0
0.000375 4438 0
0.000125 6152 0
0.000125 14931 0
0.000125 18629 0
0.000125 19617 0
0.000125 7469 0
0.000125 7804 0
0.000125 6302 0
0.000125 18137 0
0.000125 6539 0
0.000125 75 0
0.000125 5084 0
0.00025 15095 0
0.000125 13474 0
0.00025 2495 0
0.000125 19296 0
0.000125 19016 0
0.000125 19725 0
0.00025 12861 0
0.000125 16319 0
0.000375 4918 0
0.000125 4833 0
0.000125 19367 0
0.000125 3066 0
0.00025 3847 0
0.000125 16307 0
0.00025 1094 0
0.000125 18017 0
0.000125 17644 0
0.000125 7097 0
0.00025 3048 0
0.000125 9322 0
0.00025 7778 0
0.000125 19057 0
0.000125 5765 0
0.000125 12414 0
0.000125 14845 0
0.00025 15747 0
0.000125 4630 0
0.00025 3731 0
0.000125 17163 0
0.00025 4469 0
0.000125 12011 0
0.000125 2657 0
0.00025 10602 0
0.000125 4213 0
0.000125 10301 0
0.000375 6561 0
0.00025 19731 0
0.000125 5914 0
0.00025 17273 0
0.000125 7103 0
0.000125 16059 0
0.000125 2715 0
0.000125 6221 0
0.00025 964 0
0.000375 16195 0
0.000125 11120 0
0.000125 5588 0
0.000125 15137 0
0.000125 1798 0
0.000125 15283 0
0.000125 2808 0
0.000375 4559 0
0.000375 10565 0
0.000125 6903 0
0.000375 9614 0
0.000125 323 0
0.000125 16976 0
0.0005 19142 0
0.00025 6613 0
0.000125 12992 0
0.000125 2103 0
0.000125 18873 0
0.00025 6186 0
0.000125 17078 0
0.000125 19140 0
0.000125 4775 0
0.000125 1878 0
0.000125 4689 0
0.000125 5460 0
0.000125 4266 0
0.0005 16056 0
0.000125 17083 0
0.000125 7432 0
0.00025 17676 0
0.000125 5656 0
0.00025 10969 0
0.000125 16052 0
0.000125 7822 0
0.00025 5074 0
0.000125 6091 0
0.000125 19823 0
0.000125 17007 0
0.000125 2518 0
0.00025 6266 0
0.000125 11695 0
0.000125 17256 0
0.000125 10314 0
0.000125 4330 0
0.000125 1764 0
0.00025 1068 0
0.000125 18971 0
0.000125 19464 0
0.000375 14438 0
0.000375 10094 0
0.000125 1453 0
0.000125 10744 0
0.000125 1697 0
0.000125 14106 0
0.00025 5715 0
0.000125 3806 0
0.000125 19635 0
0.000125 18271 0
0.00025 8584 0
0.000125 18157 0
0.000125 5865 0
0.000125 5529 0
0.000125 78 0
0.000125 7340 0
0.000125 5031 0
0.000125 11315 0
0.000125 10365 0
0.000375 6987 0
0.000125 1170 0
0.000375 8485 0
0.000125 9180 0
0.00025 18267 0
0.000125 16164 0
0.000375 15411 0
0.000125 10042 0
0.000125 1329 0
0.00025 2458 0
0.00025 18041 0
0.000125 9401 0
0.000125 13826 0
0.000125 18879 0
0.000375 15124 0
0.000125 19175 0
0.000125 16170 0
0.000125 5743 0
0.000125 3800 0
0.000125 9228 0
0.000125 8913 0
0.000125 7991 0
0.00025 18322 0
0.000125 234 0
0.000125 1975 0
0.00025 7958 0
0.000125 7711 0
0.00025 11494 0
0.000125 1323 0
0.000125 4016 0
0.00025 8814 0
0.000625 12363 0
0.00025 8123 0
0.000125 17157 0
0.000125 10087 0
0.000125 14036 0
0.000125 12260 0
0.000125 17377 0
0.000125 12205 0
0.000125 6419 0
0.000125 17908 0
0.000125 360 0
0.000125 17210 0
0.000125 12412 0
0.000125 1745 0
0.000125 16531 0
0.000125 4601 0
0.000125 3257 0
0.000125 12424 0
0.000125 5286 0
0.000125 19914 0
0.000125 7601 0
0.000125 11534 0
0.000125 6982 0
0.000125 12845 0
0.000125 1782 0
0.000125 14458 0
0.000125 12033 0
0.000125 2108 0
0.000125 15079 0
0.000125 8887 0
0.000125 4257 0
0.000125 10610 0
0.000125 6906 0
0.000125 111 0
0.000125 4991 0
0.000125 10414 0
0.000125 5018 0
0.000125 11019 0
0.000125 4537 0
0.000125 15751 0
0.000125 5227 0
0.000125 6454 0
0.000125 1515 0
0.000125 11738 0
0.000125 3261 0
0.000125 10790 0
0.000125 10802 0
0.000125 18460 0
0.000125 2949 0
0.000125 16965 0
0.000125 3447 0
0.000125 19955 0
0.000125 2761 0
0.000125 9727 0
0.000125 11354 0
0.000125 595 0
0.000125 14872 0
0.000125 12803 0
0.000125 19859 0
0.000125 6179 0
0.000125 10557 0
0.000125 16077 0
0.000125 18361 0
0.000125 10809 0
0.000125 17244 0
0.000125 17984 0
0.000125 10169 0
0.000125 19284 0
0.000125 5148 0
0.000125 14846 0
0.000125 9419 0
0.000125 2849 0
0.000125 2369 0
0.000125 5447 0
0.000125 13505 0
0.000125 13282 0
0.000125 13732 0
0.000125 7003 -0.213103
0.000125 3747 0
0.000125 4872 0
0.000125 13444 0
0.000125 13632 0
0.000125 2501 0
0.000125 8071 0
0.000125 9464 0
0.000125 17678 0
0.000125 16727 0
0.000125 2185 0
0.000125 4092 0
0.000125 14243 0
0.000125 15483 0
0.000125 10300 0
0.000125 8253 0
0.000125 2436 0
0.000125 13253 0
0.000125 4352 0
0.000125 4544 0
0.000125 19623 0
0.000125 16586 0
0.000125 7393 0
0.000125 9949 0
0.000125 18455 0
0.000125 16337 0
0.000125 7584 0
0.000125 13707 0
0.000125 15573 0
0.000125 13907 0
0.000125 1251 0
0.000125 19150 0
0.000125 11619 0
0.000125 864 0
0.000125 8282 0
0.000125 9623 0
0.000125 11054 0
0.000125 466 0
0.000125 3042 0
0.000125 18615 0
0.000125 10642 0
0.000125 7990 0
0.000125 2956 0
0.000125 19740 0
0.000125 19985 0
0.000125 5983 0
0.000125 1007 0
0.000125 16568 0
0.000125 8009 0
0.000125 18642 0
0.000125 14927 0
0.000125 18098 0
0.000125 16167 0
0.000125 8692 0
0.000125 15453 0
0.000125 18292 0
0.000125 5855 0
0.000125 6892 0
0.000125 1186 0
0.000125 18595 0
0.000125 12748 0
0.000125 13380 0
0.000125 9179 0
0.000125 7599 0
0.000125 13335 0
