99 81 74 84
84 85 84 94
86 89 72 88
76 82 77 87
88 71 72 92
73 82 83 98
81 84 75 91
72 85 80 81
92 86 81 85
81 81 84 78
78 85 91 93
80 83 86 80
88 79 89 78
84 83 85 92
78 79 82 84
82 80 76 82
79 93 79 105
79 81 76 83
90 77 89 97
85 79 85 87
99 78 84 82
80 89 73 80
75 83 85 84
84 74 82 84
82 88 80 89
78 80 85 88
86 81 90 89
85 88 80 88
68 75 79 83
84 78 81 83
82 92 90 92
91 88 80 88
86 73 81 86
78 84 86 80
78 79 82 80
82 78 89 79
91 89 84 84
86 80 74 81
82 80 72 83
86 83 82 80
71 73 81 82
82 77 84 88
78 83 75 85
81 79 79 90
87 74 73 88
78 77 71 87
82 76 81 84
88 84 87 93
90 90 82 92
85 76 87 80
82 94 82 90
75 80 79 88
83 85 78 81
81 85 92 78
81 87 76 93
91 85 87 90
77 91 85 87
87 81 79 86
81 80 86 90
84 78 88 86
78 88 84 88
83 82 80 96
81 85 81 83
90 81 89 87
91 76 80 87
82 86 82 88
85 84 84 90
83 76 86 84
79 87 83 81
80 78 89 84
86 95 89 88
89 84 82 92
76 80 76 92
88 76 80 92
87 83 80 83
96 87 79 86
78 79 79 84
86 80 73 80
86 85 79 96
75 82 86 86
91 92 86 89
91 74 71 81
85 80 76 85
68 84 83 92
82 79 78 88
76 77 83 90
86 79 79 76
80 78 75 95
78 88 89 88
87 79 83 87
84 77 86 88
76 77 78 78
80 88 80 87
85 82 73 86
87 85 75 89
90 87 86 83
89 82 83 86
88 78 83 94
92 97 80 94
86 82 82 94
81 77 97 88
79 79 84 80
79 85 84 90
91 76 81 88
77 83 93 78
79 89 79 73
79 82 86 73
95 90 73 90
80 82 84 90
91 89 87 88
91 77 79 80
83 85 77 83
86 76 85 83
79 76 85 83
87 80 87 92
78 81 79 83
86 85 80 80
85 93 88 83
78 84 86 84
88 87 86 74
82 83 75 96
83 86 83 89
85 78 87 76
84 87 76 83
78 82 80 82
98 81 82 86
85 75 88 84
75 74 84 85
92 82 78 84
86 78 85 81
86 73 75 89
83 88 79 89
86 89 71 81
88 83 74 80
84 82 80 87
87 82 72 91
78 81 79 87
87 86 85 87
79 81 84 73
73 74 81 76
91 88 89 88
94 84 88 84
84 78 85 82
93 83 82 82
87 83 76 86
82 87 85 87
81 73 81 83
85 83 84 89
90 89 76 87
87 85 84 93
83 87 77 84
84 78 86 88
87 81 79 87
83 90 83 88
83 74 76 89
86 77 78 86
75 78 74 81
83 87 80 98
93 91 93 92
80 83 74 90
72 83 79 83
85 81 85 77
77 85 84 88
86 81 72 94
81 80 82 78
83 77 91 86
91 77 86 84
85 88 82 84
85 74 88 79
84 91 84 84
87 88 71 92
77 82 79 86
75 75 83 89
84 75 72 82
86 86 86 89
87 77 83 86
78 77 76 89
92 86 94 89
87 82 79 88
80 85 79 84
86 79 74 90
97 72 91 82
96 86 85 86
76 85 85 93
88 88 85 90
85 83 95 80
79 81 88 77
87 86 87 85
77 74 76 83
91 81 73 81
83 86 78 82
83 86 87 79
76 89 79 88
70 74 85 87
82 85 79 85
74 80 90 74
79 85 79 83
93 78 80 83
82 89 75 88
72 81 78 90
74 77 74 87
82 84 88 81
84 87 74 84
95 75 73 77
90 76 86 85
89 79 78 79
90 82 72 84
89 74 82 74
82 74 88 91
79 79 82 81
78 79 79 92
85 82 82 81
80 82 83 90
82 85 76 83
78 81 80 90
89 88 85 92
80 89 86 95
79 83 89 87
88 78 73 84
92 90 87 87
87 72 80 88
86 81 85 85
82 80 74 88
81 83 80 78
80 82 75 76
90 76 84 89
81 88 85 97
78 82 82 80
80 77 84 76
83 74 75 85
79 80 80 83
82 79 83 82
83 85 84 86
75 76 82 94
79 74 76 84
87 81 92 91
84 82 81 82
76 79 84 88
85 77 77 87
84 73 77 85
83 85 86 93
80 68 77 87
77 79 78 89
90 76 86 89
80 79 78 89
89 91 72 88
92 90 89 85
92 94 83 91
88 79 78 93
78 87 75 92
78 78 78 85
83 83 88 79
77 75 77 83
85 80 74 98
94 78 82 80
83 84 75 85
78 82 77 85
77 87 80 82
83 78 89 75
82 79 91 81
91 82 76 83
78 89 85 92
80 84 89 83
88 82 82 82
85 88 74 80
81 85 77 91
87 87 75 81
82 85 79 77
80 81 90 91
84 84 76 85
74 82 74 89
87 89 79 89
84 86 76 85
83 87 85 95
77 81 79 87
84 92 84 86
74 77 80 81
87 79 87 85
96 79 75 73
82 82 86 81
82 66 91 76
89 76 73 89
80 85 70 95
87 75 90 80
85 82 78 82
79 88 86 89
93 79 81 82
76 86 75 80
81 85 82 81
85 84 78 81
89 76 69 89
78 87 81 79
78 86 82 83
78 75 85 87
81 91 80 89
92 86 85 78
79 84 78 79
83 81 77 91
85 77 67 78
82 85 85 97
85 84 89 82
91 76 87 81
88 76 80 78
79 90 83 75
83 88 85 91
82 85 89 77
82 80 76 81
77 77 83 79
85 74 83 95
83 75 88 81
82 71 88 78
87 84 82 81
83 76 81 81
87 68 82 82
80 74 79 94
82 78 86 86
79 80 91 85
77 70 78 83
90 77 73 88
85 86 86 87
84 79 85 73
88 77 77 92
80 76 79 79
73 85 86 89
85 97 73 79
87 86 93 101
84 83 81 79
85 77 91 84
75 81 76 77
82 77 89 78
72 81 87 86
83 85 83 96
93 76 83 82
92 92 86 90
89 73 81 96
84 90 83 80
79 76 80 82
85 83 78 91
80 83 89 83
78 84 77 87
89 84 80 85
89 87 83 92
84 80 77 88
80 84 85 81
82 83 77 82
84 78 88 90
78 68 79 84
87 80 83 86
89 87 89 87
84 84 87 90
88 86 81 89
82 72 81 91
77 84 81 90
90 89 79 93
85 85 85 87
82 79 82 88
81 78 80 90
87 81 77 78
79 74 83 83
87 84 94 83
83 78 76 80
87 94 92 84
74 74 88 93
80 84 86 90
82 76 83 90
84 85 73 82
84 95 80 89
76 87 74 88
80 76 78 88
76 82 78 87
68 81 75 86
84 88 85 81
89 85 84 82
90 78 89 85
79 86 87 91
87 88 84 89
75 94 77 76
80 82 89 87
81 83 81 82
75 81 78 79
95 89 83 91
79 75 81 83
86 83 85 85
68 81 84 79
84 68 79 91
77 82 89 86
71 81 74 83
91 79 85 88
84 77 86 92
84 72 75 99
77 85 87 83
84 80 80 74
93 84 87 85
89 90 75 81
91 79 86 85
74 81 88 86
85 83 76 79
79 73 82 75
89 72 85 87
96 79 85 83
90 80 83 95
78 80 80 84
85 87 70 94
87 78 83 92
81 77 82 86
83 89 67 87
79 89 79 93
83 83 79 86
90 82 83 85
86 83 73 94
86 80 86 93
83 82 86 89
86 83 74 87
90 84 83 85
81 80 70 90
82 95 88 89
84 71 72 85
81 83 87 83
86 84 75 83
80 87 92 92
93 74 80 85
84 78 77 91
78 85 79 85
83 86 83 83
87 77 91 81
91 84 84 91
88 71 88 81
80 82 85 90
79 79 81 76
80 75 79 88
86 81 78 81
85 81 79 83
81 82 85 89
94 88 81 87
78 75 78 83
91 83 87 87
78 80 89 92
80 75 89 85
87 77 78 85
84 91 83 86
84 77 82 84
85 87 72 90
84 93 84 84
74 75 76 82
84 83 84 87
88 76 83 88
88 81 70 91
77 82 79 85
87 79 75 79
85 78 67 83
80 91 80 86
89 87 82 90
85 73 73 80
87 74 86 77
84 78 82 92
85 82 82 86
80 85 80 89
89 82 75 87
78 80 84 86
87 78 89 84
81 91 90 80
89 72 76 92
83 77 75 78
83 80 79 90
89 86 82 92
88 85 85 79
86 76 71 90
79 75 85 75
80 91 87 84
83 83 84 81
85 82 85 92
88 85 78 80
80 81 79 87
83 79 84 82
80 79 85 88
84 77 84 88
86 90 89 89
90 86 93 88
86 81 78 85
82 82 86 89
85 82 81 85
87 84 85 80
85 80 83 90
79 71 73 88
86 85 84 79
79 90 82 85
77 82 84 78
81 77 91 94
86 78 68 86
85 77 90 86
79 95 83 81
84 81 79 87
85 77 82 83
83 86 74 88
85 82 85 88
85 81 78 82
83 84 84 74
73 91 87 96
84 81 81 90
81 81 86 86
84 81 87 94
89 79 85 81
90 87 79 88
91 85 86 88
87 88 81 90
82 84 78 79
80 85 67 90
73 82 85 79
90 74 83 76
85 76 81 85
87 84 82 88
87 85 85 89
84 73 78 82
88 85 78 86
89 83 77 90
79 81 85 91
82 83 87 88
82 82 70 93
82 80 78 83
84 79 89 89
86 82 73 86
83 76 79 83
86 76 86 83
94 88 82 90
84 81 85 84
76 80 85 85
84 76 81 91
86 81 74 89
86 87 83 92
83 80 82 93
73 94 69 95
85 85 80 80
84 88 87 82
88 74 83 86
86 73 82 86
81 82 88 92
87 77 88 91
88 80 81 92
79 82 80 81
80 82 94 82
85 86 87 92
84 76 71 81
91 78 74 87
81 74 89 85
100 82 96 80
77 76 86 80
91 89 84 75
81 93 78 77
76 76 83 94
84 83 72 81
75 82 93 88
84 87 79 91
76 82 84 86
85 80 83 80
82 75 83 85
87 84 80 72
81 95 93 90
80 91 78 89
86 74 80 83
80 88 81 76
83 79 82 84
85 102 85 92
83 86 83 81
81 78 76 84
83 72 90 101
78 84 89 83
84 89 83 84
83 78 70 87
82 75 82 83
85 89 89 82
84 76 82 83
75 68 67 72
83 80 84 90
90 77 88 89
79 84 82 81
80 74 83 70
92 76 78 81
79 83 91 90
79 85 78 79
87 73 80 79
85 81 85 84
85 74 82 92
82 87 85 85
86 83 88 90
87 71 93 85
74 69 83 73
83 93 81 86
88 81 72 91
78 87 78 88
75 89 77 87
82 78 76 84
80 80 79 88
84 82 82 83
80 74 90 84
76 78 69 86
84 79 87 93
83 74 83 87
89 88 82 110
83 88 87 87
79 78 78 83
86 85 83 93
89 77 81 98
92 85 84 80
87 76 84 84
82 82 76 90
82 85 87 91
86 88 78 82
86 76 83 85
83 80 75 93
79 84 79 88
95 85 83 83
85 81 83 84
81 79 90 90
77 86 89 86
91 83 89 84
77 89 86 93
77 76 82 87
81 86 82 83
86 71 92 82
87 77 84 87
80 77 71 82
87 83 81 89
87 86 87 91
87 84 81 93
80 81 85 74
89 70 90 89
88 79 84 84
80 81 79 89
85 76 70 79
71 78 79 81
91 83 77 89
80 76 81 83
81 90 87 90
98 85 83 91
88 81 84 85
88 82 86 79
84 82 89 79
85 89 83 85
81 98 95 91
84 83 78 86
92 87 84 84
80 77 80 77
83 89 75 93
78 87 87 83
86 86 86 92
75 85 81 94
79 79 86 86
78 88 85 79
82 81 78 90
82 76 79 88
76 79 77 76
87 82 83 82
81 86 85 80
77 82 71 88
86 72 82 89
91 80 75 87
78 94 80 85
87 82 84 94
88 76 84 85
89 83 81 82
78 73 87 81
83 95 82 88
89 87 81 89
83 83 79 80
87 81 86 82
83 92 77 91
81 90 84 85
81 87 82 88
90 82 78 88
88 78 84 86
84 85 84 77
87 86 84 84
84 84 82 91
87 80 84 82
72 74 83 89
73 85 80 87
81 83 81 81
82 83 76 82
88 76 81 92
81 83 84 85
83 80 82 87
75 83 82 92
77 84 86 97
86 81 72 81
87 81 83 85
86 78 89 82
90 87 89 79
74 84 66 89
87 76 88 88
81 89 80 76
86 76 80 90
81 81 84 80
85 85 77 75
81 90 79 76
76 84 85 90
83 89 72 93
74 81 79 88
85 75 89 86
85 82 86 92
84 77 75 92
79 80 101 83
88 82 81 87
83 83 73 85
88 82 82 89
90 78 79 83
84 83 86 85
92 83 78 91
77 79 80 79
92 73 88 88
85 73 88 88
87 88 76 91
90 92 81 85
88 80 89 89
90 84 75 91
87 72 80 84
87 81 82 86
82 82 81 84
75 74 76 88
78 80 78 95
80 81 73 81
87 79 76 88
78 81 83 84
69 91 83 85
85 81 78 98
83 84 86 94
80 88 88 91
85 90 81 81
89 83 86 84
87 80 87 82
87 81 95 90
82 83 79 90
95 82 76 82
83 76 84 83
90 82 79 81
81 96 80 91
79 83 74 88
82 83 76 80
91 83 70 82
79 86 75 85
89 80 83 88
89 77 86 76
76 81 80 80
86 89 83 98
84 76 80 85
82 78 90 94
80 85 83 73
82 85 80 78
84 75 87 84
84 76 82 82
86 77 87 81
77 80 82 86
86 90 83 84
81 84 79 88
81 91 75 95
75 94 86 89
77 76 87 83
80 86 77 87
84 83 83 82
78 82 77 80
84 71 77 80
90 74 84 90
91 82 80 91
83 84 84 80
84 78 91 97
82 81 70 87
86 88 86 82
78 79 77 89
86 83 78 92
85 82 80 81
84 81 81 84
80 87 87 86
77 82 83 81
78 72 81 85
83 83 90 81
90 84 73 89
82 80 79 86
84 80 89 86
87 76 86 84
82 92 83 89
83 80 78 88
87 79 87 84
87 91 80 84
90 77 78 88
83 79 82 93
82 76 78 77
83 87 88 85
92 85 86 105
78 83 90 82
84 90 78 89
82 81 83 85
74 76 79 85
88 87 84 85
73 81 85 82
87 84 77 87
82 77 83 93
83 88 79 90
73 81 71 92
86 89 82 80
76 79 81 89
77 80 86 80
90 90 97 91
80 86 88 89
82 80 83 86
86 82 81 94
85 94 70 93
90 77 86 82
87 84 87 87
91 86 88 77
79 88 82 86
89 87 99 85
81 77 78 79
76 75 77 82
71 84 85 89
81 83 81 89
82 87 86 96
77 89 80 75
77 67 75 84
89 83 77 83
67 84 79 78
89 77 89 82
95 79 84 94
86 94 86 96
89 79 83 89
93 83 87 82
80 85 78 89
79 78 91 89
83 90 79 91
87 80 83 87
83 83 76 89
80 67 76 83
87 83 94 93
84 74 83 83
91 82 77 78
79 77 81 87
76 80 79 84
75 87 85 90
82 78 83 84
94 74 77 81
89 87 81 84
81 76 90 77
82 82 84 88
95 86 78 93
88 78 78 74
85 79 78 91
82 79 78 74
87 83 93 92
83 73 75 82
79 80 93 89
90 81 71 84
93 82 85 86
87 86 84 85
83 86 90 82
71 81 78 87
83 79 86 86
76 80 87 81
97 81 87 87
88 88 80 85
89 80 81 92
85 87 90 77
91 82 93 98
92 86 84 79
80 79 83 76
90 81 80 87
90 87 80 87
87 82 82 82
86 90 78 99
84 88 84 83
87 80 81 96
87 84 88 81
77 70 86 80
77 77 89 83
78 81 81 87
85 72 84 80
83 82 90 86
82 84 82 86
88 78 80 83
71 71 67 69
89 74 81 73
83 77 79 89
87 83 84 94
86 78 87 77
78 82 83 73
85 78 84 81
73 84 80 86
77 90 86 99
84 82 84 85
78 77 89 92
76 79 82 81
73 81 85 93
78 87 79 78
79 78 84 78
82 85 88 87
83 81 77 84
81 85 79 90
76 90 88 92
97 85 82 93
83 87 90 84
80 88 76 93
88 84 80 74
80 87 82 89
83 85 85 79
81 89 85 88
95 79 76 86
85 83 80 90
86 86 80 91
85 72 80 73
85 82 83 91
78 81 71 80
82 86 85 77
86 85 83 81
82 89 77 88
84 86 73 81
91 80 80 90
86 86 75 80
90 87 91 80
76 75 84 88
86 76 80 92
78 80 85 84
85 81 85 81
87 74 72 91
76 75 86 92
86 83 83 77
82 88 80 84
79 81 87 84
87 89 74 88
85 83 85 84
79 88 82 84
87 73 87 82
78 80 74 80
91 75 80 93
91 82 83 84
93 97 84 93
91 75 83 90
83 81 93 88
78 80 84 86
83 82 87 78
87 80 79 74
75 74 74 90
88 85 87 96
76 80 91 86
84 74 75 93
69 80 81 85
85 92 87 86
78 85 89 86
82 78 79 88
84 88 89 85
86 86 77 83
81 89 85 81
78 91 86 90
77 90 90 90
86 81 87 86
73 92 79 88
82 81 82 75
79 83 76 90
92 81 85 88
84 84 83 93
80 78 88 86
87 83 91 85
85 84 88 88
88 80 76 83
79 74 72 86
84 86 84 85
76 77 75 81
76 79 75 77
73 76 83 91
82 75 84 92
91 77 82 86
90 76 80 85
77 79 80 77
78 81 86 74
91 87 84 88
90 78 73 83
86 91 88 87
76 85 81 84
90 73 89 93
89 84 82 81
87 78 84 94
87 78 88 83
77 83 85 87
83 93 80 75
82 90 86 95
85 78 84 85
74 91 88 86
85 82 78 86
82 83 90 86
77 81 85 88
90 77 72 83
78 80 76 86
87 79 88 89
87 75 80 85
99 78 77 83
84 77 83 75
81 73 75 79
99 79 82 93
81 85 81 86
85 81 85 84
86 94 79 90
70 75 83 85
88 91 84 92
80 87 83 82
74 86 80 89
79 75 79 87
83 82 88 89
79 80 77 77
89 89 82 81
97 80 73 84
77 91 79 83
80 83 79 91
87 83 82 88
84 82 76 85
85 75 85 77
88 86 77 92
93 87 86 76
83 82 82 86
83 96 78 87
83 69 80 93
90 82 82 91
84 88 90 93
90 78 78 93
86 83 84 84
82 77 77 93
82 92 73 92
74 83 82 88
74 84 80 82
82 83 78 82
86 78 81 91
87 84 93 77
101 78 76 84
80 90 81 77
95 80 82 88
84 81 78 90
90 82 77 86
80 81 84 82
80 89 93 86
90 105 84 96
85 100 80 80
92 82 79 85
78 87 71 95
91 83 80 86
85 85 90 82
82 72 70 86
79 77 77 86
86 74 79 91
84 84 82 92
75 79 85 91
75 92 79 75
79 78 80 87
83 84 82 83
85 91 77 93
77 73 80 82
88 78 81 83
87 83 77 86
84 89 81 87
93 79 88 86
89 85 80 82
87 74 77 90
83 77 75 90
83 85 74 91
90 78 86 85
94 86 84 86
74 82 79 90
85 85 80 94
75 77 86 92
91 74 87 85
82 85 82 90
83 90 81 91
85 86 83 87
81 79 88 86
85 81 88 84
87 72 80 87
94 73 82 83
84 86 81 79
76 78 81 87
81 94 82 92
90 87 81 92
83 87 81 79
81 86 85 82
81 85 82 86
76 76 84 84
84 85 84 79
88 95 80 97
86 82 84 82
86 83 88 86
76 79 76 85
83 85 86 73
82 90 84 86
80 73 77 85
90 83 85 89
85 87 91 82
90 76 89 85
86 79 91 84
85 88 86 94
90 80 86 88
83 83 84 81
77 87 80 95
89 88 84 82
91 87 81 89
86 78 75 90
84 78 89 85
89 78 83 83
91 81 85 91
83 88 84 75
87 76 91 75
90 81 74 85
85 81 87 78
80 91 85 91
92 77 77 87
88 85 82 82
74 89 75 87
90 80 78 83
78 84 78 88
92 81 89 84
76 91 85 97
76 81 80 92
84 92 76 85
91 83 87 100
74 89 81 80
92 79 87 86
82 79 87 77
77 83 86 85
86 78 74 88
90 72 95 88
84 80 85 93
82 85 85 86
78 75 76 86
73 84 82 82
80 79 87 85
87 83 78 91
91 80 84 79
93 85 73 80
85 87 75 88
87 84 85 89
95 83 86 89
79 79 85 89
85 79 88 89
80 91 83 82
94 85 89 81
88 85 85 94
81 81 86 88
86 92 84 89
90 78 83 91
92 86 77 90
81 88 91 84
87 81 87 84
84 79 80 83
77 84 74 77
95 81 88 84
95 71 88 80
84 79 77 87
82 78 85 82
87 97 78 91
81 83 80 84
79 77 81 82
80 83 86 82
88 85 77 86
82 81 74 88
85 77 81 96
80 80 76 85
77 81 77 86
85 83 73 79
76 82 93 84
86 87 85 98
79 87 83 77
92 77 79 82
83 75 87 87
79 79 88 80
90 84 79 86
97 70 74 79
75 83 83 98
87 91 84 99
82 82 79 91
75 83 76 91
83 76 80 85
83 85 84 95
80 82 77 81
92 79 83 85
80 78 86 89
90 95 82 90
82 86 84 78
80 86 92 86
84 85 80 92
86 80 82 82
88 79 89 89
82 86 80 89
91 84 76 85
78 75 88 78
78 83 79 85
98 86 86 80
87 77 86 81
82 91 77 85
83 79 73 81
91 84 86 88
88 83 74 87
92 74 77 77
86 80 81 86
80 82 81 86
83 85 87 81
81 84 88 91
88 79 76 93
89 87 77 88
80 84 87 75
76 92 89 84
86 81 75 83
85 77 87 84
76 81 86 93
89 81 87 76
81 77 85 81
79 79 74 88
78 78 87 85
88 77 86 86
82 79 75 90
73 77 85 81
76 84 88 86
82 73 83 83
80 77 80 79
82 82 81 82
85 87 71 88
74 76 81 94
86 86 74 82
86 85 85 100
94 82 84 82
87 82 72 82
82 80 89 83
80 91 100 82
90 81 78 81
82 81 91 90
90 78 77 89
83 82 81 80
79 84 80 80
81 85 84 85
87 82 82 82
80 81 81 84
79 78 80 78
89 82 88 91
84 85 79 81
83 83 80 74
79 74 75 85
81 86 88 85
81 78 93 83
88 82 82 80
77 81 79 97
82 78 87 82
83 86 85 80
86 89 83 89
78 85 80 82
84 82 84 82
91 82 87 88
80 82 84 91
82 79 83 81
88 82 85 90
78 76 76 81
76 84 84 86
82 79 85 87
75 84 87 79
86 77 71 99
83 77 82 81
84 86 83 86
84 85 76 86
83 86 83 87
73 80 71 94
83 85 87 85
86 77 77 82
79 87 79 84
87 79 85 96
76 76 82 72
96 83 90 94
91 87 77 88
82 88 92 93
84 76 79 80
92 77 75 84
73 76 85 88
79 80 93 99
89 85 81 84
85 79 91 89
88 85 86 84
85 76 81 84
82 85 79 86
90 78 87 80
82 87 86 86
83 91 89 80
92 86 89 91
82 82 80 86
86 83 79 90
76 71 75 77
80 83 89 87
78 84 82 95
83 85 91 93
83 85 86 93
84 79 84 86
85 77 85 89
87 88 84 83
79 81 80 88
88 87 78 94
83 80 72 92
82 75 82 85
90 81 81 83
82 82 73 83
92 86 85 88
74 79 84 78
78 77 73 92
83 87 84 85
90 80 87 83
93 83 84 94
89 91 79 81
91 90 81 87
83 78 81 91
90 82 84 74
93 87 78 88
85 82 87 94
82 87 82 81
79 86 87 77
78 76 82 86
77 85 92 84
87 78 82 81
86 92 76 82
81 78 88 84
83 91 88 84
90 76 79 84
78 82 73 88
88 94 82 83
83 81 76 83
85 83 76 83
91 80 86 89
79 81 84 82
82 79 82 81
88 77 82 92
90 84 78 102
90 79 82 96
84 78 76 89
78 84 86 86
79 90 91 85
88 80 91 87
81 87 82 81
85 77 87 91
88 85 72 93
82 74 85 95
77 88 75 91
78 76 84 84
87 86 88 83
80 83 85 78
86 77 82 86
81 74 87 82
85 84 86 85
87 76 90 89
84 92 80 89
80 78 94 95
82 84 72 83
81 79 83 81
83 85 82 85
84 84 89 85
78 76 88 88
86 79 84 88
78 89 82 95
90 80 92 93
79 85 89 81
87 79 76 85
77 77 79 88
75 85 82 85
79 80 80 83
85 93 83 91
87 93 87 81
86 78 81 85
88 76 83 75
86 76 78 85
89 90 90 85
80 76 87 80
84 77 80 83
94 78 79 83
88 72 78 84
81 78 84 92
83 84 77 83
89 75 84 83
79 72 86 86
83 79 82 82
86 82 82 90
85 75 71 89
77 86 78 89
80 82 84 91
77 74 84 82
81 81 99 80
84 92 90 81
85 73 86 90
82 85 86 83
89 82 82 87
85 82 84 75
88 85 84 87
87 95 77 91
82 80 75 85
93 83 84 81
76 83 74 89
84 79 85 90
88 75 84 95
85 73 92 87
91 86 75 90
88 79 73 92
104 83 81 101
95 81 84 88
84 77 87 78
86 76 82 84
83 78 91 89
70 89 83 85
90 87 84 85
75 85 79 93
87 70 74 92
85 81 79 78
81 84 91 91
79 81 78 97
92 84 77 82
85 82 87 87
92 81 81 82
73 83 74 78
79 80 76 85
95 83 86 93
87 79 88 89
84 85 90 83
83 72 89 95
80 78 90 85
85 100 81 92
77 91 82 87
87 84 89 96
87 81 84 87
85 82 82 85
78 79 79 83
82 83 73 83
84 74 91 82
80 88 82 82
83 81 82 83
87 83 75 90
75 78 73 85
89 76 85 88
79 76 85 85
91 78 86 87
79 86 83 85
81 83 83 89
84 89 88 93
78 72 82 90
80 81 86 90
79 77 78 89
76 79 89 77
82 86 88 88
84 82 74 97
91 86 86 76
87 75 81 77
89 83 88 75
81 82 80 99
82 86 78 74
84 82 81 97
70 77 70 79
85 86 77 88
98 80 76 89
84 87 83 94
85 77 81 89
89 73 82 84
85 87 84 93
77 74 80 94
99 77 74 87
80 79 87 83
84 80 84 84
93 80 80 85
82 75 82 84
80 84 77 79
85 79 80 80
85 81 75 81
85 81 86 87
83 86 87 79
87 92 88 98
83 84 76 96
82 77 81 81
77 86 82 84
92 83 86 82
78 85 74 84
90 73 87 83
86 76 80 75
87 82 83 87
86 78 79 84
92 87 73 93
84 85 84 79
87 82 82 86
77 87 84 83
78 78 80 85
84 80 84 86
97 83 80 90
90 79 89 85
82 86 66 95
82 75 91 84
86 81 72 88
89 75 81 72
80 80 78 85
92 82 81 82
85 78 89 77
89 72 76 80
75 81 86 86
84 83 78 90
80 87 81 95
84 77 76 93
84 76 88 82
93 76 87 90
82 79 75 88
77 89 78 85
91 79 80 75
94 83 80 82
82 78 82 83
77 82 99 94
89 81 83 81
69 75 83 86
83 79 76 87
80 84 77 85
87 80 89 94
86 71 80 83
83 77 82 80
85 81 83 85
83 94 73 82
93 88 78 97
80 86 82 96
83 82 84 87
85 86 79 79
77 82 88 87
82 83 91 85
84 86 86 79
87 85 88 90
86 82 75 74
91 90 85 93
85 82 80 81
89 73 87 86
82 88 85 89
87 80 89 87
81 77 76 89
87 86 97 84
74 82 84 87
87 84 83 81
84 87 84 78
83 85 91 83
76 74 80 87
79 81 86 88
77 77 86 78
79 75 81 93
78 65 69 67
88 88 76 86
88 81 80 74
85 81 81 89
91 83 86 92
90 81 85 84
79 81 88 90
71 83 87 84
92 88 79 89
80 87 81 90
86 80 77 85
94 83 82 92
79 83 93 89
88 80 77 89
88 83 77 89
85 81 85 77
85 80 87 82
79 81 76 82
89 76 84 81
79 82 80 88
91 78 85 84
82 77 81 84
85 95 78 81
92 81 81 75
84 88 88 91
88 86 89 81
83 80 80 75
75 77 93 87
79 88 87 90
87 84 87 93
89 85 85 90
85 78 77 85
79 84 80 84
84 69 87 84
76 79 88 86
81 90 84 87
90 87 79 83
92 85 83 83
77 80 82 88
75 77 85 77
82 84 85 77
81 78 87 91
91 72 78 91
85 83 81 83
76 79 72 88
91 84 89 81
88 84 84 85
72 86 85 87
78 72 88 85
83 88 86 90
83 82 80 77
86 85 81 87
85 73 73 93
90 97 76 84
86 79 74 81
94 79 81 91
85 80 84 93
88 80 84 90
73 93 67 89
92 78 81 79
78 81 81 92
86 79 74 90
89 91 85 82
84 83 81 89
82 76 77 78
89 83 81 85
87 86 86 88
82 75 77 87
96 78 71 79
85 78 84 83
76 79 82 90
71 74 79 86
83 89 87 81
89 77 93 91
87 89 85 88
80 82 79 93
83 72 87 97
78 83 82 85
80 83 89 88
87 82 85 93
89 88 81 81
90 78 70 85
90 81 77 86
87 73 82 80
75 75 75 74
78 84 86 85
83 88 91 91
87 75 88 85
89 77 84 86
79 90 84 92
78 77 82 81
79 85 82 83
82 80 85 84
88 79 75 84
97 81 86 85
75 81 88 86
80 76 79 77
81 86 89 91
81 84 87 88
87 80 79 87
83 77 84 90
80 78 77 84
84 74 83 91
83 80 84 78
94 85 80 93
81 81 82 85
81 72 75 90
88 79 85 87
79 86 79 86
85 84 83 85
87 83 89 87
85 84 70 85
95 80 89 83
79 81 83 91
86 89 76 86
82 86 84 82
78 74 80 84
81 81 85 84
89 79 92 81
83 85 88 75
81 87 90 86
87 86 90 93
78 81 83 88
85 85 78 89
85 81 85 88
78 79 88 83
84 75 78 90
90 74 81 87
76 77 85 85
80 74 77 79
86 82 84 92
88 75 86 77
83 77 80 83
79 80 92 80
84 79 83 88
88 77 78 95
90 76 92 78
84 92 85 93
88 74 86 79
82 75 78 92
91 84 91 81
90 81 93 91
80 79 78 91
69 76 81 89
88 80 82 82
80 83 74 92
91 81 87 86
86 76 79 87
76 77 85 90
89 87 88 79
80 83 91 83
84 80 86 84
84 90 85 90
77 83 87 81
88 73 89 87
82 79 79 86
84 77 83 88
81 83 90 86
87 81 84 76
85 84 83 84
91 80 83 91
80 83 89 83
97 87 77 77
81 75 82 75
82 77 80 95
93 87 81 88
86 88 86 91
83 80 77 89
78 87 87 88
77 74 79 82
93 81 83 85
82 75 91 89
82 81 77 79
81 78 83 87
87 83 81 90
86 87 88 90
86 85 87 88
86 71 74 87
79 79 91 79
80 88 88 86
89 82 79 79
86 87 86 84
75 85 70 92
85 83 85 82
81 80 78 84
93 80 74 84
78 86 80 84
95 75 86 86
85 78 78 95
83 82 76 87
90 79 88 91
79 78 80 88
76 76 86 93
81 80 74 88
78 72 77 80
87 89 82 88
83 83 84 83
90 84 86 88
80 89 80 85
77 86 88 78
85 89 83 95
84 80 84 81
94 69 86 94
87 76 91 79
78 78 85 84
72 80 87 89
80 78 70 83
76 83 81 85
82 80 85 85
88 81 81 88
85 88 87 85
84 78 82 86
72 75 82 88
87 85 80 87
84 80 87 93
82 88 78 83
75 85 84 77
75 81 91 80
82 86 84 81
80 83 84 83
83 85 89 76
88 88 81 90
72 91 73 85
88 83 85 87
89 82 73 91
79 76 76 84
86 72 86 83
92 84 79 92
71 78 81 80
82 82 79 91
80 76 77 92
93 83 80 91
97 83 87 84
85 85 77 80
77 77 79 76
86 79 74 81
80 86 80 88
82 71 87 81
83 79 74 87
72 92 84 87
79 84 84 84
82 83 79 80
92 82 88 84
83 81 85 86
86 85 83 90
74 81 67 85
86 74 72 91
77 87 74 85
79 86 80 84
92 92 77 89
80 80 82 82
80 78 84 72
78 83 72 82
85 76 76 91
82 88 82 92
75 72 71 80
88 84 79 84
78 90 77 82
89 85 76 79
80 87 83 80
89 74 81 83
82 81 77 78
84 95 86 84
101 81 82 87
89 90 85 91
82 82 76 89
76 84 88 84
79 82 85 75
75 88 79 86
79 88 88 86
84 81 80 77
85 84 88 84
83 71 75 94
85 86 86 85
80 82 74 85
82 84 83 81
80 93 78 89
87 82 80 81
83 75 75 89
92 80 72 89
75 86 82 88
86 80 83 80
82 83 79 76
96 75 83 82
85 77 79 83
89 88 86 81
84 74 83 92
78 90 80 92
78 82 86 90
82 71 80 88
84 79 73 93
92 90 88 85
86 86 91 83
92 78 84 83
87 88 91 102
83 86 78 84
88 71 76 86
82 84 82 88
90 91 81 93
91 87 87 84
87 78 78 80
82 81 67 92
85 82 90 88
81 74 78 85
83 97 85 81
93 84 81 85
78 79 94 80
87 76 84 77
87 85 75 95
79 86 78 93
88 78 77 86
86 85 73 85
84 73 88 87
83 83 90 82
90 74 88 92
92 80 81 90
77 88 80 94
74 78 77 89
89 92 96 86
89 80 86 92
83 80 75 84
85 84 90 78
81 90 90 96
82 85 79 80
89 83 80 82
78 77 85 89
79 90 87 91
85 86 82 86
82 87 78 86
85 85 81 86
87 80 81 85
83 80 76 81
83 82 76 94
87 70 78 92
97 80 82 89
83 83 81 88
90 84 83 92
84 79 81 84
91 84 91 93
90 80 88 91
84 88 86 88
83 83 90 92
89 83 86 87
80 82 76 86
92 76 82 85
84 80 90 86
81 85 86 85
81 88 81 80
81 87 83 91
93 81 89 86
77 79 87 81
89 80 77 89
82 79 84 93
88 73 91 83
86 82 93 90
79 88 79 86
87 81 79 95
75 86 82 86
83 88 76 92
86 88 82 81
74 83 80 79
78 89 81 82
76 81 78 83
91 81 79 88
86 70 76 84
93 85 93 90
75 73 92 87
88 79 76 89
86 76 87 85
86 91 94 87
95 79 73 86
79 82 75 86
76 90 73 91
75 89 79 83
75 82 85 79
89 78 92 79
85 82 82 73
92 83 75 84
84 86 90 91
82 79 87 84
91 86 86 78
88 85 92 84
82 93 80 84
91 78 79 84
79 83 92 96
84 82 73 89
88 79 80 87
85 83 83 86
79 83 73 84
85 82 81 78
86 78 85 91
79 81 84 79
84 82 82 88
87 84 86 92
88 77 81 81
88 73 77 89
87 84 88 78
88 76 79 88
83 77 91 92
77 91 81 87
83 85 78 83
81 75 65 71
84 81 85 86
77 89 84 74
87 75 75 92
74 76 80 84
89 88 85 88
84 76 89 87
85 78 86 86
93 87 87 82
93 83 83 88
81 85 81 87
78 82 83 86
82 78 79 86
90 77 85 94
86 85 85 78
89 81 78 92
77 80 71 83
81 80 87 82
86 77 81 85
89 75 80 81
89 85 79 84
94 84 80 92
83 75 82 89
77 89 83 78
84 65 75 84
81 71 85 85
90 81 90 82
90 84 86 92
80 86 87 83
86 76 74 83
79 82 84 91
82 84 78 93
86 75 91 96
80 73 82 81
85 94 87 82
80 84 93 81
83 77 100 93
89 79 78 99
87 84 81 79
83 70 81 93
81 81 87 91
86 87 87 93
87 78 77 91
91 91 93 94
77 88 79 92
86 81 86 92
90 74 76 91
86 80 79 83
94 78 84 82
91 80 86 85
82 82 80 84
76 84 73 89
77 72 91 85
87 86 87 83
80 80 78 80
86 80 76 80
77 92 76 87
85 79 81 78
91 82 88 90
78 90 76 81
89 78 89 83
82 80 84 91
81 77 79 82
