// Initial random seed:
1502537735041

// RunInitializeCallbacks():
initializeMutationRate(1e-05);
initializeMutationType(1, 0.5, "f", 1);
initializeMutationType(2, 0.5, "f", -1);
initializeGenomicElementType(1, c(m1, m2), c(1, 1));
initializeGenomicElement(g1, 0, 999);
initializeRecombinationRate(0.001);

// Starting run at generation <start>:
1 

DATA:
800
138 0
302 0
365 0
387 0
381 0
394 0
417 0
419 0
436 0
422 0
418 0
426 0
433 0
433 0
428 0
448 0
434 0
427 0
451 0
450 0
451 0
455 0
431 0
437 0
448 0
465 0
460 0
470 0
490 0
489 0
505 0
477 0
477 0
457 0
486 0
497 0
506 0
491 0
496 0
506 0
514 0
499 0
502 0
490 0
474 0
471 0
480 0
493 0
473 0
507 0
502 0
480 0
481 0
507 0
494 0
499 0
489 0
467 0
487 0
492 0
496 0
505 0
522 0
506 0
508 0
514 0
490 0
503 0
515 0
522 0
500 0
491 0
499 0
485 0
490 0
506 0
495 0
483 0
484 0
508 0
513 0
485 0
496 0
519 0
521 0
510 0
503 0
512 0
496 0
484 0
501 0
493 0
505 0
506 0
494 0
497 0
496 0
471 0
491 0
494 0
510 0
508 0
470 0
476 0
489 0
494 0
473 0
499 0
494 0
492 0
495 0
462 0
478 0
474 0
480 0
501 0
517 0
505 0
501 0
504 0
511 0
511 0
519 0
531 0
525 0
506 0
522 0
523 0
539 0
496 0
521 0
520 0
510 0
523 0
505 0
535 0
534 0
533 0
534 0
523 0
504 0
503 0
501 0
498 0
488 0
518 0
521 0
518 0
528 0
513 0
516 0
530 0
532 0
528 0
532 0
515 0
514 0
520 0
529 0
503 0
498 0
521 0
513 0
504 0
508 0
505 0
505 0
519 0
503 0
513 0
491 0
508 0
507 0
510 0
508 0
497 0
522 0
517 0
505 0
485 0
503 0
493 0
511 0
486 0
485 0
474 0
501 0
487 0
495 0
504 0
484 0
504 0
483 0
514 0
507 0
487 0
484 0
473 0
490 0
523 0
511 0
506 0
508 0
504 0
507 0
484 0
505 0
490 0
485 0
493 0
501 0
488 0
508 0
517 0
498 0
505 0
504 0
515 0
516 0
517 0
510 0
507 0
513 0
499 0
514 0
499 0
511 0
518 0
526 0
518 0
504 0
505 0
514 0
502 0
495 0
491 0
488 0
499 0
494 0
500 0
525 0
493 0
512 0
518 0
507 0
502 0
496 0
506 0
517 0
501 0
504 0
516 0
500 0
492 0
491 0
518 0
492 0
502 0
519 0
536 0
492 0
500 0
500 0
485 0
517 0
492 0
500 0
513 0
522 0
513 0
512 0
521 0
513 0
497 0
503 0
486 0
480 0
487 0
524 0
483 0
490 0
494 0
513 0
489 0
480 0
521 0
517 0
489 0
516 0
514 0
523 0
513 0
510 0
500 0
504 0
509 0
520 0
511 0
496 0
512 0
504 0
506 0
514 0
496 0
505 0
491 0
497 0
507 0
499 0
504 0
509 0
490 0
489 0
509 0
524 0
499 0
498 0
515 0
535 0
510 0
519 0
513 0
506 0
518 0
527 0
527 0
504 0
521 0
507 0
521 0
510 0
518 0
523 0
531 0
508 0
508 0
503 0
484 0
508 0
504 0
501 0
490 0
494 0
510 0
515 0
498 0
511 0
504 0
493 0
496 0
490 0
497 0
500 0
500 0
495 0
506 0
517 0
524 0
507 0
494 0
497 0
497 0
504 0
527 0
495 0
493 0
501 0
499 0
513 0
501 0
503 0
492 0
507 0
499 0
518 0
522 0
509 0
503 0
494 0
493 0
472 0
496 0
480 0
482 0
481 0
487 0
472 0
473 0
486 0
510 0
459 0
507 0
482 0
494 0
512 0
498 0
524 0
502 0
510 0
526 0
502 0
502 0
519 0
531 0
519 0
524 0
522 0
518 0
519 0
497 0
517 0
519 0
542 0
531 0
535 0
547 0
528 0
525 0
521 0
517 0
524 0
548 0
554 0
553 0
508 0
520 0
515 0
525 0
513 0
515 0
548 0
530 0
532 0
526 0
514 0
506 0
518 0
519 0
537 0
515 0
536 0
516 0
538 0
524 0
509 0
501 0
525 0
533 0
528 0
515 0
504 0
525 0
522 0
514 0
532 0
529 0
510 0
487 0
525 0
545 0
515 0
523 0
524 0
496 0
520 0
506 0
535 0
538 0
533 0
513 0
521 0
541 0
536 0
527 0
530 0
516 0
516 0
530 0
537 0
539 0
559 0
545 0
536 0
525 0
523 0
530 0
522 0
524 0
493 0
520 0
515 0
530 0
521 0
522 0
531 0
534 0
525 0
513 0
524 0
522 0
532 0
513 0
517 0
519 0
531 0
529 0
531 0
522 0
502 0
503 0
528 0
520 0
516 0
515 0
530 0
515 0
523 0
530 0
524 0
513 0
526 0
530 0
510 0
501 0
511 0
514 0
516 0
512 0
509 0
523 0
533 0
538 0
541 0
529 0
528 0
520 0
497 0
490 0
499 0
518 0
541 0
507 0
498 0
497 0
509 0
522 0
526 0
535 0
539 0
512 0
510 0
530 0
531 0
514 0
536 0
538 0
501 0
527 0
518 0
503 0
507 0
514 0
530 0
535 0
545 0
521 0
525 0
507 0
508 0
512 0
509 0
505 0
504 0
498 0
519 0
520 0
532 0
502 0
520 0
528 0
516 0
521 0
498 0
508 0
520 0
530 0
515 0
514 0
508 0
512 0
509 0
513 0
492 0
501 0
501 0
483 0
495 0
505 0
470 0
477 0
501 0
482 0
513 0
515 0
504 0
502 0
509 0
509 0
500 0
512 0
499 0
497 0
516 0
515 0
511 0
484 0
502 0
503 0
516 0
518 0
501 0
472 0
492 0
493 0
494 0
507 0
502 0
498 0
494 0
512 0
496 0
512 0
510 0
506 0
500 0
486 0
512 0
493 0
495 0
470 0
483 0
500 0
496 0
496 0
507 0
483 0
520 0
492 0
504 0
496 0
506 0
517 0
498 0
483 0
499 0
492 0
505 0
513 0
524 0
513 0
494 0
501 0
516 0
506 0
505 0
522 0
491 0
501 0
521 0
507 0
510 0
500 0
499 0
508 0
503 0
508 0
510 0
503 0
492 0
489 0
492 0
511 0
485 0
483 0
502 0
491 0
498 0
484 0
464 0
479 0
485 0
479 0
485 0
480 0
480 0
458 0
470 0
480 0
498 0
508 0
501 0
483 0
513 0
485 0
487 0
499 0
488 0
489 0
488 0
484 0
458 0
480 0
510 0
503 0
507 0
503 0
515 0
523 0
517 0
532 0
502 0
505 0
525 0
511 0
511 0
500 0
486 0
504 0
514 0
513 0
516 0
509 0
484 0
514 0
481 0
483 0
490 0
516 0
494 0
506 0
515 0
539 0
516 0
508 0
496 0
519 0
503 0
489 0
488 0
483 0
501 0
484 0
483 0
534 0
512 0
532 0
527 0
502 0
510 0
513 0
508 0
518 0
523 0
507 0
499 0
517 0
526 0
502 0
505 0
511 0
494 0
504 0
507 0
488 0
498 0
497 0
535 0
513 0
523 0
525 0
515 0
486 0
496 0
510 0
495 0
502 0
498 0
497 0
457 0
494 0
494 0
489 0
474 0
501 0
478 0
466 0
485 0
481 0
503 0
485 0
