2980 
0.51775 1000 1
0.475 3001 -1
0.499 5002 1
0.4865 7003 1
0.52175 9004 1
0.4765 11005 -1
0.503 13006 -1
0.5035 15007 1
0.53375 17008 -1
0.48975 19009 -1
0.48225 1000 -1
0.501 5002 -1
0.5135 7003 -1
0.00375 10816 0
0.5235 11005 1
0.497 13006 1
0.46625 17008 1
0.4965 15007 -1
0.51025 19009 1
0.525 3001 1
0.47825 9004 -1
0.0025 4253 0
0.00125 17970 0
0.00225 11222 0
0.00025 2506 0
0.00025 3066 0
0.0005 11076 0
0.0005 16869 0
0.0005 10039 0
0.00075 19467 0
0.0025 5890 0
0.00125 16515 0
0.00125 8026 0
0.00325 17271 0
0.00175 327 0
0.0005 1267 0
0.0015 15413 0
0.00175 3918 0
0.00175 9185 0
0.00025 17395 0
0.00125 2981 0
0.003 4369 0
0.002 8159 0
0.00075 743 0
0.001 14736 0
0.0015 17965 0
0.0005 15903 0
0.0025 5018 0
0.00025 625 0
0.00075 3041 0
0.00025 8047 0
0.001 1667 0
0.00175 17542 0
0.0005 696 0
0.00075 10128 0
0.00325 17665 0
0.001 4832 0
0.00375 2877 0
0.002 8129 0
0.00025 10793 0
0.00375 12404 0
0.00025 16744 0
0.00125 19148 0
0.003 8188 0
0.002 9213 0
0.00075 7392 0
0.002 13727 0
0.0005 16185 0
0.0005 11903 0
0.00225 1295 0
0.006 13259 0
0.00225 15126 0
0.0005 13714 0
0.00125 15056 0
0.00175 16724 0
0.00025 17825 0
0.00075 6944 0
0.0005 14021 0
0.00075 17767 0
0.00075 1986 0
0.001 17345 0
0.00025 11309 0
0.0025 13227 0
0.00625 820 0
0.00025 5487 0
0.00175 15475 0
0.00025 18814 0
0.0015 456 0
0.00225 3147 0
0.00225 1226 0
0.001 1958 0
0.003 7057 0
0.0015 7581 0
0.001 13882 0
0.00025 15478 0
0.001 3285 0
0.0005 10350 0
0.00225 12954 0
0.00025 10806 0
0.00075 18135 0
0.0015 18237 0
0.001 14345 0
0.00025 14098 0
0.00125 10436 0
0.001 12171 0
0.00075 13907 0
0.00325 16972 0
0.00025 8379 0
0.00225 5270 0
0.00375 16642 0
0.00075 18320 0
0.00025 257 0
0.00075 14336 0
0.00075 3203 0
0.00075 7184 0
0.0005 18623 0
0.0005 16146 0
0.0005 4803 0
0.0015 5932 0
0.00175 10417 0
0.0005 8969 0
0.00075 13378 0
0.0005 1800 0
0.001 4761 0
0.0005 9061 0
0.00075 12443 0
0.0015 16425 0
0.00075 7692 0
0.001 12645 0
0.00025 8385 0
0.0005 12668 0
0.0005 8644 0
0.00275 6280 0
0.00025 16413 0
0.00175 18580 0
0.00325 6457 0
0.0005 11896 0
0.00075 1390 0
0.0065 2602 0
0.00225 14146 0
0.0015 15479 0
0.00025 3194 0
0.00075 8050 0
0.00075 18762 0
0.0005 14815 0
0.0035 18166 0
0.0015 8736 0
0.001 18687 0
0.00175 10522 0
0.00025 3894 0
0.002 12973 0
0.00125 993 0
0.001 3666 0
0.00175 10814 0
0.00075 17536 0
0.0025 18623 0
0.00075 19225 0
0.001 11995 0
0.00025 3220 0
0.00025 12123 0
0.00025 16869 0
0.0005 1362 0
0.00025 1836 0
0.00025 10870 0
0.00125 11319 0
0.001 8692 0
0.0015 1214 0
0.002 4306 0
0.00025 13545 0
0.00125 14601 0
0.00025 115 0
0.00075 14018 0
0.001 19986 0
0.00075 10231 0
0.00075 13919 0
0.00075 2285 0
0.00275 3414 0
0.00125 6077 0
0.00175 17111 0
0.003 11295 0
0.001 17672 0
0.00225 11696 0
0.00175 9065 0
0.001 10741 0
0.001 14322 0
0.00075 19064 0
0.00025 5938 0
0.00125 7694 0
0.00025 875 0
0.00075 8117 0
0.00025 9083 0
0.0015 13009 0
0.00025 17771 0
0.001 5764 0
0.00225 11425 0
0.0005 15961 0
0.003 965 0
0.0005 18575 0
0.00075 5853 0
0.00225 13673 0
0.0005 19167 0
0.001 15462 0
0.0005 15904 0
0.00125 2792 0
0.00075 15175 0
0.0015 18811 0
0.001 13502 0
0.00025 3403 0
0.0005 16841 0
0.0015 4836 0
0.00125 7238 0
0.00125 9793 0
0.00025 12078 0
0.00025 12182 0
0.00025 5648 0
0.0015 18073 0
0.0005 1599 0
0.00075 10702 0
0.001 14672 0
0.00125 7966 0
0.00525 10573 0
0.0015 17755 0
0.00025 19738 0
0.0005 8808 0
0.00025 2013 0
0.0005 3083 0
0.00225 10333 0
0.00125 11608 0
0.0005 16963 0
0.00125 1556 0
0.001 2447 0
0.00225 19739 0
0.0005 820 0
0.00025 7767 0
0.00025 13748 0
0.00025 6595 0
0.0005 12899 0
0.0005 398 0
0.001 2018 0
0.0025 17324 0
0.00125 5307 0
0.0005 15113 0
0.00075 17387 0
0.00675 10018 0
0.00225 10689 0
0.00025 16049 0
0.002 1381 0
0.0005 9773 0
0.003 11240 0
0.003 4744 0
0.00025 19764 0
0.00025 9361 0
0.00025 9551 0
0.0015 11697 0
0.00075 315 0
0.0005 5949 0
0.00025 17739 0
0.0025 19694 0
0.00025 12198 0
0.00025 14693 0
0.00025 16983 0
0.0005 9929 0
0.0015 4533 0
0.001 6182 0
0.00075 7136 0
0.00375 12655 0
0.00175 15103 0
0.002 2942 0
0.0025 8751 0
0.0005 11175 0
0.001 14798 0
0.00025 4444 0
0.00125 12932 0
0.00075 1116 0
0.0015 6633 0
0.00175 12539 0
0.0015 13222 0
0.00025 4025 0
0.0005 10084 0
0.00075 6196 0
0.001 13784 0
0.00025 17057 0
0.00075 604 0
0.00025 4693 0
0.00075 10626 0
0.00025 2970 0
0.0005 15888 0
0.00175 1490 0
0.00125 2770 0
0.00025 15537 0
0.00225 16054 0
0.002 5995 0
0.00225 13306 0
0.00225 19724 0
0.0035 318 0
0.00125 12305 0
0.00075 5637 0
0.00025 13996 0
0.0005 11764 0
0.001 17614 0
0.00025 7942 0
0.00025 11305 0
0.001 12428 0
0.0015 1990 0
0.00125 104 0
0.00125 15181 0
0.0005 9032 0
0.0005 4458 0
0.00175 13563 0
0.00175 2862 0
0.001 13569 0
0.002 3175 0
0.00075 11341 0
0.001 12108 0
0.00075 67 0
0.00025 3197 0
0.00025 13572 0
0.00025 13655 0
0.00025 17134 0
0.001 18157 0
0.00075 17758 0
0.00025 1711 0
0.00125 5657 0
0.0015 3125 0
0.00125 13293 0
0.0005 19625 0
0.0005 14072 0
0.00125 15417 0
0.00025 4382 0
0.00075 7478 0
0.0005 14349 0
0.00025 15674 0
0.00025 5892 0
0.0005 18122 0
0.002 18867 0
0.005 5117 0
0.00025 6293 0
0.0005 6821 0
0.00475 10023 0
0.00125 678 0
0.0015 2711 0
0.00125 1479 0
0.0005 7781 0
0.0005 14934 0
0.0005 2442 0
0.0005 17912 0
0.00025 14859 0
0.00025 16340 0
0.00025 1064 0
0.00025 19707 0
0.00375 10278 0
0.002 2004 0
0.00025 11148 0
0.0005 14254 0
0.0035 2655 0
0.0015 17248 0
0.00075 3617 0
0.00025 5758 0
0.00075 19521 0
0.00025 13592 0
0.0005 11928 0
0.00075 5340 0
0.0005 9585 0
0.00025 18188 0
0.00225 6026 0
0.00175 16270 0
0.00075 360 0
0.00425 13264 0
0.0015 4159 0
0.00125 18182 0
0.0005 960 0
0.00025 6535 0
0.00075 6649 0
0.002 11755 0
0.00025 18994 0
0.00025 19103 0
0.00175 2852 0
0.00025 10980 0
0.0005 17442 0
0.00275 3437 0
0.00025 4647 0
0.00125 8566 0
0.00025 18131 0
0.00075 14702 0
0.00025 18107 0
0.00175 9279 0
0.00075 2130 0
0.00175 4215 0
0.00075 5627 0
0.00025 1750 0
0.001 4022 0
0.0005 15744 0
0.00125 2086 0
0.00175 6554 0
0.00075 10430 0
0.001 3487 0
0.0005 4178 0
0.0005 12934 0
0.0005 17362 0
0.0005 1893 0
0.0005 11421 0
0.0005 2903 0
0.001 6257 0
0.002 17681 0
0.00175 4371 0
0.00025 14527 0
0.0015 5636 0
0.0005 13851 0
0.00075 15075 0
0.00125 1732 0
0.005 13191 0
0.00225 656 0
0.003 19321 0
0.00075 14160 0
0.00075 2682 0
0.00025 3307 0
0.00025 2148 0
0.001 4111 0
0.00025 8652 0
0.0005 16065 0
0.00125 13126 0
0.00225 13736 0
0.0015 17131 0
0.00025 11873 0
0.0005 15721 0
0.00075 17017 0
0.00075 13320 0
0.00275 17043 0
0.0005 18640 0
0.00075 8517 0
0.0015 14305 0
0.001 4492 0
0.00175 16715 0
0.0005 2374 0
0.0015 3252 0
0.001 18042 0
0.0005 2009 0
0.0005 3696 0
0.00025 4339 0
0.00025 11665 0
0.00025 3775 0
0.0025 5037 0
0.00075 11831 0
0.00075 1472 0
0.00125 10250 0
0.0005 3910 0
0.001 13391 0
0.00025 6076 0
0.0005 9096 0
0.00275 18027 0
0.00025 310 0
0.00225 15381 0
0.00025 4476 0
0.00375 15891 0
0.00025 17862 0
0.001 11640 0
0.0025 15677 0
0.002 944 0
0.00025 7962 0
0.00175 12450 0
0.00175 15989 0
0.00025 19170 0
0.00025 18315 0
0.00025 4935 0
0.0015 5749 0
0.0005 7674 0
0.0005 8409 0
0.0005 13381 0
0.0005 15447 0
0.002 27 0
0.00025 12832 0
0.001 1482 0
0.0005 5355 0
0.00025 8039 0
0.0005 9168 0
0.00175 12964 0
0.00075 6508 0
0.0005 8966 0
0.00125 14507 0
0.00025 12019 0
0.00025 7751 0
0.0005 8774 0
0.00125 14600 0
0.00025 15892 0
0.002 2140 0
0.00125 5147 0
0.00125 8980 0
0.00025 19015 0
0.00075 3998 0
0.00075 14533 0
0.00075 422 0
0.0005 8573 0
0.0005 8059 0
0.00075 2004 0
0.00125 9243 0
0.001 9385 0
0.00075 8409 0
0.0005 13015 0
0.00175 17497 0
0.00125 5300 0
0.001 8153 0
0.00025 4237 0
0.0005 4660 0
0.00175 7151 0
0.0005 10584 0
0.00175 15567 0
0.00075 14613 0
0.00025 17371 0
0.0005 1981 0
0.00025 2941 0
0.00025 14427 0
0.0005 12813 0
0.001 19181 0
0.0015 147 0
0.001 1055 0
0.00125 12519 0
0.00075 15257 0
0.00025 12038 0
0.00025 10207 0
0.00025 13377 0
0.00125 247 0
0.00325 10444 0
0.00175 12621 0
0.0005 2744 0
0.00025 10125 0
0.00025 6632 0
0.00025 1364 0
0.001 12593 0
0.00275 12627 0
0.0005 10815 0
0.00025 4517 0
0.00025 12054 0
0.00025 15907 0
0.00025 18294 0
0.002 15103 0
0.00125 11854 0
0.002 18913 0
0.00025 10716 0
0.00025 12185 0
0.00025 16002 0
0.003 16406 0
0.00075 2397 0
0.00075 9164 0
0.0005 3127 0
0.00075 8652 0
0.0005 10271 0
0.0005 13712 0
0.001 2 0
0.00025 4317 0
0.0015 11283 0
0.0005 12585 0
0.00025 3870 0
0.00025 12321 0
0.0005 957 0
0.001 1346 0
0.00325 6774 0
0.00075 14013 0
0.001 6597 0
0.00075 19513 0
0.001 5276 0
0.00075 19051 0
0.00025 16638 0
0.00075 8188 0
0.0005 12747 0
0.00025 15968 0
0.0005 2258 0
0.001 8482 0
0.00075 12205 0
0.00075 19306 0
0.00075 19193 0
0.00025 4178 0
0.00025 8360 0
0.0005 9393 0
0.001 10800 0
0.0005 17218 0
0.00025 15470 0
0.00025 18046 0
0.0005 15617 0
0.00175 10398 0
0.0005 3694 0
0.00025 9379 0
0.0015 19208 0
0.0005 13937 0
0.001 2815 0
0.00125 4236 0
0.0005 11230 0
0.001 9461 0
0.00175 10608 0
0.00025 11806 0
0.00025 11245 0
0.00025 13992 0
0.00025 14414 0
0.00025 15458 0
0.00225 17907 0
0.00075 1084 0
0.0015 6548 0
0.0015 15381 0
0.001 11025 0
0.00125 11233 0
0.00125 11283 0
0.00025 17662 0
0.002 4199 0
0.0005 9694 0
0.00025 4068 0
0.00125 1829 0
0.00025 3910 0
0.00025 11271 0
0.00025 13757 0
0.00025 13428 0
0.00225 7254 0
0.001 2856 0
0.00225 3508 0
0.00025 4682 0
0.00175 6619 0
0.001 7267 0
0.00075 19554 0
0.0005 3071 0
0.00125 15916 0
0.00075 6903 0
0.00025 10223 0
0.001 4408 0
0.0005 12589 0
0.001 353 0
0.0005 2240 0
0.00025 17621 0
0.00075 8584 0
0.00025 5333 0
0.00025 166 0
0.00025 8160 0
0.0005 5253 0
0.0005 7376 0
0.0005 11533 0
0.00175 7501 0
0.00225 8199 0
0.001 5386 0
0.001 14803 0
0.00125 16684 0
0.00025 3958 0
0.00025 13722 0
0.001 9343 0
0.002 11635 0
0.00175 16367 0
0.00325 11121 0
0.00025 8111 0
0.0005 17126 0
0.00075 16253 0
0.0005 825 0
0.001 2825 0
0.002 5656 0
0.00025 19542 0
0.0005 6362 0
0.00075 15585 0
0.0035 19510 0
0.00025 4629 0
0.0005 19749 0
0.0005 7401 0
0.001 8364 0
0.0005 11263 0
0.00025 2831 0
0.00025 3018 0
0.00025 18042 0
0.00025 6828 0
0.00025 8990 0
0.00075 11036 0
0.0005 2793 0
0.0005 19221 0
0.00025 18543 0
0.00075 7289 0
0.0005 15546 0
0.00075 3855 0
0.00075 19809 0
0.0005 4711 0
0.0005 10723 0
0.0005 5444 0
0.0015 6768 0
0.0005 9498 0
0.001 3731 0
0.0005 4976 0
0.00025 12912 0
0.00125 18000 0
0.00025 11981 0
0.00375 2483 0
0.0005 9684 0
0.00025 14404 0
0.00175 12195 0
0.001 19098 0
0.00075 4564 0
0.002 9208 0
0.00125 12796 0
0.00175 15063 0
0.00025 5427 0
0.0005 12687 0
0.00325 19660 0
0.00075 15617 0
0.0015 1135 0
0.0005 7914 0
0.00125 8211 0
0.00025 11943 0
0.00075 10654 0
0.00125 2378 0
0.00025 5958 0
0.00025 8270 0
0.00025 17382 0
0.00025 11347 0
0.0005 17967 0
0.004 11234 0
0.00175 1029 0
0.001 9149 0
0.0005 10702 0
0.002 11443 0
0.00075 1458 0
0.00025 13617 0
0.00175 14050 0
0.00175 17631 0
0.0005 18550 0
0.0005 2091 0
0.0005 13629 0
0.00025 8779 0
0.0005 12000 0
0.00025 3040 0
0.00025 10281 0
0.00025 8345 0
0.00025 14893 0
0.0005 8607 0
0.00075 17539 0
0.00025 529 0
0.00075 1499 0
0.0005 2138 0
0.00025 8649 0
0.00025 14969 0
0.00075 15659 0
0.00075 5772 0
0.00025 9702 0
0.00125 17135 0
0.001 18118 0
0.00025 19822 0
0.00025 19864 0
0.00175 6741 0
0.001 5421 0
0.001 6305 0
0.00175 8063 0
0.00125 12855 0
0.00025 14211 0
0.0015 15872 0
0.00175 12145 0
0.00175 14814 0
0.00125 6879 0
0.0005 10647 0
0.0005 13220 0
0.002 17580 0
0.00075 2682 0
0.00025 3946 0
0.00075 16351 0
0.00125 19393 0
0.0015 1284 0
0.00025 12884 0
0.00025 9112 0
0.00125 10126 0
0.0015 680 0
0.00025 10236 0
0.0015 16789 0
0.00025 7558 0
0.0035 14270 0
0.00025 1796 0
0.0005 13681 0
0.00125 17263 0
0.00025 19543 0
0.00025 4386 0
0.00025 5585 0
0.00025 2423 0
0.003 12042 0
0.00025 15163 0
0.00325 18122 0
0.0005 19209 0
0.0005 5512 0
0.00075 14485 0
0.0005 6846 0
0.00025 4935 0
0.001 12740 0
0.00075 17351 0
0.00025 12324 0
0.00175 16648 0
0.00225 10452 0
0.00025 9198 0
0.001 8173 0
0.00075 13124 0
0.0005 5086 0
0.00025 16405 0
0.00075 19888 0
0.00125 16809 0
0.00225 2146 0
0.001 5774 0
0.00125 1350 0
0.00025 19714 0
0.00075 4764 0
0.00175 9032 0
0.00025 7780 0
0.00325 12129 0
0.00225 15425 0
0.0005 73 0
0.00075 1905 0
0.00025 2087 0
0.001 11780 0
0.001 11966 0
0.00075 17830 0
0.00025 3174 0
0.00025 8096 0
0.00125 8637 0
0.00025 9245 0
0.00025 18139 0
0.001 9400 0
0.001 14942 0
0.00025 19415 0
0.00075 1231 0
0.0005 19480 0
0.00075 10197 0
0.00275 13184 0
0.0005 2117 0
0.00075 7060 0
0.00225 16308 0
0.0025 6525 0
0.001 19644 0
0.00025 15360 0
0.001 10623 0
0.00025 16251 0
0.0015 19711 0
0.00025 14226 0
0.00025 14822 0
0.00025 18232 0
0.00075 17400 0
0.00225 4068 0
0.00075 10261 0
0.00175 6352 0
0.002 8248 0
0.001 17991 0
0.00175 2330 0
0.0005 12937 0
0.003 11992 0
0.00075 3293 0
0.001 8490 0
0.0015 19269 0
0.00225 8850 0
0.00025 2961 0
0.00025 4445 0
0.00025 2327 0
0.0005 7697 0
0.001 4609 0
0.0005 3862 0
0.00025 6363 0
0.00025 7354 0
0.002 8826 0
0.00025 12419 0
0.0015 19446 0
0.0015 5069 0
0.00075 5894 0
0.00175 14472 0
0.001 15065 0
0.00125 2289 0
0.00025 9851 0
0.00025 14671 0
0.00025 3735 0
0.00025 129 0
0.00025 5826 0
0.00025 12094 0
0.00075 11925 0
0.00025 3674 0
0.00025 18192 0
0.00075 13641 0
0.00025 6328 0
0.00225 14778 0
0.00025 16262 0
0.00025 7344 0
0.00025 2284 0
0.00025 3952 0
0.0005 11612 0
0.00025 12495 0
0.00025 10034 0
0.00025 19718 0
0.00025 39 0
0.0005 14747 0
0.00075 3988 0
0.00025 8643 0
0.00125 14567 0
0.0015 18525 0
0.002 19462 0
0.00075 2347 0
0.00075 3237 0
0.00075 19843 0
0.0005 6085 0
0.00025 11439 0
0.00125 7199 0
0.00075 13344 0
0.001 18541 0
0.00025 8800 0
0.00025 1112 0
0.0015 1412 0
0.0005 14446 0
0.00125 10563 0
0.001 12398 0
0.0005 5600 0
0.00125 6341 0
0.00075 5684 0
0.001 7550 0
0.0015 18460 0
0.00025 17728 0
0.00075 16407 0
0.001 14338 0
0.00075 2985 0
0.00225 14660 0
0.00025 14868 0
0.0005 1175 0
0.001 17615 0
0.001 8065 0
0.00075 10550 0
0.00025 18046 0
0.0025 4731 0
0.00025 3012 0
0.001 7311 0
0.00025 15076 0
0.00075 18302 0
0.0005 4258 0
0.0005 6728 0
0.0005 3225 0
0.001 16049 0
0.0005 19208 0
0.0005 4939 0
0.00025 18333 0
0.0015 3010 0
0.001 11951 0
0.00125 13551 0
0.001 6087 0
0.001 6318 0
0.00025 17204 0
0.00175 19880 0
0.00075 1799 0
0.0035 14005 0
0.00075 4161 0
0.00025 1412 0
0.0005 14499 0
0.00025 6810 0
0.00075 18001 0
0.00025 11916 0
0.00025 13658 0
0.00025 826 0
0.00125 1408 0
0.0005 10396 0
0.00075 308 0
0.00075 13529 0
0.00025 4834 0
0.00075 6752 0
0.0005 8434 0
0.00025 1842 0
0.0005 3735 0
0.0005 15362 0
0.00075 9227 0
0.0005 878 0
0.00075 4025 0
0.001 13726 0
0.00025 19945 0
0.00075 2233 0
0.00025 7707 0
0.00025 3522 0
0.002 18117 0
0.0005 19199 0
0.00025 11496 0
0.00025 19056 0
0.00125 3684 0
0.00025 14583 0
0.00025 9381 0
0.002 9830 0
0.00025 10825 0
0.00075 11407 0
0.00125 14651 0
0.0005 80 0
0.0005 18948 0
0.00075 19122 0
0.00175 12654 0
0.00075 15455 0
0.00025 617 0
0.00025 761 0
0.0005 1171 0
0.00375 3505 0
0.0005 5987 0
0.00125 7301 0
0.00075 2047 0
0.00075 3590 0
0.001 7680 0
0.0005 13257 0
0.001 14102 0
0.00025 9944 0
0.00125 6929 0
0.00025 1292 0
0.00025 9873 0
0.0005 12368 0
0.00025 16508 0
0.0005 8636 0
0.00025 2008 0
0.00025 13678 0
0.00075 10174 0
0.00025 11878 0
0.00075 11847 0
0.0025 15864 0
0.00075 7776 0
0.001 12221 0
0.00075 7005 0
0.00025 7571 0
0.00075 12650 0
0.00075 3528 0
0.00075 2810 0
0.0005 3600 0
0.0015 19329 0
0.0005 11800 0
0.00025 17956 0
0.00025 6890 0
0.00025 12944 0
0.00125 3508 0
0.00075 12581 0
0.00025 12803 0
0.00025 2087 0
0.00025 6313 0
0.0005 6603 0
0.0005 6701 0
0.00025 11577 0
0.001 6001 0
0.00025 8668 0
0.0005 9233 0
0.00025 7754 0
0.00025 18213 0
0.00075 18241 0
0.0005 6085 0
0.00025 1617 0
0.00125 14899 0
0.001 17482 0
0.0005 18970 0
0.0005 18408 0
0.00025 5657 0
0.00025 11291 0
0.00025 9966 0
0.00125 17454 0
0.001 17875 0
0.00025 2242 0
0.003 4394 0
0.00025 5767 0
0.00175 2965 0
0.002 9927 0
0.00025 13542 0
0.00025 6859 0
0.0005 4883 0
0.001 13986 0
0.00025 14123 0
0.00025 6060 0
0.0005 17633 0
0.0015 13529 0
0.00025 12876 0
0.00025 5336 0
0.00025 13679 0
0.00075 10310 0
0.00025 14297 0
0.00025 10025 0
0.0005 19821 0
0.00125 16893 0
0.0005 462 0
0.0005 3080 0
0.00075 3538 0
0.0005 12998 0
0.00025 13060 0
0.0005 16146 0
0.0015 19916 0
0.00025 8446 0
0.001 14497 0
0.001 9340 0
0.0005 5806 0
0.0005 10337 0
0.00025 12869 0
0.0005 17479 0
0.00125 6143 0
0.00025 6345 0
0.00225 2259 0
0.00075 9830 0
0.00225 11337 0
0.00025 1593 0
0.0015 15960 0
0.00025 16761 0
0.0005 13730 0
0.00325 5577 0
0.0005 19539 0
0.00275 14653 0
0.00025 6543 0
0.00025 7694 0
0.00025 14577 0
0.0005 13956 0
0.00125 5191 0
0.00075 16496 0
0.00075 6229 0
0.00025 7262 0
0.00025 18701 0
0.00025 1006 0
0.00025 11123 0
0.00025 13943 0
0.00025 17755 0
0.00025 13109 0
0.00175 14426 0
0.002 17945 0
0.00025 1398 0
0.00025 18542 0
0.00075 18774 0
0.00025 10366 0
0.00025 18910 0
0.0005 579 0
0.00125 9976 0
0.001 7943 0
0.00025 19093 0
0.00025 7672 0
0.00025 7983 0
0.0005 15294 0
0.0005 3492 0
0.00025 7874 0
0.00025 8484 0
0.00025 9598 0
0.001 20005 0
0.00025 5403 0
0.00025 6998 0
0.00025 16670 0
0.00025 17361 0
0.00075 11483 0
0.00025 8048 0
0.00025 16375 0
0.0005 1100 0
0.00075 5194 0
0.00025 15090 0
0.001 19167 0
0.0005 8149 0
0.0005 13067 0
0.00125 10405 0
0.00075 10910 0
0.00025 7027 0
0.00025 9324 0
0.00075 12427 0
0.0015 16341 0
0.00025 17203 0
0.00075 4215 0
0.00025 4469 0
0.00075 3460 0
0.00025 12879 0
0.001 3707 0
0.00025 4033 0
0.0005 4346 0
0.00075 5397 0
0.00025 7579 0
0.00025 17895 0
0.00175 7110 0
0.00025 9718 0
0.00025 18422 0
0.001 9617 0
0.0005 15888 0
0.0005 8927 0
0.00175 11079 0
0.00075 6754 0
0.0005 14120 0
0.00025 2871 0
0.001 16783 0
0.001 7072 0
0.001 9685 0
0.00075 394 0
0.0005 10992 0
0.00075 19321 0
0.0005 6618 0
0.00075 14281 0
0.001 17898 0
0.00025 12718 0
0.0005 16538 0
0.00025 18423 0
0.00025 7345 0
0.00025 9876 0
0.00025 11955 0
0.001 1659 0
0.0005 1931 0
0.00125 7206 0
0.00025 8344 0
0.00025 1300 0
0.00025 3895 0
0.0005 5077 0
0.00025 12162 0
0.0005 6029 0
0.00025 17431 0
0.00075 12580 0
0.00125 18296 0
0.00025 18050 0
0.00025 8971 0
0.00025 13502 0
0.00025 19122 0
0.00075 3443 0
0.00025 5634 0
0.0005 8965 0
0.00025 18135 0
0.0015 7248 0
0.00025 6468 0
0.001 14946 0
0.00025 8993 0
0.00025 1397 0
0.00025 6194 0
0.00075 12093 0
0.0005 7071 0
0.00075 16228 0
0.00025 2416 0
0.00025 7511 0
0.00175 13937 0
0.00025 16111 0
0.00025 4890 0
0.00025 9421 0
0.00025 1916 0
0.00025 20009 0
0.00025 4859 0
0.0015 5984 0
0.00175 14809 0
0.0005 18986 0
0.00025 11868 0
0.0005 18600 0
0.00025 6723 0
0.00075 9682 0
0.00325 7013 0
0.0005 8114 0
0.00025 16380 0
0.00025 17544 0
0.001 13484 0
0.0015 16646 0
0.001 6509 0
0.00025 16345 0
0.00025 698 0
0.00025 8823 0
0.00025 9835 0
0.00125 12975 0
0.00025 4730 0
0.0005 8901 0
0.00025 8203 0
0.0005 18211 0
0.00025 15820 0
0.0005 9148 0
0.0005 18592 0
0.001 10926 0
0.0005 15070 0
0.001 2911 0
0.0005 14294 0
0.00025 11914 0
0.0005 5201 0
0.00075 15 0
0.00075 6125 0
0.001 7938 0
0.001 13870 0
0.001 1107 0
0.0005 5996 0
0.0005 10493 0
0.00025 3917 0
0.00025 11657 0
0.00075 18816 0
0.00025 12194 0
0.0015 7944 0
0.00025 1090 0
0.00025 15547 0
0.00025 3312 0
0.00025 4938 0
0.00025 11161 0
0.001 17951 0
0.00025 18057 0
0.00275 16087 0
0.00025 13885 0
0.00125 16938 0
0.00025 3537 0
0.001 16080 0
0.00075 16404 0
0.00025 1017 0
0.00025 1122 0
0.001 10504 0
0.0005 9822 0
0.001 4756 0
0.001 10782 0
0.00075 14730 0
0.0005 8609 0
0.00075 8538 0
0.0005 10350 0
0.00075 19345 0
0.0005 5313 0
0.00175 11925 0
0.00075 14852 0
0.00075 15631 0
0.00025 303 0
0.001 13413 0
0.00025 8606 0
0.00025 15922 0
0.0005 17827 0
0.0005 7562 0
0.00025 10464 0
0.0005 14827 0
0.00025 6169 0
0.00075 13131 0
0.0005 14340 0
0.00175 19837 0
0.00025 15840 0
0.00075 18770 0
0.001 4622 0
0.00025 17309 0
0.00025 10369 0
0.002 3035 0
0.001 18202 0
0.0005 270 0
0.00025 5514 0
0.00025 14274 0
0.00025 14459 0
0.00025 10807 0
0.00025 3423 0
0.00025 9712 0
0.00075 14523 0
0.00025 2849 0
0.00075 5671 0
0.00025 19979 0
0.00025 12413 0
0.00025 19857 0
0.0015 17001 0
0.00025 11339 0
0.00025 12260 0
0.00025 19233 0
0.00025 387 0
0.00025 15144 0
0.00025 5221 0
0.00025 3548 0
0.00175 6120 0
0.00025 9685 0
0.00025 179 0
0.00025 1443 0
0.0015 3521 0
0.0005 16582 0
0.001 11975 0
0.00025 4368 0
0.00025 1935 0
0.00025 3611 0
0.00025 3710 0
0.00075 13813 0
0.0015 6826 0
0.002 17502 0
0.0015 19600 0
0.00025 10133 0
0.0005 11037 0
0.0005 14576 0
0.0005 1121 0
0.00025 5378 0
0.0005 13860 0
0.00025 95 0
0.00075 2086 0
0.0005 18258 0
0.00075 10381 0
0.00125 8710 0
0.00125 9575 0
0.001 13421 0
0.00025 14002 0
0.001 8985 0
0.00025 18004 0
0.00125 10702 0
0.00075 13875 0
0.0005 17172 0
0.00025 2193 0
0.00075 15487 0
0.0005 17887 0
0.0005 2828 0
0.00125 1323 0
0.00025 16901 0
0.00025 4889 0
0.00025 17343 0
0.0005 8068 0
0.00075 2018 0
0.00075 7057 0
0.00075 7138 0
0.00075 7864 0
0.00025 10002 0
0.00025 8532 0
0.00025 4159 0
0.00025 11797 0
0.00025 627 0
0.0005 13605 0
0.0005 18996 0
0.00125 1031 0
0.001 4564 0
0.00025 8874 0
0.00025 1318 0
0.00125 18156 0
0.00025 7 0
0.00025 9462 0
0.00025 16762 0
0.00075 4789 0
0.00025 3297 0
0.0005 2817 0
0.0005 3359 0
0.00075 6522 0
0.00075 6524 0
0.0005 16405 0
0.0005 15889 0
0.00025 1992 0
0.00025 15839 0
0.00025 17596 0
0.00025 19013 0
0.00025 18649 0
0.0005 18098 0
0.00025 3631 0
0.0005 17775 0
0.00025 14874 0
0.001 4219 0
0.00025 14154 0
0.00025 1283 0
0.00075 5005 0
0.001 12885 0
0.001 16400 0
0.00025 16805 0
0.00025 7319 0
0.00025 10737 0
0.00025 12380 0
0.00025 12300 0
0.00125 7699 0
0.00025 12957 0
0.00025 315 0
0.001 4793 0
0.00025 13717 0
0.00025 4268 0
0.0005 16062 0
0.00025 19409 0
0.0005 4277 0
0.0005 9939 0
0.0005 16736 0
0.00025 18930 0
0.00025 1226 0
0.00075 2429 0
0.0005 14764 0
0.001 4588 0
0.00025 2126 0
0.00025 12072 0
0.001 17264 0
0.0015 19007 0
0.00075 2980 0
0.00125 14094 0
0.0005 18734 0
0.00125 13610 0
0.00025 6627 0
0.0005 6848 0
0.0005 14015 0
0.00075 2854 0
0.00325 9120 0
0.00025 16640 0
0.00025 14348 0
0.00025 3140 0
0.0005 11103 0
0.0005 14421 0
0.00025 12639 0
0.00025 17326 0
0.00075 2638 0
0.0005 4318 0
0.00125 8435 0
0.00075 11044 0
0.00025 1082 0
0.00025 379 0
0.0005 14410 0
0.0005 15965 0
0.00025 18809 0
0.00025 16635 0
0.001 2006 0
0.00025 16048 0
0.0005 16395 0
0.00025 1967 0
0.0005 2148 0
0.0005 6494 0
0.0005 9555 0
0.0005 8133 0
0.00025 11873 0
0.00025 3479 0
0.00025 1997 0
0.00025 19834 0
0.00075 18350 0
0.00025 2570 0
0.0005 7560 0
0.00025 178 0
0.00025 13060 0
0.00125 12776 0
0.00025 14185 0
0.0005 9416 0
0.00025 13798 0
0.0005 1547 0
0.00125 1013 0
0.00025 10607 0
0.00025 7514 0
0.0005 6855 0
0.00075 10247 0
0.001 14419 0
0.00025 12165 0
0.0005 749 0
0.00025 4201 0
0.00125 12043 0
0.00025 18695 0
0.00025 15439 0
0.00075 2643 0
0.00125 3359 0
0.001 14916 0
0.00025 17878 0
0.00025 2734 0
0.00025 2189 0
0.00025 12698 0
0.00075 2966 0
0.00025 10425 0
0.0005 11835 0
0.00025 19524 0
0.00025 5480 0
0.0005 17558 0
0.0005 13150 0
0.0005 10425 0
0.0005 2620 0
0.00025 18361 0
0.00025 683 0
0.0005 19696 0
0.00025 10489 0
0.00125 14098 0
0.00025 3819 0
0.00175 7012 0
0.00025 3869 0
0.00025 3106 0
0.00025 9274 0
0.00025 4325 0
0.00075 11640 0
0.0005 13414 0
0.00125 8540 0
0.00025 17826 0
0.00025 17999 0
0.00025 2792 0
0.00025 7604 0
0.001 15890 0
0.0005 18974 0
0.00025 11610 0
0.00075 12371 0
0.00025 14710 0
0.00025 15421 0
0.00025 10185 0
0.0005 3613 0
0.00025 6777 0
0.00025 13071 0
0.00025 5340 0
0.00025 3661 0
0.001 1366 0
0.00025 15701 0
0.00025 9249 0
0.0005 4295 0
0.0005 18089 0
0.0015 5689 0
0.0005 9126 0
0.00075 11069 0
0.001 7369 0
0.001 13780 0
0.00025 15550 0
0.0005 6720 0
0.001 10741 0
0.00075 18773 0
0.0005 8666 0
0.00075 10478 0
0.0005 2048 0
0.0015 196 0
0.0015 13747 0
0.0005 16771 0
0.00025 6425 0
0.00025 6893 0
0.0005 8768 0
0.0005 10183 0
0.00025 10665 0
0.00025 9174 0
0.00025 19885 0
0.00025 8227 0
0.001 12988 0
0.00125 14864 0
0.00125 18974 0
0.00025 10355 0
0.00125 1028 0
0.00025 8187 0
0.0005 9775 0
0.00025 2503 0
0.00025 4905 0
0.0015 13712 0
0.00125 11972 0
0.00025 15080 0
0.001 6198 0
0.00075 14388 0
0.0015 10376 0
0.00075 16454 0
0.00125 15774 0
0.00075 1360 0
0.00075 13277 0
0.0005 16818 0
0.00025 7940 0
0.00075 12188 0
0.0005 11240 0
0.00025 11812 0
0.001 15165 0
0.0005 14745 0
0.00075 5991 0
0.00075 10028 0
0.0015 14910 0
0.00025 11803 0
0.0005 13862 0
0.00075 9617 0
0.00025 4299 0
0.0005 11004 0
0.001 14645 0
0.00125 7204 0
0.0005 1508 0
0.0005 8834 0
0.00025 7136 0
0.0005 9011 0
0.00025 12258 0
0.0015 7513 0
0.00075 16215 0
0.00025 2206 0
0.00025 17007 0
0.00075 9465 0
0.00025 10564 0
0.00025 16588 0
0.00025 2349 0
0.00025 17665 0
0.0015 3786 0
0.00025 14251 0
0.0005 16001 0
0.00025 5152 0
0.00025 16461 0
0.0005 10288 0
0.00025 12351 0
0.0005 1205 0
0.00025 12885 0
0.00025 8447 0
0.00025 6136 0
0.00025 10036 0
0.0005 16110 0
0.00025 6654 0
0.00025 2535 0
0.00025 9205 0
0.0015 18294 0
0.00025 7989 0
0.0005 10300 0
0.00025 6587 0
0.0005 18782 0
0.00025 19039 0
0.00025 2016 0
0.00025 8793 0
0.0005 18873 0
0.00025 7163 0
0.00025 16289 0
0.0015 18548 0
0.00075 5393 0
0.00025 13049 0
0.001 16830 0
0.0005 10395 0
0.0005 5656 0
0.00075 822 0
0.00075 8264 0
0.00075 941 0
0.0005 4424 0
0.00025 10435 0
0.00025 373 0
0.00025 10519 0
0.00025 4412 0
0.00025 18719 0
0.0005 11371 0
0.00075 5604 0
0.00025 16621 0
0.001 12126 0
0.00075 8501 0
0.0005 16429 0
0.00025 17021 0
0.0005 11995 0
0.00025 1257 0
0.00075 5037 0
0.00025 3523 0
0.00025 4636 0
0.00025 13145 0
0.00075 2236 0
0.00025 801 0
0.00025 14506 0
0.0005 2662 0
0.00025 6647 0
0.00025 3944 0
0.00175 4107 0
0.001 9815 0
0.00025 1484 0
0.0005 16411 0
0.00075 2217 0
0.001 17947 0
0.00025 350 0
0.00025 3819 0
0.00025 2432 0
0.00025 6310 0
0.00025 7598 0
0.00025 19270 0
0.00025 3399 0
0.001 7217 0
0.00025 1039 0
0.001 3210 0
0.00025 5378 0
0.00025 17099 0
0.00125 15040 0
0.001 16902 0
0.00025 10111 0
0.00025 260 0
0.00025 2740 0
0.00025 12334 0
0.00025 16739 0
0.00025 9824 0
0.00025 4518 0
0.00025 4858 0
0.001 8096 0
0.0005 6963 0
0.00025 15733 0
0.0005 16712 0
0.0005 7159 0
0.00025 13449 0
0.0005 19752 0
0.00025 154 0
0.00025 14976 0
0.00025 5669 0
0.00025 16520 0
0.00075 3203 0
0.00025 5112 0
0.00025 13567 0
0.00025 14675 0
0.00025 14114 0
0.00025 6813 0
0.00125 2282 0
0.00025 6924 0
0.00025 14717 0
0.00025 19979 0
0.00025 17718 0
0.0005 9398 0
0.00025 18281 0
0.00025 10783 0
0.0005 16470 0
0.00175 19059 0
0.0005 9196 0
0.00025 10286 0
0.0005 12956 0
0.00025 3430 0
0.00025 3808 0
0.00025 3988 0
0.00025 4833 0
0.0005 9360 0
0.00025 50 0
0.00025 12147 0
0.0005 3083 0
0.00125 8422 0
0.00025 4075 0
0.001 11744 0
0.00125 13114 0
0.00025 18854 0
0.0005 14604 0
0.0005 2273 0
0.00025 5131 0
0.0005 7898 0
0.00025 13547 0
0.00025 18703 0
0.0005 10656 0
0.00025 19806 0
0.00025 13930 0
0.0005 15508 0
0.00125 12680 0
0.00025 15351 0
0.001 18450 0
0.00025 3217 0
0.00025 4829 0
0.00075 14269 0
0.00025 407 0
0.00025 7158 0
0.0005 1023 0
0.00025 19765 0
0.0005 23 0
0.00075 4616 0
0.00025 17182 0
0.00025 19259 0
0.00125 8809 0
0.00125 7044 0
0.0005 1022 0
0.00025 16602 0
0.001 12346 0
0.00025 9598 0
0.00025 13357 0
0.00075 4288 0
0.001 8140 0
0.001 8371 0
0.00075 18146 0
0.00025 9226 0
0.00025 4996 0
0.0005 3602 0
0.00075 9445 0
0.0005 14737 0
0.0015 15783 0
0.00025 4256 0
0.00025 6282 0
0.00025 16079 0
0.00025 17874 0
0.00025 8449 0
0.00025 5572 0
0.00025 3076 0
0.00025 2972 0
0.00075 14122 0
0.0005 16592 0
0.0005 19702 0
0.00025 4396 0
0.0005 5811 0
0.00025 13994 0
0.00025 9633 0
0.0005 15993 0
0.00025 2076 0
0.00025 575 0
0.00075 1864 0
0.0005 825 0
0.00025 17630 0
0.00025 16299 0
0.0005 1254 0
0.00025 18996 0
0.0005 1057 0
0.00025 18322 0
0.0005 12791 0
0.00025 16348 0
0.00025 17609 0
0.00025 4948 0
0.00175 10063 0
0.00025 8171 0
0.00025 13690 0
0.001 17676 0
0.00025 10312 0
0.00025 17876 0
0.00025 15260 0
0.00025 4792 0
0.00025 12738 0
0.0005 12867 0
0.001 9908 0
0.00075 7008 0
0.0005 14172 0
0.00025 16949 0
0.00025 12485 0
0.00025 4051 0
0.00025 10759 0
0.00025 12975 0
0.00025 1274 0
0.00025 18935 0
0.001 1778 0
0.0005 16221 0
0.0005 13953 0
0.00025 17459 0
0.00025 2867 0
0.001 16341 0
0.00025 15798 0
0.00025 7763 0
0.00025 6130 0
0.00025 17845 0
0.00025 18389 0
0.00025 1820 0
0.00025 14184 0
0.00075 16055 0
0.00025 4182 0
0.00025 3361 0
0.0005 514 0
0.00025 15242 0
0.00025 8716 0
0.00025 10049 0
0.00075 18108 0
0.00025 16706 0
0.00025 4073 0
0.002 1397 0
0.00025 17211 0
0.0005 2041 0
0.0005 16165 0
0.0005 19842 0
0.00025 1087 0
0.00025 15673 0
0.00025 12381 0
0.0005 18460 0
0.0005 17344 0
0.00025 15610 0
0.00025 6470 0
0.00025 8982 0
0.00025 1290 0
0.0005 6966 0
0.00025 8542 0
0.00125 15360 0
0.00025 283 0
0.00025 16680 0
0.00025 17443 0
0.00025 8399 0
0.0005 17232 0
0.00025 7538 0
0.00025 19485 0
0.0005 2761 0
0.00025 7584 0
0.00025 18644 0
0.00025 9063 0
0.00025 11039 0
0.00075 1970 0
0.00025 16520 0
0.00025 17579 0
0.0005 19448 0
0.00025 12281 0
0.0005 19572 0
0.00025 10850 0
0.00025 13385 0
0.00025 1655 0
0.0005 4397 0
0.0005 17931 0
0.00025 19958 0
0.00025 1626 0
0.0005 14399 0
0.00075 13793 0
0.00025 17951 0
0.00025 12137 0
0.00025 12513 0
0.00025 7094 0
0.0005 9545 0
0.0005 404 0
0.00025 10889 0
0.00025 7428 0
0.00025 9580 0
0.00025 8010 0
0.00025 7597 0
0.00025 7198 0
0.0005 16256 0
0.00025 2223 0
0.0005 6444 0
0.00025 17916 0
0.0005 6740 0
0.00025 2971 0
0.00175 19585 0
0.00075 9378 0
0.0005 9152 0
0.0005 12430 0
0.00125 16161 0
0.00025 10307 0
0.00025 13979 0
0.00025 6352 0
0.00025 16373 0
0.00025 4863 0
0.00025 11088 0
0.00025 10175 0
0.00075 13140 0
0.00025 15634 0
0.00025 6305 0
0.0005 10536 0
0.0005 17655 0
0.00025 3903 0
0.0005 18039 0
0.00075 15926 0
0.00025 10848 0
0.001 244 0
0.00075 3708 0
0.00025 12777 0
0.00025 7226 0
0.00025 1906 0
0.00025 18464 0
0.00025 15213 0
0.0005 10700 0
0.00025 11686 0
0.0005 12201 0
0.00075 18158 0
0.00075 15493 0
0.0005 19817 0
0.00075 10830 0
0.00075 11521 0
0.00025 19982 0
0.00025 7450 0
0.00025 8261 0
0.00025 13870 0
0.00025 2086 0
0.00025 3503 0
0.00125 157 0
0.00025 3135 0
0.00025 3710 0
0.00025 18134 0
0.0005 17980 0
0.00025 5410 0
0.00075 13662 0
0.00025 1639 0
0.00025 19398 0
0.00025 14650 0
0.0005 3433 0
0.00025 16797 0
0.00075 15315 0
0.00025 19451 0
0.00025 8983 0
0.00025 452 0
0.00025 5662 0
0.00025 12445 0
0.00025 3710 0
0.00025 3861 0
0.00025 18478 0
0.00025 15290 0
0.00025 19231 0
0.00025 462 0
0.00025 10732 0
0.00025 480 0
0.00025 11834 0
0.0005 6761 0
0.00025 3271 0
0.00075 4048 0
0.0005 17405 0
0.00025 1175 0
0.00025 9622 0
0.0005 11112 0
0.00025 12110 0
0.00025 9568 0
0.00025 10446 0
0.0005 13759 0
0.001 10267 0
0.00025 3633 0
0.00025 4015 0
0.00025 7572 0
0.00025 18820 0
0.0005 5379 0
0.00025 5839 0
0.00075 11595 0
0.00075 11690 0
0.00025 17860 0
0.0015 19621 0
0.00075 3955 0
0.00025 19514 0
0.00025 2643 0
0.00025 8770 0
0.00025 8926 0
0.0005 4677 0
0.0005 10558 0
0.00025 9006 0
0.00025 3100 0
0.00025 6374 0
0.00025 15387 0
0.00025 3580 0
0.00025 2856 0
0.00025 10684 0
0.00025 1644 0
0.00025 13505 0
0.00025 682 0
0.0005 6461 0
0.00025 14995 0
0.00025 10052 0
0.00075 12058 0
0.00025 4581 0
0.0005 5145 0
0.00025 7191 0
0.00075 6520 0
0.00025 16395 0
0.0005 2661 0
0.00025 8346 0
0.00025 8983 0
0.00025 7254 0
0.00025 12166 0
0.00025 10328 0
0.00075 10026 0
0.00025 305 0
0.00025 19705 0
0.00025 19505 0
0.0005 10148 0
0.00025 7915 0
0.00025 5576 0
0.00075 5335 0
0.00025 14444 0
0.00025 7380 0
0.00025 4344 0
0.00025 17580 0
0.00025 14213 0
0.00025 16619 0
0.00025 14452 0
0.00025 1889 0
0.00025 16068 0
0.00075 13815 0
0.00025 1715 0
0.0015 3459 0
0.00025 7516 0
0.00075 5656 0
0.00025 10474 0
0.00025 14483 0
0.0005 18480 0
0.00025 3810 0
0.0005 3946 0
0.00025 7892 0
0.00025 11283 0
0.00025 6104 0
0.00025 3034 0
0.0005 17596 0
0.00025 416 0
0.0005 5691 0
0.00025 18794 0
0.00025 30 0
0.00075 11075 0
0.00075 1774 0
0.00025 16417 0
0.00025 18625 0
0.00025 13030 0
0.00075 10397 0
0.0005 4593 0
0.00075 14684 0
0.00025 19989 0
0.001 7674 0
0.0005 9876 0
0.0005 14327 0
0.00025 4987 0
0.00025 19330 0
0.00025 19913 0
0.0005 433 0
0.00025 2315 0
0.0005 10130 0
0.0005 11991 0
0.0005 5181 0
0.0005 7189 0
0.0005 17803 0
0.00025 7241 0
0.00025 15107 0
0.00025 16461 0
0.00025 4287 0
0.0005 2088 0
0.0005 4223 0
0.0005 6207 0
0.00025 59 0
0.00025 3584 0
0.00025 19930 0
0.00025 12951 0
0.00025 14388 0
0.00025 19314 0
0.00025 12268 0
0.00025 1940 0
0.00025 12887 0
0.0015 11101 0
0.00025 11489 0
0.00025 7646 0
0.00075 3510 0
0.00025 16838 0
0.00025 8071 0
0.00025 8089 0
0.0005 552 0
0.00025 14534 0
0.00025 13997 0
0.00025 16727 0
0.00025 9919 0
0.00025 13785 0
0.00075 14282 0
0.0005 6157 0
0.00025 19699 0
0.00025 9105 0
0.00025 16058 0
0.00025 2526 0
0.0005 4131 0
0.00025 3197 0
0.00025 3609 0
0.00025 4347 0
0.00025 17561 0
0.00025 2463 0
0.00025 7323 0
0.0005 1237 0
0.0005 14561 0
0.0005 12937 0
0.00025 4526 0
0.0005 17438 0
0.00075 7360 0
0.00025 4608 0
0.00025 8850 0
0.00025 10229 0
0.00025 10075 0
0.00025 15847 0
0.00025 15730 0
0.00075 6043 0
0.00025 16706 0
0.00025 2552 0
0.0005 7121 0
0.0005 10389 0
0.00025 17291 0
0.00025 4097 0
0.00025 4908 0
0.00025 19810 0
0.00025 13411 0
0.00025 14245 0
0.00025 2372 0
0.00025 911 0
0.0005 16171 0
0.0005 12689 0
0.0005 13863 0
0.0005 14260 0
0.0005 16613 0
0.0005 8522 0
0.001 18426 0
0.0005 8462 0
0.00025 18329 0
0.00025 4284 0
0.00025 4982 0
0.0005 5254 0
0.0005 19490 0
0.0005 657 0
0.00025 2977 0
0.00025 14169 0
0.001 8561 0
0.0005 10135 0
0.00025 13401 0
0.00025 3343 0
0.00025 3562 0
0.00025 403 0
0.0005 2595 0
0.00025 17937 0
0.00025 3924 0
0.0005 3481 0
0.001 11317 0
0.00075 1771 0
0.00025 12579 0
0.00025 1289 0
0.0005 7797 0
0.00025 7811 0
0.00025 9842 0
0.00025 17716 0
0.00025 18132 0
0.00025 8888 0
0.0005 17284 0
0.00075 5530 0
0.0005 9453 0
0.0005 5645 0
0.00025 19218 0
0.00025 13523 0
0.00025 15147 0
0.00025 10649 0
0.0005 593 0
0.00025 5465 0
0.00025 12709 0
0.00025 13960 0
0.00025 17564 0
0.00025 7885 0
0.0005 13223 0
0.00025 17874 0
0.00025 3203 0
0.00025 17455 0
0.00025 11363 0
0.00025 13313 0
0.00025 14288 0
0.00025 6717 0
0.00025 10507 0
0.00025 17658 0
0.00025 19514 0
0.00025 9504 0
0.00075 11342 0
0.0005 14155 0
0.00025 12920 0
0.0005 7433 0
0.0005 2473 0
0.00025 428 0
0.00025 17406 0
0.00025 1025 0
0.00075 3539 0
0.00025 109 0
0.00025 8914 0
0.00025 13724 0
0.00025 5762 0
0.00025 12972 0
0.00025 10726 0
0.0005 19039 0
0.00025 12392 0
0.00025 14945 0
0.00025 6194 0
0.00025 16382 0
0.00025 12547 0
0.00025 16426 0
0.00025 19356 0
0.00075 1586 0
0.0005 19427 0
0.00025 14893 0
0.00025 8772 0
0.00025 10857 0
0.00025 9558 0
0.0005 5899 0
0.00025 635 0
0.00025 13407 0
0.00025 25 0
0.00025 18101 0
0.00025 14800 0
0.00025 18198 0
0.00025 18145 0
0.00025 13359 0
0.0005 151 0
0.00025 4570 0
0.00025 14537 0
0.00025 8216 0
0.00025 14234 0
0.0005 5527 0
0.00025 16893 0
0.00075 8196 0
0.00025 11223 0
0.00025 5945 0
0.00025 10204 0
0.00025 262 0
0.00025 2763 0
0.00025 14002 0
0.0005 5728 0
0.00025 3949 0
0.00025 11339 0
0.00075 1921 0
0.00025 3575 0
0.00075 4470 0
0.00025 11021 0
0.00025 13688 0
0.00025 11073 0
0.00025 13647 0
0.00025 470 0
0.00025 11914 0
0.00075 12185 0
0.00025 1826 0
0.0005 4812 0
0.00025 4924 0
0.00025 14398 0
0.00025 4196 0
0.00025 12521 0
0.0005 472 0
0.00025 4283 0
0.0005 14315 0
0.00025 15060 0
0.00025 16703 0
0.00025 9262 0
0.00025 12784 0
0.00025 155 0
0.00025 5792 0
0.0005 6591 0
0.0005 343 0
0.00025 378 0
0.00025 6129 0
0.00025 6804 0
0.00025 14638 0
0.00025 1746 0
0.00025 13843 0
0.00025 15162 0
0.00075 6320 0
0.00025 9284 0
0.00025 5110 0
0.00025 5200 0
0.00025 12065 0
0.00025 14502 0
0.00025 13635 0
0.0005 19484 0
0.00025 18401 0
0.00025 17861 0
0.00025 1212 0
0.00025 3543 0
0.00075 15396 0
0.00025 17698 0
0.00025 18350 0
0.00025 18722 0
0.00025 6023 0
0.00025 6461 0
0.00075 18786 0
0.00025 5152 0
0.00025 5350 0
0.0005 15341 0
0.00025 3978 0
0.00025 16253 0
0.00025 4620 0
0.00025 17384 0
0.0005 8506 0
0.0005 7911 0
0.00025 15621 0
0.00025 6617 0
0.00025 9881 0
0.00025 11920 0
0.0005 4337 0
0.0005 15812 0
0.00025 7031 0
0.00025 959 0
0.0005 11258 0
0.00025 7982 0
0.0005 19411 0
0.00025 1924 0
0.00025 18339 0
0.00025 13209 0
0.00025 9100 0
0.00025 14737 0
0.0005 2868 0
0.00025 10688 0
0.00025 16902 0
0.00025 14045 0
0.00025 12053 0
0.00025 3514 0
0.0005 1802 0
0.00025 2245 0
0.00025 428 0
0.00025 12303 0
0.00025 10881 0
0.00025 14984 0
0.00025 5271 0
0.00025 3356 0
0.00025 2646 0
0.00025 11094 0
0.00025 8668 0
0.00025 11871 0
0.00025 3945 0
0.00025 9077 0
0.00075 15573 0
0.00025 11736 0
0.00025 12605 0
0.00025 15430 0
0.00025 9681 0
0.00025 11186 0
0.00025 15919 0
0.00025 6063 0
0.0005 8430 0
0.00025 19045 0
0.0005 10453 0
0.00025 19373 0
0.00025 7577 0
0.0005 11714 0
0.0005 2435 0
0.00025 1011 0
0.00025 2415 0
0.0005 9013 0
0.00025 19123 0
0.00025 4510 0
0.00025 4511 0
0.00025 7152 0
0.00075 13038 0
0.00025 2297 0
0.00025 14764 0
0.00025 18662 0
0.00025 9119 0
0.0005 1285 0
0.00025 3149 0
0.00025 8231 0
0.00025 6865 0
0.00025 8401 0
0.00025 12998 0
0.0005 17145 0
0.00025 4586 0
0.00025 9346 0
0.00025 11377 0
0.00025 219 0
0.00025 9615 0
0.00025 10917 0
0.00025 13989 0
0.00025 11487 0
0.00025 12322 0
0.00025 16200 0
0.00025 10291 0
0.00025 13433 0
0.00025 227 0
0.00075 437 0
0.00025 12971 0
0.00025 9986 0
0.00025 2633 0
0.0005 14387 0
0.00025 17630 0
0.00025 4014 0
0.00025 8337 0
0.00025 14134 0
0.00025 8502 0
0.00025 3245 0
0.00025 13630 0
0.00025 9100 0
0.00025 4734 0
0.0005 14835 0
0.00025 6446 0
0.00025 4113 0
0.00025 9750 0
0.00025 16468 0
0.00025 1277 0
0.00025 12273 0
0.00025 18233 0
0.00025 14667 0
0.00025 15502 0
0.00025 17731 0
0.001 13433 0
0.0005 5700 0
0.0005 6667 0
0.00025 2784 0
0.00025 1920 0
0.00025 3034 0
0.00025 6550 0
0.00075 1261 0
0.00025 8963 0
0.00025 15059 0
0.0005 18046 0
0.00025 7941 0
0.00025 7634 0
0.00025 12241 0
0.00075 14074 0
0.0005 11727 0
0.00025 14040 0
0.0005 1724 0
0.0005 6820 0
0.00025 6164 0
0.0005 18114 0
0.0005 10267 0
0.00025 1377 0
0.00025 4101 0
0.00025 16185 0
0.00025 19171 0
0.0005 7747 0
0.00025 10872 0
0.00025 19806 0
0.00025 18452 0
0.00025 10788 0
0.00025 3807 0
0.00025 12565 0
0.00025 18665 0
0.00025 14943 0
0.00025 2985 0
0.00025 11882 0
0.00025 13717 0
0.00025 18156 0
0.00025 7398 0
0.00025 19460 0
0.00025 4971 0
0.00025 18849 0
0.00025 1402 0
0.00025 6187 0
0.00025 7473 0
0.00025 18710 0
0.00025 8272 0
0.00025 19674 0
0.00025 13687 0
0.00025 4656 0
0.00025 1718 0
0.00025 19772 0
0.00025 13564 0
0.00025 3640 0
0.00025 4948 0
0.00025 6542 0
0.00025 12111 0
0.00025 2090 0
0.0005 13403 0
0.00025 2819 0
0.00025 16794 0
0.00025 7089 0
0.00025 12216 0
0.0005 17324 0
0.00025 6166 0
0.00025 12466 0
0.00025 13806 0
0.00025 17227 0
0.00025 16900 0
0.00025 6074 0
0.00025 11387 0
0.00025 13355 0
0.00025 16959 0
0.00025 7688 0
0.00025 7184 0
0.00025 5425 0
0.00025 9437 0
0.00025 4131 0
0.00025 16776 0
0.00025 1829 0
0.00025 7276 0
0.00025 9808 0
0.00025 17967 0
0.00025 10455 0
0.00025 993 0
0.00025 15488 0
0.00025 14278 0
0.00025 10298 0
0.00025 18522 0
0.0005 4665 0
0.00025 10725 0
0.00025 9925 0
0.00025 10032 0
0.00025 9260 0
0.00025 3274 0
0.00025 13593 0
0.0005 10382 0
0.0005 4530 0
0.00025 12770 0
0.00025 1569 0
0.00025 9436 0
0.00025 12453 0
0.00025 16321 0
0.00025 5360 0
0.00025 12629 0
0.00025 8155 0
0.0005 2179 0
0.00025 17344 0
0.00025 9815 0
0.0005 17383 0
0.00025 345 0
0.00025 526 0
0.0005 5203 0
0.00025 11282 0
0.0005 17323 0
0.00025 358 0
0.00025 5794 0
0.00025 1720 0
0.00025 10851 0
0.00025 11582 0
0.0005 3522 0
0.00025 17201 0
0.00025 4052 0
0.00025 4427 0
0.00025 5321 0
0.00025 13697 0
0.00025 15302 0
0.0005 537 0
0.0005 19227 0
0.00025 10152 0
0.00025 7783 0
0.00025 563 0
0.00025 15086 0
0.00025 15931 0
0.001 7035 0
0.001 17313 0
0.00025 7457 0
0.00025 6492 0
0.00025 5849 0
0.00025 5661 0
0.00025 14849 0
0.0005 5286 0
0.00075 9744 0
0.00025 3822 0
0.00025 2851 0
0.00025 8551 0
0.00025 16823 0
0.00025 18775 0
0.00025 7313 0
0.0005 19934 0
0.0005 10852 0
0.00025 15713 0
0.00025 13651 0
0.00025 14738 0
0.00025 6013 0
0.00025 14447 0
0.00025 7775 0
0.00025 11028 0
0.00025 13597 0
0.00025 8601 0
0.00025 11195 0
0.00025 2804 0
0.00075 9627 0
0.00025 16343 0
0.00025 784 0
0.00025 11039 0
0.00025 15250 0
0.00025 10585 0
0.00025 11208 0
0.00025 6166 0
0.00025 6974 0
0.00025 11255 0
0.0005 7235 0
0.00025 6769 0
0.00025 8570 0
0.00025 9637 0
0.0005 15430 0
0.0005 18516 0
0.00025 4904 0
0.00025 14508 0
0.00025 19398 0
0.00025 18788 0
0.00025 1487 0
0.0005 15594 0
0.00025 1076 0
0.00025 440 0
0.00025 7935 0
0.00025 17935 0
0.00025 5071 0
0.00025 11081 0
0.00025 14570 0
0.0005 17271 0
0.0005 19704 0
0.00025 3427 0
0.0005 9627 0
0.00025 3320 0
0.00025 7126 0
0.00025 9848 0
0.00025 4303 0
0.00025 4612 0
0.00025 18068 0
0.0005 11484 0
0.00025 7554 0
0.00025 4586 0
0.00025 13905 0
0.00025 10976 0
0.00025 4345 0
0.00025 3336 0
0.00075 1269 0
0.00025 16412 0
0.00025 9588 0
0.00025 16997 0
0.00025 4319 0
0.00025 8847 0
0.00025 589 0
0.00025 4763 0
0.00025 20005 0
0.00025 18314 0
0.00025 13274 0
0.00025 14592 0
0.00025 16169 0
0.00025 7733 0
0.00025 8882 0
0.00025 9851 0
0.00025 13258 0
0.00025 11128 0
0.00025 8719 0
0.00025 14740 0
0.00025 5343 0
0.00025 10437 0
0.00025 16598 0
0.00025 12638 0
0.00025 7898 0
0.00025 910 0
0.00025 4199 0
0.00025 6103 0
0.00025 11525 0
0.00025 2765 0
0.00025 7437 0
0.00025 2280 0
0.00025 12621 0
0.00025 227 0
0.00025 4016 0
0.00025 7425 0
0.00025 6548 0
0.00025 5946 0
0.00025 16621 0
0.00025 17114 0
0.00025 12610 0
0.00025 13181 0
0.00025 5028 0
0.00025 639 0
0.00025 6097 0
0.00025 16823 0
0.00025 1291 0
0.00025 15870 0
0.00025 1854 0
0.00025 6944 0
0.0005 12026 0
0.00025 9493 0
0.00025 11783 0
0.00025 19675 0
0.00025 9923 0
0.00025 6809 0
0.00025 14147 0
0.00025 16267 0
0.00025 8464 0
0.00025 9560 0
0.00025 12808 0
0.00025 16373 0
0.00025 4569 0
0.00025 16197 0
0.00025 5942 0
0.00025 7954 0
0.00025 12559 0
0.00025 14898 0
0.00025 3880 0
0.00025 15414 0
0.00025 6717 0
0.00025 3527 0
0.0005 12837 0
0.0005 18520 0
0.00025 16470 0
0.00025 18091 0
0.00025 4096 0
0.00025 3272 0
0.00025 16535 0
0.00025 3321 0
0.0005 11058 0
0.00025 11448 0
0.00025 13530 0
0.00025 4670 0
0.00025 15626 0
0.00025 15198 0
0.00025 6979 0
0.00025 7364 0
0.00025 12213 0
0.00025 15673 0
0.00025 13496 0
0.00025 9664 0
0.00025 16674 0
0.00025 10158 0
0.00025 12730 0
0.00025 4593 0
0.00025 7838 0
0.0005 12779 0
0.00025 7588 0
0.00025 12440 0
0.00025 447 0
0.00025 10805 0
0.00025 13857 0
0.00025 11784 0
0.00025 4112 0
0.00025 11853 0
0.00025 19392 0
0.00025 7878 0
0.00025 4058 0
0.00025 4756 0
0.00025 1179 0
0.00025 3622 0
0.00025 6683 0
0.00025 10430 0
0.00025 2868 0
0.00025 3505 0
0.00025 19423 0
0.00025 19414 0
0.00025 7714 0
0.00025 15168 0
0.00025 1365 0
0.00025 3188 0
0.00025 4484 0
0.00025 2274 0
0.00025 4761 0
0.00025 15915 0
0.00025 18671 0
0.00025 3732 0
0.00025 13901 0
0.00025 12987 0
0.00025 235 0
0.0005 4803 0
0.00025 8028 0
0.00025 2393 0
0.00025 1737 0
0.0005 741 0
0.00025 8305 0
0.00025 11883 0
0.00025 10818 0
0.0005 7098 0
0.00025 3582 0
0.00025 9907 0
0.00025 8567 0
0.00025 8580 0
0.00025 6572 0
0.00025 13318 0
0.00025 10264 0
0.0005 7206 0
0.00025 8977 0
0.00025 12446 0
0.00025 5963 0
0.00025 1650 0
0.00025 3996 0
0.00025 6196 0
0.00025 4704 0
0.00025 7784 0
0.00025 11622 0
0.00025 19240 0
0.00025 5865 0
0.00025 13458 0
0.00025 13459 0
0.00025 19518 0
0.00025 13630 0
0.00025 7857 0
0.00025 5446 0
0.00025 15724 0
0.00025 5895 0
0.00025 10925 0
0.00025 2901 0
0.00025 2810 0
0.00025 1593 0
0.00025 11381 0
0.00025 15827 0
0.00025 15579 0
0.00025 19131 0
0.00025 4868 0
0.00025 6508 0
0.00025 10896 0
0.00025 6994 0
0.00025 7027 0
0.00025 15377 0
0.00025 16962 0
0.00025 16766 0
0.00025 19326 0
0.00025 12059 0
0.00025 17152 0
0.00025 13198 0
0.00025 19358 0
0.00025 16029 0
0.00025 17684 0
0.00025 2738 0
0.00025 16283 0
0.00025 4213 0
0.00025 17260 0
0.00025 3298 0
0.00025 9927 0
0.00025 14963 0
0.00025 823 0
0.00025 13289 0
0.00025 17630 0
0.00025 12553 0
0.00025 17104 0
0.00025 2109 0
0.00025 13793 0
0.00025 12712 0
0.00025 12608 0
0.00025 8764 0
0.00025 893 0
0.00025 18241 0
0.00025 8075 0
0.00025 13657 0
0.0005 17931 0
0.00025 17575 0
0.00025 10010 0
0.00025 11412 0
0.00025 4171 0
0.00025 14081 0
0.00025 3810 0
0.00025 5828 0
0.00025 6879 0
0.00025 13658 0
0.00025 18925 0
0.00025 10529 0
0.00025 16167 0
0.00025 1910 0
0.00025 11493 0
0.00025 8737 0
0.00025 10657 0
0.00025 16269 0
0.00025 5224 0
0.00025 16446 0
0.00025 18262 0
0.00025 8677 0
0.00025 17220 0
0.00025 337 0
0.00025 2678 0
0.00025 1680 0
0.00025 1020 0
0.00025 7847 0
0.00025 6531 0
0.00025 12366 0
0.00025 10593 0
0.00025 11368 0
0.00025 8011 0
0.00025 15089 0
0.00025 6850 0
0.00025 14931 0
0.00025 13019 0
0.00025 8543 0
0.00025 8483 0
0.00025 8568 0
0.00025 4558 0
0.00025 4299 0
0.00025 3869 0
0.00025 12262 0
0.00025 13675 0
0.00025 3942 0
0.00025 6439 0
0.00025 15413 0
0.00025 119 0
0.00025 828 0
0.00025 3584 0
0.00025 692 0
0.00025 3258 0
0.00025 6553 0
0.00025 18627 0
0.00025 9038 0
0.00025 7829 0
0.00025 4425 0
0.00025 17766 0
0.00025 5768 0
0.00025 6764 0
0.00025 18510 0
0.00025 11117 0
0.00025 11767 0
0.00025 8603 0
0.00025 14413 0
0.00025 3750 0
0.00025 10363 0
0.00025 10588 0
0.00025 15152 0
0.00025 8161 0
0.00025 10040 0
0.00025 8113 0
0.00025 18083 0
0.00025 2616 0
0.00025 18833 0
0.00025 10440 0
0.00025 5197 0
0.0005 5686 0
0.00025 13095 0
0.00025 18051 0
0.00025 1090 0
0.00025 11822 0
0.00025 13928 0
0.00025 19270 0
0.00025 2601 0
0.00025 10956 0
0.00025 1690 0
0.00025 6130 0
0.00025 18833 0
0.00025 1645 0
0.00025 2745 0
0.00025 10218 0
0.00025 8307 0
0.00025 10049 0
0.00025 3953 0
0.00025 4238 0
0.00025 4394 0
