57 75 68 70
96 101 105 87
90 108 108 89
92 87 95 70
88 96 100 84
86 91 102 88
88 98 102 80
93 94 101 83
91 100 104 81
91 98 105 87
98 100 98 72
86 100 111 90
87 97 109 80
93 105 101 91
90 98 111 83
90 100 104 91
89 97 102 87
86 93 98 76
94 95 105 82
91 97 101 87
98 99 106 85
93 94 100 80
90 91 106 82
88 91 109 76
92 94 101 80
93 98 107 85
88 103 102 79
93 98 98 83
96 106 107 86
88 92 94 77
86 93 101 79
91 104 96 85
96 96 101 74
86 99 102 80
92 95 101 76
87 111 100 86
86 90 100 86
86 101 102 74
95 92 104 71
89 100 105 86
90 87 102 80
88 94 105 86
96 106 107 78
91 97 107 81
86 91 104 74
86 102 103 84
91 105 101 83
89 88 112 90
88 106 90 81
83 97 102 88
99 109 105 84
90 89 96 86
83 95 97 88
97 95 108 86
97 96 99 87
96 92 104 84
97 98 98 71
83 93 96 82
112 102 107 92
101 94 100 79
80 97 99 85
91 102 104 93
97 96 101 90
96 93 109 81
92 101 103 88
97 94 98 86
89 89 99 87
87 85 104 90
89 104 106 95
88 97 104 72
98 98 109 89
80 100 99 81
89 98 108 82
89 105 102 93
85 102 100 84
86 103 102 84
86 101 94 73
86 98 104 89
100 95 111 89
90 88 111 87
83 91 99 83
97 91 96 83
98 89 101 84
102 85 107 80
95 90 94 81
95 95 105 83
84 99 98 81
98 98 95 83
86 92 96 70
99 91 100 69
92 101 99 84
96 101 95 73
86 89 105 77
98 94 98 74
82 91 107 70
96 90 100 82
83 106 105 83
94 91 96 83
89 91 110 91
93 95 93 90
97 97 111 82
84 88 106 85
93 99 100 78
86 100 98 81
87 103 110 87
95 94 108 80
88 91 102 81
91 88 102 79
92 94 111 72
93 82 112 75
100 92 100 80
94 97 105 87
90 104 102 86
86 89 106 76
102 99 97 87
91 102 103 81
98 109 109 90
88 97 100 76
84 91 100 74
91 97 110 77
86 98 112 86
91 92 106 86
96 104 105 87
90 105 105 94
88 92 108 93
91 86 103 84
87 93 100 79
89 94 103 81
86 85 103 80
89 99 97 92
94 96 100 80
90 90 95 82
100 97 104 92
97 94 106 92
87 96 107 79
88 94 110 87
95 100 100 82
100 81 105 74
86 103 114 79
89 100 104 86
89 101 111 76
87 92 100 82
85 104 104 91
97 103 99 78
91 95 105 79
90 98 104 87
95 87 100 77
94 91 99 77
94 109 108 85
97 93 108 83
94 89 102 81
93 97 92 92
87 94 98 77
85 92 95 81
92 92 100 78
88 98 108 82
93 87 103 85
91 108 105 86
99 99 106 87
89 101 102 90
91 95 102 84
84 106 107 90
86 99 106 84
85 83 93 80
96 101 106 85
96 98 107 92
84 91 104 75
88 88 103 80
90 92 90 82
88 92 99 92
92 97 110 87
98 100 108 85
96 97 93 82
99 93 107 79
87 93 95 86
91 93 105 70
98 89 101 95
80 92 109 81
85 97 97 73
91 101 102 84
101 101 107 75
90 100 114 86
94 101 101 92
89 99 104 81
100 101 110 79
90 101 102 87
92 101 107 81
88 103 100 82
102 102 104 88
95 101 109 77
91 88 94 92
90 102 105 83
87 104 104 89
95 86 104 81
90 92 100 83
88 106 114 92
101 95 96 83
98 87 101 88
92 101 100 92
103 96 100 82
84 90 103 81
84 90 101 79
87 94 91 79
93 88 101 88
82 90 100 88
85 100 99 73
103 116 105 84
92 85 95 88
82 86 101 92
98 97 111 76
91 99 108 74
93 99 105 77
101 98 108 85
89 99 104 85
96 87 101 79
82 95 102 81
95 89 106 82
89 96 100 84
95 102 104 76
93 94 102 87
96 103 108 79
88 90 97 90
82 100 106 80
85 88 101 90
102 107 115 88
85 95 97 80
90 98 103 81
92 92 109 77
97 101 106 96
97 99 108 80
87 98 96 86
100 106 114 95
87 98 100 80
87 93 103 82
93 100 106 89
84 94 105 79
90 82 103 90
74 96 94 79
84 82 98 84
96 99 111 76
88 100 102 83
85 93 107 84
89 108 96 89
94 90 107 81
93 93 94 76
96 95 107 84
96 106 98 91
92 111 104 89
86 94 119 82
93 92 100 75
98 88 113 81
91 94 117 80
91 96 106 79
86 96 95 78
97 99 105 85
96 89 107 93
95 100 102 81
96 87 99 89
98 106 113 91
94 96 100 78
83 105 99 78
93 102 100 73
93 105 102 91
94 93 105 85
87 91 109 74
95 88 104 76
101 96 108 88
102 93 102 79
91 102 111 85
95 101 98 86
87 100 105 74
92 105 104 86
99 96 97 90
90 95 99 84
95 96 99 91
100 96 106 83
95 97 103 95
84 97 103 74
96 99 116 80
90 104 105 86
91 84 108 80
95 98 103 79
90 94 90 81
90 99 103 85
93 91 104 85
99 97 92 85
92 92 102 78
98 99 107 73
85 91 104 88
95 95 107 81
89 102 99 91
88 93 97 76
95 83 96 86
82 104 109 89
97 88 109 79
87 98 94 77
97 94 90 90
90 90 101 77
91 93 102 80
91 98 100 85
92 102 106 76
97 104 100 83
87 90 100 79
92 89 103 68
88 97 93 87
90 92 97 92
93 82 101 82
87 88 98 70
83 91 105 96
97 96 98 86
91 89 105 79
85 84 98 79
95 78 101 78
87 94 105 81
92 87 97 79
90 97 106 83
86 104 106 79
91 111 109 97
91 96 103 85
94 92 100 82
87 90 102 79
89 87 105 78
84 101 96 76
85 100 106 88
90 99 104 71
86 107 101 89
99 97 108 90
87 97 91 80
87 97 94 86
98 102 102 87
94 95 93 82
94 95 100 82
92 94 113 87
90 95 102 90
86 94 102 81
89 90 107 85
93 104 101 81
89 102 108 87
83 89 104 81
91 90 100 81
91 103 104 92
84 102 111 76
89 87 93 92
89 93 116 85
89 91 101 87
90 91 97 86
96 101 100 92
90 101 96 87
92 88 103 98
90 92 102 77
85 95 107 89
95 99 105 75
92 88 106 84
86 93 107 87
89 96 105 86
86 99 102 76
95 96 96 83
90 91 107 79
99 92 99 82
94 94 112 80
99 96 101 79
95 97 95 90
91 103 99 82
85 101 108 74
90 99 98 86
90 102 96 80
86 94 118 80
93 101 106 92
91 101 103 81
92 92 105 71
93 91 100 87
94 94 92 83
95 88 111 88
99 96 111 76
88 102 106 79
97 93 108 80
103 91 111 86
95 89 106 71
96 97 101 91
93 99 101 86
92 100 100 85
88 100 107 77
97 94 100 79
98 101 96 89
97 92 97 90
93 101 99 86
83 108 108 84
80 104 101 75
94 100 108 73
91 95 104 83
89 84 103 78
87 98 102 81
86 95 108 85
97 102 103 76
88 100 104 92
96 99 100 79
88 96 92 97
91 98 111 77
103 92 95 84
86 101 105 95
77 93 101 87
93 93 105 74
83 92 101 77
88 97 107 83
91 89 98 84
89 101 110 88
90 93 106 79
96 95 112 73
96 99 103 78
90 102 99 84
92 104 112 83
84 97 92 78
89 92 98 79
96 101 110 79
95 87 96 75
95 90 94 80
99 96 101 78
90 93 109 80
98 93 100 81
95 87 99 76
81 91 97 74
88 107 96 80
102 94 102 86
88 99 99 72
97 106 105 72
93 104 114 78
89 112 101 92
97 101 108 82
89 96 101 93
90 95 94 78
89 91 100 82
96 100 108 86
96 99 110 89
93 89 96 80
88 91 105 96
89 105 106 85
88 103 105 80
92 95 98 90
88 91 95 71
89 90 93 78
82 97 97 82
85 105 104 81
85 97 94 90
88 93 106 82
89 100 99 91
102 104 99 89
88 101 100 83
96 94 104 84
96 97 101 86
90 94 107 81
87 102 104 94
95 102 101 82
101 103 108 90
95 103 106 81
87 95 99 77
89 97 96 84
82 98 109 83
92 96 102 84
96 98 102 83
91 87 113 77
95 94 98 77
84 98 109 94
91 89 106 90
93 103 101 73
105 87 100 90
97 99 100 79
95 92 96 77
97 104 98 92
97 91 103 78
91 103 95 82
92 100 107 79
91 112 110 92
96 89 107 91
85 102 105 89
86 92 107 77
89 93 97 87
89 90 96 83
87 108 105 83
93 95 93 94
90 100 107 81
87 97 110 88
93 92 96 84
95 96 97 82
87 100 103 77
90 104 104 83
95 102 103 76
93 87 101 80
87 91 104 88
87 96 109 81
95 92 109 83
94 105 108 79
93 96 103 74
96 87 109 77
89 91 98 73
87 97 110 85
94 98 108 95
93 101 102 81
88 107 114 78
82 89 95 83
94 98 98 90
92 85 102 81
99 98 90 80
95 94 103 84
96 99 104 86
88 100 97 80
88 103 108 87
96 97 103 85
91 95 102 77
83 84 94 81
81 94 104 82
91 91 102 93
97 95 106 92
92 95 102 85
75 90 108 74
83 104 103 78
90 94 107 100
98 91 105 84
98 94 105 85
86 93 98 81
90 102 113 82
92 80 98 83
90 86 103 92
93 98 100 92
92 91 98 84
93 99 95 72
88 97 100 79
94 106 97 94
102 103 98 90
92 91 95 81
90 102 108 87
90 90 98 80
94 90 105 88
92 97 109 79
95 82 108 78
91 97 98 80
98 98 109 84
83 99 95 86
96 94 101 93
86 96 106 76
83 96 105 81
104 106 102 89
84 97 101 85
92 104 100 79
90 95 105 94
89 92 96 87
90 91 96 69
91 98 102 81
88 93 106 76
97 91 105 79
92 92 95 82
93 93 115 86
100 102 101 79
100 90 104 81
89 107 104 87
89 96 100 88
95 92 107 81
96 101 109 77
91 86 110 75
91 89 104 86
95 90 94 85
86 86 98 86
88 89 113 74
87 102 99 74
90 100 94 84
90 100 104 77
92 94 101 84
100 94 98 77
93 96 107 79
96 109 105 79
89 98 107 84
94 98 102 91
88 100 103 92
97 95 107 84
85 94 95 92
87 90 100 75
90 108 99 82
94 103 101 89
78 106 105 87
99 94 101 83
92 90 107 86
93 89 100 77
91 93 103 85
91 93 109 79
95 90 106 90
99 102 97 85
93 94 99 93
94 104 107 76
88 97 105 83
86 88 99 84
89 85 99 78
88 89 104 87
92 94 89 90
92 95 105 89
90 100 97 74
91 93 111 91
87 95 102 88
88 94 99 82
97 99 104 88
84 96 100 79
95 99 99 80
84 90 106 75
91 96 106 86
89 91 97 93
87 95 104 80
89 90 105 90
95 95 109 82
90 89 98 91
93 93 101 87
91 108 112 86
89 93 105 89
99 98 101 90
94 91 99 81
84 105 117 87
89 94 107 82
91 105 105 79
93 100 100 81
97 95 102 85
81 98 107 89
96 94 100 81
90 99 102 82
85 106 102 85
87 93 100 98
89 96 104 87
96 93 94 75
92 97 108 86
97 96 105 85
88 83 96 84
81 104 100 79
87 93 114 80
94 95 108 89
84 105 94 86
94 100 108 90
86 95 92 76
91 89 109 78
92 100 109 91
92 100 109 85
91 93 103 86
89 109 112 79
87 109 107 90
93 96 103 80
85 99 105 86
93 98 105 89
85 93 108 79
102 94 113 79
92 90 92 84
87 113 103 85
100 104 102 87
90 88 107 73
88 103 100 83
99 95 96 78
100 96 108 77
94 96 108 73
88 98 101 89
87 93 95 86
92 96 113 79
90 97 105 96
93 91 107 77
99 94 104 83
92 88 103 89
84 93 101 75
80 103 105 93
96 102 110 90
94 98 93 88
90 98 108 78
91 98 104 71
94 81 103 76
100 102 104 79
82 91 101 80
92 99 111 81
87 102 98 87
97 91 104 85
89 94 104 82
95 99 98 93
83 93 101 82
84 94 108 82
90 93 98 82
86 104 115 78
88 101 97 89
90 95 106 74
102 90 101 82
85 97 106 78
90 101 93 85
87 97 114 84
94 101 107 76
89 91 105 79
90 98 108 77
92 101 104 77
83 96 102 77
87 91 105 78
88 98 104 85
96 99 111 96
94 89 107 90
82 95 103 86
93 84 107 90
102 100 106 86
91 98 104 80
90 94 98 85
95 96 109 77
89 95 103 96
93 91 99 88
97 106 100 92
85 96 98 79
92 92 109 83
95 102 102 88
99 96 101 87
94 86 96 84
89 107 99 82
88 90 93 83
88 93 107 80
90 97 106 91
83 91 104 83
97 100 103 89
87 102 108 80
91 96 104 77
95 90 99 84
95 99 103 83
90 86 94 82
96 102 102 92
101 98 105 79
94 98 98 80
85 89 96 86
87 101 97 86
92 98 109 93
88 93 106 80
86 98 104 87
89 100 106 83
83 97 99 87
87 107 97 87
87 107 108 85
94 91 106 80
89 92 103 87
88 96 98 96
88 88 100 78
90 95 105 78
95 99 104 88
82 95 105 75
93 90 103 87
98 101 98 80
92 102 105 84
91 93 108 90
84 102 113 87
90 97 108 85
97 96 102 95
100 93 104 87
96 99 109 83
94 104 112 86
100 100 97 81
87 102 102 80
86 103 104 92
88 94 94 80
95 100 97 87
84 93 95 75
85 83 90 76
85 95 106 91
89 98 110 77
90 103 98 84
94 90 95 87
89 98 99 78
86 93 93 80
92 102 97 82
91 91 100 86
95 93 114 87
88 102 107 94
88 99 96 78
88 98 101 92
91 105 101 85
94 90 104 79
83 92 105 70
92 104 111 85
89 97 104 78
92 102 95 87
90 95 107 84
92 91 110 81
85 102 106 89
91 98 97 77
89 88 104 93
88 96 98 79
90 94 101 92
85 96 110 80
91 103 108 73
95 102 99 85
86 101 105 82
89 107 103 84
95 92 101 70
89 92 99 82
90 95 105 89
78 82 91 80
98 100 100 82
88 90 104 80
96 94 92 87
94 96 103 81
91 96 102 79
100 104 105 89
95 94 105 74
83 104 108 78
91 96 103 85
98 93 98 87
93 100 103 92
94 99 109 84
88 98 108 91
93 89 108 85
94 98 100 86
90 102 100 79
96 90 103 80
92 90 111 80
86 96 108 92
93 103 110 83
97 88 107 82
91 99 103 86
92 98 111 73
100 89 85 89
101 97 105 82
87 101 97 82
96 94 106 78
85 94 97 79
88 89 101 77
86 101 100 80
86 96 114 87
95 90 99 70
85 101 109 81
93 91 98 86
84 93 112 76
93 98 105 79
99 94 105 95
95 98 105 84
91 95 101 81
88 100 109 85
88 96 104 85
91 97 101 83
86 95 103 78
94 93 101 86
89 95 111 89
91 91 97 91
86 90 102 73
88 98 98 77
86 90 106 90
89 96 108 80
90 101 106 87
86 95 103 83
92 80 93 91
89 99 109 91
99 84 102 83
95 97 97 79
96 101 107 96
94 93 102 90
85 91 97 85
83 98 101 81
85 93 101 81
85 94 116 87
99 92 99 91
87 98 107 81
98 91 104 82
100 92 103 85
95 96 109 86
94 94 112 91
89 96 104 83
83 106 105 90
90 94 99 87
88 102 106 86
92 102 103 74
101 89 105 75
90 97 109 87
91 100 109 90
93 100 101 82
88 99 108 78
89 99 101 83
90 98 104 79
95 106 93 87
94 85 98 83
78 89 98 83
100 97 97 73
90 101 106 69
91 83 100 79
90 97 110 75
91 97 105 82
92 100 98 84
96 97 98 85
89 107 112 77
91 99 108 85
93 100 100 93
92 101 93 73
91 93 99 76
94 90 98 80
88 103 112 83
83 98 102 66
96 99 108 96
87 94 103 86
94 98 104 86
95 94 101 79
90 101 103 84
92 98 105 87
83 101 110 80
92 102 108 82
98 92 106 90
101 97 113 85
88 103 106 77
95 91 97 79
86 101 103 77
92 92 108 85
95 91 94 87
90 94 95 83
78 86 100 80
86 90 93 86
88 97 103 88
94 101 94 88
87 89 100 81
94 89 106 73
91 103 103 83
84 93 99 82
92 94 101 73
91 98 105 88
87 89 107 78
91 101 107 90
86 107 101 86
90 91 95 82
90 91 106 85
92 94 111 82
98 93 109 80
94 98 107 82
89 93 108 83
94 96 108 64
89 100 98 81
81 98 96 80
86 106 107 84
94 91 113 83
96 98 95 82
87 95 107 87
97 93 99 88
99 92 101 90
93 91 89 91
92 101 98 95
99 107 109 84
93 98 105 92
93 97 112 90
82 79 99 78
94 92 98 73
86 92 105 76
96 88 108 77
90 86 95 77
93 97 109 84
97 97 103 86
77 102 98 84
96 96 111 82
96 90 100 81
99 95 91 82
97 96 106 90
92 89 109 86
94 93 108 78
89 91 108 82
88 96 100 79
85 100 103 93
97 100 104 87
88 94 106 87
93 97 97 93
85 98 118 76
97 107 98 84
99 106 94 90
84 95 101 76
95 96 102 87
87 96 95 85
91 92 97 80
93 84 105 85
87 85 106 81
100 106 99 77
81 93 101 83
90 101 101 95
96 87 98 88
94 102 98 77
96 95 99 86
81 97 98 81
91 90 97 81
95 99 101 90
94 97 107 79
85 85 97 83
91 102 99 84
96 102 105 88
94 102 107 75
88 99 101 92
91 99 107 82
96 104 117 102
92 101 102 86
88 98 104 83
93 96 100 83
90 97 108 80
93 93 101 91
90 96 109 79
94 94 100 89
85 84 99 97
92 91 102 78
91 95 102 83
93 100 108 89
86 86 99 79
90 96 96 81
91 94 100 86
88 96 112 88
99 100 105 86
88 96 116 82
97 100 109 73
97 95 93 91
85 88 98 90
91 98 113 89
86 95 96 90
96 96 110 92
86 96 98 77
99 90 100 77
86 110 103 84
92 92 99 85
85 104 100 81
94 99 110 90
86 90 83 79
87 95 105 78
87 92 106 92
88 101 102 87
89 91 103 82
97 97 103 91
99 86 105 79
96 95 113 96
95 96 99 79
89 109 107 78
99 91 105 77
95 89 99 84
97 98 96 87
94 94 107 99
87 99 107 76
89 98 100 79
90 93 107 87
89 98 105 88
88 89 102 83
98 98 97 84
85 95 96 91
90 96 103 71
104 100 105 77
87 97 97 88
94 96 95 94
89 94 102 86
88 98 102 86
86 103 108 82
85 100 114 81
84 90 91 98
89 101 110 74
96 89 110 84
95 94 107 83
89 97 108 81
90 100 107 81
94 95 106 97
86 99 104 80
88 100 103 71
96 96 107 79
81 106 108 92
87 91 104 86
97 97 107 90
94 100 104 86
93 96 104 94
92 99 102 86
87 93 100 83
93 97 105 64
93 84 100 75
87 85 97 77
86 95 104 90
91 94 98 96
94 91 108 85
92 107 105 93
75 79 98 84
87 99 100 84
92 101 106 88
96 82 113 79
96 91 104 84
93 96 99 83
98 96 99 86
91 104 105 79
97 86 104 74
93 100 105 84
81 94 103 82
92 103 90 90
93 103 102 79
94 103 98 83
99 98 96 75
89 98 103 80
89 104 97 85
88 101 96 88
95 96 97 83
93 102 104 88
99 91 111 83
100 105 108 97
91 105 97 85
87 98 98 82
90 106 102 76
81 98 106 76
96 99 97 83
97 104 108 78
90 89 101 76
104 101 108 84
86 99 98 85
95 102 96 93
95 93 109 83
84 103 104 79
94 93 102 91
95 100 96 85
94 104 117 79
90 100 110 87
93 98 112 84
94 103 109 80
97 108 105 84
87 97 103 78
94 90 100 90
96 88 97 84
89 102 94 72
95 93 102 88
86 94 113 82
88 103 104 79
86 103 100 80
92 90 109 90
90 91 102 82
95 95 100 82
88 91 92 88
93 100 100 90
89 81 111 93
95 97 102 87
97 94 101 90
95 89 112 82
90 96 108 95
84 91 104 84
96 95 102 80
83 103 108 88
93 94 101 84
90 92 110 91
96 95 108 81
86 101 103 87
94 90 98 93
92 89 110 86
93 97 97 84
92 94 105 93
92 103 108 91
90 99 108 74
89 87 94 80
94 103 105 87
96 99 104 93
88 101 105 84
99 96 110 75
92 90 113 78
83 90 103 84
91 95 110 79
90 89 98 93
91 94 94 87
91 92 97 94
88 99 111 83
96 94 111 80
101 104 105 88
81 98 107 76
86 89 103 78
92 93 98 80
98 97 102 86
87 109 100 87
97 93 99 87
99 99 104 73
90 88 88 81
88 98 109 82
93 87 107 87
93 99 101 84
104 109 102 89
95 103 109 82
87 100 99 93
84 100 105 86
90 95 97 80
97 103 112 80
92 102 100 82
95 97 96 87
92 100 114 101
89 92 109 75
90 107 96 93
84 101 99 81
98 99 96 89
85 89 104 84
93 106 108 84
90 99 101 81
85 99 101 82
99 98 98 84
83 93 100 86
86 111 114 77
96 98 96 79
91 102 94 77
91 96 102 88
99 96 110 88
91 91 106 78
96 91 108 72
95 95 104 82
89 101 104 84
100 88 113 75
82 102 113 68
86 89 102 75
92 99 107 91
93 97 112 90
88 97 106 91
93 103 111 84
93 94 104 78
86 91 103 78
99 101 96 82
85 91 113 85
103 90 106 85
85 98 95 80
90 102 112 79
90 89 101 85
86 94 92 88
91 94 107 82
90 100 101 71
94 93 97 90
97 89 99 83
90 99 107 80
87 92 104 75
92 93 108 81
91 92 92 80
90 99 103 77
93 90 108 87
97 98 107 73
98 96 104 85
89 91 104 81
84 104 98 76
80 102 116 77
93 87 103 81
83 93 109 73
88 98 99 86
89 91 99 81
93 97 100 83
85 93 88 87
94 95 98 85
88 97 104 86
92 116 108 86
88 87 93 72
93 92 104 85
87 96 103 78
89 89 102 78
96 88 104 79
87 83 102 86
94 96 108 94
99 98 106 86
94 101 102 93
94 95 104 81
87 100 110 88
91 97 101 75
90 99 114 81
96 89 105 90
97 103 102 83
93 97 102 94
87 90 99 88
92 93 111 82
85 96 106 85
95 96 101 79
93 105 110 88
82 101 103 89
87 107 113 78
87 104 99 89
89 97 95 83
83 94 94 86
85 79 97 83
96 107 106 87
90 92 100 83
91 91 95 76
87 97 100 88
90 90 101 88
92 92 107 79
95 98 98 83
88 102 92 83
89 97 110 79
83 86 103 87
94 93 103 80
83 91 103 84
93 99 94 77
92 100 103 84
98 101 96 80
87 87 101 90
84 88 97 72
90 95 108 89
102 109 110 78
93 94 100 80
87 90 99 75
94 90 100 85
93 93 104 77
82 99 97 78
88 97 97 87
86 99 103 80
90 100 109 85
94 94 101 85
103 99 104 80
86 95 99 96
85 97 98 88
100 95 108 85
93 93 97 78
93 98 106 81
86 110 100 77
92 96 111 83
81 88 96 84
99 89 97 84
89 89 102 84
97 89 99 87
85 101 109 78
93 93 97 83
96 104 102 93
100 94 106 78
93 97 101 83
89 90 99 85
92 97 102 81
90 101 104 80
91 102 112 87
98 104 109 83
86 102 100 87
91 95 107 83
89 104 98 80
92 88 88 84
91 103 105 82
104 95 106 81
94 102 107 88
88 99 95 74
104 102 103 91
93 101 108 74
82 87 109 83
88 100 93 85
89 92 98 74
99 103 106 81
97 92 110 83
93 98 105 86
91 104 102 80
89 102 92 86
98 91 96 85
104 102 93 83
97 104 98 86
89 95 109 90
81 104 104 78
95 91 101 90
94 93 117 89
93 103 104 86
87 89 103 76
89 93 109 84
82 103 101 74
90 98 98 77
93 84 95 78
90 95 104 79
93 101 114 82
92 88 106 87
95 99 97 97
92 104 108 80
95 99 107 72
88 99 102 89
90 95 99 80
97 104 99 81
90 89 104 85
82 91 101 75
95 89 98 78
95 95 107 84
96 99 107 84
90 88 106 90
95 102 114 78
87 94 102 87
101 102 97 78
92 98 104 84
92 93 91 80
81 91 93 62
90 88 103 86
92 98 100 89
90 107 101 81
91 96 102 78
98 96 97 78
90 80 98 87
89 100 112 70
87 95 98 75
97 93 102 78
94 94 97 83
94 101 94 76
86 92 94 88
87 86 104 82
99 107 101 81
92 99 105 90
92 97 102 85
89 101 111 79
78 102 101 82
84 89 99 87
93 93 105 93
93 90 97 83
94 93 106 79
96 92 109 74
85 102 99 81
94 87 94 83
93 102 105 94
88 90 105 79
90 101 108 84
92 106 105 85
91 100 106 88
87 93 101 89
92 86 102 84
87 100 104 84
89 93 99 96
89 106 98 80
88 102 102 85
92 96 112 91
89 87 101 86
87 88 103 77
92 100 95 80
90 104 109 84
90 108 99 80
92 89 105 78
92 89 94 81
91 94 112 86
87 101 104 78
94 95 97 80
97 101 105 92
93 96 105 86
91 95 103 79
87 95 105 83
96 92 99 91
81 95 105 83
97 101 107 86
86 92 108 83
93 97 105 80
100 96 100 84
89 96 94 76
82 84 99 78
91 93 99 84
88 108 104 85
86 98 103 83
95 100 110 79
82 101 107 82
97 95 108 95
92 105 101 82
95 99 112 80
93 94 102 85
87 101 98 80
94 97 104 84
96 95 109 87
95 105 110 83
93 83 105 79
89 99 99 81
76 99 112 93
86 95 105 76
92 100 88 76
88 93 96 79
88 103 98 83
84 85 108 83
91 93 90 83
95 103 108 81
86 97 111 84
91 91 106 85
91 107 105 91
90 90 105 75
87 89 109 87
98 102 114 87
89 94 102 82
84 103 100 78
98 91 113 82
91 88 106 79
96 102 96 78
82 101 100 84
95 100 101 87
94 95 105 81
86 103 100 78
92 99 93 78
91 101 110 86
92 99 106 74
90 97 106 91
89 102 105 78
98 92 108 91
96 99 111 94
97 97 100 80
87 94 106 87
92 87 95 85
96 96 98 84
92 92 106 75
95 94 103 87
88 102 102 79
100 92 108 86
93 91 100 73
92 92 98 78
89 91 107 78
93 93 95 76
96 91 99 83
79 100 108 89
90 98 102 79
87 90 98 79
89 93 103 89
101 97 102 88
91 100 109 93
93 89 98 88
94 95 107 86
84 82 86 70
92 98 105 82
98 91 105 91
92 96 99 84
92 97 98 95
93 99 98 79
96 102 99 90
93 95 95 92
86 85 95 82
89 96 93 79
86 100 95 77
98 99 98 91
93 101 96 87
92 97 87 78
87 92 99 82
100 106 104 88
86 98 105 89
94 104 104 81
100 86 102 88
90 100 104 78
94 100 97 91
86 91 104 91
93 92 108 80
90 101 109 70
88 98 105 81
91 91 93 78
88 93 101 78
97 92 109 73
90 102 105 90
100 105 104 75
95 89 110 79
89 87 98 91
90 91 108 84
94 97 90 80
96 89 102 86
93 106 95 92
86 93 105 83
92 101 101 76
92 90 100 87
96 91 97 73
91 93 97 91
93 94 101 70
97 92 100 91
88 96 112 95
90 95 96 82
94 98 107 94
88 100 107 74
89 98 102 87
81 99 108 89
97 100 106 96
97 86 99 81
85 91 107 76
90 101 104 79
85 107 95 80
85 96 106 86
97 97 113 80
90 92 111 80
93 101 99 79
89 94 103 89
93 100 107 79
96 101 107 77
96 96 106 90
86 88 104 92
88 100 100 77
98 104 107 84
97 101 115 74
99 102 113 81
86 102 102 75
92 84 103 82
98 94 108 83
86 97 104 89
93 102 96 84
89 93 91 79
93 97 111 84
90 101 112 86
81 85 98 79
93 111 109 75
90 92 100 95
86 93 107 75
92 93 112 74
95 89 102 78
91 89 99 80
88 101 97 89
95 97 104 84
86 86 103 85
89 86 105 81
91 97 104 88
91 97 111 87
88 96 106 91
96 103 105 82
99 97 100 95
84 95 104 87
85 96 111 70
90 80 103 81
83 90 102 72
91 88 100 79
92 92 95 76
90 96 101 88
92 97 100 91
94 97 112 87
94 98 107 81
83 100 108 70
101 96 98 83
89 100 102 94
94 87 99 76
81 90 109 93
85 99 107 79
87 98 101 77
89 96 104 96
86 84 100 78
98 100 100 87
84 91 98 83
89 104 100 78
91 105 106 83
92 99 101 82
97 102 111 92
96 91 98 87
87 100 98 79
80 95 99 76
89 96 103 82
89 89 92 84
99 92 101 70
91 99 101 80
96 95 95 86
89 106 98 91
92 105 106 73
85 103 103 77
81 92 98 82
98 97 105 83
97 95 96 80
94 91 101 84
94 88 105 80
90 90 100 78
91 104 105 79
95 102 97 73
87 107 109 82
93 108 100 75
90 101 106 89
93 89 109 78
90 100 105 88
91 95 108 77
88 111 115 83
90 104 110 85
90 97 111 79
90 104 112 86
90 106 103 84
93 92 103 95
99 95 99 90
93 104 101 90
95 88 99 90
85 94 114 89
79 104 93 84
96 87 111 95
90 88 109 92
100 100 93 78
102 98 106 85
100 99 108 90
97 96 110 87
101 94 98 88
88 102 98 84
97 90 105 95
96 95 104 89
94 82 107 81
86 94 104 84
97 93 101 83
98 97 106 81
96 87 106 83
90 96 104 89
98 93 105 93
85 94 100 79
94 110 111 83
100 99 102 91
96 103 105 83
88 99 97 83
88 100 105 76
87 97 106 72
102 85 104 85
91 99 102 90
87 102 99 82
103 96 111 86
93 99 103 90
92 96 98 73
86 90 95 88
94 95 101 85
80 99 94 81
85 93 99 87
83 92 107 68
93 99 103 88
93 98 109 74
96 102 101 86
81 103 97 86
91 103 102 95
89 98 107 82
90 90 114 76
91 86 113 84
84 95 106 83
98 98 107 79
85 94 110 84
96 83 102 89
98 94 107 86
99 97 106 79
89 93 104 79
102 96 110 87
93 103 103 95
88 97 96 77
96 91 102 92
95 90 102 79
86 110 106 81
94 101 109 88
96 96 99 84
100 93 102 85
89 94 92 85
89 103 101 82
91 101 105 85
82 101 110 84
91 95 98 90
98 100 102 85
84 109 110 79
96 88 98 80
82 108 110 85
92 96 107 91
89 91 109 80
87 95 109 84
86 100 110 86
79 99 100 85
94 86 99 73
94 94 108 78
91 101 96 91
98 102 95 85
92 103 106 86
89 90 103 83
93 101 90 78
94 85 96 89
94 99 106 95
83 84 100 80
98 101 103 87
99 90 99 89
95 94 102 84
87 101 94 96
86 101 114 83
97 108 109 82
101 96 106 87
96 97 99 74
90 102 100 87
86 103 102 90
86 92 92 79
89 101 102 79
84 90 97 82
92 97 118 84
98 92 91 82
85 102 99 85
91 92 93 79
89 95 104 77
99 105 109 74
85 89 99 83
95 97 96 76
87 104 106 83
80 94 106 79
84 94 106 78
90 98 94 82
90 99 107 91
88 91 99 85
85 103 96 83
85 90 97 92
93 97 106 90
95 103 99 77
94 94 105 76
94 101 107 74
93 91 108 80
94 98 112 84
89 93 96 79
96 103 102 87
98 106 102 86
94 100 103 83
88 94 105 86
96 94 108 83
92 101 105 84
98 90 107 84
92 96 99 82
83 98 95 83
95 101 103 94
97 90 89 81
93 96 107 79
91 91 96 89
95 86 94 85
90 93 92 84
92 96 103 85
94 99 104 86
95 99 104 81
93 99 97 78
94 95 101 79
102 98 101 85
84 105 110 74
100 102 104 82
94 93 99 82
80 84 100 79
92 110 109 83
78 90 107 66
92 100 95 83
88 101 92 78
96 98 102 85
100 90 100 84
95 88 96 78
93 100 112 87
109 105 96 81
100 101 101 80
99 104 102 81
92 85 114 77
103 88 108 80
94 102 112 85
95 95 92 88
100 100 96 82
87 98 108 83
85 97 101 86
84 91 100 68
93 106 106 85
86 86 93 82
93 93 113 80
97 96 107 76
95 94 103 86
93 93 101 81
89 98 106 84
93 102 111 91
86 93 102 83
86 102 102 95
96 88 110 84
83 90 98 76
97 89 101 91
89 94 108 90
88 88 98 85
86 91 107 79
81 96 109 82
97 99 106 90
90 102 100 86
94 94 108 98
90 97 100 76
97 93 104 80
87 105 105 80
90 85 99 85
92 100 104 87
92 109 106 83
90 99 111 88
94 96 100 99
81 80 105 81
84 98 112 85
95 104 110 77
94 106 100 71
87 96 92 91
94 94 104 80
88 93 102 79
84 95 97 87
95 97 114 75
99 87 114 86
86 101 107 84
92 92 105 79
96 96 110 85
90 93 106 82
90 97 103 76
87 99 104 91
92 83 107 84
89 98 104 85
94 91 94 88
89 96 101 84
91 100 95 83
84 103 106 85
96 101 102 85
101 94 88 78
99 93 112 82
83 94 95 82
85 83 104 81
98 94 109 76
97 95 104 96
98 91 104 88
95 99 108 70
91 93 104 82
96 94 98 86
98 98 97 80
104 101 94 93
100 95 105 81
90 95 113 87
98 99 101 78
90 93 101 88
96 98 96 76
93 101 108 83
88 88 93 82
91 100 99 90
90 112 106 77
101 91 110 84
100 89 101 85
104 97 109 77
95 91 102 79
95 90 107 91
91 97 101 76
96 91 99 86
83 98 104 75
91 92 98 81
93 103 101 84
82 96 101 75
90 102 101 82
91 104 105 103
92 100 99 82
95 98 98 88
94 96 104 87
98 97 108 84
90 90 98 85
87 104 105 84
100 103 104 84
93 102 104 83
93 94 106 90
86 100 102 84
85 100 105 80
92 93 105 75
87 89 103 80
92 102 109 84
87 90 101 74
90 96 107 69
87 93 106 78
87 95 97 78
84 97 97 83
101 94 104 79
89 91 105 91
84 93 100 90
87 101 96 89
102 102 101 93
89 95 99 81
82 95 106 77
92 90 101 88
93 98 105 78
85 97 99 84
92 92 114 93
95 99 110 90
96 101 100 94
104 99 101 89
98 95 108 72
92 97 104 88
99 101 100 87
85 97 88 87
91 100 95 81
93 96 92 86
91 95 108 84
89 100 95 84
88 88 100 83
89 101 111 78
92 96 108 77
90 103 105 78
93 104 91 80
94 102 103 90
90 94 108 78
91 97 112 76
83 89 97 80
85 104 101 82
90 84 97 73
89 94 95 86
96 99 103 76
88 95 104 82
96 85 95 80
91 107 103 80
90 96 86 84
98 93 109 80
89 94 90 78
89 96 94 81
91 93 99 85
85 87 100 75
97 99 105 82
87 99 104 88
92 96 107 79
92 88 108 78
92 93 106 87
86 99 98 81
85 102 97 87
91 100 104 97
89 100 105 77
84 96 103 88
96 101 102 85
96 102 101 83
88 90 108 85
92 92 97 93
91 102 108 87
95 93 100 76
89 90 109 77
91 106 105 75
87 94 102 83
85 94 101 86
100 89 104 87
93 106 97 93
88 99 109 80
90 98 109 73
98 98 103 82
95 105 103 88
96 93 117 83
92 96 111 85
96 101 103 84
96 93 103 78
84 101 97 79
87 92 101 82
89 94 107 81
99 90 113 83
95 98 103 75
90 94 102 84
86 96 111 88
96 91 115 81
87 100 92 83
91 99 95 83
88 99 100 88
82 95 103 73
96 91 105 84
93 89 99 79
93 106 104 87
86 94 103 81
96 97 103 78
85 91 98 90
97 90 101 84
89 89 102 85
94 97 95 85
92 95 105 92
87 108 104 77
96 96 110 74
93 101 109 89
96 94 102 91
61 76 78 73
60 77 71 68
61 77 80 76
63 76 74 72
61 74 76 71
61 75 74 70
61 72 66 72
57 76 73 73
62 74 71 71
61 75 71 74
57 75 73 71
63 72 68 71
56 74 72 68
62 74 72 74
55 73 69 70
63 77 73 71
62 75 67 74
58 74 67 69
64 72 69 71
61 77 75 73
61 75 78 72
61 74 68 73
59 75 70 70
61 76 75 69
62 75 74 74
60 80 71 70
61 76 68 68
64 77 72 70
62 79 78 70
59 76 72 73
57 75 72 69
64 74 68 69
61 74 74 75
57 74 73 71
60 75 71 71
58 79 70 68
60 74 73 73
59 75 75 76
57 79 73 72
62 75 72 74
57 74 73 67
60 78 76 73
64 79 75 70
61 77 73 74
55 76 73 69
59 73 68 70
60 75 74 69
58 73 74 72
59 78 73 70
64 77 77 73
59 78 72 70
59 73 72 73
65 75 74 70
57 78 68 73
63 75 71 74
60 77 70 72
59 75 74 73
57 76 73 73
57 74 67 70
59 76 72 71
66 78 71 76
62 77 78 73
63 75 74 70
62 74 78 71
60 77 72 69
62 75 70 72
60 77 66 72
58 78 70 74
59 75 69 70
60 73 73 71
57 73 67 73
63 75 78 71
57 76 75 72
61 73 72 74
60 75 75 73
56 75 64 67
63 80 70 74
60 77 71 68
63 74 70 74
62 80 76 70
58 75 68 72
61 71 71 74
59 73 71 69
60 78 72 72
61 76 74 74
59 78 73 69
60 76 75 72
60 75 73 70
59 78 70 72
58 72 73 72
62 74 77 72
59 76 79 69
52 71 73 69
61 76 68 67
58 74 75 70
60 79 76 72
62 78 71 71
58 74 72 71
58 75 67 69
62 75 77 71
59 77 65 70
61 76 72 68
63 72 73 70
66 70 71 72
59 69 65 68
62 74 72 72
61 75 75 74
58 75 73 72
61 72 75 74
60 72 73 75
63 79 73 71
59 77 76 73
64 73 69 71
61 71 74 71
59 77 71 73
62 75 75 73
59 74 73 69
64 76 68 72
59 72 70 70
57 75 68 73
58 77 74 75
59 76 74 69
65 72 74 69
63 78 72 72
62 74 74 72
60 76 75 74
65 80 74 72
60 75 77 73
60 75 71 72
60 73 72 72
62 78 77 67
59 78 71 71
62 76 65 70
59 75 71 74
60 76 73 72
54 71 71 66
59 78 70 71
61 78 69 71
56 79 71 67
57 75 72 69
57 77 73 74
59 76 78 74
57 73 73 70
62 76 73 73
62 73 73 71
59 77 74 67
64 67 69 72
62 79 75 70
58 73 70 70
55 73 68 69
60 71 70 72
60 77 72 71
63 79 71 74
56 74 71 71
59 76 72 70
59 74 72 72
56 79 70 71
61 76 70 72
58 78 74 75
63 79 74 75
62 73 73 74
61 74 78 76
58 75 73 71
59 73 69 73
62 74 71 72
58 77 70 70
59 78 75 74
58 74 72 67
56 73 75 73
57 78 75 70
58 75 68 70
61 79 74 72
62 71 70 75
60 74 70 73
61 75 72 72
62 76 73 70
56 77 74 70
59 75 76 72
59 79 68 71
63 77 75 70
59 75 70 71
59 75 65 65
59 75 69 73
62 75 74 77
59 73 64 72
59 74 76 72
58 74 70 74
59 75 77 72
60 76 73 70
60 73 73 71
62 77 76 73
59 78 71 68
61 71 67 72
62 75 73 75
60 71 69 72
61 74 77 73
62 77 72 72
64 80 80 76
63 75 73 71
59 78 71 69
64 79 68 75
61 75 66 73
62 78 65 73
59 79 67 73
63 75 66 79
59 78 70 80
61 77 70 76
64 84 69 80
58 72 71 74
60 80 71 75
60 75 69 75
63 76 65 75
60 77 68 74
61 79 69 75
57 75 68 75
58 77 64 76
62 74 68 72
58 77 65 72
59 77 72 75
64 77 70 80
73 87 78 83
57 76 66 71
61 78 70 73
59 73 66 75
63 80 68 74
58 80 66 78
60 75 64 73
58 75 68 77
61 83 62 77
56 77 63 74
56 76 66 72
57 76 71 74
57 77 62 69
63 79 72 72
63 77 65 76
55 76 66 72
59 74 63 69
59 83 67 73
56 75 66 73
57 78 67 75
60 81 67 73
57 80 67 73
64 83 71 77
61 79 66 75
64 78 68 79
63 76 68 72
62 76 70 78
57 75 68 74
61 79 68 79
58 75 66 74
77 90 79 82
58 71 63 73
65 77 70 84
57 72 67 75
59 79 69 74
57 74 70 76
56 81 66 75
58 75 66 76
58 77 64 70
61 77 72 76
59 83 68 75
62 75 66 75
60 72 62 75
58 74 64 71
64 75 64 76
64 87 73 78
63 76 68 72
63 77 72 72
60 74 66 71
60 74 70 72
60 80 66 73
60 79 71 82
59 73 67 72
66 80 71 78
72 83 78 78
55 80 64 70
59 78 69 77
59 78 63 79
58 82 64 71
58 79 64 72
57 77 67 73
61 74 71 74
59 77 67 73
59 80 68 77
57 79 63 73
64 80 76 77
58 73 60 70
59 76 67 73
63 82 69 75
60 78 67 72
60 80 70 73
63 80 70 79
58 76 66 78
59 73 67 75
61 77 70 78
59 74 62 76
61 77 65 75
60 80 68 74
60 78 65 73
56 75 63 73
60 74 66 72
62 77 64 73
60 81 70 76
61 71 65 71
61 76 69 78
60 75 72 75
60 73 64 69
76 87 81 80
58 76 65 76
59 74 65 72
60 78 66 76
63 85 70 79
59 75 65 70
62 83 69 79
61 79 68 72
61 82 68 77
59 77 63 72
77 86 84 84
59 78 62 73
58 76 71 76
56 73 64 75
64 77 68 77
61 79 65 77
61 79 67 76
57 79 67 71
61 78 76 78
66 77 69 76
57 78 71 81
60 77 64 76
61 81 69 78
56 79 68 73
61 79 62 72
59 77 68 76
62 79 65 75
58 74 65 72
53 76 69 74
55 77 60 75
61 82 68 78
61 78 67 72
58 75 67 72
62 73 69 80
57 78 73 78
57 76 66 74
61 78 64 81
56 78 67 77
60 80 68 72
59 78 71 80
60 74 66 75
60 78 64 74
56 76 66 75
59 81 73 77
57 74 66 76
65 80 67 76
63 75 73 79
58 76 68 74
60 76 69 78
58 72 68 76
56 74 62 72
62 73 69 84
59 73 59 76
53 71 65 71
56 75 62 77
62 75 68 73
63 85 77 84
61 83 72 77
56 74 63 77
60 78 64 74
58 77 64 71
55 76 71 71
68 81 73 79
64 87 74 78
61 71 69 74
57 77 60 76
55 70 67 75
62 76 68 79
59 77 66 75
57 78 74 73
61 82 68 75
71 81 69 82
58 76 68 74
58 72 64 72
57 76 62 71
58 78 66 73
56 79 65 79
60 83 71 72
56 77 69 74
61 79 68 74
61 80 72 73
60 77 71 73
64 76 72 79
61 77 67 79
55 73 67 72
57 76 64 75
60 78 68 71
54 77 64 76
59 80 68 75
60 74 65 73
61 74 63 79
58 75 65 74
59 73 68 75
56 83 65 80
51 77 59 75
54 76 57 73
50 89 62 75
50 76 60 75
50 76 58 75
55 77 62 74
54 81 62 75
75 95 89 86
51 78 63 73
74 102 97 99
53 81 61 73
50 76 60 73
54 82 58 76
52 78 62 74
48 78 58 73
50 82 59 72
49 75 61 77
54 78 60 73
50 80 61 79
54 85 60 75
51 80 63 72
55 75 61 76
50 73 56 72
49 74 60 73
51 80 60 77
50 80 60 75
54 82 63 74
52 82 62 77
51 81 62 75
53 83 59 73
52 80 58 71
49 78 59 74
50 84 63 76
51 78 58 74
56 75 60 75
52 78 61 73
50 78 59 73
53 76 60 74
51 76 59 74
52 76 58 73
47 80 62 70
51 82 61 74
51 73 60 69
53 82 62 75
54 84 64 74
54 76 64 74
50 81 60 76
52 85 63 76
53 80 64 74
51 79 64 75
52 79 63 75
82 98 102 93
53 80 58 75
49 74 59 76
55 80 62 74
52 75 60 76
51 76 62 74
51 78 59 76
52 85 64 74
49 79 63 73
51 80 63 74
49 77 58 74
53 79 61 70
50 77 61 73
48 86 61 75
51 78 61 73
54 80 60 77
51 80 61 74
52 82 60 73
55 77 61 73
54 77 59 77
51 78 60 75
50 80 63 70
52 77 63 74
51 84 62 74
46 73 59 73
50 79 61 74
51 74 63 75
52 79 60 67
54 77 60 72
51 76 62 73
54 78 61 74
50 74 64 74
49 81 60 74
66 95 81 83
51 78 64 78
49 82 62 73
51 76 63 74
53 75 60 72
49 75 60 70
47 74 60 74
49 79 60 72
49 77 61 76
54 81 65 77
50 78 57 72
49 77 59 74
51 76 59 79
49 82 60 72
48 80 60 80
54 79 62 73
48 78 60 76
53 81 63 71
53 76 63 79
50 83 61 75
51 76 60 77
49 73 60 74
52 84 59 72
47 79 59 76
51 80 62 74
53 80 61 73
53 75 62 74
49 74 59 72
49 79 61 73
49 75 60 73
53 80 64 76
52 75 61 74
51 78 63 74
50 78 63 71
54 77 60 69
46 78 60 73
50 75 63 74
50 80 60 73
52 79 64 73
51 74 62 68
52 79 62 73
50 81 62 76
54 77 59 77
52 83 62 75
52 84 64 78
51 77 61 75
50 73 58 74
53 76 57 71
52 82 62 72
51 77 63 77
51 78 58 73
52 80 60 75
52 79 61 74
52 77 59 75
53 79 62 75
49 78 63 75
50 81 60 76
55 80 58 77
52 86 62 77
49 80 60 76
48 73 59 72
48 74 58 74
51 77 62 74
48 79 58 73
84 108 101 97
53 76 59 75
53 80 62 71
54 78 61 76
52 80 63 76
77 94 93 87
50 85 62 72
70 90 78 86
47 79 59 77
49 75 60 72
48 79 59 74
70 93 91 89
45 80 59 75
50 82 59 74
51 79 62 71
47 78 60 70
55 80 59 73
51 75 59 74
54 85 65 72
52 79 64 75
53 80 60 74
51 82 62 74
51 87 62 77
52 79 60 73
48 81 61 75
51 79 62 75
51 75 61 75
54 82 61 75
50 77 60 73
51 76 57 71
51 76 64 75
72 93 78 94
52 78 58 71
50 75 62 74
48 77 61 73
52 76 59 71
51 74 59 70
52 73 58 73
54 82 64 75
64 92 89 87
50 78 62 69
52 80 61 75
54 78 61 77
53 77 61 71
55 79 63 75
50 84 62 75
55 76 56 71
54 80 62 73
49 72 57 70
50 83 63 76
49 79 61 74
90 92 96 91
57 85 73 76
58 84 71 75
59 84 76 74
55 85 68 77
65 91 77 79
60 90 74 75
59 89 75 80
66 91 78 83
64 87 70 79
57 86 75 77
56 87 76 80
59 77 67 69
60 87 71 78
56 87 75 75
64 89 76 75
56 90 71 77
60 82 73 78
56 93 74 75
61 84 72 77
59 82 72 75
62 89 77 81
59 85 71 77
60 91 75 78
58 84 69 77
64 91 79 79
57 85 70 76
57 93 67 76
58 86 70 73
62 86 71 78
58 88 72 73
63 89 73 78
61 86 72 78
64 86 71 77
65 86 78 80
63 92 79 73
61 90 77 78
53 91 71 80
61 84 78 77
59 88 76 76
58 79 73 74
61 86 75 80
62 87 71 81
66 85 76 79
61 84 68 79
61 84 72 73
58 84 75 77
58 84 72 76
62 90 76 81
60 87 72 71
64 89 78 80
63 85 72 79
61 86 72 77
60 85 76 73
65 92 76 74
63 83 72 79
64 89 75 87
58 80 68 73
59 85 73 79
57 86 79 75
60 91 80 80
62 87 69 77
61 87 73 79
60 86 73 77
63 87 78 75
60 88 71 80
58 87 80 80
58 87 73 76
58 85 70 78
60 86 76 78
60 87 75 79
59 85 69 77
62 86 73 80
63 83 71 74
67 90 74 80
63 87 69 78
64 88 75 82
58 85 75 78
53 88 72 76
58 83 71 78
59 88 75 82
61 87 76 76
57 92 70 76
59 90 68 77
57 85 69 77
59 89 74 77
57 86 72 80
67 93 87 81
58 83 70 73
58 83 70 78
61 90 74 79
61 83 75 78
64 86 75 81
57 83 76 71
56 90 73 80
57 82 77 74
62 89 75 76
61 84 77 73
62 85 73 74
59 87 71 76
63 89 75 81
67 93 76 78
61 89 73 78
59 86 66 73
65 82 72 77
65 87 82 82
61 89 71 79
55 83 76 73
62 86 71 80
63 85 71 79
63 94 73 84
67 85 75 78
59 90 73 77
62 84 75 76
58 85 74 79
62 86 76 79
66 90 76 79
64 90 76 78
60 88 75 82
58 85 73 83
58 87 76 75
58 88 71 74
63 90 67 77
59 89 72 77
61 83 74 78
56 86 74 75
62 92 71 84
59 87 72 78
59 83 73 77
60 87 71 79
54 87 74 80
63 87 76 78
60 88 77 75
62 86 78 80
59 87 73 77
62 84 76 79
64 92 79 84
63 88 75 77
59 84 72 79
67 96 77 77
60 86 73 77
58 85 73 79
64 88 75 81
55 87 68 79
63 82 72 76
63 88 75 79
61 89 77 77
58 90 75 76
66 87 81 80
57 89 71 82
61 85 70 75
65 85 71 76
57 87 65 78
58 85 72 81
62 85 73 75
60 88 74 80
58 85 69 76
61 89 76 77
59 91 71 76
57 84 77 81
64 84 73 74
53 87 67 73
58 88 74 76
56 84 75 73
62 88 73 80
59 85 73 74
61 89 77 77
57 84 72 74
66 90 76 82
58 89 69 76
59 89 78 76
58 84 81 76
54 86 74 72
60 84 71 78
59 84 67 76
64 87 76 81
63 93 73 81
60 85 73 78
63 87 75 77
59 87 75 83
61 94 77 84
59 88 73 74
59 88 69 79
63 86 75 76
61 87 75 76
59 87 72 76
57 88 74 72
58 89 73 80
62 87 70 78
61 85 75 82
58 88 71 76
59 83 73 73
59 91 68 76
58 85 69 79
58 89 76 80
64 85 77 75
58 89 73 76
58 88 70 76
64 90 76 84
61 89 74 81
56 73 65 69
54 78 66 67
57 74 69 71
58 73 64 66
56 77 69 71
54 76 68 68
56 76 66 71
60 73 66 73
54 74 67 68
59 75 70 74
55 73 68 70
54 74 65 68
55 75 66 67
55 73 67 67
54 76 67 71
58 74 69 71
55 74 68 66
54 75 69 67
59 74 69 70
55 77 66 66
56 74 68 65
57 74 68 70
55 77 66 66
57 75 67 69
57 74 69 69
57 72 66 69
55 70 66 69
58 71 68 67
57 78 68 72
58 73 68 70
59 73 69 70
56 74 69 68
57 74 66 69
57 74 68 71
57 76 66 67
59 73 66 67
57 75 66 71
57 74 67 70
58 77 67 70
57 75 67 69
57 75 67 70
55 73 64 68
59 74 68 73
54 72 65 65
56 75 62 69
57 75 70 69
52 74 67 67
61 74 67 74
54 73 66 67
58 72 63 68
56 75 67 67
52 76 64 66
57 77 69 66
58 78 68 69
58 77 66 66
57 78 65 66
56 75 64 69
54 72 66 68
55 73 66 70
56 75 68 70
61 81 66 66
56 76 66 64
56 76 68 71
57 80 65 69
62 74 67 70
57 76 67 70
54 79 66 69
56 75 69 71
57 76 65 69
60 75 63 64
60 74 66 65
56 71 64 68
56 73 68 70
60 75 66 70
56 75 66 71
56 76 68 70
57 77 64 67
58 77 70 68
60 73 71 72
55 78 65 70
58 75 70 70
58 75 67 73
54 74 67 68
53 75 64 64
56 79 67 67
53 74 64 64
58 74 64 64
56 75 67 68
58 74 67 68
60 73 69 70
50 74 66 67
54 77 65 63
57 77 70 71
53 73 64 67
60 75 67 66
56 74 64 70
58 74 68 67
58 74 68 70
58 77 66 71
54 73 66 70
58 75 66 70
55 77 68 70
60 74 68 71
56 80 66 70
56 76 68 72
56 77 63 68
56 70 66 68
54 75 66 69
56 74 67 65
56 76 68 70
58 75 63 67
53 80 65 67
54 80 65 69
55 76 68 70
53 75 63 67
49 73 62 65
57 74 65 69
58 74 66 69
57 75 66 63
57 75 67 63
54 75 66 72
56 75 65 73
52 74 66 68
56 72 67 66
55 74 63 68
56 72 66 68
55 73 68 69
58 77 69 66
57 77 65 68
55 73 65 71
58 75 67 75
58 80 68 74
56 74 66 68
58 77 65 70
57 75 69 70
55 73 64 71
58 76 66 68
54 76 65 66
57 75 66 69
57 77 67 70
55 79 65 68
56 72 63 67
54 74 66 69
58 78 67 72
56 76 69 68
52 75 66 64
60 77 66 72
58 75 66 67
57 73 68 67
57 75 67 66
54 74 65 67
58 75 67 68
58 76 68 70
57 77 69 73
57 72 66 71
52 75 65 67
56 74 66 66
58 76 69 74
55 72 65 66
53 74 67 70
54 74 66 67
52 77 64 66
59 74 69 65
55 72 66 67
54 72 67 67
55 77 68 69
53 77 66 66
54 78 63 69
59 76 66 68
56 71 64 71
55 73 66 64
57 75 70 71
61 75 71 71
61 72 69 73
59 76 70 73
55 75 64 68
55 77 67 69
55 79 66 70
55 76 66 63
59 75 67 65
56 75 71 70
57 76 66 71
55 75 64 65
59 76 72 73
56 76 65 72
56 77 69 68
52 73 66 67
58 71 67 65
54 77 67 66
60 76 67 70
59 76 68 66
56 75 66 71
58 70 65 71
57 74 65 70
56 74 66 68
57 74 69 70
54 75 67 67
56 77 67 70
54 77 66 70
57 77 66 73
68 72 76 71
66 82 82 75
70 78 83 76
66 74 72 75
63 72 74 73
65 75 75 71
68 73 75 69
66 78 78 74
66 79 84 77
67 72 71 75
66 76 79 71
70 82 75 71
66 76 78 76
67 72 77 72
69 75 74 75
68 78 76 81
64 75 80 75
67 75 83 78
66 76 78 73
72 75 77 78
66 77 78 73
71 78 76 79
60 68 70 74
77 83 91 88
75 79 84 83
66 74 81 68
69 74 79 76
68 72 73 75
61 67 68 63
69 76 84 76
67 78 79 74
66 73 79 79
71 80 82 74
62 75 77 77
70 77 78 77
64 70 75 69
68 73 82 79
65 78 77 73
61 70 76 68
76 84 92 87
67 72 77 76
66 70 75 71
66 70 73 72
71 81 82 71
69 76 75 74
69 72 80 69
65 75 76 73
73 72 77 73
66 76 76 73
68 74 74 74
67 72 80 71
66 81 78 76
65 71 74 72
70 73 76 74
66 73 76 72
67 72 74 77
66 74 76 74
66 72 73 70
71 76 78 69
65 72 79 79
64 73 76 71
72 79 78 81
70 70 75 76
68 76 80 76
72 87 87 85
75 77 79 86
65 74 80 77
73 74 77 74
66 72 75 74
65 72 74 78
62 62 72 73
72 74 80 78
63 73 75 73
64 74 76 72
64 72 68 68
68 78 83 80
68 71 78 70
69 73 77 75
66 83 76 74
67 73 82 75
65 75 73 72
63 72 77 73
77 86 84 78
65 76 79 69
61 75 73 75
71 75 78 76
67 79 82 73
67 72 81 77
65 72 73 72
70 72 81 71
66 79 74 74
78 83 84 78
68 74 79 76
66 71 73 75
68 77 81 77
67 73 83 73
69 74 79 71
68 77 83 73
66 75 81 74
68 74 73 75
66 69 73 75
67 77 73 72
72 75 79 77
67 78 73 70
75 76 79 78
76 78 83 78
65 74 77 73
71 77 77 78
62 74 72 75
67 76 75 73
70 72 77 74
68 75 79 69
69 75 81 80
65 70 76 75
66 76 79 77
66 74 75 65
66 78 81 75
66 73 78 82
61 73 74 76
70 79 81 83
65 74 72 71
66 76 79 80
66 76 83 82
81 87 83 82
68 77 74 80
65 73 73 73
66 71 77 77
64 76 77 72
70 74 76 78
71 84 83 79
62 76 78 77
66 72 74 72
83 88 92 87
65 78 74 76
67 74 75 74
65 76 74 77
70 72 80 84
69 84 88 78
74 79 83 80
67 71 79 74
76 76 82 80
80 82 93 88
65 68 74 71
66 69 74 75
65 77 74 76
58 64 68 66
62 74 75 77
61 73 70 72
65 71 76 76
69 77 79 75
68 72 79 76
70 75 79 74
70 76 76 78
69 77 77 78
69 78 81 78
68 73 76 72
79 80 85 85
68 74 76 76
68 73 74 78
64 70 73 72
65 70 75 71
68 71 78 76
67 77 84 75
65 77 76 68
72 79 81 78
68 70 79 73
68 77 78 76
74 85 80 73
67 75 71 77
67 74 77 76
66 76 76 76
66 74 78 75
66 75 80 73
63 73 75 70
68 73 74 80
65 73 72 70
67 71 76 77
66 73 84 74
63 74 71 75
72 83 92 83
65 71 77 72
65 74 70 71
66 73 73 72
74 75 73 80
68 72 80 70
63 72 77 75
70 76 74 77
67 77 83 76
69 76 80 77
70 72 79 77
67 73 80 76
64 70 75 68
64 73 73 74
66 74 79 76
69 80 78 82
71 84 85 72
68 71 78 71
69 72 75 79
66 75 77 75
70 77 74 77
57 68 66 60
57 71 68 63
61 73 75 66
59 73 77 67
58 73 72 63
60 72 73 62
64 76 78 65
57 76 74 68
60 74 72 62
65 78 78 64
65 74 79 70
65 72 79 67
61 70 74 69
60 69 73 65
67 72 80 66
60 71 74 67
58 75 74 66
61 74 75 65
60 70 73 66
60 72 70 65
62 71 77 62
59 70 78 62
63 71 77 67
57 68 71 61
61 71 75 69
59 72 76 66
61 75 73 65
57 66 78 64
64 74 75 64
60 69 73 61
59 71 72 62
56 73 70 64
62 77 77 65
53 67 67 63
62 72 78 67
57 70 72 61
57 74 76 66
63 75 78 66
59 76 74 67
59 70 73 69
56 74 75 61
58 77 79 69
59 69 75 64
56 70 75 67
58 69 71 64
62 72 74 66
62 73 70 61
56 70 73 64
61 74 75 63
61 74 76 63
62 67 76 64
62 72 76 66
57 69 75 62
60 72 71 66
62 70 75 68
64 76 75 63
63 70 74 68
62 72 78 69
63 72 76 65
56 72 72 66
59 73 75 65
59 71 71 64
60 70 72 62
62 71 78 64
59 71 72 62
58 69 75 63
59 72 71 64
59 68 77 66
62 77 73 67
58 74 72 63
64 71 76 63
61 70 76 61
58 70 77 61
60 73 74 68
58 72 72 63
65 74 73 64
61 70 78 63
59 69 68 62
64 73 77 67
57 75 74 65
61 71 73 66
56 70 71 67
57 74 72 63
59 73 72 66
67 75 79 66
58 69 71 61
57 71 74 63
62 73 75 72
59 70 73 67
57 66 68 64
55 69 68 66
62 72 74 64
64 71 74 64
62 77 75 64
62 75 76 67
58 73 73 62
61 78 77 67
56 69 73 64
58 70 73 64
60 72 72 65
61 73 74 64
67 73 76 64
60 73 72 68
57 70 69 64
56 73 76 65
58 72 77 65
59 76 75 64
61 66 73 67
58 74 76 69
56 67 72 61
65 73 76 65
57 73 69 61
58 70 70 64
58 75 76 66
59 71 72 63
57 72 75 62
60 73 72 67
61 73 70 67
58 73 70 63
60 81 75 66
61 73 74 65
60 67 74 65
66 75 81 72
61 72 73 65
54 69 71 67
59 73 73 67
59 73 72 65
65 71 79 69
64 71 79 67
63 69 73 60
64 75 76 65
60 73 80 65
59 73 75 63
63 79 77 64
60 72 77 65
62 70 74 66
61 74 74 68
66 75 78 66
56 69 65 59
62 73 76 67
59 73 75 69
60 78 78 65
60 70 75 61
59 73 72 61
62 71 74 67
60 71 73 64
63 72 74 67
59 75 73 65
62 75 72 67
59 69 74 61
59 75 70 64
62 72 76 64
59 70 73 63
61 71 77 67
58 74 76 66
62 77 77 65
59 68 73 64
60 68 71 62
55 73 71 65
54 69 75 65
60 73 72 65
56 72 68 64
59 77 79 69
59 69 70 62
59 72 74 63
62 71 73 68
60 69 75 62
60 70 70 66
54 68 68 56
61 69 70 63
60 68 75 66
62 68 74 61
58 69 75 61
61 72 71 64
59 70 74 64
55 69 73 66
59 66 73 59
58 73 74 64
64 71 79 63
57 71 76 63
62 71 76 65
64 75 73 65
61 72 69 64
58 71 67 59
58 74 70 65
60 77 74 65
63 70 75 65
63 74 78 62
62 73 77 65
62 73 76 64
57 74 74 64
62 74 71 64
55 72 69 65
58 71 69 63
62 73 73 64
63 72 71 65
64 80 78 66
62 68 68 64
63 72 70 62
64 74 82 71
97 106 104 85
60 70 67 71
68 72 69 77
70 75 70 72
65 70 71 84
63 73 70 82
70 76 71 75
69 73 75 79
71 72 73 75
74 72 78 81
70 72 70 75
70 80 69 77
68 74 77 81
81 84 83 85
70 70 79 82
66 72 72 79
65 67 68 75
67 73 71 79
67 74 72 73
66 72 62 76
69 76 71 82
70 73 65 73
67 76 75 76
68 82 75 83
76 74 66 78
72 69 66 74
69 73 72 79
66 65 60 67
69 77 73 76
68 72 71 74
72 76 75 75
79 75 75 74
66 72 68 76
73 71 72 79
76 76 76 80
75 82 70 82
71 74 73 81
71 71 67 80
70 74 73 82
75 77 68 80
71 76 70 85
69 72 69 77
68 73 67 80
70 76 70 76
65 69 65 75
70 73 72 79
65 72 70 73
72 72 70 80
66 73 71 75
70 78 72 82
73 80 70 76
68 79 75 78
68 76 74 79
69 71 72 73
72 72 68 81
68 75 71 74
69 71 68 73
71 69 72 77
64 71 66 74
67 68 65 81
69 75 70 77
71 75 75 79
79 73 79 80
72 74 78 76
64 71 69 76
70 76 74 81
74 75 79 74
68 79 70 78
63 73 62 75
68 76 70 76
74 75 70 77
73 78 75 80
68 82 67 82
71 77 75 80
68 76 67 81
71 75 73 78
71 74 64 77
69 80 72 81
71 71 72 78
71 70 68 77
70 74 69 78
73 79 71 80
72 79 71 81
68 69 73 77
68 76 76 77
63 74 69 76
68 72 70 79
68 74 65 78
70 72 70 79
70 74 71 77
73 73 75 77
67 72 72 81
72 72 73 80
71 76 69 75
68 75 69 73
70 73 69 76
73 75 67 78
69 71 69 79
73 73 74 81
69 69 70 70
68 69 72 78
68 73 72 76
79 83 85 80
68 80 79 75
73 75 67 84
72 69 74 76
73 74 69 73
66 74 70 80
72 73 72 79
73 71 71 71
70 70 71 74
72 75 71 80
69 72 67 74
69 72 72 75
71 68 73 77
70 82 74 85
71 74 69 78
67 78 67 76
70 77 68 78
66 69 67 76
69 72 75 81
69 72 71 78
72 68 74 80
77 75 77 76
70 74 75 81
74 77 71 78
67 71 66 76
70 67 70 77
71 75 68 75
63 77 71 78
69 70 69 81
73 73 68 77
68 75 76 73
68 76 73 77
70 76 73 77
69 71 75 84
68 76 72 77
72 75 65 78
73 76 71 79
68 68 73 78
70 69 73 76
71 71 72 81
79 73 79 80
72 76 70 82
68 78 66 78
69 73 72 74
78 81 73 78
69 75 65 77
71 70 67 70
74 78 72 79
69 80 68 75
69 75 73 80
68 82 70 77
74 79 67 78
73 75 72 77
69 80 69 77
73 74 64 75
68 73 66 74
69 74 67 76
77 87 91 89
74 75 71 78
69 71 66 74
76 73 67 75
73 77 68 79
71 79 77 82
73 68 79 76
70 77 74 76
72 75 72 80
70 79 67 80
72 75 75 79
72 76 71 76
76 78 76 84
65 74 71 81
70 73 70 77
70 72 79 78
69 77 78 75
67 74 68 77
68 77 75 80
69 70 68 70
69 78 67 80
72 74 77 78
72 70 73 77
73 80 71 81
70 72 66 72
71 79 73 80
67 78 69 75
69 79 75 80
67 70 70 80
69 79 72 81
81 86 90 88
67 78 73 78
71 79 70 79
83 80 78 78
69 77 69 79
64 81 73 84
71 71 65 69
75 73 66 79
69 73 66 76
70 70 71 75
67 74 74 80
61 75 68 69
58 73 69 69
55 76 71 66
60 74 73 69
83 80 79 82
59 72 74 66
59 70 70 66
62 70 70 70
57 74 67 71
67 72 73 72
52 72 75 66
60 71 76 68
60 73 70 71
72 74 69 82
57 72 70 67
63 74 75 75
62 71 72 69
63 75 70 65
65 72 68 73
59 68 68 67
62 70 72 68
59 74 69 69
58 72 73 69
59 73 73 66
59 72 70 72
60 76 75 73
61 75 75 68
69 79 78 76
61 73 73 71
60 73 73 67
64 75 74 72
57 72 70 71
65 74 70 68
60 75 75 77
63 76 70 72
58 75 67 67
58 76 66 67
60 69 74 73
60 74 71 70
62 80 72 69
53 75 70 66
59 73 74 65
66 76 72 70
57 69 71 65
71 71 73 77
63 73 67 67
61 77 67 68
63 77 77 73
53 71 64 61
58 73 66 68
58 74 70 66
63 72 70 64
64 70 68 69
60 73 70 73
62 70 73 69
57 76 70 71
68 69 74 68
59 75 70 69
53 71 71 70
66 76 75 70
57 70 70 67
63 72 66 72
61 73 72 74
61 75 73 70
58 73 73 68
62 73 71 70
55 73 73 68
62 72 67 65
60 71 67 65
60 71 68 68
58 69 70 69
58 72 68 69
59 73 68 69
53 73 67 66
57 70 71 69
55 68 70 65
59 76 75 66
65 73 73 71
55 75 71 69
58 75 73 71
62 72 73 69
63 74 68 72
60 71 74 68
61 74 71 66
60 70 69 72
62 73 72 71
61 76 70 70
64 72 71 72
65 76 77 69
55 68 72 73
60 75 72 71
62 74 73 69
56 68 68 66
60 68 72 66
58 70 64 64
64 75 73 66
62 73 71 68
61 72 68 66
62 78 73 70
56 74 71 71
58 74 69 70
58 77 66 63
58 75 74 70
60 77 73 72
58 76 70 69
59 71 72 70
62 78 71 70
64 71 72 69
63 76 68 69
68 74 75 75
60 71 68 69
54 73 68 67
65 75 73 66
61 74 73 73
61 74 67 68
56 74 69 72
55 76 75 68
60 72 70 69
59 69 66 65
61 73 71 74
58 71 68 69
61 71 71 68
59 76 71 73
63 75 76 70
54 72 67 70
61 78 73 71
61 74 69 71
62 76 71 73
63 74 72 71
57 75 68 69
63 70 67 69
62 72 71 68
52 73 69 68
58 73 68 67
64 74 72 71
57 69 68 68
60 72 74 73
59 67 69 68
54 73 67 65
61 73 72 67
63 75 68 66
63 71 71 65
61 77 75 70
58 74 69 70
63 78 74 71
63 73 72 68
63 71 68 70
55 74 69 69
58 70 66 68
62 67 69 70
58 73 70 69
64 74 77 73
61 72 66 66
65 77 75 74
60 73 72 66
63 76 71 68
61 70 72 66
60 71 69 70
61 68 66 66
57 74 69 64
63 73 73 69
59 73 70 69
58 69 66 69
56 72 72 67
61 75 72 68
61 71 68 72
61 74 67 76
64 75 71 65
61 77 70 70
63 76 72 66
55 77 69 63
67 72 73 75
58 74 70 65
63 77 74 78
60 73 75 72
59 73 73 68
69 69 69 72
66 72 67 69
62 74 71 70
61 72 74 72
54 76 67 65
55 73 68 69
61 75 70 70
62 73 73 64
64 75 71 73
60 73 71 73
57 75 69 68
61 70 72 71
64 74 76 68
61 72 71 74
64 74 70 75
60 77 71 70
60 73 71 71
58 72 74 69
57 75 72 65
65 76 74 71
63 75 72 63
57 77 76 72
54 70 68 68
61 75 69 65
65 80 68 67
68 78 67 71
57 77 67 72
59 71 58 72
62 78 65 74
65 77 62 66
64 78 65 65
62 73 65 66
66 79 64 71
60 74 65 69
66 79 62 69
67 75 65 72
63 77 65 72
66 73 68 71
62 72 61 70
61 73 64 71
60 79 64 72
62 72 63 72
63 79 66 71
65 73 63 73
65 81 68 72
62 74 65 70
60 77 62 68
59 74 62 69
58 72 62 71
66 75 61 67
64 78 66 65
65 75 63 71
62 77 62 73
64 75 67 68
64 76 66 75
65 73 69 66
62 73 69 70
65 73 64 71
60 78 64 74
62 77 62 70
66 77 66 69
66 79 66 72
63 76 68 69
64 74 62 69
64 72 67 70
62 78 63 65
61 78 62 69
61 75 62 71
66 76 65 72
62 77 65 71
64 84 69 70
63 74 63 69
59 76 68 67
59 69 64 65
58 79 68 67
60 77 61 67
62 78 65 71
65 75 64 70
61 79 70 68
61 74 64 73
65 72 62 71
63 83 64 73
60 72 66 72
67 76 67 69
63 80 68 72
62 80 64 70
60 79 67 70
57 78 62 67
65 77 68 71
63 73 66 66
63 77 64 69
68 79 67 68
59 76 63 68
61 72 63 63
63 78 67 71
59 74 62 67
65 81 65 71
66 78 69 69
60 78 66 72
61 75 66 68
56 70 61 58
62 74 64 69
66 77 65 68
61 77 68 70
63 74 66 74
59 73 62 71
59 77 60 69
63 77 65 68
60 74 62 71
63 75 61 72
61 73 63 69
63 83 67 69
61 76 68 66
62 75 65 67
60 73 62 72
63 76 67 68
62 74 64 72
62 81 65 62
64 76 63 72
66 81 65 75
61 72 60 65
65 77 63 73
61 81 66 69
68 75 64 67
62 76 58 64
62 76 68 69
67 72 64 70
62 79 65 74
64 78 66 69
62 81 65 73
63 80 65 72
68 82 65 74
64 77 61 71
67 78 65 67
63 74 64 70
61 77 70 67
63 73 66 73
58 78 67 68
63 73 65 69
61 76 64 67
62 82 63 73
62 78 64 73
60 78 61 67
60 76 63 70
65 70 60 69
56 75 62 59
64 79 67 68
64 73 62 66
63 69 62 71
62 72 61 68
65 74 65 69
65 75 64 69
63 72 66 68
64 77 65 66
63 73 61 69
61 74 63 68
62 70 63 72
62 77 65 71
62 76 65 71
66 74 65 69
64 75 63 69
63 72 69 65
65 75 69 69
62 80 67 69
66 78 65 70
61 77 63 64
61 74 66 71
63 76 68 71
67 79 63 73
58 76 65 66
63 76 62 70
63 79 61 64
62 79 62 69
65 76 61 66
59 75 64 71
61 73 66 68
66 75 65 69
61 79 66 67
60 80 67 68
59 73 65 69
60 74 61 69
66 74 66 66
59 74 63 69
62 73 63 67
64 78 65 72
64 75 68 70
63 79 66 68
59 75 64 71
65 78 65 71
65 77 63 70
63 76 63 68
66 83 66 74
62 77 61 74
63 82 65 75
61 73 68 65
60 79 65 72
60 79 65 69
67 76 64 65
63 74 66 63
67 79 62 71
64 81 64 70
66 78 66 70
63 77 61 70
61 74 66 69
66 74 67 67
64 74 61 68
60 79 69 74
62 77 66 69
64 74 66 68
64 79 66 73
60 75 66 68
66 81 67 73
67 78 62 70
62 74 64 68
66 72 65 65
60 78 68 72
60 76 63 70
64 76 68 68
67 79 63 71
65 80 68 75
64 75 63 76
61 78 61 71
62 74 67 67
64 78 66 72
