100 85 93 87
107 88 90 83
87 88 94 88
98 87 91 102
96 92 93 84
103 91 101 84
98 82 90 85
84 83 86 88
104 86 90 90
100 94 90 85
91 95 89 86
91 93 89 94
98 83 90 91
97 85 89 95
100 94 87 87
94 94 101 91
92 82 87 87
84 82 86 88
100 82 88 84
103 88 93 93
94 95 97 106
109 90 90 83
92 85 92 89
98 105 93 96
94 90 104 93
101 88 88 95
96 86 99 83
105 85 103 94
93 93 95 93
84 86 91 94
96 90 91 97
94 84 88 86
104 93 91 87
94 86 81 86
102 100 92 91
89 95 90 80
95 91 100 89
97 98 95 85
97 110 92 100
93 92 97 86
100 86 92 92
103 84 96 87
88 91 98 84
93 80 87 93
92 90 97 90
100 89 93 88
106 92 108 80
100 82 88 89
93 95 95 90
100 91 106 98
98 102 102 89
94 89 91 85
102 85 98 89
93 87 91 92
97 79 90 96
97 81 91 83
100 94 93 95
110 90 94 92
96 85 102 81
94 86 93 87
98 82 95 91
87 85 91 91
98 80 88 82
101 92 91 83
102 98 89 106
99 85 97 95
104 86 83 94
104 88 96 86
95 89 94 101
96 88 94 86
94 87 89 94
101 86 88 94
101 79 94 89
99 88 95 83
105 84 95 98
101 98 84 93
94 90 92 96
103 89 97 94
96 89 93 90
104 97 91 95
95 90 95 85
102 85 88 89
104 89 97 80
106 89 93 81
104 90 86 90
91 97 89 98
98 86 90 94
96 86 80 87
93 86 102 96
101 84 80 89
93 87 81 87
108 83 87 82
93 80 85 96
86 83 103 85
94 83 99 89
97 88 90 92
108 85 93 97
107 89 91 83
105 90 99 85
84 84 95 91
100 79 98 81
99 83 93 82
101 85 102 96
102 91 97 81
93 86 84 83
96 81 90 88
100 91 89 91
110 79 90 86
92 87 98 80
99 83 97 91
93 94 92 84
89 89 84 82
108 90 91 88
111 86 97 90
93 89 89 98
97 86 91 84
107 94 92 85
95 95 95 93
91 89 95 81
107 84 90 88
92 87 88 85
104 91 92 87
98 95 81 89
95 90 105 100
93 95 92 85
108 91 98 84
89 83 85 100
93 83 85 89
94 77 91 92
106 91 86 91
93 83 99 89
97 98 93 95
106 96 91 93
91 93 98 95
104 89 102 91
86 84 94 94
96 91 85 87
97 84 100 87
97 95 91 88
104 103 81 94
94 91 91 93
107 87 89 88
97 82 99 83
92 86 88 90
95 90 80 80
103 92 80 95
102 95 100 96
102 85 98 92
103 87 84 84
111 87 90 90
89 98 86 95
104 96 85 99
102 84 106 85
96 83 97 85
88 88 82 87
99 91 103 94
99 84 92 81
103 87 99 87
93 85 85 84
102 83 84 96
96 91 97 90
105 91 88 95
93 91 92 92
95 94 86 76
94 85 94 91
95 94 87 89
99 91 99 95
102 89 89 82
107 88 95 87
90 96 94 90
99 88 103 78
102 95 91 87
96 103 97 104
105 80 95 80
93 90 77 86
100 94 89 94
98 91 98 93
95 84 84 97
104 77 96 89
106 89 94 88
102 102 98 88
87 86 90 81
103 91 89 86
111 90 91 95
96 84 84 99
105 95 89 86
105 92 88 89
103 86 85 91
93 90 99 92
99 92 95 94
92 92 86 85
95 89 97 91
100 90 85 91
94 87 92 91
95 82 80 86
95 86 98 98
89 88 97 82
99 91 91 85
96 85 96 98
101 96 96 97
106 92 90 98
101 85 77 91
98 90 101 95
99 89 91 86
108 93 87 87
101 95 95 89
99 80 95 81
93 78 90 86
95 75 89 93
95 94 94 90
101 81 91 102
101 84 91 92
105 90 96 94
101 85 92 89
99 81 99 90
94 93 89 89
96 83 87 91
93 89 102 83
91 80 88 98
102 86 94 81
97 82 95 81
90 79 84 79
105 104 89 98
81 95 101 80
91 101 94 88
101 87 87 92
97 93 87 91
89 79 89 90
100 88 97 99
92 104 89 86
97 89 98 97
98 99 88 92
96 86 91 93
100 95 89 88
112 89 92 92
94 88 87 84
86 82 83 76
100 85 100 93
87 90 92 86
96 89 105 99
95 85 89 83
96 87 92 77
91 94 90 88
96 87 84 92
78 79 77 80
88 83 89 103
101 90 96 83
94 89 91 94
95 86 98 85
96 83 89 81
106 88 94 84
104 95 90 97
98 87 93 89
101 87 92 85
98 89 94 81
94 84 106 87
105 85 95 87
97 97 79 91
100 88 90 85
96 99 91 80
92 80 87 89
102 86 88 89
101 73 94 85
100 89 88 97
104 88 89 87
93 82 90 92
97 102 103 84
91 87 103 102
98 101 96 92
100 99 93 89
103 93 90 85
97 87 99 98
103 80 92 91
99 90 88 97
102 86 92 105
89 95 88 89
104 88 101 79
91 90 100 87
95 82 88 95
93 83 83 88
92 87 86 83
103 85 101 84
101 81 95 97
99 87 83 94
98 90 86 83
83 88 98 90
97 90 96 79
92 83 99 89
98 89 85 88
100 82 87 91
95 90 86 85
100 89 95 92
105 91 82 80
90 91 96 81
95 87 93 96
92 88 97 93
96 93 82 85
93 90 101 92
93 86 90 94
92 86 100 90
101 86 100 84
96 92 89 89
104 86 86 90
93 94 86 93
94 86 87 97
111 90 90 92
103 83 100 93
99 87 93 86
98 94 82 92
93 80 86 83
85 84 90 91
89 87 89 89
108 97 98 87
102 80 81 86
103 85 97 95
90 79 95 90
96 93 86 87
104 84 84 93
109 87 98 84
104 89 84 91
100 87 93 91
104 89 98 90
103 83 99 89
96 92 94 92
98 98 102 93
97 85 91 95
91 92 82 96
100 89 93 92
95 88 98 92
98 91 97 94
84 93 80 82
92 90 84 86
100 85 90 98
85 95 91 93
99 87 102 84
108 95 94 96
103 94 100 93
93 90 94 88
106 89 96 90
102 87 80 101
97 90 98 81
98 90 104 100
102 93 95 102
93 91 91 92
107 90 94 90
92 98 91 99
92 87 96 93
92 95 98 86
97 84 93 93
90 91 101 84
106 85 93 86
100 87 96 94
99 95 86 95
93 86 96 88
94 96 98 82
94 77 78 83
99 89 87 82
96 83 84 93
99 79 92 90
104 90 94 89
99 94 91 85
101 82 93 88
90 91 89 81
90 104 98 100
98 91 92 88
98 85 95 89
101 83 89 90
106 84 90 92
94 92 96 82
106 86 109 83
91 97 90 97
106 83 79 96
97 90 89 79
92 90 92 87
94 83 99 89
105 86 75 86
94 88 85 90
100 91 90 90
107 86 91 95
98 86 92 93
97 91 96 90
94 91 103 79
100 81 97 83
99 81 91 83
101 93 88 90
88 81 83 83
102 82 91 85
103 90 96 95
99 97 93 90
95 90 93 93
101 81 95 96
94 83 90 84
106 86 91 96
93 87 96 91
96 86 82 91
92 86 89 90
99 89 88 90
96 91 88 87
95 83 86 85
107 87 98 97
100 80 95 82
103 89 91 96
97 87 85 89
97 92 87 94
89 88 97 94
94 96 88 98
93 92 90 92
88 90 81 90
92 77 93 93
92 81 96 89
97 88 96 93
94 84 102 92
91 91 97 94
102 90 86 104
97 95 96 92
91 91 104 93
87 91 98 88
92 83 96 86
95 92 95 87
100 92 93 93
85 90 95 85
92 84 95 94
103 77 102 82
110 91 92 78
102 92 94 86
98 78 103 90
93 86 93 80
98 89 87 74
89 78 83 83
101 92 91 89
100 82 83 88
97 90 89 88
100 87 94 85
99 85 92 83
101 91 102 85
89 79 92 88
98 87 87 97
101 92 92 96
83 95 88 86
97 89 94 86
94 98 93 90
97 83 85 89
94 98 91 84
93 80 89 84
93 89 98 99
96 82 84 93
92 102 100 88
96 92 102 96
95 85 100 84
97 87 95 92
98 88 97 94
99 87 99 76
103 87 96 85
92 83 87 97
95 87 98 93
110 86 97 86
107 97 101 80
95 84 92 89
102 91 86 100
104 91 92 92
102 87 91 88
100 86 86 91
95 90 86 93
90 88 88 88
98 87 92 93
94 90 91 100
99 86 89 79
104 87 93 88
96 94 99 96
98 81 91 87
105 90 97 84
97 94 91 90
100 91 95 86
93 90 85 89
91 80 92 86
92 83 106 90
95 81 97 93
98 86 86 102
101 88 100 82
94 88 81 87
96 88 93 100
103 90 86 82
96 96 91 85
96 87 83 93
101 89 85 92
90 83 97 92
96 88 102 90
103 88 96 90
95 88 84 80
93 92 92 89
99 81 92 91
93 95 91 88
107 86 93 89
93 78 98 87
104 86 98 89
94 86 86 103
88 88 90 92
95 90 101 95
90 86 90 96
94 96 90 89
98 88 94 91
101 92 81 93
95 89 94 94
103 91 100 87
102 92 90 93
96 81 87 95
95 96 96 84
103 86 91 95
100 87 103 91
93 96 89 95
102 96 89 96
92 85 90 92
96 86 101 93
102 89 99 93
99 97 96 93
102 86 83 90
101 90 91 94
96 93 88 91
93 86 88 93
101 90 83 83
94 99 98 91
97 88 94 86
99 84 94 98
94 81 94 92
97 87 88 89
100 100 102 89
97 77 100 92
85 80 102 89
106 92 95 97
101 91 96 85
100 91 92 93
95 79 88 85
102 87 82 92
95 96 101 88
109 95 92 99
97 89 88 99
93 94 96 86
97 87 94 82
94 85 87 87
98 95 93 90
95 91 87 86
103 84 88 89
99 89 92 87
88 99 89 86
102 79 95 95
92 90 92 105
98 93 100 86
103 84 91 90
95 88 89 91
93 90 99 90
98 83 91 100
99 82 98 89
94 91 92 86
99 84 90 85
103 88 93 99
92 91 94 83
94 84 95 86
105 90 96 88
100 83 98 88
98 105 96 102
98 88 88 84
96 91 92 102
104 95 87 90
87 80 89 98
106 88 84 90
97 93 75 87
93 91 94 92
98 83 88 89
97 88 86 94
100 92 93 94
100 89 88 79
99 94 88 89
106 94 90 87
95 82 92 97
104 80 98 93
101 83 94 97
94 88 97 97
93 88 86 96
97 102 88 100
111 89 97 87
94 88 87 84
108 94 89 87
89 88 86 91
101 90 92 90
96 89 92 92
87 85 87 96
101 95 101 83
104 98 96 96
98 83 95 90
98 96 101 93
92 84 98 91
98 90 91 97
90 80 84 85
98 82 97 85
97 83 100 85
106 89 89 95
92 77 95 84
100 85 93 90
90 91 96 85
92 98 95 90
97 82 93 91
100 84 100 87
89 84 88 80
87 96 94 87
102 79 89 88
100 96 86 94
94 88 87 96
99 85 92 86
101 97 91 88
100 87 89 92
88 88 99 95
100 80 85 92
98 90 99 90
98 94 94 96
95 94 94 96
91 89 92 93
94 72 90 85
98 89 88 86
98 93 89 89
96 85 97 81
91 85 91 90
105 97 85 95
94 89 92 96
99 92 94 98
101 92 91 89
91 85 94 92
98 89 93 99
91 82 93 97
97 91 78 84
114 96 98 97
95 95 90 94
93 92 89 98
95 81 84 92
101 95 83 95
104 89 92 87
85 93 101 82
101 91 98 83
90 84 84 91
94 96 89 93
101 86 86 87
99 83 100 87
100 85 97 89
99 89 93 86
100 87 103 92
97 91 76 89
101 85 92 90
100 89 97 85
93 88 90 91
107 90 83 94
103 88 94 90
100 84 91 91
110 94 81 104
98 89 98 89
96 79 96 87
97 90 89 86
94 86 95 82
101 84 101 86
93 94 93 91
95 99 94 87
95 92 99 82
101 89 88 80
95 80 86 88
94 90 100 85
91 93 88 77
94 87 96 83
106 94 95 96
103 83 90 89
95 83 86 85
94 94 90 88
84 84 88 87
102 94 86 86
90 76 106 85
104 91 82 92
99 88 90 80
104 93 85 89
99 94 89 97
99 95 89 92
89 86 103 94
94 92 96 91
92 88 97 92
94 87 90 88
93 80 88 92
101 88 95 77
83 81 96 100
91 89 89 92
99 86 94 82
93 92 89 84
104 96 87 86
101 90 99 88
105 92 83 80
98 81 78 93
100 81 96 100
101 89 88 91
96 100 98 94
91 97 91 87
98 89 98 83
95 90 92 78
93 82 94 89
101 82 97 87
101 91 84 86
99 89 88 83
95 89 87 81
99 88 80 90
100 83 91 76
105 83 95 91
99 93 87 91
105 89 101 93
100 82 93 96
94 93 86 92
96 88 94 94
97 83 100 97
102 81 95 90
93 97 92 96
98 78 92 83
100 86 90 97
101 79 103 95
91 93 96 91
91 100 90 96
104 79 86 81
100 83 98 91
95 92 81 77
101 101 86 94
89 88 97 91
91 91 89 85
97 78 100 82
94 83 95 92
91 89 95 88
91 93 89 87
95 87 91 76
96 98 95 86
93 95 97 81
94 90 91 83
95 91 92 80
97 83 86 78
98 81 93 88
102 83 84 96
96 91 84 90
104 90 100 93
99 89 87 87
109 88 95 97
90 81 90 92
98 87 89 101
89 82 101 96
104 90 99 95
86 83 88 86
100 87 93 92
96 92 92 92
100 93 101 86
103 92 95 99
98 88 85 90
98 85 97 85
90 92 92 90
99 84 95 86
95 89 90 84
90 91 86 87
99 90 93 103
96 98 91 94
97 91 98 88
92 89 91 88
94 103 99 96
97 91 101 92
105 89 99 92
101 96 94 94
97 85 100 90
97 85 100 99
97 80 98 81
96 79 93 92
101 84 95 96
96 95 91 98
100 84 92 85
93 90 92 94
94 88 87 86
94 87 87 86
93 86 91 90
99 78 89 85
104 97 96 96
96 86 101 93
93 88 98 98
89 94 94 92
103 81 88 87
97 89 96 88
109 89 94 84
91 91 104 92
103 88 92 88
94 83 90 94
99 87 73 79
96 88 82 85
94 94 92 93
97 87 85 88
100 77 86 91
104 96 94 88
89 92 85 83
83 90 88 87
94 110 85 98
96 94 92 95
96 96 93 92
101 94 87 93
96 78 107 84
95 89 93 96
101 87 85 81
96 96 105 89
99 93 96 98
95 91 86 100
99 88 92 89
92 88 90 94
95 82 90 86
94 83 92 84
104 84 86 88
95 89 92 84
88 95 92 87
107 81 101 84
100 94 90 101
91 90 94 86
102 92 99 85
102 90 98 87
99 93 93 89
94 91 79 88
96 87 84 90
99 93 84 83
97 87 91 94
90 82 89 92
109 81 90 94
97 79 94 92
92 85 89 84
102 85 95 88
101 87 85 89
90 89 84 84
87 89 87 88
95 87 98 93
101 96 99 87
86 90 91 93
97 83 76 89
89 89 93 81
93 87 86 85
94 94 90 91
101 89 89 88
91 93 93 82
95 88 91 88
103 89 89 90
91 92 93 92
91 87 96 95
93 89 91 91
104 82 91 99
106 83 92 82
96 93 86 87
102 89 90 86
102 85 89 90
94 95 83 87
104 84 102 82
85 83 91 88
101 87 92 93
93 87 93 77
100 96 87 106
90 87 95 89
99 94 92 85
100 91 104 90
100 91 100 89
100 87 92 88
104 89 82 91
102 97 95 108
100 83 99 92
100 94 92 85
92 83 90 85
92 98 96 89
97 99 85 83
102 95 91 96
103 90 89 88
96 98 96 92
98 85 98 94
94 78 94 95
98 86 93 91
103 88 91 96
92 86 75 86
86 84 86 83
102 91 105 90
93 87 94 87
87 84 89 91
84 93 88 94
95 94 87 94
98 89 99 88
106 94 105 82
99 101 83 84
103 93 99 90
99 82 93 88
93 91 105 90
86 85 87 88
86 81 95 83
101 93 87 91
104 78 97 94
97 82 93 88
100 92 83 90
101 91 87 85
106 85 102 99
99 86 86 92
90 87 99 92
89 87 83 83
97 78 85 89
94 95 87 88
100 89 90 89
108 96 99 89
95 84 97 84
94 81 91 87
99 88 83 95
102 98 89 94
99 92 95 74
101 82 96 88
98 84 108 90
98 97 87 96
97 91 82 95
101 93 95 83
104 89 84 99
97 83 90 88
104 94 97 91
93 97 96 90
93 87 99 83
97 91 98 95
91 97 90 91
95 82 91 98
106 85 97 99
95 93 87 90
100 81 93 78
98 82 91 86
96 87 94 83
91 95 97 83
99 87 91 89
92 84 95 81
96 86 91 84
103 84 92 85
109 89 97 87
97 81 97 79
100 96 88 91
96 96 84 97
93 93 96 94
94 84 89 86
100 93 92 81
94 83 90 92
96 82 93 81
105 91 86 92
97 91 97 94
105 81 83 88
98 85 97 87
99 79 89 87
101 86 89 88
104 80 101 93
97 87 103 90
101 101 95 95
104 88 87 92
94 84 90 80
96 83 103 82
95 90 94 80
99 92 88 93
103 91 103 88
103 86 95 73
91 77 96 98
103 92 101 89
92 89 95 88
101 85 91 95
107 90 92 93
99 97 104 91
96 90 91 80
91 80 86 86
105 83 100 89
94 90 97 83
85 83 92 89
87 85 91 93
99 82 83 87
87 89 98 104
102 87 82 90
94 86 81 90
90 91 90 92
99 86 87 79
95 80 98 99
96 83 89 84
99 93 92 88
101 85 87 91
103 89 93 95
90 78 85 82
102 93 92 91
91 89 84 89
97 89 83 78
103 92 86 96
96 85 89 87
94 88 84 98
98 87 92 85
91 98 97 93
99 93 94 97
97 80 93 95
107 92 100 94
96 79 92 83
93 87 93 86
108 80 104 76
94 82 93 87
93 93 95 89
83 81 98 92
100 87 95 95
96 91 91 90
94 88 97 93
101 97 100 88
103 83 90 79
102 83 102 87
93 80 88 86
86 86 89 93
96 92 86 92
91 97 92 97
102 83 91 95
110 93 91 85
95 90 87 100
105 92 88 88
109 84 86 94
99 81 86 87
109 80 101 89
105 93 91 85
89 94 83 92
91 90 98 89
89 85 86 81
94 89 93 94
104 74 88 98
92 85 79 96
92 91 92 88
93 91 90 94
107 100 92 98
98 92 87 102
103 88 90 95
94 88 93 95
87 83 88 82
98 90 82 88
101 96 101 92
94 87 99 95
101 84 84 83
105 92 95 85
103 91 95 88
104 90 94 92
102 80 95 88
91 88 93 96
95 85 92 95
108 91 98 93
93 83 92 92
98 88 84 86
114 87 96 83
99 89 86 95
88 86 99 95
98 91 94 96
90 86 98 91
100 96 93 89
100 89 92 89
89 88 98 88
90 87 88 86
96 88 88 93
102 86 93 95
105 97 89 90
113 99 95 97
96 83 94 89
92 79 96 85
89 96 99 93
98 92 101 89
95 80 90 86
97 88 99 93
94 87 86 93
97 84 95 91
104 81 92 91
102 86 89 91
97 99 93 99
100 87 87 87
96 95 92 89
96 82 95 93
93 83 80 87
103 92 97 88
92 88 86 77
99 88 90 79
98 89 91 87
93 90 95 85
94 84 84 92
99 91 93 95
95 86 95 84
93 91 84 93
98 90 95 90
96 89 92 99
89 80 85 94
91 84 83 79
100 99 94 94
102 87 94 104
107 88 94 89
96 84 99 92
105 89 94 86
99 87 93 95
95 80 89 84
100 88 84 96
97 86 92 84
94 90 93 84
99 90 91 77
94 91 90 78
98 102 88 78
99 85 92 88
96 92 88 86
96 92 87 93
99 90 89 89
97 83 91 87
101 92 99 98
91 87 97 86
104 87 83 78
96 87 86 88
87 86 93 94
100 90 86 91
96 89 85 88
94 89 84 94
98 84 101 95
96 100 86 98
102 94 89 88
97 91 91 89
93 91 102 87
110 91 96 74
94 96 98 87
99 96 95 86
97 89 90 91
89 92 96 88
90 91 100 93
93 86 102 93
106 88 90 82
95 96 92 93
93 91 92 91
103 87 92 94
94 90 86 89
110 104 98 100
97 89 94 95
102 91 97 92
98 90 85 97
95 85 102 74
99 94 80 89
91 83 84 87
97 98 99 88
99 86 92 89
93 93 95 92
103 81 92 82
87 87 98 95
93 90 92 81
100 84 95 83
98 93 94 96
100 93 85 86
104 86 83 90
93 86 94 92
92 78 94 84
99 84 98 79
93 82 72 86
95 90 93 98
98 92 94 99
97 93 89 91
104 82 86 96
101 84 89 81
92 86 88 91
93 93 84 90
93 97 91 97
90 90 81 88
95 89 99 97
84 80 87 89
97 89 83 93
100 77 86 87
101 83 85 92
89 82 96 85
103 90 100 90
95 76 89 84
99 92 80 98
99 90 85 81
100 82 90 95
95 90 98 83
95 82 100 89
96 86 94 88
94 84 86 92
94 80 80 83
107 77 93 87
99 89 89 93
99 79 89 84
97 86 95 93
99 87 104 87
93 85 91 83
88 73 96 85
95 89 99 90
90 93 94 86
97 87 91 92
107 83 88 94
103 85 90 80
97 94 103 85
91 88 105 84
94 87 89 85
90 88 100 94
94 97 83 96
100 88 86 92
98 90 93 86
102 92 92 82
92 92 91 85
93 93 94 89
97 86 87 78
93 80 91 92
101 94 101 86
95 89 93 91
95 93 81 94
102 88 87 91
90 94 82 80
103 89 94 88
96 87 91 89
100 84 96 92
99 84 87 86
97 94 98 83
100 79 79 88
100 80 85 86
102 88 91 99
99 89 89 74
105 85 98 84
110 80 88 97
104 85 92 90
98 94 101 88
104 106 93 85
89 95 76 92
97 93 90 91
105 83 93 88
89 90 91 91
99 86 93 92
89 84 88 91
103 87 84 78
88 85 100 94
89 82 86 93
92 85 94 94
88 84 90 84
100 97 86 89
97 83 93 83
100 93 93 103
94 79 92 89
109 82 94 83
92 88 80 78
95 82 94 88
100 84 96 94
100 88 96 87
105 81 78 88
95 86 82 85
93 84 92 96
97 89 82 90
96 87 94 95
96 85 95 89
102 84 98 87
103 87 95 91
94 89 93 92
91 79 89 94
101 85 82 93
101 84 88 96
104 99 100 95
97 81 92 91
94 95 84 95
91 88 94 89
94 84 103 94
89 86 97 88
102 91 97 83
93 84 99 98
102 93 95 95
96 87 92 90
104 86 81 85
94 94 91 75
89 89 86 92
111 79 85 97
100 91 85 94
94 86 82 94
93 93 103 83
100 88 98 96
92 89 93 93
94 93 94 92
103 100 96 86
92 82 104 88
89 91 100 94
102 100 96 85
93 84 90 92
100 89 94 88
84 96 97 87
98 90 91 86
93 90 94 95
94 82 94 86
96 86 98 97
105 90 86 99
96 91 88 88
97 85 96 84
91 95 94 90
87 91 90 93
93 95 91 90
96 82 93 85
101 89 87 82
100 95 98 87
95 82 74 94
103 83 91 95
94 84 95 80
100 87 84 92
102 84 89 92
93 91 93 83
96 93 92 85
96 91 101 93
103 84 85 83
106 93 98 87
96 95 94 100
99 90 86 97
96 85 89 96
102 87 91 79
85 85 86 79
106 87 88 92
96 95 87 87
93 74 77 83
103 85 88 92
90 82 98 91
103 96 80 88
104 90 94 92
102 97 90 82
93 91 87 81
98 85 84 91
99 82 87 91
92 89 83 92
107 83 88 86
86 89 93 94
99 95 95 94
100 92 87 83
96 93 91 80
92 90 77 78
101 92 86 80
100 83 92 89
90 92 92 80
93 89 95 80
92 88 92 97
95 89 92 87
100 94 93 92
96 89 96 96
95 82 99 92
91 86 90 77
100 87 88 94
86 94 93 91
93 85 98 93
94 92 94 92
95 79 87 96
90 88 91 90
96 88 97 94
88 88 93 80
93 86 91 89
86 91 87 88
102 91 98 87
98 86 102 94
92 102 91 86
100 95 87 89
99 81 86 94
91 84 88 96
109 90 89 91
90 91 92 92
99 89 92 87
100 99 90 95
97 82 87 91
95 95 95 94
101 91 88 87
89 86 88 82
93 78 96 91
88 84 96 87
98 86 94 99
96 95 96 85
98 98 88 92
99 80 91 75
94 83 92 89
92 84 95 89
97 98 97 94
90 91 86 84
96 85 86 87
95 88 96 91
109 94 84 85
93 82 90 89
97 87 95 87
92 78 92 86
106 100 95 91
101 98 94 90
99 87 92 93
97 90 92 96
104 86 89 92
95 84 91 88
106 95 92 94
95 90 92 90
102 88 92 88
93 94 86 88
94 97 69 88
102 82 92 85
94 85 88 91
104 90 91 92
97 86 95 96
97 92 85 86
104 88 84 91
93 93 93 75
103 80 91 93
98 89 101 89
96 96 92 91
94 83 92 87
105 86 99 93
100 88 100 84
98 86 92 100
100 94 88 86
100 84 94 91
96 88 85 80
97 88 92 95
100 84 82 86
92 93 90 93
96 85 88 89
101 94 104 91
94 81 88 84
103 96 89 92
103 86 96 94
100 87 87 91
100 91 105 80
98 85 102 88
102 92 84 88
101 84 94 83
91 91 91 90
99 91 91 83
94 82 94 84
92 92 99 85
93 91 85 81
102 91 101 79
100 82 100 85
99 87 86 89
96 83 86 84
105 82 89 80
97 94 94 96
95 82 101 84
99 97 97 100
103 90 91 96
97 91 88 93
91 80 88 85
96 91 91 86
93 84 86 88
105 88 88 86
97 88 91 95
93 94 89 78
104 87 91 86
104 91 99 96
100 81 84 84
102 98 80 84
103 83 99 94
97 88 87 83
98 88 94 87
102 78 95 90
95 91 102 91
101 86 81 94
98 95 90 85
103 85 72 83
102 90 101 97
107 79 95 103
110 87 90 93
98 87 94 84
98 94 90 88
97 89 94 84
100 80 82 82
84 91 87 93
96 93 88 86
91 84 90 85
100 73 90 87
91 88 85 88
99 86 89 86
94 80 90 80
101 93 86 82
84 86 97 81
96 86 95 73
90 91 97 84
104 91 88 95
88 88 89 91
98 87 89 95
95 88 96 97
99 98 88 97
97 89 97 95
89 86 92 90
109 88 94 86
96 84 86 82
97 85 97 89
103 84 96 88
94 86 92 88
102 93 93 94
104 92 88 86
92 96 103 95
99 91 94 87
96 77 87 87
96 86 94 75
95 93 97 95
93 91 93 88
96 87 92 91
106 80 86 79
99 84 91 91
97 82 86 85
102 96 92 89
98 86 89 82
94 84 90 88
95 86 96 89
95 86 92 87
99 87 92 96
97 87 89 93
99 73 98 80
94 93 86 93
93 84 89 85
98 93 99 86
100 85 81 95
107 86 92 87
98 87 103 89
97 90 101 89
93 79 90 91
100 86 99 96
91 92 97 95
91 87 84 94
91 84 88 100
97 93 89 96
89 82 94 79
101 87 92 82
100 88 89 93
97 92 84 94
100 90 88 88
91 93 98 91
87 83 92 87
101 88 109 89
101 89 89 95
90 93 89 98
90 75 88 85
88 91 89 96
98 89 100 94
97 85 101 87
113 90 89 82
99 100 86 86
91 93 89 87
107 85 93 92
94 84 87 83
104 84 101 98
95 91 93 88
100 85 95 80
99 88 98 88
98 98 98 96
106 93 86 86
101 99 89 100
96 89 97 88
85 94 94 80
93 93 105 91
100 87 96 100
101 86 84 94
92 96 82 85
91 85 93 92
99 84 88 82
110 82 96 95
94 76 93 84
95 88 91 81
91 94 88 95
92 96 94 87
104 91 92 90
91 87 87 94
93 101 92 91
97 84 86 88
96 93 101 94
94 101 89 95
100 95 97 104
92 85 93 91
97 78 85 93
97 87 87 97
94 88 89 89
94 92 99 90
94 84 99 89
105 88 94 91
93 77 96 87
94 96 96 89
95 83 89 85
100 93 91 86
95 86 87 97
100 90 84 87
94 93 96 94
93 93 88 101
102 84 98 90
105 97 88 100
109 84 82 93
93 90 91 98
105 90 98 85
96 87 96 85
102 90 94 93
99 98 99 90
96 83 94 85
98 92 99 95
93 89 93 87
105 90 86 92
93 91 90 89
90 90 91 93
96 93 87 90
105 84 99 99
101 82 93 86
107 93 85 97
102 90 102 83
95 89 95 99
96 92 91 89
103 86 96 84
99 88 92 81
102 87 90 79
96 96 87 83
92 86 96 89
99 89 98 95
103 94 96 89
89 89 99 101
96 72 89 95
87 101 95 104
94 89 85 78
95 82 87 91
97 91 85 77
106 84 87 98
94 81 99 84
100 93 100 83
105 92 95 91
94 90 92 90
100 93 80 87
98 86 91 90
99 81 85 88
94 95 94 91
96 87 91 98
106 88 80 95
98 85 89 82
94 88 87 86
92 85 81 94
95 80 93 93
90 83 81 87
92 89 89 98
96 87 97 89
106 97 86 92
97 89 91 79
99 96 95 87
93 80 96 93
103 90 88 90
97 91 92 86
93 94 94 91
97 88 93 88
101 83 96 104
95 93 98 94
98 84 99 78
96 82 97 78
87 92 80 89
96 93 90 84
88 92 85 84
94 83 97 81
99 83 95 89
105 89 86 90
100 83 84 84
85 92 88 74
97 86 96 94
98 87 97 92
102 82 98 83
101 93 86 96
100 82 96 79
94 84 98 86
105 92 88 102
96 84 102 92
102 94 95 93
104 94 77 82
87 83 92 85
93 76 91 79
105 84 90 88
97 91 87 88
99 86 99 89
105 84 96 87
96 88 94 89
95 89 96 86
107 83 90 86
91 73 80 87
102 96 91 87
94 89 92 91
95 93 93 89
101 90 94 91
94 86 92 94
101 90 90 84
87 94 87 91
104 83 91 85
98 87 81 90
93 82 89 82
97 90 100 85
92 90 86 87
88 84 88 96
94 92 92 87
101 97 98 88
82 80 85 89
101 86 102 87
99 94 96 88
94 94 91 94
99 95 98 93
98 98 87 92
100 83 83 92
94 86 92 85
90 91 101 98
94 81 99 82
100 102 95 98
98 91 85 92
98 93 99 95
99 91 96 91
90 94 91 95
99 87 89 91
103 98 99 93
96 80 86 78
94 99 95 88
104 83 87 89
89 88 93 83
100 88 91 90
92 90 90 89
96 89 86 87
98 87 99 88
100 82 96 91
88 90 90 89
103 92 84 85
96 90 95 95
100 87 94 88
100 89 95 84
106 85 90 83
91 90 80 93
98 96 85 87
103 78 99 81
93 95 99 81
94 97 92 91
103 90 90 90
101 78 87 89
93 91 93 83
98 99 96 86
102 88 91 86
108 81 88 93
100 91 85 90
95 98 97 92
97 86 79 98
93 87 84 87
97 79 88 92
98 80 88 98
90 86 87 88
97 88 85 91
97 89 94 84
99 80 103 87
96 94 85 94
107 95 95 92
98 91 82 93
91 90 96 90
93 88 91 85
91 88 89 92
91 91 84 79
101 91 97 93
98 79 88 89
90 84 101 98
101 92 91 98
95 84 93 96
98 97 89 90
110 77 86 79
101 88 83 90
93 76 103 90
101 81 95 84
103 94 97 91
91 90 98 86
97 96 90 87
100 79 92 89
97 80 84 93
92 99 95 87
91 80 90 102
90 82 97 85
93 86 91 104
100 92 89 88
97 86 94 93
98 86 88 84
92 89 85 92
102 84 89 83
94 96 84 89
101 97 90 85
93 86 90 92
97 90 79 86
99 85 95 95
98 88 101 95
102 103 89 86
99 90 89 91
104 82 94 92
99 84 95 86
101 87 93 85
96 85 94 97
96 84 81 87
98 95 93 90
96 86 96 88
97 92 97 80
97 78 88 85
90 90 98 83
98 84 93 87
108 89 95 94
93 81 84 88
92 82 90 78
95 92 89 96
87 92 92 90
95 84 94 83
91 91 84 102
94 85 81 95
97 80 99 94
95 84 93 80
98 86 84 91
93 85 98 82
97 84 102 87
95 84 91 88
97 91 98 92
100 92 98 98
91 83 93 91
99 86 94 90
112 95 83 89
105 85 98 94
92 88 90 84
96 81 98 88
94 88 94 90
92 88 88 85
99 85 78 88
103 86 100 88
95 86 86 92
95 80 86 89
90 90 95 83
95 91 88 94
99 99 97 88
101 86 95 81
101 90 89 99
94 93 84 87
95 90 93 95
91 91 85 91
100 91 97 89
91 88 93 77
91 90 91 92
98 91 88 93
99 89 92 95
97 100 96 97
96 84 97 84
100 82 99 85
99 98 89 86
90 84 97 83
101 97 79 83
102 95 89 88
97 91 88 94
94 91 91 90
88 84 90 96
90 84 102 95
99 89 90 85
96 93 91 84
98 90 100 91
97 85 92 91
94 83 90 86
97 97 95 92
100 85 92 86
98 91 79 93
103 84 104 89
95 86 87 84
101 99 95 87
102 86 98 89
98 91 88 84
99 87 90 94
94 90 102 90
94 104 93 86
98 87 88 91
97 76 97 98
101 92 107 91
92 86 97 82
98 84 87 101
101 87 91 87
89 95 91 80
103 84 86 85
93 94 85 88
100 89 90 87
92 80 91 91
101 86 89 88
96 88 92 80
97 100 89 94
104 99 98 75
89 90 91 80
95 84 98 92
101 93 106 87
105 85 106 89
106 87 94 91
88 92 95 92
95 83 91 86
98 84 99 97
105 86 94 83
98 92 84 87
92 82 83 87
102 90 81 85
95 86 94 91
106 91 92 89
89 84 95 89
97 91 89 82
97 95 95 91
103 90 90 91
108 92 88 117
98 94 84 76
96 88 90 91
100 95 87 90
99 85 103 87
99 86 89 87
99 86 102 93
98 93 87 86
106 91 94 94
96 95 100 79
95 90 92 92
92 75 96 86
105 85 91 90
96 91 87 96
99 89 96 88
107 90 97 85
101 84 80 97
94 90 91 92
100 80 83 92
100 85 93 95
107 89 80 86
93 77 77 84
93 80 98 81
91 87 103 83
109 91 97 88
96 80 90 93
97 89 96 81
85 92 93 94
103 90 89 99
99 87 104 89
101 80 86 84
97 91 76 85
101 89 96 85
96 107 90 95
94 84 89 94
103 95 87 95
102 90 95 85
108 83 91 84
99 86 78 91
97 84 93 84
83 81 92 101
94 93 79 91
93 86 87 80
91 95 101 86
98 87 98 87
103 85 87 87
95 84 95 87
97 84 85 100
106 87 99 94
101 78 90 92
100 90 96 88
99 82 85 90
101 91 96 89
101 87 93 97
98 81 93 98
102 86 99 91
93 79 87 90
107 92 96 94
89 88 97 91
98 88 97 104
95 95 98 97
92 87 90 85
99 83 93 90
88 92 98 83
100 82 88 87
97 88 90 80
92 89 91 80
94 83 91 83
104 85 79 86
100 95 97 97
96 94 92 88
109 81 94 90
97 94 94 88
93 80 95 90
95 87 99 88
90 92 87 84
107 92 103 87
100 92 90 88
106 96 99 95
97 89 90 91
91 98 88 95
93 83 93 82
98 87 97 95
93 100 87 111
93 82 102 82
103 85 93 95
95 84 92 87
101 79 94 80
99 85 90 87
96 79 84 93
104 80 98 87
93 78 86 82
98 90 90 84
98 99 94 95
105 96 94 87
86 100 89 94
95 89 105 89
100 84 82 92
92 81 101 90
100 99 98 87
101 90 110 87
101 88 97 95
97 82 86 88
101 83 92 93
92 93 92 85
92 93 88 88
101 88 87 94
101 90 90 92
102 79 92 84
103 98 88 93
102 86 98 78
105 86 103 93
98 81 80 78
88 92 91 98
94 94 102 93
94 99 87 88
102 83 88 84
93 94 87 92
91 88 92 88
97 78 89 95
107 83 99 94
107 89 96 88
90 94 96 85
95 90 87 88
94 86 85 87
65 79 74 76
67 79 75 84
70 80 69 79
68 87 72 78
74 84 74 83
70 82 70 81
71 85 70 79
67 81 72 81
80 84 74 84
66 84 72 81
64 80 70 78
72 83 78 85
62 74 66 78
66 81 69 87
70 78 71 81
64 84 63 74
66 79 76 75
69 82 73 84
64 81 72 83
68 84 73 84
65 79 70 82
69 81 72 83
64 80 72 78
68 86 72 79
70 80 77 82
71 79 73 85
64 82 76 82
65 79 72 74
65 78 71 79
64 81 68 85
69 86 74 86
67 84 75 80
71 83 79 84
73 84 76 85
71 83 72 82
71 76 66 86
68 88 71 80
68 78 69 83
64 79 69 78
72 79 77 83
68 82 72 84
68 85 74 82
67 75 68 79
68 79 78 86
69 87 76 79
70 80 79 84
68 81 64 82
70 86 72 80
72 79 68 70
66 82 71 78
69 83 73 82
72 79 73 77
73 80 72 80
67 78 69 78
96 92 92 97
68 84 72 79
71 83 72 79
66 82 75 79
65 80 68 81
71 83 72 82
66 79 72 80
69 76 74 85
66 82 72 89
69 85 68 80
65 79 71 78
64 75 72 78
70 82 73 83
62 87 71 80
71 81 73 82
63 81 73 84
66 83 73 83
65 77 69 82
68 87 72 80
61 77 64 77
67 82 72 78
68 76 74 85
67 81 78 80
64 77 65 73
64 78 77 78
65 78 74 83
69 79 70 78
72 88 80 88
65 80 76 79
65 76 73 77
63 82 71 82
63 78 67 80
66 82 71 82
68 80 71 78
67 80 74 80
65 84 71 78
70 81 71 82
69 79 77 81
66 79 73 82
69 79 70 85
75 82 81 87
73 88 79 83
64 79 63 77
71 82 69 88
72 81 68 90
68 80 73 81
68 82 75 84
66 83 75 83
66 83 72 79
71 81 74 80
66 84 72 82
67 84 73 83
64 82 71 79
66 82 68 81
71 79 76 82
68 86 71 85
71 77 72 86
65 80 69 83
75 76 71 85
73 85 82 84
68 81 77 82
68 82 76 83
68 80 75 82
65 82 73 84
62 80 66 81
76 80 76 82
64 82 73 77
64 84 66 80
70 75 69 82
65 80 75 79
68 84 70 81
66 85 72 82
65 83 71 82
74 78 75 80
73 82 70 79
69 76 70 80
67 75 75 78
68 84 76 81
62 84 71 77
70 82 67 84
63 78 69 79
71 85 74 79
73 78 72 89
64 87 78 83
71 83 74 82
73 80 75 81
66 83 72 79
68 80 69 84
74 74 76 83
70 79 78 84
68 78 70 75
64 81 68 76
75 84 79 82
71 80 74 83
64 82 69 74
70 82 74 82
71 84 73 85
69 82 68 77
72 84 66 80
67 82 70 86
67 80 73 79
71 82 74 82
67 80 72 82
69 84 72 82
70 80 75 85
66 85 73 82
69 79 74 80
73 86 75 88
65 83 74 81
68 80 75 77
70 79 76 86
64 79 69 85
66 86 74 79
71 83 82 84
65 85 71 77
70 83 76 80
63 79 73 79
69 80 79 81
67 88 73 83
68 78 69 87
72 78 74 85
61 77 71 75
64 87 78 79
71 86 73 82
65 80 69 78
76 85 68 83
72 84 75 77
71 82 70 79
64 77 70 77
61 74 66 78
63 76 77 80
65 82 76 75
69 84 76 77
68 84 70 83
68 78 76 86
61 81 69 79
72 81 70 77
65 82 76 77
64 82 70 84
69 81 70 82
71 83 74 81
71 79 74 81
69 87 78 82
64 78 71 80
66 85 73 80
65 75 65 74
101 80 92 99
59 84 65 80
59 86 63 78
61 86 67 84
57 81 67 82
56 79 63 86
57 84 60 84
60 84 69 82
53 85 62 81
53 86 64 80
52 85 67 76
62 89 66 76
54 84 66 78
58 82 61 76
56 84 60 78
61 85 66 82
59 84 68 82
59 84 63 83
59 86 64 85
54 88 63 83
67 87 69 82
57 81 63 82
58 86 70 80
54 83 60 83
62 88 64 81
54 84 61 80
55 82 64 83
57 88 65 84
54 85 60 86
59 83 70 81
58 83 64 77
53 84 61 79
55 80 61 78
58 85 62 79
61 82 62 83
58 79 69 82
61 86 67 79
66 86 65 82
63 82 67 78
56 83 64 77
62 81 63 84
57 84 62 80
59 85 65 78
64 86 65 84
59 86 68 82
58 79 68 78
56 85 69 82
58 84 65 76
58 83 62 83
56 81 61 83
57 86 68 80
55 88 67 81
57 85 62 80
57 80 69 77
56 83 65 80
60 93 72 91
57 86 65 83
59 87 66 84
52 86 62 80
61 89 63 80
54 86 67 79
70 90 78 86
56 85 65 77
52 79 62 86
61 84 67 84
58 85 64 81
61 83 65 79
57 79 62 80
59 83 64 80
59 80 65 84
57 84 61 75
59 81 66 80
54 86 68 84
56 82 60 78
57 90 65 82
58 84 66 82
54 86 66 87
53 81 66 84
52 81 63 77
54 88 65 82
57 84 66 83
98 106 85 105
59 87 62 83
57 81 63 82
57 88 65 81
56 85 63 76
57 83 63 83
60 85 65 81
58 85 67 78
58 85 70 83
53 81 60 81
56 88 58 80
55 82 66 75
57 83 60 80
52 80 64 81
57 84 61 80
58 87 62 82
55 81 63 83
59 85 64 79
56 84 63 80
65 89 75 86
57 83 64 76
54 82 64 84
59 82 66 80
58 81 62 81
55 86 63 81
59 83 64 80
56 87 64 78
58 92 72 80
57 85 62 80
56 85 66 84
57 82 61 83
56 84 64 81
52 86 64 80
58 81 64 79
60 87 60 78
57 83 66 77
94 102 88 108
86 102 82 95
56 84 63 81
55 86 64 75
53 84 61 79
55 82 60 79
57 80 59 77
58 82 63 76
54 81 63 78
80 97 75 95
57 82 64 83
58 82 60 79
58 84 62 84
58 85 61 83
56 83 61 82
56 81 65 80
51 84 60 81
55 86 71 82
58 83 68 83
56 83 66 82
55 85 63 81
95 104 87 105
56 84 60 79
59 84 66 81
94 102 83 107
52 85 61 77
57 82 65 81
58 87 64 84
58 78 61 84
58 84 68 81
63 85 66 79
51 85 62 82
58 85 62 78
59 80 63 84
58 81 65 82
55 83 65 86
84 100 79 96
53 83 61 79
56 83 65 78
78 97 76 99
57 85 68 79
58 88 62 79
65 91 72 93
57 88 62 82
60 87 61 79
59 85 68 80
62 79 69 80
57 84 64 82
58 82 63 82
55 82 58 77
57 87 62 79
57 84 63 83
56 82 65 76
70 90 71 81
52 81 60 78
59 83 63 82
56 77 64 78
60 84 64 80
55 80 62 81
54 83 65 78
54 88 65 80
57 85 69 82
57 82 67 80
51 85 67 79
61 85 70 80
57 87 67 83
56 83 67 81
57 86 67 84
57 87 62 78
56 83 63 80
56 82 63 81
59 86 67 79
62 86 67 82
57 87 66 84
56 83 63 84
62 88 64 81
55 83 65 81
59 83 64 78
58 86 65 80
54 84 60 79
59 84 60 78
58 85 64 83
56 77 60 78
69 82 76 80
66 81 67 83
75 85 76 91
72 81 76 81
75 84 75 82
76 75 72 88
75 81 75 85
79 73 77 89
73 75 75 83
76 83 74 82
75 82 77 91
68 80 73 91
80 79 77 91
71 81 75 83
71 79 71 84
74 88 74 89
73 82 76 89
70 85 74 89
71 85 76 87
68 77 67 72
74 88 72 80
73 88 72 83
70 83 70 82
75 82 77 89
69 81 72 86
76 83 74 75
76 87 79 85
72 89 77 86
70 85 76 81
66 78 63 87
72 79 69 91
73 82 71 87
71 86 73 90
73 82 71 87
74 79 76 89
74 74 72 91
71 80 77 79
75 78 75 85
73 79 74 85
74 81 76 85
79 80 72 91
66 78 74 87
72 81 73 84
71 81 74 76
79 81 76 83
71 77 74 86
78 84 80 89
73 82 76 83
76 80 79 85
68 80 67 85
74 79 73 90
71 80 67 93
75 83 75 86
71 85 71 89
77 82 77 82
76 83 73 86
69 78 75 85
72 78 78 87
77 88 71 89
67 79 72 78
70 77 68 83
72 72 66 86
70 81 79 88
77 83 73 83
76 84 71 85
70 83 74 86
75 86 72 79
73 76 66 77
66 85 69 85
73 79 74 79
77 79 78 86
77 84 78 90
76 86 76 90
71 80 73 87
77 80 68 83
75 78 72 82
71 69 70 82
73 76 77 82
70 79 73 87
80 85 75 88
69 77 74 88
71 83 71 84
78 85 76 87
64 74 69 79
76 82 75 80
68 76 68 83
70 82 77 84
71 78 75 87
72 79 74 88
75 79 73 96
75 84 78 90
70 82 73 80
71 81 71 86
68 87 70 91
73 83 72 86
76 81 74 89
72 80 77 82
72 83 71 86
74 87 76 86
78 78 84 87
73 81 73 84
63 75 68 82
76 78 74 81
68 77 74 75
74 77 72 82
74 79 69 81
70 82 74 83
79 75 73 85
67 84 72 83
68 83 73 83
70 87 70 88
76 78 77 86
72 82 72 82
67 85 71 87
74 77 69 83
76 83 70 84
73 76 68 82
75 77 75 88
76 82 74 83
66 82 73 84
77 87 73 88
75 90 81 87
75 76 72 89
69 80 72 89
70 83 75 85
70 87 72 88
77 79 77 83
72 79 75 86
73 78 75 82
70 81 72 83
72 85 72 91
72 83 75 89
67 83 70 81
77 82 77 86
77 80 78 88
72 78 76 84
73 85 75 84
69 79 70 86
73 83 72 88
67 86 76 89
73 85 70 90
71 81 69 82
75 76 67 86
66 82 74 85
67 86 72 92
76 80 77 83
77 76 71 82
78 79 82 87
78 80 75 84
71 73 75 84
78 81 78 89
69 77 71 83
74 80 70 85
74 80 73 90
76 83 80 85
65 79 74 81
73 80 74 86
71 82 70 82
73 76 72 86
74 83 74 97
74 81 68 85
70 82 76 79
77 87 76 88
75 75 74 86
64 79 70 88
70 78 69 81
80 80 73 94
75 79 78 87
72 77 74 85
83 91 75 84
70 75 72 87
71 84 73 89
71 75 69 82
79 83 80 89
72 81 70 83
79 84 77 83
73 80 73 84
73 83 71 82
66 81 69 89
75 79 73 90
77 86 73 81
70 81 74 91
67 78 71 86
74 80 75 90
70 88 77 86
76 81 77 88
73 81 75 86
73 82 71 87
76 78 72 85
71 82 74 80
70 80 75 89
64 78 65 81
79 80 73 84
78 84 69 88
77 82 77 92
76 79 72 84
71 80 72 85
79 89 74 84
74 79 73 85
76 88 74 92
57 77 70 81
60 84 62 87
67 83 68 91
64 85 70 80
56 72 55 77
53 74 59 75
56 79 61 82
63 74 66 83
57 79 62 77
57 78 63 81
54 75 60 75
56 82 68 79
59 80 63 81
65 84 69 83
60 78 64 82
61 81 60 81
56 75 62 81
74 81 70 83
64 82 69 82
63 77 72 82
60 75 61 76
64 82 65 82
57 78 63 81
58 79 62 84
54 78 58 73
59 77 63 79
59 75 61 80
67 85 68 85
58 79 64 82
62 85 69 95
55 77 60 81
56 80 61 81
57 85 63 87
63 80 65 85
65 84 70 84
68 90 66 86
72 87 69 88
61 81 70 85
67 89 75 80
53 74 59 76
59 83 65 84
53 76 60 79
58 82 61 79
64 82 65 81
66 79 70 83
63 84 69 88
65 86 63 83
63 81 63 89
65 80 68 85
61 73 55 76
60 78 65 84
65 79 63 91
67 79 68 81
70 84 69 82
69 84 69 82
55 73 60 79
60 81 69 80
57 78 68 81
62 81 67 83
64 78 75 84
62 81 71 89
60 82 62 87
61 77 67 85
62 80 62 81
61 84 63 82
63 84 81 86
61 83 64 86
49 75 63 69
55 80 60 79
59 77 70 80
63 83 67 81
60 80 67 78
70 86 71 86
58 77 66 84
60 75 63 74
61 72 60 78
60 81 65 79
56 82 59 83
61 75 60 75
56 77 64 77
61 81 65 86
58 75 60 79
61 81 62 85
64 79 69 81
77 88 77 99
51 77 60 78
63 83 70 83
55 87 66 81
63 84 63 83
68 90 68 87
60 76 63 79
63 82 60 75
60 75 62 79
61 82 63 83
67 88 66 83
61 75 62 85
69 75 64 88
71 88 71 86
53 85 68 82
63 79 60 82
60 79 63 86
61 80 68 82
55 78 65 79
55 78 67 82
62 80 69 81
59 82 62 83
64 85 74 85
61 77 68 87
58 79 61 78
66 86 68 89
63 78 61 77
63 80 65 87
55 75 65 77
62 83 67 84
57 77 62 83
62 78 62 84
63 84 63 83
53 79 61 78
62 83 68 90
59 82 62 80
60 80 63 83
80 90 72 88
58 77 63 76
59 77 68 81
69 79 66 82
60 76 65 80
63 80 64 82
65 78 68 86
59 82 64 87
79 91 74 89
55 78 61 74
61 81 65 85
63 79 74 81
64 85 63 90
60 90 70 88
59 80 63 83
63 79 61 81
62 82 62 78
63 84 68 87
57 84 64 85
96 105 84 96
65 88 63 87
61 79 67 92
57 78 62 83
60 79 63 77
63 85 68 83
60 80 66 83
64 79 63 85
67 82 68 89
64 87 73 90
73 90 67 91
61 79 70 83
61 79 62 79
65 86 61 91
67 82 65 89
56 81 64 87
63 79 63 84
56 81 61 82
52 80 67 80
61 83 63 79
64 79 66 82
61 77 61 81
61 81 66 89
55 84 63 81
52 78 53 72
59 80 69 82
55 82 63 87
60 79 66 83
55 73 58 84
61 86 65 82
72 85 73 87
54 79 70 88
72 88 72 90
59 78 64 76
59 83 68 84
55 78 62 86
56 81 58 85
52 75 56 77
60 84 62 81
58 80 67 73
61 77 67 81
57 85 67 82
61 81 67 78
57 81 59 84
59 78 70 87
57 83 60 84
69 85 67 88
61 80 68 83
69 78 59 84
53 80 59 75
64 76 71 86
57 74 55 73
85 96 77 91
58 87 61 83
62 79 66 78
58 81 62 83
67 86 65 84
57 84 66 82
60 81 64 82
69 78 70 86
73 80 68 91
68 75 61 86
65 74 63 88
66 77 62 81
69 79 67 91
74 76 67 90
69 78 67 91
67 82 63 88
70 72 65 95
68 77 65 96
65 77 60 88
77 78 68 93
73 77 62 93
65 77 69 84
67 71 61 88
67 79 61 81
71 78 67 93
73 83 66 96
74 80 65 99
65 75 63 87
67 76 65 88
70 72 63 94
72 73 67 83
65 76 62 87
66 76 64 85
63 73 59 85
63 76 64 84
69 73 63 87
67 79 65 86
70 74 60 85
65 75 61 86
72 77 64 89
70 74 64 85
67 71 65 84
80 73 67 93
66 74 63 88
65 77 64 90
62 72 65 89
72 77 63 85
71 82 65 96
73 84 68 94
66 81 63 91
64 74 64 84
71 83 64 94
70 72 61 92
67 75 64 89
74 81 65 96
65 81 62 93
65 75 63 82
64 74 60 87
70 77 66 94
63 74 59 81
69 77 62 88
66 76 68 93
72 71 64 83
71 74 65 90
75 83 66 94
66 72 63 89
62 71 63 80
70 71 64 79
72 74 61 91
70 75 65 84
71 73 67 89
59 74 58 84
71 72 69 97
71 70 63 93
65 74 64 76
72 76 63 93
67 79 63 88
64 76 59 86
63 71 63 85
73 79 69 97
64 77 59 91
68 74 65 93
73 82 64 91
66 77 65 91
66 82 61 95
67 82 65 90
74 71 65 93
68 71 66 94
73 83 69 90
73 76 64 94
69 78 69 91
74 78 68 91
65 71 63 84
69 77 59 89
72 80 68 92
70 70 66 90
73 72 62 88
68 77 63 89
76 76 69 90
69 76 60 94
68 78 67 88
71 73 63 87
66 71 63 95
67 70 63 82
70 80 65 95
64 74 63 88
73 79 68 91
64 77 61 84
72 78 67 89
67 72 67 87
68 76 65 98
67 76 65 94
65 76 64 81
67 76 62 81
77 77 68 89
73 76 66 87
72 79 67 94
77 80 69 87
66 73 65 82
75 79 66 93
69 74 65 92
65 80 62 89
72 79 66 92
73 76 66 82
77 76 66 94
73 75 67 94
69 80 65 87
74 72 65 94
66 78 65 92
75 80 65 92
65 69 65 88
61 70 62 83
68 72 63 86
71 76 63 89
71 82 67 96
62 76 64 80
70 74 64 87
73 84 68 92
67 75 66 88
65 74 62 94
65 75 64 87
67 75 63 94
69 78 64 89
69 76 60 90
66 75 59 90
69 74 62 90
70 71 61 87
77 83 66 95
68 73 62 92
70 75 60 92
68 80 64 88
68 74 65 90
67 77 63 87
71 77 65 97
66 71 64 81
67 74 67 88
69 73 65 84
67 76 64 85
63 79 62 90
76 79 66 94
70 76 67 91
71 82 67 89
67 71 66 93
68 80 60 97
70 76 66 95
64 80 61 85
64 72 64 88
72 77 62 85
71 74 60 88
72 82 67 100
72 87 67 93
72 77 68 93
71 78 61 90
75 74 63 91
72 75 63 94
68 72 63 89
65 75 60 88
73 78 65 93
70 75 64 91
78 74 65 93
68 75 64 94
67 75 63 90
65 75 66 89
68 75 64 91
64 75 63 90
72 78 63 90
75 78 64 93
70 73 65 93
74 75 64 89
69 81 61 83
71 78 66 94
69 77 60 87
73 73 62 90
71 80 66 98
64 72 63 86
77 80 70 96
68 74 61 88
72 80 63 93
68 73 63 83
69 75 63 84
67 72 63 84
77 78 64 94
66 72 61 86
69 77 67 87
65 74 66 92
70 73 61 88
67 76 57 90
75 77 64 94
75 70 64 86
81 71 64 85
66 70 58 88
72 71 61 85
76 70 66 89
75 69 58 90
71 74 59 88
75 72 62 80
73 70 60 83
73 73 63 95
73 71 60 88
74 68 64 84
76 65 61 85
71 69 63 82
72 71 61 93
70 74 59 84
72 70 60 85
72 65 58 88
70 70 59 87
71 72 67 87
72 76 56 88
74 74 64 81
70 69 64 87
76 66 59 88
73 69 62 83
75 70 57 89
69 71 58 87
76 72 61 85
70 74 62 90
74 68 59 89
75 70 63 92
73 67 63 88
71 70 60 89
71 68 64 87
75 68 60 83
71 70 62 84
68 71 61 83
73 74 64 90
76 68 62 92
71 68 62 86
77 74 59 88
73 73 63 88
69 73 61 88
76 69 61 84
72 72 60 90
70 72 66 83
71 72 61 87
73 71 59 82
71 68 63 94
69 71 61 88
77 69 68 88
70 70 65 87
68 70 55 91
71 71 65 83
70 71 59 83
71 70 58 85
78 69 63 84
71 71 64 87
71 70 62 84
72 69 63 86
75 67 60 93
71 71 60 85
76 75 62 91
70 69 60 81
75 69 63 90
75 75 61 89
71 68 55 85
73 71 62 82
67 65 62 84
70 69 66 85
73 68 64 88
74 68 62 88
75 68 63 88
68 70 57 87
77 65 64 87
72 69 59 91
73 74 66 86
72 70 63 89
76 72 58 83
71 70 65 92
72 70 59 86
75 68 65 87
71 65 55 89
75 70 60 87
71 69 63 92
71 71 63 88
74 67 63 83
72 70 62 87
73 71 60 89
70 70 58 90
72 71 63 83
78 69 66 88
73 72 61 87
76 72 61 85
76 70 59 86
77 74 59 88
73 75 63 87
72 72 63 91
73 68 65 81
70 68 64 85
74 69 64 85
71 67 63 90
67 71 59 83
76 70 60 86
77 73 66 89
75 69 60 83
70 70 59 89
74 73 66 88
72 71 63 87
77 71 62 88
73 70 65 87
80 71 65 86
71 68 61 87
68 71 60 87
71 69 64 85
71 72 61 84
73 68 62 89
78 69 63 85
66 71 57 88
73 72 58 93
76 68 60 88
71 70 59 86
76 70 64 88
73 71 65 85
70 72 59 92
75 70 67 84
69 70 60 84
74 71 63 86
75 68 61 86
70 70 57 86
75 71 66 85
75 70 68 84
72 71 61 81
77 75 68 90
74 78 62 87
77 72 65 88
70 66 61 85
70 69 63 84
76 72 60 89
73 70 60 89
75 71 63 91
75 71 62 87
71 73 59 87
77 72 58 89
70 70 57 83
74 73 66 90
71 74 64 83
71 70 65 89
72 74 66 82
78 68 64 88
75 72 59 84
71 68 61 83
71 74 59 88
75 67 63 90
68 69 56 86
70 72 64 83
72 69 56 82
72 72 65 88
71 70 58 83
68 68 56 86
73 71 58 87
71 73 62 88
76 69 62 81
72 70 61 82
74 72 57 85
73 70 60 87
77 70 69 84
73 69 64 84
70 67 62 85
73 73 63 90
72 69 59 83
69 72 62 85
76 70 62 84
74 72 61 84
67 69 58 87
72 69 61 86
73 66 59 87
76 70 63 85
76 69 66 85
71 70 62 87
73 68 63 90
71 74 59 85
74 72 63 88
67 68 57 76
68 70 60 83
70 71 58 86
78 71 67 90
70 69 59 88
72 70 62 84
71 69 68 88
73 71 62 86
73 72 65 83
70 72 61 87
72 67 59 79
79 71 68 86
75 69 63 90
77 67 59 92
68 71 65 82
70 73 62 86
71 66 58 85
71 82 70 85
61 75 61 83
65 84 63 86
63 83 64 87
70 82 65 85
67 79 62 85
63 77 69 89
60 79 66 85
66 82 68 92
64 77 61 83
65 78 64 86
59 81 64 82
65 80 69 91
59 76 59 82
66 86 61 90
64 76 66 85
65 80 63 84
62 76 65 85
67 83 65 93
65 80 57 82
65 80 67 88
64 81 64 90
63 75 56 84
66 79 66 85
69 77 66 84
61 78 69 80
64 77 69 85
62 81 60 88
64 78 63 86
69 82 66 89
66 80 63 87
64 82 67 91
62 76 63 86
64 76 66 92
67 80 63 85
67 80 67 88
69 78 68 83
63 81 67 85
65 79 61 89
73 83 64 95
67 83 64 87
74 84 71 87
66 75 62 88
63 80 63 84
67 73 63 81
68 83 66 87
68 81 62 84
60 76 66 83
61 80 60 83
59 76 64 87
69 81 67 87
69 84 67 92
65 83 66 93
67 80 67 85
66 73 67 86
65 80 60 86
66 80 68 92
65 73 62 89
61 77 63 85
64 81 66 87
63 84 62 86
64 72 63 87
66 79 63 84
65 80 67 87
66 79 64 84
63 78 62 85
67 80 68 91
64 80 61 83
62 83 63 85
67 80 67 86
64 78 65 88
61 77 64 86
72 82 63 90
69 78 61 85
63 82 69 94
67 80 63 87
67 79 69 85
63 80 63 91
67 79 69 89
63 76 67 85
69 80 65 87
70 83 64 88
65 79 65 86
67 82 70 90
68 80 62 90
65 78 67 81
65 82 68 92
65 83 66 89
65 73 63 79
70 79 69 94
67 85 57 88
62 82 60 87
74 86 65 84
66 82 66 93
76 85 67 89
63 80 67 87
64 76 67 88
66 77 62 82
68 82 62 88
64 85 64 92
63 79 61 83
71 83 70 88
78 90 70 84
65 83 71 92
62 81 64 86
67 82 69 87
63 84 64 88
63 78 64 88
63 77 67 89
62 81 66 92
66 72 68 84
68 83 65 85
69 71 60 87
61 84 65 91
65 77 65 82
61 75 64 79
69 83 66 90
66 77 64 88
66 75 63 86
62 71 63 85
62 79 60 83
61 79 66 84
63 77 61 81
64 84 66 91
66 79 72 88
66 86 66 86
66 78 67 87
73 80 67 90
67 81 70 88
65 78 66 84
70 80 69 91
70 80 66 88
68 80 60 89
66 79 62 84
56 76 57 78
60 79 62 83
68 78 64 90
66 81 62 88
76 82 71 93
69 80 67 84
64 79 66 85
67 81 63 93
67 85 67 91
71 84 70 94
63 77 63 83
65 80 63 86
66 82 64 84
71 89 72 87
68 84 64 85
64 80 62 93
65 75 65 88
63 77 66 87
67 84 68 90
70 82 70 93
63 79 65 84
73 81 69 83
67 78 63 90
61 79 58 83
71 82 69 89
72 81 63 90
65 83 65 85
69 79 61 88
61 78 66 87
70 81 66 90
71 84 65 91
59 75 61 87
66 83 64 87
67 81 62 87
62 79 65 84
64 83 64 89
64 82 61 91
70 79 68 87
69 81 64 90
67 76 67 89
65 81 64 87
65 73 64 88
66 76 64 87
70 79 63 87
65 79 66 85
61 80 63 80
67 84 64 90
66 79 65 91
62 72 68 85
67 77 63 90
71 77 65 84
72 77 67 88
71 85 65 92
63 75 61 82
66 74 62 92
59 73 57 82
60 78 63 84
65 78 65 81
64 81 65 90
63 73 64 84
63 85 65 92
65 82 67 85
75 85 75 91
66 78 65 86
69 77 70 90
67 79 66 91
60 82 63 74
60 84 64 76
58 76 65 71
54 79 65 79
59 75 61 79
60 79 67 77
64 77 60 81
63 74 65 82
61 77 61 75
65 76 67 83
60 80 60 76
62 81 65 80
57 81 62 80
60 82 69 78
63 76 67 84
62 77 65 77
57 80 65 74
59 83 64 78
66 77 61 78
63 79 67 80
60 83 63 77
62 84 66 79
54 75 65 79
62 78 66 78
61 79 66 80
58 84 67 81
61 73 65 76
67 79 65 76
69 78 66 83
58 77 61 76
61 80 69 79
62 77 64 76
63 82 68 81
67 83 67 82
59 76 65 69
61 78 68 80
58 81 69 77
59 81 68 77
61 83 63 77
57 78 66 80
62 81 64 83
62 78 64 77
60 79 64 78
59 75 66 80
57 81 65 77
60 87 65 76
60 79 68 76
54 79 63 77
61 79 63 78
63 81 66 81
62 82 67 81
62 83 64 80
66 77 64 82
60 79 67 78
58 80 67 76
65 81 69 79
55 77 57 80
59 83 67 75
57 80 63 79
61 80 65 83
63 82 65 77
64 79 63 78
67 86 69 81
67 82 67 81
61 81 67 77
60 78 69 75
60 79 63 80
60 73 60 80
63 80 63 86
57 79 63 75
58 80 64 82
69 83 63 83
65 82 65 77
62 79 66 86
60 77 63 79
64 78 65 74
60 80 69 84
58 78 65 75
60 78 64 78
60 78 66 79
62 76 71 80
58 79 65 78
61 74 68 82
55 78 66 73
61 80 66 75
62 77 68 76
58 80 62 81
59 79 66 77
63 82 68 81
60 81 62 80
66 83 68 78
64 77 65 80
62 80 67 80
65 79 67 78
64 81 67 78
63 82 62 75
59 80 64 79
53 76 62 75
64 74 67 77
63 82 65 79
55 77 67 76
58 75 61 74
58 77 67 76
66 75 67 74
57 82 66 78
65 80 65 81
66 79 67 76
57 80 67 79
65 80 62 79
56 79 66 79
61 79 61 79
61 77 66 77
64 81 64 79
62 77 67 81
61 76 64 77
63 83 67 78
55 77 64 79
57 80 62 77
61 81 65 80
62 77 60 78
58 83 63 77
68 80 71 79
61 87 71 76
60 78 66 80
60 83 67 77
62 80 65 78
60 76 65 80
58 78 64 76
64 80 67 82
62 81 65 80
55 79 68 76
62 78 65 81
64 81 65 80
57 78 64 76
64 82 67 79
68 86 69 79
64 83 66 81
57 81 65 77
60 80 66 82
59 81 62 83
65 79 64 79
61 78 68 77
62 80 64 76
54 73 59 72
57 81 64 78
57 84 65 76
58 79 66 79
57 82 68 80
60 78 67 77
67 82 66 81
59 78 65 78
68 83 68 85
57 80 64 77
62 81 68 84
57 78 69 74
58 83 61 79
58 76 64 75
65 84 68 76
60 78 62 80
63 80 69 77
64 77 65 74
59 82 61 78
65 80 65 79
60 82 62 83
63 80 67 79
67 77 67 81
62 86 66 77
65 88 71 88
63 81 67 81
61 76 69 76
58 75 66 81
56 81 70 77
62 78 70 73
63 79 66 78
66 82 68 75
64 80 63 79
61 76 68 76
65 78 70 77
60 81 63 85
57 79 65 79
55 81 62 76
62 75 65 82
64 79 67 83
63 78 64 77
61 79 66 78
60 86 67 76
60 79 66 77
59 79 64 78
56 77 63 74
60 81 62 82
57 81 65 78
65 82 66 80
65 79 62 81
61 78 64 83
63 88 66 80
56 77 69 77
57 80 64 78
66 81 66 84
60 75 65 78
60 81 61 78
63 86 71 84
59 84 66 78
62 87 69 78
61 79 65 83
60 81 73 78
63 78 76 81
64 83 68 81
68 89 72 84
67 87 78 83
66 84 71 77
59 83 68 78
61 83 67 79
63 77 66 78
60 81 66 74
59 81 66 79
66 83 72 83
60 83 68 81
65 89 74 80
63 77 67 80
63 79 68 80
63 80 69 80
62 84 66 77
63 81 67 79
63 83 64 77
65 86 69 83
62 89 66 81
63 83 69 81
61 80 73 79
69 87 62 85
65 89 71 84
62 81 67 75
63 80 68 83
62 79 67 77
61 82 67 81
67 84 74 80
67 84 65 79
72 85 78 88
65 88 70 83
64 82 69 78
65 81 74 79
63 87 67 85
67 83 65 80
67 82 71 83
64 81 69 79
67 84 70 81
68 93 66 87
61 82 67 76
62 81 69 79
64 86 72 85
60 89 66 79
59 79 64 80
63 81 65 80
64 84 68 81
64 79 61 79
65 84 63 79
66 81 66 81
67 86 70 84
68 85 70 84
63 87 68 77
61 81 63 80
61 80 65 77
62 76 70 78
65 84 67 78
65 81 67 81
63 79 61 80
64 81 68 80
66 88 71 80
63 81 64 82
63 87 66 80
65 86 72 80
67 82 67 84
60 84 67 78
67 84 75 80
67 86 65 81
59 80 64 79
69 82 71 83
57 80 66 75
60 82 64 76
65 77 65 79
68 86 66 81
70 88 66 85
63 83 62 77
63 77 62 77
58 84 66 80
58 82 69 77
61 82 68 77
63 83 72 83
69 86 78 82
64 83 67 83
62 86 69 82
69 80 75 80
63 89 69 81
61 80 66 79
64 82 68 77
59 86 69 80
63 82 70 82
70 87 69 83
64 87 73 82
66 82 70 85
71 90 69 90
65 85 67 84
66 86 74 80
66 86 77 85
63 81 64 80
62 82 70 77
61 81 69 81
62 83 64 80
70 87 74 83
63 82 67 79
65 82 66 80
60 81 66 81
59 82 64 78
62 84 69 80
59 80 68 78
63 76 63 83
66 86 73 84
61 82 68 81
65 81 66 84
60 85 69 75
65 80 67 86
60 83 70 79
63 87 66 76
65 82 68 84
62 88 68 83
60 87 68 84
64 85 67 80
66 82 69 82
63 88 69 80
61 81 62 81
67 81 72 79
62 86 64 79
60 79 72 80
63 86 72 83
65 85 70 84
63 85 62 81
68 85 71 84
64 85 72 78
63 81 61 74
68 87 77 82
62 79 64 81
61 82 72 80
67 83 67 79
60 80 66 77
66 82 70 79
61 78 69 79
60 77 70 79
62 83 68 77
64 84 69 79
59 77 66 80
69 88 73 81
64 82 66 83
68 88 65 81
64 87 68 75
60 82 69 86
64 84 67 79
63 88 66 87
58 76 69 77
63 85 65 79
62 83 70 82
60 77 66 75
61 80 68 80
65 85 71 81
64 87 66 77
63 86 73 78
62 86 67 81
59 80 66 78
62 78 67 79
69 85 69 84
62 87 70 77
63 77 69 80
60 79 68 82
66 82 69 85
62 86 68 78
62 80 60 79
68 83 67 84
66 90 74 84
64 84 71 84
67 81 76 80
61 81 67 80
63 83 64 81
62 84 69 78
68 86 69 77
65 80 66 84
58 75 64 74
61 85 67 82
60 77 66 80
69 83 69 85
67 86 73 85
66 84 66 85
63 86 67 86
59 79 70 78
66 81 68 81
67 83 70 80
58 83 68 79
66 84 72 83
63 81 66 77
60 86 67 76
68 85 70 82
64 82 70 82
63 89 72 84
74 70 63 84
68 72 62 77
67 71 63 77
67 71 60 80
67 73 63 76
66 75 63 72
71 73 70 84
71 70 66 75
70 74 71 75
74 71 66 79
69 69 64 78
70 72 67 79
68 71 66 75
65 67 63 74
84 76 67 79
71 68 63 76
69 67 58 71
68 71 62 78
66 71 63 72
77 72 68 81
67 68 63 73
68 72 67 76
65 68 59 71
68 73 63 70
72 73 64 78
68 70 63 76
68 72 65 82
74 73 68 77
63 69 59 69
74 73 70 88
70 72 61 78
69 74 60 75
67 72 63 74
71 72 62 76
73 74 69 75
81 73 62 81
70 78 67 81
68 70 63 77
71 73 64 76
72 69 64 78
66 67 58 75
72 75 72 88
73 74 70 76
66 66 63 71
67 70 62 77
71 72 63 77
72 69 67 80
64 70 60 74
66 70 63 73
68 68 61 76
72 72 67 83
68 70 62 73
72 70 58 78
67 68 64 75
68 71 60 75
72 77 68 80
69 68 61 75
68 67 65 73
71 74 65 84
69 74 65 74
71 72 64 74
72 69 71 77
67 68 62 76
71 73 67 77
70 70 67 73
70 72 69 78
81 71 72 83
76 70 62 76
74 71 71 80
73 73 66 76
68 68 61 68
70 72 66 77
69 72 65 80
68 67 65 76
67 69 64 72
70 68 60 80
68 70 62 75
68 66 64 75
66 67 61 75
67 71 60 72
66 68 65 77
66 70 63 74
67 68 61 74
70 75 64 80
72 74 70 79
68 79 71 87
72 76 67 83
66 70 60 73
70 71 59 75
74 74 62 80
70 68 59 82
73 73 67 77
68 69 60 78
68 74 66 73
71 72 70 79
75 74 67 82
65 71 59 72
69 74 67 78
65 74 63 77
70 66 65 75
67 68 61 74
73 74 66 84
72 68 70 81
66 66 61 82
69 70 60 77
73 68 60 80
70 74 61 78
69 67 59 75
81 73 71 84
73 70 71 78
76 71 72 77
64 70 63 77
73 72 66 79
65 67 60 72
65 72 59 77
74 70 68 78
72 69 68 75
69 70 69 77
74 75 70 81
72 75 64 72
70 73 62 74
65 71 60 75
71 69 64 80
72 74 71 79
65 70 61 79
72 71 69 81
68 74 65 80
67 74 65 76
67 69 65 79
66 68 61 76
66 69 63 73
68 66 68 77
68 69 56 76
65 74 68 71
68 67 61 76
64 69 64 72
70 74 65 79
71 70 61 82
67 66 64 76
68 71 65 72
68 70 58 74
68 68 58 74
68 67 64 75
74 73 65 80
71 71 66 78
68 72 65 78
72 74 72 80
63 70 58 70
64 72 60 74
73 72 63 76
66 70 62 76
66 69 66 78
68 70 61 76
68 69 64 73
66 69 59 80
73 72 60 82
67 72 63 78
68 69 58 76
70 73 63 76
69 70 63 81
71 73 67 85
69 69 60 73
67 68 62 72
68 70 64 77
69 66 56 73
72 70 64 80
63 72 63 74
71 74 66 75
65 69 57 78
72 73 72 78
71 72 66 76
72 69 67 72
67 72 58 71
66 68 60 76
67 71 64 81
72 67 59 81
69 75 71 79
73 71 62 78
72 73 63 77
69 71 65 74
67 68 63 72
74 72 60 80
63 69 58 79
73 71 68 76
70 73 64 77
67 71 64 73
71 75 67 81
71 73 72 73
71 69 67 77
65 71 66 73
73 69 60 75
69 72 64 74
69 73 67 79
72 77 67 82
69 68 62 75
73 71 60 80
71 72 63 77
66 67 59 72
75 71 70 77
69 70 58 75
