1200 100
0.656 0.652316
0.801 0.782181
0.81 0.782683
0.793 0.776928
0.896 0.908092
0.936 0.922827
0.936 0.864769
1.001 0.931931
0.992 1.01095
0.983 1.02373
1.04 0.977377
0.986 0.980785
1.017 0.985697
1.09 1.05495
1.088 1.05131
1.073 1.08676
1.093 1.10946
1.087 1.02045
1.156 1.12479
1.198 1.25205
1.211 1.21369
1.253 1.23823
1.221 1.19335
1.204 1.18357
1.232 1.13731
1.242 1.21265
1.258 1.17261
1.274 1.27019
1.335 1.33611
1.316 1.32147
1.269 1.33798
1.31 1.26717
1.426 1.472
1.361 1.28997
1.374 1.33746
1.343 1.33469
1.442 1.47611
1.42 1.40501
1.406 1.41258
1.417 1.36247
1.426 1.33186
1.426 1.36589
1.407 1.32868
1.42 1.40901
1.453 1.44524
1.41 1.44134
1.427 1.46814
1.518 1.64532
1.422 1.31924
1.509 1.46138
1.509 1.49141
1.49 1.45936
1.479 1.48304
1.504 1.57156
1.533 1.50241
1.516 1.53328
1.578 1.57349
1.641 1.71984
1.632 1.53811
1.668 1.74152
1.614 1.68269
1.618 1.59968
1.61 1.72162
1.679 1.56152
1.736 1.71402
1.713 1.83046
1.653 1.72432
1.695 1.73971
1.708 1.65639
1.7 1.75976
1.74 1.75215
1.725 1.68706
1.774 1.85878
1.726 1.73065
1.73 1.71481
1.755 1.88686
1.793 1.67783
1.797 1.8056
1.792 1.73047
1.831 1.78022
1.761 1.86975
1.781 1.8589
1.819 1.93017
1.815 1.81859
1.824 1.8789
1.846 1.77206
1.828 1.69011
1.822 1.67399
1.842 1.74878
1.809 1.7823
1.787 1.72135
1.768 1.69187
1.833 1.80291
1.778 1.72044
1.864 1.92143
1.906 1.86303
1.851 1.89469
1.906 1.89106
1.944 1.96483
1.931 1.95219
1.895 1.89987
1.97 1.96507
1.957 2.02918
1.94 2.11652
1.852 1.81791
1.911 1.91499
1.952 2.04374
1.932 1.98336
1.949 2.02843
1.962 1.8444
1.917 1.88199
1.924 1.8761
1.947 2.07026
2.001 1.93293
2.047 2.03683
2.043 2.01316
2.032 2.06304
2.013 2.01685
1.999 2.02703
2.002 2.07807
2.039 2.08356
1.938 2.12628
1.981 1.92056
2.04 2.12052
2.051 2.11051
2.062 2.15831
2.087 2.12956
2.045 2.11309
2.103 2.28067
2.059 2.19171
2.041 1.99331
2.053 1.99619
2.015 1.94072
2.107 2.18774
2.096 2.1169
2.14 2.27668
2.123 2.21809
2.173 2.06714
2.144 2.1334
2.187 2.18822
2.136 2.21772
2.133 2.18349
2.167 2.22934
2.158 2.2593
2.198 2.17697
2.209 2.07139
2.177 2.19386
2.256 2.27674
2.261 2.37726
2.203 2.29008
2.263 2.25409
2.23 2.22132
2.255 2.30628
2.222 2.27699
2.21 2.30821
2.223 2.15543
2.244 2.29075
2.22 2.31191
2.268 2.31649
2.288 2.55361
2.299 2.48809
2.326 2.41614
2.32 2.4
2.369 2.28713
2.367 2.41873
2.388 2.46592
2.352 2.4045
2.266 2.34559
2.367 2.49881
2.319 2.37561
2.329 2.48925
2.446 2.65774
2.385 2.5233
2.401 2.4967
2.406 2.68385
2.414 2.55316
2.436 2.57248
2.45 2.71822
2.457 2.63479
2.356 2.65992
2.456 2.61468
2.463 2.62125
2.433 2.51803
2.445 2.61759
2.505 2.71669
2.506 2.71067
2.509 2.73065
2.541 2.71904
2.503 2.70269
2.485 2.78656
2.507 2.46842
2.509 2.64657
2.576 2.72295
2.557 2.6534
2.532 2.6276
2.484 2.59434
2.573 2.71138
2.536 2.72743
2.541 2.73305
2.506 2.75472
2.516 2.62837
2.543 2.63479
2.513 2.53036
2.508 2.71665
2.514 2.89069
2.511 2.9188
2.523 2.69817
2.508 2.72266
2.566 2.6523
2.579 2.73449
2.62 2.69229
2.608 2.74708
2.669 2.77421
2.626 2.93306
2.623 2.89176
2.545 2.79477
2.573 2.81949
2.591 2.73445
2.585 2.55533
2.597 2.80139
2.591 2.83255
2.608 2.80314
2.631 2.64949
2.628 2.83645
2.659 2.88761
2.68 2.87447
2.702 2.84604
2.663 2.71214
2.669 2.88432
2.711 2.94242
2.686 2.76817
2.671 2.75551
2.701 2.98258
2.665 2.96574
2.657 2.62197
2.683 2.92143
2.678 2.85117
2.698 2.75956
2.675 2.89427
2.737 2.9708
2.72 2.91652
2.687 2.81985
2.71 2.96286
2.722 2.83755
2.726 2.89582
2.763 2.97781
2.715 2.96674
2.684 2.9591
2.706 3.07664
2.709 2.90923
2.636 2.85436
2.695 2.83281
2.69 2.9048
2.711 3.03652
2.718 2.84332
2.764 3.15546
2.791 3.06839
2.767 3.07579
2.701 2.92452
2.7 2.89289
2.734 2.96221
2.731 2.7634
2.772 2.85287
2.82 3.28889
2.823 3.12279
2.807 2.91066
2.763 2.89573
2.764 2.88319
2.78 3.02062
2.739 2.90779
2.784 2.86221
2.776 2.88271
2.781 2.84789
2.832 2.83061
2.848 3.0039
2.77 2.90801
2.701 2.88248
2.788 3.16622
2.81 2.93283
2.817 3.05857
2.839 2.96004
2.794 3.0406
2.825 2.84522
2.794 2.94451
2.798 2.87807
2.799 2.88749
2.808 2.92406
2.824 3.03206
2.835 3.0268
2.792 3.06981
2.808 2.86
2.785 2.97575
2.809 2.94947
2.817 3.07859
2.843 2.89925
2.889 3.08176
2.83 2.96006
2.847 3.02662
2.872 2.90852
2.924 3.08331
2.825 2.89127
2.855 3.18516
2.845 2.94192
2.865 3.0258
2.897 3.05344
2.823 2.80448
2.833 3.03415
2.842 2.92596
2.872 3.00462
2.876 3.0737
2.931 3.13938
2.897 3.07146
2.914 3.01362
2.963 3.24287
2.929 2.96893
2.939 2.88016
2.982 3.05473
2.998 3.17717
2.964 3.00971
2.978 3.0886
2.97 3.22432
2.949 3.10951
3.016 3.37712
2.997 3.25224
3.046 3.23112
2.959 3.26458
2.989 3.23612
2.954 3.20509
2.979 3.11968
2.979 3.05361
3.023 3.14962
2.952 2.91061
2.962 2.93549
3.037 3.02265
3.009 3.02394
3.064 3.14505
3.042 2.93517
3.041 3.06238
3.042 3.25749
3.033 3.10502
2.956 3.00507
3.002 3.07107
2.997 3.03403
3.056 3.16403
3.051 2.96737
3.074 3.03756
3.105 3.23121
3.095 3.27525
3.139 3.22891
3.135 3.15193
3.098 3.07147
3.108 3.25159
3.177 3.24291
3.075 3.19057
3.022 3.15667
3.129 3.41177
3.085 3.01879
3.131 3.43728
3.119 3.25409
3.131 3.18903
3.129 3.2396
3.139 3.14282
3.142 3.10494
3.165 3.227
3.149 3.18198
3.112 3.30276
3.147 3.36075
3.096 3.22601
3.131 3.17902
3.139 3.23892
3.117 3.20452
3.179 3.31828
3.129 3.27363
3.161 3.27035
3.176 3.36639
3.191 3.59812
3.162 3.48925
3.204 3.36775
3.199 3.51692
3.183 3.34285
3.195 3.15613
3.184 3.33748
3.154 3.24753
3.204 3.25164
3.2 3.41742
3.204 3.27566
3.198 3.38418
3.21 3.24715
3.286 3.55376
3.168 3.48126
3.187 3.41144
3.155 3.31829
3.258 3.63107
3.196 3.46105
3.186 3.47688
3.185 3.28606
3.283 3.51242
3.255 3.49747
3.279 3.67884
3.268 3.44562
3.297 3.50229
3.254 3.48497
3.275 3.41279
3.277 3.32159
3.31 3.3993
3.301 3.38578
3.262 3.69305
3.232 3.30348
3.238 3.26262
3.263 3.58141
3.257 3.41437
3.25 3.2988
3.276 3.33516
3.262 3.62498
3.266 3.41266
3.268 3.34152
3.261 3.54042
3.277 3.36363
3.29 3.54945
3.243 3.39535
3.302 3.65445
3.283 3.47238
3.315 3.50928
3.35 3.56106
3.295 3.44542
3.27 3.21231
3.255 3.31529
3.308 3.41055
3.31 3.53143
3.343 3.58494
3.346 3.57786
3.322 3.66198
3.327 3.4295
3.308 3.33247
3.259 3.26518
3.334 3.34979
3.315 3.4252
3.348 3.42632
3.323 3.48015
3.36 3.47387
3.329 3.5363
3.308 3.52466
3.299 3.50711
3.276 3.51534
3.244 3.51798
3.323 3.60828
3.325 3.69907
3.352 3.44154
3.324 3.72675
3.321 3.47343
3.305 3.68366
3.312 3.61027
3.333 3.71182
3.388 3.61507
3.362 3.55251
3.445 3.6206
3.409 3.73145
3.392 3.60594
3.341 3.49421
3.379 3.56693
3.408 3.65119
3.475 3.68506
3.429 3.77073
3.394 3.60036
3.48 3.72132
3.473 3.67495
3.499 3.71171
3.466 3.68653
3.472 3.78901
3.536 4.02673
3.496 3.57956
3.442 3.58022
3.471 3.68084
3.437 3.51154
3.436 3.63154
3.411 3.52961
3.403 3.44203
3.43 3.74084
3.445 3.63461
3.45 3.48298
3.428 3.61243
3.392 3.63797
3.442 3.78042
3.447 3.67487
3.382 3.43751
3.432 3.51089
3.448 3.72102
3.469 3.75279
3.459 3.64396
3.409 3.64136
3.462 3.89045
3.46 3.61201
3.49 4.03594
3.454 3.7136
3.512 3.83369
3.486 3.63944
3.521 3.80336
3.419 3.75319
3.427 3.80047
3.496 3.93992
3.464 3.78849
3.482 3.8215
3.447 3.67687
3.505 3.71169
3.551 3.7051
3.497 3.87987
3.523 3.73921
3.542 3.81405
3.525 3.88126
3.558 3.95259
3.55 3.91542
3.545 3.93791
3.487 3.75759
3.533 3.79871
3.491 3.73365
3.486 3.94575
3.525 3.96334
3.489 3.75964
3.51 3.92783
3.525 4.04342
3.538 3.96852
3.457 4.00215
3.505 3.8258
3.505 3.89787
3.533 3.80271
3.532 3.89087
3.505 3.90988
3.517 3.92163
3.523 3.83731
3.59 3.87177
3.544 3.86193
3.494 3.75772
3.45 3.63914
3.446 3.70479
3.527 3.76704
3.502 3.75976
3.495 3.67165
3.502 3.65765
3.525 3.80518
3.49 3.65956
3.416 3.78072
3.445 3.69267
3.468 3.83081
3.468 3.56054
3.438 3.64981
3.405 3.67265
3.49 3.63353
3.495 3.57355
3.472 3.85507
3.489 3.77766
3.52 3.81742
3.554 3.86495
3.576 3.73596
3.511 3.92781
3.528 3.89511
3.568 3.83721
3.576 4.12435
3.487 3.82966
3.501 3.8999
3.557 3.81056
3.532 4.05904
3.58 4.00761
3.485 4.11989
3.553 4.23142
3.552 4.0073
3.511 3.8177
3.523 3.77124
3.545 3.86184
3.523 4.27575
3.551 3.96937
3.535 4.07685
3.593 4.2456
3.574 4.08461
3.549 4.26586
3.613 4.1714
3.606 4.30307
3.662 4.242
3.616 4.00255
3.571 3.87483
3.627 4.20408
3.593 3.99935
3.612 4.46993
3.591 4.13185
3.642 4.21005
3.602 4.12772
3.644 4.22949
3.587 4.31475
3.66 4.2967
3.692 4.2614
3.668 4.25003
3.663 4.21164
3.655 4.18416
3.658 3.95699
3.622 4.09121
3.597 4.02462
3.642 3.90374
3.685 3.96974
3.701 4.23183
3.709 4.24857
3.726 4.13306
3.667 4.06017
3.607 3.91046
3.685 4.10788
3.635 4.08386
3.649 4.34014
3.725 4.03941
3.725 4.2216
3.743 4.09104
3.69 4.11401
3.709 4.01433
3.705 4.19217
3.729 4.08965
3.68 4.14374
3.721 4.09926
3.682 4.13902
3.634 4.11816
3.634 4.0541
3.676 4.06109
3.688 4.29095
3.661 3.93802
3.672 4.07249
3.682 4.28116
3.691 4.29181
3.706 4.28385
3.667 3.96007
3.734 4.18143
3.705 3.97195
3.72 3.88148
3.685 3.79557
3.686 3.72113
3.719 3.92596
3.715 3.89367
3.73 4.06316
3.777 4.10738
3.797 4.16596
3.714 4.27648
3.715 4.01579
3.727 4.36283
3.745 4.4264
3.741 4.25217
3.717 4.27919
3.719 4.1602
3.718 4.21069
3.783 4.36227
3.718 4.20868
3.776 4.16799
3.776 4.02385
3.732 4.2284
3.791 4.04336
3.805 4.33331
3.814 4.31772
3.837 4.2727
3.798 4.32552
3.825 4.26664
3.768 4.37455
3.841 4.40613
3.816 4.34849
3.871 4.37674
3.844 4.36803
3.863 4.47871
3.899 4.36516
3.847 4.36195
3.885 4.43221
3.872 4.32194
3.865 4.31309
3.922 4.32424
3.899 4.32112
3.901 4.2975
3.928 4.39521
3.857 4.34289
3.912 4.56682
3.884 4.46101
3.918 4.33161
3.897 4.38277
3.923 4.30137
3.987 4.19703
3.945 4.27425
3.977 4.27274
3.945 4.16014
3.963 4.368
4.001 4.12512
3.99 4.41832
3.982 4.46414
3.943 4.46422
4.013 4.43326
3.931 4.21045
3.907 4.32468
3.883 4.42974
3.933 4.32484
3.941 4.42594
3.934 4.39804
3.979 4.24881
3.949 4.44885
3.927 4.332
3.928 4.47129
3.989 4.67155
3.909 4.25898
3.945 4.47845
3.942 4.30294
3.914 4.25486
3.921 4.42118
3.985 4.56534
3.981 4.37902
3.981 4.33097
3.969 4.60865
4.023 4.51499
4.012 4.41027
4.026 4.31764
4.035 4.60238
4.025 4.4248
4.042 4.47871
4.021 4.48504
4.049 4.35295
4.067 4.54105
4.07 4.51361
4.062 4.49065
4.078 4.70062
4.084 4.52347
4.118 4.49457
4.065 4.36114
4.044 4.3324
4.115 4.58036
4.066 4.32797
4.045 4.41539
3.961 4.58406
4.025 4.49087
4.036 4.28899
4.057 4.27202
4.043 4.64179
4.024 4.38381
4.057 4.58834
4.065 4.53931
4.068 4.624
4.061 4.55383
4.054 4.58567
4.081 4.6611
4.078 4.61453
4.005 4.67765
3.993 4.42538
4.036 4.60131
4.032 4.55153
3.977 4.42089
3.934 4.64829
4.003 4.37336
3.955 4.60558
4.001 4.74374
3.95 4.45195
4.006 4.63059
4.018 4.56424
3.943 4.45621
3.956 4.65272
3.999 4.61561
3.961 4.43992
3.937 4.51354
3.925 4.40778
3.978 4.39191
4.021 4.77934
3.981 4.59924
4.002 4.48248
3.998 4.31631
4.002 4.3003
3.984 4.4582
4.016 4.38213
4.072 4.61343
3.985 4.39717
4.056 4.42929
3.995 4.70568
4.019 4.5632
3.961 4.40188
4.009 4.4834
3.969 4.33037
4.069 4.59283
4.105 4.68466
4.088 4.78504
4.091 4.53926
4.091 4.62134
4.101 4.65145
4.092 4.55809
4.076 4.52275
4.071 4.57854
4.066 4.59224
4.051 4.68508
4.116 4.68923
4.052 4.97027
4.028 4.64786
4.058 4.50514
3.98 4.53814
4.024 4.50793
3.974 4.54587
3.996 4.43442
3.955 4.49347
3.967 4.7847
3.962 4.57313
3.989 4.57545
3.965 4.46224
3.978 4.59811
3.976 4.66409
4.007 4.71567
3.962 4.63119
4.011 4.80168
4.015 4.74152
4.037 4.73837
4.055 4.79277
4.063 4.64768
4.033 4.83875
4.039 4.80028
4.093 4.81116
4.042 4.72696
4.029 4.76893
4.082 4.44372
4.073 4.48816
4.043 4.48363
4.039 4.63011
4.056 4.68955
4.067 4.74526
4.03 4.60771
4.095 4.60058
4.057 4.65641
4.056 4.66553
4.051 4.62302
4.058 4.48512
3.998 4.64264
3.991 4.2832
4.029 4.50066
4.046 4.40829
4.039 4.49798
4.029 4.69285
4.052 4.63994
4.068 4.60398
4.033 4.81873
4.058 4.73337
4.113 4.90914
4.105 4.79477
4.109 4.69982
4.013 4.67551
4.048 4.68438
4.048 4.67437
4.049 4.52312
4.003 4.71971
4.005 4.43141
3.993 4.52347
4.089 4.64172
4.055 4.74472
4.039 4.46194
4.079 4.50126
4.049 4.67327
4.034 4.48133
4.069 4.49473
4.032 4.68967
4.035 4.63441
4.023 4.60508
4.031 4.4605
4.093 4.65501
4.086 4.70731
4.082 4.75003
4.072 4.6835
4.125 4.69807
4.105 4.77475
4.061 4.71199
4.034 4.63748
4.124 4.71334
4.077 4.86393
4.114 4.84785
4.142 5.05489
4.145 4.67465
4.182 4.7196
4.174 4.95268
4.098 4.67507
4.135 4.97575
4.174 4.86259
4.17 4.87798
4.198 5.16596
4.163 5.00544
4.204 4.76315
4.177 5.07875
4.148 4.89699
4.196 4.96054
4.166 4.86131
4.161 5.09017
4.173 4.94402
4.163 4.92335
4.179 4.87383
4.117 4.72404
4.111 4.73942
4.094 4.7359
4.102 4.75035
4.073 4.57425
4.095 4.51049
4.067 4.61312
4.119 4.8577
4.155 4.95993
4.097 4.57016
4.157 4.67503
4.141 4.84596
4.152 4.73763
4.141 4.67179
4.129 4.70506
4.13 4.75786
4.162 4.92468
4.112 5.00046
4.173 4.87394
4.144 4.82409
4.148 4.93904
4.145 4.9249
4.229 5.01958
4.206 4.90647
4.152 5.01791
4.143 4.77933
4.185 4.9277
4.185 4.89167
4.187 4.86289
4.224 4.93876
4.196 4.67626
4.206 4.98455
4.173 4.76784
4.184 4.99914
4.221 5.15932
4.198 4.95976
4.217 4.94886
4.215 4.96574
4.271 5.12068
4.186 5.04445
4.221 5.1373
4.223 4.94021
4.22 4.99459
4.246 5.06255
4.208 5.17791
4.229 5.08164
4.192 5.00414
4.244 5.06953
4.217 4.93485
4.259 4.96288
4.232 4.94913
4.176 5.01003
4.18 4.8044
4.249 4.95595
4.26 4.90931
4.323 5.1278
4.319 5.09634
4.314 4.93434
4.31 4.96486
4.294 4.98855
4.272 4.83485
4.287 4.9676
4.3 4.94294
4.295 5.1251
4.332 5.04282
4.324 4.99402
4.281 5.07912
4.335 5.31409
4.293 5.18233
4.27 5.07417
4.294 5.16673
4.261 4.9218
4.214 5.01522
4.226 5.06799
4.212 4.92798
4.336 5.12423
4.328 5.09151
4.311 5.04933
4.351 5.205
4.277 4.88516
4.305 4.86884
4.316 5.26541
4.291 5.03736
4.315 5.00678
4.278 5.01373
4.319 4.99824
4.374 5.03316
4.343 5.24259
4.342 5.19823
4.391 5.13726
4.396 5.27646
4.374 5.25538
4.394 5.26203
4.33 5.42452
4.377 5.29617
4.294 5.16473
4.344 5.09876
4.324 5.28631
4.303 5.04424
4.304 5.19077
4.259 5.01694
4.3 5.23924
4.319 5.2625
4.28 5.30891
4.308 5.21435
4.352 5.1032
4.385 5.06984
4.276 5.17099
4.328 5.27369
4.347 5.19378
4.374 5.1753
4.31 5.36326
4.353 5.29569
4.305 5.24522
4.307 5.29805
4.28 5.14875
4.322 5.2796
4.274 5.2722
4.312 5.26192
4.274 5.10203
4.307 5.4442
4.267 5.1929
4.3 5.17918
4.242 5.14258
4.238 5.06242
4.236 5.22953
4.236 4.95926
4.203 4.89869
4.279 5.09025
4.155 5.03401
4.245 5.24822
4.24 5.25365
4.239 5.06494
4.256 5.09556
4.246 4.92841
4.304 5.05063
4.266 5.11236
4.276 5.09692
4.284 5.16251
4.234 5.21045
4.288 5.25431
4.306 5.20757
4.334 5.09154
4.35 4.98649
4.373 5.45533
4.343 5.28263
4.34 5.12152
4.331 5.18262
4.315 4.96274
4.316 5.03318
4.285 5.27705
4.307 5.20996
4.318 5.39427
4.277 5.33961
4.237 4.94177
4.292 5.22596
4.288 5.20626
4.299 5.25485
4.277 5.13941
4.282 5.03952
4.315 5.19897
4.296 5.33172
4.298 5.17637
4.318 5.2261
4.305 5.35333
4.319 5.23648
4.329 5.13589
4.244 4.91338
4.296 5.13152
4.243 5.13108
4.315 5.17895
4.322 5.30162
4.373 5.26914
4.343 5.20055
4.31 5.08298
4.285 5.24102
4.259 5.20312
4.272 5.19721
4.344 5.11077
4.397 5.42482
4.397 5.42882
4.379 5.47684
4.376 5.34197
4.303 5.17437
4.316 5.34549
4.34 5.41181
4.344 5.37304
4.338 5.1489
4.317 5.2858
4.276 5.26709
4.336 5.48058
4.249 5.26827
4.252 4.93143
4.231 4.87451
4.278 5.04576
4.3 5.33133
4.238 5.10446
4.29 5.2011
4.254 5.08457
4.238 5.20056
4.32 5.25686
4.297 5.25805
4.234 5.1584
4.317 5.25376
4.26 5.10551
4.244 5.08155
4.241 5.02795
4.25 5.36486
4.252 5.46997
4.299 5.1027
4.303 5.25445
4.291 4.97529
4.312 5.21387
4.293 5.08023
4.332 5.1269
4.233 5.08179
4.211 5.08156
4.267 5.22894
4.261 5.13001
4.277 5.13541
4.286 5.25946
4.226 5.32825
4.237 5.13997
4.256 5.25372
4.259 5.26118
4.273 5.30377
4.295 5.1211
4.223 5.15042
4.257 5.11206
4.339 5.2213
4.282 5.19767
4.33 5.33644
4.328 5.24366
4.339 5.55163
4.358 5.32516
4.299 5.45706
4.327 5.2273
4.32 5.38899
4.306 5.38175
4.257 5.32828
4.303 5.3065
4.341 5.45217
4.364 5.37688
4.345 5.46544
4.329 5.48625
4.307 5.40215
4.332 5.10488
4.32 5.23083
4.352 5.29139
4.29 5.07497
4.329 5.22999
4.315 5.34112
4.329 5.35812
4.407 5.59895
4.388 5.49695
4.392 5.49984
4.322 5.12945
4.374 5.23136
4.355 5.23221
4.273 5.1256
4.268 4.99517
4.375 5.11549
4.331 5.34078
4.321 5.30727
4.331 5.23668
4.329 5.16993
4.321 5.15912
4.337 5.25068
4.3 5.02503
4.318 4.97385
4.35 5.06456
4.371 5.13049
4.393 5.1477
4.368 5.10368
4.397 5.24063
4.337 5.05449
4.344 5.15682
4.35 5.29479
4.414 5.2959
4.384 5.42997
4.368 5.24582
4.382 5.19727
4.425 5.24562
4.438 5.25541
4.389 4.97065
4.426 5.21774
4.434 5.36701
4.464 5.17788
4.414 5.32393
4.405 5.05003
4.414 5.1958
4.424 5.12535
4.425 4.90928
4.469 5.12016
4.496 5.15114
4.447 5.17637
4.462 5.37393
4.437 5.00103
4.452 5.18888
4.548 5.24494
4.511 4.97686
4.538 5.13369
4.473 5.07835
4.479 5.03059
4.556 5.08395
4.461 5.26174
4.467 5.21012
4.481 5.49513
4.455 5.36134
4.442 5.2619
4.471 5.38655
4.505 5.54352
4.521 5.5391
4.519 5.40104
4.482 5.4231
4.474 5.47079
4.493 5.36732
4.478 5.29281
