201 100 10
3.35998 3.3462 3.36601 3.26461 3.01926 3.45598 3.43087 3.34343 3.25847 3.41281 3.44607 3.46452 
10.028 -10.0799 -10.4479 -10.381 -9.7619 -8.93333 -10.0738 -11.0094 -10.2944 -10.6241 -8.24219 -11.0061 
10.1165 -9.76195 -10.3972 -9.10274 -9.28901 -10.0996 -10.8111 -10.2872 -10.5257 -9.79093 -8.47119 -8.69529 
9.7483 -10.0053 -10.5 -10.2158 -10.901 -9.28721 -10.0012 -11.4094 -9.23159 -9.34703 -9.55481 -9.45326 
9.49923 -9.87627 -10.1058 -9.94555 -9.88839 -10.0773 -10.3832 -9.53238 -9.78739 -8.48786 -10.4489 -10.2983 
10.5192 -9.55752 -9.85829 -10.0992 -9.87665 -10.2685 -9.9155 -9.32592 -9.80278 -9.25305 -8.74945 -8.47448 
11.0691 -8.80526 -9.04506 -9.48959 -9.39679 -9.13201 -8.69447 -9.27204 -8.99194 -8.14283 -8.18168 -7.47996 
10.9783 -8.47204 -8.48198 -7.28609 -8.98624 -8.29178 -8.344 -9.82478 -8.6011 -8.80984 -8.03262 -8.1968 
10.3515 -9.36309 -10.1311 -7.60487 -10.6904 -10.1984 -8.56797 -10.5958 -9.43871 -9.2536 -8.64208 -9.04193 
10.1779 -8.95918 -8.87651 -7.41633 -10.3518 -10.4836 -7.65866 -10.1887 -9.47871 -9.03966 -8.24304 -7.84695 
10.0003 -9.25239 -9.78267 -8.2145 -10.2004 -10.2279 -8.34421 -9.93105 -9.51718 -9.15448 -8.93276 -8.45867 
10.0313 -9.24999 -10.6785 -8.11971 -10.4083 -9.64146 -8.64615 -10.0565 -8.86636 -9.32606 -8.84606 -8.2153 
9.71662 -9.38806 -10.5831 -7.63155 -10.2122 -10.218 -9.26252 -10.1981 -9.43842 -9.37856 -8.81557 -8.22899 
9.67201 -9.28335 -10.5801 -7.57809 -9.43658 -9.36156 -9.58478 -9.81183 -10.0053 -9.5148 -9.02837 -7.90665 
10.1265 -9.28639 -10.7687 -7.54219 -9.63601 -9.53195 -9.71182 -9.41123 -9.49165 -10.384 -8.54228 -8.1471 
10.1975 -9.4604 -11.3497 -7.5701 -9.48921 -9.91945 -9.68321 -9.23073 -9.86147 -9.90148 -9.14478 -8.38098 
9.95658 -9.47027 -10.9303 -7.97682 -9.96004 -10.2288 -9.93245 -9.46021 -10.6575 -8.93967 -8.64681 -7.95005 
10.2477 -9.3643 -10.1179 -7.96095 -10.0669 -9.4013 -8.98851 -9.17663 -10.1102 -9.83018 -9.63127 -8.03483 
10.0248 -9.4158 -10.3262 -7.7592 -10.3468 -8.59374 -9.16859 -9.28685 -10.023 -10.5018 -10.0685 -8.09745 
10.4962 -9.25738 -10.4582 -7.21556 -10.6538 -8.41912 -8.99106 -9.18662 -9.84234 -10.2897 -9.74438 -7.91375 
10.1504 -9.42815 -10.6378 -7.2487 -10.8934 -8.85034 -9.05247 -9.45066 -9.88066 -10.373 -9.57638 -8.27804 
10.0541 -9.25961 -10.9818 -7.72797 -7.91478 -9.58481 -9.22069 -10.1635 -9.88058 -9.49553 -9.29324 -8.25926 
10.2891 -8.64728 -10.3184 -7.48588 -8.42835 -7.55446 -8.52693 -9.19006 -9.42304 -8.9236 -8.64281 -7.76804 
10.4097 -9.26383 -10.7843 -8.16647 -10.1805 -9.34275 -9.56869 -8.80988 -9.3521 -9.56568 -9.06855 -7.67683 
10.1748 -9.14299 -10.1051 -7.89578 -10.2661 -8.91139 -9.49036 -8.93151 -9.3869 -9.81286 -8.8078 -7.62192 
10.0073 -9.0287 -9.44526 -8.09353 -10.3403 -9.18852 -9.17385 -8.31811 -9.31247 -9.73276 -8.93116 -7.70338 
9.88446 -9.20255 -10.3784 -8.01762 -10.2622 -9.06846 -9.51909 -8.77197 -9.25172 -9.4867 -9.03091 -8.04438 
9.81676 -8.94905 -9.80986 -8.30372 -10.0875 -8.20411 -9.16035 -9.28702 -9.26293 -8.37093 -9.0905 -7.82656 
9.78929 -9.00944 -10.0128 -8.35173 -9.42051 -8.65715 -8.60549 -9.06506 -9.53588 -9.48689 -9.37474 -7.80603 
10.3943 -8.46025 -9.24687 -7.2765 -9.29933 -8.39602 -8.30826 -8.22461 -8.92289 -9.10938 -8.4574 -7.66376 
10.325 -8.56743 -9.61243 -7.4932 -9.0287 -8.22297 -8.40729 -8.29551 -9.1842 -8.57972 -8.5386 -8.15072 
10.3789 -8.5807 -9.65728 -7.43932 -8.61967 -8.10476 -8.03726 -8.81811 -9.37531 -8.75892 -8.905 -8.07351 
10.0087 -8.74766 -8.69155 -7.49268 -10.3545 -8.36264 -8.4727 -9.1005 -8.70273 -8.9245 -9.30369 -8.28361 
9.81067 -8.74459 -9.81824 -7.02816 -9.71241 -8.12199 -8.62752 -8.54674 -8.89062 -9.09327 -9.3507 -8.3227 
10.2741 -8.79261 -9.5655 -7.49473 -9.96902 -8.83656 -8.93618 -8.64518 -8.60018 -8.82918 -9.17479 -8.10241 
10.1331 -8.79874 -9.34119 -7.14499 -9.48811 -8.76869 -8.10057 -8.64775 -9.67268 -9.56229 -9.2369 -8.2162 
10.0605 -9.33373 -9.75822 -7.06928 -10.238 -9.03846 -9.20704 -9.69538 -10.0848 -9.65066 -9.66405 -9.05733 
10.156 -9.51748 -10.893 -7.3529 -9.5928 -8.81356 -8.84206 -10.1795 -10.8792 -9.55149 -9.59653 -9.46986 
10.1452 -9.20443 -9.27174 -7.11003 -8.60434 -8.88918 -8.96352 -9.69002 -10.6149 -9.46497 -9.90829 -9.55402 
10.2771 -9.0795 -8.96784 -7.33993 -9.29067 -9.01369 -8.8255 -9.49034 -9.06051 -9.63259 -8.73941 -10.1966 
10.2628 -9.43237 -10.1217 -7.90869 -10.19 -9.22779 -9.05293 -9.66975 -9.10739 -10.0531 -9.04136 -9.8699 
10.3726 -9.5047 -10.2212 -8.65094 -9.28698 -9.21237 -9.41538 -9.18235 -9.40437 -10.0914 -9.79266 -9.7379 
10.18 -9.56342 -9.07332 -9.55404 -8.52223 -9.44696 -9.09343 -9.69611 -9.82591 -10.8582 -9.97335 -9.64261 
10.2738 -9.50709 -10.2581 -9.7438 -9.85516 -9.39464 -8.86288 -9.25634 -8.98896 -9.83006 -9.34957 -9.45176 
10.1644 -9.44102 -9.37236 -9.71996 -10.189 -9.3286 -9.10819 -9.40699 -8.78286 -9.37803 -9.67524 -9.34923 
10.1328 -9.48865 -9.48839 -9.55218 -10.0128 -9.57271 -9.15379 -9.31042 -8.9414 -10.1429 -9.36351 -9.38611 
10.1713 -9.54879 -9.61199 -9.0829 -10.0307 -9.32108 -9.16132 -9.45874 -9.74753 -10.2694 -9.56169 -9.3452 
9.94084 -9.58376 -10.1092 -8.89414 -9.79965 -8.56969 -8.87195 -9.83305 -10.8129 -10.2797 -9.57952 -9.1384 
9.56496 -9.55205 -9.82748 -9.18368 -9.73052 -8.7277 -9.26945 -10.2209 -10.9051 -10.0902 -8.48286 -8.9852 
9.5475 -9.63593 -9.83518 -9.42297 -9.66608 -9.30464 -9.22377 -10.181 -11.0363 -9.71579 -9.0883 -8.83422 
9.38184 -9.41105 -9.92312 -9.11605 -9.79773 -8.71058 -8.83233 -8.7948 -10.2906 -10.565 -9.04323 -8.85532 
9.42784 -9.61304 -9.91102 -9.33931 -9.24791 -10.0758 -9.29225 -9.36495 -9.51079 -10.5672 -9.61131 -9.21838 
9.8791 -9.87002 -9.77311 -9.43336 -9.9676 -10.6451 -9.68944 -9.76305 -10.1997 -10.507 -9.08668 -9.52258 
9.83602 -9.73142 -9.51369 -9.44536 -9.72626 -11.1709 -9.45098 -10.3565 -9.56859 -10.185 -8.75506 -9.1152 
9.94702 -9.36834 -9.35126 -9.19197 -8.25788 -9.41553 -8.81179 -9.89589 -10.3563 -10.1173 -9.00965 -9.32132 
10.0077 -9.39713 -9.51307 -8.80291 -8.4807 -8.37818 -8.65424 -10.3711 -10.713 -10.3101 -9.2351 -9.31275 
9.94875 -9.43947 -9.84311 -8.97935 -8.13719 -8.49468 -9.09361 -11.087 -10.7787 -9.2862 -9.26922 -9.30598 
10.0142 -9.52088 -9.71672 -8.25523 -8.79749 -9.61731 -9.3279 -10.8779 -10.4333 -9.79193 -9.64139 -8.83657 
9.89466 -9.31367 -9.17793 -8.24244 -8.96804 -9.55045 -9.56985 -10.0202 -8.92803 -10.4217 -9.56254 -8.76715 
9.87982 -9.9117 -10.1779 -9.59949 -9.36001 -10.1427 -9.9953 -10.9279 -9.79799 -10.2125 -10.0276 -8.79586 
9.78155 -9.9079 -10.4647 -10.1794 -9.99491 -9.91187 -9.29135 -10.4983 -9.98592 -10.3655 -9.54172 -8.81943 
9.67008 -9.72045 -9.44529 -10.5726 -9.48717 -10.296 -8.94888 -10.4506 -9.6074 -10.4307 -9.02475 -9.04196 
9.87216 -9.42359 -9.69226 -10.1041 -9.17141 -10.2469 -9.80302 -10.1015 -7.12969 -10.1232 -9.04876 -8.999 
9.62113 -9.46617 -9.48116 -10.3111 -9.87466 -10.4611 -9.86036 -9.08595 -6.99143 -10.1034 -9.25085 -9.05184 
9.98182 -9.75313 -9.26445 -10.2534 -10.3829 -10.4706 -9.9119 -9.5099 -7.79831 -10.4512 -9.65868 -9.90027 
9.93648 -9.36068 -9.99687 -9.15984 -10.123 -10.0768 -9.1194 -9.0186 -7.57964 -9.93778 -9.20717 -9.31778 
10.1484 -9.08356 -9.95004 -8.54989 -9.90538 -10.4207 -8.85191 -8.02376 -7.73937 -9.86987 -8.84516 -8.91198 
10.1801 -9.26546 -9.77175 -9.20879 -10.0289 -10.0607 -9.88574 -8.13052 -8.34608 -9.47694 -9.15587 -8.65087 
9.86901 -9.42849 -8.49025 -10.1538 -10.1916 -10.1777 -9.9536 -8.48752 -9.10616 -9.56936 -9.22221 -9.07515 
9.67399 -9.33836 -9.52322 -10.3716 -10.0129 -9.53737 -10.0106 -8.12012 -8.24458 -8.8479 -9.46451 -9.11666 
9.79675 -9.29347 -9.65046 -10.6353 -9.31103 -9.97238 -9.81497 -7.48717 -9.00783 -9.6357 -8.4948 -9.13704 
9.84987 -9.41993 -9.3079 -10.3505 -10.0085 -9.66453 -10.7417 -7.51882 -8.90541 -9.74601 -8.92884 -9.173 
9.75737 -9.51899 -8.83635 -10.3517 -9.89754 -10.1664 -10.5638 -8.36589 -8.8506 -9.95248 -9.24841 -9.04654 
9.85285 -9.69228 -8.49037 -10.55 -10.19 -10.2116 -10.5796 -9.32737 -9.28262 -9.79757 -9.48215 -9.10593 
9.84073 -9.58912 -8.41934 -10.5762 -10.0438 -9.90209 -10.521 -8.68987 -9.37036 -9.85098 -9.39819 -9.04674 
9.87336 -9.68355 -8.91615 -10.6075 -9.81158 -10.451 -10.4479 -9.92855 -9.07255 -9.49957 -8.68352 -9.61218 
9.89005 -9.67045 -8.99443 -9.89914 -9.86664 -9.6331 -9.53515 -10.6229 -9.15572 -9.7414 -9.33554 -9.86061 
9.70078 -9.41247 -8.8726 -10.0701 -9.31532 -9.70807 -9.47913 -11.2353 -8.7221 -8.29059 -9.40224 -9.1672 
9.69691 -9.45658 -8.89939 -10.6514 -10.0433 -8.74308 -9.23483 -10.1177 -8.74661 -9.9008 -8.99172 -9.16653 
9.85474 -9.35806 -8.62671 -9.7576 -9.81531 -9.73878 -9.24915 -10.1019 -8.78229 -9.94396 -8.69602 -8.85816 
10.1701 -9.77772 -9.17235 -10.5994 -10.3404 -10.3525 -9.16269 -10.734 -8.94768 -10.1881 -8.97837 -9.06945 
10.0623 -9.61283 -8.69558 -10.5407 -10.3393 -10.5132 -9.07268 -10.4851 -8.98386 -9.96167 -9.0141 -8.59521 
9.60937 -9.52645 -9.28876 -9.95293 -10.4513 -10.5152 -8.21973 -9.63984 -9.06252 -10.0592 -9.23715 -8.79523 
9.83431 -9.48363 -9.33869 -9.99051 -9.76234 -10.6101 -8.89904 -9.75945 -9.18126 -9.83312 -9.09959 -8.31899 
10.1187 -9.27627 -9.39105 -9.08789 -9.85038 -9.12468 -9.00516 -10.1363 -9.19651 -9.66116 -8.7389 -8.66933 
10.1108 -9.24571 -9.408 -8.83212 -9.96288 -10.4489 -8.99642 -9.69726 -8.70609 -9.72885 -8.36387 -8.5162 
9.99359 -9.30808 -9.10771 -8.9269 -10.0963 -10.3763 -8.89472 -9.73334 -9.16381 -9.73847 -8.40397 -8.58847 
9.91592 -9.06806 -9.00167 -8.99585 -10.1321 -9.93837 -8.6585 -8.77998 -9.25183 -9.54234 -8.23823 -8.32008 
10.0136 -9.21415 -9.39834 -9.26173 -10.2089 -10.3373 -8.54099 -8.92326 -9.38907 -9.41838 -8.48929 -8.17353 
9.88194 -8.9752 -9.39257 -9.87768 -10.1644 -9.44391 -8.35953 -8.57967 -8.91097 -9.41207 -8.06757 -7.60911 
9.95423 -9.17486 -9.53533 -9.9627 -9.81024 -9.70906 -8.55742 -9.10396 -9.34678 -9.29418 -8.1667 -8.12904 
10.3298 -9.28594 -9.53533 -10.6993 -9.97634 -10.2789 -8.73566 -9.04887 -9.05852 -9.1339 -8.21756 -8.29287 
10.5812 -9.14092 -9.38907 -10.305 -10.1521 -9.65791 -8.677 -8.81115 -9.22521 -9.15552 -8.09124 -7.93384 
10.4637 -9.24441 -9.48753 -9.55273 -10.0022 -10.1109 -8.95923 -8.63011 -9.21626 -9.46041 -7.9918 -9.05074 
9.92496 -9.24845 -9.54266 -9.31689 -9.9893 -10.147 -8.92653 -9.03066 -9.33867 -8.80768 -8.06014 -9.49717 
9.87547 -9.23763 -9.333 -9.29627 -10.0544 -9.54664 -9.04683 -9.03066 -9.48476 -9.24086 -8.22473 -9.13882 
9.74402 -9.10625 -9.32792 -8.96667 -9.91217 -9.41012 -8.8325 -8.83779 -9.41448 -9.11957 -8.05291 -9.33054 
9.62177 -9.03566 -9.4336 -9.03167 -9.86065 -9.15543 -8.93372 -9.35426 -9.53435 -8.46165 -7.82622 -8.86504 
9.76135 -9.11384 -9.49507 -8.45273 -9.67373 -9.39036 -8.3633 -10.0447 -9.27327 -8.89751 -8.53191 -9.02063 
9.65697 -9.33615 -9.7748 -8.77924 -8.76654 -9.58236 -8.87026 -10.6688 -9.13668 -9.99527 -8.91606 -8.95738 
9.86834 -9.43164 -10.0298 -9.40666 -9.69771 -9.09674 -8.91018 -10.4196 -9.27353 -10.0399 -8.93097 -8.72709 
9.78535 -9.54982 -10.1688 -9.31452 -10.0406 -9.11445 -8.86495 -10.3748 -9.21014 -10.0084 -8.45244 -9.94473 
9.67566 -9.55694 -10.0695 -9.22438 -9.862 -8.8246 -8.94689 -10.3213 -9.20331 -9.85468 -8.76808 -10.3938 
9.7276 -9.59754 -10.0624 -8.83823 -10.0885 -9.10113 -9.10575 -10.563 -8.97877 -9.50462 -9.54777 -10.1617 
9.60479 -9.70255 -10.0071 -9.34488 -10.5653 -9.27214 -8.70197 -11.0067 -9.19316 -9.63882 -9.32307 -10.1885 
9.78592 -9.45391 -9.27438 -9.35693 -10.2841 -9.25278 -9.06269 -9.64791 -9.18347 -9.51774 -8.87704 -10.0989 
9.73738 -9.52139 -9.29799 -9.01986 -10.3737 -9.2953 -8.99749 -10.1964 -8.83705 -9.91119 -9.5083 -9.69998 
9.8563 -9.4469 -8.88505 -8.91682 -9.89919 -9.44557 -8.91368 -9.79439 -9.21115 -9.90754 -9.43002 -10.1146 
10.0319 -9.60951 -9.6592 -8.80352 -10.4511 -9.31869 -8.86369 -9.81058 -9.11908 -9.86237 -9.72578 -10.4958 
9.92051 -9.29458 -8.18688 -9.0136 -10.3249 -9.39586 -8.73929 -9.08188 -9.08958 -9.33214 -9.77612 -9.93705 
9.72271 -9.46945 -9.03424 -9.28055 -10.2233 -9.23908 -8.79954 -9.4503 -8.95109 -9.46412 -9.95486 -10.4074 
9.62073 -9.27095 -8.40543 -9.13878 -10.2617 -9.23328 -8.84052 -9.48827 -7.98089 -8.84123 -10.0264 -10.2181 
9.52173 -9.11809 -8.44492 -9.09495 -9.841 -9.36234 -8.82388 -9.47807 -7.86347 -8.98237 -9.8033 -9.6687 
9.77862 -9.00442 -7.82672 -9.23372 -10.0518 -9.26097 -8.81717 -9.85554 -6.46726 -8.80052 -9.80937 -10.0983 
9.69085 -9.06874 -8.63499 -9.20202 -9.21371 -9.21883 -8.8444 -9.88094 -7.80225 -8.48925 -9.63385 -10.0396 
9.60059 -9.23627 -8.86817 -8.68008 -9.63637 -8.56905 -8.6674 -9.92899 -8.67183 -9.31499 -9.96063 -10.1375 
9.27533 -9.07949 -9.33377 -8.69369 -9.18818 -9.02964 -8.62668 -9.73684 -8.44417 -8.50838 -9.81709 -9.4495 
9.26125 -9.01532 -9.3171 -9.10497 -10.3584 -8.4039 -8.20438 -9.46518 -8.7182 -8.16449 -9.7053 -8.7009 
9.49915 -9.1526 -9.58348 -8.94846 -9.83897 -8.99445 -8.90225 -9.69627 -8.37354 -8.62129 -9.71191 -8.97775 
9.75578 -9.48182 -10.4855 -9.04139 -10.2064 -9.66709 -8.84111 -9.52072 -8.98788 -8.94705 -9.72659 -9.33295 
9.69155 -9.38121 -10.7214 -9.14499 -10.2611 -10.0895 -8.7771 -9.50049 -7.72558 -8.72836 -9.44786 -9.29845 
9.83216 -9.57627 -11.1364 -8.99322 -10.5194 -9.62132 -8.83572 -9.15542 -9.70534 -8.71367 -9.78021 -9.28773 
9.74957 -9.72118 -10.8706 -9.01438 -10.7444 -10.0367 -8.75782 -9.60742 -10.3756 -8.63258 -10.0847 -9.02376 
9.84732 -9.72663 -10.9772 -9.23259 -10.5233 -10.3625 -8.8546 -9.40779 -10.156 -8.50824 -9.87177 -9.34163 
9.84419 -9.65286 -10.7573 -9.22987 -10.3583 -9.93423 -8.8075 -9.35484 -10.0109 -8.98551 -9.30595 -9.4346 
9.89143 -9.40257 -10.7678 -8.26187 -9.91425 -9.79353 -8.76213 -9.33668 -9.49492 -8.47781 -9.79491 -9.19537 
9.9703 -9.60371 -10.9717 -8.91987 -10.3569 -10.045 -8.8444 -9.49812 -9.87504 -8.33312 -9.99872 -9.38655 
9.79451 -9.46896 -10.9401 -8.43266 -10.2892 -10.1321 -8.73102 -9.20881 -9.71146 -8.00125 -9.86144 -9.34438 
9.59208 -9.32684 -10.0299 -8.59926 -10.0858 -10.765 -8.8444 -8.96912 -9.69453 -7.88883 -9.30434 -9.25516 
9.43991 -9.39485 -10.3697 -8.18799 -10.5766 -10.6376 -8.75696 -8.9419 -9.59603 -7.83546 -9.26131 -9.56481 
9.36744 -9.32127 -10.3997 -8.6854 -10.0171 -10.4823 -8.24707 -9.2393 -10.5118 -7.87724 -9.1393 -9.01006 
9.4057 -9.56236 -10.1874 -8.52227 -10.007 -10.1738 -8.86761 -10.3209 -10.5201 -7.76018 -9.75456 -9.338 
9.19516 -9.57282 -10.0838 -8.68269 -10.2099 -10.214 -8.56821 -10.3059 -10.5226 -7.56897 -9.52202 -9.76625 
9.37352 -9.36647 -9.29146 -8.47393 -9.69565 -10.069 -8.55076 -9.3227 -10.6913 -7.86245 -10.0264 -9.66744 
9.37508 -9.32824 -9.90729 -8.58945 -9.19499 -9.67118 -8.33943 -9.65449 -10.6179 -8.02785 -9.53025 -9.80479 
9.40166 -9.39018 -9.75728 -8.49859 -9.82942 -9.48251 -8.70589 -10.8805 -9.48889 -7.7131 -9.71025 -9.81106 
9.37047 -9.35876 -9.74585 -8.39692 -9.10127 -9.3177 -8.86733 -10.9561 -9.35293 -7.92581 -9.83045 -9.74477 
9.44347 -9.37484 -9.51236 -8.49506 -9.32735 -10.0056 -8.99032 -11.0354 -9.14549 -8.27074 -9.22654 -9.77831 
9.42387 -9.41742 -10.6368 -7.84935 -10.2118 -9.0739 -9.11843 -11.0354 -9.18923 -8.37361 -9.30077 -9.63027 
9.36833 -9.56438 -10.2505 -8.50027 -9.75677 -9.77563 -8.9749 -11.0413 -9.57202 -8.63754 -9.68945 -9.4154 
9.69455 -9.52287 -10.2482 -8.40718 -9.88417 -9.79149 -9.16631 -10.8724 -9.43932 -8.55721 -9.69191 -9.31523 
9.78658 -9.60508 -10.7347 -8.50027 -9.8014 -9.68172 -9.56915 -10.9408 -9.14352 -8.77065 -9.4355 -9.24593 
9.99365 -9.54981 -11.0077 -8.3175 -9.895 -10.3369 -9.59366 -10.9033 -8.57004 -8.45482 -9.37056 -9.15022 
9.8543 -9.66397 -11.0619 -8.50027 -10.157 -10.6875 -9.50209 -10.8975 -8.68358 -8.58256 -9.32839 -9.19486 
9.83381 -9.6843 -10.697 -8.45224 -10.0562 -10.6957 -9.26243 -10.9834 -9.22531 -8.77444 -9.38425 -9.41489 
10.1321 -9.59781 -10.8544 -8.50027 -9.9122 -10.5362 -9.11319 -11.0111 -9.06914 -8.46199 -9.27269 -8.92588 
9.78351 -9.70463 -10.894 -8.44387 -10.2656 -10.2652 -9.6219 -10.9607 -9.42402 -8.60319 -9.53525 -9.03841 
10.0669 -9.59451 -10.6259 -8.44257 -10.1606 -10.5697 -9.57862 -11.2021 -8.73904 -8.52833 -9.5274 -8.66717 
9.64256 -9.6349 -10.7048 -8.45738 -9.83223 -10.5324 -9.44452 -10.8173 -8.72893 -9.05703 -9.6292 -9.11379 
9.53227 -9.28905 -10.0892 -7.76741 -9.49563 -9.88169 -9.07454 -9.12574 -9.10433 -9.14502 -9.79779 -9.34227 
9.32254 -9.33942 -9.66015 -8.50027 -9.88551 -9.90515 -9.06536 -9.82656 -9.1229 -9.00649 -9.47094 -9.04615 
9.71648 -9.46689 -9.66089 -8.44991 -9.90819 -9.92021 -9.51967 -10.4535 -8.77357 -9.27993 -9.51393 -9.26516 
9.88132 -9.3905 -9.92737 -8.33054 -9.24094 -9.98141 -9.14494 -10.1468 -8.82544 -9.86719 -9.28885 -9.16307 
9.76662 -9.45075 -9.90498 -8.37863 -8.79234 -10.0502 -9.22532 -11.2507 -8.60109 -9.51798 -9.4744 -9.12948 
9.8387 -9.38245 -9.20671 -8.2749 -9.16748 -9.02732 -9.27813 -11.0981 -9.5528 -10.0432 -9.39375 -8.9678 
9.69354 -9.21235 -9.15 -8.22619 -8.62779 -8.72248 -8.89353 -11.1833 -8.80291 -10.1697 -9.52087 -9.02416 
9.98858 -8.58805 -8.15485 -7.91655 -7.90201 -8.18356 -8.15157 -10.2015 -9.06221 -8.93289 -8.89153 -8.59745 
10.0431 -8.57037 -8.23884 -7.83669 -7.73028 -8.16649 -8.18005 -9.54598 -8.74018 -9.38933 -9.01716 -8.7212 
10.3711 -8.77493 -8.49312 -8.32507 -8.00192 -8.26767 -8.39172 -10.1011 -8.77628 -9.26761 -8.9194 -8.98819 
10.0494 -8.68902 -8.37181 -8.35786 -7.59482 -8.21631 -8.56179 -10.022 -8.59077 -9.10651 -8.95961 -9.29589 
10.2361 -8.71813 -8.66395 -8.24287 -8.02644 -8.22826 -8.66677 -9.34622 -8.57538 -9.00467 -8.9972 -9.50417 
10.1276 -8.63596 -8.534 -8.31453 -7.81477 -7.83269 -8.25608 -9.54165 -8.43268 -9.32138 -8.92414 -9.45767 
10.2208 -8.83342 -8.57764 -8.25479 -8.37243 -7.82674 -8.3199 -10.3297 -8.99745 -9.27995 -8.78024 -9.56864 
10.1549 -8.79441 -8.62064 -8.07226 -8.20981 -7.78747 -8.46899 -10.2523 -8.92442 -8.88704 -8.88316 -9.72871 
10.1026 -8.75213 -8.37438 -8.08432 -7.84656 -7.93801 -8.64804 -10.4534 -8.90262 -9.11465 -8.82326 -9.6367 
10.2894 -8.71024 -8.37754 -8.30652 -7.75564 -8.02024 -8.79126 -9.91223 -8.87817 -9.34727 -8.66102 -9.19858 
9.96226 -8.735 -8.44617 -8.35622 -8.33794 -7.70948 -8.36109 -10.3376 -8.88614 -9.3235 -8.80217 -8.94616 
9.82202 -8.74444 -8.45643 -8.31405 -7.62195 -8.29782 -8.64001 -10.6166 -8.99414 -9.08197 -8.95345 -8.43408 
9.78018 -8.76537 -8.68626 -7.91425 -7.65502 -8.80272 -8.74334 -9.80066 -8.98764 -9.11152 -9.06179 -8.91628 
9.75872 -8.87928 -8.46838 -8.18181 -8.10926 -8.91894 -8.85918 -9.51562 -8.83214 -9.18255 -9.21261 -9.37857 
9.77068 -9.03651 -8.51384 -8.46933 -8.34956 -9.16712 -9.69373 -9.44995 -8.99745 -9.10739 -9.15534 -9.4445 
9.87985 -8.96761 -8.64981 -8.17969 -8.3654 -9.11092 -9.56214 -9.26434 -8.96327 -9.25315 -8.96647 -9.39436 
9.94771 -8.93971 -8.21605 -8.42985 -8.29763 -9.26028 -9.78894 -9.07143 -8.84312 -9.1689 -8.91702 -9.40521 
9.8858 -8.88971 -8.51693 -8.4271 -8.26152 -9.25504 -9.97283 -8.25525 -8.75696 -8.8606 -9.08558 -9.45651 
9.96884 -8.95197 -8.34094 -8.13574 -8.26378 -8.94135 -9.90427 -9.45467 -8.64228 -9.43137 -8.85711 -9.46455 
9.94677 -8.8894 -8.04905 -8.31148 -8.15366 -9.04637 -10.0474 -8.9524 -8.61558 -9.26519 -8.82461 -9.46303 
9.91433 -8.89823 -8.54605 -7.7164 -8.25024 -8.79659 -10.3321 -9.41002 -8.90377 -9.47973 -8.11009 -9.22468 
10.0977 -9.07008 -8.3784 -8.36481 -8.28722 -8.98392 -9.70007 -10.2204 -8.9257 -9.40343 -9.0506 -9.45651 
9.93059 -9.13405 -8.2711 -8.48156 -8.34845 -9.76931 -10.2878 -10.208 -8.78414 -9.28412 -8.93915 -9.11306 
10.0328 -9.14755 -8.54894 -8.61279 -8.2454 -9.78348 -10.0739 -10.5787 -8.82974 -9.04347 -8.98087 -8.76899 
10.0191 -9.16465 -8.57515 -8.71105 -8.35816 -9.08236 -10.4134 -10.3786 -8.98146 -9.28371 -9.05774 -8.6343 
9.86846 -9.13845 -8.56292 -9.26663 -8.16502 -9.67093 -10.3165 -9.81484 -8.99745 -9.15659 -9.07683 -8.33546 
9.62176 -9.23146 -8.27854 -9.1812 -8.63025 -9.60448 -10.4626 -9.9075 -8.93393 -9.32138 -9.42274 -8.61697 
9.9207 -9.1215 -8.23239 -9.34081 -8.46706 -9.16721 -10.5825 -9.77775 -8.16621 -9.2981 -9.30497 -8.98374 
9.79399 -9.20155 -8.39173 -8.6004 -8.75743 -9.28844 -10.5688 -9.70451 -9.01905 -9.31857 -9.29228 -9.13999 
9.91603 -9.0938 -8.33743 -8.2496 -8.65831 -9.32894 -10.399 -8.88094 -8.97238 -9.32138 -9.18297 -9.45527 
9.89061 -9.0124 -8.33405 -8.65273 -8.53284 -9.26123 -10.4538 -9.18471 -8.34368 -9.22986 -9.06338 -9.35107 
9.98147 -9.15997 -8.1581 -9.45149 -8.6771 -9.12727 -10.3894 -10.227 -9.26546 -8.67015 -9.05556 -8.55679 
9.86489 -9.15586 -7.97366 -9.41133 -8.74001 -9.25625 -10.2202 -10.0056 -9.35254 -8.57539 -8.95416 -9.02851 
9.86882 -9.0103 -7.17322 -9.20467 -8.6735 -9.24714 -9.72268 -9.61283 -9.07998 -9.02874 -9.20543 -9.25129 
9.79934 -9.00745 -7.19332 -8.92587 -8.65276 -9.01218 -9.52343 -9.742 -9.49284 -9.32004 -8.91892 -9.241 
9.68786 -8.94469 -7.48539 -8.78906 -8.67985 -8.58286 -9.77678 -9.87385 -9.42989 -8.80722 -9.13537 -9.00921 
9.66418 -8.97514 -7.27227 -8.94189 -8.74016 -8.76788 -10.1117 -9.44003 -8.74508 -9.32138 -9.24352 -9.02491 
9.53788 -9.14075 -8.00143 -9.15206 -8.74001 -9.07759 -10.3053 -9.46701 -9.43132 -9.165 -9.07429 -9.01344 
9.56008 -9.12864 -8.14195 -9.03267 -8.56944 -9.21503 -9.97131 -9.31484 -9.38211 -9.32138 -9.19936 -9.12509 
9.7604 -9.1547 -8.39397 -8.56261 -8.35856 -9.26123 -10.0976 -9.60351 -9.46033 -9.28919 -9.24851 -9.31902 
9.74604 -8.99746 -8.48113 -9.00395 -8.57592 -9.07555 -9.42424 -9.46546 -8.82965 -9.07828 -9.35814 -8.63456 
9.79412 -8.87334 -8.00802 -9.19594 -8.60876 -8.98335 -10.1121 -9.25372 -7.78485 -9.25243 -9.07048 -8.5505 
9.7593 -8.936 -7.7381 -8.99735 -8.57053 -8.75729 -10.0058 -9.10534 -9.04548 -9.32502 -9.2548 -8.52891 
9.76035 -9.086 -7.89062 -9.06089 -8.85159 -8.62811 -9.64692 -9.50053 -9.9094 -9.56427 -8.79777 -8.87978 
9.69187 -8.98899 -8.55862 -8.73972 -8.83826 -7.9151 -9.41386 -9.33862 -9.71336 -9.31519 -9.09344 -8.97931 
