201 100
0.000104921 0.0021167 0.00246008
0.00850402 0.0528502 0.00636613
0.00963254 0.0720876 0.00655273
0.0100004 0.0972616 0.00622451
0.011162 0.114077 0.00662308
0.0117963 0.140267 0.00712621
0.0123491 0.152508 0.00675737
0.0127272 0.157083 0.00740554
0.0133324 0.163949 0.00689014
0.015162 0.171245 0.00772049
0.0151346 0.171786 0.00807365
0.0154839 0.18319 0.00763797
0.0158538 0.190146 0.0082664
0.0172633 0.206312 0.00750087
0.0175417 0.18835 0.00765034
0.0175279 0.200567 0.0079155
0.0186138 0.204677 0.00762514
0.0187666 0.221405 0.00772665
0.0203223 0.211556 0.00762553
0.0206028 0.214113 0.00807362
0.0209698 0.217361 0.00782759
0.0220269 0.231476 0.00768841
0.0214886 0.229813 0.00713404
0.0228471 0.241825 0.00798098
0.0233237 0.234794 0.00785688
0.0237358 0.220854 0.00811815
0.0226703 0.226151 0.00762706
0.0234092 0.222064 0.00811184
0.0245942 0.247063 0.00884389
0.0236532 0.256111 0.00726629
0.0249901 0.252188 0.00718238
0.0255049 0.263995 0.00769129
0.026139 0.274317 0.00762164
0.0260853 0.28736 0.00892671
0.0257975 0.272449 0.00794853
0.025852 0.26337 0.00757916
0.0254874 0.271068 0.00726715
0.0265522 0.300765 0.00770978
0.0269734 0.302385 0.00852529
0.0276379 0.310719 0.00774942
0.028001 0.29009 0.00830446
0.0278861 0.292638 0.00802203
0.0275046 0.323657 0.00841362
0.0276091 0.299369 0.00810015
0.0280417 0.333752 0.00762724
0.0285864 0.310667 0.00826625
0.0275697 0.33736 0.00881597
0.0276649 0.33758 0.008195
0.0284939 0.342292 0.00821274
0.0288739 0.370496 0.00796754
0.0300905 0.319319 0.0074791
0.0299109 0.332154 0.00777528
0.0308915 0.339074 0.00915063
0.0320223 0.363734 0.00847781
0.0306764 0.354104 0.00795184
0.0309533 0.331518 0.00777587
0.0307428 0.35649 0.00727858
0.0313002 0.344857 0.00783775
0.0315847 0.365517 0.00870203
0.0308449 0.370585 0.00821756
0.0313604 0.392319 0.00829295
0.0304006 0.352352 0.00898821
0.0308971 0.36197 0.00897937
0.0316077 0.383019 0.00822691
0.0326599 0.374439 0.00873584
0.0299725 0.346325 0.00889938
0.0300349 0.358732 0.00808206
0.031633 0.38513 0.00871514
0.0312966 0.358074 0.00812157
0.0315689 0.391472 0.00909444
0.0312695 0.395306 0.00827785
0.0311799 0.41992 0.00885721
0.0309286 0.431509 0.00818671
0.0304978 0.381117 0.00852286
0.0325442 0.37232 0.00920731
0.0317217 0.404615 0.00762425
0.0320739 0.439501 0.00866794
0.0317471 0.376211 0.00864428
0.031866 0.401574 0.00912103
0.0318076 0.381144 0.00839289
0.0320625 0.410359 0.00854102
0.032717 0.438116 0.00911381
0.0334724 0.438063 0.00839678
0.03331 0.434051 0.00856498
0.0327302 0.407151 0.00807401
0.0324635 0.410465 0.0087576
0.0327829 0.430595 0.00863795
0.0342841 0.453773 0.00793942
0.0343327 0.443513 0.00888151
0.0342121 0.454734 0.00773235
0.0339736 0.418809 0.00755053
0.0326272 0.430841 0.0085555
0.0333939 0.43719 0.00883813
0.0342005 0.459026 0.00887954
0.0335515 0.467939 0.00778198
0.0334989 0.427062 0.007899
0.0338821 0.456157 0.00844335
0.0338461 0.466605 0.00841039
0.0347513 0.444208 0.00813156
0.034105 0.469082 0.00810306
0.0338353 0.451795 0.00776414
0.0342457 0.47526 0.00841944
0.0338493 0.429088 0.00814887
0.0354923 0.471644 0.00923182
0.0348512 0.43539 0.00872384
0.0352106 0.453886 0.00833519
0.034667 0.429609 0.00831695
0.0351345 0.433413 0.00868192
0.0357301 0.451537 0.00875707
0.0355315 0.444523 0.00837264
0.0356433 0.446848 0.00787378
0.0358711 0.421701 0.00959429
0.0357457 0.452458 0.00748606
0.0381687 0.465702 0.00867913
0.0370819 0.429902 0.00762209
0.0384195 0.464388 0.00875466
0.0382418 0.473866 0.00809657
0.0380125 0.463355 0.00827161
0.0376084 0.473495 0.00879486
0.0395297 0.473935 0.00853766
0.0370854 0.459055 0.00859728
0.0378225 0.453121 0.00845451
0.0383022 0.481396 0.00764158
0.0366274 0.458818 0.00820483
0.0372492 0.442051 0.00810923
0.0365071 0.452865 0.00845296
0.0360429 0.489696 0.00851769
0.0366823 0.469918 0.00899191
0.0360479 0.477726 0.00848143
0.0372796 0.452649 0.00931596
0.0358434 0.469553 0.00811519
0.0364428 0.478204 0.00957101
0.0353047 0.479842 0.00811744
0.0369622 0.476999 0.00842884
0.0368614 0.454335 0.00813565
0.0376686 0.491551 0.00791696
0.0387589 0.450885 0.0085832
0.0397503 0.478846 0.00881208
0.0387207 0.497622 0.00851309
0.0378628 0.462863 0.0079905
0.0377881 0.505743 0.00939494
0.0372986 0.505601 0.00862172
0.0374888 0.47302 0.00869767
0.0385547 0.503402 0.00888271
0.0395542 0.485082 0.00885964
0.0382956 0.482387 0.00851345
0.0383778 0.491971 0.00799657
0.0379621 0.512324 0.0081974
0.0387182 0.505268 0.00962999
0.0376871 0.468289 0.00950574
0.0386684 0.508244 0.0095706
0.0381938 0.511697 0.0082477
0.0385105 0.517956 0.00853827
0.038151 0.475114 0.00872847
0.0369644 0.462812 0.00802532
0.0367936 0.524253 0.00844779
0.0390567 0.523 0.00886853
0.0381491 0.520982 0.00877931
0.0384682 0.479168 0.00919827
0.038217 0.518675 0.00933764
0.0383748 0.501973 0.00904158
0.0391922 0.48213 0.00861614
0.0387197 0.534085 0.00857574
0.037007 0.515296 0.00836712
0.0364679 0.557734 0.00956485
0.0366715 0.498691 0.0094269
0.037773 0.495379 0.00878981
0.0367126 0.51643 0.00860077
0.03717 0.48829 0.0080243
0.0370005 0.488596 0.00829176
0.0365148 0.510776 0.00872658
0.0358089 0.490414 0.00882039
0.0369213 0.500515 0.00918336
0.0366761 0.487065 0.00876007
0.0374269 0.527023 0.00851136
0.0365352 0.492269 0.00932853
0.0370764 0.528662 0.00860477
0.0360272 0.525217 0.00902573
0.0373962 0.505786 0.00849921
0.0363738 0.505183 0.00858731
0.0363435 0.528991 0.00821599
0.0356756 0.502638 0.00919075
0.0376862 0.508183 0.00829321
0.0372512 0.473428 0.00850216
0.0376875 0.493031 0.0088404
0.037737 0.520841 0.00849995
0.0376238 0.548031 0.0087396
0.037047 0.505788 0.00871283
0.0375226 0.51487 0.00858792
0.0371079 0.507198 0.00845036
0.0375192 0.509395 0.00747107
0.0374769 0.526054 0.00874022
0.0390073 0.52258 0.00959018
0.0385069 0.53932 0.00839865
0.038564 0.513622 0.00805028
0.0382442 0.541257 0.00928594
0.0379396 0.532002 0.00852633
0.0380261 0.513641 0.0087279
0.0382082 0.495022 0.00797517
0.0377619 0.496158 0.00884215
0.0375132 0.523949 0.00817829
