1936
0.0130422 95012
0.0515247 88194
0.00976566 46077
0.423895 74983
0.0523546 44950
0.00643032 62067
0.0668089 25551
0.257234 74973
0.106807 44965
0.0516629 85038
0.0681006 84952
0.788568 74952
0.0264901 35020
0.0139295 55411
0.241084 44490
0.000102318 35024
0.0471919 34984
0.000625391 83849
0.172209 15007
0.574769 15002
0.000250063 74483
0.0372487 7949
0.0316179 48886
0.00137689 16787
0.016159 94953
0.0222336 87200
0.0506961 34963
0.333119 74986
0.0443983 15040
0.04797 5028
0.0497585 45031
0.000125016 8634
0.0473136 54051
0.0186513 55032
0.0480922 13152
0.0633914 34969
0.128919 35019
0.115293 54998
0.000625391 5160
0.000250063 73301
0.0439601 7906
0.0540184 53670
0.0581273 14957
0.0845103 84989
0.104878 45010
0.0432968 29210
0.775444 94962
0.0392531 57089
0.152312 75021
0.107726 54999
0.265432 85023
0.0181065 85021
0.0523546 74995
0.00159092 34961
0.000250063 49782
0.0682188 15020
0.0407409 6601
0.000250063 1706
0.0506961 75048
0.0475763 94966
0.230274 95014
0.173226 75025
0.288963 84980
0.0442501 29093
0.0032606 54048
0.04797 5040
0.00187784 65039
0.0656928 6882
0.0186372 24973
0.050523 4961
0.0333439 23202
0.422523 4951
0.175937 65046
0.0131466 63638
0.208665 55043
0.803956 74950
0.109092 25033
0.215052 85034
0.0467956 64953
0.0198878 41083
0.0445805 65941
0.000750563 78269
0.141796 95017
0.000125016 84151
0.015873 65902
0.0108668 29355
0.0540184 88163
0.0176822 67040
0.0335485 57455
0.00755668 4049
0.0341262 4210
0.0273533 1379
0.057403 8756
0.00848847 66736
0.0524162 86453
0.0474152 51564
0.009846 7793
0.000125016 6093
0.0492051 82077
0.0592864 5850
0.0104949 39225
0.0459138 87252
0.00494661 98842
0.001001 7922
0.0506961 65721
0.00628931 15336
0.000875766 45936
0.0372217 34745
0.0051514 41507
0.00175307 7953
0.0334898 26088
0.0523546 35049
0.000125016 46893
0.0222478 72282
0.00631031 62404
0.0213201 76122
0.00403041 11646
0.000375141 2823
0.000125016 11778
0.00187852 86538
0.000625391 73727
0.0450841 54884
0.00288329 16543
0.169755 5648
0.0521379 49902
0.0183299 77900
0.00578325 88835
0.000250063 91117
0.0483822 5910
0.0486302 48794
0.00171902 85648
0.000250063 82163
0.000250063 35338
0.0195478 45880
0.0489946 28551
0.0576415 23268
0.00793751 54333
0.000750563 72671
0.0209651 42648
0.0576415 69248
0.0170539 51005
0.0451242 81981
0.000625391 90578
0.327085 51575
0.0506961 29276
0.000378319 26258
0.00666918 40738
0.252675 58673
0.000250063 13055
0.00213541 12027
0.036001 75171
0.000125016 15134
0.000625391 2329
0.0476191 58329
0.00250627 40496
0.00125156 20398
0.0472262 77412
0.00050025 31614
0.000125016 58979
0.00200401 48709
0.0345706 35305
0.0440021 44019
0.0263179 3314
0.0980064 89253
0.0450936 25597
0.000125016 66009
0.000957963 25976
0.0367521 64889
0.173412 29970
0.0465983 89227
0.004673 65758
0.0227497 33567
0.0523546 30489
0.00553042 34824
0.000125016 30008
0.00819156 99536
0.0540184 90525
0.0145847 97157
0.000250063 1076
0.0418992 91038
0.0334582 26064
0.0698048 92961
0.00050025 68678
0.047817 31599
0.000125016 93293
0.00946372 69991
0.0568681 38835
0.000125016 53455
0.000250063 57968
0.00875134 27192
0.0291245 76647
0.0415311 90190
0.124729 18485
0.0506961 31045
0.0523546 91108
0.0478062 95330
0.0899183 69056
0.0297336 25846
0.0500066 4712
0.0424415 29025
0.000375141 40637
0.00730295 49617
0.0501444 27832
0.0506961 52522
0.000125016 76502
0.034467 23786
0.000375141 66055
0.0576415 44841
0.0477565 51270
0.009846 37927
0.00050025 54534
0.0427529 12393
0.0051514 12687
0.0542327 32800
0.0346611 6835
0.00263191 32702
0.0447956 98887
0.0549745 97807
0.043569 24984
0.00363819 50389
0.0616643 79167
0.0506961 55014
0.0571477 10425
0.0307685 28092
0.0523546 51625
0.0472837 7702
0.00660003 95466
0.050623 40066
0.0520779 31951
0.0273576 9906
0.0112613 64490
0.00540405 38535
0.00238065 17571
0.0479127 43398
0.00187852 71504
0.0528651 61438
0.00565682 16833
0.000125016 62878
0.0502823 73687
0.0223642 41041
0.004032 89439
0.0464613 67778
0.000250063 94656
0.0506961 8915
0.0454783 20500
0.00250627 82104
0.0452051 92057
0.0506961 83759
0.0591818 49698
0.0505581 14092
0.0506961 10505
0.0593736 45107
0.000125016 34677
0.0140702 45261
0.0437245 70604
0.0516914 48361
0.026694 30846
0.0227563 42600
0.0232796 37147
0.0475581 1028
0.0475581 44763
0.0136847 12115
0.0354647 65402
0.000250063 48268
0.059322 90532
0.0540184 19313
0.000625391 61909
0.0229836 44892
0.00477267 31567
0.000625391 16134
0.000125016 59955
0.000921722 20042
0.001001 65918
0.00050025 15145
0.0189052 32521
0.0501444 81912
0.0400641 3431
0.0506961 98789
0.0467094 61187
0.107466 79243
0.0321494 75015
0.0442728 44038
0.0116338 66050
0.0358354 40141
0.0536982 68613
0.00238065 61733
0.0951403 69931
0.000375141 36059
0.00486582 78391
0.000750563 97503
0.101423 89982
0.000250063 82777
0.0506961 9879
0.0474209 78101
0.0476191 19980
0.0185152 14
0.0553487 79137
0.0772234 57329
0.00338643 28184
0.0596377 73951
0.00502513 56207
0.21005 1321
0.0276172 56561
0.00717613 18543
0.0576415 15517
0.000125016 61046
0.0381521 97576
4.15227e-06 58277
0.000606897 32799
0.000125016 98728
0.0576415 1926
0.00200401 43608
0.0107805 93929
0.0516629 72995
0.0454783 83549
0.0448205 95432
0.00175307 82242
0.0523546 90459
0.000375141 10303
0.00187852 50508
0.026218 73104
0.0459364 27440
0.000250063 73130
0.0357328 36904
0.0506961 62198
0.0107391 89312
0.0395233 94326
0.0505581 1488
0.0195506 6208
0.000375141 66872
0.0449321 30665
0.000375141 86386
0.0927539 52260
0.0138132 33200
0.00212953 12135
0.0274852 44478
0.0489052 54643
0.0169061 14515
0.000125016 75097
0.00819156 56238
0.00050025 18955
0.0482691 72295
0.00426814 62267
0.00231789 10594
0.0487677 63882
0.0513518 77715
0.0506961 97740
0.0122738 31164
0.0748689 34733
0.192355 98797
0.000125016 22501
0.00050025 79014
0.000125016 24557
0.00275758 75690
0.029318 77404
0.00125156 44745
0.0517334 73205
0.0434844 81201
0.00050025 30229
0.0125028 80227
0.000463395 71621
0.022835 27154
0.000125016 808
0.0516914 65626
0.0453029 79083
0.0724259 89022
0.00464649 95512
0.000625391 66236
0.0501444 11341
0.0239345 34905
0.000125016 98329
0.000625391 75811
2.22004e-05 87652
0.0271058 14813
0.0362694 62243
0.04797 41766
0.00124103 50038
0.0568681 58751
0.000250063 39039
0.00162764 97225
0.00116342 18595
0.000625391 25320
0.0198859 77811
0.0587612 15030
0.0470094 4187
0.000241552 59069
0.221372 16943
0.0118897 23367
0.00187852 36876
0.0474209 31268
0.000125016 55284
0.00730295 87716
0.000125016 18511
0.00679587 60900
0.0523546 67965
0.0501444 26480
0.00603622 67406
0.0315223 26285
0.00150225 83347
0.0140702 80309
0.011378 66400
0.0320193 91790
0.0124019 38250
0.221637 16305
0.0520779 8229
0.000125016 7921
0.0295195 96714
0.0576415 54596
0.0411479 65518
0.000250063 73199
0.000375141 21832
0.0118897 20688
0.0437327 19024
0.0540184 32572
0.00309547 18855
0.000750563 72912
0.0269576 30541
0.044135 96007
0.00489888 1753
0.0215001 12760
0.0523546 86454
0.0403829 1321
0.00125156 77459
0.0516629 43056
0.0015207 77740
0.113169 66832
0.00351229 20696
0.00050025 48713
0.0520779 37644
0.000447044 2296
0.00755668 6723
0.0520779 82149
0.0464571 28508
0.000875766 18029
0.000125016 73276
0.0506961 16078
0.00238561 44285
0.0395881 33238
0.158822 86029
0.0381521 49162
0.001001 99773
0.000125016 7828
0.0483257 76124
0.000690553 5099
0.0645876 64176
0.099525 78236
0.000375141 61126
0.0487677 23036
0.049719 96633
0.0495933 2797
0.001001 36956
0.0576415 17786
0.0689739 39509
0.000250063 52332
0.0520779 60985
0.0506961 90159
0.155204 9132
0.0298456 51980
0.113723 99536
0.0506961 8894
0.0540184 17505
0.0120869 57112
0.000375141 25699
0.0261673 53637
0.0280118 40274
0.00112627 50843
0.017294 65850
0.000400725 63188
0.0583701 51676
0.000125016 151
8.59384e-05 97137
0.48283 57898
0.00478664 31645
0.0476953 61669
0.00553042 46290
0.00232447 23298
0.0506961 55299
0.0540184 32119
0.0513518 46417
0.0506961 90052
0.00132736 35039
0.000125016 32850
0.0506961 92161
0.0511102 27123
0.0503876 9139
0.0140702 18122
0.0506961 93477
0.00263191 78210
0.0469795 63964
0.0476191 50239
0.00895447 45947
0.00162764 2896
0.0906035 17064
0.00553042 97795
0.0132707 8417
0.00687529 41390
0.0195117 49507
0.0410119 77166
0.00238065 52210
0.00045927 72193
0.0461248 52035
0.020311 40248
0.00844573 57320
0.0471465 28401
0.0277492 58704
0.00426814 31300
0.0131025 14913
0.0557252 64838
0.000125016 61488
0.0434476 9286
0.0494256 66132
0.0121457 54991
0.0558648 41826
0.156946 16912
0.0487677 96811
0.0465983 49492
0.059322 79947
0.0134279 44584
0.0116843 68597
0.00238065 25587
0.0330736 39704
0.0483822 98092
0.000875766 54886
0.000250063 44880
0.000375141 76691
0.0540184 41094
0.000750563 59303
0.0341496 49196
0.00050025 74409
0.00502513 6616
0.0335273 77986
0.00755668 45391
0.000375141 80188
0.036538 39652
0.0585478 54332
0.0506961 12886
0.000291494 20542
0.000375141 11271
0.0518012 44045
0.0501444 59438
0.0227912 1522
0.00300903 82854
0.00238065 9765
0.000375141 8560
0.0152284 43119
0.00112627 7531
0.0475581 8950
0.000298354 56218
0.0540184 80156
0.0501444 87610
0.0401523 28919
0.000250063 49703
0.00338643 44578
0.0111223 48157
0.0217133 15965
0.0475318 20332
0.000250063 84133
0.0495933 54930
0.00489888 38950
0.0051514 15749
0.0504202 86174
0.109583 845
0.1111 59076
0.0506961 15549
0.0170437 74265
0.0478429 96009
0.0490607 91450
0.0396361 99933
0.0523546 30676
0.050623 67667
0.00631303 82699
0.0425048 36904
0.000125016 58375
0.000125016 50797
0.000125016 61585
0.0315925 65096
0.0478326 93134
0.0523546 45931
0.0131712 19992
0.0553487 77631
0.0393881 57486
0.250352 29085
0.0463174 35219
0.00050025 82500
0.0253781 29024
0.0513076 8614
0.00819156 25243
0.000125016 21476
0.000375141 89062
0.0476953 26699
0.0589338 7837
0.000250063 88364
0.0130259 14641
0.0310195 47150
0.0475581 24078
0.000633294 69440
0.0565887 35700
0.0175007 47402
0.00175307 42327
0.0288787 62784
0.00162764 20708
0.0285324 75242
0.000625391 94121
0.00139786 40687
0.0506961 97595
0.000625391 47689
0.0064159 52917
0.0520779 76495
0.0346133 25930
0.000375141 56964
0.0315223 94673
0.0326578 35946
0.0121457 63451
0.0166476 69754
0.0501444 28224
0.000250063 75529
0.0506961 75986
0.000750563 95432
0.0476191 91466
0.000375141 95416
0.00768359 94824
0.000250063 76444
0.0540184 38141
0.0479993 15582
0.0513076 66382
0.0472416 89439
0.0157231 17153
0.111215 70682
0.0540184 23765
0.0136847 23028
0.00225507 89299
0.0456403 5728
0.00050025 94043
0.0540184 21385
0.0179536 14206
0.000375141 70982
0.00125156 79988
0.00426814 95567
0.000375141 55725
0.00666918 20290
0.205449 28065
0.000125016 48787
0.00300903 83266
0.00882724 81468
0.0383966 29932
4.54578e-05 30613
0.0569041 52649
0.000177781 52097
0.0405466 67072
0.0395892 25232
0.00624233 41744
0.0600239 39133
0.0483822 32847
0.0540184 80694
0.0031348 31654
0.0310179 94665
0.0487677 64213
0.0540184 11918
0.0285241 72277
0.00050025 85561
0.00225507 28679
0.0485256 89719
0.000250063 76111
0.0340541 12094
0.0437052 3259
0.0409479 75359
0.259711 31535
0.0905125 43266
0.0467353 20430
0.0506136 70435
0.0378352 15766
0.00781053 41155
0.000125016 34728
0.0268629 18191
0.000803548 92244
0.000375141 90237
0.000750563 67264
0.0157017 83311
0.216704 86885
0.0146246 90414
0.000375141 44746
0.000375141 24621
0.106195 63257
0.0469834 22545
0.0475187 10699
0.0031348 37319
0.037349 64559
0.000250063 41742
0.000375141 15117
0.0520779 47583
0.00351229 67384
0.00050025 16423
0.042617 84703
0.00175307 63563
0.107503 22897
0.0362075 49035
0.0145644 6142
0.000250063 51825
0.00717613 73636
0.00763118 25778
0.0483822 21762
0.00959112 47877
0.0506961 2558
0.0358669 46673
0.0520779 50155
0.00439422 84370
0.0365367 84084
0.0445228 73561
0.00229415 72797
0.129002 26312
0.00452135 19305
0.000125016 82199
0.0523546 54658
0.0825293 26925
0.00050025 46683
0.000147333 38840
0.0305294 97342
0.000375141 74069
0.000250063 11788
0.0697827 10805
0.00238065 71821
0.0501444 49021
0.000125016 44741
0.031744 75326
0.000125016 74737
0.0247137 54017
0.0188617 94104
0.0523546 28889
0.00478704 72882
0.00201264 83139
0.000125016 52654
0.00502513 87085
0.0467689 92004
0.0576415 27381
0.0469015 60339
0.001001 10359
0.00263191 18936
0.0386665 221
0.001001 29758
0.00125156 76629
0.000625391 68860
0.000625391 90363
0.0247214 39798
0.00946372 80059
0.0479434 62684
0.0487677 28531
0.0467353 36193
0.147416 79492
0.000250063 80990
0.0546025 45612
0.000125016 39447
0.0120781 48601
0.00401606 75292
0.0475534 68985
0.0272214 20905
0.0255096 95564
0.0351967 41706
0.045615 59040
0.0461875 54150
0.0520779 38363
0.091052 47913
0.0305609 49885
0.0520779 91187
0.0821279 25672
0.0500733 17323
0.470111 28568
0.0492542 25848
0.058164 73667
0.0326772 33455
0.251747 46320
0.0236139 92602
0.0448943 67720
0.000250063 67433
0.00414209 98797
0.0374182 69473
0.000875766 41551
0.0476689 12185
0.0120781 48602
0.0476191 89371
0.0508341 25355
0.0479993 26973
0.00137689 45280
0.0427746 44898
0.000625391 12249
0.0892354 35855
0.0523835 30872
0.00137689 35262
0.0124019 35337
0.0540184 50572
0.00654253 64809
0.0871416 85140
0.0556278 94673
0.00200401 31191
0.000250063 595
0.134099 60763
0.0279014 53779
0.0402383 17117
0.00806452 11396
0.049731 54345
0.0509262 58796
0.0101033 60051
0.00895447 85352
0.147398 41219
0.0117617 66865
0.0184724 77983
0.043507 19863
0.00565682 48625
0.000250063 1445
0.0127864 28279
0.0513865 86782
0.000875766 46176
0.0415311 53470
0.00175307 45282
0.0501444 71326
0.000125016 63089
0.000765177 93065
0.0111223 6642
0.0501444 69224
0.0476043 46053
0.0632642 43356
0.0349288 34336
0.000625391 16355
0.000125016 70398
0.00882724 76959
0.04797 5189
0.00162764 96528
0.0498963 25130
0.0461104 26840
0.000125016 73801
0.00742979 32772
0.0293361 13751
0.224911 89937
0.000875766 28962
0.0564849 94893
0.0248674 68080
0.0483822 6139
0.0520779 53328
0.0480807 1359
0.00045882 2492
0.00376412 1563
0.00300903 9082
0.00187852 93740
0.0456403 88607
0.0483822 45582
0.0165184 78628
0.0153691 87425
0.000250063 43295
0.00755668 39118
0.0528651 98780
0.000375141 18751
0.0509908 28298
0.0549745 98447
0.00717613 63103
0.0115059 58856
0.0148538 60189
0.0476191 83956
0.0487677 63658
0.0472416 74018
0.0177887 63198
0.0424368 87375
0.0546025 53236
0.0438413 59047
0.1139 58225
0.0427529 26986
0.0292037 30970
0.424722 53204
0.000125016 74700
0.0232545 69770
0.000625391 27742
0.0501444 9330
0.00526177 71132
0.0577824 82049
0.000375141 11749
0.00288329 43168
0.0906524 81794
0.00539163 13440
0.0394879 81555
0.040496 62751
0.0294658 87933
0.00243353 98007
0.00167579 63164
0.000125016 86748
0.0408835 11504
0.001001 27678
0.000375141 40029
0.0136081 81600
0.00363819 85822
0.00597855 18298
0.0510675 26621
0.0655338 337
0.0487412 86379
0.0135563 3515
0.00263191 55284
0.0292037 84235
0.0575543 89073
0.000125016 5511
0.000375141 34209
0.00768359 18707
0.000875766 62744
0.00175307 9811
0.0501444 98617
0.0560659 92456
0.00338643 23260
0.00946372 55425
0.0379572 78008
0.0216796 49106
0.00137689 40344
0.036941 74794
0.00933636 82616
0.0132996 97788
0.000375141 40948
0.0400416 38958
0.0416667 72967
0.0142947 42454
0.0197578 35644
0.0032606 34491
0.0476689 86540
0.0448484 1403
1.54697e-05 73250
0.0109946 51641
7.66968e-05 44086
0.0506961 72447
0.020214 49476
0.000375141 24706
0.0213339 19987
0.00781053 1392
0.00175307 19365
0.0298661 72205
0.000125016 86799
0.13362 29140
0.00162764 47408
0.0506961 43723
0.000625391 79154
0.0031348 27631
0.412382 8340
0.044684 17127
0.00150225 63251
0.000875766 60485
0.0207906 81666
0.0487677 4961
0.00848365 85219
0.0293361 5540
0.0451697 15641
0.000125016 5956
0.049731 30344
0.0540184 24619
0.000875766 38035
0.0593822 12871
0.000375141 53578
0.0584811 43457
0.0443864 53801
0.0591818 69634
0.0432583 24700
0.000375141 47410
0.00470132 96955
0.0108623 90828
0.0051514 53092
0.0444739 11594
0.000125016 54671
0.00553042 95780
0.00920903 5376
0.00527771 68245
0.0841447 16205
0.000250063 60658
0.0506961 75120
0.000750563 27485
0.00288329 46970
0.0506961 56256
0.0521082 95040
0.0501444 79742
0.000125016 47391
0.187928 35130
0.0540184 78928
0.138256 964
0.00638632 1678
0.00755668 8051
0.000125016 93285
0.000125016 47496
0.000625391 5558
0.000375141 35682
0.112696 61505
0.213383 17878
0.159588 85550
0.0106114 77791
0.000250063 63165
0.0109946 6461
0.133151 4477
0.015873 37740
0.0136853 98988
0.000125016 30584
0.0540184 14354
0.0169196 61020
0.0346611 18830
0.000278725 2226
0.00959112 45661
0.0120177 6345
0.0130429 77941
0.001001 92614
0.0506961 51774
0.00238065 65065
0.0236694 8756
0.0523546 4609
0.000125016 88296
0.011378 84520
0.233993 70453
0.00238065 50066
0.000625391 74334
0.00150225 80273
6.27312e-05 984
0.00831863 66094
0.000125016 56784
0.00125156 65808
0.0195845 18193
0.485453 82068
0.000109117 61756
0.0479638 99028
0.0483822 57190
0.0179536 53480
0.000125016 74292
0.0188487 43245
0.0264306 8461
0.0338589 57826
0.0443475 94523
0.00654253 34398
0.00351229 73691
0.0420737 78534
0.0486302 77289
0.0854165 61314
0.00363819 99630
0.00376412 37726
0.0513518 68154
0.000125016 62911
0.0523546 44847
0.00363819 60492
0.0235415 55285
0.0501444 28088
0.00920903 8759
0.0297336 96752
0.00187852 40370
0.0254855 73638
0.0067968 39992
0.000750563 33418
0.0337331 81624
0.0453417 46543
0.0509908 63007
0.00169264 97455
0.0139417 83135
0.000125016 59174
0.0782447 851
0.0333247 40883
0.0540184 27315
0.000625391 14856
0.000125016 43478
0.00238065 35354
0.00050025 85424
0.00238065 6719
0.0183738 25481
0.00704935 61102
0.000827901 33204
0.000574932 2651
0.039366 45458
0.0305473 4840
0.0761444 76171
0.0450311 13874
0.0314595 84105
0.000125016 9291
0.0523546 6374
0.0590416 47226
0.0490427 76554
0.0032606 34833
0.000125016 53696
0.0183427 17496
0.000500883 56734
0.00603622 52271
0.267211 63248
0.0398704 96324
0.0188487 64052
0.000250063 48474
0.0379752 20187
0.00401606 66267
0.000875766 66018
0.00377506 57294
0.000125016 87794
0.0781903 28204
0.00050025 3494
0.0196558 12735
0.00240365 24259
0.000125016 80539
0.039859 54068
0.000250063 18912
0.00692259 37606
0.0408535 3859
0.0255096 3006
0.0051514 77564
0.0506961 24539
0.049731 83084
0.0523546 51108
0.000125016 76293
0.0301313 98064
0.0483822 57673
0.000125016 24809
0.000125016 88269
0.000250063 9299
0.481322 76828
0.001001 29364
0.000250063 78563
0.000125016 52143
0.000250063 13879
0.010101 57797
0.036001 24992
0.0540184 47769
0.00464649 17092
0.0523546 23775
0.0282704 95070
0.0540184 46940
0.0239301 90135
0.00959112 79612
0.0432583 94857
0.000250063 19173
0.017294 38674
0.0224949 80089
0.00050025 91085
0.00553042 55198
0.0461619 87222
0.0051514 80327
0.000625391 56712
0.000625391 8033
0.0175528 55255
0.00050025 36145
0.00050025 39643
0.000250063 55643
0.000750563 68006
0.000750563 89701
0.0230179 49263
0.0517334 52400
0.00793751 70115
0.0197578 22058
0.011378 66880
0.0120177 56973
0.00112627 39218
0.000125016 51857
0.179458 10219
0.00414209 48950
0.0103673 7601
0.0412297 61353
0.00112627 9272
0.28685 18186
0.113121 86819
0.0567643 10428
0.00175307 93713
0.000374027 73090
0.0234231 18411
0.0697468 14515
0.0549745 62848
0.000625391 46262
0.151573 37830
3.50911e-06 97307
0.0508341 21135
0.00300903 86207
0.0405251 26618
0.0506961 12148
0.0501444 99748
0.0107391 11493
0.000375141 72264
0.000375141 8183
0.0218419 3069
0.0483822 26479
0.172606 14615
0.009846 58280
0.0515247 87449
0.0523546 65575
0.00187852 26396
0.00263191 28552
0.000125016 62951
0.0520779 4636
0.0316849 8878
0.00768359 18800
0.000125016 8794
0.00112627 77405
0.0506961 16077
0.0676632 15367
0.0272214 37644
0.0520779 86358
0.0409179 23746
0.000467101 3788
0.0153573 11405
0.0415311 65391
0.0476191 11719
0.0754306 21105
0.00882724 54892
0.0564849 80340
0.000625391 12628
0.000125016 31945
0.000125016 26072
0.0302227 18226
0.000125016 67078
0.0122469 50816
0.000375141 29887
0.0389632 28676
0.196585 99961
0.0468399 75104
0.0632336 33432
0.0418023 72284
0.00250627 30111
0.00112627 24404
0.000375141 85729
0.00175307 41047
0.000250063 24878
0.00389007 48900
0.000125016 1664
0.248095 23041
0.00426814 73339
0.0351967 3956
0.000250063 1816
0.0437052 11684
0.00050025 78805
0.000625391 73664
0.000375141 54273
0.000375141 42471
0.0126582 83406
0.0506498 96347
0.00250627 74600
0.000625391 67149
0.000375141 81685
0.000125016 15094
0.0134279 90680
0.000125016 96065
0.000125016 47400
0.0576415 2236
0.000125016 34028
0.000250063 31333
0.00050025 67164
0.0576732 18439
0.0237189 87443
0.0165184 9170
0.0247214 87020
0.000750563 83484
0.000125016 13602
0.115358 51822
0.0141886 31124
0.0339674 19607
0.000125016 81461
0.0298661 22169
0.0150996 58301
0.000375141 8411
0.00162764 46525
0.000125016 46276
0.0217114 4412
0.00150225 19343
0.000125016 92932
0.0198878 82275
0.000125016 35091
0.0338041 12508
0.0127864 61706
0.0126582 54580
0.000625391 97834
0.000618134 7941
0.000375141 68585
0.00050025 14397
0.00947937 87695
0.0179412 6804
0.00717613 96067
0.000750563 90676
0.0419889 74040
0.00125156 33044
0.000250063 73343
0.114291 27437
0.0568681 46712
0.000125016 10311
0.000125016 96044
0.00300903 54680
0.0345586 79826
0.0540184 34070
0.456675 68140
0.360521 69595
0.00477267 40080
0.00908174 43158
0.000125016 79370
0.000750563 77011
0.0479434 60824
0.0501444 42905
0.000125016 81804
0.000375141 7006
0.0269901 53504
0.00112627 72540
0.000375141 97844
0.00212953 48050
0.0143274 38124
0.0558268 10340
0.000875766 52283
0.00946372 26438
0.0001196 89237
0.054786 65247
0.0479993 5632
0.000250063 21504
0.000125016 30949
0.000250063 35735
0.000125016 33653
0.0313265 92464
0.216606 90363
0.000875766 69200
0.0544123 17494
0.0540184 64670
0.00439422 50692
0.000250063 4237
0.00225507 28901
0.10957 9633
0.0185893 19397
0.00578325 65643
0.00282663 41469
0.00768359 7964
0.0913146 37130
0.000125016 78532
0.0334582 83313
0.0385543 74720
0.0031348 99240
0.022061 76362
0.036087 15610
0.0196278 94122
0.000125016 79109
0.000125016 40526
0.00351229 35539
0.148772 65154
0.04311 16690
0.00439422 57518
0.235725 21262
0.0819004 85476
0.0450686 3587
0.00351229 53692
0.0236724 47645
0.000875766 54813
0.000125016 18573
0.00050025 54539
0.00116822 62863
0.000750563 86285
0.00527771 43589
0.000250063 87224
0.000125016 34077
0.0176822 12292
0.0568344 33893
0.000375141 63031
0.0471465 77688
0.00125156 60766
0.000125016 74806
0.000375141 91719
0.000625391 74146
0.000125016 54929
0.00112627 3440
0.0156465 85192
0.0235415 74877
0.000125016 54453
0.00050025 95670
0.024984 50070
0.337516 33214
0.00150225 34923
0.000125016 66013
0.000133068 26647
0.000875766 46536
0.00212953 18204
0.0984394 91157
0.00288329 9599
0.00212953 74803
0.00175307 58997
0.001001 91832
0.199939 36553
0.0154862 96183
0.0805414 4448
0.0489052 43715
0.0408653 64981
0.00421211 24573
0.043409 46929
0.000250063 54484
0.000125016 43881
0.000875766 969
0.000716179 92297
0.000875766 11847
0.102745 55546
0.0032606 39387
0.0775862 52751
0.0423453 9163
0.0245902 21885
0.0396019 22481
0.00742979 80919
0.00464649 9233
0.00250627 45464
0.00275758 75950
0.0454957 30225
0.0337253 58289
0.00113669 91009
0.00540405 5305
0.00895447 72766
0.0253357 28235
0.015744 43064
0.0374794 5690
0.000125016 90383
0.000125016 39531
0.001001 50855
0.16036 78412
0.00527771 99843
0.618458 50833
0.000125016 56928
0.00162764 17835
0.0592704 96939
0.000750563 73226
0.000750563 37616
0.059322 68783
0.000125016 93078
0.000125016 20322
0.0355337 13610
0.000875766 91599
0.00464649 42051
0.0432968 91305
0.00554934 5956
0.0138132 40284
0.00050025 99494
0.000875766 26769
0.000625391 22996
0.02264 21222
0.0452051 20426
0.0540184 57358
0.0470057 4072
0.000125016 77655
0.203271 89182
0.0357328 86730
0.0498927 62703
0.00527771 12779
0.000125016 15989
0.0097468 97627
0.000375141 77932
0.000125016 58025
0.255522 79826
0.000125016 22911
0.0773043 72515
0.00717613 5084
0.00882724 18021
0.00162764 51173
0.00133399 50171
0.00150225 18936
0.0294685 89560
0.000125016 10110
0.00112627 54770
0.000375141 21270
0.00250627 2972
0.000250063 1702
0.0406853 49222
0.0178117 58804
0.0501444 3933
0.0394963 22657
0.00730295 44706
0.0179412 1995
0.00238065 90868
0.0246456 88411
0.140423 8304
0.0521099 7658
0.356968 12831
0.0111223 35352
3.80357e-06 87356
0.241326 96366
0.000125016 40022
0.016185 97102
0.0424255 84010
0.000375141 86887
0.000125016 23854
0.014456 13179
0.00162764 64825
0.000375141 1692
0.00212953 6967
0.00870004 71396
0.0112502 10741
0.00300903 18119
0.010101 3698
0.00464649 66360
0.00755668 5470
0.160261 89213
0.00137689 39486
0.0173064 53701
0.0444388 85335
0.000250063 36790
0.000125016 65839
0.0206685 79432
0.000250063 38002
0.0166476 54559
0.0360456 1387
0.0504202 84295
0.0280134 69906
0.0801516 70684
0.000375141 98877
0.0713807 63205
0.000125016 415
0.000750563 14725
0.136559 28789
0.0012741 8845
0.0502838 35321
0.000125016 35688
0.000750563 1206
0.000125016 50665
0.00527771 36611
0.0297336 10362
0.00050025 11776
0.00439422 56973
0.00338643 69766
0.00162764 75010
0.001001 16258
0.000375141 25808
0.0111223 47350
0.00275758 66087
0.00954102 73647
0.015744 28937
0.00238065 47855
0.000250063 16891
0.001001 93114
0.0134279 80917
0.00908174 95549
0.000750563 14313
0.00338643 83316
0.00485696 63994
0.000250063 73720
0.000625391 2605
0.0453931 49623
0.0085842 78410
0.00263191 59608
0.256966 26780
0.159848 33364
0.0209639 82364
0.328389 80029
0.363937 21110
0.000125016 86197
0.0609007 12762
0.000250063 13240
0.000375141 74053
0.286953 52275
0.000250063 96297
0.00971854 33481
0.0484928 77689
0.000750563 81952
0.000860981 47704
0.0475318 96692
0.000875766 26799
0.0742944 86022
0.344041 50025
0.000610361 45815
0.000615963 35051
0.000107461 20260
0.0577437 1699
0.00756836 3845
0.110079 5365
0.0203463 72009
0.00666918 84203
0.000375141 19346
0.000250063 43031
0.000250063 82088
0.0153573 32609
0.000125016 17692
0.00275758 78618
0.00579521 22309
0.000125016 44256
0.0046651 97643
0.217495 82099
0.0506961 89364
0.129849 10882
0.00050025 37926
0.00112627 56397
0.0135563 10098
0.000125016 65284
0.001001 87213
0.016002 40261
0.00477267 9515
0.0561058 96775
0.00272794 94322
0.00363819 73495
0.00401606 33351
0.0623376 7000
0.020857 6703
0.00288329 92269
0.0577824 40072
0.015744 90734
0.00200401 77461
0.000250063 48352
0.00971854 91543
0.000125016 37599
0.000125016 2998
0.0493703 60256
0.0557252 99139
0.000375141 21123
0.0048459 57045
0.0031348 73203
0.0429818 72544
0.034795 77269
0.000875766 67839
0.0523546 8172
0.0476191 51444
0.00338643 36423
0.148584 90138
0.049731 41586
0.000125016 44472
0.0306622 851
0.00628931 96556
0.00212953 47986
0.0111223 86977
0.001001 98876
0.00338643 63958
0.000750563 62288
0.000250063 3301
0.0145847 41957
0.00275758 994
0.0120177 11711
0.000750563 99063
0.0152284 49305
0.0179182 6815
0.185523 19799
0.0032606 87625
0.00200401 39261
0.0607548 69255
0.00363819 5008
0.000250063 93120
0.0707027 51295
0.00300903 51485
0.00250627 62959
0.00104146 92934
0.00050025 81828
0.000125016 90332
0.0191083 39089
0.00250627 23829
0.000250063 12161
0.015873 55526
0.00150225 60760
0.149842 54115
0.000250063 35009
0.00996717 16649
0.137088 81902
0.000125016 32303
0.0106114 34387
0.00628931 44371
0.00414209 79954
0.000125016 61310
0.443971 77136
0.0155022 27069
0.00781053 30311
0.0494556 30847
0.0543583 86754
0.182992 36470
0.0214505 8348
0.00225507 25578
0.000125016 70283
0.00162764 27566
0.00162764 32532
0.00612893 59954
0.00401606 29319
0.0820995 38477
0.000907861 76224
0.00050025 5629
0.000125016 23803
0.00263191 356
0.000125016 37589
0.00250627 23796
0.0359492 40392
0.000625391 12120
0.000125016 84475
0.00793751 69655
0.100949 15014
0.00810068 12614
0.0103562 12825
0.000125016 55678
0.00187852 7210
0.000125016 57075
0.00971854 96994
0.000750563 75269
0.00590972 78581
0.00175307 68997
0.0471204 82517
0.00187852 80752
0.0236724 59672
0.00643025 82053
0.0540184 16848
0.00137689 4444
0.000750563 45316
0.0277492 39563
0.0790791 21685
0.000125016 96852
0.000125016 88525
0.000125016 32282
0.000125016 99009
0.00452034 37286
0.0165868 481
0.000250063 23287
0.000375141 73104
0.000250063 33850
0.0465725 22288
0.00162764 59037
0.00137689 40187
0.0482447 32086
0.0460831 32650
0.000250063 19693
0.0031348 13344
0.00300903 74571
0.000125016 63471
0.000250063 34046
0.039366 14396
0.0143274 73894
0.0515746 6848
0.0163893 19252
0.0198878 85400
0.000250063 45960
0.0109946 15422
0.0796221 43981
0.0239345 52362
0.00920903 96215
0.000875766 37300
0.000125016 99144
0.027987 47187
0.000375141 80475
0.00165132 36001
0.000375141 43293
0.000375141 54675
0.00489888 31772
0.000250063 21053
0.00338643 462
0.0520779 46474
0.00275758 2236
0.122769 91215
0.001001 22282
0.017294 6275
0.0234105 29820
0.00200401 78470
0.00112627 42660
0.0357328 24113
0.0450686 31662
0.000625391 69755
0.000625391 63206
0.000375141 21788
0.000125016 62744
0.0217114 7227
0.0241991 52642
0.134795 10918
0.00175307 63780
0.0051514 57788
0.0403121 37628
0.000625391 72997
0.0147133 99478
0.00908174 8614
0.000125016 34009
0.0582331 53490
0.000125016 50433
0.00590972 69342
0.0843996 35230
0.000250063 51270
0.00502513 80375
0.00857287 12370
0.000125016 83928
0.0252467 82271
0.001001 29851
0.0323913 7988
0.000625391 41858
0.042617 11750
0.0270382 13701
0.00162764 63347
0.0540184 7345
0.00200401 67277
0.00755668 60197
0.0355987 35267
0.00050025 34464
0.0064159 31585
0.207819 2442
0.0289389 380
0.0448978 1859
0.000298724 62507
0.000750563 30869
0.0167768 22886
0.00959112 31069
0.00781053 19010
0.091115 19566
0.0121457 55692
0.000875766 8590
0.00050025 58763
0.0319763 77858
0.00363819 99638
0.00251137 48126
0.00351229 46394
0.00275758 73033
0.00452034 98191
0.0780054 26101
0.0194979 43808
0.000125016 83148
0.00560946 57381
0.00363819 92471
0.00617535 89129
0.0166476 65788
0.000125016 76387
0.0192381 16755
0.0278813 91407
0.0471465 45075
0.00288329 14750
0.024459 55157
0.0161311 40428
0.000250063 64604
0.0416102 47288
0.0224949 85113
0.009846 44371
0.0196102 67188
0.000250063 7412
0.00781053 73337
0.001001 65147
0.00603622 97593
0.000125016 98196
0.0189063 16680
0.000125016 97952
0.0468464 44895
0.00162764 49975
0.0223785 15514
0.020929 2570
0.024984 2276
0.0335917 10312
0.0479434 72590
0.00544895 27673
0.00175307 88585
0.000375141 25693
0.00277826 12319
0.000125016 46676
0.000125016 46298
0.0185893 45016
0.00250627 94601
0.0663227 29865
0.000125016 14491
0.000750563 13656
0.0135563 87936
0.000125016 59599
0.00175307 72604
0.000375141 80239
0.000750563 46724
0.000875766 32510
0.00628931 56983
0.0169718 99352
0.000750563 18787
0.000125016 98546
0.00578325 40187
0.00389007 91740
0.000375141 4093
0.011378 17984
0.000125016 30722
0.00844573 9282
0.000750563 48717
0.0151114 96265
0.0264466 51630
0.00401606 3205
0.000125016 63822
0.000250063 67088
0.0031348 62076
0.000250063 38568
0.00175307 81690
0.000125016 1484
0.00112627 58689
0.00112627 19970
0.00150225 42304
0.000250063 68760
0.000125016 41751
0.00363819 54228
0.000625391 2740
0.0182003 23905
0.000250063 88367
0.00439422 22644
0.00225507 84967
0.00137689 67883
0.001001 92402
0.00225507 76441
0.00175307 62325
0.000250063 11218
0.00112627 13714
0.0147099 47852
0.000875766 28369
0.000125016 40105
0.00844573 80493
0.00212953 7740
0.0169952 93827
0.00679587 59904
0.00452034 52393
0.000750563 72678
0.00250627 85840
0.000125016 60506
0.00200401 55154
0.00477267 56406
0.000125016 66501
0.000625391 18589
0.000375141 86390
0.000125016 53917
0.000125016 66000
0.000375141 97964
0.000625391 32580
0.000625391 76965
0.000250063 33554
0.000250063 85316
0.000250063 38110
0.000125016 17093
0.000375141 38547
0.000625391 51929
0.000125016 19308
0.000125016 275
0.000750563 91300
0.00162764 74133
0.000750563 13144
0.000125016 73203
0.00050025 99247
0.000125016 70721
0.000125016 68762
0.000750563 48053
0.00050025 65941
0.000125016 75483
0.00252842 98385
0 89485
0.000125016 14613
0.00200401 85080
0.000875766 79435
0.000750563 46098
0.000750563 92843
0.000625391 47417
0.00125156 46480
0.000125016 55147
0.000375141 60824
0.000125016 70184
0.000250063 54722
0.000250063 90855
0.000250063 43372
0.000250063 55456
0.000750563 81297
0.00137689 26471
0.00050025 72866
0.000250063 87297
0.00050025 1934
0.000250063 55227
0.000125016 71323
0.00050025 47500
0.000625391 58785
0.00050025 6094
0.000250063 43384
0.000250063 46631
0.000375141 11306
0.000250063 63372
