101 100 10
-0.16384 -0.211907 -0.315246 -0.105082 -0.113378 -0.129566 -0.176776 -0.316441 -0.29735 -0.160313 -0.246244 -0.25867 
8.49116 -8.45564 -8.05863 -9.24568 -8.5652 -8.85154 -8.24641 -8.37888 -8.43037 -8.58495 -8.46084 -7.71046 
9.48336 -9.24 -8.58398 -9.07588 -9.24605 -9.67629 -9.84149 -8.74821 -9.61222 -9.18748 -9.48143 -8.91396 
9.65627 -9.60744 -9.19619 -9.42827 -9.2972 -9.63596 -10.1141 -9.94112 -9.69715 -9.37181 -9.59517 -9.70988 
9.94667 -9.59985 -9.30979 -9.08928 -9.47139 -9.4019 -9.71937 -9.85743 -9.14275 -9.72031 -9.91372 -10.2563 
9.93553 -9.65502 -8.6576 -9.59219 -9.62631 -9.76725 -9.77819 -9.69565 -9.57784 -9.74565 -9.68371 -10.4626 
9.97351 -9.69893 -9.50496 -9.71087 -9.80051 -9.6633 -9.64045 -9.67281 -9.71537 -10.0784 -9.28542 -9.88722 
10.0604 -9.75311 -9.66984 -9.41191 -10.2132 -9.57762 -9.89113 -9.59213 -9.53002 -10.3813 -9.65854 -9.66141 
10.0757 -9.75895 -9.64694 -9.57855 -10.4677 -9.4821 -9.81857 -9.56567 -9.32033 -10.5805 -9.69207 -9.36612 
9.96462 -9.78959 -9.91722 -9.7117 -10.2151 -9.64523 -9.7118 -9.30597 -9.49801 -10.6418 -9.90078 -9.32417 
9.93573 -9.75545 -9.84493 -9.71982 -10.2904 -9.78206 -9.54494 -9.40284 -9.56579 -10.5818 -9.56001 -9.25529 
9.80984 -9.81619 -9.9 -9.84189 -10.1723 -9.92031 -9.42729 -9.39285 -9.41336 -10.5965 -10.0067 -9.48479 
9.94121 -9.69772 -9.93788 -9.84602 -10.1428 -9.32246 -9.6286 -9.46198 -9.4384 -10.5828 -9.1703 -9.49614 
9.9802 -9.76194 -10.3048 -9.836 -10.0566 -9.22801 -9.52996 -9.16324 -9.47844 -10.4662 -10.1966 -9.60145 
9.87511 -9.80219 -9.86628 -9.80424 -10.1322 -9.94827 -9.64646 -8.96808 -9.43695 -10.4612 -10.366 -9.46042 
9.91587 -9.80955 -9.76305 -9.77755 -10.1396 -9.94912 -9.67867 -8.98861 -9.43484 -10.5631 -10.3065 -9.4953 
9.85779 -9.79758 -9.89932 -9.42238 -10.1421 -9.94657 -9.67325 -9.17549 -9.42828 -10.5693 -10.153 -9.55523 
9.73738 -9.77455 -9.67367 -9.422 -10.0554 -9.96197 -9.80177 -9.12178 -9.4384 -10.5653 -10.2738 -9.55811 
9.8447 -9.71636 -9.4207 -9.59179 -10.1359 -9.81426 -9.691 -9.16466 -9.4384 -10.0741 -10.2532 -9.50749 
9.90223 -9.72006 -9.52878 -9.5661 -9.92102 -9.59098 -9.67156 -9.16323 -9.38182 -10.5489 -10.3732 -9.55829 
10.054 -9.78727 -9.79216 -9.4673 -9.97325 -9.83621 -9.69336 -9.17358 -9.39303 -10.5614 -10.366 -9.53034 
10.0291 -9.82232 -9.99456 -9.45893 -9.94974 -10.0939 -9.64484 -9.29189 -9.4309 -10.5666 -10.2642 -9.49603 
9.75991 -9.79911 -10.0898 -9.51723 -9.81707 -9.98093 -9.54824 -9.4791 -9.29548 -10.5666 -10.2732 -9.3776 
10.0039 -9.84695 -10.0817 -9.83012 -9.89325 -9.98212 -9.64484 -9.39188 -9.4384 -10.5666 -10.049 -9.55523 
10.1104 -9.86274 -10.0915 -9.84728 -9.60661 -10.0565 -9.64484 -9.55488 -9.43516 -10.5534 -10.366 -9.44103 
10.0851 -9.83337 -10.0951 -9.81812 -9.9841 -10.0098 -9.58727 -9.37467 -9.38956 -10.3588 -10.366 -9.32132 
9.8565 -9.8839 -10.0915 -9.84728 -9.95856 -9.93913 -9.64484 -9.68547 -9.32904 -10.5278 -10.366 -9.54498 
9.94255 -9.84082 -10.0915 -9.84728 -9.55992 -9.93913 -9.47931 -9.86948 -9.4384 -10.3754 -10.2867 -9.55523 
10.0315 -9.77505 -9.95427 -9.84728 -8.752 -9.84432 -9.64484 -9.84662 -9.4384 -10.6172 -10.3305 -9.50632 
10.0595 -9.86704 -10.0915 -9.84333 -9.34062 -9.93913 -9.63323 -10.0138 -9.37534 -10.4952 -10.366 -9.54579 
9.99672 -9.85635 -9.9743 -9.84728 -9.67199 -9.93913 -9.50021 -9.96291 -9.4615 -10.5123 -10.366 -9.57206 
9.8509 -9.86466 -10.0489 -9.76301 -9.8039 -9.84797 -9.64484 -9.90478 -9.37432 -10.3821 -10.366 -9.55523 
9.92462 -9.87393 -9.75838 -9.85037 -9.84128 -10.0215 -9.39627 -9.81176 -9.56659 -10.4489 -10.366 -9.51997 
9.96328 -9.95008 -10.0147 -9.76927 -9.92105 -9.85504 -9.58264 -9.85494 -9.60189 -10.9636 -10.366 -9.55523 
10.0543 -9.94988 -10.6561 -9.74309 -9.90063 -9.92562 -9.63134 -9.77981 -9.52326 -10.3652 -10.366 -9.55523 
10.0844 -9.96455 -10.7438 -9.74604 -10.0115 -9.93913 -9.64484 -9.86996 -9.39487 -10.4007 -10.3171 -9.55523 
10.0713 -9.87322 -10.1679 -9.86062 -10.0113 -9.90505 -9.64484 -9.98884 -9.4384 -10.1558 -10.0473 -9.55523 
9.99902 -9.87858 -10.08 -9.777 -9.97377 -9.93686 -9.64484 -9.79736 -9.42056 -10.3126 -10.3823 -9.48437 
10.0784 -10.0017 -10.0885 -9.88413 -10.0006 -9.83838 -9.6152 -9.98588 -9.4384 -10.467 -11.0418 -9.55523 
10.0832 -9.91965 -9.88862 -9.9742 -10.0069 -9.93509 -9.55791 -9.46312 -9.4384 -10.2244 -11.2819 -9.57796 
10.013 -9.79193 -9.70666 -9.93203 -10.0115 -9.84297 -9.54221 -9.91671 -9.22676 -10.5056 -9.84942 -9.43891 
9.96475 -9.85337 -9.92455 -10.0544 -10.0122 -9.89524 -9.52177 -10.0884 -9.32127 -10.4306 -9.59697 -9.55523 
10.028 -9.82016 -9.48582 -9.76027 -10.0115 -9.9722 -9.45676 -10.0884 -9.2759 -10.2935 -10.2429 -9.66676 
10.0765 -9.66877 -9.29159 -9.81057 -9.92656 -9.94726 -9.24607 -10.0884 -9.42133 -10.4668 -9.1023 -9.55523 
10.1843 -9.81565 -9.30249 -9.92669 -10.0115 -9.93913 -9.24411 -10.047 -9.26093 -10.5174 -10.5098 -9.30228 
10.1665 -9.83995 -9.27892 -9.37943 -10.0115 -9.94113 -9.40807 -10.0884 -9.39204 -10.4875 -10.8742 -9.46204 
9.94916 -9.81482 -9.20268 -9.58426 -10.015 -9.80786 -9.62272 -10.0884 -9.18582 -10.4894 -10.0853 -10.0143 
9.93568 -9.81182 -9.22724 -9.79236 -9.84818 -9.93913 -9.62217 -10.0884 -9.4384 -10.3665 -9.81777 -10.0028 
9.94509 -9.84904 -9.27998 -9.86202 -9.92178 -9.92151 -9.64484 -9.99131 -9.4144 -10.4804 -9.82857 -10.1344 
9.97335 -9.91636 -9.33261 -10.075 -10.0115 -9.83432 -9.64484 -9.99464 -9.43342 -10.4531 -10.0067 -10.4075 
9.96822 -9.94856 -9.35023 -10.078 -10.0115 -9.94181 -9.52923 -10.0884 -9.22838 -10.4894 -9.72441 -10.7219 
10.0723 -9.90207 -9.35023 -9.9592 -9.96237 -9.93913 -9.67154 -10.0884 -9.47189 -10.4894 -9.61991 -10.5587 
10.0731 -9.88469 -9.35023 -9.95524 -9.71557 -9.95693 -9.58896 -9.97351 -9.39027 -10.2203 -10.7898 -9.8876 
10.014 -9.82776 -9.35023 -9.94478 -9.51531 -9.97809 -9.61161 -9.89546 -9.35285 -10.4827 -10.3063 -9.92214 
10.0776 -9.98214 -9.35023 -9.84555 -9.81653 -10.0247 -9.6118 -9.89328 -9.27961 -10.4903 -11.1597 -10.21 
9.83683 -9.78697 -9.34732 -9.73481 -9.75103 -9.232 -9.60766 -10.0687 -9.12897 -10.4894 -10.8704 -9.6374 
9.81211 -9.8092 -9.35023 -9.93184 -9.8793 -8.92591 -9.62755 -9.92017 -9.36046 -10.4903 -10.8679 -9.75003 
9.84986 -9.75693 -9.35023 -10.053 -9.93075 -9.51012 -9.40169 -9.47731 -9.11926 -10.3798 -10.5557 -9.67152 
9.75622 -9.74811 -9.35023 -10.1118 -9.8131 -9.85927 -9.46599 -9.71413 -9.21963 -9.93137 -10.411 -9.70689 
9.92435 -9.75783 -9.35023 -10.1122 -9.72168 -9.59627 -9.47078 -9.8036 -9.12988 -10.2834 -10.3149 -9.75743 
9.8957 -9.68531 -9.33819 -10.1118 -9.37334 -9.23108 -9.19007 -9.99596 -9.05679 -10.4894 -10.5562 -9.70023 
10.0885 -9.73011 -9.36593 -10.1118 -9.2547 -9.30496 -9.64453 -10.2491 -9.18294 -10.4894 -10.5331 -9.30105 
10.174 -9.83278 -9.46358 -10.1118 -9.43915 -9.72465 -9.42837 -10.2389 -9.42205 -10.4894 -10.3383 -9.6291 
10.1378 -9.8403 -9.34806 -10.096 -9.75442 -9.42302 -9.64484 -10.1851 -9.20007 -10.4894 -10.2596 -10.0216 
10.0181 -9.85769 -9.34538 -10.1118 -9.80441 -9.66214 -9.64484 -10.2899 -9.24114 -10.2549 -10.0896 -10.248 
10.0233 -9.83754 -9.23535 -10.1118 -9.80441 -9.56537 -9.64484 -10.1765 -9.44034 -10.4894 -9.96684 -10.0162 
9.94594 -9.89783 -9.33721 -10.1078 -9.81982 -9.8985 -9.81062 -10.286 -9.4384 -10.3751 -10.2108 -9.72442 
9.86894 -9.77442 -9.35023 -10.1118 -9.80441 -9.97246 -9.59628 -10.1355 -9.34488 -9.73189 -10.0015 -9.67134 
9.76576 -9.70932 -9.35023 -10.1118 -9.69773 -9.94158 -9.15781 -10.1308 -9.41177 -9.82081 -9.83055 -9.61428 
9.86179 -9.79066 -9.35023 -10.1118 -9.80441 -9.84675 -9.59844 -10.3471 -9.4384 -9.99571 -10.033 -9.41953 
9.78401 -9.78671 -9.35023 -10.0115 -9.80441 -9.81181 -9.61751 -10.3488 -9.4384 -10.0624 -9.76525 -9.60354 
9.76869 -9.7837 -9.35202 -10.1118 -9.75436 -9.94008 -9.63535 -9.73475 -9.4384 -10.4753 -9.73382 -9.60357 
9.8045 -9.87919 -9.35023 -10.1097 -10.0019 -9.93913 -9.62269 -10.359 -9.4384 -10.4894 -9.81305 -9.60867 
9.76495 -9.86989 -9.35023 -10.0901 -9.99746 -9.93913 -9.59966 -10.262 -9.4384 -10.4894 -9.8972 -9.60805 
9.84199 -9.88604 -9.35023 -10.0617 -10.2029 -9.91534 -9.64381 -10.4643 -9.40415 -10.4754 -9.73331 -9.5847 
9.83376 -9.87038 -9.10064 -10.088 -9.99563 -9.91827 -9.64484 -10.5566 -9.39306 -10.4681 -9.89815 -9.55954 
9.88061 -9.86827 -9.35023 -10.1118 -10.1153 -9.92713 -9.60891 -10.5263 -9.38538 -10.4544 -9.66998 -9.55721 
9.82503 -9.85819 -9.35023 -10.1118 -9.94419 -9.92218 -9.64484 -10.5207 -9.36031 -10.4894 -9.89094 -9.51949 
9.77597 -9.84973 -9.35023 -10.1118 -9.8663 -9.89468 -9.64484 -10.5207 -9.43699 -10.469 -9.4314 -9.60805 
9.8066 -9.89549 -9.35023 -10.0643 -9.98403 -9.91487 -9.60419 -10.5743 -9.4384 -10.4894 -9.77348 -9.60805 
9.77624 -9.84884 -9.35023 -10.1118 -9.99429 -9.83004 -9.57594 -10.3193 -9.4384 -10.4894 -9.76704 -9.60805 
9.75508 -9.83974 -9.30269 -10.0114 -10.1356 -10.3621 -9.55902 -9.67315 -9.4384 -10.4894 -9.8181 -9.60805 
9.7559 -9.73958 -9.31069 -9.91035 -9.98815 -10.4404 -9.55412 -9.15834 -9.41102 -10.2547 -9.89258 -9.59044 
9.78489 -9.73993 -9.35023 -9.91814 -10.0735 -10.1344 -9.61014 -8.61094 -9.27588 -10.4615 -9.93298 -9.93886 
9.82731 -9.73441 -9.29297 -9.99986 -10.1699 -10.1158 -9.49081 -8.58891 -9.0106 -10.3991 -10.0108 -10.3766 
9.78718 -9.81051 -9.35023 -10.0889 -10.2739 -9.83533 -9.5392 -8.60671 -9.34103 -10.4563 -10.0367 -10.2352 
9.87165 -9.74482 -9.26231 -10.092 -10.272 -9.90839 -9.62079 -8.6546 -9.43836 -10.416 -9.5865 -10.2678 
9.88173 -9.75427 -9.25588 -10.0259 -10.2748 -10.0132 -9.13509 -8.69704 -9.4384 -10.4371 -9.64201 -10.8042 
9.83128 -9.79385 -9.35023 -10.0565 -10.2968 -9.93913 -9.46848 -8.61094 -9.62887 -10.3582 -9.71448 -10.6517 
9.80105 -9.74006 -9.32053 -10.0762 -10.2739 -9.91154 -9.5762 -8.47819 -9.28691 -10.3718 -9.63301 -10.5797 
9.8427 -9.69324 -9.35023 -10.1043 -10.1565 -9.73026 -9.54874 -8.54697 -9.4384 -10.2029 -9.60833 -10.0631 
9.83689 -9.62285 -9.35023 -10.0482 -9.79251 -9.88853 -9.59201 -8.43652 -9.4384 -10.0922 -9.60722 -9.797 
9.86043 -9.5892 -9.15182 -9.95195 -9.85947 -9.93431 -9.64431 -8.48848 -9.45981 -10.3204 -9.59774 -9.60805 
9.82044 -9.56691 -9.35023 -9.79551 -9.75563 -9.93913 -9.30164 -8.44531 -9.44389 -10.4633 -9.45547 -9.60805 
9.75959 -9.57078 -9.32795 -9.98507 -9.6716 -9.91795 -9.47785 -8.47536 -9.4384 -10.3756 -9.56864 -9.60805 
9.82093 -9.54993 -9.33749 -9.70364 -9.69081 -9.93913 -9.52244 -8.55671 -9.33811 -10.2163 -9.60833 -9.60805 
9.83902 -9.53205 -9.25523 -9.84976 -9.44205 -9.92049 -9.41135 -8.55169 -9.44009 -10.3793 -9.60833 -9.50384 
9.84819 -9.50055 -9.35023 -9.95176 -9.14575 -9.93913 -9.45515 -8.50786 -9.4384 -9.93511 -9.60833 -9.60805 
9.79526 -9.48729 -9.35023 -9.50676 -9.23946 -9.93644 -9.52391 -8.61094 -9.4384 -10.0347 -9.50764 -9.60805 
9.82204 -9.49287 -9.35023 -9.95176 -9.34291 -9.84289 -9.64317 -8.50535 -9.43529 -9.59054 -9.60833 -9.60805 
9.80833 -9.48589 -9.5863 -9.95176 -9.70742 -9.83844 -9.55759 -8.56607 -9.4384 -9.04517 -9.70121 -9.54879 
