128
0.517553 1494
0.785799 1497
0.987547 7459
0.0918065 3469
0.251097 7527
0.392484 542
0.232823 6535
0.33071 1537
0.98557 537
0.990027 1514
0.229026 1464
0.219883 2545
0.330449 8507
0.940616 7474
0.222642 8493
0.573063 3516
0.486361 7515
0.812273 6452
0.802409 6487
0.266533 6528
0.156862 4538
0.993012 1547
0.224518 2477
0.0866143 2461
0.000410503 2450
0.315446 534
0.313153 476
0.987544 6516
0.403855 5456
0.989529 6532
0.00136279 9415
0.000125016 9388
0.0545742 2390
0.0531859 5402
0.044225 9742
0.0363663 6427
0.00946372 3142
0.000125016 9785
0.0587612 3280
0.000625391 9570
0.00288329 6466
0.0558268 7303
0.000250063 1024
0.0526316 7879
0.0520779 7926
0.0584811 3972
0.0587612 8084
0.000625391 8003
0.0559662 5471
0.0923505 8585
0.000125016 9585
0.000250063 4555
0.030264 4823
0.0500861 3733
0.0531859 3759
0.0179412 4290
0.0161311 1623
0.000125016 7939
0.000125016 2758
0.000125016 1508
0.047992 3880
0.00050025 6871
0.270982 7210
0.00464649 476
0.000250063 863
0.0526316 5003
0.0556875 6469
0.0335944 7536
0.0688379 98
0.000250063 2241
0.0479434 7709
0.000250063 9109
0.000750563 7667
0.0526316 431
0.030795 9415
0.00545228 9879
0.0218419 5727
0.000250063 9131
0.296889 4175
0.000250063 4796
0.0479434 3452
0.00150225 6639
0.10011 4413
0.00212953 8824
0.010101 7558
0.0526316 3499
0.000625391 7585
0.000125016 9022
0.405211 8172
0.870439 4717
0.000750563 3957
0.0179122 7499
0.0479434 3433
0.255984 65
0.0467956 2241
0.00050025 4028
0.0145847 7476
0.0454783 6394
0.0110057 8704
0.00050025 6374
0.00540405 2457
0.000875766 3637
0.946214 3670
0.00578325 1728
0.000125016 7785
0.000875766 6139
0.000375141 213
0.00050025 4935
0.000375141 9388
0.000125016 6719
0.000125016 6089
0.000125016 6685
0.000125016 7128
0.000125016 1454
0.000250063 9826
0.000125016 6326
0.000125016 7239
0.000250063 6898
0.000125016 5522
0.000125016 1873
0.000375141 3819
0.000250063 1036
0.000125016 655
0.000125016 441
0.000125016 927
0.000125016 1589
0.000125016 1954
0.000125016 9601
