1001 100
0.00660169 0.104004 0.00812161 0.00385054 0.141539 0.102302 0.194101
0.00712027 0.111291 0.00802984 0.0041651 0.158425 0.109568 0.185996
0.00690583 0.11291 0.00714698 0.00395584 0.261096 0.110114 0.293411
0.00685125 0.116605 0.00679031 0.00385149 0.248908 0.114294 0.268478
0.00674201 0.110068 0.00745288 0.00382206 0.301922 0.107116 0.330619
0.00712375 0.11322 0.00748286 0.00424472 0.200918 0.110725 0.249737
0.00693404 0.119805 0.00788517 0.00398936 0.190323 0.117499 0.256776
0.00719946 0.13224 0.00764191 0.00413344 0.247882 0.130363 0.23633
0.00723878 0.129977 0.00766585 0.00425621 0.274676 0.127907 0.268826
0.00739368 0.124896 0.00774257 0.00417802 0.215088 0.123972 0.173218
0.00770129 0.131008 0.0067716 0.00462017 0.202668 0.129701 0.195379
0.00765124 0.128945 0.00764397 0.00455642 0.194481 0.126933 0.225973
0.00833409 0.135276 0.00768343 0.00517663 0.218212 0.132729 0.297088
0.00814699 0.135949 0.00782702 0.00487565 0.208044 0.134309 0.217862
0.00825417 0.136914 0.00783676 0.00490618 0.220587 0.133712 0.322013
0.00891958 0.156914 0.00771885 0.00555466 0.217544 0.154773 0.266075
0.00853538 0.147598 0.007974 0.00527879 0.185576 0.145847 0.227761
0.00812615 0.151629 0.00759904 0.00499734 0.223145 0.149148 0.282835
0.00795042 0.149649 0.00786935 0.00471411 0.234132 0.14759 0.266911
0.00839654 0.153405 0.00780837 0.00499014 0.219764 0.151347 0.249234
0.00872752 0.159042 0.00852494 0.00541012 0.237823 0.156492 0.313093
0.00872515 0.150145 0.00738223 0.00527772 0.204079 0.148826 0.218792
0.00860597 0.149063 0.00757749 0.00524419 0.225883 0.14753 0.221025
0.00840433 0.142001 0.00736192 0.00514697 0.21541 0.14033 0.219212
0.0086419 0.146557 0.00788466 0.00533744 0.230389 0.144027 0.287045
0.0092341 0.164476 0.00796439 0.00560432 0.25243 0.162215 0.287847
0.00886492 0.153397 0.00767905 0.00558137 0.23014 0.150909 0.284673
0.0091191 0.150506 0.00746067 0.00576823 0.260828 0.148396 0.294954
0.00827763 0.159377 0.00726321 0.00511004 0.207678 0.157515 0.266908
0.00887766 0.16637 0.00723567 0.00565086 0.279714 0.164594 0.275781
0.00925346 0.166385 0.00779707 0.00549742 0.265082 0.16386 0.3307
0.00868535 0.156001 0.00790335 0.00534368 0.291613 0.153848 0.294364
0.00857727 0.156662 0.00842287 0.00535977 0.196216 0.154964 0.253531
0.00910277 0.172971 0.00758735 0.00585659 0.184397 0.172473 0.19559
0.00855095 0.164568 0.00722589 0.00541125 0.183418 0.163771 0.201598
0.0090861 0.17377 0.00798698 0.00567683 0.218675 0.173857 0.169495
0.00919033 0.178202 0.00836455 0.00580702 0.238316 0.17711 0.239284
0.00901042 0.155336 0.00892043 0.00577737 0.162879 0.153788 0.232145
0.0087278 0.170036 0.00849794 0.0054096 0.258373 0.168453 0.263245
0.00892761 0.160543 0.00804676 0.00556772 0.241998 0.158702 0.268618
0.00885979 0.171424 0.0075954 0.00537225 0.233283 0.170075 0.243004
0.0092945 0.173175 0.00780037 0.00570331 0.244159 0.171822 0.24932
0.00932889 0.168049 0.00829987 0.00595365 0.240089 0.16754 0.194858
0.00926213 0.172964 0.00809041 0.00596479 0.253448 0.171893 0.235671
0.00964474 0.182794 0.00908615 0.00617877 0.227506 0.182037 0.22438
0.00883045 0.171387 0.00821838 0.00573013 0.222426 0.170734 0.207483
0.0084624 0.169589 0.00837313 0.00545678 0.227556 0.168243 0.257024
0.00839107 0.164213 0.00808686 0.00537106 0.205698 0.163121 0.223986
0.0089318 0.174357 0.00920058 0.00564902 0.23807 0.174005 0.19337
0.00834343 0.161762 0.00877637 0.0052479 0.223483 0.160927 0.210281
0.00969291 0.174028 0.00840465 0.00634026 0.239182 0.172729 0.249668
0.00958614 0.178019 0.00839809 0.00635537 0.246283 0.176556 0.25917
0.00934547 0.180495 0.00814933 0.00615058 0.207138 0.17947 0.228087
0.00938783 0.180464 0.00895036 0.00616594 0.179033 0.179979 0.200724
0.00941087 0.180196 0.00901968 0.00639559 0.187061 0.178321 0.28098
0.00972291 0.183911 0.0089273 0.00663453 0.210748 0.181714 0.318433
0.00992107 0.188204 0.00835847 0.00671596 0.188254 0.186053 0.306747
0.00914664 0.185696 0.00854195 0.00609959 0.238317 0.183112 0.350933
0.00944352 0.190497 0.00877607 0.00635395 0.227567 0.188346 0.325265
0.009875 0.184824 0.00844078 0.00666955 0.23073 0.183528 0.257628
0.00996855 0.183896 0.00882135 0.0067066 0.296613 0.182185 0.300603
0.00984114 0.183558 0.00826181 0.00656851 0.274015 0.182625 0.245701
0.0101635 0.199205 0.00917276 0.00698432 0.231909 0.197727 0.291665
0.0100047 0.193245 0.00919872 0.00680462 0.242814 0.191343 0.310008
0.00949419 0.182583 0.009029 0.00651323 0.220845 0.180715 0.305793
0.00995548 0.183368 0.00870907 0.00680784 0.269543 0.181448 0.316792
0.0098102 0.183708 0.00876313 0.0066702 0.236989 0.1816 0.324161
0.0101969 0.194699 0.008925 0.00704923 0.236361 0.193103 0.282495
0.00954572 0.181139 0.00881282 0.00663819 0.187874 0.179579 0.256101
0.00976237 0.192599 0.00847334 0.00670813 0.159013 0.190613 0.282984
0.00959252 0.198523 0.00808181 0.00686902 0.169189 0.195484 0.362647
0.00898323 0.193077 0.00776239 0.00613934 0.172616 0.189864 0.353596
0.00974017 0.189769 0.00861083 0.00661949 0.19386 0.186932 0.326062
0.00977654 0.196578 0.00885753 0.00680534 0.16692 0.193999 0.3103
0.00965442 0.195533 0.0079025 0.00665111 0.180728 0.192313 0.357076
0.00935635 0.20387 0.0088737 0.00648743 0.173547 0.201041 0.337658
0.00968104 0.202107 0.00823916 0.00652392 0.20095 0.199936 0.308262
0.00985759 0.192802 0.00887797 0.0068612 0.15728 0.18988 0.324402
0.00998544 0.19372 0.00964081 0.00686776 0.177994 0.191024 0.321762
0.00958555 0.193269 0.00797315 0.00684818 0.176223 0.190252 0.348645
0.00971343 0.200701 0.0085388 0.00679085 0.215901 0.197427 0.380467
0.0092411 0.187173 0.00941131 0.00614073 0.177854 0.18431 0.32757
0.00958629 0.199434 0.00874994 0.0065154 0.195041 0.196809 0.321667
0.00936532 0.195152 0.00761907 0.00652216 0.198823 0.192284 0.354336
0.00973794 0.191067 0.00885159 0.00699061 0.157776 0.18856 0.329062
0.0108901 0.204433 0.00804428 0.00799645 0.169039 0.202082 0.312058
0.0100111 0.200724 0.00867727 0.00724306 0.156913 0.198269 0.328144
0.0100359 0.194538 0.00874641 0.0072981 0.169355 0.192289 0.304571
0.00983056 0.198697 0.00876334 0.00697062 0.175047 0.19593 0.352077
0.0098472 0.201649 0.0084464 0.00706247 0.179832 0.199544 0.311717
0.00953985 0.200184 0.008613 0.00681901 0.188169 0.197992 0.311401
0.0093682 0.196536 0.00817235 0.00666759 0.172269 0.194287 0.316852
0.00986583 0.195834 0.00807079 0.0069742 0.196061 0.193271 0.347532
0.00951874 0.199532 0.00878897 0.00684331 0.222004 0.197295 0.343823
0.0098427 0.191803 0.00805997 0.00700073 0.211081 0.18986 0.31756
0.00982805 0.200939 0.00968662 0.00682512 0.198752 0.199395 0.297431
0.0100003 0.197855 0.00979717 0.00710273 0.171193 0.195858 0.296145
0.00960283 0.201725 0.00844704 0.00660037 0.21663 0.19934 0.335718
0.0100381 0.20589 0.00894681 0.0069733 0.210503 0.202766 0.380803
0.0105029 0.202923 0.00844611 0.00750529 0.198437 0.201049 0.305193
0.0111242 0.213827 0.00948762 0.00793958 0.205803 0.211769 0.313162
0.0104939 0.212326 0.00924509 0.00740826 0.251011 0.209654 0.380074
0.0113128 0.214838 0.00834913 0.00822385 0.222393 0.212438 0.357059
0.0106945 0.212706 0.00873446 0.00761583 0.235437 0.210652 0.336108
0.0102772 0.216801 0.00867049 0.00712296 0.216448 0.214897 0.322241
0.00965506 0.198645 0.00927022 0.00670913 0.193408 0.196526 0.320273
0.010074 0.203984 0.00812342 0.00718159 0.168942 0.201792 0.309023
0.00995714 0.201467 0.00861929 0.00694868 0.180166 0.200123 0.262718
0.0103304 0.200991 0.00854545 0.00740231 0.21725 0.19877 0.337221
0.00979296 0.202667 0.00790475 0.00713682 0.176134 0.200879 0.303605
0.0105831 0.216916 0.00863834 0.00758671 0.202613 0.21552 0.293047
0.0102605 0.204148 0.00835572 0.00742171 0.178772 0.203045 0.261234
0.00950738 0.200394 0.00899619 0.00674946 0.190811 0.198702 0.301183
0.00974569 0.200813 0.00854116 0.00683872 0.211119 0.199245 0.295782
0.00996531 0.209226 0.00799338 0.00728545 0.184603 0.208073 0.272679
0.0106962 0.213562 0.00895947 0.00771852 0.203207 0.212082 0.293119
0.0105571 0.213894 0.00942077 0.00760551 0.173768 0.21255 0.282745
0.00993525 0.202891 0.00857126 0.00724594 0.156791 0.202051 0.244698
0.0100102 0.207427 0.00851129 0.00717819 0.221464 0.206122 0.29721
0.00963489 0.212572 0.009082 0.00695524 0.190336 0.210789 0.326574
0.00952396 0.222378 0.00868933 0.00687384 0.231158 0.220792 0.330445
0.0092204 0.219034 0.0085213 0.00656213 0.193971 0.21722 0.367495
0.00948755 0.212342 0.00922483 0.00694151 0.233115 0.210409 0.371914
0.00967148 0.222069 0.00859521 0.00695508 0.200313 0.221151 0.274674
0.00876701 0.205021 0.00822277 0.00620429 0.170021 0.203743 0.285822
0.00960718 0.205531 0.00860794 0.00694983 0.210806 0.204098 0.301551
0.0101166 0.209231 0.00863264 0.0074471 0.222876 0.207355 0.362977
0.00968856 0.206791 0.0087623 0.00693919 0.242807 0.20504 0.336776
0.00993485 0.217175 0.00893964 0.0071331 0.25571 0.215533 0.344592
0.00986881 0.213321 0.00904953 0.00720458 0.216213 0.212059 0.304551
0.0102008 0.218101 0.00884537 0.00752173 0.246109 0.216825 0.316754
0.0107034 0.213608 0.00923275 0.00777242 0.275357 0.212008 0.329177
0.00997846 0.21427 0.00924788 0.00724816 0.253885 0.212872 0.311842
0.00932085 0.208185 0.00853507 0.00681304 0.216215 0.207054 0.289923
0.00998926 0.209452 0.00938149 0.00711865 0.239208 0.208831 0.250303
0.00981989 0.204139 0.00955041 0.00722034 0.180975 0.202954 0.279756
0.00991691 0.207915 0.00857734 0.00696721 0.175522 0.208531 0.1799
0.010309 0.215591 0.00917455 0.00733382 0.191676 0.215563 0.217234
0.0108417 0.215828 0.00925143 0.00815376 0.155062 0.21594 0.210958
0.0109814 0.223434 0.00870264 0.00806441 0.20756 0.222581 0.270662
0.0104578 0.219965 0.008707 0.00768947 0.195215 0.219923 0.222287
0.0102169 0.203117 0.00871747 0.00749879 0.1993 0.202507 0.238231
0.0105135 0.214945 0.00951855 0.00769839 0.192795 0.213873 0.279871
0.0102818 0.211229 0.00869176 0.0075788 0.167959 0.210574 0.245508
0.01048 0.219025 0.00847053 0.00773293 0.192586 0.218473 0.251138
0.0102922 0.22279 0.00874442 0.00766878 0.170017 0.222001 0.264995
0.0100032 0.222371 0.00891731 0.0073601 0.180221 0.221463 0.269912
0.0101504 0.216137 0.0100413 0.00745366 0.196109 0.214806 0.291813
0.0102382 0.21938 0.00858587 0.00749565 0.15212 0.218736 0.248714
0.00956003 0.213369 0.0086545 0.00693967 0.163676 0.211722 0.306733
0.00883637 0.208831 0.00861668 0.00636008 0.191744 0.206788 0.331899
0.00998644 0.215909 0.00975936 0.00716865 0.175261 0.215426 0.239416
0.00970551 0.209073 0.00902623 0.00717136 0.161364 0.207704 0.279492
0.00992608 0.205748 0.0088007 0.00746383 0.16426 0.204263 0.289953
0.00981567 0.208404 0.00888801 0.00721847 0.206213 0.206918 0.300365
0.0103773 0.209597 0.00924974 0.00743009 0.206433 0.208375 0.28785
0.00963573 0.208241 0.00870154 0.00694687 0.198589 0.206847 0.292493
0.0100963 0.20989 0.00858443 0.0072944 0.202915 0.207877 0.329847
0.0100786 0.213359 0.00873201 0.00711957 0.19224 0.211331 0.334874
0.0103728 0.225463 0.00813502 0.00741913 0.246819 0.222715 0.426221
0.0108727 0.230617 0.00864596 0.00782918 0.210291 0.228356 0.378352
0.0101436 0.228028 0.00900295 0.00746779 0.195749 0.226162 0.337608
0.0103203 0.225206 0.00860723 0.00755622 0.190824 0.222636 0.378995
0.0106176 0.219847 0.0098754 0.00756724 0.264644 0.216786 0.437549
0.0105294 0.211447 0.00888192 0.00769719 0.188733 0.208982 0.340635
0.0101585 0.215204 0.00919624 0.00746509 0.197875 0.2131 0.334161
0.0104383 0.213192 0.00944153 0.00771271 0.220988 0.211588 0.312506
0.0100732 0.220538 0.00865107 0.00738754 0.184867 0.219239 0.296336
0.0103548 0.229959 0.00936069 0.00743778 0.199356 0.228281 0.326668
0.010523 0.223817 0.00904949 0.0078342 0.152752 0.223262 0.250605
0.0109111 0.218507 0.00953772 0.00809394 0.178424 0.218085 0.238998
0.010288 0.215224 0.00868329 0.00773 0.192723 0.213907 0.291398
0.0109872 0.21897 0.00857477 0.00818266 0.181727 0.217606 0.297623
0.0102582 0.20849 0.00898437 0.00764597 0.17608 0.206831 0.31252
0.0100991 0.217265 0.00801768 0.0072456 0.193555 0.215447 0.328172
0.00908336 0.198998 0.00837751 0.00663186 0.157989 0.19853 0.225625
0.00978136 0.204082 0.00846662 0.00701309 0.23235 0.202723 0.295665
0.0102177 0.218808 0.00854656 0.00741231 0.219554 0.216973 0.33704
0.0105943 0.219519 0.0087852 0.00780338 0.204626 0.217403 0.359248
0.0105423 0.214538 0.00858366 0.00772394 0.205011 0.212943 0.301926
0.0106268 0.224653 0.00922996 0.0080181 0.185866 0.222329 0.373205
0.0110735 0.225806 0.00875898 0.00819748 0.241296 0.223965 0.344889
0.0110381 0.223885 0.00915611 0.0082072 0.215375 0.222265 0.319286
0.0109096 0.225168 0.00892982 0.00802964 0.239866 0.223206 0.352815
0.0104739 0.216371 0.00900404 0.00782637 0.212189 0.214487 0.341698
0.0106474 0.215928 0.00827761 0.00787863 0.213395 0.214415 0.311917
0.0104662 0.219152 0.00879301 0.00785718 0.195709 0.217546 0.322504
0.0108124 0.221925 0.00929719 0.00814525 0.185287 0.220475 0.304198
0.010146 0.222123 0.00930019 0.00757259 0.177848 0.220913 0.293408
0.0103737 0.216772 0.00940386 0.00766563 0.249135 0.215193 0.3283
0.0103593 0.217426 0.00834592 0.00760506 0.203152 0.215462 0.34512
0.0102038 0.225508 0.00851773 0.00755717 0.233631 0.223267 0.383362
0.00960006 0.2167 0.00852284 0.00694243 0.248787 0.213813 0.435764
0.0105015 0.22068 0.0101508 0.00771397 0.245825 0.217982 0.403468
0.0109964 0.218225 0.00871747 0.00817895 0.260187 0.215445 0.417397
0.0112519 0.227206 0.00847032 0.00836331 0.231885 0.224431 0.422685
0.0109577 0.217274 0.00870188 0.00827927 0.232197 0.214258 0.417847
0.010644 0.215626 0.00893309 0.00818232 0.176089 0.212764 0.394614
0.0103226 0.22718 0.00850029 0.00791676 0.181866 0.223966 0.424633
0.0108783 0.232865 0.0079968 0.00836232 0.186995 0.229107 0.460893
0.0105576 0.220608 0.00871424 0.00796036 0.178962 0.216794 0.446135
0.0107112 0.223561 0.00840064 0.00815849 0.178785 0.219559 0.464591
0.0101322 0.228024 0.00993798 0.00762867 0.166798 0.224731 0.41642
0.010538 0.230346 0.00941824 0.0079038 0.159596 0.227656 0.366791
0.0101359 0.222271 0.00994207 0.00779271 0.172205 0.218699 0.433019
0.00985134 0.227422 0.0105513 0.00745665 0.180915 0.223413 0.470846
0.0100978 0.230892 0.0085577 0.0076492 0.170136 0.226752 0.457605
0.0105449 0.238053 0.00922377 0.00814164 0.157057 0.234698 0.411023
0.0101831 0.229695 0.00916168 0.00788531 0.179122 0.22524 0.505303
0.0102992 0.232888 0.00863828 0.00803246 0.157201 0.228787 0.470209
0.0103492 0.227159 0.00875032 0.00802984 0.155435 0.223295 0.427626
0.0101437 0.227708 0.00941686 0.00780194 0.162001 0.224518 0.3993
0.0101785 0.228056 0.00830989 0.00782961 0.139213 0.22573 0.337469
0.0100872 0.219465 0.00906835 0.00768719 0.177291 0.216399 0.393199
0.0103795 0.231227 0.00893097 0.00793227 0.169449 0.227622 0.436073
0.00993018 0.22269 0.00910933 0.00756095 0.138737 0.219516 0.393197
0.00987626 0.230118 0.00848784 0.00748279 0.153057 0.227433 0.360667
0.00994395 0.223207 0.00969771 0.00753099 0.174315 0.22034 0.387135
0.00975611 0.217702 0.00914471 0.00730402 0.184774 0.214742 0.395431
0.00970459 0.229407 0.00882442 0.00731106 0.190261 0.225755 0.466756
0.0102457 0.235195 0.00857931 0.00782535 0.183202 0.231676 0.464804
0.010458 0.234839 0.00866441 0.00793763 0.202005 0.231321 0.451047
0.0107136 0.238453 0.0093959 0.00813325 0.198628 0.23491 0.465685
0.0103883 0.234626 0.0094831 0.00804571 0.168375 0.231713 0.416118
0.0106545 0.234276 0.00930326 0.00826063 0.169108 0.232022 0.358664
0.0103118 0.236063 0.00874391 0.00810327 0.155057 0.233887 0.360025
0.0103745 0.232098 0.00861389 0.00802184 0.145259 0.230158 0.330815
0.0108604 0.234156 0.0084075 0.00845804 0.172974 0.231503 0.388062
0.0107868 0.22394 0.00943218 0.0084957 0.154788 0.221159 0.393189
0.0105633 0.220785 0.00875388 0.00826259 0.178517 0.21888 0.332088
0.0100817 0.221772 0.00861012 0.00772163 0.187806 0.218798 0.420168
0.00999607 0.218054 0.00975331 0.00775621 0.170519 0.214776 0.437407
0.0101812 0.222893 0.00908603 0.00789684 0.18081 0.219553 0.457509
0.0106846 0.231841 0.00825923 0.0085433 0.171745 0.227991 0.511469
0.0106604 0.230852 0.00829429 0.00857233 0.153648 0.227959 0.406822
0.010124 0.224782 0.00915471 0.00790389 0.152705 0.221929 0.398892
0.0113466 0.228623 0.00838387 0.0089117 0.151897 0.22558 0.396141
0.0108555 0.226462 0.00831162 0.00833174 0.16063 0.22337 0.395774
0.00993654 0.215496 0.00859879 0.00768163 0.144298 0.212137 0.405837
0.0101198 0.226829 0.00875695 0.00771797 0.14214 0.223518 0.409428
0.0104269 0.221342 0.0099067 0.00820735 0.157514 0.21775 0.421315
0.0105401 0.229174 0.00836739 0.0082506 0.180161 0.224804 0.487987
0.0104939 0.226155 0.00880162 0.00833878 0.158596 0.222504 0.434241
0.0105817 0.235921 0.00933424 0.00816765 0.150013 0.232526 0.417915
0.00969638 0.222449 0.00897865 0.00743515 0.168548 0.218256 0.492998
0.0103109 0.222178 0.00900911 0.00788102 0.182937 0.218719 0.435525
0.0102414 0.221736 0.00932715 0.00793467 0.161243 0.218106 0.437924
0.0110133 0.240135 0.00920606 0.00863742 0.176139 0.236081 0.473882
0.0101787 0.225449 0.00857958 0.00804034 0.177361 0.221216 0.491949
0.0100255 0.226247 0.00948934 0.00781424 0.16579 0.222272 0.459321
0.0105949 0.239201 0.00953474 0.00829248 0.151899 0.234908 0.491016
0.0104463 0.234048 0.00927479 0.0082549 0.17739 0.23007 0.483731
0.00997842 0.240196 0.00918208 0.00764726 0.177619 0.23589 0.513121
0.0105832 0.23011 0.00949375 0.0083164 0.174189 0.226178 0.481147
0.0100539 0.227216 0.00824876 0.00776887 0.14781 0.224518 0.372472
0.0103628 0.232912 0.00829677 0.00808752 0.129817 0.23007 0.384782
0.0104151 0.240405 0.00862528 0.00811964 0.160065 0.237589 0.396551
0.0102195 0.239275 0.0093194 0.00807803 0.135164 0.237171 0.344606
0.0097777 0.230074 0.00919897 0.00768503 0.131152 0.227746 0.347934
0.010361 0.23221 0.0094317 0.00818007 0.15095 0.229996 0.352325
0.0105385 0.235304 0.00941538 0.00827479 0.171258 0.231706 0.470704
0.0104617 0.235205 0.00938984 0.00842581 0.155604 0.232136 0.434707
0.00996866 0.224574 0.00884503 0.00775146 0.154257 0.22197 0.369894
0.0103504 0.220394 0.00958637 0.00827454 0.141819 0.216936 0.436515
0.00962417 0.219426 0.00847257 0.00762311 0.159008 0.215925 0.43776
0.00990201 0.219219 0.00928551 0.00788962 0.128356 0.215934 0.401739
0.00972195 0.216118 0.0093974 0.0077656 0.137788 0.212723 0.408645
0.0101892 0.21444 0.00928881 0.00816287 0.139646 0.210923 0.413289
0.0100208 0.22056 0.00901354 0.00799328 0.1355 0.217244 0.392107
0.0111125 0.231751 0.00918543 0.00881444 0.170254 0.227883 0.444678
0.0102364 0.226425 0.00943706 0.0081876 0.146032 0.222468 0.466212
0.0099047 0.225127 0.00857607 0.00779932 0.156018 0.220516 0.518089
0.00980295 0.231332 0.00836056 0.00778285 0.146281 0.227213 0.452096
0.0101639 0.222691 0.00978744 0.00802905 0.132884 0.218926 0.405026
0.00993677 0.227675 0.00925039 0.00776072 0.142918 0.224188 0.409919
0.00969305 0.230675 0.00844376 0.00750378 0.152753 0.226681 0.436343
0.00962962 0.230552 0.00863447 0.00755783 0.147362 0.226539 0.454638
0.0100813 0.238747 0.00877368 0.00801818 0.151322 0.233212 0.579242
0.00990818 0.221861 0.00874327 0.00792886 0.124567 0.217184 0.490909
0.0101606 0.22849 0.00902347 0.0081056 0.13089 0.224362 0.445808
0.00961945 0.232086 0.00891912 0.00757818 0.1361 0.228128 0.432139
0.00986069 0.227979 0.00901242 0.00778978 0.150434 0.222709 0.537311
0.00932768 0.224934 0.00939151 0.00741633 0.132716 0.219746 0.503892
0.00971792 0.231452 0.00998876 0.00778106 0.136582 0.225738 0.566348
0.0101235 0.235382 0.00840985 0.00808646 0.157408 0.230163 0.548471
0.00965477 0.220583 0.00945247 0.00760402 0.145004 0.214899 0.535092
0.010065 0.227603 0.00889016 0.00805911 0.133684 0.221897 0.566081
0.00998614 0.225724 0.00906231 0.00791397 0.148159 0.219881 0.574203
0.0107587 0.22527 0.00896023 0.00853963 0.149622 0.219856 0.505283
0.0098793 0.224716 0.0086489 0.00790809 0.135127 0.219813 0.483591
0.0100714 0.222396 0.00920343 0.0080271 0.129885 0.217591 0.474756
0.0105146 0.23459 0.00816702 0.00842806 0.135037 0.230153 0.466006
0.00977445 0.228379 0.00968788 0.00773026 0.15509 0.223938 0.47939
0.0100557 0.228424 0.009407 0.00788339 0.149868 0.224639 0.423745
0.00920765 0.223745 0.00878759 0.00711391 0.130933 0.220276 0.389654
0.00943731 0.226407 0.00893516 0.00722604 0.127419 0.222604 0.400968
0.00960553 0.222169 0.00895965 0.00740886 0.128296 0.217444 0.469505
0.0104289 0.22932 0.00866439 0.00835487 0.134055 0.224658 0.458983
0.0104426 0.236283 0.00894196 0.00838268 0.131687 0.231101 0.48299
0.00999272 0.242048 0.00874649 0.00799702 0.132248 0.236936 0.491234
0.00908638 0.229626 0.00933777 0.00704731 0.120972 0.224389 0.479401
0.00954261 0.233957 0.00933121 0.00761513 0.100348 0.229225 0.44784
0.00976142 0.240514 0.00916431 0.00776714 0.109534 0.236015 0.439212
0.0106195 0.245503 0.00861289 0.00837568 0.154658 0.239434 0.584387
0.0105242 0.239852 0.00841227 0.00845514 0.139421 0.23417 0.536843
0.0106146 0.244356 0.00942603 0.00857011 0.136922 0.238509 0.576653
0.0103403 0.247407 0.00928362 0.00822377 0.138137 0.241873 0.543273
0.00988123 0.249837 0.00906028 0.00791683 0.116696 0.244687 0.512127
0.00929278 0.249754 0.00945126 0.00739327 0.12713 0.244899 0.496104
0.00947592 0.24317 0.00927114 0.00749614 0.138847 0.238102 0.507669
0.00989066 0.241773 0.00984403 0.00793689 0.111072 0.236649 0.505948
0.0106576 0.250492 0.00836124 0.0085181 0.150137 0.245225 0.548321
0.0103138 0.229741 0.00906246 0.00858057 0.108438 0.225286 0.473408
0.0104328 0.233858 0.00852048 0.00855516 0.113098 0.229751 0.481529
0.0104418 0.237655 0.00904843 0.00839167 0.156259 0.233287 0.48972
0.00986816 0.229725 0.00999104 0.00788325 0.117239 0.226305 0.399251
0.0101056 0.240802 0.00901158 0.00808839 0.128843 0.237371 0.414363
0.0105328 0.231427 0.00874901 0.00854958 0.159621 0.226854 0.511938
0.010255 0.235907 0.00979774 0.00831061 0.137218 0.231806 0.464091
0.0107086 0.247114 0.00872039 0.00858938 0.166976 0.242582 0.530375
0.0102096 0.234812 0.00927263 0.00805213 0.153348 0.230866 0.477102
0.00994875 0.242401 0.0101636 0.00785878 0.135707 0.238705 0.440409
0.0101748 0.243203 0.00945679 0.00799842 0.137003 0.238669 0.490757
0.00954292 0.231058 0.00855354 0.0074749 0.126063 0.226534 0.470337
0.00982048 0.23623 0.00943572 0.0077764 0.126947 0.232559 0.4113
0.0100499 0.236832 0.0103906 0.00788295 0.131615 0.232845 0.433864
0.00989415 0.234304 0.00955091 0.00792797 0.127458 0.229699 0.465684
0.0104435 0.237359 0.00963739 0.00839638 0.132284 0.232172 0.492851
0.0101721 0.238622 0.00926417 0.0081249 0.132565 0.23387 0.479424
0.00980547 0.234657 0.00906165 0.00777762 0.111675 0.230726 0.40828
0.0101921 0.235999 0.00863307 0.00810348 0.113702 0.231875 0.421421
0.00960876 0.229605 0.00935172 0.00765904 0.135618 0.224692 0.502171
0.0096629 0.228674 0.00922619 0.00772779 0.126392 0.223796 0.494653
0.0107741 0.232799 0.0098001 0.00871199 0.145998 0.227183 0.565864
0.0101677 0.230089 0.00948163 0.00817227 0.128611 0.225889 0.445103
0.0100954 0.22608 0.0092439 0.00815257 0.146497 0.221646 0.47682
0.0109841 0.233596 0.00988405 0.00889957 0.147119 0.229082 0.49876
0.0100999 0.223168 0.00906179 0.00813756 0.122017 0.21998 0.378927
0.0106799 0.223493 0.00903768 0.00873455 0.130667 0.21901 0.465892
0.0107418 0.236181 0.00928846 0.00859595 0.157089 0.230451 0.558516
0.0101209 0.231839 0.00871361 0.00807284 0.135567 0.227459 0.445486
0.00993918 0.229931 0.00889502 0.00800943 0.119935 0.225654 0.447268
0.00965606 0.231114 0.00888213 0.0077621 0.129787 0.226481 0.481071
0.00996186 0.231121 0.0089716 0.00798309 0.131091 0.226574 0.472625
0.0105632 0.221148 0.0087371 0.00857783 0.122386 0.217048 0.414918
0.0100445 0.221386 0.00902655 0.0081019 0.113004 0.217628 0.397619
0.00977629 0.23446 0.00905394 0.00768316 0.120974 0.230416 0.425929
0.00987986 0.23499 0.00933011 0.00779457 0.123763 0.229618 0.495125
0.010197 0.232323 0.00926366 0.00802223 0.130022 0.226779 0.507334
0.0103796 0.240196 0.00952384 0.00837939 0.130676 0.234998 0.496286
0.0103792 0.236906 0.00944943 0.00837685 0.118378 0.232008 0.48862
0.0111306 0.243204 0.00988087 0.00895753 0.135669 0.238499 0.495551
0.0108323 0.247908 0.00930253 0.00882503 0.11653 0.243459 0.478074
0.0103373 0.238839 0.00934023 0.00840999 0.143628 0.233868 0.54094
0.0103936 0.240838 0.00879698 0.00834406 0.146892 0.236345 0.494179
0.0102279 0.236249 0.00907866 0.0081103 0.153208 0.231682 0.509039
0.010442 0.232039 0.00871954 0.00837442 0.144676 0.227129 0.526217
0.0098373 0.232463 0.00851436 0.00791032 0.155533 0.228265 0.499982
0.00994003 0.232544 0.00871548 0.00794502 0.164191 0.227976 0.54608
0.010203 0.230953 0.0103912 0.00816474 0.168445 0.226628 0.502624
0.00978518 0.22966 0.00936094 0.00780249 0.142473 0.225756 0.466952
0.010026 0.233077 0.00914468 0.00789034 0.150403 0.229042 0.479012
0.0102175 0.245703 0.00884226 0.00807644 0.147723 0.242399 0.445146
0.0106677 0.247969 0.00955359 0.00863349 0.142364 0.244678 0.438454
0.00977347 0.241217 0.00975649 0.0078143 0.139757 0.237999 0.445794
0.010233 0.240324 0.00898095 0.00808084 0.189678 0.235944 0.568604
0.0101343 0.238101 0.00969136 0.00817115 0.158904 0.233818 0.556601
0.0103002 0.233581 0.00958669 0.00831022 0.140238 0.229902 0.481839
0.0101763 0.234413 0.00874489 0.00820612 0.149429 0.230109 0.513161
0.0106786 0.234276 0.00934482 0.00857891 0.153218 0.230758 0.43187
0.0101555 0.228591 0.00900062 0.00822216 0.139243 0.225192 0.416925
0.0101328 0.225733 0.00875679 0.00803819 0.152982 0.221872 0.467923
0.0100342 0.225987 0.00928849 0.0079818 0.142982 0.222416 0.426525
0.0110082 0.235927 0.0102105 0.0088269 0.168516 0.231382 0.522498
0.0106647 0.239849 0.00878112 0.00853052 0.169522 0.235175 0.544569
0.0102949 0.24046 0.00883515 0.00811683 0.16412 0.236342 0.481825
0.010252 0.231237 0.00937595 0.00798442 0.186296 0.226991 0.497777
0.0103653 0.236796 0.00960079 0.00815486 0.182482 0.23256 0.496892
0.00983574 0.240295 0.00882535 0.00776389 0.154285 0.235801 0.495885
0.00997659 0.229901 0.00916367 0.00802691 0.151491 0.22554 0.509588
0.010829 0.246095 0.00924139 0.00878539 0.143663 0.241052 0.571732
0.00963944 0.226906 0.00841684 0.00756656 0.169882 0.222186 0.550128
0.00951363 0.233047 0.00872389 0.00755841 0.170865 0.22857 0.529337
0.0103605 0.237577 0.00840887 0.00823459 0.167676 0.233187 0.534556
0.0101838 0.22837 0.00919074 0.00813601 0.155149 0.223936 0.505079
0.00945023 0.227838 0.00853053 0.0073979 0.151882 0.224 0.447694
0.00989395 0.227353 0.00906706 0.00776542 0.164536 0.223219 0.474863
0.0104283 0.238856 0.00910804 0.00833141 0.160585 0.234645 0.505754
0.010552 0.227879 0.00916585 0.00837184 0.1618 0.22373 0.486096
0.0102441 0.222248 0.00907962 0.00812907 0.16795 0.217855 0.499452
0.0104602 0.23638 0.00843498 0.00836724 0.17034 0.231425 0.564388
0.0104867 0.231753 0.00812282 0.00842413 0.147884 0.227485 0.497355
0.010248 0.232255 0.00958376 0.00813991 0.148409 0.228563 0.444066
0.0115132 0.239795 0.00898136 0.0092881 0.151354 0.235893 0.458152
0.0107341 0.236193 0.00910225 0.00853631 0.15878 0.232655 0.436573
0.0101491 0.240548 0.00952218 0.00800339 0.155971 0.237106 0.427239
0.00987577 0.233858 0.00907743 0.00791941 0.1311 0.230559 0.413058
0.0107267 0.242261 0.00910956 0.008584 0.153686 0.238483 0.453358
0.0104303 0.231164 0.00896842 0.00833828 0.139668 0.227676 0.414698
0.010165 0.231461 0.00860244 0.00817422 0.14705 0.227834 0.445739
0.0101841 0.244027 0.010589 0.00814653 0.154343 0.240015 0.484607
0.0101175 0.235283 0.00974453 0.00799746 0.135637 0.23057 0.510606
0.0105768 0.245146 0.0087792 0.00863208 0.125587 0.240444 0.529667
0.0104381 0.246137 0.00942082 0.00837654 0.161289 0.24165 0.523318
0.0102177 0.237019 0.00989729 0.00814999 0.140791 0.233574 0.421744
0.0106946 0.241471 0.00954505 0.00856035 0.160893 0.237111 0.514021
0.0104088 0.234346 0.00930448 0.00841013 0.133613 0.229446 0.534538
0.00998828 0.235114 0.00924401 0.00807213 0.146112 0.229673 0.576276
0.0105585 0.238695 0.00939924 0.00847412 0.14893 0.233349 0.56665
0.010287 0.236189 0.00875762 0.00816355 0.150436 0.231794 0.492207
0.0100214 0.238094 0.00893933 0.00806517 0.151521 0.233456 0.517157
0.0101833 0.242798 0.00898053 0.00818626 0.152555 0.237415 0.548031
0.00984602 0.233917 0.00916598 0.00780533 0.142567 0.228531 0.566414
0.00949633 0.242044 0.00898215 0.00758876 0.141424 0.23786 0.479117
0.00980683 0.238763 0.0094052 0.00782628 0.152984 0.234195 0.510209
0.0101488 0.227813 0.00907061 0.00815987 0.12914 0.223537 0.449535
0.0103238 0.236529 0.00917321 0.00812291 0.150039 0.232031 0.486435
0.0100833 0.233711 0.00897619 0.00793726 0.169078 0.229041 0.514307
0.00995776 0.230974 0.00866502 0.00784861 0.146485 0.227078 0.453877
0.0102762 0.235153 0.00994522 0.0082416 0.13597 0.230976 0.48413
0.00978095 0.231065 0.00864594 0.00783325 0.140652 0.226412 0.531644
0.0105108 0.238588 0.00834188 0.0084714 0.136805 0.234405 0.465115
0.0108625 0.235261 0.00891109 0.00869296 0.154805 0.229343 0.61643
0.0104672 0.23539 0.00939576 0.00837434 0.134522 0.230454 0.521068
0.00994661 0.228975 0.00885057 0.00775499 0.148343 0.223485 0.57681
0.010701 0.234808 0.00813527 0.00849787 0.164367 0.229261 0.577231
0.0101007 0.230478 0.00875246 0.00788621 0.162366 0.225013 0.555999
0.00986186 0.231536 0.00896888 0.0076415 0.162445 0.226364 0.543878
0.00957559 0.231319 0.00816303 0.0074932 0.14429 0.226783 0.512763
0.00997631 0.225518 0.0086628 0.00787931 0.128736 0.221191 0.452507
0.0102212 0.234503 0.00856402 0.00802024 0.142514 0.230501 0.426133
0.00978486 0.225834 0.00920162 0.00765207 0.151615 0.221421 0.487532
0.0100514 0.230346 0.009016 0.00783832 0.165151 0.225029 0.557375
0.00959265 0.217223 0.00864449 0.00746252 0.183959 0.212107 0.575884
0.00905639 0.211298 0.00815616 0.00694176 0.165187 0.206492 0.503601
0.00981206 0.213457 0.00916932 0.00753817 0.186556 0.208291 0.554915
0.0100612 0.212457 0.00896837 0.00779077 0.190396 0.207442 0.555479
0.0103141 0.21996 0.0089883 0.00802001 0.17858 0.215041 0.52425
0.00992068 0.222967 0.008899 0.00766237 0.158796 0.218385 0.509811
0.0107197 0.223402 0.00840002 0.00840248 0.149172 0.218972 0.485506
0.0104386 0.222463 0.00905302 0.00826473 0.160091 0.218561 0.449303
0.0109932 0.236148 0.00877714 0.00849127 0.168708 0.231847 0.479151
0.0109172 0.241764 0.00852978 0.00849034 0.166703 0.237885 0.463538
0.00999264 0.232337 0.00838889 0.00782688 0.152266 0.228961 0.42758
0.0102778 0.233506 0.0092193 0.00811153 0.126172 0.230345 0.415523
0.0111962 0.231723 0.00923464 0.00909702 0.143757 0.228867 0.396195
0.0118607 0.235991 0.00857973 0.00966989 0.148748 0.233246 0.383477
0.0117953 0.235184 0.00954716 0.00945724 0.173213 0.231318 0.490326
0.0114699 0.239266 0.00885396 0.00925668 0.160202 0.235357 0.490906
0.0104327 0.230556 0.00879136 0.00827544 0.177128 0.225875 0.532986
0.0103788 0.222423 0.00883746 0.00825124 0.166339 0.218213 0.49447
0.0102513 0.221811 0.00891181 0.00808391 0.147196 0.218283 0.434248
0.0102419 0.23604 0.00917069 0.00812673 0.162179 0.232823 0.44573
0.0101581 0.236729 0.00873023 0.00805671 0.182474 0.232843 0.517147
0.0103302 0.234725 0.00946895 0.00811752 0.178694 0.231885 0.409785
0.0106229 0.234128 0.00903343 0.0084828 0.170947 0.229586 0.545703
0.0100015 0.228355 0.00909326 0.00789097 0.162137 0.224505 0.47265
0.0100583 0.242116 0.00834667 0.00776494 0.17145 0.238569 0.460788
0.0100922 0.232256 0.00889931 0.00801535 0.148839 0.228997 0.430248
0.0106402 0.23051 0.00999016 0.00845707 0.153974 0.226666 0.462177
0.0110084 0.24467 0.00886842 0.00863422 0.181947 0.23975 0.577006
0.0105379 0.23934 0.00896575 0.00823489 0.186614 0.234632 0.55291
0.0106307 0.239478 0.00910861 0.00830266 0.173882 0.235083 0.517861
0.0104725 0.232082 0.0086882 0.00813014 0.18679 0.227411 0.56811
0.010378 0.227298 0.00863002 0.00824834 0.172526 0.222181 0.57676
0.010557 0.231916 0.0101863 0.00827137 0.178206 0.227158 0.538734
0.0107886 0.227118 0.00869525 0.00840128 0.204049 0.222375 0.555068
0.0104792 0.234296 0.00907141 0.00824801 0.153442 0.229654 0.50489
0.0107935 0.245471 0.00823817 0.00858843 0.155308 0.241057 0.497583
0.0105449 0.23465 0.00985047 0.00833642 0.16258 0.230267 0.505288
0.0105281 0.23958 0.00949707 0.00826111 0.171482 0.235527 0.50474
0.0107321 0.246613 0.00915974 0.00851065 0.193314 0.24221 0.544927
0.00986941 0.232849 0.0086721 0.00772031 0.167022 0.22916 0.466544
0.00971178 0.234543 0.0089535 0.00759977 0.166704 0.231249 0.444935
0.00984777 0.235179 0.00912532 0.00764782 0.199484 0.231673 0.479759
0.00996671 0.242181 0.00925452 0.00763755 0.173494 0.238853 0.449553
0.0100283 0.25181 0.0100722 0.00772527 0.184954 0.248552 0.452139
0.0108226 0.240551 0.00937426 0.00840028 0.212481 0.236865 0.484758
0.0099065 0.220544 0.00906103 0.00774717 0.147944 0.217605 0.401006
0.00997 0.231447 0.00909929 0.00772825 0.170349 0.227641 0.487587
0.00996185 0.230561 0.0084174 0.00782011 0.134921 0.226931 0.446627
0.00981595 0.224954 0.00927353 0.00749355 0.180462 0.221395 0.445002
0.00975441 0.235239 0.00947105 0.00735616 0.181829 0.231224 0.518791
0.0102449 0.231571 0.00958516 0.00792592 0.194393 0.227795 0.471528
0.0109137 0.234137 0.00904765 0.00853714 0.154611 0.231193 0.398304
0.0103223 0.231967 0.00924112 0.00791948 0.184425 0.227876 0.493219
0.0109105 0.23271 0.00896134 0.00863574 0.151862 0.229258 0.409934
0.0116199 0.234554 0.00981158 0.00922844 0.160154 0.230799 0.458878
0.0106449 0.239478 0.00956279 0.00834731 0.184661 0.234821 0.552566
0.0107383 0.241301 0.00878002 0.00847841 0.18072 0.237102 0.522031
0.0103276 0.237641 0.0084964 0.00819778 0.171823 0.234061 0.458065
0.0103496 0.236698 0.00916557 0.00816601 0.146183 0.234024 0.380969
0.0103742 0.23381 0.00909707 0.00806636 0.188881 0.230124 0.472557
0.0107028 0.240928 0.00816119 0.00837066 0.161081 0.23764 0.4542
0.0104012 0.256705 0.00908367 0.00798943 0.182337 0.253603 0.448445
0.0108292 0.241116 0.00845389 0.00824488 0.204769 0.237878 0.479987
0.0106415 0.237031 0.00827434 0.00831776 0.183371 0.233448 0.478399
0.0110345 0.23522 0.00895742 0.00868094 0.17616 0.231667 0.456117
0.0105399 0.233121 0.00909354 0.00823722 0.144555 0.230658 0.357292
0.0103585 0.228285 0.00882875 0.00814567 0.152533 0.225619 0.375922
0.0113478 0.24305 0.00919286 0.00889899 0.196816 0.239474 0.470955
0.0111168 0.243937 0.00930449 0.00872206 0.194577 0.240631 0.446602
0.0110437 0.2282 0.0088218 0.00886509 0.172807 0.2251 0.423883
0.0109429 0.228705 0.0095265 0.00876283 0.170084 0.225826 0.428039
0.0106268 0.237166 0.00902369 0.00841826 0.149133 0.233965 0.454964
0.0105574 0.232254 0.00926566 0.00828525 0.178885 0.229007 0.46096
0.0104496 0.233441 0.00920165 0.0083082 0.178783 0.230776 0.415442
0.0107972 0.232478 0.00964217 0.00851644 0.200931 0.229625 0.4344
0.0105639 0.225647 0.00895637 0.00844625 0.155586 0.222581 0.428004
0.0107687 0.238765 0.0089377 0.00852108 0.190187 0.235206 0.491066
0.0110945 0.235204 0.00857946 0.00879948 0.171479 0.232585 0.391987
0.010568 0.237994 0.00911496 0.00845869 0.155016 0.234998 0.424509
0.0103872 0.223668 0.00914285 0.00828303 0.159864 0.220453 0.427534
0.0105819 0.23834 0.0095182 0.00859723 0.133355 0.235734 0.389371
0.0108672 0.240535 0.00938124 0.00877103 0.161369 0.237866 0.4079
0.0109685 0.254816 0.00924026 0.00891449 0.136829 0.251013 0.486142
0.0108931 0.241867 0.00943301 0.00880858 0.159935 0.237529 0.5195
0.0102264 0.231672 0.00877767 0.00822859 0.153431 0.227363 0.514295
0.010452 0.238145 0.00971732 0.00835761 0.164735 0.234317 0.486122
0.0111022 0.240661 0.00992133 0.00896695 0.154984 0.23664 0.49084
0.0110746 0.231727 0.00847931 0.00904527 0.144634 0.22788 0.465225
0.010654 0.236244 0.00889641 0.00850447 0.15658 0.232424 0.466862
0.0113944 0.237105 0.00878083 0.00909762 0.176854 0.233152 0.47745
0.0109688 0.239206 0.00948723 0.00865107 0.163252 0.235828 0.433214
0.0108741 0.235545 0.00967214 0.00848245 0.202854 0.231592 0.507749
0.0107917 0.243458 0.00888651 0.00849945 0.186799 0.240086 0.451018
0.011138 0.243583 0.00902046 0.00889148 0.151223 0.240272 0.432044
0.0103661 0.239817 0.00942213 0.00823801 0.139957 0.236867 0.396494
0.0105801 0.236573 0.00865529 0.00842921 0.154448 0.23356 0.404995
0.0105686 0.235878 0.00927365 0.00836099 0.152094 0.232984 0.391404
0.0103827 0.235289 0.00850745 0.00831582 0.146263 0.2323 0.395573
0.0101004 0.229817 0.00829638 0.00782732 0.164673 0.22653 0.421386
0.0107635 0.237067 0.00877525 0.00834355 0.151602 0.234727 0.35109
0.0112917 0.234721 0.00975349 0.00897918 0.155494 0.231887 0.390364
0.0107089 0.231392 0.00856951 0.00848388 0.147817 0.22855 0.394569
0.0109096 0.248413 0.00934042 0.00858257 0.155349 0.245923 0.388453
0.010332 0.237666 0.00946076 0.00816762 0.168599 0.23416 0.477917
0.0108474 0.236727 0.00905534 0.00864398 0.181273 0.233501 0.467869
0.0112755 0.240167 0.00953956 0.00915252 0.182461 0.237283 0.448123
0.0109347 0.246546 0.00933721 0.00878684 0.17274 0.243223 0.463279
0.0113659 0.246048 0.00919211 0.0091791 0.162258 0.242736 0.458474
0.0105534 0.234965 0.0086719 0.0083241 0.182015 0.231678 0.452348
0.0111544 0.248116 0.00897457 0.00902488 0.178705 0.244819 0.475148
0.0113439 0.250606 0.00964678 0.00909988 0.225025 0.24707 0.526411
0.0106668 0.247797 0.00958051 0.00843899 0.174871 0.244655 0.461659
0.0114564 0.263407 0.00918177 0.00922186 0.158423 0.261048 0.404869
0.0110323 0.247946 0.00881928 0.00896696 0.185999 0.245068 0.463372
0.0107074 0.240071 0.00945127 0.00870496 0.158557 0.237287 0.431153
0.0107357 0.245066 0.0082908 0.00841697 0.22516 0.241975 0.474578
0.00989348 0.238244 0.00861631 0.00788216 0.163928 0.235382 0.424009
0.0105455 0.247259 0.00846879 0.00854294 0.171481 0.243553 0.50967
0.010451 0.245919 0.00906402 0.00826181 0.192463 0.241919 0.516594
0.010453 0.248512 0.00919903 0.008249 0.20804 0.244325 0.561408
0.0101507 0.238687 0.00927668 0.0079574 0.18621 0.234968 0.495969
0.0106487 0.238236 0.00928815 0.00833766 0.197741 0.234672 0.479549
0.0109289 0.247098 0.00912317 0.00865341 0.147863 0.244599 0.390781
0.0104274 0.24393 0.00916831 0.00834298 0.162243 0.241274 0.422153
0.0103743 0.235305 0.00924321 0.00820613 0.160225 0.233008 0.377029
0.0102574 0.235414 0.0103507 0.00815034 0.19066 0.233008 0.412435
0.0108281 0.243575 0.00864424 0.00866801 0.186581 0.24123 0.403829
0.0115899 0.240783 0.0106834 0.00941721 0.202241 0.238254 0.44078
0.011631 0.240651 0.00893694 0.00955799 0.167282 0.238361 0.417247
0.0107372 0.247215 0.00958667 0.00861062 0.20616 0.24478 0.449746
0.0111499 0.254567 0.0101135 0.00890223 0.198452 0.252422 0.413498
0.0102373 0.243337 0.00925715 0.00799221 0.261833 0.240873 0.468479
0.0104534 0.245665 0.00958971 0.00817851 0.223218 0.243396 0.450995
0.0106297 0.242393 0.00889974 0.008339 0.223788 0.240248 0.426343
0.0108372 0.254989 0.00836417 0.00873606 0.195321 0.252685 0.424637
0.0104898 0.239386 0.008802 0.00820756 0.205352 0.236983 0.416176
0.0106311 0.24443 0.00909081 0.00833293 0.204987 0.242126 0.41689
0.0107757 0.238011 0.00961589 0.00858034 0.232143 0.235502 0.440582
0.0103739 0.235211 0.00914669 0.00816008 0.225002 0.232239 0.495353
0.0106369 0.241125 0.00889681 0.00836625 0.253193 0.23824 0.487684
0.0103539 0.23692 0.0085567 0.00823503 0.172123 0.234936 0.362956
0.0104169 0.251439 0.00844893 0.00821938 0.188317 0.249101 0.436523
0.0104314 0.241576 0.00931277 0.00821324 0.183447 0.239613 0.371069
0.00995122 0.23898 0.0098324 0.0078003 0.220622 0.235747 0.507337
0.0102373 0.24453 0.00870659 0.00800778 0.207101 0.241272 0.489434
0.0108091 0.250869 0.010298 0.00852981 0.190356 0.248127 0.444856
0.0105992 0.241537 0.00935599 0.00833086 0.208515 0.238636 0.448094
0.010374 0.23639 0.00946354 0.00814234 0.184831 0.23371 0.411665
0.010546 0.243685 0.00902586 0.00839556 0.149609 0.241303 0.397821
0.010684 0.238007 0.0101745 0.00851448 0.191786 0.23591 0.380155
0.0109044 0.233076 0.00995918 0.00863189 0.23374 0.230389 0.449108
0.0104204 0.231051 0.00927266 0.0083849 0.149695 0.228519 0.424187
0.0105033 0.237053 0.00902676 0.00838109 0.199277 0.234767 0.398674
0.010056 0.237629 0.00932306 0.00784728 0.157444 0.235664 0.358435
0.0101895 0.244358 0.00845848 0.00814062 0.190081 0.242136 0.40806
0.00993878 0.239275 0.00911306 0.00787051 0.167487 0.237638 0.351
0.0103025 0.24469 0.00936336 0.00812948 0.160848 0.2426 0.376405
0.010598 0.242036 0.00844847 0.00840941 0.21149 0.239216 0.473744
0.0108253 0.230642 0.0086525 0.00852231 0.187852 0.227976 0.432695
0.0104026 0.225485 0.00928262 0.00815461 0.232081 0.222931 0.441052
0.010698 0.242628 0.00897302 0.00843459 0.191149 0.240657 0.376284
0.0110713 0.242102 0.00905597 0.00885966 0.237046 0.239568 0.451021
0.011042 0.236803 0.00816025 0.00880391 0.227022 0.23392 0.465742
0.0105489 0.237048 0.00911871 0.00835028 0.207761 0.233416 0.526373
0.0100942 0.238311 0.00882027 0.00784739 0.188204 0.234898 0.506808
0.01068 0.231734 0.00975471 0.00830309 0.214384 0.228493 0.484015
0.0103822 0.224866 0.00862465 0.00814453 0.218018 0.221628 0.512001
0.0106319 0.236685 0.00931496 0.00834451 0.210892 0.234006 0.426917
0.0104686 0.240207 0.010537 0.00818146 0.19323 0.237716 0.415065
0.00995502 0.233788 0.00894266 0.00777184 0.186297 0.231262 0.427711
0.00999366 0.241284 0.00921935 0.00780966 0.16888 0.238996 0.395727
0.0108001 0.239306 0.00873184 0.0085488 0.173457 0.23724 0.378848
0.0105677 0.244894 0.00873384 0.00831864 0.205113 0.242299 0.435838
0.0104139 0.241488 0.00870374 0.00831333 0.179793 0.238664 0.454861
0.0101537 0.241296 0.00965966 0.0080786 0.169938 0.238682 0.410344
0.0103587 0.24478 0.00882722 0.00821157 0.173449 0.24274 0.381822
0.0108056 0.236913 0.0089904 0.00869653 0.192891 0.234343 0.428024
0.0102405 0.240092 0.0103614 0.00827667 0.163594 0.236599 0.508119
0.0107916 0.249001 0.00945552 0.00872471 0.178213 0.245786 0.478206
0.0111632 0.251353 0.00879008 0.00896519 0.195904 0.248249 0.472822
0.0108116 0.236773 0.00879239 0.00877864 0.155311 0.233554 0.458711
0.0102591 0.238121 0.00830459 0.00832543 0.147163 0.234862 0.469022
0.0106337 0.239629 0.00976981 0.00857679 0.159331 0.236865 0.417636
0.0106785 0.236381 0.00940943 0.0085374 0.178332 0.233537 0.434758
0.0108404 0.246524 0.00948307 0.00879357 0.17338 0.24351 0.460513
0.0109361 0.247772 0.00847948 0.00890048 0.169801 0.244601 0.475763
0.0107843 0.248829 0.00896803 0.00874172 0.167794 0.246251 0.429808
0.0109532 0.247963 0.00850395 0.00878773 0.180746 0.245516 0.419662
0.0104368 0.230608 0.00951538 0.00850239 0.140414 0.228896 0.329525
0.0114411 0.252915 0.00909731 0.00927734 0.178149 0.250614 0.419818
0.0110349 0.232827 0.0088134 0.00886917 0.183999 0.23063 0.38688
0.0106905 0.239791 0.0101141 0.00861787 0.194328 0.23663 0.491122
0.0099159 0.225932 0.00875427 0.00783108 0.208851 0.222963 0.467509
0.0103195 0.228824 0.00870823 0.00823642 0.202077 0.225658 0.481385
0.0105229 0.24681 0.00858673 0.00834905 0.194166 0.243687 0.467586
0.0106455 0.250905 0.00929146 0.0083896 0.207698 0.24787 0.485794
0.0108512 0.240512 0.00982665 0.00860772 0.222857 0.237855 0.462683
0.01102 0.239244 0.00943425 0.00878539 0.227033 0.236659 0.453772
0.0103952 0.243683 0.00978965 0.00822741 0.238137 0.240842 0.512633
0.0107325 0.240815 0.00962178 0.0084914 0.236424 0.238209 0.458031
0.0114434 0.249998 0.00927138 0.00915017 0.245486 0.247092 0.519315
0.0104806 0.245322 0.00904749 0.00837958 0.27431 0.242174 0.563921
0.0101943 0.240317 0.00848363 0.00810574 0.228268 0.237153 0.502307
0.0103666 0.242313 0.00904032 0.00817496 0.235714 0.239082 0.523422
0.0109625 0.246108 0.008749 0.00865613 0.222299 0.242776 0.531199
0.0102612 0.227458 0.00885301 0.00805428 0.209349 0.224822 0.445227
0.0106361 0.23603 0.00981079 0.00844186 0.173007 0.233515 0.400191
0.0107378 0.239373 0.0091641 0.00854359 0.179393 0.236616 0.436022
0.011004 0.242202 0.00799607 0.00878255 0.192526 0.239467 0.429182
0.0110361 0.242216 0.00885407 0.00873247 0.208339 0.238746 0.507849
0.011151 0.244008 0.00957943 0.00893133 0.166899 0.240738 0.46734
0.0105658 0.237896 0.00857332 0.008379 0.171154 0.234774 0.438721
0.0111089 0.241035 0.00883321 0.00882027 0.172359 0.237924 0.455208
0.0105347 0.243433 0.00816998 0.00829331 0.223341 0.239885 0.547011
0.0104915 0.235527 0.0103074 0.00826977 0.216861 0.231935 0.523726
0.0108692 0.246629 0.00966826 0.00853337 0.220114 0.242345 0.594622
0.0108169 0.244545 0.0093227 0.00861448 0.177501 0.240689 0.502877
0.0105176 0.248447 0.00904 0.00831169 0.164836 0.244534 0.507543
0.00986992 0.242641 0.00932843 0.00761584 0.173143 0.238896 0.459325
0.0101142 0.236432 0.0088518 0.00792552 0.196265 0.232281 0.528814
0.0102298 0.233175 0.00955265 0.00796291 0.162749 0.229428 0.453772
0.0103491 0.233189 0.00892735 0.00809957 0.167721 0.229064 0.545814
0.00948849 0.223138 0.0087044 0.00724288 0.187198 0.219015 0.525627
0.00988608 0.227951 0.00855863 0.00766614 0.191287 0.224352 0.459124
0.0101042 0.23442 0.00869961 0.00783729 0.169074 0.230838 0.462457
0.0102287 0.232337 0.00932667 0.00797287 0.153386 0.22893 0.408832
0.0106912 0.232181 0.0086058 0.00824201 0.198723 0.227603 0.527319
0.0104265 0.225957 0.0093071 0.00825081 0.144154 0.221828 0.473899
0.0104087 0.22057 0.00878474 0.00812563 0.165842 0.216411 0.459562
0.0101449 0.212023 0.0088588 0.00810523 0.133367 0.207734 0.493111
0.0105825 0.217174 0.00897236 0.00838066 0.158272 0.21277 0.515577
0.00962408 0.219035 0.00927505 0.00752721 0.143125 0.215297 0.428024
0.0105079 0.221691 0.00880685 0.00837422 0.152887 0.218037 0.444245
0.00994428 0.220925 0.00942691 0.00788463 0.154367 0.217511 0.443914
0.0105942 0.234714 0.0091555 0.00839363 0.18737 0.230523 0.536517
0.010389 0.237667 0.00924252 0.00831069 0.183096 0.23444 0.466612
0.0108463 0.234864 0.0106462 0.00871731 0.199201 0.231302 0.523978
0.0109029 0.239761 0.00925654 0.00876078 0.173708 0.236098 0.489787
0.0105706 0.230313 0.00874987 0.00853416 0.149865 0.226973 0.443157
0.00983352 0.227517 0.00858584 0.00781004 0.172869 0.223318 0.568815
0.0102121 0.237729 0.00936538 0.00811467 0.186501 0.233981 0.50202
0.0100428 0.234411 0.00831056 0.00794405 0.163774 0.230971 0.459493
0.0105663 0.232102 0.00879753 0.00833554 0.199067 0.227692 0.570435
0.0107254 0.233225 0.00918836 0.00851379 0.189026 0.228814 0.59157
0.0114637 0.228488 0.00860922 0.00927825 0.190362 0.224201 0.563149
0.0103604 0.222469 0.00889114 0.00833502 0.150029 0.219156 0.416963
0.00985151 0.225047 0.00882417 0.00777315 0.158454 0.221511 0.447311
0.0102605 0.237192 0.00943044 0.00811924 0.143974 0.234071 0.429832
0.0102613 0.245358 0.00926508 0.00798262 0.171384 0.241485 0.505988
0.0100043 0.238131 0.00965852 0.00782033 0.133471 0.234971 0.391815
0.0106774 0.249446 0.00914628 0.00843171 0.162304 0.245533 0.468203
0.0104652 0.236189 0.00914674 0.00842653 0.140108 0.232826 0.418299
0.0112252 0.244112 0.00971406 0.00893977 0.17806 0.240177 0.475068
0.0102482 0.239944 0.00969999 0.00827488 0.159445 0.235265 0.539003
0.0102658 0.249545 0.00892835 0.00817395 0.152112 0.245244 0.49778
0.0100883 0.243185 0.00868124 0.00810634 0.138108 0.239118 0.473836
0.00981823 0.252704 0.00877126 0.00787068 0.148013 0.248179 0.534644
0.00962598 0.242072 0.00896093 0.0075978 0.156669 0.238077 0.509761
0.0103271 0.237996 0.00925812 0.00819281 0.154691 0.234441 0.446831
0.00993403 0.234872 0.0087632 0.00793209 0.156993 0.231532 0.446671
0.010437 0.238842 0.0091738 0.00836562 0.172759 0.235067 0.517059
0.0105465 0.233568 0.00953766 0.00837148 0.166425 0.23043 0.426466
0.0110522 0.24019 0.00900629 0.00900531 0.174149 0.236725 0.475458
0.0103125 0.23605 0.00819444 0.00835025 0.150653 0.231788 0.54055
0.0106493 0.245602 0.00868209 0.00871451 0.129501 0.242489 0.441567
0.010587 0.238945 0.00857444 0.00858546 0.160706 0.235509 0.482016
0.0109986 0.236213 0.00965812 0.00902537 0.142729 0.232962 0.437233
0.0104883 0.243659 0.00885097 0.00840663 0.178802 0.239603 0.519237
0.0100164 0.249504 0.00863594 0.00790673 0.192399 0.246331 0.467029
0.0100742 0.242826 0.00907256 0.00800795 0.160999 0.240354 0.397456
0.00989974 0.231209 0.0107172 0.00777291 0.173375 0.228149 0.453119
0.00967128 0.235412 0.00832144 0.00742642 0.194818 0.232136 0.459474
0.0102824 0.24329 0.00924614 0.00808786 0.229353 0.239293 0.56377
0.0104235 0.240355 0.00915042 0.0083452 0.193096 0.236763 0.506772
0.0104179 0.236415 0.00904486 0.00825325 0.185854 0.232974 0.482697
0.0105789 0.236292 0.00868959 0.00853113 0.182387 0.233075 0.481862
0.0106211 0.25575 0.00911758 0.00841015 0.214032 0.253097 0.44867
0.0102728 0.231204 0.00838794 0.00808738 0.194393 0.22848 0.427279
0.0107812 0.237601 0.00875616 0.00867947 0.157728 0.235361 0.381625
0.0108572 0.234714 0.00964473 0.00857292 0.169614 0.232783 0.353388
0.0101945 0.231251 0.00869433 0.00804141 0.216055 0.228719 0.437401
0.0102258 0.229623 0.00925309 0.00787785 0.177519 0.227949 0.344377
0.0102798 0.232395 0.00974262 0.00805079 0.192952 0.230595 0.355602
0.0107785 0.244943 0.00939942 0.00853495 0.199463 0.242868 0.391376
0.0101648 0.235183 0.0087361 0.00796165 0.148392 0.233115 0.363414
0.0107317 0.239353 0.00875424 0.00841516 0.181147 0.237118 0.378004
0.0104769 0.236547 0.00931867 0.00839372 0.161767 0.234271 0.38785
0.0103372 0.232463 0.00988767 0.0080607 0.186145 0.230438 0.365945
0.0111912 0.238201 0.0100837 0.00899024 0.156372 0.236634 0.337031
0.0105837 0.229732 0.00906975 0.008484 0.154173 0.228017 0.328142
0.0105563 0.23676 0.00888913 0.00833592 0.152334 0.235213 0.32999
0.0104696 0.224368 0.00866104 0.00825687 0.201871 0.221781 0.418696
0.0101575 0.23847 0.00972628 0.00796036 0.20686 0.235673 0.45052
0.00973319 0.229351 0.00931483 0.00764397 0.188989 0.226625 0.44299
0.0100016 0.236196 0.0097833 0.00773387 0.173843 0.23411 0.376849
0.0101855 0.244171 0.00908164 0.00809749 0.186374 0.241518 0.462786
0.0104975 0.244124 0.0088551 0.00830815 0.181865 0.242499 0.349885
0.0111755 0.240432 0.00848755 0.00896659 0.182969 0.238181 0.406334
0.0103588 0.241106 0.00880667 0.00816432 0.201059 0.238363 0.470188
0.0109943 0.233712 0.0103842 0.00883427 0.18409 0.230942 0.433298
0.0103661 0.243004 0.00909715 0.00818724 0.182301 0.24049 0.427328
0.010505 0.241988 0.00879364 0.00845228 0.189707 0.239575 0.418746
0.0109089 0.23816 0.00967843 0.00870748 0.195406 0.235985 0.390532
0.0103774 0.248754 0.00831694 0.00820204 0.212112 0.245703 0.514731
0.0112619 0.251582 0.00885936 0.00907185 0.18209 0.249102 0.421519
0.011027 0.243197 0.00933522 0.008918 0.229863 0.23988 0.517785
0.0106762 0.23312 0.00849942 0.00865891 0.223673 0.23048 0.470023
0.0105443 0.234768 0.00868571 0.00843002 0.247076 0.231771 0.544564
0.010388 0.230901 0.00882145 0.00824838 0.207913 0.228536 0.456867
0.0092298 0.237086 0.0090421 0.0073092 0.188856 0.234936 0.417313
0.00964662 0.239059 0.00897342 0.00758507 0.223442 0.23611 0.513938
0.0105183 0.248975 0.00965936 0.00842026 0.199449 0.246205 0.498859
0.0105503 0.240855 0.00943139 0.00841897 0.21622 0.238192 0.489952
0.0107178 0.242635 0.00956703 0.00854762 0.208889 0.239755 0.490473
0.010417 0.236523 0.00865822 0.00831174 0.191466 0.233757 0.463435
0.0110164 0.241539 0.00867117 0.00884959 0.246388 0.238263 0.54251
0.0101562 0.229447 0.00836646 0.00818166 0.222792 0.226132 0.561253
0.0103706 0.230623 0.00914397 0.0083969 0.196228 0.227839 0.487827
0.0101815 0.229402 0.00876063 0.0081333 0.249278 0.226773 0.517949
0.0100872 0.240826 0.00883408 0.0079965 0.210443 0.239014 0.393943
0.00936342 0.232367 0.00882215 0.007238 0.185875 0.230149 0.424333
0.00966277 0.231366 0.00900627 0.00764197 0.201303 0.229096 0.415231
0.0101587 0.2315 0.00967275 0.00796085 0.207391 0.22898 0.446343
0.0102976 0.230379 0.00937217 0.00804054 0.179481 0.228488 0.368192
0.0100223 0.22829 0.0100493 0.00785591 0.248733 0.225596 0.479571
0.0104954 0.237583 0.00869229 0.00831236 0.204675 0.235375 0.425941
0.0105799 0.226932 0.0094875 0.00848085 0.238587 0.224738 0.429844
0.00990535 0.221053 0.00892243 0.00789875 0.264171 0.218901 0.441544
0.0105344 0.235191 0.0095596 0.00830215 0.246878 0.232663 0.48045
0.0111361 0.231429 0.00942005 0.0088322 0.220796 0.22917 0.418111
0.0102836 0.224637 0.00925622 0.00795376 0.210648 0.222914 0.352471
0.0103046 0.238129 0.00906286 0.00811252 0.19893 0.23645 0.360282
0.0109312 0.238082 0.00898742 0.0087215 0.21387 0.23562 0.42753
0.0109341 0.229656 0.00901308 0.00868324 0.214577 0.226417 0.500933
0.0102016 0.233379 0.00951526 0.00803265 0.189401 0.230336 0.501763
0.00994671 0.231512 0.00936294 0.00774317 0.211744 0.229015 0.437393
0.0103029 0.237884 0.00908165 0.00808009 0.181662 0.235659 0.388577
0.00977562 0.23587 0.00846005 0.00756628 0.191257 0.233455 0.419844
0.0104503 0.233055 0.00946377 0.00826517 0.176917 0.231168 0.354008
0.0101336 0.23386 0.00988452 0.00803801 0.189938 0.231477 0.397532
0.0106233 0.2398 0.00864189 0.00853199 0.168107 0.237078 0.402755
0.0108689 0.241502 0.00941939 0.00878369 0.189885 0.237949 0.513951
0.0105149 0.244815 0.00900501 0.00843327 0.161343 0.242306 0.417049
0.0107267 0.238943 0.0094536 0.00867366 0.169463 0.236492 0.408896
0.0104283 0.230727 0.00888579 0.00846769 0.170169 0.228829 0.364431
0.010601 0.232269 0.00954481 0.00870097 0.1854 0.229436 0.497615
0.0107212 0.241303 0.00961229 0.00865202 0.209711 0.238491 0.469085
0.0108959 0.236748 0.00941858 0.00888634 0.179411 0.234146 0.438565
0.0112186 0.231963 0.0110624 0.00917665 0.237104 0.228631 0.553366
0.0104467 0.244063 0.00963243 0.00833009 0.226714 0.240657 0.5447
0.0104043 0.247305 0.00983911 0.00841548 0.195259 0.244582 0.470625
0.0107263 0.246606 0.0105851 0.00867686 0.222426 0.243569 0.496005
0.0103409 0.246417 0.00834279 0.00832114 0.221349 0.243595 0.498257
0.0107177 0.249231 0.00922327 0.00873589 0.147538 0.247306 0.373231
0.0107709 0.253098 0.00870713 0.00880929 0.153562 0.25068 0.423313
0.00992133 0.238415 0.00947121 0.00800636 0.171144 0.236027 0.432483
0.00980974 0.241457 0.00883423 0.00784851 0.166887 0.238559 0.483354
0.0103611 0.247203 0.00867566 0.00836134 0.213862 0.244318 0.512194
0.0100297 0.238001 0.00861889 0.00810867 0.189191 0.235864 0.400212
0.00993122 0.237847 0.00901615 0.00794618 0.186897 0.235536 0.420575
0.0105725 0.227741 0.00883802 0.00854717 0.189311 0.225176 0.4745
0.0107629 0.234326 0.00840292 0.00872697 0.224535 0.231807 0.457404
0.0103703 0.232593 0.00914823 0.00851272 0.159738 0.230643 0.373608
0.0101436 0.233247 0.00956236 0.00827186 0.165589 0.230763 0.445825
0.0106177 0.24298 0.00907545 0.00863397 0.180422 0.240787 0.403066
0.0104373 0.251093 0.0088018 0.00845626 0.202928 0.249331 0.389114
0.0104536 0.244504 0.00961557 0.00850567 0.199082 0.242319 0.42791
0.0107326 0.240523 0.00844017 0.00866402 0.205284 0.237964 0.470852
0.0110583 0.242148 0.0097905 0.00902257 0.219658 0.239283 0.493925
0.010656 0.243598 0.0102481 0.00864937 0.19696 0.240747 0.482559
0.0102265 0.237005 0.00987992 0.00830391 0.182585 0.23447 0.450734
0.011117 0.252144 0.009067 0.00898869 0.220515 0.249753 0.442454
0.010618 0.251206 0.00903713 0.00869377 0.186535 0.247566 0.595283
0.0104733 0.253776 0.00939042 0.00845674 0.209325 0.25032 0.563011
0.0103755 0.237989 0.00888692 0.00848712 0.194491 0.235179 0.475229
0.010491 0.237487 0.00989613 0.00863312 0.205237 0.234118 0.523691
0.0107226 0.236379 0.00906022 0.00872326 0.180283 0.233266 0.487881
0.0115784 0.248093 0.00970524 0.00962333 0.174225 0.24564 0.432768
0.0118567 0.239647 0.00920054 0.00987006 0.208531 0.236652 0.495812
0.0106155 0.23061 0.00901274 0.00883364 0.175669 0.227159 0.539882
0.01078 0.23262 0.00936659 0.00894179 0.17705 0.230015 0.469548
0.0106075 0.230822 0.00902276 0.0087172 0.195539 0.228848 0.399159
0.0104336 0.236168 0.00919987 0.00856091 0.193853 0.233815 0.44959
0.0104799 0.235461 0.00968628 0.00849561 0.206928 0.232604 0.492883
0.0102472 0.238223 0.00864957 0.00825195 0.215284 0.235516 0.4669
0.0102497 0.237921 0.00869892 0.00839948 0.173998 0.234861 0.485806
0.00992665 0.233978 0.00902182 0.00797569 0.230141 0.23041 0.607861
0.0103218 0.236873 0.00914167 0.00842504 0.170465 0.233735 0.523028
0.00999385 0.242518 0.0091882 0.00797698 0.22307 0.239035 0.554382
0.0103972 0.235818 0.0092256 0.00836415 0.185846 0.233037 0.446495
0.0100331 0.235468 0.00970864 0.00799681 0.184954 0.232355 0.477567
0.0105656 0.242923 0.00859067 0.00841839 0.192758 0.239849 0.467493
0.0100543 0.233953 0.00985889 0.00797247 0.204322 0.23079 0.502839
0.010553 0.233889 0.010142 0.00848749 0.185337 0.230824 0.46872
0.0111484 0.242087 0.00866703 0.00908039 0.237592 0.238554 0.580546
0.0111671 0.247306 0.00948621 0.009098 0.210945 0.243755 0.547883
0.0111333 0.257632 0.00951513 0.00898076 0.206336 0.254193 0.539298
0.0107547 0.256547 0.00917362 0.00861977 0.173847 0.253805 0.450449
0.0109801 0.247341 0.00953979 0.00890688 0.214847 0.243522 0.591778
0.0118661 0.26061 0.0108246 0.00981423 0.189761 0.256962 0.546402
0.0110087 0.25378 0.00936564 0.00904608 0.163921 0.250785 0.482948
0.010191 0.254611 0.00943934 0.00830253 0.18512 0.251584 0.49573
0.0107799 0.249944 0.00896252 0.0087954 0.158789 0.246927 0.46883
0.0105587 0.247386 0.00977339 0.00867373 0.162383 0.244009 0.503989
0.0103484 0.252069 0.00868895 0.00837408 0.149733 0.249224 0.426981
0.0109037 0.258546 0.00873501 0.00873301 0.1772 0.254856 0.535692
0.0104169 0.24975 0.00861617 0.00833926 0.215291 0.246242 0.530262
0.0105499 0.243634 0.00914874 0.00861323 0.164953 0.239991 0.532704
0.0106061 0.235022 0.00956775 0.0086708 0.192621 0.231022 0.579505
0.0102457 0.240753 0.00966607 0.00825543 0.175063 0.236854 0.545895
0.0100317 0.244557 0.00869667 0.00815867 0.142565 0.241497 0.441514
0.00929005 0.231332 0.00853032 0.00737636 0.188371 0.227644 0.528044
0.00948237 0.241363 0.00942173 0.00751812 0.180765 0.237384 0.538751
0.00999028 0.24254 0.00944714 0.00801505 0.14881 0.239629 0.430172
0.0100709 0.238651 0.00940283 0.00826997 0.133988 0.235968 0.424558
0.0101825 0.235838 0.00936202 0.0082858 0.134801 0.233583 0.363916
0.0107787 0.241817 0.00883146 0.00872995 0.160423 0.238474 0.467912
0.0111028 0.249733 0.00939253 0.00913147 0.140551 0.24667 0.437789
0.0113289 0.242962 0.00933936 0.00940012 0.175917 0.238973 0.557886
0.0107069 0.236836 0.00919618 0.00879792 0.164643 0.23299 0.500902
0.0104187 0.241025 0.00931848 0.00846021 0.152902 0.237269 0.485376
0.0101001 0.238073 0.00890761 0.0081265 0.156971 0.234529 0.462289
0.0100838 0.238074 0.00962571 0.00817873 0.151935 0.234552 0.469074
0.0102609 0.227746 0.00914457 0.00838764 0.140861 0.224501 0.423405
0.0103194 0.237229 0.00884867 0.00853032 0.147144 0.233357 0.473789
0.0102124 0.234811 0.00881908 0.00835691 0.159576 0.231058 0.475513
0.00986033 0.232853 0.00924596 0.00797127 0.134678 0.228756 0.490059
0.0102981 0.246006 0.008967 0.00821782 0.167402 0.241438 0.551825
0.00992172 0.235699 0.00895872 0.00790234 0.15144 0.232311 0.436167
0.0105091 0.239603 0.00924043 0.00847888 0.178828 0.235479 0.533665
0.01006 0.240119 0.00981007 0.00810429 0.161715 0.236682 0.469904
0.00983076 0.236535 0.00897205 0.00785369 0.167008 0.233059 0.471685
0.0109568 0.247843 0.00918424 0.00880401 0.140819 0.243927 0.482127
0.0112181 0.252263 0.00888575 0.00920432 0.121325 0.249284 0.407248
0.0111009 0.248167 0.00948218 0.00898831 0.137057 0.245138 0.410345
0.0102512 0.239004 0.00869606 0.00829602 0.131821 0.236148 0.401659
0.0101431 0.239369 0.00899813 0.00811824 0.134312 0.236513 0.40178
0.010284 0.247421 0.00958704 0.00818382 0.15896 0.244107 0.445796
0.0101099 0.250318 0.00975258 0.00813077 0.151616 0.247193 0.438372
0.0102371 0.243841 0.00915383 0.00829932 0.137833 0.240106 0.460002
0.00985118 0.233291 0.0088899 0.00810476 0.140908 0.229375 0.472311
0.0102117 0.240481 0.00926007 0.00827316 0.143506 0.236624 0.473249
0.0101245 0.229564 0.00867396 0.00823777 0.157031 0.225855 0.479103
0.0101914 0.236057 0.00942095 0.00815305 0.156188 0.2326 0.436138
0.0106936 0.240424 0.00884557 0.00861497 0.148683 0.23642 0.468355
0.0100054 0.237746 0.00906992 0.00807499 0.116924 0.233933 0.440862
0.0100641 0.229393 0.00956901 0.00813262 0.143957 0.224391 0.551601
0.00968855 0.233747 0.00938489 0.00778122 0.142057 0.229809 0.483095
0.0107251 0.242712 0.00855666 0.00891251 0.120841 0.239031 0.462925
0.0105843 0.251425 0.00956233 0.00857171 0.160041 0.246847 0.546842
0.010446 0.229769 0.00926407 0.00859133 0.152533 0.225703 0.535791
0.0108657 0.242652 0.00883284 0.00884634 0.142745 0.238859 0.46776
0.0105328 0.240113 0.00979447 0.00861757 0.138629 0.236862 0.414141
0.0104776 0.248422 0.00947819 0.00854812 0.143381 0.244547 0.4931
0.010181 0.244857 0.00919146 0.00814131 0.162091 0.241114 0.491375
0.0101859 0.229208 0.00892021 0.00827433 0.137673 0.225463 0.439581
0.0100104 0.224695 0.00876359 0.00809019 0.141177 0.221108 0.458828
0.0101235 0.224525 0.00854778 0.00804372 0.17499 0.22039 0.521001
0.00995667 0.237014 0.00874464 0.00791851 0.176115 0.23298 0.533795
0.00978973 0.241844 0.00914731 0.00778296 0.138892 0.238982 0.406546
0.00943457 0.241627 0.00942847 0.00748203 0.167776 0.238442 0.453514
0.00966414 0.225979 0.0095414 0.00773925 0.136263 0.223036 0.40644
0.0100892 0.230147 0.00896476 0.00818434 0.140916 0.226316 0.461537
0.0101278 0.235434 0.00902778 0.00825319 0.145099 0.231746 0.454793
0.0102064 0.235342 0.00933504 0.00834273 0.14633 0.230594 0.548933
0.0102798 0.23255 0.00865903 0.0083327 0.148443 0.228531 0.512075
0.0100608 0.233044 0.00910741 0.00819043 0.151233 0.230294 0.40044
0.0102543 0.238197 0.00952515 0.00822332 0.151241 0.235164 0.425423
0.0104397 0.233957 0.00900897 0.00832305 0.160813 0.230707 0.428981
0.00961331 0.234708 0.00874638 0.00758174 0.169184 0.230601 0.53275
0.00999301 0.233618 0.00989216 0.00796835 0.155177 0.229689 0.478122
0.0099034 0.22859 0.00887359 0.00787336 0.178783 0.224543 0.511671
0.0102538 0.22536 0.0092412 0.00830101 0.189703 0.221745 0.491517
0.010207 0.222105 0.00931356 0.00831474 0.139245 0.21841 0.46031
0.010792 0.226318 0.00850359 0.00882268 0.138038 0.222497 0.464632
0.0101946 0.224999 0.00847659 0.0083183 0.137061 0.22111 0.471404
0.00968817 0.217538 0.00940912 0.00764244 0.157236 0.213887 0.4625
0.0095037 0.224687 0.00879609 0.00749317 0.160555 0.220874 0.463555
0.00909658 0.235125 0.00931374 0.00705639 0.1531 0.230967 0.502787
0.00993119 0.238288 0.00867477 0.0078729 0.176947 0.234716 0.474335
0.0100593 0.235647 0.00862578 0.00795468 0.173451 0.232541 0.450055
0.010011 0.234341 0.00981108 0.00803023 0.182242 0.230339 0.524177
0.0100705 0.235687 0.00916656 0.00798945 0.176955 0.231783 0.50292
0.0110323 0.245404 0.00883896 0.00901657 0.160375 0.241665 0.512599
0.0106251 0.244362 0.00927687 0.00854435 0.16659 0.240516 0.507236
0.010257 0.232176 0.00924885 0.00826162 0.172548 0.228333 0.508825
0.010232 0.232065 0.00893849 0.0082228 0.200212 0.227873 0.572093
0.0109331 0.240568 0.00887882 0.00882353 0.202015 0.236953 0.501817
0.0110166 0.244069 0.009067 0.00887991 0.174277 0.241089 0.440178
0.0111083 0.24881 0.00915664 0.00888211 0.189731 0.245518 0.484842
0.0101507 0.245004 0.00878789 0.00815808 0.1867 0.241543 0.515744
0.0105691 0.243009 0.0083619 0.00853009 0.18868 0.239694 0.475438
0.0102459 0.24169 0.00971553 0.00817413 0.153526 0.239189 0.407242
0.0102149 0.242759 0.0104071 0.00813835 0.181972 0.239797 0.459111
0.0103167 0.239598 0.00854152 0.00823745 0.171741 0.236612 0.4532
0.010238 0.242446 0.00987143 0.0081321 0.164516 0.239146 0.451637
0.00971046 0.233553 0.00918435 0.00773501 0.164425 0.229268 0.518015
0.0107939 0.237751 0.00856086 0.00875834 0.154556 0.233764 0.464516
0.0102541 0.255373 0.00925417 0.00817297 0.171924 0.251464 0.505347
0.0107557 0.248098 0.00877242 0.0085946 0.168705 0.244141 0.492912
0.0101863 0.239203 0.00895751 0.00817428 0.154636 0.235878 0.456112
0.0107785 0.240289 0.00946837 0.00860871 0.165588 0.237422 0.422579
0.0109141 0.245818 0.00966205 0.00870908 0.17054 0.242672 0.435579
0.0104532 0.228279 0.00936482 0.00844295 0.156445 0.225135 0.426475
0.0105125 0.230511 0.00829809 0.00852029 0.166271 0.226759 0.470681
0.00989401 0.232819 0.00894459 0.00796514 0.145918 0.229505 0.458504
0.00963766 0.23939 0.00923524 0.00761978 0.165381 0.236038 0.453922
0.0104591 0.224552 0.00939006 0.00837157 0.187793 0.220778 0.49792
0.00974756 0.230261 0.00826202 0.00755933 0.184209 0.226384 0.509647
0.00986679 0.239409 0.00861553 0.00773165 0.174952 0.236078 0.454496
0.0100705 0.242291 0.00888593 0.00800026 0.142407 0.239097 0.446847
0.0104117 0.240671 0.00932482 0.00814313 0.158867 0.237515 0.447877
0.00955088 0.226345 0.00911243 0.00753975 0.128138 0.22385 0.355065
0.0100666 0.245507 0.00984823 0.0079435 0.14725 0.242088 0.444827
0.00982138 0.24213 0.00848315 0.00780272 0.142199 0.238562 0.446426
0.0112034 0.254545 0.00970318 0.0091096 0.136909 0.251634 0.41734
0.0112769 0.247139 0.00869103 0.00912447 0.162397 0.24372 0.44874
0.0103379 0.240986 0.00913141 0.00832729 0.134347 0.237909 0.425561
0.0104302 0.247034 0.00900221 0.00842149 0.157325 0.243459 0.477529
0.0101971 0.236138 0.00881488 0.0081502 0.159885 0.233225 0.415976
0.00969931 0.237845 0.00921972 0.00766435 0.15291 0.234903 0.420372
0.0100664 0.243518 0.00868488 0.00792685 0.17462 0.239392 0.510512
0.0102157 0.244424 0.00954322 0.00823489 0.135083 0.240548 0.474812
0.0105131 0.238888 0.00940291 0.00840323 0.158291 0.234776 0.49481
0.0103336 0.228438 0.00949079 0.00823283 0.17114 0.224653 0.47991
0.00985725 0.227115 0.00844117 0.00789399 0.149658 0.223415 0.460362
0.009657 0.225073 0.00836948 0.00762958 0.154364 0.221422 0.45989
0.0101671 0.236994 0.00841464 0.008025 0.168686 0.233985 0.426674
0.0096701 0.235026 0.00951172 0.00752517 0.152638 0.231986 0.413619
0.0105663 0.246821 0.00837277 0.00838828 0.155972 0.243768 0.417369
0.0108033 0.250827 0.00923122 0.00839432 0.170949 0.2472 0.454517
0.0101246 0.246299 0.00953126 0.00807833 0.158906 0.242387 0.482085
0.0103235 0.240172 0.00993789 0.00817056 0.141575 0.23655 0.433528
0.00987164 0.243757 0.00856171 0.00770865 0.142741 0.239406 0.505767
0.0102328 0.246605 0.00964208 0.00802156 0.149378 0.241982 0.521614
0.010504 0.236808 0.00863785 0.0084637 0.132007 0.233021 0.450659
0.0104279 0.241065 0.00969568 0.00831735 0.146881 0.23703 0.481445
0.010615 0.244792 0.00889477 0.00856043 0.151726 0.24073 0.496814
0.010448 0.233842 0.00875881 0.00847395 0.164695 0.230081 0.47163
0.0102125 0.236439 0.00902072 0.00801898 0.147998 0.233422 0.414795
0.0106484 0.232015 0.00850919 0.00862734 0.124701 0.229656 0.352947
0.0105896 0.236769 0.00921456 0.00854799 0.136415 0.234069 0.382698
0.010362 0.22277 0.00931703 0.00846036 0.1192 0.219883 0.371483
0.0100737 0.223702 0.00879198 0.00799129 0.146231 0.220756 0.403139
0.0105977 0.226999 0.00953736 0.00855228 0.168745 0.224349 0.408252
0.00990068 0.210349 0.00943085 0.00783997 0.168388 0.2078 0.388509
0.0107588 0.224902 0.00935658 0.00860906 0.159898 0.222494 0.395136
0.00998616 0.228758 0.0093482 0.00794475 0.151183 0.227001 0.340216
0.00994231 0.231351 0.00907495 0.00791764 0.15167 0.229217 0.36088
0.00985034 0.230755 0.00834447 0.00787724 0.151656 0.228713 0.366877
0.00957949 0.229779 0.00899778 0.00756458 0.176716 0.226271 0.522504
0.00975614 0.21853 0.00906472 0.00783491 0.160435 0.215182 0.454531
0.0102055 0.219222 0.00861626 0.00824137 0.148842 0.216237 0.430376
0.0101059 0.226954 0.00932904 0.0081313 0.161971 0.224395 0.406335
0.0100378 0.217608 0.00901035 0.0079635 0.198147 0.214739 0.426892
0.0102858 0.221696 0.00888458 0.00827739 0.1621 0.219261 0.385119
0.0104182 0.221203 0.00901471 0.00835279 0.20296 0.218302 0.439757
