1696
0 41897
0.0350102 18987
0.0073479 81074
0.00338643 38408
0.000375141 55083
0.00456767 31091
0.0357011 35128
4.65828e-05 24720
4.23865e-05 2159
0.000250063 68180
0.0138132 7261
0.000125016 63981
0.00541747 79888
0.000125016 63607
0.00630095 69942
0.0134279 30253
0.00125156 3185
0.00227899 65651
0.00050025 80016
0.000375141 1682
0.0592019 11465
0.00150225 12522
0.0138132 68363
0.00478807 31107
0.00212257 52217
0.0031348 18464
0.000125016 12028
0.00340749 14585
0.0694532 42630
0.000510871 12557
2.26796e-06 48873
0.000250063 59055
0.270067 45036
0.00192935 43482
0.0153886 41216
0.000250063 32023
0.000375141 84068
0.000125016 15108
0.000875766 67948
0.000450296 74869
0.338528 15024
0.00553042 62771
0.000875766 25377
0.0102286 29339
0.00657657 44781
0.00162764 11320
0.00162764 38668
0.00208331 27753
0.00252842 44604
0.00137689 77883
0.000750563 91464
0.000250063 69323
0.000375141 27758
0.0119068 30758
0.0012516 38881
0.0115758 83666
0 87275
0.00452034 80872
0.00877847 15160
0.00214395 82639
0.001001 26822
0.00945051 79011
0.0123941 87153
0.0582053 9538
0.0504779 91054
6.68823e-05 43606
0.00466262 58262
0.0309603 25610
0.00375567 76783
0.000375141 76519
0.00175741 63924
0.00419528 34123
0.000875766 91974
0.000245593 79931
0.00616275 79221
0.00238065 50237
0.000250063 80422
0.000375141 26471
0.000410683 94180
0.00219921 51995
0.000250063 19420
0.0522685 59351
0.0109779 70221
0.00187852 99885
0.000125016 17212
0.00215604 77500
0.000125016 86914
0.0126222 17224
0.00100167 15689
0.000375141 64931
0.00529129 36131
0.00320359 83940
0.0297708 48325
0.00377816 72515
0.0187963 39221
0.00452034 74230
0.00050025 52356
0.000375141 55450
0.0032606 86252
0.0148064 53155
0.00200401 43619
0.0222545 82991
0.0138743 17990
0.0359975 9387
0.000125016 93625
0.000375141 24629
0.00250627 34889
0.00044682 32581
0.00112627 62
0.000250063 16164
0.000750563 87363
0.000125016 79818
0.000216474 9017
0.000125016 98853
0.00050025 15790
0.00626327 25824
0.000125016 33371
0.0124199 20292
5.01567e-06 987
0.00103727 74711
0.00743515 88068
0.0294983 48191
0.00448782 21068
0.000483822 82505
0.000125016 42206
0.0105326 6443
0.000750563 50248
0.000750563 95897
0.00244346 15483
0.000375141 72307
2.68355e-05 81445
0.00541747 20237
0.0270284 39060
0.000875766 94531
0.0255755 17012
0.0533333 89386
0.00220937 76458
0.000921722 42010
0.000625391 67117
0.00573801 86952
0.0119738 71598
0.0031988 36681
0.0257995 10186
0.0189097 97761
0.0346843 77189
0.00496807 81565
0.0137457 21768
0.000526257 56606
0.00750604 68279
0.0328433 12158
0.000188435 67876
0.0229016 56390
0 81567
0.000125016 63753
0.071438 95660
0.00698352 69933
0.00721263 31733
0.005513 22947
0.01872 13723
0.0169334 63210
0.0319441 49062
0.000125016 74285
0.000125016 58903
0.0140004 3360
0.00744706 12240
0.0110599 90545
0.000250063 16312
0.000250063 63140
0.000125016 20223
0.000125016 14785
0.000125016 97878
0.00112627 73514
0.0329485 74063
0.00103996 7698
0.0190201 15284
0.00578325 84382
0.000750563 7323
0.00269411 80171
0.000125016 31368
0.00167737 26942
0.000250063 81352
0.000750563 38981
0.0568441 1768
0.0202508 15580
0.000134738 63977
0.0123842 39854
0.001001 45675
0.0312282 42498
0.0116338 51513
0.00050025 43467
0.00225507 76937
0.0206308 82822
0.000875766 78600
0.000250063 90598
0.000659675 84284
0.0229178 77577
0.000125016 88929
0.00810974 79092
0.00508422 18391
0.00803779 69996
0.00868224 94479
0.00755668 99956
0.025026 83932
0.0217779 84960
0.00338643 16174
0.0287871 14464
0.0342368 60285
0.0342499 20603
0.000125016 17616
0.695741 44973
0.0297642 55027
0.0613835 59796
0.000125016 17460
0.00263191 43297
0.000125016 12381
0.00150225 86805
0.0194038 84990
0.00050025 34569
0 49404
0.000250063 16821
0.0276215 68827
0.00637592 44153
0.000125016 11825
0.00405853 99331
0.00388475 6080
0.00234565 82439
0.0199206 94379
0.0221207 43596
0.000250063 12947
0.00175307 99421
0.00212953 36132
0.00223933 91964
0.00972969 60497
0.000190111 88098
0.00426814 32962
0.000308652 19553
0.01066 33520
0.00376412 33702
0.00050025 86717
0.00225507 43246
0.00640934 11453
0.000375141 53443
0.00838949 62965
0.000125016 60293
0.000527407 99925
0.0108771 28389
0.00125022 58717
0.00300903 82391
0.000125016 31175
0.000375141 29828
0.08873 96443
0.014841 5225
0.000250063 56539
0.0289949 75009
0.00407206 42005
0.0480039 17905
0.00389156 79291
0.000125016 87109
0.000125016 56990
0.00682119 34843
0.00229708 50030
0.0063837 1685
0.00590972 99797
0.000100251 14406
2.50032e-05 47763
0.00121135 99403
0.0352455 60453
0.00288329 66005
0.0317112 42662
0.000250063 46795
0.00192308 82518
0.00121498 8359
0.012967 61812
0.0121838 99637
0.00578325 3483
0.00175307 64782
0.0101121 86314
0.00835948 5989
0.00203008 5367
0.000375141 33857
0.000125016 33372
0.00389007 66683
0.00810972 70042
0.0164208 5794
0.000875766 49628
0.00863364 25785
0.000625391 37536
0.0415073 606
0.00144906 25972
0.000125016 14542
0.00491304 68047
0.00140317 14986
0.00494476 89719
0.0478882 97122
0.00231008 46824
0.00162764 31790
0.00271919 78055
0.000875766 41554
0.000125016 57468
0.00137689 40134
0.000250063 77264
0.0225727 80082
0.0505569 33911
0.00556867 77454
0.00250434 7131
0.0129039 36559
0.00582637 73808
0.000382139 3567
0.00162764 92660
0.000921722 59393
0.00101264 69029
0.000250063 97382
0.000375141 3269
0.00704935 10844
0.0113718 31277
0.00449606 44320
0.0424716 51024
0.0307734 33010
0.00177607 28545
0.000125016 27509
6.59461e-06 60704
0.000690068 9921
0.00300903 20417
0.000125016 99931
0.0157791 28894
0.00489888 77596
0.000625391 83829
0.0196116 85484
0.000125016 47319
0.00175307 23111
0.0122398 33660
0.000750563 63151
0.0103668 44536
0.0624684 55992
0.000128163 22253
0.00895447 52838
0.00351229 17001
0.00877411 33726
2.8699e-05 68719
0.000250063 87414
0.000126625 60520
0.00195321 37970
0.00112627 51455
0.036962 90395
0.0233299 38664
0.00540405 58463
0.029412 6364
0.000125016 86406
0.0153145 66390
0.000375141 26057
0.037288 37883
0.0064159 78318
0.00137689 13559
0.00729169 99703
5.40938e-05 43902
0.00350126 58677
0.00910619 48028
0.000125016 70196
0.000125016 10679
0.00275758 73382
0.00902926 42869
1.49602e-05 46614
0.00351229 132
0.00694998 14137
0.0110603 83177
0.0246157 32115
0.000125016 98181
0.000250063 56323
0.000375141 64193
0.000750563 67301
0.0378009 97914
0.000125016 4983
0.000125016 97668
0.0191507 95320
0.000982829 43739
0.00590972 64861
0.0718385 41184
0.000538246 70307
0.000155626 26011
0.00283444 19225
0.00984549 2621
0.000125016 9932
0.0112788 70913
0.0048252 43248
0.0109081 69015
0.00132292 42458
0.00414209 30967
0.0020612 85370
0.00102564 67752
0.00644758 4223
0.000125016 40354
0.00382582 56748
0.000875766 91265
0.00540405 8177
0.00178179 30896
0.00452034 21086
0.00137689 87004
0.0243881 86214
0.0464185 42984
0.000125016 78699
0.0066776 66902
2.99603e-06 11659
0.000750563 97890
0.0218327 78920
0.00372228 99084
0.000125016 39186
0.000125016 27306
1.87719e-05 82130
0.000202043 57284
0.000293822 28045
0.0822296 41299
0.0133088 77617
0.0612563 93639
0.00212953 95404
0.000125016 64075
0 80128
0.000125016 38967
0.0121151 34878
0.00137689 40758
0.00401606 14126
0.000250063 76091
0.0116449 93436
0.0502902 96466
0.000125016 48908
0.0144511 26384
0.00103443 7518
0.000250063 56243
0.00112627 62672
0.00112627 32536
0.00175307 9646
0.000125016 11028
0.000125016 94318
0.00416083 20069
0.26715 75042
0.00565682 96552
0.0305498 52581
0.0032606 73102
0.00263191 45008
0.00315947 20353
0.000125016 77741
0.00654253 84427
0.000375141 96882
0.0164014 42307
0.0835733 82907
0.0105137 28564
0.000125016 42736
0.00895447 33475
0.0111862 64348
0.00779667 49196
0.00734087 66090
0.00050025 80387
0.00112627 79876
0.0274141 62206
0.000125016 46030
0.00717613 6852
0.000362156 54299
0.0169391 90996
0.0065251 86280
0.000125016 13161
0.0163893 31932
0.0171647 1156
0.00870649 22836
0.000250063 73145
0.0073913 68754
0.000125016 95537
0.00378371 39328
0.00240903 93260
0.00376412 75824
0.000375141 85784
0.000125016 82908
0.00343626 93786
0.00998461 74497
0.000625391 18208
0.000375141 18788
0.00768384 91492
0.0112723 821
0.000625391 5143
0.00638558 25871
0.0148374 41844
0.0130899 28446
0.0138555 43534
0.0365786 55329
0.00919013 21233
0.000461894 39643
0.071761 84987
0.000807103 1269
0.000125016 52294
0.000625391 54442
0.00336531 16675
0.00493064 58943
0.00314123 20508
0.00275758 24189
0.00050025 7562
0.536484 45026
0.00275758 2758
0.00162764 95070
0.00867626 90705
0.00264557 95036
0.0552252 92891
0.00456142 91198
0.00910497 18233
0.00507617 56525
0.0245543 36439
0.000125016 41525
0.00145856 12851
0.0151983 3952
0.0059394 61725
0.00288329 33552
0.011686 15362
0.0150773 93893
0.000266975 86241
0.000250063 58860
0.00238065 12129
0.000375141 83037
0.00553042 14523
0.000250063 58765
0.0158059 2210
6.42931e-06 72828
0.000125016 90074
0.00470735 44916
0.0010709 2317
0.00125156 93810
0.00192556 46704
0.00182668 71616
0.00452034 44251
0.001001 82405
0.000250063 50580
0.000125016 23246
0.00106228 13678
0.000375141 67826
0.000213298 63903
0.000250063 56613
0.0169048 26975
0.00999906 55343
0.000250063 29700
0.000125016 33422
0.001001 43882
0.000170386 28530
0.00137689 77653
0.000875766 60606
0.00464876 84860
0.00873505 61821
0.011378 19241
0.000250063 61202
0.00112627 52188
0.0031348 79902
0.00477267 71669
0.00178179 17143
0.0213739 91233
5.72177e-05 80775
0.00370218 14089
0.00545859 47552
0.00103143 29661
0.000563063 16139
0.00187852 33510
0.0328669 63635
0.000375141 14179
0.0112608 20524
0.074481 69697
0.0038235 28083
0.00365523 48872
0.00117635 24650
0.0107877 48486
0.000182824 8245
0.000906588 10116
0.000875766 68131
0.00238065 65964
0.0446662 2834
0.0218221 99912
0.028542 27591
0.000335845 57446
0.000750563 95561
0.00895256 50159
0.00175307 8870
0.00885598 89735
0.000375141 83996
0.00162764 71561
8.68365e-06 29672
0.000125016 9362
3.69953e-05 16629
0.000921722 17391
3.06449e-06 23788
0.000750563 87993
0.00936919 39958
0.00338643 99653
0.00109998 66446
0.001001 75950
0.001001 94123
0.000205488 655
0.000750563 38031
0.000750563 24579
5.06972e-06 94812
0.000875766 93467
0.000125016 35472
0.000125016 91297
0.0044963 90899
0.00801009 10895
0.00623684 36196
0.00107557 37552
0.00768359 12707
0.0347134 61422
0.00270377 89566
0.000125016 38337
0.0236093 89181
0.000250063 32283
0.0471291 30453
0.0111223 59994
5.49384e-06 83331
0.0810107 58121
0.0102684 75689
0.000625391 81961
0.0144252 24874
0.000163876 96925
0.00050025 33047
0.000125016 61087
0.0210523 61024
0.000250063 70445
0.00200401 52456
0.000989467 98656
0.0140063 66821
0.0300799 253
0.0309976 70051
0.0333548 74755
0.000125016 35942
0.00238065 89048
0.00804337 14238
0.0103619 27807
0.000146928 91407
0.0177994 73341
0.00050025 41152
0.000125016 68849
0.0168655 76139
0.0215268 91789
0.000875766 98545
0.00170857 73804
0.102886 30414
0.000750563 74984
0.00481018 38521
0.000125016 81357
0.000845373 41262
0.000277017 54362
0.0146429 25614
0.000650961 2114
0.00971854 74372
0.00654253 77103
0.000750563 53059
0.00895447 82407
0.000125016 76011
0.000383081 48723
0.00954632 21685
0.00211276 31921
0.0110597 66998
3.06449e-06 90519
0.00525433 43289
0.0130097 71743
0.204139 34955
0.00288329 96062
0.00568729 51146
0.0131826 62876
0.0164658 53218
0.000125016 8174
0.0109225 40418
0.033266 77288
0.000125016 24786
0.000375141 87560
0.0117195 88413
0.000750563 25236
0.00260847 393
0.0215589 3914
0.000388908 84767
0.000125016 16420
0.0194683 46143
0.00184758 88881
0.0160701 55660
0.00050025 94674
0.000125016 60892
0.00977564 65206
0.0333168 97486
0.00762893 92125
0.000250063 2084
0.00755668 94080
4.56839e-05 12553
0.000125016 83803
0.00225507 58530
0.00300903 3652
0.0274485 88131
0.035364 54884
0.00569077 39081
0.00229801 49825
0.0205674 66193
0.0172221 50628
0.000875766 99461
0.0139188 89023
0.000375141 49064
0.110598 23489
0.0100386 76550
0.0149708 41843
0.00137689 93218
0.000144468 8123
0.00873721 87322
0.000375141 12973
0.000499729 37308
0.00050025 23428
0.0657771 21044
0.000375141 94395
0.0169814 4870
0.000125016 9348
0.077607 44424
0.00238065 31924
0.00358175 19634
0.000125016 21916
0.0117288 10554
0.0121514 67963
0.000750563 35573
0.00915184 43111
5.23793e-05 48159
0.00225507 17744
0.0134593 31462
0.00763118 54072
0.001001 82043
0.00263191 61696
0.000250063 50452
0.00442549 28051
0.00844573 55920
0.000125016 52137
0.000250063 13149
0.0123735 5430
0.00576638 27617
0.0229016 34906
0.000125016 88179
2.50032e-05 71943
0.0222827 65426
0.000375141 69063
0.000125016 34530
0.0136502 1794
0.000875766 29359
0.0275869 22073
8.10105e-05 26412
0.000125016 94249
0.000250063 38556
0.000496962 32617
0.00603622 46759
0.00050025 69862
0.000875766 77494
0.00593028 37898
0.0130412 47154
0.00363819 49971
0.0154108 67743
0.000125016 73243
0.0194562 6745
3.51761e-06 6346
0.00579623 8026
0.0204168 25698
0.0515394 60304
0.00436332 96519
0.0125166 83045
4.24733e-05 60204
0.00175307 83446
0.000894422 77460
0.00274143 34408
0.00387245 16964
0.00148379 4799
0.00128797 60537
0.00162764 38648
0.00150225 23699
0.00351229 62769
0.000125016 15704
0.00112627 60548
0.000625391 81748
0.000625391 8378
0.000321992 41228
0.00137689 77030
0.00377573 83295
0.00229094 53061
0.00558602 47891
0.00250627 68537
0.00171393 80058
0.0218516 7895
0.000391119 7244
0.00578325 97404
0.0044161 5947
0.000375141 96384
0.000875766 42899
0.000227036 73036
0.00050025 87585
0.00363819 2313
0.0051514 72165
0.000125016 36781
0.000750563 15898
0.530496 55035
6.00336e-05 86631
0.0176887 29936
0.000543089 61626
0.000230658 68412
0.0129595 81419
0.000700524 50802
0.00469765 6627
0.344688 84985
0.0103562 66795
0.00100442 52302
0.000676191 53746
0.00112627 2197
0.0125999 79711
0.0142997 33203
0.000125016 37828
0.0291575 30661
0.000750563 81662
0.000673921 75632
5.28942e-05 22495
0.00429869 55973
0.000875766 86776
0.0152353 26734
0.001001 58817
0.0254627 53365
0.000125016 24819
0.00536958 68116
0.0759005 88765
0.000125016 80108
0.00112627 46248
0.00137689 30656
0.000125016 88506
0.000375141 72661
0.000125016 1466
0.000375141 79724
0.000625043 90733
0.00288329 72658
0.00844573 72849
0.00145918 74727
0.000750563 57267
0.000125016 86641
0.00946372 91570
0.00768359 67025
0.0627652 59843
0.00464649 52883
0.0343407 39988
0.000625391 94110
0.00112627 8952
0.000393567 75645
0.00351229 50238
0.00503908 59216
0.00171948 83590
0.00050025 58727
0.00389007 79111
0.0172904 33440
0.00212675 39767
0.0641424 88417
0.000125016 82671
0.00452034 60561
0.0114006 72234
0.0273544 55941
0.000250063 19743
0.00910033 90300
0.00553528 38785
0.000250063 99181
0.00749226 37799
0.000250063 47028
0.00862911 97294
0.0123343 11372
0.00238065 59540
0.00125156 32331
2.5e-05 95366
0.00122468 10286
0.00304561 57843
0.000375141 22422
0.00162764 29410
0.000125016 32485
0.000125016 91141
0.000125016 58618
0.00084712 98078
0.0161766 73277
0.00125156 84668
0.00771532 90171
0.001001 45461
0.000465816 95431
0.00242398 35629
0.047188 76303
0.0715458 93241
0.0107502 22809
0.0218589 93110
0.0106952 55976
0.550079 55032
0.00718645 96873
0.0187557 85466
0.00137209 27411
0.00371231 63708
0.000667668 57125
0.000125016 90430
0.000250063 30097
0.001001 4620
0.00225507 14234
0.00344941 37357
0.000125016 1869
0.0128627 42974
0.000125016 82153
0.0458536 39870
0.00300903 28051
0.000375141 36524
0.000125016 58393
0.00125156 29762
0.00629366 71683
0.000875766 56708
0.0145424 77605
0.00125156 37368
0.00870004 11834
0.00112627 14073
0.00700445 56005
0.000625391 4072
0.000250063 9238
0.00532327 73538
0.0127606 1320
0.000375141 72386
0.001001 41413
0.00338643 93438
0.0024794 59578
0.00503042 81836
0.000161792 75620
0.000125016 48604
6.63174e-05 74345
0.000375141 99837
0.00401606 31310
0.0477993 2143
0.00050025 6185
0.00134281 85195
0.001001 61547
0.00262964 12446
0.032578 54989
0.000125016 4422
0.00642829 71326
0.0343766 20200
0.0309129 8319
0.00549275 5572
0.00125156 49173
0.00125156 50038
0.00050025 91844
0.00476735 15994
0.00453518 4262
0.0119893 52892
0.00139897 11937
0.000125016 42447
0.00175307 76498
0.00302846 21355
0.001001 7979
0.00801982 70632
0.000250063 27894
0.000905182 32982
0.00243179 74880
0.00015457 26143
0.00822691 50664
0.00723899 74080
0.00456233 69640
0.000125016 79200
0.000125016 61514
0.000125016 59633
0.0143494 4759
0.00306463 79244
0.037097 99056
0.00396869 53570
0.0124336 60754
0.000921722 9398
0.0173284 92777
0.00232809 95559
0.00238065 65267
0.0116691 61914
0.000980888 20397
0.0166445 67188
0.00050025 15193
0.000125016 45553
0.00831863 67601
0.00582637 67724
0.00162764 29078
0.0143256 27829
0.00104323 51378
0.0348085 90552
0.00513504 59240
0.000256463 53870
0.00050025 9804
0.0064159 28661
0.0155465 4387
0.0469513 29140
0.000375141 77011
0.00135792 85684
0.0259029 12985
0.000250063 19311
0.00331214 20031
0.001001 38350
0.000125016 92520
0.0554655 22247
0.0834169 87854
0.00112627 926
0.000125016 471
0.000125016 82438
0.00263191 16800
0.0154949 84246
0.00704935 38739
0.00225507 9308
0.0147739 26802
0.0796655 8939
0.0234693 33948
0.00401646 34149
0.00767146 94342
0.000125016 24647
0.043965 7536
0.000250063 91042
0.0011881 66978
0.00131309 73069
0.000125016 73085
0.000125016 54933
0.0179172 84274
0.011191 65330
0.000125016 11702
0.00351387 86591
0.000250063 87903
0.00365478 83224
0.00489888 43015
0.00345863 29445
0.000125016 21181
0.000125016 26791
0.00240365 88340
0.00277223 37335
0.00125156 95590
0.00104519 31593
0.0117037 67058
0.000750563 42726
0.00050025 13905
0.00281859 54923
0.0489362 79653
1.93034e-06 10290
0.000250063 78915
0.00154298 11530
0.00883851 58991
0.00175307 33421
0.00116536 43303
0.0032606 46204
0.00300903 28373
3.20403e-05 12363
0.00338183 17389
0.000125016 12804
0.000125016 87011
0.00050025 71923
0.00808709 97143
0.00050025 80608
0.0213614 56532
0.0392952 67314
0.000125016 10265
0.00050025 50362
0.000250063 89054
0.000820438 11462
0.00150225 67485
0.0048982 90191
0.00322638 19026
0.0376382 75058
0.00954518 82188
0.00076375 61779
0.0184514 44041
0.000250063 77694
0.00265878 36981
0.00142796 40336
0.0151114 10526
0.00050025 58290
0.0318311 48365
0.023593 45043
0.00238565 92520
0.000669933 24190
0.00677125 42492
0.00790481 5259
0.00210705 58468
0.0548089 80649
0.0205632 82035
0.00959112 16906
0.000125016 65481
0.00131225 41239
0.0226994 51415
0.00125156 91138
0.0336415 73285
0.000250063 68488
0.000780157 64446
0.000250063 20559
0.0292124 53628
0.0163176 19141
0.000125016 84202
0.0900178 27640
0.00351229 90536
0.00603622 42188
0 36243
0.000125016 82053
0.00574124 92420
0.0278303 43831
7.83578e-06 23852
0.00050025 43631
0.00275758 33585
0.000250063 94038
0.000125016 60471
0.00692259 42930
0.0135548 82724
0.00927316 78585
0.001001 56200
0.000125016 23110
0.00050025 90801
0.00050025 91128
0.000125016 62695
0.000125016 68520
0.000125016 20719
0.000659505 56730
0.00705207 1081
0.0308938 87232
0.000125016 91554
0.00447266 59715
0.00340701 444
0.000250063 90591
0.0416427 11145
0.0222124 77504
0.000125016 38008
0.00181428 2359
0.00830456 60114
0.0653277 89104
0.00516517 17161
0.00203008 54569
0.0150901 59241
0.0205981 65988
0.00743226 44840
0.00128797 30575
0.000250063 48364
0.00321007 87581
0.00872994 53060
0.0689918 16256
0.00288329 47533
0.00199062 9946
0.00150225 88345
0.000474142 36782
0.000125016 37280
0.000162996 3090
2.9978e-05 68643
0.0219815 95348
0.00924328 9382
0.000125016 15938
0.00554464 72439
0.00911162 67758
0.00200401 91612
0.00153475 5703
0.00050025 44756
0.00477267 77263
0.00267071 53702
0.00782211 81490
0.0445028 20527
0.00212953 5895
0.00405495 13883
0.000875766 63217
0.00300903 62335
0.00340432 47616
0.00960227 63414
0.0479197 80187
0.00028046 43437
0.00431389 68844
0.00279518 25202
0.0057005 68343
0.000250063 10708
0.0162816 51870
0.00553528 94135
1.44993e-05 26649
0.00157523 88841
0.000125016 27937
0.0060281 46503
0.000125016 51742
0.00112627 11209
0.00550656 33937
0.00050025 46049
0.00063832 90543
0.00112627 82482
0.00135854 58753
0.00864519 57606
2.7605e-05 72048
0.00553042 41786
0.000375141 17991
0.000375141 98102
0.000125016 94012
0.0177573 65861
0.00477551 10766
0.000211045 2331
0.000125016 22202
0.0100216 75725
0.0177414 54923
0.000375141 80780
0.00811234 71356
0.0160138 74400
0.0360362 25515
0.00662873 48642
0.00180625 5909
0.0171762 50416
0.00304776 67337
0.00498971 45075
0.00693462 17046
0.000153086 84180
0.00908174 94117
0.000684821 46984
0.00338643 9336
0.00100402 35195
6.18074e-05 85681
0.0156791 50192
0.000125016 43385
0.030603 79659
0.00290934 15105
0.000250063 29174
0.000311787 86530
0.000625391 58102
0.0160446 30520
4.6274e-05 17358
0.000125016 24938
0.000125016 59355
0.000125016 90715
0.000125016 48237
0.000875766 99374
0.0105166 31687
0.00499824 75293
0.00659674 62165
0.000250063 1644
0.022554 71585
0.00336037 30383
0.0031348 58997
0.0111214 14601
0.00561715 85314
0.000344134 96677
0.000125016 62710
0.00182048 85239
0.00252903 58776
0.0366668 82854
0.000250063 72303
0.00131766 30032
0.0051514 89953
0.00457066 74539
0.000125016 60179
0.0261996 68433
0.00453518 7714
0.0130519 6450
0.0138576 67047
0.00502513 86237
0.00050025 99925
0.00129633 74577
0.000125016 49917
0.0017961 44063
0.0353788 96364
0.00692616 62523
0.00643553 1303
0.000250063 57980
0.000750563 37384
0.00150225 755
0.00589548 91570
7.03847e-05 10
0.00781875 26623
0.012526 33732
0.00320229 40785
0.0117664 60905
0.000430537 59525
0.0332272 65339
0.00540405 98152
0.00150225 25525
0.00300365 26875
0.00449362 86799
0.000538203 70727
0.00341852 42029
0.0144744 54947
0.00700267 35516
0.0127977 15586
0.00212953 34772
0.018362 64663
0.000125016 88156
0.000125016 81175
0.0140488 73710
0.000125016 64328
0.000125016 12019
0.000981133 99082
0.00221191 13864
0.0195897 61554
0.000125016 6679
0.00484205 32106
0.000250063 58818
0.0243429 78375
0.0197514 45740
0.000250063 23148
7.33622e-06 89463
0.0588478 54814
0.000125016 47787
0.00477267 44885
0.00288329 38458
9.67829e-06 58410
9.58681e-05 10226
0.000250063 82451
0.00325434 78987
0.0385326 93144
0.0215949 63187
0.00200401 59942
0.00187852 68662
0.00162764 20941
0.0143312 86090
0.0527908 48196
0.00131578 49545
0.000875766 34515
0.00489888 19658
0.000125016 51242
0.020355 31785
0.000125016 56019
0.00182463 22030
0.000750563 71392
0.00603622 47658
0.0110664 11881
0.000125016 49038
0.000625391 36990
1.84353e-05 9100
0.0125449 84830
0.00150225 21628
0.00876935 37122
0.00393561 45241
0.000125016 30715
0.0001239 53046
0.0138446 8353
0.0138247 60216
0.00842911 5067
0.00532327 72658
0.00460896 31784
0.0674846 57870
0.0348276 37805
5.61495e-05 27762
0.144155 30722
0.00128454 90869
0.00952825 15946
0.0341501 15177
0.00296647 62642
0.00657413 65280
0.00150225 74803
0.00279403 39319
0.010251 74195
0.0213535 45691
0.000375141 54148
0.000875766 39356
0.0360408 26081
0.000149576 51616
0.00704935 22830
0.00149347 90664
0.0140951 35375
0.0390163 20212
0.00400296 64375
0.0140345 99056
0.00124529 34850
0.0312453 75570
4.37297e-05 72756
0.00958149 7437
0.000264686 60406
0.0373751 62624
0.00498047 71696
0.0230063 75265
0.000125016 16324
0.000250063 24501
0.000690382 73408
0.00104763 5895
0.00592256 29558
0.000524381 374
0.00153475 5703
0.0134653 67974
0.00477267 65841
0.000790359 58083
0.0211804 74127
0.00540405 80634
0.00050025 79252
0.00577224 12651
0.0125345 67072
0.000750563 39602
0.00344722 75709
0.000125016 18991
0.00607826 12493
0.000266974 31014
0.00311712 30238
0.000317195 83189
0.012926 31411
0.000375141 7789
0.001001 23234
0.00376412 77032
0.000125016 11674
0.00212213 28558
0.0772576 21997
0.010917 66290
0.00258345 44373
0.000375141 72995
0.0310313 84062
0.00246281 62107
0.0120011 78780
0.0174552 96343
0.00187852 72274
0.000859991 89897
0.00050025 89993
0.00869078 26376
0.00263191 89765
0.0256664 65859
0.00463413 72869
0.000125016 53922
0.03221 36331
0.00252842 79809
0.000250063 2332
0.0032606 55509
0.00619459 80180
0.00150225 19624
0.017174 6459
0.00265244 44493
0.000463844 34913
0.00050025 36252
0.000125016 58409
0.0159146 87066
0.000125016 14630
0.000772135 57993
0.0171541 15452
0.0149642 50253
0.00351229 51623
0.000125016 86344
0.00019461 50566
0.0503212 89568
0.000125016 11999
0.00818147 27557
0.00347085 26323
0.00225507 16128
0.00098381 60130
0.0559581 33045
0.00300903 31706
0.000355303 38724
0.00401606 56567
0.000125016 71776
0.00555046 29472
0.0415858 59212
0.00109324 94966
0.00654048 39283
0.0145778 21019
0.00112627 17865
0.0579692 81214
0.000125016 1264
0.029911 83116
0.000821734 95789
0.0257189 19450
0.00200401 55555
0.00150225 53246
0.000347613 48772
0.000965656 88832
1.57621e-06 55624
0.00401606 83520
0.0180456 71018
0.00491304 31309
0.00720876 88032
0.0064159 28490
0.0252301 14813
0.000875766 5623
0.00112627 32323
0.000864498 59425
0.000125016 24386
0.00707132 40217
0.000875766 15762
0.000680101 40974
0.00616275 78252
0.013767 41095
0.00654048 39283
0.000375141 43516
0.00437705 2916
0.00298701 91414
0.00545829 71182
0.0129744 96527
0.0929752 75428
0.0111547 88316
0.000703404 26005
0.00125628 36506
0.00125156 56817
0.00359616 99906
0.0462758 9490
0.000625391 51852
0.00696528 41357
0.0507614 37449
0.0101174 58905
0.00612831 78906
0.00351229 95872
0.0839031 49197
0.00393422 94262
0.0072834 49191
0.0199567 11791
0.00302456 91204
0.00125156 57977
0.0148049 246
0.0114766 65355
0.00989504 23046
0.00112627 30636
0.000172004 10944
0.0148046 1176
0.00918358 64121
0.00934424 5194
0.00438464 98673
0.00204738 80381
0.000125016 22118
0.00215446 93847
1.01259e-06 6077
0.000755478 54043
0.0357233 40581
0.0205714 41526
0.000250063 33582
0.00732164 25608
0.0135227 54889
0.00175307 8857
0.00112725 96368
0.000125016 14429
0.0530288 60339
0.00106543 84383
0.00187852 99694
0.0111597 70968
0.00615747 48102
0.00356756 84967
0.0066368 29305
0.00187852 74699
0.000194137 29320
0.0240186 85900
0.000441384 53704
0.00177445 18920
0.00376412 73491
0.0154546 19747
0.0046089 37827
0.000625391 59628
0.016849 29507
0.0245516 53558
0.00587135 40487
0.0100794 84012
0.0155698 7967
0.00486934 71741
0.00306519 67041
0.000250063 71339
0.0180715 82419
0.0581322 8491
0.00717613 93952
0.0411093 17600
0.0526152 8009
0.00464649 43523
0.000125063 50340
0.0177291 2851
0.0102394 99144
2.42765e-05 48309
0.00861398 58360
0.000252589 76827
0.0620838 55712
0.00284954 81638
0.000875766 47745
0.00554368 58016
0.0323725 71253
0.00804922 21011
0.00137689 48708
0.001001 30992
0.00417742 44667
0.000625391 40828
0.00590019 86917
0.00503432 16038
0.000855803 41404
0.000125016 56588
0.0194006 4129
8.79682e-05 80460
0.00118421 3289
0.0106282 76762
0.00610525 83638
0.0147417 676
0.00504496 44353
0.00338643 30234
0.0153555 70080
0.0367924 62565
0.0327984 46594
9.97452e-06 77907
0.00103668 70469
0.0011798 75828
0.00113916 51713
0.0015461 44374
0.0011741 16222
0.000131744 97936
0.000250063 56074
0.00636102 61221
0.000250063 70853
0.00327245 16475
0.0453528 13127
0.0192905 18881
3.32901e-05 56625
0.0183564 77729
0.0031348 32151
0.00075224 77540
0.000125016 46687
0.013431 32436
0.0402569 70418
8.47637e-06 36682
0.0288795 76636
0.0137063 88291
0.000250063 47161
0.000125016 68538
0.000175451 8182
0.00284838 31348
0.00704935 50806
0.00112627 7226
0.00129861 97891
0.0166864 88834
0.00702225 44315
0.00481025 83857
0.00439422 87135
0.00225507 70989
0.000375141 11816
0.000250063 24288
0.000250063 43139
0.000901545 60097
0.01929 23191
0.00363819 11505
0.0116458 41158
0.00565682 27193
0.00112627 18909
0.000250063 75882
0.000125016 76310
0.000125016 44968
0.00050025 29919
0.00050025 64409
0.0110057 94024
0.009846 53553
0.00566993 35897
0.0136516 9433
0.000250063 84505
0.00496205 62763
0.00263191 86381
0.000596857 69969
0.000807103 56799
0.000125016 58287
0.00352974 32230
0.00252842 93400
0.0151214 34624
0.00338643 85201
0.00150225 11896
0.014456 43430
0.000125016 48542
0.00389007 32942
0.00394661 31497
0.000250063 67704
0.00113924 29761
0.00195438 58076
0.00484711 94208
0.00114687 37964
0.000625391 93263
0.00141098 45376
0.000333584 79490
0.00426814 84756
0.00452034 41340
0.0242335 70329
0.00212953 97211
0.00401606 38430
0.00225507 27360
0.00960227 40226
0.00050025 15263
0.00200401 74542
0.000250063 87268
0.000125016 7305
0.00150225 44208
0.00275758 55695
0.00050025 9268
0.000125016 41833
0.00212953 56366
0.00112627 81858
0.000375141 41317
0.000894422 50293
0.00376412 74019
0.000250063 26344
0.001001 58630
0.000125016 91880
0.000750563 51130
0.00112627 2073
0.00240365 13679
0.000625391 17629
0.000250063 37738
0.000125016 74099
0.000375141 9796
0.000625391 6393
0.000125016 48908
0.000125016 54187
0.000250063 69528
0.000125016 90787
0.000125016 90058
0.000250063 79017
0.000250063 44448
0.000125016 82250
0.000125016 63277
0.000125016 26344
0.000250063 94990
0.000250063 25405
0.000375141 80214
0.000375141 75420
0.000125016 88806
0.000125016 14664
0.000125016 75162
0.000125016 83016
0.000250063 91140
0.000125016 41170
0.000125016 27513
0.000125016 77960
0.000125016 47289
0.000125016 31667
0.000125016 18372
0.000125016 76765
0.000125016 52247
