100 100000
6.69856
9.13278
10.2958
9.10765
6.99566
10.2958
8.93547
10.8472
10.0759
10.2958
6.78677
6.38811
7.48551
6.47404
10.0033
4.97629
9.65905
8.35596
8.06352
8.63537
10.205
6.61644
10.7565
9.10765
9.04571
10.7565
10.205
6.58479
8.81664
7.98038
7.13619
10.1096
10.8472
8.55625
6.98848
10.2958
5.89108
9.45876
11.3079
10.8472
10.8472
10.1096
10.3528
2.76705
11.3079
6.37305
10.9379
8.26524
9.59965
9.06232
7.96013
8.90736
6.63207
10.7565
9.10765
5.61644
8.93547
8.18236
10.8472
7.0792
7.05827
9.10765
9.02619
10.8472
10.2958
10.8472
11.3079
7.19297
10.8472
7.5723
10.8472
11.3079
8.09405
10.2958
-1.44714
5.20926
10.205
10.7565
4.37894
7.0792
6.0971
7.56743
7.28369
9.45876
6.53498
10.5547
10.205
10.8472
8.48116
9.89208
6.38811
8.99666
9.74977
11.1061
8.04048
8.61492
8.90736
10.0271
7.33817
7.05407
5.82569
4.96764
-1.97446
6.50545
4.68543
8.90736
11.3986
9.47567
6.78677
8.38407
10.2958
10.9379
9.18331
10.3528
8.06352
8.02032
8.48116
9.50893
7.72132
9.49804
7.94619
11.3079
6.98848
9.11691
9.59965
8.26524
8.00107
5.89108
6.50172
9.59965
10.2958
10.205
8.24219
8.38407
10.7565
7.0792
10.2958
10.8472
11.3079
9.59346
10.7565
10.7565
6.23682
10.7565
10.7565
8.04264
9.04206
7.94466
10.7565
6.16784
7.05685
9.73471
8.45393
7.0792
8.18236
8.49759
8.04264
7.09275
11.3079
10.0271
9.56639
10.7565
7.52177
10.5547
8.47479
6.90745
10.1449
10.205
8.70287
8.03691
10.8472
6.98848
6.1461
7.53988
9.65905
9.75124
8.55625
10.0033
5.69079
10.205
10.2861
10.205
9.19837
10.7565
10.2958
9.57759
0.843325
10.205
10.3528
10.7565
6.9911
8.38407
4.71189
11.3079
6.31875
6.53498
9.18331
10.8472
6.31875
7.43105
9.18331
9.56639
10.7565
8.49759
10.2958
9.2403
10.8472
10.0033
9.73471
9.45876
7.65983
4.85691
8.57172
9.73471
8.90736
8.48116
9.91616
8.43666
7.39121
8.81664
4.57923
10.6117
10.205
10.8472
10.8472
10.0941
10.7565
10.205
9.18977
10.151
8.55625
10.151
10.6455
8.81664
4.83962
10.8472
7.6306
11.3986
10.7565
10.205
3.95127
10.8472
9.02619
1.59974
9.68418
9.36804
11.3079
7.33422
11.3986
10.205
10.8472
5.39667
10.205
10.205
6.73527
9.73471
7.0792
10.205
8.48116
6.77943
9.04206
10.8472
8.57189
9.03257
8.62888
8.55625
10.205
9.59346
10.8472
9.27403
11.3079
9.71064
9.7749
6.38418
9.533
8.90736
10.205
10.7565
9.38225
5.90672
5.89108
9.12329
10.262
8.06352
8.57189
10.3865
8.26524
6.78939
8.48719
9.50893
10.205
8.35596
10.205
8.55625
9.13278
10.8472
9.19837
4.84527
10.8472
8.64697
10.7565
10.2958
8.59404
8.64697
10.3865
10.8472
10.2958
8.44526
8.06352
8.15256
9.07198
8.26524
6.53498
10.205
9.13278
11.1969
9.12312
9.27403
5.05129
10.0603
5.7286
10.2958
8.04264
10.7565
10.2958
10.205
8.48116
9.04206
10.8472
8.90736
10.5547
10.7565
10.3865
10.1449
10.8472
5.90687
8.99808
9.05472
1.26557
7.45951
11.3986
9.13278
7.16784
9.10765
9.82543
8.55625
7.18347
7.53988
8.55625
10.2958
8.55625
10.2861
9.68418
7.30214
11.3986
10.5547
8.44526
6.98848
10.9379
10.1848
7.6306
7.25856
7.53988
10.205
8.55625
4.46824
10.7565
10.7565
10.7565
10.5547
10.7565
11.4893
8.09989
8.20609
9.21401
10.7565
9.03257
8.56551
5.17468
9.13278
10.205
9.80162
5.89108
7.45943
8.55625
10.3528
10.7565
8.83085
10.8472
10.8472
10.2958
10.8472
10.262
8.90736
8.55625
10.3446
8.93547
10.205
7.3118
5.04867
7.01518
9.04206
6.63065
6.63207
8.06352
6.7832
9.45876
8.26524
3.86263
11.3079
8.64697
1.07165
5.57381
8.38407
9.73471
5.4304
8.07431
5.29486
10.2958
6.90122
11.3986
10.7565
10.8472
7.47449
6.68234
10.7565
9.56639
2.92135
11.3079
9.19837
8.04264
6.72543
7.11449
10.262
8.26524
6.98848
1.36266
10.1178
8.35596
7.53451
8.15147
10.205
9.12329
10.205
7.68113
10.7565
7.99499
9.74977
7.8565
10.8472
8.93547
10.8472
9.71064
8.29588
6.63207
8.55625
10.7565
8.70287
10.205
8.54765
4.96764
10.2958
10.2958
10.5547
7.16784
8.55625
10.262
6.51814
6.5332
9.19837
11.3079
8.47479
10.7565
10.7565
7.0792
7.0792
9.20804
10.661
10.2958
9.82543
10.205
10.8472
9.18331
6.01104
9.10765
8.93547
10.0941
10.7565
7.97634
8.48116
9.82543
10.2958
6.18782
10.7565
10.7565
7.71729
9.04206
9.71064
8.48116
5.22135
8.11661
8.81664
8.44668
10.0941
8.48116
8.35454
10.205
8.67904
9.19837
10.262
10.205
10.205
8.03691
8.1682
10.7565
5.13939
10.0033
8.35596
10.205
10.8472
8.08591
8.55625
8.15256
11.3986
8.26524
5.10733
10.7565
7.45885
10.353
9.91616
11.3079
5.29702
6.98848
6.9911
5.29072
10.151
5.56279
10.5547
3.49059
8.55625
10.7565
6.98848
9.10765
10.205
9.79317
9.68418
10.3528
8.26524
7.86181
8.58831
9.57759
10.7565
10.5547
10.3528
8.48719
10.8472
10.8472
8.55625
7.68113
5.56305
6.78677
10.2958
8.14291
10.8472
10.0033
11.3986
8.81664
10.7565
10.7565
7.95192
7.16992
10.2958
9.50893
10.7565
7.09275
10.8472
11.1969
8.55625
10.7565
8.64697
8.90736
9.45876
9.10765
9.50893
6.44248
9.18331
4.28822
8.77962
8.90736
5.61428
10.0033
8.84005
8.90736
10.7565
8.73769
10.2861
9.02619
10.7565
8.27272
9.82543
8.26524
7.80274
10.205
10.2958
7.78504
9.10765
4.78125
4.54606
1.02571
11.3986
7.0792
9.10765
4.40725
8.43666
6.52496
10.5547
-9.25808
10.7565
9.10765
9.10765
10.3528
3.77191
10.2958
8.47479
8.07748
5.81599
4.6103
8.87363
8.03691
8.55625
10.8472
8.93547
10.2958
10.8472
9.73471
8.35596
10.205
8.03691
8.55625
7.35374
9.08956
10.9379
7.33817
10.8472
5.61644
8.49606
8.60505
10.2958
9.80136
8.35596
4.65358
8.20176
8.55625
10.205
7.7949
7.72132
10.2958
4.32331
6.05746
9.10765
6.21443
6.4917
10.8472
9.25704
10.8472
6.44426
10.205
9.27403
8.70287
4.50072
5.74446
10.8472
10.2958
9.10765
10.7565
7.6306
9.80136
5.84204
7.98038
10.205
8.52359
7.16992
8.38407
10.8472
0.827689
11.4893
9.12329
6.92309
10.6455
8.34302
7.86181
5.9818
9.59346
10.7565
10.2958
3.33448
10.7565
9.47567
10.7565
5.36134
7.39326
11.1061
10.8472
8.06184
8.15147
7.74437
6.87749
8.61324
10.8472
10.2958
10.205
6.81346
8.03538
8.35596
10.205
8.43047
8.7292
8.81664
10.1178
10.8472
10.205
5.59038
8.35596
10.9379
11.3986
9.04206
8.57189
10.2958
10.2958
10.1096
7.37739
10.3768
10.205
10.3865
4.94208
10.8472
6.98848
7.0792
9.59346
9.80136
10.0033
7.95192
8.61324
10.2861
8.06352
8.64697
10.205
8.64697
10.6117
10.2958
9.03257
9.28516
10.7565
10.8472
-13.5657
8.55625
8.26524
9.89208
10.205
8.70564
8.01025
10.8472
10.3865
10.8472
9.82543
7.53451
8.93547
8.55625
10.3865
8.26524
4.80513
8.04264
10.3768
8.35596
10.0033
8.55625
10.8472
5.14657
8.23935
9.03257
9.50893
5.33968
5.43758
11.1217
10.8472
5.69079
10.1751
11.3079
11.3079
6.48587
8.90736
10.0033
10.0603
10.8472
8.48116
10.6455
5.04867
4.651
10.1178
6.53498
8.99808
9.65905
10.8472
10.0033
7.56911
2.12311
10.205
8.03737
10.9379
10.7565
-8.74511
9.27403
5.65873
6.07252
5.33968
8.06352
8.73769
9.59346
10.7565
8.26524
8.15147
8.29502
6.33327
10.205
10.205
10.205
6.04694
7.2435
10.8472
6.69856
10.205
10.7565
8.64697
9.15296
8.48116
8.58831
10.2958
10.262
5.39667
7.53988
9.27403
10.7565
9.27403
7.97856
10.3768
10.8472
9.59965
8.15147
10.2958
8.94372
8.35454
8.90736
10.2958
7.0792
8.35596
10.8134
7.17053
3.54649
9.59346
10.2958
7.74448
10.2538
7.60077
10.7565
8.26524
9.28909
9.59346
10.2958
9.07232
10.8472
8.90736
9.48687
9.13278
9.74977
9.533
10.3865
10.2958
8.99808
10.0603
8.26524
10.205
8.90736
10.7565
10.3528
8.15147
10.2958
9.10765
5.22802
9.27403
10.4435
10.2958
10.2958
8.03691
9.42533
9.82543
9.19837
10.7565
10.2958
4.89255
10.0603
9.59346
10.205
6.98848
3.77372
7.39479
9.73471
5.7189
9.18331
10.7565
10.8472
10.2958
3.86124
8.90736
10.205
8.57189
8.26524
0.183806
10.2958
11.3986
11.4893
10.205
7.22108
10.205
7.39326
10.2958
6.45009
11.2124
10.205
10.2958
7.88562
7.14479
8.26524
5.663
10.0941
7.16784
10.205
10.7565
8.99808
9.18331
5.13797
7.39479
6.82599
10.2958
7.54957
10.7565
4.84527
3.86444
10.3768
11.3079
6.73527
5.31208
5.44395
9.03257
7.94407
7.10225
8.93547
10.7565
9.10765
10.3865
8.38407
8.35596
10.262
10.2958
6.39384
8.26524
8.07748
9.36804
7.86013
10.9379
10.7565
4.35573
6.92309
8.38407
10.0033
9.82535
9.71064
9.65905
8.18236
11.3986
8.35596
5.32808
9.62372
9.19837
7.05827
10.205
10.2958
10.2958
10.262
8.35596
10.3768
10.7565
10.3768
9.73471
9.02619
10.205
10.7565
10.2958
5.1675
8.26524
8.70564
7.65365
8.38407
9.18331
8.03538
8.81664
8.66244
10.3865
10.205
10.2958
8.43702
7.13619
10.8472
8.55625
9.27403
8.55625
10.8472
5.08755
9.533
3.21595
7.22108
7.01518
10.8472
10.2958
10.7565
1.13724
6.23682
5.92976
9.13278
8.26524
8.81664
10.8472
8.81664
10.2958
8.15147
10.5281
9.00533
7.00694
10.205
-0.19793
8.48116
8.48116
9.80136
7.79994
5.13939
10.5785
9.18331
10.205
10.5547
7.53988
10.205
10.5281
10.8472
7.94619
6.92309
8.35596
10.205
10.2958
11.3079
10.205
10.2958
10.3528
7.18347
9.18331
8.26524
2.85252
2.67451
10.353
10.7565
9.50893
8.41295
9.36804
10.8472
9.50893
8.35596
10.205
6.98848
10.7565
10.2958
9.36804
10.205
7.45751
8.93547
9.27403
8.81664
7.53988
8.1682
6.29236
10.2958
8.58831
10.8472
10.205
7.48551
7.16265
10.8472
10.205
7.98359
4.32331
8.26524
6.37689
8.04264
11.1061
10.0033
9.36804
10.7565
8.11064
8.64697
9.10765
7.28667
8.15147
10.9379
8.81664
11.3986
7.0792
7.09275
10.7565
10.8472
7.8352
9.18331
0.504382
9.47567
2.01354
10.8472
7.64415
6.36305
10.205
9.28516
8.81664
8.70564
4.84527
6.73695
10.8472
5.4304
-6.5234
9.13289
10.205
10.205
6.99817
6.57772
10.7565
10.205
8.06184
8.73769
9.45734
11.3079
10.2958
10.3528
10.2958
10.4435
8.32223
10.7565
8.64697
7.39479
10.8472
9.80162
6.90038
7.36233
8.55625
8.61324
10.7565
7.62524
7.0792
10.205
6.84376
6.93448
9.7749
10.0033
10.205
10.5547
6.21275
4.25792
10.7565
8.18236
8.38407
8.56031
6.29452
8.1237
8.64697
8.26524
8.81664
8.26524
6.55967
8.47479
9.80136
9.10765
6.90745
10.0941
8.35596
8.35596
10.9042
9.59346
10.7565
9.10765
10.5785
7.09275
10.8472
8.81664
10.205
9.47567
8.34593
10.6117
10.8472
8.49606
8.28548
10.205
7.10225
6.53498
10.7565
10.205
8.04264
10.205
10.205
11.3079
8.81664
10.205
5.89108
10.5547
11.3079
10.7565
10.2958
9.10765
9.73471
8.9816
10.2958
10.5703
6.96612
9.27403
10.8472
6.24254
9.18331
7.16062
10.0033
7.6306
8.57791
10.4593
10.8472
8.69562
9.19837
6.88936
7.84203
9.45876
9.10765
10.205
7.57077
10.5281
8.93547
10.0033
7.98676
7.37217
11.3079
10.8472
8.06352
7.38979
10.5547
10.3865
9.57759
8.64697
6.99566
10.5547
8.44668
8.03691
10.205
10.8472
10.7565
-0.376197
8.29577
8.93547
10.205
8.81664
11.3986
7.25719
8.90736
7.48398
6.45847
10.2958
10.9379
10.205
10.205
9.19837
6.02979
8.73376
9.02619
7.53988
10.5547
10.7565
9.73471
8.26524
9.03257
6.29236
10.8472
11.3986
10.0941
10.262
6.23164
10.205
10.7565
5.46514
9.27403
10.0033
10.2538
-9.41589
10.205
10.205
10.7565
8.47479
9.73471
10.8472
6.29586
6.78892
8.93547
10.2958
8.77988
10.8472
9.71064
9.50893
6.3091
8.38407
8.4271
5.35532
8.90594
7.39326
9.73471
8.35596
9.25427
6.90745
10.2958
10.0603
7.51005
8.61324
7.77083
8.68071
8.26524
10.7565
9.10765
10.7565
10.205
8.38407
10.262
7.8632
8.73376
8.57189
8.90736
11.3079
6.22803
8.18236
6.98848
10.8472
5.81599
11.3079
10.205
10.205
10.262
10.8472
8.35596
2.45166
7.76263
10.7565
9.13278
7.05407
8.35454
6.44426
9.66832
8.07748
10.7565
9.39174
11.3986
8.55625
10.262
10.661
8.81664
10.205
3.49059
8.93547
4.96764
10.2958
10.9379
10.2958
11.3079
5.51904
6.78677
9.71064
6.16784
8.15424
4.40867
8.35596
7.53988
8.55625
6.99566
10.2958
8.55625
6.97037
10.8472
10.2085
9.24734
8.81664
5.71354
10.205
10.8472
10.7565
10.7565
3.52112
11.3079
8.46514
10.8472
7.16992
7.54957
10.8472
5.72313
10.6692
3.88396
9.18331
8.15147
10.2958
11.3079
10.7565
9.50893
9.68418
10.7565
9.71064
9.45876
10.3865
7.64415
8.83085
10.7565
7.33422
10.2958
10.2958
7.38377
10.7565
8.55625
8.29681
8.93547
6.27683
8.26524
10.5703
9.48687
10.2958
10.7565
10.0941
7.6306
7.6794
9.02619
4.62651
10.2958
9.03859
7.8565
8.70287
6.59339
10.7565
10.8472
10.0189
9.71064
7.6306
8.90736
7.40592
10.3865
6.73527
10.205
8.55625
10.0033
11.3079
9.10765
9.2235
11.4893
8.35596
7.25856
6.32542
10.7565
9.04206
4.80819
11.3986
7.0792
10.7565
11.3986
10.0603
9.82543
8.61324
11.3079
6.04694
10.0941
7.19297
8.55625
8.35596
7.48551
10.8472
9.30721
10.7565
8.48116
11.3986
7.19297
4.9614
6.54135
8.55625
8.07909
5.7189
10.1906
8.99666
7.25007
10.2958
10.2958
8.9816
-0.577151
9.18331
7.22108
8.26524
4.17554
10.205
9.82543
10.8472
10.205
7.28667
6.70716
3.5575
9.90791
8.90594
8.50332
9.71064
10.5547
8.81664
6.89306
10.0189
8.35596
10.7565
11.3079
5.1988
4.09523
6.98848
9.18331
10.262
11.3079
10.5703
4.9616
11.3079
10.205
7.13251
10.2958
10.7565
8.61324
9.2403
10.205
4.73535
10.7565
10.0271
10.205
7.95192
9.04206
10.2958
11.3079
10.7565
11.3986
10.205
9.79317
9.74977
8.76095
10.1173
11.3986
5.76469
9.82543
8.70396
10.2958
9.74977
10.7565
0.131878
7.0792
10.205
9.28909
9.02619
10.8472
9.59346
10.205
7.2435
5.25158
8.43666
10.7565
10.2958
8.12764
7.01518
4.21064
10.8472
2.57293
7.13083
8.70396
6.9911
10.7565
9.73471
8.6889
8.93547
11.3986
3.2903
8.55586
7.48551
10.7565
7.4675
9.19837
8.80361
11.3079
10.2861
8.12764
5.06504
7.7949
8.45393
10.2958
10.7565
7.06954
6.45083
9.04206
9.18331
7.97219
6.98848
10.2958
11.3079
9.79317
6.73527
11.3986
8.55625
5.9818
8.47479
9.03257
10.7565
9.54806
10.0033
8.90736
10.8472
10.7565
10.7565
9.80136
9.2403
10.205
10.8472
7.41073
10.7565
10.7565
5.04867
8.55625
9.50893
7.53988
6.43005
8.82448
4.96579
9.56639
9.52446
9.58397
8.43287
9.04206
6.85452
5.04867
3.30667
10.205
7.22691
7.53451
9.19837
10.3865
9.10765
10.3865
10.7565
10.2958
10.2958
6.87682
7.19297
8.19227
4.41403
9.47567
8.93547
6.90122
10.205
5.89826
9.47567
11.1969
8.90736
10.0941
6.70716
9.81719
8.55625
9.18331
10.2958
10.2958
8.26524
11.1061
10.2958
10.3768
10.2958
-7.3694
7.86013
10.7565
10.9379
6.89104
9.17391
10.205
8.63837
8.93547
10.205
9.10765
6.39384
10.205
8.09747
4.68292
3.56286
8.81664
5.9818
7.31817
7.16784
10.0603
10.5785
8.44668
6.98848
7.0792
10.205
10.5547
4.55758
4.25155
10.205
10.2958
10.9379
10.7565
8.18236
9.80136
10.2958
6.28416
7.86155
10.8472
10.5547
9.73471
8.38407
9.12329
10.2958
9.97315
8.35596
8.44668
8.24328
9.18331
9.18331
10.205
9.19837
5.02494
8.81664
8.64697
6.70716
10.6692
10.8472
3.9764
9.03257
7.0792
7.95192
5.60007
10.7565
4.82607
8.06184
10.205
10.205
7.0792
8.50276
11.1061
10.205
11.3986
10.205
5.3231
10.6117
10.7565
10.2958
6.24077
10.5547
6.91449
10.2958
0.0649325
10.0033
7.33422
10.8472
10.2958
10.2958
8.64697
10.0033
10.262
7.83509
10.205
8.81664
10.7565
11.3986
11.3986
10.8472
10.205
10.8472
1.07165
10.7565
10.7565
4.41
7.53988
10.7565
6.73527
8.04264
9.68418
8.61324
9.19837
7.95192
10.2958
11.3986
8.48116
5.45345
11.3079
10.0603
10.205
5.7601
9.56639
9.27403
8.93547
10.8472
8.26524
8.90736
8.21123
10.9379
10.4435
10.205
9.10765
6.96612
11.3079
9.14544
10.9379
10.2958
10.7565
6.34982
7.38377
10.2958
2.21383
5.83518
10.0033
10.205
9.03257
9.18988
8.57189
4.88618
8.18236
10.6455
8.77962
8.08725
10.205
8.26524
6.54135
7.6306
10.8472
5.83101
11.3079
8.182
9.82543
4.85807
9.18331
7.59319
6.78677
3.39987
6.84879
10.3446
10.2958
7.94619
10.7565
10.205
8.03691
6.44426
10.4435
9.10765
10.0603
8.44526
10.8472
4.99616
8.38407
5.89943
10.205
8.14396
6.81739
5.61017
10.7565
9.57759
6.49407
9.70244
10.9379
6.0121
2.16271
8.09128
3.49059
10.0033
8.67191
6.46761
11.3986
10.7565
4.96764
10.205
8.99808
10.7565
5.39667
8.06184
8.93547
10.2958
8.06051
10.7565
6.70716
7.0792
5.60007
7.60714
5.49082
10.0603
4.87471
10.2958
8.79546
8.26524
8.24328
10.2958
10.7565
7.97626
7.94466
10.7565
7.46812
10.8472
10.8472
6.44248
7.94261
9.36804
10.7565
8.73376
0.988348
9.68418
6.04222
9.27403
2.27466
10.7565
-12.5385
5.89108
5.13939
8.35596
8.41153
7.6306
10.8472
9.80136
10.0603
6.01422
8.35596
8.17664
4.89255
9.80136
7.23158
8.15147
8.35596
10.7565
10.8472
6.23641
10.8472
7.33817
10.8472
8.03691
9.59965
6.70716
9.10765
8.46514
0.682966
8.38407
10.8472
9.47567
8.81664
8.35596
9.04206
10.7565
6.75595
10.0033
8.98126
10.0033
5.69079
10.8472
8.81664
6.37689
8.64697
8.12051
10.3528
7.53988
8.7292
6.19355
3.88311
7.68223
10.7565
10.7565
10.7565
10.7565
7.0792
8.17797
9.10765
10.151
9.12329
10.8472
5.82282
8.29577
9.59346
8.64697
10.0033
10.205
10.8472
5.94581
10.8472
7.86155
10.7565
11.3079
10.205
6.98848
8.55625
8.61492
10.205
10.8472
-3.60711
-10.8543
-5.96049
-4.27741
-3.45673
-15.0013
-6.12821
-11.1611
-8.06018
-10.3492
-10.1085
-10.4399
-8.23635
-10.3486
-8.36861
-8.67406
-7.04757
-8.00153
-13.5657
-8.047
-9.23085
-10.982
-5.31746
-10.1052
-10.2914
-10.982
-11.7037
-7.51983
-11.9067
-11.1217
-11.613
-7.88269
-9.25808
-9.3978
-11.1217
-11.7037
-9.29352
-11.6161
-10.495
-10.5189
-9.57697
-11.322
-10.2583
-10.1393
-11.249
-8.48714
-10.8543
-13.0896
-7.54575
-10.2736
-6.10551
-10.3486
-10.1052
-12.1105
-11.8761
-8.047
-8.24341
-11.8419
-10.495
-9.74431
-5.33616
-8.80077
-6.67564
-6.54654
-10.982
-6.66616
-11.9067
-9.7639
-11.6161
-9.7639
-8.55523
-9.69118
-7.63715
-6.2809
-10.982
-11.8419
-12.5385
-11.036
-9.7639
-10.1052
-7.60928
-7.75599
-10.982
-6.74394
-7.78466
-8.44331
-7.54451
-8.3057
-11.9326
-12.3963
-10.2583
-8.89527
-10.1052
-9.33317
-11.7037
-9.3978
-10.1052
-8.29062
-8.52819
-9.80495
-9.89221
-6.98842
-10.2308
-9.25808
-9.47288
-7.08004
-9.70691
-9.501
-7.94292
-3.09449
-3.63227
-10.2914
-11.7037
-10.495
-7.4193
-11.6161
-10.3492
-6.59916
-4.55173
-9.58793
-11.5168
-11.6435
-8.68806
-5.68605
-8.67406
-10.1393
-7.97192
-11.1138
-11.613
-9.88194
-10.0933
-11.3704
-9.08349
-11.7037
-11.5168
-6.73425
-11.6161
-9.35912
-7.97415
-11.7037
-8.18347
-8.80077
-12.1105
-10.3492
-10.2087
-6.74394
-8.68193
-10.1072
-9.7639
-10.982
-11.7037
-6.16832
-7.00495
-7.74015
-10.6949
-10.982
-7.41312
-10.1052
-11.9067
-10.4282
-8.23635
-11.9974
-9.2125
-8.07657
-9.89751
-11.7185
-5.50656
-9.20555
-11.7185
-11.2222
-6.62733
-9.3978
-10.982
-9.49721
-5.45749
-9.2125
-5.78141
-9.22608
-11.9067
-11.1217
-9.65359
-9.90735
-6.54733
-12.9921
-7.94292
-10.0921
-11.6161
-8.1771
-9.32743
-5.44476
-5.44232
-9.33133
-10.3866
-8.67364
-11.1523
-9.41816
-10.982
-11.7037
-10.0921
-9.16107
-13.5657
-9.3978
-10.0486
-11.9067
-8.67406
-7.75599
-5.35615
-9.89221
-9.2684
-9.14989
-9.08349
-9.03239
-10.1052
-12.1105
-10.7355
-10.1393
-5.21216
-9.7639
-10.1052
-9.18768
-10.1052
-6.91321
-7.17005
-12.1105
-7.38762
-9.35986
-12.1105
-7.46461
-10.1052
-9.25808
-7.00495
-9.7639
-10.3866
-8.28368
-10.1052
-10.2914
-9.7639
-9.41816
-9.25808
-4.00813
-6.54733
-11.0515
-7.15197
-10.8442
-10.6097
-10.6009
-9.48069
-4.95175
-10.2579
-9.66307
-10.3486
-10.1052
-6.48472
-9.08349
-9.20555
-9.7639
-10.1052
-5.92355
-3.28196
-11.7572
-11.1523
-11.9067
-3.64184
-10.2583
-7.00495
-2.97859
-13.2146
-10.4617
-10.7175
-9.2125
-12.8377
-9.7639
-8.23635
-7.18196
-6.83466
-8.53404
-9.29651
-6.99294
-7.66647
-10.1672
-8.48714
-8.97738
-7.77332
-10.1393
-6.15094
-7.52076
-9.67318
-11.8355
-13.2618
-6.38973
-10.159
-6.25027
-11.9067
-7.65191
-8.35156
-8.99599
-9.6958
-9.33133
-7.60928
-10.1052
-8.88578
-8.56749
-11.5013
-10.495
-12.544
-6.57171
-7.65828
-9.3978
-7.00495
-7.51877
-10.3492
-11.7037
-12.5385
-7.73336
-5.73186
-11.7037
-5.98321
-11.613
-12.5385
-9.34646
-11.7037
-13.1711
-8.99589
-11.613
-9.96729
-11.5168
-8.2479
-9.08349
-13.5657
-4.16556
-12.5385
-10.1052
-11.322
-8.69796
-9.38723
-11.2797
-5.90865
-8.31849
-7.15197
-5.43887
-5.68249
-9.41028
-10.2914
-9.58793
-5.44616
-12.9708
-10.8146
-10.7706
-10.5189
-12.9708
-8.68375
-7.24786
-10.1052
-10.495
-13.6971
-11.1523
-7.87482
-10.1052
-8.72883
-11.0079
-9.58245
6.6035
-10.982
-5.49166
-9.00549
-9.04216
-8.53404
-9.57697
-8.40631
-10.8442
-11.3472
-10.9172
-10.6753
-9.7639
-8.8606
-6.74521
-11.1523
-5.35615
-8.16541
-7.80197
-11.6161
-11.1839
-10.1052
-9.83522
-7.60928
-8.88666
-10.118
-6.52491
-11.6652
-7.5342
1.81174
-12.6753
-9.6958
-12.3674
-10.3486
-7.77074
-11.9974
-7.60928
-8.13348
-11.7029
-11.2797
-6.25027
-11.322
-11.1688
-10.1052
-6.95242
-12.0372
-6.08711
-8.55523
-10.9172
-9.33317
-9.32743
-11.8419
-11.7185
-8.40631
-4.30672
-10.3492
-11.5168
-11.7037
-11.5591
-4.03683
-7.34496
-12.6347
-10.982
-7.05933
-11.6161
-8.8129
-11.1498
-10.5116
-7.45013
-11.0703
-7.2911
-8.85726
-10.2665
-10.118
-12.0483
-9.67318
8.55625
-7.55675
-11.1217
-8.39642
-10.0486
-12.6753
-11.9067
-9.6958
-6.61033
-11.5591
-13.6565
-11.613
-11.9067
-9.67318
-9.6262
-6.01428
-9.47795
-12.544
-11.0647
-9.3978
-9.96023
-9.7639
-11.1889
-11.0647
-11.1611
-10.6009
-5.41688
-9.45578
-9.25808
-9.90204
-9.96023
-5.10647
-10.2914
-9.61987
-5.8373
-10.3492
-9.79511
-7.43805
-11.8761
-9.88194
-10.3816
-10.8201
-13.07
-8.69984
-11.7166
-11.8419
-11.9974
-11.1611
-5.29262
-7.31248
-9.32743
-10.2583
-7.94213
-11.322
-9.501
-10.1052
-11.0768
-8.34581
-11.7037
-8.77116
-11.8419
-10.1052
-6.97408
-8.56619
-9.3978
-11.1217
-9.33317
-8.01479
-10.982
-8.87014
-5.8854
-11.5168
-10.6097
-6.83466
-3.39118
-7.49878
-10.982
-10.982
-11.9067
-11.7037
-10.495
-9.04669
-10.958
-8.23635
-9.96023
-11.5168
-9.96023
-10.982
-6.89676
-10.982
-6.78024
-7.50696
-11.1523
-8.31496
-7.23119
-10.982
-8.16541
-8.02042
-11.7037
-4.23085
-9.33317
-11.4408
-10.1052
-8.94581
-11.7037
-11.4127
-5.32592
-10.3492
-3.98076
-11.5168
-10.5987
-5.20066
-11.5168
-10.2946
-8.03971
-12.6753
-7.3008
-11.1217
-8.44331
-6.94231
-11.1217
-10.2914
-10.9108
8.38407
-11.7037
-14.4546
-10.2403
-8.72883
-9.20555
-3.05899
-8.5287
-4.46865
-10.1052
-7.23682
-9.25808
-10.982
-10.1676
-8.64466
-10.6009
-3.06786
-9.58872
-9.3978
-10.982
-9.7639
-10.982
-7.85209
-5.40872
-11.5168
-10.0486
-5.62983
-11.6161
-11.1523
-10.982
-9.25808
-6.63312
-5.10647
-9.58793
-10.1052
-10.9193
-11.5168
-10.8442
-6.19254
-11.6161
-10.3866
-13.6565
-10.1052
-12.5385
-9.501
-6.47461
-9.17767
-11.3126
-10.1052
0.0930842
-8.39952
-10.1828
-6.00311
-9.16107
-5.8854
-8.72883
-10.7175
-10.3492
-11.0703
-8.34253
-11.613
-9.15083
-11.7185
-12.544
-11.7037
-10.982
-10.495
-11.2046
-11.1611
-12.9285
-0.056676
-5.61694
-8.39642
-8.67406
-11.5122
-10.1052
-8.53404
-11.7037
-9.33317
-12.5385
-9.96023
-3.48543
-8.06175
-10.1828
-10.7175
-10.982
-10.982
-10.1052
-8.23635
-11.2333
-2.03608
-7.17491
-8.35156
-7.75599
-11.8419
-10.1758
-9.89221
-6.88524
-11.6161
-11.1611
-4.33441
-10.1052
-11.5168
-11.5168
-3.42936
-7.93574
-9.32743
-10.1393
-9.2125
-10.3866
-7.97192
-8.57182
-10.982
-8.80077
-10.4904
-7.00495
-10.8201
-11.5223
-12.9708
-9.89221
-8.14656
-10.4306
-9.7639
-7.60928
-11.1611
-9.08349
-8.68193
-12.2063
-5.28489
-4.05611
-12.3921
-13.0615
-9.43718
-11.1523
-12.7402
-9.80495
-4.88054
-11.031
-13.3525
-10.1052
-10.1052
-9.26963
-9.24936
-10.1052
-7.88593
-11.0591
-11.1523
-10.6812
-6.69341
-5.99593
-9.08349
-8.93849
-9.20998
-13.9502
-10.4667
-9.88273
-3.98076
-10.5987
-6.57854
-10.1052
-10.2579
-9.25808
-7.52548
-10.1672
-7.305
-11.6435
-4.5271
-11.5168
-9.25808
-9.6958
-11.5168
-11.0703
-12.1105
-13.9502
-11.0768
-6.15094
-7.55675
-10.1052
-11.1523
-11.6161
-11.5168
-6.95242
-10.5259
-11.7037
-13.5657
-9.67318
10.8472
-11.6161
-7.87021
-8.56749
-10.1393
-9.2028
-10.9172
-10.1052
-11.2046
-9.56286
-8.96284
-9.67318
-8.01479
-10.5189
-5.85293
-11.8761
-6.54654
-10.982
-10.2579
-8.42494
-11.1138
-11.1217
-12.5385
-8.60378
-7.64473
-8.36823
-8.56619
-10.1052
-9.19544
-9.58793
-9.89221
-13.5657
-8.56564
-5.67978
-8.77772
-8.97634
-10.0145
-8.62529
-11.5168
-7.35961
-8.35156
-8.67406
-10.9037
-8.17371
-12.9272
-6.65746
-6.84231
-8.49053
-9.32194
-9.96023
-6.85309
-7.94292
-8.73782
-11.1523
-11.1611
-10.1052
-6.95242
-7.88269
-11.7037
-9.79201
-11.6259
-8.94581
-11.1523
-4.89884
-9.7639
-10.885
-9.79289
-11.4408
-10.2914
-9.45058
-9.41589
-6.69373
-3.40207
-8.06175
-9.7639
-5.31162
-11.4408
-11.8419
-11.5168
-5.49166
-9.87263
-9.15083
-7.85209
-9.25808
-12.9285
-8.24341
-9.25808
-8.07469
-10.8442
-11.1523
-11.5168
-9.96023
-10.1393
-6.63867
-8.32669
-10.6009
-7.50583
-11.7037
-6.37215
-7.60928
-10.1676
-9.93627
-9.89221
-10.982
-10.3866
-6.10906
-10.8201
-6.20159
-11.2595
-8.31835
-10.0921
-10.8897
-10.9796
-10.5987
-4.55173
-6.28326
-13.0615
-4.33743
-7.56937
-10.0209
-5.60683
-10.982
-9.59172
-9.89221
-9.83522
-7.03601
-9.879
-9.96023
-7.72669
-8.56619
-8.38134
-10.3866
-7.23698
-9.33317
-9.32743
-11.127
-4.61337
-8.93615
-11.249
-2.15715
-8.24341
-7.76709
-11.3126
-1.62131
-9.96023
-10.3492
-10.2579
-10.1052
-9.42804
-7.90697
-10.982
-7.94213
-10.982
-9.11759
-6.36039
-11.1523
-10.2273
-8.24341
-10.3866
-11.0265
-9.57141
-7.93913
-11.1217
-7.84812
-12.8364
-10.495
-11.322
-8.89656
-10.3866
-10.1828
-11.816
-12.1929
-9.33317
-9.33317
-8.07469
-8.48714
-10.5987
-13.5657
1.33543
-10.3486
-12.5385
-10.1052
-9.86321
-10.7829
-9.2684
-10.982
-11.7037
-9.2125
-6.95675
-8.31143
-8.48714
-7.21555
-3.77809
-13.5657
-10.3492
-10.3866
-10.3866
-9.40648
-11.1138
-7.73336
-11.5168
-11.7037
-10.1052
-8.87578
-11.3501
-11.7029
-13.6971
-11.5852
-8.62476
-12.9708
-12.4475
-8.05802
-8.05802
-10.6097
-9.25808
-9.20555
-8.16541
-8.72883
-12.4581
-12.1105
-12.5385
-7.72103
-12.5385
0.216099
-10.3866
-6.86096
-7.8564
-7.58095
-9.33133
-10.2633
-10.0145
-12.1105
-7.73963
-6.57544
-13.6971
-12.1156
-5.97037
-8.5287
-8.36823
-9.30264
-8.85726
-10.1052
-6.39141
-11.6161
-10.4904
-11.6435
-5.26896
-11.5168
-7.60928
-9.82251
-11.5168
-10.982
-11.5168
-8.33421
-3.15201
-12.1105
-6.38152
-11.7037
-9.79373
-8.84624
-10.1393
-10.885
-9.82251
-13.1803
-12.1105
-9.62295
-8.78321
-10.3486
-8.23635
-6.66287
-8.38134
-11.5591
-5.31552
-10.1052
-11.5168
-8.38134
-11.5168
-10.982
-11.4033
9.18331
-9.55577
-11.1523
-9.80495
-9.25903
-11.2082
-0.637611
-7.93574
-10.1052
-10.0837
-8.39952
-11.5168
-11.613
-6.83466
-9.33317
-10.3492
-8.6514
-10.1052
-6.28326
-5.56115
-11.2046
-10.3866
-8.38134
-8.48714
-3.16485
-5.99593
-0.388459
-9.80495
1.96249
-9.41589
-11.7448
-10.495
-4.51952
-12.1105
-7.14289
-9.25124
-8.31849
-9.52514
-11.9067
-9.62295
-10.1393
-10.1052
-10.5811
-10.0334
-9.89221
-8.52819
-6.60396
-8.16541
-7.44742
-10.1052
-10.3492
-10.7848
0.0930842
-7.26574
-5.29262
-11.4127
-11.6435
-6.87554
-9.19544
-11.0616
-8.77772
-6.58755
-9.15864
-9.23085
-10.1052
-7.00495
-6.35578
-8.33421
-8.47547
-9.12178
-8.69015
-6.22602
-8.24872
-10.1052
-8.78869
-10.1052
-7.60928
-13.6565
-10.825
-10.1052
-8.24341
-8.16444
-7.67623
-7.25563
-6.19381
-1.96274
-10.2909
-10.6702
-10.0835
-8.72883
-10.1052
-11.6161
-7.89677
-13.5657
-9.33133
-9.08349
-7.35961
-9.56286
-11.5168
-7.7071
-10.3486
-9.59809
-13.5657
-9.37279
-8.48714
-8.55523
-10.982
-7.93574
-7.9297
-11.7037
-9.6958
-9.39035
-7.87482
-9.33317
-5.29262
-11.4548
-9.49721
-9.5493
-6.88524
-7.94292
-8.56619
-10.0703
-9.25808
-10.1052
-6.9014
-8.97103
-7.02526
-9.7639
-8.77993
-8.22616
-11.1523
1.26034
-10.1052
-9.25808
-10.982
-10.982
-8.97295
-6.83036
-10.8442
-12.8978
-10.2914
-9.46869
-9.24061
-9.6958
-7.00495
-10.1672
-9.34009
-11.9202
-10.2914
-8.55523
-8.73782
-12.1105
-8.69796
-10.1052
-10.1052
-11.694
-7.79612
-8.77772
-10.3492
-8.6882
-4.61337
-2.50759
-10.1052
-10.1052
-8.62476
-7.30616
-9.55577
-10.1052
-11.6161
-4.85881
-11.8419
-9.96754
-9.3542
-7.749
-10.2914
-10.3866
-12.6652
-3.66333
-7.88269
-10.2914
-7.16877
-5.59413
-9.98453
-6.03434
-5.81617
-7.68002
-7.34496
-10.1828
-11.1217
-10.2273
-10.0583
-7.32754
-10.6968
-11.7037
-11.7037
-10.2273
-11.5168
-13.5657
-11.9067
-8.97295
-10.1052
-10.1828
-11.1217
-10.4399
-10.1052
-14.9106
-5.56581
-10.2273
-8.56817
-6.33726
-11.7029
-8.62529
-12.8377
-12.7247
-8.23635
-7.94292
-9.3978
-7.2897
-11.613
-14.9106
-5.68979
-12.1105
-12.4657
-11.6029
-10.3492
-7.0743
-11.1523
-9.58793
-4.80958
-10.6097
-7.97192
-10.1052
-6.95018
-10.1052
-11.7037
-8.38847
-11.5591
-10.1052
-5.39255
-11.0647
-10.0486
-11.6161
-6.67564
-10.1085
-11.6161
-8.16541
-5.8854
-12.5385
-8.53404
-6.66616
-7.57682
-9.47288
-10.1052
-6.54733
-12.8978
-4.36548
-8.8464
-3.15858
-8.41544
-11.5122
-2.39095
-8.71601
-8.89393
-12.5385
-9.46505
-13.6565
-6.33726
-11.2046
-8.66273
-11.7037
-8.40631
-10.1052
-10.8543
-10.6812
-9.92379
-8.48714
-12.8377
-9.17616
-8.16832
-7.68347
-9.41028
-8.43733
-12.1105
-11.1217
-9.33317
-8.47547
-11.249
-7.48823
-7.67391
-5.28106
-8.50008
-11.0616
-7.15714
-10.3866
-10.6097
-4.83702
-11.4408
-12.544
-10.1085
-9.34009
-9.96023
-12.5385
-11.0703
-8.89393
-9.33317
-9.57697
-9.34081
-8.01479
-8.68193
-10.982
-7.58205
-10.1052
-12.1105
-8.00479
-8.41544
-12.1105
-7.08004
-6.36039
-10.1052
-10.982
-10.5987
-8.55523
-10.1052
-7.79612
-8.99365
-9.33133
-9.88273
-10.8543
-11.7448
-8.55523
-4.77363
-9.33317
-9.2125
-8.16541
-7.88961
-7.1564
-11.1611
-9.08349
-12.5385
-7.85491
-7.05699
-8.38134
-12.9708
-6.94556
-8.79506
-10.982
-10.4399
-8.16832
-7.09356
-12.1105
-10.1393
-8.53404
-12.1105
-8.42494
-9.08349
-11.9974
-11.816
-7.63907
-6.8839
-9.12433
-10.2736
-9.18694
-11.9974
-11.6259
-10.982
-11.7037
-9.26963
-9.58793
-7.54451
-10.6682
-10.5703
-8.97634
-11.613
-10.8442
-11.7037
-8.60378
-11.8761
-11.7029
-9.33317
-7.83887
-11.1523
-10.982
-12.1715
-5.98321
-5.32891
-11.6161
-9.25808
-10.4796
-9.32743
-7.79612
-10.1052
-9.15409
-5.95959
-10.3866
-9.88273
-11.5168
-7.92407
-7.00495
-7.305
-9.96023
-8.12988
-10.1052
-4.1219
-9.49721
-11.7037
-12.7663
-6.05893
-6.33726
-9.89221
-9.62295
-10.1052
-8.77772
-10.1052
-6.1002
-6.15317
-10.982
-10.982
-10.3486
-13.0192
-5.7079
-10.2465
-11.1523
-11.5168
-9.34081
-10.982
-10.3866
-14.8199
-11.1138
-8.38134
-11.1217
-8.04699
-9.03653
-9.20555
-11.1523
-9.23085
-9.96023
-11.322
-10.1828
-11.8761
-9.03337
-10.2655
-10.9172
-7.3567
-5.1192
-10.5987
-10.982
-8.35156
-8.52819
-6.0321
-8.53404
-9.33317
-9.58793
-7.84502
-11.9974
-7.84846
-7.99333
-7.52888
-7.00495
-8.89666
-7.3694
-10.495
-10.0921
-8.38134
-9.3978
-10.4399
-5.29138
-12.9708
-10.1052
-9.78191
-10.6949
-7.83335
-8.51019
-9.44492
-12.1105
-8.77783
-10.723
-11.5168
-11.5223
-7.85209
-11.9326
-7.45379
-12.5385
-6.17548
-12.6347
-11.4127
-5.26152
-9.25808
-8.45965
-6.52491
-7.85847
-4.97901
-3.41432
-7.37447
-9.11759
-9.03653
-9.52
-12.5385
-10.0921
-8.38134
-7.33129
-3.26447
-10.1052
-12.1105
-11.6435
-8.88578
-7.74155
-11.8761
-13.5657
-7.4032
-10.3486
-10.3866
-7.7071
-7.76148
-7.60928
-8.53404
-9.24061
-11.1217
-7.0648
-9.3978
-13.0896
-13.0192
-11.4174
-8.97634
6.63207
-10.3816
-6.16296
-7.38213
-6.69341
-11.9326
-8.77772
-10.1052
-9.96023
-10.2736
-11.6435
-8.78869
-8.24341
-11.7448
-10.3866
-6.37162
-10.4617
-7.60928
-9.25903
-11.7037
-7.15536
-10.7609
-8.94581
-9.88273
-8.99365
-8.42494
-11.7037
-12.1105
-4.39744
-10.1052
-11.613
-7.66202
-8.91453
-10.1052
-4.60751
-10.1052
-11.1889
-6.11086
-7.26195
-9.33317
-8.38697
-10.1828
-9.7639
-7.00495
-10.1052
-6.19579
-3.26815
-11.6161
-11.613
-9.33133
-9.33317
-10.1052
-13.2618
-9.25808
-11.9067
-9.58793
-11.7037
-12.7247
-11.1217
-10.4617
-8.56749
-11.7037
-11.6161
-10.6812
-9.67318
-8.88562
-11.8355
-9.25808
-10.4399
-11.5122
-7.305
-10.0921
-10.3866
-6.33726
-8.24366
-8.38134
-9.89221
-12.1105
-12.544
-11.5168
-8.89294
-5.29262
-3.15858
-10.1052
-11.6286
-2.8778
-8.01479
-10.1052
-7.57682
-6.31613
-11.7448
-7.03601
-4.95177
-11.816
-9.32743
-12.5385
-11.4439
-11.5591
-12.5385
-7.67623
-8.81786
-7.88684
-11.9974
-10.1052
-10.982
-9.96754
-6.57171
-9.99469
-8.55523
-10.5189
-10.1052
-7.25563
-8.02042
-8.76017
-10.6097
-8.71601
-6.58181
-8.52819
-9.35974
-12.0483
1.53622
-9.33317
-8.23635
-9.3978
-7.6196
-8.42494
-9.3978
-9.7639
-12.0483
-6.34766
-12.5299
-10.6416
-9.89751
-6.86096
-9.03105
-8.47547
-11.613
-6.3058
-10.1052
-5.3933
-11.613
-9.88273
-7.60928
-9.83522
-5.92802
-9.25808
-10.1052
-6.6513
4.79368
-11.613
-8.18642
-11.7037
-7.77316
-8.29559
-11.1523
-9.08349
-9.11259
-11.5168
-10.4751
-10.3492
-8.33421
-4.1565
-7.05384
-10.1052
-5.80489
-12.3014
-12.9708
-8.89393
-6.95936
-11.0768
-9.26963
7.53988
-11.6161
-9.67318
-11.9067
-10.4617
-7.03601
-7.38213
-10.1052
-8.48714
-10.1052
-14.2835
-10.2914
-8.30021
-8.53404
-10.495
-12.7247
-10.1828
-13.2618
-10.7848
-9.89221
-11.322
-2.1822
-7.15197
-10.0551
-4.95175
-11.7037
-8.97295
-8.48714
-4.92114
-9.25808
-3.05999
-9.3007
-12.544
-11.5168
-7.2897
-8.38134
-8.39642
-10.5987
-10.6217
-11.5168
-9.879
-7.27386
-11.6161
-12.544
-10.9037
-9.95551
-11.7037
-12.544
-11.2313
-10.3866
-8.18642
-9.08349
-10.0921
-8.60378
-9.08349
-9.13703
-9.66307
-13.6971
-8.94581
-9.96023
-11.322
-9.08349
-9.57697
-10.1052
-7.67623
-8.61891
-6.36039
-6.97979
-6.40545
-13.5657
-9.25808
-10.1052
-11.7185
-9.7639
-8.97634
-7.94213
-10.1052
-5.56664
0.175925
-11.4439
-10.3492
-10.8201
-12.1105
-3.17495
-11.9067
-10.2914
-11.7037
-6.66537
-9.68881
-9.2125
-10.2736
-13.6971
-7.60839
-10.982
-9.58793
-12.5385
-8.23635
-10.982
-6.88866
-9.19544
-10.1052
-10.2914
-13.5657
-9.25808
-11.7037
-9.38216
-10.982
-9.96023
-9.88273
-7.03601
-6.76428
-11.9067
-7.76148
-6.12424
-11.1217
-11.5168
-11.7029
-11.6161
-9.2125
-10.2087
-9.88273
-12.3464
-6.68547
-7.30554
-10.0551
-7.82408
-7.87354
-4.8269
-10.6097
-5.8854
-11.1523
-6.14201
-9.7639
-8.69984
-6.02511
-6.61033
-10.6042
-9.61477
-7.76695
-9.12036
-10.6097
-12.3437
-10.1052
-10.1052
-13.1569
-7.00495
-3.27741
-11.7572
-12.1156
-9.89751
-8.49053
-11.5168
-9.80495
-10.1758
-10.0541
-7.83335
-7.84812
-11.5168
-11.2953
-6.31435
-8.47547
-4.76124
-8.47547
-10.6097
-10.0583
-11.613
-7.32858
-6.11086
-4.38698
-10.1052
-10.982
-11.1217
-8.24341
-10.982
-10.2526
-10.4222
-10.1052
-9.2684
-6.28326
-10.1672
-7.54198
-6.33726
-9.10763
-9.52
-9.80495
-10.2914
-11.7029
-10.1052
-9.90735
-10.1052
-10.982
-6.98132
-10.5987
-10.2914
-9.96023
-12.544
-10.2736
-5.31875
-5.02987
-1.4102
-9.88273
-5.87966
-9.3978
-10.1828
-11.7029
-11.0164
-5.79862
-12.1105
-6.3882
-11.7185
-9.51227
-9.62295
-9.57697
-12.5385
-6.88524
-10.2526
-13.2618
-10.6968
-7.6566
-9.26913
-8.60378
-11.322
-11.816
-9.79289
-11.6161
-7.67391
-11.7037
-12.1105
-7.85857
-10.1052
-9.38723
-10.1557
-9.25808
-8.94581
-8.62529
-11.7037
-10.982
-7.53814
-8.91453
-10.0861
-8.15942
-7.21461
-9.34081
-5.96049
-7.71032
-9.57505
-11.5168
-11.1217
-9.96754
-5.22578
-11.031
-8.93849
-10.9402
-7.8564
-11.0703
-11.2082
-11.3126
-11.1611
-10.1052
-4.17495
-12.1105
-9.33317
-10.6097
-14.2835
-11.1217
-11.5168
-11.1523
-12.6753
-6.74719
-7.38457
-10.1052
-6.31435
-8.18676
-8.16541
-8.72883
-6.12821
-11.7185
-9.7639
-7.58551
-10.7342
-10.1393
