1659
0.000125016 85117
0.0294801 15031
0.00026412 45009
0.330961 54968
0.000321609 34418
0.000125141 54368
0.000125016 44236
0.354255 44951
0.178481 54954
0.00050025 52718
0.00603622 26299
2.83224e-05 94987
0.000178434 49988
0.0349304 81662
0.00394673 76004
0.0276009 69045
0.00352454 44969
1.14386e-05 53302
0.0154443 25042
0.251455 44968
0.00215922 88493
0.0032606 4530
0.000839145 16534
0.000750563 85639
0.0048212 7736
0.00360174 72604
0.00883851 92478
0.00541578 27890
0.0245421 81464
0.139088 85036
0.0231351 85043
0.00247506 40872
0.0635125 35010
0.00242462 59980
0.000125016 98050
0.00777587 26785
0.00201846 44966
0.000125016 44574
0.0298949 44968
0.00689249 58280
0.0113551 63668
0.000549374 88590
0.000125016 28907
0.701435 4993
0.000375141 64022
0.0406173 49504
0.00227899 70687
0.000250063 21232
0.00141523 17963
0.00647446 81187
0.0207335 34992
0.000125016 74990
0.000625391 93911
0.001001 70985
0.716683 4992
0.00613886 33680
0.000752385 24891
0.00903895 28676
0.000125016 12865
0.00212953 62044
0.386573 14994
0.000250063 92805
0.000125016 724
0.000125016 41527
0.0174808 78517
0.000375141 4925
0.365135 4962
0.0144617 54950
0.000888854 6197
0.000875766 19538
0.000250063 40614
0.000875766 70743
0.185706 75017
0.571244 44954
0.00685834 9640
0.000125016 72294
0.156044 4976
0.0134871 46016
0.00075837 21472
0.00187852 38851
0.00196761 38552
0.00212953 59888
0.000125016 58275
0.00448379 48991
0.00162764 60807
0.000143617 62097
0.000875766 15074
0.0171261 52627
0.000250063 61687
0.0292514 14989
0.0234354 1073
0.00080097 93838
0.0188237 64625
0.000750563 19715
0.000125016 79024
0.000125016 90487
0.000250063 55897
0.000125016 12921
0.0442259 46343
0.0110264 89030
0.00112627 63880
0.00425962 97461
0.0201362 41697
0.0447307 93806
0.00304325 29819
0.000125016 24336
0.00903665 78972
0.00164936 95415
0.00224833 83142
0.0194572 88321
0 97588
0.00565682 20406
0.00587035 48052
0.0320231 99947
0.000801001 89031
0.0297783 78766
0.000750563 43461
0.0120187 25107
0.0181028 21731
5.97572e-06 79719
0.00997349 65197
0.00150225 79399
0.00199008 59084
0.00401606 7203
0.00175307 36565
0.000625391 81162
0.000125016 89526
0.00184417 78573
0.0348731 1936
0.00578325 28782
0.000250063 44279
0.00833003 99610
0.0216072 88672
0.0218758 78891
0.000250063 14411
0.000125016 59095
0.00150225 17961
0.0221341 25110
0.0203198 58974
0.00200401 19410
0.00187852 54600
0.000125016 98005
0.00560241 92331
0.0221316 62752
0.0171596 85895
0.000875766 4223
0.000296143 64029
0.00263191 32573
0.000125016 19792
0.00148379 41116
0.0025187 4460
0.00088591 31745
0.0031348 48717
0.00050025 80591
0.00125156 29131
0.000125016 39986
0.000125016 1715
0.0193 16906
5.15557e-05 99251
0.000125016 68129
0.00603622 89389
0.000125016 2639
0.0147711 71096
0.0457784 7099
0.000250063 67152
0.000125016 15727
0.0348601 38217
0.000967155 18836
0.000125016 33111
0.00116536 41213
0.100256 64957
0.000126975 29245
0.0144205 87750
0.0180175 29740
0.00050025 66479
0.0489523 28825
0.000125016 24422
0.00273559 20791
0.000529472 84554
0.000375563 76231
0.000250063 17052
0.0130742 38887
0.00775866 97143
0.00150225 61966
0.000216726 97005
0.00955067 19625
0.00798786 86979
0.00737885 90899
0.000875766 89340
0.00050025 36662
0.00786492 62050
0.00934861 5992
0.00149602 3798
0.0397459 57779
0.0296404 77925
0.00654253 33138
0.000125016 84552
0.00177619 74626
0.00452034 21326
0.000125016 30180
0.00279477 7865
0.000375141 27882
0.00306071 86865
0.00585662 11890
0.000125016 51292
0.0152115 42358
0.001001 25050
0.00798916 40106
0.0103562 55843
0.000562876 26582
0.0136925 66179
0.0104615 68382
0.00137689 34340
0.000684585 21588
0.0371638 33569
0.000375141 53210
0.00830671 67654
0.0107502 52516
0.000125016 47393
0.00050025 76965
8.1275e-06 8287
0.0184545 8569
0.00020025 32776
0.000125016 94438
0.0207823 18983
5.16231e-05 59392
0.0355459 63486
0.0442734 15357
0.000162076 8887
0.00365523 36468
0.00150087 19598
0.000923559 21550
9.11023e-06 11179
3.71595e-05 74680
0.00521123 80542
0.00489888 3133
0.00106692 7758
0.000125016 22636
0.0339191 81286
0.0168084 68613
0.001001 36507
0.000125016 75577
0.00452034 2014
0.00392924 84705
0.0489862 82779
0.000547102 81940
0.00586496 2267
0.00542564 85718
0.00125156 86075
0.00439422 53076
0.00302846 14367
0.00346656 36328
0.00242065 71066
0.00090763 83887
0.00675534 19657
0.000125016 60131
0.000125016 42010
0.000125016 29457
0.00896881 89961
0.0352277 68399
0.00200401 75693
0.000852075 50939
0.00477424 56279
0.0157172 26983
0.0241538 36387
0.000250063 26999
0.00050025 38079
0.000738482 56677
0.00267059 93055
0.00450559 27947
0.00245737 27602
0.000125016 12073
0.00050025 3911
0.00162764 14456
0.0359573 42503
0.0166924 70930
0.00913035 57047
0.0036008 96734
0.000250063 51544
0.000174309 70633
0.00050025 56889
0.000662548 39400
0.00212953 42760
0.00328627 98195
0.000250063 44832
0.000375141 83950
0.000125016 70014
0.0139935 53259
0.00146131 67474
0.00054675 61725
0.00112627 95707
0.0545584 73696
0.000125016 13262
0.000578646 74476
0.00399952 5594
0.00022132 81102
0.0274714 52145
0.00452549 35211
0.0124054 47983
0.000524048 91473
0.00112909 187
0.00256735 8296
0.00057243 79828
0.000375141 15954
0.0167965 71129
0.000250063 72796
0.00302705 55225
0.0165759 78988
0.00457059 47858
0.000980927 97408
0.000250063 50493
1.76183e-05 67872
0.00105415 5373
0.000125016 76617
0.00294982 68319
0.000875766 85301
0.00263191 79820
0.0031348 3503
0.00112627 4326
0.0233496 70013
0.0211005 95419
0.000625391 9891
0.000598365 88043
0.00733807 25167
0.00058379 85452
0.000125016 53816
0.00300903 9514
0.035156 88075
0.137855 46253
0.00740881 19899
0.00874563 69484
0.0133455 50115
0.0181383 18382
0.000125016 94892
0.0237714 41816
0.00439422 47885
0.000375141 90710
0.00823528 11248
0.00566587 22185
0.00565374 42494
0.0273657 58900
0.00728924 56583
0.00354309 85580
0.00171597 32502
0.0271093 38598
0.000125016 97998
0.000375141 62636
0.00603622 10904
0.0132592 9308
0.00069601 13080
0.000250063 84149
0.00659343 48792
0.00050025 37842
0.00399821 87793
0.0124645 27837
0.00468137 20991
0.00642829 28111
0.0234167 99626
0.0117666 11240
0.00265418 68383
0.000754658 6689
0.000125016 62111
0.0345025 46702
0.0199043 91727
0 78954
0.0283933 36771
0.00125156 16879
0.000125016 41259
0.00135749 9720
0.0112378 83556
0.000125016 39490
0.000125016 49475
0.01172 43208
0.00106969 35996
0.00914964 56916
0.000125016 31158
8.33959e-05 94163
0.000250063 48587
0.000625391 79802
0.00250627 39205
0.0120807 40926
0.0456913 35806
0.00414209 13988
0.00500515 11664
0.000250063 74236
0.001001 80406
0.000250063 91757
0.000125016 24669
0 72237
0.00112627 66542
0.0804308 38452
0.0172221 56120
0.0265465 28905
0.00133735 69085
0.0048212 46019
0.000125016 42702
0.0163019 66093
0.0226228 3834
0.00670894 5723
0.00295826 89468
0.00050025 37501
0.00325897 8921
0.0161307 79051
0.000125016 11012
0.00212953 28001
0.00935086 24626
0.000250063 68194
0.0374952 16022
0.00263191 70355
0.0131612 19940
0.0279977 74263
0.01011 94967
0.00646864 40317
0.00362872 45259
0.000543951 52977
0.00189848 42670
0.000681322 99774
0.018043 43012
0.0122159 8232
0.015559 23236
0.00050025 5984
0.00553082 73499
0.00782211 65236
0.000125016 36340
0.000125016 53513
0.00213289 98458
0.00235406 32148
0.00225507 41910
0.000750563 75141
0.00188896 51229
0.00414698 12868
0.00363819 87472
0.000885527 71531
0.0637275 64973
0.0709606 19727
0.00793751 6979
0.00704935 71526
0.00452034 39807
1.10311e-05 10579
0.000250063 66790
0.00263191 20553
0.0180989 67410
0.00200401 86462
0.0215726 86732
0.000125016 69924
0.000144883 44203
0.0792141 64883
0.00145457 31251
0.000375141 53678
0.00263191 89029
0.033056 17900
0.00162764 33890
0.000125016 50600
0.029584 62318
0.00338643 72227
0.000375141 39309
0.0196504 93787
0.00227899 17213
0.0178431 65823
0.00395096 3745
0.0147198 86765
0.000786988 727
0.000250063 78710
0.0159631 60875
0.0101564 56104
0.000125016 19158
0.0110264 70052
0.000125016 11243
0.000125016 51986
0.000481227 88306
0.00150225 79845
0.000347613 31433
0.0255069 75593
0.00162764 87632
0.000125016 97055
0.0108063 92463
0.000357206 84107
0.0185676 36815
0.00137689 64626
0.0198508 22787
0.0389807 25802
0.0308674 98408
0.00628931 96847
0.000125016 41576
0.00575724 51026
0.0256354 71751
0.00050025 40527
0.000250063 43675
0.0203368 28665
9.69677e-05 82461
0.00338643 69230
0.00770935 65543
0.000249856 95899
0.00200401 2539
0.00187852 51564
0.000308089 70414
0.00793751 63401
0.00732196 46297
0.0212941 27655
0.0332081 94943
0.00137689 96848
0.0213633 81531
0.000125016 10036
0.00452034 10474
0.00050025 65358
0.000375141 80172
0.000125016 95855
0.00050025 31953
0.00225507 65487
0.00365523 79549
0.00947201 40826
0.000125016 54921
0.00868163 80384
0.0138132 18730
0.000750563 17450
0.000327788 10631
0.00378312 71536
0.00050025 75662
0.00519806 35883
0.00883515 62723
4.58377e-05 94234
0.00175307 62161
0.00112627 57310
0.0115086 16790
0.00579623 15053
0.00478704 13077
0.000125016 65439
0.00266779 35824
0.00947489 27387
0.00275758 85793
0.0205828 62753
0.0197067 37925
0.00162111 96679
0.0301413 70184
0.000250063 71220
0.000482337 30832
0.00050025 13234
0.0589606 62627
0.001001 50035
0.00175307 59605
0.000250063 38687
0.000750563 72192
0.00150225 73283
0.00488805 6210
0.0130429 55693
0.000250063 40916
0.00401606 27309
0.000875766 82473
0.00157518 37910
0.00050025 65284
0.00162764 91782
0.00718801 69550
0.00187852 19122
0.0392386 11683
0.000625391 96444
0.009846 29119
0.0236691 84343
0.00275768 94148
0.000125016 23533
0.00647418 27255
0.000125016 15971
0.026064 63862
0.0245761 82571
0.0115397 57267
0.00225507 9957
0.000125016 17435
0.0197679 98786
0.0454427 90402
0.0265382 57224
0.0108668 86357
0.00263191 20104
0.00370277 87893
0.022014 72629
0.00150225 65699
0.000893778 22917
0.000375141 16932
0.000250063 34627
0.000250063 61213
0.0715989 9995
0.020215 97112
0.0123785 22125
0.00112627 43344
0.0290243 80910
0.000125016 20880
0.0405595 16997
0.0347785 25559
0.00157811 22235
0.00050025 4637
0.0300969 9830
0.000125016 53807
0.00227899 25614
0.0506706 53629
0.00547183 55895
0.000250063 87578
0.0406923 35558
0.0031348 49460
0.0291435 16102
0.00389007 3790
0.000375141 15290
0.00150225 6906
0.00120743 48156
0.000125016 85468
0.000375141 56619
0.0416169 66230
0.000875766 99352
0.000375141 99343
0.000375141 32325
0.000875766 33104
0.000125016 66403
0.063684 93792
0.011027 24632
0.000250063 29598
0.00050025 93686
0.0279223 53853
0.00112627 55028
0.0299253 72901
0.00388462 60759
0.000125016 38808
0.000125016 37730
0.0118126 71383
7.86594e-08 67547
0.00050025 8967
0.00332191 32145
0.00112627 57581
0.00188616 87513
0.001001 61384
0.00050025 93701
0.000506576 78468
0.0441325 35536
0.0341769 74215
0.000250063 87981
0.00129263 77703
0.000250063 7545
0.0394947 36237
0.000375141 2646
0.0122738 48415
0.0159178 9276
0.000125016 48331
0.000125016 50474
0.00674213 52286
0.000125016 29171
0.000125016 74653
0.00554368 90724
0.000250063 5115
0.00101023 13328
0.0104838 71252
0.00352134 3013
0.000875766 10280
0.00050025 28608
0.0032606 87638
0.000125016 8134
0.00594364 24986
0.00532327 38232
8.76604e-05 53246
0.00145928 47835
0.0556833 94647
0.000375141 41289
0 25369
0.00263191 85713
0.000875766 25263
0.0051514 80712
0.029485 66859
0.00375832 14601
0.0042835 13215
0.00338643 7288
0.00483627 71778
0.00050025 63959
0.000763667 76814
0.000375141 8834
0.017067 63819
0.00238065 10390
0.00486296 34613
0.000250063 26396
0.001001 46233
0.0221341 16864
0.00575377 34543
0.00187852 97925
0.0130986 61295
0.00904555 47001
0.00125156 91137
0.00150225 73096
0.000250063 1864
0.000375141 79894
0.00184129 8122
0.000125016 85539
0.0166871 84643
0.00150225 96340
0.000375141 89654
0.000125016 11329
2.22263e-05 29842
0.00672878 84356
0.001001 57418
2.12486e-05 17788
0.00414209 50348
0.000625391 26896
0.0218732 78908
0.00440275 682
0.000972214 16499
0.00225507 57904
0.0154981 43488
0.0272243 26714
2.89875e-05 58026
0.0027018 26459
0.0121775 27104
0.00246011 48415
0.0356008 6862
0.001001 18256
0.000375141 46630
0.0221799 50555
0.0185345 9971
0.00242637 30316
0.0038062 5312
0.000985616 50269
0.000375141 18475
0.000930763 55874
0.00050025 8370
0.00050025 22750
0.000250063 15370
0.0233989 31612
0.012744 83711
0.00338643 37271
0.0214085 51230
0.030927 77732
0.00187852 25939
0.0149703 4759
0.00800034 12085
0.00275758 53529
0.00806452 59166
0.0691013 89341
0.00050025 78497
0.000375141 4948
0.00477267 48763
0.00374239 49246
0.00212953 29190
2.14597e-05 96441
0.00112627 74468
0.0126582 92044
0.000625391 37492
0.00112627 68974
0.00679397 188
0.00200401 66825
0.010216 19238
0.0378755 2119
0.000183235 33614
0.0030796 74825
0.00151069 62111
0.000250063 20244
0.000150565 41533
0.000125016 45527
0.0178428 42383
0.0292382 69924
0.019073 643
0.00389007 13374
0.0181901 1376
0.028176 7160
1.08963e-05 25481
0.000341439 58816
0.00050025 69434
0.000125016 18126
0.00230958 16683
0.0421241 71256
0.000250063 97316
0.0062176 53636
0.0355188 74281
0.00376412 90258
0.0237448 81990
0.00050025 27897
0.000247223 29456
0.0414928 37644
0.0121948 8705
0.0164439 27998
0.00632365 42838
0.0107605 74275
0.00601577 16841
0.027426 29816
0.0614047 41571
0.00577206 65205
0.0254155 18129
0.000375141 91052
0.00162368 51532
0.00162764 79471
0.000250063 16
0.00886185 66945
0.00542404 18096
0.000375141 43351
0.00680146 63051
0.0430603 78909
0.00162764 44063
0.00401606 16957
0.000460232 13604
0.0122524 66992
0.015744 49481
0.0181028 11849
0.00795759 7166
0.0122038 51698
0.0107633 4865
0.0032606 60229
0.00050025 35429
0.000548332 84564
0.0154209 90616
0.00175307 23317
0.00477267 16792
0.00050025 71436
0.00137689 25926
0.0865189 10146
0.0702155 27240
0.0375619 92601
0.000125016 77960
0.00162764 2731
0.00250627 71235
0.00670894 31134
0.00491204 94569
0.0253567 87711
0.0159645 88333
0.00351041 86490
0.00820656 78476
0.00423873 4459
0.0122698 54459
0.00112627 6140
0.00050025 85361
0.000125016 49672
0.0186445 56277
0.0159197 96450
0.00856877 54025
0.00224663 27876
0.000375141 12306
0.0026486 90524
0.0148401 85664
0.0131877 87873
0.0132168 98837
0.000250063 16426
0.00622308 87935
0.00931548 51443
0.000797948 47710
0.000924292 58901
0.00050025 33981
0.00153432 13227
0.000125016 89477
0.000250063 95906
0.018845 89823
0.000125016 2141
0.000250063 78893
0.0281208 15765
0.0161311 61573
0.017294 55793
0.00050025 41396
0.00960227 76545
0.0206956 27047
0.000820607 19828
0.00203008 8546
0.00335062 79358
0.00138821 5434
0.000375141 16086
0.0195356 77634
0.000125016 70644
0.00373899 55569
0.00788374 6447
0.000875766 9371
0.000250063 47605
0.000125016 18498
0.00540405 95998
0.000625391 77471
0.023487 85965
0.048761 85688
0.00823528 92126
0.00113391 89577
0.000125016 66455
0.00962345 13311
0.000250063 27228
0.0121428 72485
0.0148797 57395
0.000574151 8625
0.000625391 72938
9.52683e-05 49708
0.0184927 44994
0.0064159 55685
0.000125016 86015
0.00137689 46784
0.0404785 44969
0.00912793 6904
0.0693072 5368
0.000125016 89134
0.0120576 36948
0.0226878 66314
0.00588289 91428
0.000585183 34455
0.00277826 23742
0.0217782 36487
0.00050025 83160
0.0328633 88783
0.0219701 8418
0.000250063 4327
0.00253246 46475
0.00962777 44688
0.001001 37775
0.000250063 25806
0.00199437 19859
0.00334661 20716
0.00456428 96639
0.00031407 99314
0.0152598 9421
0.000375141 65935
0.043541 7506
0.00238065 45304
0.0755756 81296
0.001001 89586
0.000375141 61449
0.00820383 94361
0.0104373 61587
0.0258519 16870
0.0286946 55027
0.000875766 65247
0.000125016 84801
0.000250063 55425
0.00568427 13424
0.00112627 83194
0.029831 60334
0.00263191 31612
0.0120177 20513
0.00474591 25867
0.00153681 16259
0.00348766 13747
0.00743417 41816
0.0113124 13772
0.0101121 9853
0.000875766 60621
0.000323799 50321
0.000375141 30079
0.0300394 16897
0.00050025 23096
0.00112725 48736
0.000750563 96012
0.00263191 23678
0.0252954 53159
0.0310094 22463
0.000250063 17540
0.00871728 19880
0.000625391 58477
0.0121066 19430
0.033338 35848
0.000125016 43240
0.000250063 19826
0.000125016 19700
0.029385 12950
0.00132776 15608
0.000375141 7363
0.000125016 40102
0.0422649 35978
0.00452034 40993
0.000875766 21252
0.00365523 23809
0.000625391 48627
0.000625391 20184
0.0138904 93374
0.00265757 33538
0.00484473 6146
0.000125016 88849
0.00541747 4255
0.000125016 94775
0.0164208 61972
0.00755668 47622
0.033488 51990
0.00112627 11141
0.000375141 54885
0.00898952 41033
0.000750563 40542
0.000125016 78630
0.0032606 38696
0.0015309 14906
0.000414296 9633
0.016599 20535
0.000125016 85606
3.20337e-05 20453
0.000375141 7903
0.0129103 41778
0.0430944 59721
0.000125016 80405
0.00566993 15026
0.00215202 14035
0.000125016 70192
0.0237039 22974
0.0195414 24533
0.00388865 50761
0.000750563 20432
0.00178179 72522
0.00403203 61226
0.000125016 58336
0.000410975 22578
0.00126035 21286
0.00124786 45951
0.000877661 69440
0.00768359 61303
0.000148952 25741
0.0260598 92671
0.001001 79772
0.00125156 59384
0.00693462 90822
0.00335829 24222
0.0202361 70576
0.00112627 46145
0.000625391 16996
0.001001 61989
0.005371 35074
0.00200401 71776
4.22602e-05 55730
0.000375141 86529
0.00050025 78668
0.000984702 86492
0.00416827 18605
0.000125016 51258
0.000250063 18629
0.000875766 7301
0.00258553 54004
0.000125016 73431
0.000125016 46296
0.00617157 72566
0.00135622 26492
0.000261509 579
0.000113898 76315
0.00327154 86
0.0300237 90839
0.000750563 70567
0.000250063 7306
0.0187372 46982
0.027785 62607
0.00150225 22242
0.0845583 39362
0.000125016 72415
0.000375141 63652
0.000333584 62226
0.000349681 1282
0.0128599 31688
0.000375141 89262
0.00806452 5088
0.000250063 99740
0.00200401 69487
0.00358686 61780
0.0085602 48362
0.0023531 64490
0.000125016 88058
0.00252894 74422
0.0129372 85364
0.00162764 65059
0.00397418 61060
0.0128923 5447
0.000892732 96763
0.000125016 7841
7.49573e-06 24051
0.0745302 43117
0.000125016 68932
0.00150225 80557
0.00050025 23010
0.0215813 9108
0.001001 30394
0.000625391 54187
0.00532561 13860
0.00458248 19218
0.000125016 74993
0.0233883 25131
0.00642829 68085
0.0655537 61010
0.0181028 2262
0.000375141 54172
0.0478943 3437
0.0785037 48890
0.00196761 2827
0.000250063 48046
0.000250063 11668
0.000250063 30414
0.00052016 75553
0.00452034 88318
0.000270072 45080
0.0565483 62882
0.000125016 22660
0.000596857 6767
0.00275758 47311
0.0179003 23478
0.000625391 83243
0.000125016 96688
0.00844573 94135
0.0183887 84640
0.00125156 27183
0.00225507 73154
0.000250063 12732
0.00582185 48592
0.00833003 9632
0.000625391 45752
0.001001 44711
0.00771769 38052
0.000125016 86665
0.000125016 72533
0.0217039 1362
0.00679587 36902
0.00227899 4095
0.00291291 65470
0.00112627 14859
0.00501223 20129
0.000250063 84014
0.00200401 58430
0.00136418 70631
0.0182196 6655
0.0230945 31410
0.00730121 98219
0.000375141 86727
0.0285071 67537
0.000311209 19856
0.00195271 94037
0.00125156 1847
0.00112627 36856
0.0150824 94733
7.41196e-05 14780
0.00349292 50164
0.000125016 32692
0.000250063 85738
0.00300903 40438
0.0127169 66247
0.0117937 16744
0.00154096 53054
0.0091444 76866
0.0158893 80685
0.00595425 81069
0.024254 60290
0.000250063 32114
0.00181289 21367
0.00422522 19562
0.00044682 58007
0.00534233 48277
0.0178946 88981
0.0196318 42946
0.00068306 48376
0.0379319 52237
0.00678549 49141
2.15885e-05 69481
0.0735242 29922
0.00262227 74551
4.98891e-05 29123
0.000625391 34362
0.023251 55928
0.000125016 8293
0.00212953 21932
0.0020818 13726
0.0151153 55694
0.0193439 95254
0.0032606 63246
0.00616275 16254
0.000125016 37580
0.00200401 96269
0.00140916 26653
0.0489446 62688
0.0146137 4623
0.015885 60625
0.000776457 90269
0.021198 34395
0.000125016 61052
0.000625391 48701
0.000125016 68278
0.0398534 98239
0.000121363 98426
0.0210791 87826
0.00175307 32755
0.00210398 34304
0.000250063 47583
0.052104 442
0.000750563 31103
0.00212953 18455
0.00112627 69282
0.00212312 15940
0.00050025 81302
0.0133992 40091
0.0105026 10907
0.0185912 69062
0.00522202 38164
0.0185786 26387
0.00158545 38967
0.000970907 66242
0.00276748 96698
0.000750563 16773
0.000603098 18073
0.000875766 60931
0.0059269 50586
0.00126825 43551
0.000125016 57947
5.14435e-05 51684
0.00150225 42679
0.00301831 18831
0.00137689 8813
0.0157595 46463
0.00127899 82396
0.00111449 77621
0.022102 81937
0.0319589 26056
0.00205656 555
0.00050025 98721
0.00232435 44836
0.00165891 66252
0.00225909 24217
0.00101873 20708
0.00812366 75208
0.000750563 72822
0.0291606 25756
0.00542686 34935
0.00959009 80192
0.00200401 160
0.000125016 54967
0.027642 70966
0.00024182 72329
0.0179217 81813
0.0108993 48939
0.0255046 81822
0.00130574 95757
0.0145525 47672
0.000722074 29580
0.000250063 11510
0.0445404 97897
2.6036e-07 99917
0.0519713 3018
9.11023e-06 11179
0.0046978 24781
0.000506329 66318
0.00125156 53225
0.000125016 10822
0.0104927 74656
0.00259331 84194
0.00926404 18492
0.0199608 11106
0.000401567 63091
0.0153458 267
0.000369216 58274
0.00246863 66717
0.000250063 90489
0.000136261 69280
0.0214709 34930
0.00125156 15677
0.000125016 21233
0.00238065 47474
0.023174 92505
0.00221358 67425
0.0016045 69860
0.00625632 29527
0.00666918 34462
0.0118825 58686
0.000125016 70822
0.00190584 79454
0.000425965 66134
0.0031988 67286
0.00125156 57115
0.0315691 90355
0.015307 33803
0.0137124 87257
0.0324554 80905
0.000125016 78665
0.000625391 18597
0.001001 80157
1.03213e-06 66038
0.00503006 76378
0.00389054 46007
0.000250063 31236
0.00338643 49917
0.000199223 16548
0.0154283 71565
0.00263191 46915
0.0258567 35795
0.00937895 19250
5.69689e-05 87601
0.00250627 77982
0.000681322 45106
0.000250063 25538
0.00249315 72502
0.000875766 10158
0.000125063 41233
4.12572e-05 72904
0.000125016 62108
0.000875766 30312
0.00975215 12043
0.00198266 75431
0.000750563 64730
0.0231436 17045
0.0121577 33345
0.00541889 92231
0.00145856 40075
0.0012962 18480
0.00050993 92263
0.00441021 37081
0.000375141 9460
0.0433737 1026
0.0387957 82527
0.00586391 17300
0.00228363 65889
0.00225507 84612
0.000125016 96166
0.0217087 1114
0.00842093 18358
0.0276987 56740
0.0116692 74763
0.000125016 60211
0.0135583 19311
0.00916222 36684
0.040067 70263
0.001001 39821
0.0095195 96605
0.0503129 28823
0.000250063 56170
0.00487044 85113
0.00655481 32350
0.000125016 43475
0.00171293 13312
0.00519767 28444
0.00349294 65110
0.000125016 9459
0.0321089 42348
0.00100742 33588
0.0489927 30785
0.00616275 4426
0.00176179 34332
0.00161088 48100
0.00426814 69941
0.000528408 2059
0.0120824 23018
0.00263191 84310
0.000625391 94060
0.00300903 24954
0.0139583 84198
0.0140323 8637
0.00313577 94619
0.00998328 6434
0.000250063 31095
0.000250063 16784
0.00243288 19764
0.0131826 61638
0.0227998 97240
0.00596215 69587
2.2937e-05 78523
0.00300903 45677
0.0175023 20416
0.00112627 28306
0.051343 58049
0.00250627 85893
0.000125016 20416
0.0235487 93268
0.000125016 64713
0.00112627 65476
0.000875766 8596
0.000375141 71951
0.0474806 88629
0.000321992 71585
0.0234051 86124
0.000250063 5699
0.00833508 44207
0.00150225 78467
0.00103898 20483
0.0273486 65240
0.0183999 61444
0.00352974 80617
0.0849968 18876
0.0195094 82956
0.000125016 89946
0.000250063 88377
0.000250063 44867
0.000250063 65391
0.00426574 33056
0.00609093 13040
0.0124933 26239
0.00981848 65025
0.000125016 19581
0.0083543 32782
0.00884144 83411
0.00285999 82303
0.00596742 99817
0.0281767 59571
0.00235004 38288
0.00122819 39091
0.00159299 23383
0.000875766 80990
0.00509982 18284
0.0350303 81138
0.00220268 49503
0.0034343 59221
0.0224066 54413
0.00104795 98088
0.0082737 71645
0.000375141 93493
0.000125016 21343
0.00624974 44281
0.000292049 81335
0.00380883 11126
0.000667668 45021
0.00187852 42395
0.0115644 91856
0.000750563 3762
0.0131456 94304
0.014878 36579
0.0275771 37224
0.0191529 31096
0.0283948 65165
0.000125016 87155
0.00440511 48186
0.00802563 49978
0.00497129 21113
0.0148421 91804
0.000375141 40267
0.000103955 83948
0.0113502 41318
0.0158058 74544
0.000125016 55437
0.000125016 46745
0.103806 73911
0.000125016 1150
0.000207276 82447
0.038931 32583
0.0362915 64470
0.00528341 64026
0.000102026 54961
0.0177141 24063
0.000875766 34129
0.000875766 97270
0.00150225 11796
0.000801001 70021
0.0157328 31446
0.000375141 43635
0.0320444 14573
0.00263191 230
0.000625391 82183
0.000794385 61125
0.0299551 50057
0.000250063 77785
0.039673 89253
0.0051537 42121
0.0151019 83037
0.00175552 39024
0.024757 43069
1.42735e-07 87156
0.0206615 23717
0.000457101 61783
0.00254821 88682
0.0392436 31786
0.000625391 39983
0.000250063 57904
0.00357939 94848
0.00742979 40463
0.00622012 16844
0.00405309 13888
0.0122738 14509
0.011128 41252
0.0274248 24683
0.001001 25553
0.0115945 66810
0.000250063 82494
0.0428345 81485
0.0753309 11775
0.000689256 68388
0.000250063 37822
0.268287 25021
0.0502682 81138
0.000375141 85065
0.0362904 66936
0.011378 22643
0.0244745 53889
0.00498716 7594
0.0167356 92094
0.000125016 53976
0.000375141 62109
0.00112627 22701
0.00776081 54305
0.000283688 34481
0.00125085 83622
0.0215956 10649
0.000679871 22054
0.0338155 11073
0.00125156 64836
0.00185742 53965
0.0338169 64640
0.000250063 49819
0.00792906 20633
0.00018595 87017
0.000250063 23583
3.835e-05 46679
0.0116658 20648
0.00959112 71108
0.000125016 7695
0.000110746 37251
0.00305595 44201
0.0352189 3947
0.00983955 92955
0.00024967 7315
0.000125016 71699
0.00300903 94030
0.000125016 43045
0.00717613 82521
0.000170496 92410
0.00473409 39139
0.0163722 22895
0.000875766 40382
0.00028615 41809
0.00137689 82659
0.0427989 4093
7.65625e-05 48812
0.00263191 5868
0.000380628 15448
0.000250063 49051
0.00450996 52585
0 15311
0.00451889 24631
0.000371084 52697
0.00471009 65342
0.00288329 29684
0.0126383 29254
0.00578325 33719
0.00414343 37471
0.0432514 6561
0.00877428 61454
0.00250627 45390
0.0141413 18592
0.000625391 26755
0.00302846 33474
0.000125016 49623
0.00466169 74448
0.000250063 25730
0.030861 37680
0.00897055 59104
0.020212 31261
0.014297 43478
0.0250557 92643
0.00489888 2088
0.0200312 16417
0.00050025 88615
0.000375141 12058
0.001001 26222
0.000375141 30048
0.00616387 41812
1.84379e-05 43116
0.00175307 94609
0.0712109 93932
0.0278591 72534
0.00168121 29094
0.010739 4402
0.0261122 15553
0.000388261 14668
0.0287059 93903
0.0212249 65690
0.011538 30887
0.0186704 91499
0.00122479 15415
0.0375602 37219
0.00337692 92254
0.01357 5578
0.00972969 34987
0.00494949 79081
0.000250063 96460
0.001001 74095
0.0394683 19255
0.00238065 8026
0.00204194 29922
0.0386142 32263
0.00527771 49256
0.00960227 42479
0.00263191 63139
0.000125016 32090
0.000125016 27566
0.000125016 44909
0.00464649 68132
0.00288329 94902
0.00375601 20261
0.00464649 24733
0.00740072 11811
0.00365055 69258
0.120156 44083
0.00190584 21408
0.00490882 96364
0.00891941 43808
0.00173238 23481
0.0126582 78706
0.00049589 47347
0.000647814 48286
0.0105287 48217
0.000125016 10332
0.00595229 77300
0.0064159 9270
0.00376412 45968
0.0873146 80960
0.0268564 39766
0.000720007 80556
0.00200401 29044
0.00275758 50480
2.46125e-07 53293
0.0066776 37492
0.00527771 15292
0.0143278 25438
0.00351229 59770
0.000562294 8138
0.000125016 15094
0.000250063 33196
0.010101 2893
0.0290224 53882
0.00240365 468
8.01032e-06 25678
0.00318281 10773
0.0363927 89753
0.000125016 7204
0.0241108 70890
0.0224445 76759
0.001001 1356
0.00955902 27951
0.001001 25550
0.000125016 96625
0.0158202 75186
0.00883967 71485
0.00745516 51390
0.000750563 36498
0.000750563 39464
0.00050025 67774
0.000625391 81234
0.000125016 21375
0.000250063 28585
0.00050025 64933
0.00150225 34000
4.16823e-05 40136
0.000125016 64464
0.000250063 50008
0.00137689 38785
0.000125016 39258
0.000125016 83680
0.000875766 77783
0.00300903 68277
0.000125016 47907
0.000125016 2005
0.000250063 37064
0.00187852 51902
0.000250063 76283
0.00225507 41521
0.00050025 66301
0.000375141 75932
0.000125016 64693
0.000125016 57229
0.000125016 16361
0.000125016 35032
0.000125016 51770
0.000125016 27559
0.000125016 80564
0.000375141 52111
0.000125016 82962
0.000375141 84202
0.000125016 64680
0.000125016 36482
0.000250063 88178
0.000125016 42268
0.000125016 56995
0.000125016 70461
0.000250063 1456
0.000125016 58740
0.000125016 18860
0.000125016 89058
0.000125016 5774
0.000125016 99515
0.000125016 46419
0.000125016 13587
0.000125016 62394
0.000125016 19596
0.000125016 15084
0.000125016 89532
