100 100000
12.2287
6.70176
5.73964
9.59532
5.27827
10.5579
6.04685
10.2418
6.54527
5.77228
9.93266
7.80474
11.4833
5.95754
11.2348
10.054
11.4153
8.78057
9.37062
1.02412
10.7088
9.61397
6.54987
11.9282
5.4211
6.88849
8.38533
7.3951
12.1694
9.88979
13.058
7.04688
4.02209
7.17389
9.47581
6.59798
8.90471
6.50679
10.394
11.0131
9.06349
11.6477
9.57015
6.39662
11.4576
7.90804
13.071
9.05328
8.14672
5.06388
6.70712
12.031
11.1695
10.7098
10.3091
7.90404
10.7595
8.46868
10.1214
4.33597
11.8416
-2.13739
10.3631
10.7792
9.66757
7.70098
9.0209
11.0078
10.8598
9.45113
11.4092
6.90418
8.93179
9.07956
10.9727
6.84311
5.95276
7.98961
6.84424
10.9376
4.02257
8.78391
8.30558
10.3081
9.46021
7.63394
10.0033
10.3079
7.76368
7.4806
9.26686
12.5123
6.08746
9.82115
5.90411
6.79933
9.91333
12.7698
7.29122
11.5702
7.73213
10.8095
10.4989
8.51013
7.11702
9.84752
11.6448
10.1171
10.4802
8.02858
10.2922
9.64928
9.83937
6.27316
10.5863
6.74967
6.38411
10.8657
8.52017
9.55435
5.58518
6.95947
12.4209
11.0016
5.40751
8.90511
6.4276
10.3933
6.92311
5.47295
10.8889
6.59269
9.25687
8.84478
10.5161
11.4432
8.44164
8.91612
7.45774
-10.458
9.23457
8.02264
5.08186
6.35487
8.81519
11.9592
5.72286
5.31901
4.93873
6.79598
9.25619
7.75641
10.7049
10.3834
11.4859
6.97856
10.1398
7.89451
4.14111
10.6901
11.8569
8.04906
6.81091
12.0953
9.61871
5.96327
5.83277
7.39455
6.66235
9.74068
9.82035
6.58385
1.74617
8.96109
8.14967
8.77322
13.6789
3.08423
11.58
7.98185
5.28322
9.88009
13.1783
6.85219
8.40968
10.1473
5.68247
7.25013
8.90441
10.0684
6.70886
11.4531
6.82564
9.23677
10.0071
11.4599
11.119
9.82842
6.22084
11.3229
10.2763
11.2128
8.26325
10.4669
10.0081
11.9609
7.55967
9.81586
5.67918
5.73038
7.75902
10.2543
12.1404
10.2504
9.19093
5.24627
12.0441
10.1878
11.5886
7.38989
11.5474
7.80285
10.1211
10.0428
6.40989
10.6304
8.81651
6.83128
1.73561
-0.726681
8.51409
11.3595
8.31958
10.7656
4.57401
9.49561
7.55489
7.99008
7.35386
4.35076
5.7921
9.89369
6.70302
8.90147
3.88116
9.13708
4.55559
10.0334
1.05047
9.25949
10.7877
11.2172
10.2266
8.40625
6.12107
6.88945
10.5323
12.167
10.0635
9.45595
10.7236
9.87169
8.33479
10.6229
7.76543
10.2842
6.7764
11.305
9.8428
8.20821
8.09809
10.7352
8.04117
4.33783
10.5613
10.0032
11.8532
12.6738
10.586
6.94825
11.3975
9.07927
10.1566
6.47053
10.7548
9.80889
12.7106
9.81141
10.3461
11.1026
9.88045
6.88909
9.19231
11.1669
10.2352
11.3776
11.6641
7.35462
7.3905
11.0419
11.661
10.6779
5.12332
7.15335
8.55968
11.5907
9.32959
5.62709
3.38563
4.76
7.74082
5.23964
8.3592
4.77794
8.43468
10.3523
5.88195
5.34396
10.2788
9.20268
10.2965
11.3366
9.98847
7.77129
7.2552
8.09361
8.17626
7.41193
11.1706
9.63122
7.4816
11.0337
8.33265
7.41541
9.5578
6.76052
8.26296
10.1528
9.1325
4.96545
8.42981
-1.32002
7.448
7.8262
10.1791
5.81285
9.49137
8.39925
11.1503
8.80114
5.99003
7.06108
10.6317
10.3102
11.4378
9.36488
9.84527
10.5012
11.3784
10.3478
10.3091
5.56994
13.4311
9.86557
11.18
12.0624
8.69205
9.7482
5.29569
11.433
7.24794
11.3749
6.00096
11.0141
10.0242
12.4841
10.4317
7.27641
8.24601
12.4366
11.8278
9.42161
10.5824
12.1172
10.9963
6.68315
11.1253
9.11308
5.16164
1.35048
7.68423
9.37755
10.1299
4.56511
9.42397
11.2506
7.00627
8.56297
12.6827
7.28955
8.66834
7.9639
9.74859
9.42474
11.6983
11.8611
12.5188
11.1331
6.52412
6.43627
6.14724
12.0934
6.09592
11.8293
10.2831
10.013
10.6201
9.83961
7.13662
8.83392
4.15888
9.8214
7.87108
6.77804
10.9145
10.8065
12.1536
12.3838
11.177
9.35622
6.78374
12.2154
11.2482
6.14152
-11.6901
9.4976
9.59584
8.32289
10.1807
9.10637
11.5343
12.4912
11.0192
11.3677
3.67837
6.98573
5.57579
11.0156
7.51638
8.89757
9.77115
10.4021
9.55129
9.35791
10.0017
5.27021
6.57975
12.4578
10.429
8.77536
10.1577
10.9077
6.47529
8.36137
11.4059
11.1085
8.13792
5.44236
6.80449
8.28113
12.5697
10.0933
11.4006
11.3164
11.8787
8.99505
9.42668
7.23964
8.6364
7.73283
10.8524
6.85084
10.7657
4.85057
8.94856
8.77743
9.37247
12.6709
7.07429
11.9658
9.59204
4.90443
8.18956
7.45803
10.7709
9.22845
6.54408
5.88731
10.4061
9.40481
7.4436
8.17355
6.44631
9.41122
9.63999
10.4576
7.83431
12.5829
8.17085
10.0149
10.9539
8.21974
6.23619
10.9682
8.10141
7.19458
11.3408
12.2515
4.8982
11.1782
6.25492
4.97484
12.1422
8.89793
9.36318
6.30604
12.4488
12.1362
10.9181
7.42431
11.7118
5.99311
11.4965
7.52997
8.85572
6.62298
7.27296
1.53988
7.01452
9.98879
5.23575
7.96276
11.6271
10.4803
7.53465
12.4098
9.28107
11.7206
5.99709
9.94931
11.1504
11.6061
8.01129
6.26066
10.2253
9.67697
6.07879
7.65852
8.75348
11.1537
9.24005
10.3553
8.52533
4.13998
8.65468
11.9925
9.53545
3.85331
4.33619
7.98192
9.14703
11.6603
9.52262
6.35922
11.7409
11.7387
11.301
12.0787
9.45761
10.8725
11.216
11.1012
8.44169
10.3549
12.7297
12.1481
6.50275
12.7815
10.7
10.0248
8.06623
10.6604
6.72495
11.7658
10.7242
12.5107
7.99419
10.4976
8.56663
7.67437
9.82782
11.7037
4.42153
9.53573
7.15851
5.12292
7.95437
12.1367
5.0643
7.16124
8.84773
8.28823
8.28211
6.6719
8.75297
12.3356
7.81921
9.18636
10.0404
5.79838
7.77303
11.4493
10.9667
9.52528
9.5427
10.348
7.22926
7.51712
7.29806
8.71324
10.1871
6.61279
10.4005
7.15831
10.2734
11.2394
9.16536
10.3643
0.386273
7.48835
11.8578
12.422
9.68461
11.3582
9.76178
6.22461
12.571
8.90304
9.62539
7.97711
5.9244
4.95038
8.19299
9.99065
4.62304
8.64924
12.0557
8.34675
8.50618
7.53168
6.96684
2.98781
9.02909
12.1536
7.1158
7.93503
5.57167
13.0033
4.0022
7.10264
9.45435
7.92138
11.7108
8.08515
8.45851
9.47643
11.681
11.3103
12.148
9.85513
11.0295
9.87659
7.92807
11.0083
10.8078
5.65526
8.28944
5.35565
6.01899
8.31102
9.64822
7.19624
11.7287
6.1684
7.73441
8.70675
7.79157
10.4489
9.41737
10.515
8.41939
10.7552
4.70757
11.3238
9.00879
8.65895
11.4674
9.22441
7.81095
7.21703
11.3091
11.8146
9.52245
4.42289
8.21626
8.07367
9.9219
6.31301
10.224
7.74507
10.6698
12.6668
8.77075
9.96084
7.97715
11.448
8.36582
10.6117
8.68354
11.2104
9.65053
-9.88444
10.5671
6.62266
5.84693
13.0383
9.47274
11.4338
11.4376
9.13861
8.41089
8.42227
10.4442
12.399
9.08977
12.4247
10.1198
4.32083
8.32618
7.54076
10.631
11.3876
10.3903
7.62085
6.6819
10.3606
6.86456
10.0922
11.0074
10.5591
10.6915
11.6664
11.2996
10.679
10.4268
7.92114
6.89978
8.51107
6.25224
11.3137
11.9425
5.0302
8.3764
10.1313
12.9167
9.47438
11.8414
8.27225
9.86166
6.73464
9.27624
10.6912
9.67087
10.2153
7.58288
11.5351
6.60938
7.98489
6.26054
13.1756
5.82643
9.13409
9.87581
12.8228
8.61194
7.76059
7.6526
8.65765
12.9091
7.06109
10.2944
7.97234
12.9318
9.50823
7.82354
10.0427
10.1499
11.6061
9.83759
8.39809
9.27552
10.1243
7.60372
10.5347
8.765
9.3462
9.72785
10.2564
11.815
7.45673
10.2446
12.1145
12.2742
9.80657
8.21964
9.24417
8.75394
9.54712
1.38975
10.7116
10.3388
10.2997
11.3981
7.9926
10.5013
11.2986
4.76195
10.049
12.5456
7.22553
11.9499
8.37822
10.7415
9.35212
8.72112
9.15467
8.56648
8.69107
8.33004
11.0686
11.6864
10.8631
7.10743
11.7917
7.75276
11.1507
8.51475
5.15737
12.1104
11.8654
10.3629
9.3757
5.49905
11.7489
9.0404
9.56084
9.95343
10.3496
3.6939
8.7339
5.38463
10.4441
9.58148
7.00458
6.26295
6.79193
12.4802
10.709
12.4669
5.82545
10.6136
10.6154
7.00298
11.3281
10.3049
7.56779
10.7174
10.0289
9.47813
11.7252
12.5878
5.43082
9.28219
10.4076
6.79539
10.3542
7.66878
13.0406
9.84442
8.85618
9.59871
11.2267
6.44418
8.01501
8.49033
3.5289
11.3599
10.1099
-8.22683
7.10615
12.2069
7.16695
8.81596
9.03609
9.47463
9.45907
9.13204
6.68675
12.399
8.09769
7.36305
8.84988
12.1999
8.51135
8.36816
7.31981
6.73291
10.9331
6.39461
8.5247
4.25172
12.7855
4.57117
11.0174
10.4438
7.04229
12.0327
10.3554
10.9955
8.83705
11.3116
9.01633
10.9341
11.0609
6.91981
10.3167
9.25361
8.6188
3.98634
8.06791
6.48129
8.59753
10.5401
11.8688
6.59073
9.81004
10.9155
7.05374
7.715
10.8485
9.82973
8.1004
9.95463
11.3568
11.5709
8.20488
10.9749
8.32976
9.1159
10.9255
5.74032
12.0653
10.6971
10.6058
-7.9665
12.1016
10.312
7.00239
9.31453
11.3467
6.21897
11.4913
1.40881
5.07441
10.6844
12.3792
9.35335
10.2307
10.4623
8.80729
9.13576
10.1824
10.0046
9.26128
9.21691
8.97465
11.4017
12.4212
11.0801
10.0732
8.48221
5.035
10.8227
5.10361
8.12382
3.45852
9.53086
12.2531
7.02004
6.43472
11.6966
10.1276
10.4687
8.85764
5.14638
7.5364
10.6028
6.81343
7.59031
12.4053
7.87285
5.65791
9.47394
7.4548
8.34617
13.4595
6.59098
9.43987
9.70444
4.35826
9.32136
5.11542
8.07639
8.77555
11.8
7.45618
9.76323
6.14757
8.85112
10.3538
10.9098
11.0832
9.79937
12.5515
10.5458
11.3702
6.68118
4.17296
12.3642
10.4995
5.905
9.01488
7.6428
11.679
9.1283
10.6925
5.19595
9.40802
10.7892
12.0873
7.28053
10.4651
10.4146
7.95576
4.73949
8.8782
11.2158
10.5988
8.05874
9.89616
7.35591
10.7295
4.15294
-12.3783
10.0192
10.3956
-0.0160725
11.1287
8.81166
8.68404
10.9062
11.2784
8.30333
11.3203
10.4388
8.42232
6.68958
9.35483
10.4788
8.0018
9.9171
13.3105
10.5169
8.99944
9.62678
9.91445
8.11191
9.32102
10.4619
8.61465
7.18736
6.00773
11.8203
8.93589
8.34269
2.07936
12.9894
13.4821
6.91197
10.9023
8.80263
8.95662
9.02168
11.4081
6.99157
8.02333
11.9489
11.8844
5.91126
9.54069
8.38254
11.2066
4.16227
12.0309
9.62258
8.44573
10.4753
8.71908
7.57473
9.03775
10.3301
6.20196
7.68483
7.76354
3.77735
9.46326
7.74577
11.0169
11.9438
5.12513
8.40333
11.6691
9.27854
8.45033
11.4098
11.1062
12.6077
5.92275
10.9771
11.3627
10.5247
12.2427
10.9766
9.41197
10.2187
4.87646
13.0654
9.08304
8.54214
11.6716
8.62882
4.15025
10.5418
6.14961
3.29094
11.908
8.6706
10.1523
12.1031
5.08894
9.75524
9.99698
7.14481
7.24685
0.577422
8.54259
12.913
6.65659
0.408894
10.4426
11.9166
12.5416
10.4631
12.5226
9.14114
12.4777
11.5778
10.2227
9.31421
10.2576
10.24
9.87571
7.5734
10.507
8.21616
11.5369
11.7588
11.5477
8.30434
10.1176
8.34269
3.91868
9.91408
8.26931
12.4903
13.1781
9.95042
11.289
10.756
7.18703
8.61434
8.85451
7.48408
9.29169
6.81509
10.9885
11.7697
9.80894
8.58482
4.33539
7.93811
8.99544
11.5954
6.94524
11.9324
4.4216
8.99361
6.51673
5.20451
8.588
8.14456
12.1444
12.0577
10.5112
9.18145
5.82804
10.0971
7.58261
6.6869
9.50078
5.31898
10.6664
9.30136
11.304
8.66076
9.38311
12.4949
10.6918
10.3383
8.97358
7.50285
6.9355
9.27465
9.04931
8.85028
8.06215
11.4
10.18
9.79094
11.7932
10.3043
1.82842
9.4564
-0.918648
1.01508
9.8311
11.9516
8.40696
8.11642
9.44066
12.5969
11.6084
9.91888
9.70629
12.7556
6.07519
8.44441
6.72216
3.71231
10.4488
5.98294
7.6747
4.92925
8.00377
7.00329
-3.76011
6.51318
11.579
7.43983
10.0429
9.52449
8.5975
8.98164
4.71981
8.93404
8.04728
7.74041
12.0629
5.22484
4.22594
9.81763
10.0237
8.74532
10.6732
6.52318
7.27778
7.12912
6.20484
10.1756
9.78392
9.07211
7.15483
9.3763
11.1054
6.1597
11.6915
9.63177
12.8783
6.777
8.49976
9.42388
7.7237
11.9079
6.36125
13.201
11.6927
6.96023
8.6119
6.20363
7.20844
3.74091
7.41266
10.3397
10.8251
7.62367
12.3327
8.12402
7.74173
7.06255
11.9338
8.14149
8.87618
7.88853
8.40075
7.11822
11.239
5.48621
13.3245
10.4157
8.84518
10.6279
9.81812
11.3618
6.68504
13.61
10.5919
8.56924
9.04734
7.71149
9.42746
4.17406
7.3881
9.90633
9.27558
11.8679
6.80823
11.1047
1.62315
8.7691
8.4695
6.9139
10.193
8.76865
9.5459
8.71011
5.43473
11.3502
10.8391
12.6397
10.8788
10.0968
9.64603
4.3225
6.78225
9.50955
10.4856
7.85216
11.2108
7.70065
8.50978
7.71095
10.9314
2.5679
10.0072
8.7273
11.6024
3.76951
6.01277
6.72459
9.40091
7.87383
8.22489
11.4074
11.8402
4.83313
10.7914
6.96009
8.82436
8.01784
9.00639
8.60806
10.3468
9.73073
10.7553
10.3362
10.4927
8.11684
9.59381
9.8905
11.8208
10.9222
-1.44163
10.6092
11.4737
5.01624
10.9859
10.2965
6.4813
4.79787
4.95559
6.54707
7.57602
9.46476
6.17783
4.95326
9.8406
9.71087
10.4337
10.1566
10.3815
8.46384
8.36016
9.43077
10.2842
9.015
10.5008
9.41573
7.93189
10.4097
6.5827
8.03539
12.7584
7.53457
3.13215
7.06568
9.3165
12.2416
9.34656
2.87427
8.65719
11.7841
7.54688
9.9184
10.7725
8.9746
4.86287
8.12344
9.04976
7.35643
11.8625
10.9493
10.2358
10.6183
9.2109
12.4326
9.80077
11.9398
9.70838
8.27083
6.2125
9.32196
9.95001
7.69307
10.2435
9.97329
11.0703
7.0983
11.2921
10.0884
11.1098
6.65018
6.73745
10.2571
8.45477
4.64378
8.00966
4.83537
10.3749
5.69469
7.10713
9.94568
7.83956
9.99718
10.1742
13.17
8.34806
9.5165
9.29836
8.4837
10.1647
3.73372
11.1933
2.96782
10.3508
10.7271
8.26576
12.5121
9.86162
7.94412
9.32295
6.04891
1.0999
11.7388
9.21703
8.20566
9.85762
7.93331
8.78691
13.2416
9.63943
8.1503
8.39036
11.3513
6.81155
11.9373
7.80258
12.5218
5.43409
8.12685
10.6792
8.70295
10.9414
9.07968
9.5048
10.5477
8.4033
6.38152
11.7239
6.47888
9.71808
6.77977
7.1968
6.33885
5.24719
11.9394
11.8666
6.8704
7.24742
11.7376
9.25801
7.86883
7.24357
10.2237
8.76313
5.88294
12.2294
11.3257
6.39419
12.9156
8.9157
4.42221
6.31245
11.8344
12.1235
7.23394
6.75066
10.0544
8.27215
10.7487
7.38263
7.70923
7.65826
9.07251
9.84001
10.9282
5.90112
9.81508
10.0399
6.11402
9.91697
11.1895
10.3841
5.74103
10.6263
9.46139
10.5104
9.71572
10.0612
10.5813
12.4679
8.47382
5.86177
10.1622
11.4059
9.37134
10.6874
11.9536
9.38973
3.4539
5.0092
6.44586
7.34523
10.0929
5.66327
8.6219
10.6728
8.48633
4.23749
9.55494
11.4849
-1.2989
8.56924
9.33305
12.9291
5.54318
9.7771
8.82905
7.4672
9.27025
8.86182
13.0994
11.9116
-10.5283
8.77394
8.67649
10.6349
9.44362
6.84327
6.97664
10.6079
12.2782
8.95337
11.9969
7.69567
12.0101
9.11859
8.46192
11.2791
7.79951
12.0268
9.5949
12.0645
8.16226
8.14857
11.4727
6.92184
12.7578
10.5338
9.06179
10.1661
8.06321
4.18566
9.13766
8.91378
9.63312
7.56898
7.54854
7.97556
5.67068
10.1008
9.00689
8.80062
8.13659
10.995
6.50785
6.92703
8.34435
12.1914
10.4031
7.79189
7.98861
7.19813
7.26319
8.80336
6.67528
7.42695
8.60772
8.69704
12.153
5.75456
9.96701
9.89672
10.2919
11.7746
7.48775
8.06534
6.17048
7.81806
6.50649
10.8231
11.0145
5.03392
2.11836
8.13437
10.2124
7.77787
5.85422
7.77399
10.6836
7.19465
8.86015
6.1768
12.4363
10.1281
9.92447
6.98334
11.419
10.9796
11.2157
8.96351
4.17063
8.39986
10.334
7.18259
7.00297
8.85171
10.2417
11.0433
7.4112
10.6915
10.1922
6.34941
5.54692
5.10397
11.9712
8.86545
11.1705
12.9187
12.1159
5.93361
9.786
11.8947
7.63039
8.53726
3.80977
7.24799
11.1173
12.1181
7.59534
10.2695
6.94236
10.6542
12.0142
9.39317
8.31912
7.84015
7.57353
9.1398
9.02442
7.77391
7.44743
9.59869
8.66874
6.97274
12.7968
7.76126
9.99356
12.3865
5.55582
9.16173
6.90918
9.12731
8.38789
7.90015
6.27117
10.1947
8.51512
9.42192
11.765
9.94937
9.81256
11.1127
6.07316
8.08847
9.14451
7.93224
9.02873
4.16604
10.1953
12.0572
8.48282
7.25318
6.90328
6.40086
9.94618
7.06796
11.5594
6.66779
8.53873
9.57383
8.58271
7.25191
7.19339
4.77855
12.2849
6.73859
11.852
11.9765
7.94481
11.4841
8.70652
3.55828
10.473
10.3699
6.34993
8.79515
10.1155
11.8335
9.51163
9.22525
12.0643
11.5464
7.14349
11.0727
-1.6848
6.20035
10.7208
11.5202
13.053
4.66715
9.62793
6.47758
7.57709
3.61604
10.4662
9.26019
8.71366
9.39845
11.1262
8.34439
9.46693
10.465
7.56013
7.3707
7.71996
6.07452
8.24843
8.67083
6.72209
9.38843
7.56476
7.83797
10.7231
1.04
11.2653
10.4105
7.67329
8.83947
10.0805
7.9429
5.80826
8.70339
7.67571
12.7804
8.80113
7.33492
6.75354
10.3766
8.92248
9.94447
8.97037
6.44931
10.4661
12.8219
11.3395
2.99514
12.1314
10.6429
8.94298
10.9369
9.13156
9.42371
10.8206
8.86706
11.8051
9.81772
9.73182
8.37201
11.5872
2.60814
11.2119
10.5128
10.0815
10.3121
9.52627
11.8349
11.4456
12.3865
6.38754
0.976626
7.79261
9.18632
10.921
7.02734
8.72614
10.0764
12.2069
6.29271
11.4138
10.1618
7.13341
12.5319
11.5175
12.5596
8.20318
7.83987
3.62944
7.70138
8.97704
11.1731
7.52641
9.34712
8.56798
5.83122
10.9487
9.07941
11.5315
10.8658
10.0914
10.1722
10.1431
10.9598
9.7959
12.5179
12.7156
10.8771
9.82743
9.15245
10.5675
9.43887
10.2612
8.40868
5.05421
10.3874
10.6185
10.3004
11.5872
9.16661
9.63296
9.36793
9.10512
1.15473
5.68156
12.5965
9.59016
8.17126
8.37236
5.75569
-2.18548
5.62745
10.6116
10.8649
10.2787
10.9918
10.2038
12.6253
5.00754
12.6569
6.27847
12.1688
9.362
7.11474
11.2548
7.57092
10.3104
12.2473
7.95708
10.8808
7.50354
13.1873
5.82773
8.28339
10.9843
12.6215
8.90034
9.85193
11.6237
11.0462
9.50052
8.1976
8.51534
8.96661
10.9035
9.48475
6.91593
8.58341
10.8482
12.4683
9.10998
10.2715
-10.1485
-14.5002
-5.76507
-8.2717
-4.67256
-9.31287
-9.45398
-9.56872
-8.99342
-12.6671
2.16317
-4.02082
-9.3725
-9.21961
-5.20058
-10.9964
-12.2336
-8.67163
-9.87789
-11.708
-6.65797
-11.7423
-9.07313
-3.52623
-9.31908
-13.5106
-9.56362
-5.90042
-7.7532
-12.9756
-6.52625
-8.72987
-6.85981
-5.22764
-9.82518
-7.93291
-8.27013
-10.2029
-3.09827
-5.93724
-10.1316
-3.68342
-10.2168
-9.57218
-12.7082
-10.4367
-5.58492
-9.46237
-9.47427
-9.80993
-8.20485
-7.5287
-5.17364
-7.69737
-4.14912
-9.70128
-11.2798
-10.7337
-11.3922
-1.1515
-10.4632
-9.69405
-10.7065
-8.31574
-14.1234
-11.8736
-9.38637
-9.55994
-8.55827
-10.4987
-5.1993
-10.4759
-4.51809
-11.1734
-8.7752
-5.85336
-8.10514
-6.13651
-8.70617
-9.82614
-9.25342
-10.0735
-9.58848
-10.5977
-10.5746
-6.07778
-10.8702
-9.68592
-11.804
-10.2225
-8.53062
-13.5889
-11.3685
-10.471
-4.57924
-8.69352
-9.84947
-5.67558
-8.73872
-10.4379
-5.43223
-9.55416
-8.32103
-10.4624
-7.85773
-6.38272
-12.7203
-8.2508
-11.489
-7.72825
-8.92009
-10.2225
-9.40958
-10.3554
-7.50383
-8.7935
-6.4386
-8.32635
-12.8247
-7.72763
-9.83027
-8.90906
-14.2545
-8.83145
-10.6446
-5.16586
-7.36485
-11.5342
-7.92908
-8.07878
10.7339
-7.32253
-13.9953
-8.23727
-13.1705
-7.83119
-9.23609
-7.78218
-1.03707
-13.2026
-9.87454
-8.70266
-11.6889
-9.03484
-7.62127
-8.15395
-11.4915
-10.6344
-8.16356
-10.6719
-9.69381
-10.6678
-10.1579
-10.6329
-6.45211
-10.2951
-2.86254
-8.06889
-12.0763
-3.41307
-6.04501
-10.2612
-9.58289
-10.709
-10.7704
-9.88528
-6.41476
-12.1645
-7.58316
-7.20413
-9.19434
-12.0072
-14.3624
-8.48032
-11.5704
-9.19876
-5.04491
-5.98867
-11.2365
-7.74644
-5.79476
-11.3121
-8.34255
-3.95862
-9.08753
-8.67105
-6.33999
-13.3327
-10.1594
-7.77662
-9.15225
-4.9744
-11.3685
-5.51886
-10.2174
-13.8386
-8.9759
-9.53801
-8.99606
-4.4535
-9.76956
-8.44921
-10.5924
-5.27413
-8.16839
-10.2801
-8.73539
-12.1462
-8.02496
-14.3366
-10.229
-7.73119
-11.1079
-7.25352
-7.77092
-10.5352
-12.9353
-8.50164
-5.62533
-8.00418
-11.2637
-5.19201
-8.05991
-7.85753
-11.7425
-10.1682
-9.07161
-8.53627
-10.7208
-7.27235
-9.92266
-9.94571
-11.3036
-12.2198
-9.83237
-8.53422
-9.29743
-10.0731
-8.28522
-7.07914
-7.36871
-9.22623
-9.49879
-6.68918
-10.1862
-11.0324
-6.51727
-12.2301
-8.80352
-6.94212
-3.78336
-8.15559
-9.05053
-10.2357
-6.14766
-11.5763
-11.3139
-9.97677
-9.64209
-7.42049
-9.3651
-9.18972
-8.89082
-7.91523
-5.23746
-9.40314
-7.79096
-7.93337
-8.3857
12.6247
-12.9473
-6.83145
-7.80915
-9.04945
-10.7742
-7.70959
-9.24519
-7.53446
-4.45803
-11.0568
-8.88862
-6.44742
-8.10018
-11.2353
-6.14558
-7.29518
-6.60448
-8.50369
-7.45691
-8.50122
-7.12123
-12.2145
-9.11129
-9.80924
-7.72167
-10.5645
-9.2141
-6.68223
-12.19
-9.34149
-10.2061
-12.3871
-5.65032
-6.95715
-4.6719
-10.9163
-10.0264
-12.5511
-10.0816
-4.39031
2.71343
-7.09577
-10.4375
-13.5644
-9.80364
-7.40504
-10.5349
-11.6901
-7.23458
-10.0166
-8.96667
-10.8308
-12.4365
-12.6516
-8.25119
-6.64701
-8.68685
-7.62575
-11.9259
-8.77495
-9.3407
-0.190602
-9.28801
-9.54784
-9.54319
-6.28984
-8.81447
-9.41347
-12.1294
-8.33901
-9.89174
-9.93871
-3.72452
-8.23432
-7.61965
-7.08166
-7.57119
-10.9915
-8.56935
-10.7562
-10.5816
-10.7271
-8.74517
-10.811
-9.7069
-8.89917
-9.53601
-11.7054
-3.06909
-8.73726
-7.98222
-4.89039
-13.038
-7.87472
-10.6589
-9.03358
-7.93753
-6.10248
-10.3549
-9.85962
-10.3471
-9.74462
-10.1615
-13.6347
-10.2419
-13.9432
-2.45822
5.4624
-8.81925
-8.15371
-8.00284
-8.88351
-6.60737
-10.4154
-7.99884
-7.39105
-7.94163
-7.31515
-10.0944
-6.59838
-5.90062
-9.96641
-11.5933
-9.85115
-10.087
-11.5157
-6.58229
-6.88362
-8.22347
-6.08385
-5.8339
-11.7023
-12.6809
-10.084
-7.94856
-4.6925
-7.32557
-7.52157
-8.19903
-11.7063
-9.55358
-7.75041
-8.41438
-9.59141
-8.21992
-8.67551
-7.09391
-9.29945
-13.6866
-11.5673
-8.0279
-13.4518
-10.2405
-10.0308
-6.70649
-7.76686
-9.26545
-5.65722
-10.316
-5.74988
-9.31661
-11.013
-7.49891
-8.89662
-11.1062
-11.8321
-7.41748
-8.87084
-11.5594
-7.35948
-11.4266
-11.6966
-7.29572
-11.1254
-8.39344
-10.8629
-11.754
-10.0955
-6.07105
-9.41509
-9.62543
-11.4106
-8.24435
-9.89242
-11.4675
-6.83208
-11.2964
-10.1975
-7.32552
-4.80292
-10.6414
-8.48268
-13.5005
-7.34842
-10.7124
-7.26646
-9.03038
-11.057
-10.3205
-4.89397
-10.7603
-8.11745
-10.0934
-9.38653
-7.71722
-8.93212
-6.14436
-8.42063
-12.3666
-9.26701
-11.2016
-10.7354
-4.83716
-5.37164
-7.89506
-7.78162
6.06168
-11.1817
-8.08228
-4.15227
-7.12177
-12.6676
-10.7014
-9.54906
-9.79274
-11.5737
-7.92259
-8.59633
-10.3441
-9.84241
-10.6163
-10.1983
-11.9742
-10.6414
-3.90641
-6.50166
-7.09076
-10.2811
-3.65037
-11.5516
-6.17971
-11.7672
-10.2598
-8.6695
-5.73713
-13.1668
-7.82682
-9.76416
-9.33657
-10.3314
-8.40171
-9.35443
-6.57417
-9.84019
-13.9228
-10.976
-5.33848
-3.31052
-9.59339
-6.49642
-9.13742
-5.34904
-8.79005
-7.70756
-8.22509
-10.0541
-8.80953
-8.03259
-12.9893
-5.77899
-13.2806
-10.3508
-10.0197
-9.96696
-4.82086
-9.3714
-13.3971
-6.87622
-9.42147
-8.07034
-7.54756
-8.00865
-8.92505
-9.7276
-10.1271
-9.90857
-7.23945
-11.6043
-6.94483
-7.25853
-6.39998
-14.1596
-8.40413
-13.4342
-9.3469
-10.4476
-7.00902
-10.7179
-13.4378
-7.49308
-14.4507
-11.6335
-9.05867
-9.55052
-9.15263
-6.596
-8.64416
-11.0801
-8.29339
-11.0792
-8.66009
-6.63468
-4.46604
-10.1755
-12.6049
-9.15478
-5.63258
-10.5283
-5.64107
-12.4771
-9.38201
-9.8816
-6.95828
-8.02997
-8.30854
-10.4336
-6.85729
-10.3815
-6.72689
-8.09945
-7.03605
-7.47862
-10.8658
-11.8284
-9.33124
-8.98883
-11.4483
-9.29745
-8.58622
-9.1774
-8.55258
-8.7104
-8.72737
-12.8849
-3.98496
-10.5615
-12.9198
-6.72994
-7.89437
-11.2284
-12.5119
-10.2275
-10.2598
-5.27058
-13.1375
-7.91162
-14.4209
-6.46197
-12.0999
-14.25
-7.74933
-8.30683
-11.0912
-10.8777
-7.35346
-5.20489
-7.61894
-12.29
-9.26187
-5.96274
-5.67839
-8.28494
-10.5259
-13.1762
-9.50261
-8.93176
-8.21231
-10.3296
-8.2775
-11.5837
-5.22889
-5.91846
-11.1132
-10.2365
-7.73679
-6.02993
-9.44383
-8.49016
-9.01285
-8.53627
-9.83157
-8.71131
-6.76316
-12.9869
8.91415
-7.64098
-11.0132
-12.6406
-8.05457
-3.96494
-8.73353
-6.18847
-10.9357
-5.41451
-5.51961
-8.26856
-9.76057
-10.9968
-9.32581
-11.1706
-9.1639
-7.18868
-7.13947
-7.50368
-6.55596
-10.8458
-11.2923
-7.86098
-9.08332
-6.68223
-6.6447
-9.78839
-8.98689
-9.06623
-6.63436
-6.96844
-6.30391
-8.01801
-9.21248
-6.34691
-9.18335
-6.3583
-8.36739
-10.7913
-10.3836
-9.16418
-9.64024
-3.32823
-5.68079
-6.05879
-10.8322
-11.4009
-9.6431
-13.5999
-1.95809
-8.37892
-8.30768
-2.51327
-9.20954
-3.99568
-13.2881
-7.85753
-8.66439
-7.4059
-7.60551
-3.95433
-7.17017
-9.43601
-10.769
-4.18922
-7.87571
-11.1171
0.758711
-11.0136
-11.2485
-3.93846
-10.4592
-6.07105
-8.88788
-5.73999
-9.32158
-7.04387
-8.43723
-11.7439
-11.2502
-13.6816
-7.48478
-10.965
-5.564
-6.77402
-9.38179
-8.34106
-10.9196
-6.07233
-11.0054
-6.67176
-3.31091
-8.48068
-9.28045
-8.92466
-6.95682
-10.6457
-4.09933
-10.9146
-8.32567
-7.48542
-7.29069
-10.2281
-10.2374
-13.1527
-10.3486
-7.0615
-8.32374
-9.80137
-9.49889
-8.04658
-5.46598
-5.50624
-12.0066
-6.90532
-7.24614
-7.10172
-5.87792
-9.96761
-13.9423
-6.36899
-11.4072
-12.037
-6.81367
-7.64473
-11.5761
-9.19949
-10.8902
-10.4847
-5.67075
-8.89162
-10.4482
-14.7381
-7.95932
-6.16893
-8.48625
-10.0217
-11.3179
11.5043
-6.8267
-9.32118
-10.676
-8.13245
-8.01685
-9.80763
-11.6689
-11.0764
-8.35601
-10.6687
-9.0998
-13.5441
-9.96885
-9.66455
-3.27196
-5.44277
-5.79013
-10.9452
-7.59513
-12.9062
-5.19905
-6.3684
-7.68888
-6.72357
-7.11114
-8.08509
-9.40917
-11.3433
-10.7745
-11.8573
-8.0316
-8.40913
-8.28998
-10.3663
-7.60787
-8.00468
-5.99736
-6.55154
-8.26595
-9.4742
-7.9076
-9.27871
-10.0386
-8.07375
-9.46187
-8.55151
-5.79725
-6.08123
-7.36475
-7.46766
-10.3612
-10.5048
-8.96603
-14.2015
-12.0294
-10.9085
-11.4025
-4.7883
-8.2482
-6.93779
-8.62963
-13.8228
-6.14895
-5.25686
-7.31914
-11.3901
-9.46596
-6.72759
-9.98254
-9.74277
-8.84339
-10.0397
7.85605
-9.08722
-7.28872
-9.30003
-6.6533
-11.37
-4.48495
-5.73104
-10.7784
-12.5316
-9.74327
-4.12204
-12.2304
-10.4562
-10.9334
-6.88603
-7.60208
-7.60301
-6.25426
-10.8322
-6.04764
-11.9351
-13.419
-4.59035
-7.89483
-9.78541
-8.33476
-9.00303
-11.1289
-9.38068
-8.6092
-9.09779
-10.8157
-8.40945
-7.77641
-9.59833
-8.59876
-7.2717
-7.38727
-9.89054
-4.71973
-8.48149
-14.5742
-6.5287
-8.01662
-6.14875
-8.53979
-7.67226
-5.23444
-8.75617
-11.0301
-6.99722
-6.58623
-8.62139
-4.26702
-9.57763
-11.8022
-9.56969
-7.25951
-8.99225
-10.5964
11.7792
-10.7423
-7.4615
-7.89452
-7.19332
-10.7625
-7.63757
-2.4048
-8.49057
-9.31464
-7.76605
-12.8708
-8.59054
-5.77355
-7.96298
-13.5811
-8.49407
-9.73116
-7.30852
-11.2228
-10.1564
-9.18597
-4.22633
-6.38498
-11.1991
-8.16973
-7.6771
-9.80169
-5.8339
-7.25726
-11.0336
-7.15177
-7.69255
-10.9406
-8.15017
-7.50109
-9.68609
-11.822
-11.309
-7.59866
-11.842
-12.6336
-8.48296
-3.84137
-9.72512
-10.0916
-6.83216
-9.64602
-10.6449
-8.97488
-7.66723
-6.21816
-12.7622
-8.69269
-9.12609
-7.20432
-9.8617
-10.6435
-8.82935
-7.58033
-6.90388
-9.43578
-10.3748
-6.18316
-5.50601
-8.24789
-7.79738
-10.8708
-8.38115
-12.0614
-13.5346
-9.14142
-9.30162
-10.5888
-5.67755
-8.16028
-12.6473
-6.64748
-9.53622
-9.35065
-12.0062
-10.2986
-11.5528
-9.62874
-9.39425
-6.60468
-7.63905
-11.0685
-8.16978
-10.0228
-10.0363
-8.77167
-7.92866
-5.73491
-8.24027
-8.3539
-8.18461
-5.18843
-9.60939
-9.09034
-10.8974
-7.46467
-10.5465
-7.29205
-8.33232
-8.80129
-9.56276
-5.34065
-11.944
-7.68133
-7.93498
-13.3479
-11.3339
-8.95215
6.29873
-0.719159
-11.6297
-14.8407
-9.25852
-7.52497
-12.7148
-8.7191
-11.9086
-8.36822
-10.016
-5.31049
-8.79816
-8.94123
-11.3137
-8.1494
-3.34631
-5.64449
-11.1651
-8.52974
-12.4679
-9.04355
-10.226
-10.6179
-6.61386
-9.11882
-11.1417
-3.80403
-11.0138
-7.22319
-9.41806
-11.4389
-10.1983
-7.92015
-6.42811
-9.79494
-8.35621
-7.78452
-11.8443
-8.21142
-12.8396
-8.53427
-13.5493
-9.63434
-6.82093
-7.99395
-8.76224
-8.0414
-10.3805
-6.30717
-10.3608
-7.18711
-7.76299
-9.35998
-7.52245
-9.79402
-9.62475
-11.3357
-8.01644
-13.06
-4.52395
-6.44594
-11.7148
-11.9435
-9.51852
-8.90914
-12.215
-10.3248
-8.95418
-11.3879
-7.87603
-10.7225
-8.3863
-8.14529
-12.9713
-7.86145
-9.74117
-10.8815
-11.0059
-8.58169
-10.2796
-11.3407
-8.41884
-9.4325
-9.20738
-9.61233
-10.1469
-10.6764
-2.49226
-10.541
-8.12319
-7.46384
-10.3429
-12.4018
-11.4883
-11.5778
-6.3323
-8.90589
-11.0977
-12.0879
-10.9741
-13.5745
-12.2416
-10.5069
-12.0425
-13.4871
-10.33
-7.68402
-6.44812
10.5613
-8.91506
-11.268
-9.26875
-10.3873
-11.5401
-8.64335
-11.9561
-5.29028
-7.84788
-2.2304
-7.15997
-12.5241
-9.06808
-10.2038
-7.21215
-10.3483
-14.1752
-8.10596
-5.12859
-12.0375
-11.1737
-7.7936
-8.36726
-6.88933
-10.6528
-2.9451
-5.45921
-7.71134
-10.7681
-11.4711
-5.99238
-12.8379
-9.22623
-7.47318
-7.89401
-10.4869
-9.81163
-11.1491
-11.0104
-7.13108
-7.49051
-11.8072
-5.14732
-7.74712
-10.1422
-13.9606
-9.18732
-9.46202
-5.87463
-10.0958
-5.37055
-8.34692
-12.9558
-9.08856
-14.1206
-8.30576
-7.92015
-6.51624
-7.68954
-7.63131
-10.995
-8.36038
-9.81728
-6.85787
-8.14951
-10.4347
-8.30968
-5.89524
-10.6337
-11.3286
-6.50145
-8.91799
-10.9042
-7.1423
-5.11405
-7.27277
-5.81945
-5.4367
-10.8349
-12.4652
-7.44319
-9.76416
-9.57039
-5.50645
-8.65896
-8.56936
-6.19821
-11.5531
-10.241
-8.5921
-6.40181
-10.5767
-6.1527
-12.6301
-14.8405
-13.4543
-8.7583
-8.29062
-8.00228
-6.77957
-6.84295
-8.88382
-11.4915
-9.56942
-11.2373
-8.18719
-9.55848
-11.6093
-10.3232
-8.51041
-6.86484
-10.9901
-8.91442
-8.62456
-13.6507
-6.50311
-9.35655
-12.3266
-5.22882
-9.29602
-8.873
-11.6411
-9.06808
-11.7261
-7.90302
-9.74098
-10.6201
-8.53831
-9.87752
-7.04445
-9.31898
-9.11811
-14.5002
-7.89882
-6.84418
-11.0196
-11.4157
-13.3191
-10.2939
-8.07338
-9.1118
-9.34307
-6.28614
-8.9693
-10.6445
-8.01496
-10.8005
-9.12828
-9.92476
-8.09928
-10.1212
-5.76987
-7.79581
-8.32546
-11.5058
-9.13536
-7.36305
-7.86118
-11.4151
-7.03385
-7.90948
-11.8987
-8.45559
-11.8594
-10.1863
-10.1177
-7.52736
-10.7993
-8.49616
-12.0016
-8.7209
-9.1238
-8.50283
-5.401
-7.48506
-7.62812
-9.7378
-13.3624
-9.43917
-11.528
-10.0616
-7.63061
-10.0445
-8.99225
-4.40335
-9.27864
-8.89273
-10.5826
-12.275
-6.38676
-9.49868
-8.47254
-12.8269
-7.77939
-10.6233
-9.67634
-8.68986
-8.31337
-10.3628
-14.34
-8.14979
-6.25659
-5.864
-7.74622
-4.48072
-6.00555
-6.85152
-6.79593
-10.6688
-6.12382
-7.52019
-5.98554
-8.308
-10.0433
-10.9972
-6.91069
-5.69994
-7.76343
-11.0583
-11.4528
-10.2019
-13.5434
-9.85471
-8.5759
-8.69212
-5.19192
-9.98924
-7.83639
-8.33694
-10.936
-10.0263
-7.79568
-7.60924
-11.7786
-7.84319
-11.9691
-8.80914
-4.62589
-7.06073
-14.5609
-8.89992
-8.87179
-9.70519
-7.60833
-12.2896
-9.78957
-7.95673
-7.96498
-10.2814
-6.37502
-9.72512
-10.9102
-10.7094
-7.66969
-7.34067
-4.47751
-10.7944
-9.89613
-5.31735
-10.6338
-10.0461
-8.23354
-7.31754
-12.0353
-7.66723
-9.52722
-13.947
-10.5948
-9.66276
-9.48745
-9.93263
-10.4681
-7.94295
-9.05144
-10.6009
-7.58916
-10.7188
-10.976
-11.448
-12.2284
-6.12683
-8.53115
-5.24071
-6.60254
-11.7092
-8.06026
-10.7105
-9.15385
-12.5627
-8.2508
-7.58244
-9.23295
-7.57361
-7.18626
-8.76185
-6.44114
-6.42458
-9.41415
-8.3753
-13.5857
-6.45647
-10.0314
-9.08545
-9.00791
-10.3787
-9.70704
-7.02909
-9.79853
-9.89449
-8.00946
-10.2872
-4.58834
-8.49275
-9.18075
-9.10561
-10.7658
-4.64548
-11.3204
-8.22952
-7.65496
-9.78424
-10.056
-11.9221
-14.0814
-10.2247
-8.53176
-10.7138
-8.06019
-8.01231
-7.28792
-12.0838
-8.6016
-8.17043
-6.6734
-9.40767
-10.314
-8.2345
-11.2472
-12.4421
-8.53322
-9.44745
-11.5992
-6.07243
-8.82267
-7.95362
-9.33472
-4.29696
-8.66472
-6.66497
-9.54784
-9.79348
-8.51483
-3.5804
-9.65206
-9.67009
-10.4969
-10.3769
-5.82929
-6.33692
-9.84247
-5.72914
-4.16881
-11.6144
-7.42103
-9.46384
-4.10708
-5.49935
-9.86613
-8.73046
-11.3347
-1.23497
-8.54131
-7.3287
-4.82399
-10.183
-5.55981
-6.54441
-10.7728
-7.39347
-8.35052
-8.64414
-7.76942
-7.53853
-10.8598
-9.51413
-3.87206
-11.2205
-4.40635
-9.93718
-9.51313
-10.1289
-3.66073
-5.17864
-9.76494
-9.60601
-4.19959
-10.5899
-11.9347
-8.82267
-2.29977
-8.66426
-6.36855
-6.19502
-10.9777
-6.43538
-11.8748
-8.12816
-10.4076
-12.0347
-10.9895
-12.6647
-12.1155
-7.12591
-5.12902
-11.0589
-8.83819
-7.33671
-8.93723
-0.823533
-13.0349
-6.87357
-8.94888
-8.01418
-10.2695
-9.76949
-9.65689
-11.6747
-8.9605
-9.17975
-10.5277
-9.31238
-8.27386
-5.25536
-6.71941
-5.28186
-10.3388
-5.43825
-5.79267
-9.17763
-11.095
-7.78761
-12.4706
-9.18876
-11.0148
-5.3257
-7.74429
-7.51912
-9.39978
-11.0172
-10.366
-10.6165
-8.51506
-7.48467
-9.2338
-8.12358
-10.5831
-11.5785
-10.091
-7.97485
-10.9567
-6.59023
-10.868
-14.3035
-13.363
-9.84505
-6.71361
-10.1812
-8.87844
-9.62175
-7.87297
-9.33644
-8.64526
-8.47362
-4.40384
-9.1267
-12.6188
-8.81865
-9.36339
-13.9432
-9.28179
-8.93762
-3.86365
-3.97449
-6.53668
-9.49848
-6.83585
-8.27365
-6.18345
-4.54307
-5.71779
-7.89178
-10.6025
-10.6087
-9.83051
-8.27136
-2.92896
-9.95915
-8.17447
-9.81109
-10.4892
-14.8415
-8.82209
-5.46814
-14.0734
-10.511
-8.54583
-9.02506
9.10043
-13.1486
-11.528
-2.75514
-8.76135
-13.6415
-9.22286
-10.2924
-5.12635
-9.02001
-5.85976
-11.5202
-9.96456
-3.74033
-8.83093
-7.20159
-5.73734
-4.76147
-9.06808
-11.5443
-9.59873
-12.0729
-8.18546
-10.5537
-12.8695
-7.14349
-11.2928
-6.93172
-6.75225
-11.2118
-7.87438
-11.811
-9.70699
-8.26917
-9.04495
-13.8649
-11.3483
-9.85814
-4.89803
-7.00099
-10.8188
-4.37553
-13.8788
-10.2453
-5.20316
-11.216
-9.93991
-10.614
-7.22866
-10.1187
-5.13205
-8.49972
-9.7201
-12.0441
-8.53176
-10.8328
-10.3219
-12.366
-9.10279
-8.24737
-11.2449
-11.2858
-8.42316
-9.17452
-10.1822
-11.2238
-9.84774
-12.1526
-10.8971
-13.6908
-11.741
-10.8188
-10.7069
-8.67075
-7.0841
-9.91198
-6.29359
-8.79887
-10.5019
-8.34939
-5.35883
-6.61579
10.947
-8.5406
-3.90784
-10.6683
-7.62957
-8.01775
-10.1772
-10.2374
-8.1424
-10.5775
-8.63195
-8.80029
-10.762
-10.9187
-6.91821
-6.12525
-10.3939
-11.2225
-8.66278
-11.9076
-6.95002
-9.49401
-7.89999
-9.03054
-8.75517
-12.4747
-9.60399
-11.6884
-5.15684
-7.49005
-7.37053
-11.1362
-1.83693
-7.48446
-8.65679
-9.77906
-12.5083
-9.37682
-12.0667
-5.3677
-10.9281
-7.70594
-9.21788
-8.12295
-12.264
-9.53714
-9.55564
-4.54784
-9.70994
-12.8262
-10.6727
-9.72455
-6.49621
-8.97718
-9.7527
-7.93223
-9.19317
-8.854
-13.9654
-10.826
-8.20678
-8.02021
-8.86824
-9.18304
-9.54681
-12.4307
-5.65283
-9.98486
-7.48452
-4.23875
-11.0958
-6.5036
-10.6623
-9.62403
-8.35854
-11.3541
-8.33729
-9.24343
-8.93687
-8.95429
-7.11497
-8.28155
-9.95104
-8.22567
-9.17676
-10.8223
-11.5731
-8.756
-6.76135
-8.42271
-10.571
9.32329
-7.68749
-9.80169
-11.1091
-4.75369
-9.37968
-9.28247
-0.848813
-8.45935
-10.9711
-11.7939
-5.89697
-9.13251
-10.5325
-8.01335
-9.43662
-9.74363
-9.97194
-8.83448
-12.4107
-12.779
-8.89228
-10.775
-8.88332
-12.7323
-6.76298
-10.1103
-5.2609
-5.84336
-6.88382
-8.17783
-12.4858
-9.78868
-6.21934
-9.49868
-6.48679
-11.6728
-10.1778
-9.06808
-7.33438
-7.20078
-8.6111
-6.41067
-10.5947
-11.568
-7.01004
-8.69112
-12.2685
-9.97247
-9.89578
-8.95637
-9.88423
-9.88814
-10.9012
-9.79548
-6.21133
-12.7584
-9.98589
-9.35015
-4.41879
-8.50347
-10.8733
-7.40587
-12.8125
-11.1652
-5.88766
-10.1815
-8.74456
-8.0255
-11.3452
-8.43795
-5.96578
-9.60399
-5.55677
-8.93642
-10.5601
-9.12475
-10.9924
-10.7902
-9.45643
0.197479
-10.7092
-8.92793
-6.35809
-9.03738
-8.53072
-10.2968
-7.71687
-13.2753
-10.1859
-9.84019
-8.44892
-9.83182
-10.1051
-9.37745
-8.40052
-3.54175
-10.4133
-11.0583
-4.84932
-12.4698
-9.06553
-9.76849
-10.2112
-7.32053
-5.22316
-12.924
-9.52708
-10.0606
-6.11474
-8.64473
-8.67123
-7.75547
-9.68225
-12.1093
-11.5554
-11.3911
-10.9449
-8.95628
-7.41326
-10.0916
-10.7175
-5.40696
-11.1543
-7.62491
-11.5342
-5.32383
-9.2154
-7.08716
-7.98664
-10.9747
-4.49183
-8.23194
-7.9421
-11.2022
-5.16311
-8.48013
-7.75114
-8.69047
-12.5371
-7.67064
-7.5141
-10.1732
-11.3187
-6.64095
-9.68951
-10.8768
-9.2554
-12.1501
-6.07232
-1.28839
-7.62653
-8.75793
-13.1495
-6.10045
-11.1936
-15.0862
-9.03096
-9.19423
