85 
0.893 50 -1
0.768 151 -1
0.26725 252 1
0.70175 353 -1
0.40925 454 1
0.14275 555 1
0.6895 656 -1
0.56925 757 -1
0.914 858 -1
0.6565 959 -1
0.09725 390 0
0.107 50 1
0.0035 85 0
0.73275 252 -1
0.85725 555 -1
0.43075 757 1
0.03025 984 0
0.232 151 1
0.29825 353 1
0.59075 454 -1
0.086 858 1
0.3435 959 1
0.016 20 0
0.08075 64 0
0.0595 254 -0.828223
0.03625 756 0.181206
0.102 897 0
0.0195 428 0
0.0065 846 0
0.3105 656 1
0.004 727 0
0.01925 99 0
0.08975 563 -0.207746
0.01325 338 0
0.02625 360 0.154786
0.00125 700 0
0.03775 825 0
0.00725 379 0
0.0015 253 -0.245848
0.00025 333 0
0.004 644 0
0.02225 383 0
0.00275 793 0
0.0135 115 0
0.00875 404 0
0.00175 859 -0.191723
0.0005 126 0
0.03925 536 0
0.00175 891 0
0.00525 190 0
0.00175 760 -0.16811
0.004 561 -0.147834
0.00275 66 0
0.0005 372 0
0.003 478 0
0.0045 845 0
0.00825 738 0
0.0115 545 -1.76826
0.0015 608 0
0.00575 687 0
0.00375 516 0
0.0045 762 0.558797
0.003 51 -0.2015
0.0035 507 0
0.001 230 0
0.0005 31 0
0.005 386 0
0.00175 611 0
0.0015 932 0
0.00025 344 0.610571
0.0005 60 -0.308596
0.00025 1003 0
0.00025 806 0
0.00025 92 0
0.00025 281 0
0.001 246 -0.441327
0.00025 326 0
0.00025 921 0
0.00125 242 -1.99798
0.00025 9 0
0.00075 906 0
0.00025 559 -0.980903
0.00025 741 0
0.00025 726 0
0.00025 343 0.262165
