41 
0.8755 50 1
0.09275 57 0.430405
0.26025 126 0
0.946 151 1
0.034 197 0
0.857 213 0
0.04925 244 2.34836
0.8845 252 1
0.2415 260 -0.731315
0.64575 353 1
0.865 454 1
0.3775 484 0
0.585 656 -1
0.313 672 0
0.4255 739 0
0.896 757 1
0.73775 858 1
0.16325 880 0
0.177 895 0
0.18075 928 0
0.36625 959 1
0.8755 50 1
0.3835 147 0.805113
0.946 151 1
0.00825 202 0
0.009 211 0
0.0235 227 0
0.50075 228 0
0.8845 252 1
0.35425 353 -1
0.865 454 1
0.26675 650 -0.0365757
0.585 656 -1
0.071 723 0
0.03 750 0.408543
0.896 757 1
0.54775 787 0
0.26225 858 -1
0.06 881 0
0.01425 894 0
0.63375 959 -1
