75 
0.54225 50 1
0.66925 151 1
0.0635 238 0
0.8535 252 1
0.36875 353 -1
0.2965 454 -1
0.18225 507 0
0.9745 555 1
0.1965 656 -1
0.6605 757 1
0.4935 858 -1
0.8505 959 1
0.02475 123 0
0.63125 353 1
0.7035 454 1
0.8035 656 1
0.45775 50 -1
0.5065 858 1
0.1465 252 -1
0.1095 825 0
0.33075 151 -1
0.3395 757 -1
0.1495 959 -1
0.1755 700 0
0.027 360 0.154786
0.06225 764 -0.438352
0.022 924 0
0.01925 259 0.144186
0.0645 9 0
0.0305 326 0
0.0105 727 0
0.02175 846 0
0.00175 406 0
0.00625 38 0
0.02875 572 0
0.0095 92 0
0.01525 832 0
0.011 428 0
0.039 404 0
0.0255 555 -1
0.0245 64 0
0.00875 99 0
0.0495 516 0
0.0025 390 0
0.0015 212 0
0.007 14 0
0.00775 421 0
0.00825 344 -0.331075
0.01225 36 0
0.0025 35 0
0.00425 21 0
0.00025 688 0
0.00075 519 0
0.0015 691 0
0.00025 223 0
0.00175 20 0
0.00825 164 0
0.0005 821 0
0.00325 441 0
0.0025 505 0
0.00175 516 0
0.00275 293 0
0.00075 932 0
0.00025 272 0
0.0015 536 0
0.00075 750 0.308178
0.0005 507 0
0.00025 136 0
0.0005 51 -0.248942
0.00025 240 0
0.00025 1001 0
0.00025 20 0
0.00025 566 0
0.00025 652 0.296595
0.00025 563 -0.207746
