101 100
-0.043 -0.094
1.51044 -9.97145
6.17946 -9.7806
7.36881 -10.0489
8.21049 -9.787
8.4249 -9.48268
8.83845 -9.29909
8.14364 -9.72431
8.54905 -9.5747
8.72883 -9.30955
7.55879 -9.31146
7.28733 -9.65644
7.5548 -9.2492
6.4977 -9.65095
7.73976 -9.46976
8.5833 -9.85168
8.52289 -10.2149
7.9194 -10.291
8.58467 -9.81898
9.03868 -10.1894
9.08787 -10.1717
8.90287 -9.78251
8.83341 -9.64404
8.51521 -9.59735
7.82665 -10.2054
7.757 -9.24384
7.97158 -9.63023
7.39361 -9.32023
7.64853 -9.38702
8.70035 -9.53169
9.08745 -9.40219
8.75132 -9.47788
8.00943 -9.94741
7.49168 -9.53944
9.6675 -9.21277
8.95969 -9.28159
9.24342 -9.58545
8.87069 -9.51593
8.24548 -9.56342
9.14479 -9.54962
9.66988 -9.36374
10.2595 -8.90964
9.89986 -8.82093
10.0562 -9.32803
9.95393 -9.36743
9.85108 -9.5851
9.22583 -9.79351
9.78348 -9.78303
9.40827 -10.1244
9.05565 -10.0358
8.42394 -9.71293
8.47414 -9.45408
8.38727 -10.0574
8.48951 -9.97166
8.80519 -9.66885
8.63926 -10.0569
7.90947 -10.4162
8.09334 -10.2677
7.26456 -9.79564
8.35535 -9.48267
8.19116 -9.39884
7.38325 -9.56061
7.45279 -9.96989
7.28389 -9.84263
7.13034 -9.60998
7.308 -9.01695
7.83486 -9.22943
6.87571 -9.229
7.5263 -9.19638
7.14763 -8.99382
8.48234 -9.39701
8.36767 -9.1119
8.41953 -9.32681
8.28126 -9.19416
8.11716 -9.0051
8.44188 -9.33144
8.96424 -9.61972
9.92314 -9.55202
9.98374 -9.45706
10.0558 -9.69104
9.14094 -9.29896
8.97838 -9.33131
8.85554 -9.24726
9.62323 -8.99879
8.40362 -9.34923
8.65748 -9.2721
9.06396 -9.257
8.39751 -9.18382
7.55804 -9.23198
7.20653 -9.35519
7.97235 -9.17808
8.45195 -8.70281
8.22782 -8.86144
7.14902 -8.85781
7.81784 -8.96747
8.06717 -9.15147
8.6412 -9.40036
8.63313 -8.84394
8.39542 -9.06327
8.07862 -9.01584
8.35852 -9.11792
