121 
0.324625 50 1
0.675375 50 -1
0.450625 151 1
0.549375 151 -1
0.560375 252 1
0.439625 252 -1
0.46475 353 1
0.53525 353 -1
0.556375 454 1
0.443625 454 -1
0.558625 555 1
0.441375 555 -1
0.557 656 1
0.443 656 -1
0.545625 757 1
0.454375 757 -1
0.29625 858 1
0.70375 858 -1
0.597 959 1
0.403 959 -1
0.014 99 0
0.000125 741 0
0.000125 921 0
0.001625 441 0
0.000875 859 -0.191723
0.00025 372 0
0.008875 20 0
0.020375 536 0
0.001375 793 0
0.00675 115 0
0.0005 246 -0.441327
0.00075 691 0
0.003625 379 0
0.00075 253 -0.245848
0.000125 333 0
0.011125 383 0
0.000125 343 0.262165
0.052625 64 0
0.018125 756 0.181206
0.00225 762 0.558797
0.002 561 -0.147834
0.002625 190 0
0.0015 51 -0.2015
0.014125 846 0
0.00025 60 -0.308596
0.000875 760 -0.16811
0.045 563 -0.207746
0.0015 478 0
0.002 644 0
0.000875 891 0
0.002875 687 0
0.000125 806 0
0.00725 727 0
0.000125 281 0
0.00025 821 0
0.006125 36 0
0.015125 984 0
0.011 924 0
0.003875 421 0
0.051 897 0
0.000125 726 0
0.000125 559 -0.980903
0.092875 507 0
0.0035 14 0
0.02975 254 -0.828223
0.00575 545 -1.76826
0.000375 750 0.308178
0.000125 344 0.610571
0.01525 428 0
0.000125 223 0
0.00025 126 0
0.004875 92 0
0.006625 338 0
0.000375 906 0
0.049875 390 0
0.023875 404 0
0.032375 9 0
0.088375 700 0
0.009625 259 0.144186
0.000125 20 0
0.03175 238 0
0.014375 572 0
0.026625 360 0.154786
0.002125 21 0
0.000875 611 0
0.000125 566 0
0.000875 516 0
0.026625 516 0
0.00175 85 0
0.000125 240 0
0.001375 293 0
0.073625 825 0
0.015375 326 0
0.000125 272 0
0.000125 136 0
0.000625 242 -1.99798
0.00125 505 0
0.000375 519 0
0.000125 688 0
0.00125 35 0
0.031125 764 -0.438352
0.004125 738 0
0.001125 932 0
0.00225 845 0
0.0025 386 0
0.000125 1003 0
0.001375 66 0
0.004125 344 -0.331075
0.007625 832 0
0.00075 608 0
0.00025 31 0
0.012375 123 0
0.003125 38 0
0.004125 164 0
0.00025 51 -0.248942
0.00075 212 0
0.00025 507 0
0.000125 1001 0
0.000875 406 0
0.0005 230 0
0.000125 652 0.296595
