401 50
0.000213977 0.0048273 0.0040779
0.0341647 0.0366134 0.00917673
0.0339822 0.0305888 0.0113248
0.0328309 0.0641969 0.0131245
0.0364678 0.0893586 0.0134472
0.0370873 0.10338 0.0135499
0.0318058 0.112814 0.0120006
0.0339986 0.10064 0.0128924
0.0379562 0.0922166 0.0131576
0.034698 0.119854 0.0124481
0.037363 0.140811 0.0131537
0.0359425 0.167112 0.0109865
0.0324832 0.119327 0.0135757
0.0317683 0.152355 0.0124201
0.0370447 0.17009 0.0135213
0.0382369 0.162539 0.0106324
0.0369897 0.159846 0.0121356
0.0347324 0.131731 0.0154488
0.0409925 0.212777 0.0134703
0.0375087 0.202003 0.0173107
0.041241 0.207845 0.0134761
0.0398082 0.196995 0.0133613
0.0344903 0.189111 0.0115675
0.0429198 0.18618 0.0139916
0.0401119 0.232894 0.0101975
0.0486325 0.23612 0.0118188
0.0357093 0.183505 0.0117287
0.0411863 0.235617 0.0122196
0.0395234 0.252304 0.0119691
0.0416242 0.259706 0.0133148
0.036026 0.190895 0.0153006
0.0421692 0.201503 0.0107151
0.0430786 0.222662 0.0140137
0.0409606 0.201801 0.0129275
0.0392976 0.229091 0.0116592
0.0337015 0.209196 0.0120685
0.0327985 0.181282 0.0141903
0.0363601 0.2246 0.0131549
0.0447019 0.214189 0.011957
0.0395194 0.227765 0.012368
0.0400585 0.195634 0.0145983
0.0463913 0.249089 0.0176642
0.0455204 0.211971 0.0147993
0.0422472 0.220801 0.0132995
0.0408517 0.24934 0.0119764
0.0376812 0.220894 0.0159612
0.0376487 0.215246 0.0141917
0.0397306 0.22473 0.0154028
0.0380678 0.20887 0.0138983
0.0371553 0.219142 0.0157924
0.035833 0.194612 0.0144695
0.03747 0.201725 0.0140349
0.0452983 0.293642 0.0160121
0.0440115 0.246895 0.014332
0.0421698 0.265543 0.0149883
0.0416489 0.265632 0.0166482
0.0384624 0.268898 0.0162114
0.035826 0.285177 0.0166981
0.0340421 0.230835 0.0139189
0.0369926 0.251304 0.0171857
0.0354261 0.302446 0.01514
0.0380477 0.274475 0.0152107
0.0364118 0.248951 0.0161616
0.0412122 0.262463 0.0152429
0.0453254 0.280554 0.0146407
0.0440938 0.277309 0.0144409
0.0496444 0.322 0.0137566
0.0419512 0.33383 0.0139736
0.0440581 0.340837 0.0141017
0.0359651 0.270735 0.0181059
0.0337195 0.258572 0.0159212
0.0410402 0.280356 0.0193858
0.0453917 0.327884 0.0220471
0.0401633 0.282601 0.0147828
0.0462277 0.317921 0.0141339
0.0383712 0.324333 0.0126792
0.0402208 0.28907 0.0154351
0.0413325 0.289665 0.0155633
0.0358493 0.310615 0.0153267
0.0363677 0.309492 0.0152359
0.0384822 0.369317 0.0125016
0.0381813 0.266862 0.0134755
0.0390401 0.375575 0.0172612
0.037945 0.323153 0.0140212
0.0357426 0.32458 0.0174475
0.0403765 0.389605 0.0138385
0.0401059 0.330893 0.0143835
0.0360157 0.323382 0.0148978
0.0326805 0.285715 0.0146632
0.0371779 0.37282 0.0180656
0.0351038 0.358527 0.0147285
0.0365916 0.333309 0.014965
0.0338184 0.254969 0.0151457
0.0356899 0.275563 0.0171427
0.0417921 0.302766 0.0157035
0.0411186 0.356505 0.0129957
0.0348076 0.317307 0.0114173
0.035397 0.291063 0.0132834
0.0340256 0.275865 0.0169779
0.0343792 0.290134 0.0147023
0.0352484 0.320429 0.0174464
0.0347545 0.305511 0.0148138
0.0362257 0.329125 0.0119696
0.0327528 0.347447 0.0136412
0.0365263 0.330516 0.0173716
0.036172 0.364386 0.0162919
0.0310019 0.306063 0.0152107
0.0346999 0.332161 0.0146412
0.0362223 0.331009 0.0186746
0.0372556 0.300097 0.0128534
0.0395364 0.28373 0.0158309
0.036795 0.362097 0.016821
0.0319963 0.351812 0.0155598
0.028347 0.315424 0.0143314
0.0346875 0.356928 0.0148282
0.035454 0.407746 0.0147696
0.0298598 0.289686 0.0154333
0.0344446 0.347526 0.0147681
0.0350259 0.335613 0.0143972
0.0381688 0.380092 0.0164938
0.0373711 0.343127 0.0153792
0.037526 0.327918 0.0154442
0.0411468 0.408192 0.0159495
0.038786 0.360649 0.0155038
0.0412254 0.391349 0.0122516
0.041148 0.376228 0.0160296
0.0378366 0.352565 0.0161065
0.03669 0.387821 0.0142336
0.0389691 0.356981 0.0165084
0.0374086 0.422495 0.0144525
0.0396032 0.380883 0.0177451
0.0325161 0.362386 0.0153888
0.033507 0.352447 0.017663
0.0343311 0.389734 0.0146837
0.0372992 0.382141 0.0145361
0.0382846 0.39078 0.0166535
0.0379002 0.398283 0.0138977
0.038794 0.356659 0.0165357
0.0330634 0.306091 0.0154097
0.0352294 0.316196 0.0156001
0.0387971 0.351629 0.0163162
0.040063 0.398288 0.0180092
0.0355182 0.33362 0.0155878
0.0337314 0.32195 0.0143298
0.0431793 0.361366 0.0181101
0.0419569 0.32498 0.0157071
0.0434666 0.396807 0.0169788
0.0405231 0.327633 0.0182556
0.0398954 0.317565 0.0189938
0.040875 0.352282 0.0158956
0.0435567 0.367968 0.0194677
0.0397088 0.391652 0.0172238
0.0401363 0.36427 0.0149843
0.0429501 0.386395 0.0131865
0.043608 0.399186 0.0144434
0.0425701 0.382426 0.0146834
0.0470072 0.414057 0.0159196
0.0475331 0.383861 0.0153859
0.0460364 0.378404 0.0155524
0.0467366 0.409594 0.015576
0.0474356 0.374995 0.0175205
0.0433142 0.375681 0.0170127
0.0471934 0.326096 0.0148491
0.0435444 0.40172 0.0158846
0.0479019 0.372322 0.0173196
0.0493614 0.441012 0.0161404
0.0472561 0.333344 0.0197673
0.0472695 0.345646 0.0161527
0.0439449 0.361305 0.0160884
0.0465592 0.357935 0.0173416
0.041408 0.346423 0.0168149
0.0420465 0.384708 0.016549
0.0369762 0.408312 0.0178898
0.0413482 0.444843 0.0195631
0.0449384 0.458848 0.0181114
0.0423563 0.451593 0.0186127
0.0399161 0.418992 0.0134088
0.0392418 0.439389 0.014328
0.0385237 0.444275 0.0138948
0.0394019 0.479245 0.0148617
0.0386055 0.382328 0.0164074
0.0421241 0.425382 0.018633
0.036669 0.399928 0.0166837
0.0414597 0.414323 0.015218
0.0386628 0.429437 0.0178538
0.0367911 0.452493 0.0167954
0.0369761 0.3876 0.0159149
0.0358501 0.377107 0.0179709
0.0354813 0.418384 0.0158929
0.0405448 0.440492 0.0186131
0.0372788 0.445592 0.0161497
0.0365364 0.41233 0.0157564
0.0338616 0.427265 0.0148784
0.0338986 0.418731 0.0169277
0.0359743 0.394373 0.0159277
0.0359344 0.428059 0.0157773
0.0401057 0.438562 0.0164601
0.041716 0.440328 0.0171592
0.040645 0.420186 0.017286
0.0392698 0.453479 0.0164528
0.0409623 0.45713 0.0190972
0.0429119 0.466198 0.0163367
0.0412002 0.451045 0.0157282
0.0400893 0.416417 0.0153598
0.0425742 0.472811 0.0165472
0.0399735 0.420161 0.0149685
0.0436222 0.412483 0.014936
0.0426194 0.409622 0.0150299
0.0381355 0.4466 0.0181776
0.0372772 0.447126 0.0172537
0.0396005 0.413538 0.0174013
0.0394697 0.408406 0.017982
0.0443911 0.464763 0.0193265
0.0391125 0.43231 0.0164066
0.0361926 0.403596 0.0171011
0.0381074 0.432818 0.0174763
0.040941 0.451592 0.0178185
0.0418616 0.465856 0.0159193
0.04081 0.462806 0.0169834
0.0442194 0.461562 0.0173004
0.0419245 0.478828 0.0174239
0.0417729 0.413145 0.0154289
0.0383222 0.453512 0.0185631
0.0368492 0.430404 0.0176675
0.0371896 0.45132 0.020567
0.0427182 0.450544 0.0176399
0.0429124 0.442409 0.0154708
0.0424032 0.44422 0.0169067
0.0429606 0.484369 0.0192394
0.0427652 0.486049 0.0177897
0.0379303 0.401353 0.0166662
0.0371351 0.439772 0.014948
0.0356395 0.426533 0.0171351
0.0392284 0.505434 0.0179199
0.0372645 0.47164 0.015589
0.0388195 0.4863 0.0146842
0.0376464 0.468021 0.0158886
0.0368413 0.473766 0.0195191
0.0403717 0.466975 0.0180886
0.0384457 0.465299 0.0152595
0.0375928 0.450346 0.0156151
0.0435289 0.454871 0.0155853
0.0392131 0.442035 0.0157988
0.0361899 0.475666 0.0197778
0.0357562 0.473728 0.0196461
0.0365088 0.495965 0.0148384
0.0378093 0.529773 0.0191453
0.0374746 0.482317 0.0150702
0.0396224 0.480368 0.0165116
0.0409718 0.452273 0.0147944
0.0407553 0.462415 0.0164648
0.0366025 0.440418 0.0188475
0.0399559 0.504195 0.0142476
0.0410423 0.49782 0.015643
0.0398148 0.500883 0.0164489
0.0437021 0.512359 0.0154921
0.0437202 0.497212 0.0156316
0.0419077 0.495161 0.0149138
0.0350363 0.461946 0.0145019
0.0384103 0.490093 0.0144263
0.0400467 0.479263 0.0166731
0.039574 0.560655 0.0143063
0.0413312 0.523938 0.0163791
0.0444597 0.558814 0.0150973
0.0423092 0.508338 0.0176206
0.0430264 0.478926 0.0150943
0.0424871 0.434142 0.0178061
0.0450871 0.452154 0.0160295
0.0402111 0.490153 0.0170812
0.0407523 0.46174 0.019478
0.0410992 0.447641 0.0136609
0.0356726 0.424488 0.0149008
0.0391694 0.45565 0.0158102
0.0411148 0.487636 0.0191262
0.0435183 0.492611 0.0163371
0.0427521 0.442628 0.0159737
0.040742 0.445038 0.0151834
0.0397247 0.464404 0.0144375
0.0404379 0.500521 0.0154739
0.0377038 0.513317 0.0157318
0.0383263 0.514782 0.0186938
0.0382128 0.495912 0.0171496
0.0344173 0.491596 0.0142755
0.0334734 0.456634 0.0156555
0.035607 0.503262 0.0178645
0.0355294 0.49818 0.0187576
0.0349718 0.502867 0.0172796
0.0399821 0.508732 0.0186741
0.0350327 0.491864 0.015529
0.03835 0.439125 0.0166855
0.0391946 0.463245 0.0152993
0.0392651 0.445236 0.0180157
0.04261 0.444753 0.0167423
0.0411751 0.471655 0.0174086
0.0413908 0.445902 0.0152762
0.0433414 0.469127 0.0170691
0.0442674 0.444503 0.0161433
0.0450807 0.525445 0.017556
0.0470786 0.502068 0.023166
0.0450346 0.533301 0.0186685
0.0434929 0.508643 0.0178745
0.0434491 0.496708 0.0187798
0.0422245 0.508724 0.0175804
0.042627 0.462392 0.0162326
0.0434341 0.471361 0.016513
0.0421597 0.50215 0.0160544
0.0450678 0.483335 0.0177751
0.0435913 0.469612 0.0146386
0.0414037 0.479568 0.017366
0.0420456 0.470054 0.0171131
0.0427897 0.527365 0.0163356
0.0402947 0.445218 0.0178059
0.0410528 0.47231 0.0147264
0.043133 0.478774 0.0160641
0.0427531 0.474779 0.0171646
0.0467841 0.4479 0.0170667
0.0395822 0.419592 0.0174932
0.0438372 0.483576 0.0182463
0.0383205 0.435424 0.0162657
0.0409829 0.50437 0.0156258
0.0388422 0.488026 0.0168129
0.0389204 0.446462 0.0147655
0.038683 0.458736 0.0163866
0.0388645 0.440424 0.0179558
0.0404025 0.522099 0.0159592
0.0406029 0.544762 0.0187443
0.0423611 0.478089 0.013277
0.0428459 0.502636 0.0166699
0.0431559 0.545954 0.0165208
0.0422381 0.528752 0.0164053
0.0446152 0.516896 0.0170078
0.0415582 0.452669 0.0176129
0.0419007 0.44924 0.0151839
0.0424775 0.466297 0.013879
0.0432805 0.478678 0.0186615
0.0454788 0.517384 0.018431
0.0419524 0.526166 0.0155998
0.0399443 0.509573 0.0156776
0.043044 0.542563 0.0175662
0.0422888 0.548035 0.0191251
0.0416657 0.537867 0.0163783
0.0437269 0.51061 0.0147569
0.040731 0.495969 0.0173393
0.0423452 0.508926 0.0157486
0.045589 0.565525 0.0165279
0.0423349 0.52435 0.0168253
0.0471648 0.562366 0.0170327
0.0401016 0.497683 0.0179336
0.0400436 0.46452 0.0148531
0.0425824 0.503669 0.0171331
0.0391637 0.508129 0.0172745
0.0366684 0.452715 0.0168625
0.0377471 0.522883 0.0179456
0.037859 0.520372 0.0187498
0.0374937 0.535056 0.0178591
0.0379185 0.505288 0.0170627
0.0375552 0.505466 0.017014
0.0380453 0.56949 0.0154447
0.0399784 0.557082 0.0184805
0.0366589 0.511381 0.0194639
0.0383379 0.540362 0.0178802
0.0393444 0.55275 0.0176876
0.039828 0.515918 0.0180777
0.0383242 0.521123 0.0168875
0.0373215 0.53063 0.0158065
0.039636 0.529137 0.016819
0.0377624 0.506573 0.0179617
0.0368037 0.48504 0.0172765
0.0394724 0.514964 0.0173761
0.0387953 0.493082 0.016561
0.0373001 0.489537 0.0150696
0.0380087 0.50301 0.0154738
0.0412239 0.52657 0.0152444
0.0416999 0.520451 0.0142694
0.0450365 0.536272 0.0182712
0.0466931 0.535254 0.0200699
0.0478169 0.583486 0.0193242
0.0433627 0.535216 0.0164455
0.0432434 0.531131 0.0169502
0.044113 0.527082 0.0166497
0.0456883 0.513264 0.0157132
0.0415759 0.504751 0.0169555
0.0418655 0.509427 0.0156312
0.0451499 0.545087 0.0148208
0.043527 0.526516 0.0163594
0.0413401 0.502016 0.0147095
0.0389347 0.500661 0.0169227
0.0417434 0.492753 0.0171348
0.0419043 0.499069 0.0146407
0.0402043 0.47696 0.0152369
0.0395527 0.486973 0.0152375
0.038947 0.498488 0.0152592
0.040091 0.510321 0.0184016
0.0387231 0.487341 0.0176891
0.04124 0.505351 0.0192657
0.0457761 0.542059 0.0172091
0.0472187 0.546665 0.0178451
0.0445975 0.499909 0.014844
0.0468028 0.569198 0.0175404
0.0463802 0.548519 0.0175252
0.0442323 0.532969 0.0164229
