401 50
-0.142 -0.14 -0.24 0 -0.24 -0.28 -0.08 -0.54 0.64 -0.28 -0.24 -0.14 
1.826 -7.798 -7.16814 -8 -7.97826 -7.7561 -8 -7.62085 -8 -7.93684 -7.85116 -7.78281 
3.04923 -7.988 -8 -8 -8 -8 -7.9434 -8 -7.93407 -8 -8 -8 
4.5077 -7.988 -8 -8 -8 -8 -7.95349 -7.92638 -8 -8 -8 -7.97727 
4.974 -7.96815 -8 -8 -7.92814 -8 -7.8534 -8 -7.94175 -8 -7.94298 -8 
5.74728 -7.92435 -7.78378 -7.8995 -7.91582 -8.00726 -8 -8.00007 -7.99917 -8 -7.95918 -7.65829 
5.70851 -7.93492 -8 -7.55122 -7.84466 -8 -8.00853 -7.96244 -8 -8 -8 -8 
5.80206 -7.97148 -8 -8 -7.94356 -8 -8.00036 -7.91337 -8 -8 -7.9061 -7.96059 
5.40024 -7.91581 -7.90751 -8 -7.76378 -7.93939 -8.03216 -7.87097 -8 -8 -7.71585 -7.90123 
5.52892 -7.95882 -7.67619 -8 -7.9375 -8 -7.98794 -8 -8 -8 -8 -8 
6.01162 -7.92824 -7.82108 -7.90476 -7.82888 -7.69773 -8.14042 -8 -8 -8.00323 -7.91011 -8 
6.35297 -7.91753 -7.79513 -8 -7.89796 -7.96573 -7.7565 -8.00271 -8 -7.92271 -7.92 -7.93651 
6.04138 -7.89736 -8 -7.8392 -8 -7.92157 -8.05873 -8 -7.5098 -7.78261 -8 -7.85884 
6.0976 -7.93457 -8 -7.9397 -7.9604 -7.9602 -8.15834 -7.88119 -7.5102 -8 -8 -7.94118 
6.45131 -7.94182 -8 -8 -7.29293 -8 -8.2107 -8 -8 -7.99838 -8 -7.90099 
6.75725 -7.97682 -7.75 -8 -7.90291 -7.99598 -8.26755 -7.93548 -7.97775 -8 -7.96078 -8 
6.28005 -7.94794 -8 -7.74429 -7.97938 -7.98253 -8.0842 -8 -7.86709 -7.97927 -7.91209 -7.93939 
6.46541 -7.99097 -7.97778 -8 -8 -8 -8.15706 -7.9598 -7.9883 -8 -7.84541 -8 
6.31 -7.99415 -8 -8 -8 -8.03313 -8.29474 -8 -7.98655 -7.66138 -7.96135 -7.96209 
5.80699 -8.00565 -8 -8 -7.9596 -8 -8.33488 -7.9434 -7.92558 -8 -7.91444 -8 
6.27708 -7.92466 -8 -7.89011 -7.82524 -7.76786 -8.29403 -7.86538 -7.92157 -7.94118 -8.00688 -7.74332 
6.10022 -7.97953 -8 -7.85492 -7.99633 -8 -8.33488 -7.95786 -7.98174 -8 -7.8607 -7.84396 
6.41524 -7.9542 -8.00287 -8 -7.83366 -8 -7.98778 -7.79695 -8 -8 -8 -7.92793 
6.60715 -7.93356 -7.8232 -7.9276 -7.91489 -7.91209 -8.3125 -8 -7.93684 -7.65217 -7.85714 -8 
7.00968 -7.922 -7.67677 -7.9204 -7.96413 -8 -8.19422 -7.92982 -8 -7.93846 -7.71014 -7.85882 
6.58256 -8.01142 -7.98128 -8.02548 -8 -7.96209 -8.27961 -7.96154 -7.91878 -7.97917 -8 -8 
6.32057 -7.97063 -7.93846 -8.41378 -7.89691 -7.76842 -8.27982 -7.96226 -8 -7.43612 -7.92381 -8.00702 
6.60796 -8.05033 -7.94828 -8.92958 -7.92417 -8 -8.33488 -7.6 -8 -8 -7.91919 -7.90521 
6.19105 -8.09403 -8.01184 -9.26037 -8 -8 -8.33488 -7.53299 -8 -7.90062 -8 -7.90476 
6.61992 -8.01545 -8.10677 -8.49998 -8 -7.78022 -8.20277 -7.91444 -7.79343 -7.92857 -7.97895 -7.92825 
6.62496 -7.89775 -7.87565 -8.21149 -7.86743 -7.75221 -8.33235 -8 -8 -7.15789 -7.92157 -7.91351 
6.72142 -8.00452 -7.9005 -8.31616 -7.96413 -7.98148 -8.33488 -8 -7.93617 -7.76842 -7.86813 -8 
6.828 -8.07186 -8 -8.59203 -7.89798 -8 -8.24947 -8 -8.00023 -8 -8 -8 
7.076 -8.04742 -8 -8.35179 -8 -7.9596 -8.3313 -8 -7.98104 -7.94146 -8.01106 -7.9171 
7.35124 -7.96952 -8 -8.04607 -7.74634 -7.89873 -8.17147 -7.91667 -7.99569 -8 -8 -7.92941 
7.08164 -7.98965 -7.9196 -7.92694 -7.97753 -8 -8.24891 -8 -8 -8 -7.92593 -7.91534 
7.02374 -8.01492 -8 -8.09819 -7.72043 -8 -8.33488 -8 -8 -8 -7.94286 -8 
7.29656 -8.00013 -7.91878 -7.81152 -8 -8 -8.20613 -8 -8 -8 -8.07232 -8 
7.32084 -8.06952 -8 -7.98677 -7.75879 -8 -8.25196 -7.91061 -8 -7.75 -8.9121 -8 
7.1739 -8.02592 -8 -8 -8 -7.73094 -8.27038 -7.96135 -8 -7.79592 -8.45765 -8 
7.10022 -8.11307 -8 -8 -8 -7.72043 -8.18731 -7.96615 -7.97701 -7.99845 -9.33167 -7.92889 
7.12055 -8.14263 -8 -7.97917 -7.83815 -7.91209 -8.2751 -7.97661 -8 -7.88971 -9.54663 -8 
7.076 -8.35164 -8 -7.89305 -8 -7.9602 -8.33488 -8 -8 -8.46072 -10.7666 -7.93846 
7.04059 -8.21002 -7.76267 -7.89637 -8 -7.92558 -8.25111 -8 -7.90476 -8.48486 -9.87609 -7.96172 
7.09167 -8.29823 -8 -8 -7.9116 -8 -8.29504 -7.99218 -8.03595 -8.51241 -10.4856 -7.8125 
6.49675 -8.32325 -7.81152 -7.96154 -8.00021 -7.97146 -8.293 -7.94444 -8.1419 -8.8897 -10.2868 -8 
7.04173 -8.45971 -8 -7.61026 -8 -8.0693 -8.33488 -8 -8.67038 -9.17791 -10.5264 -8 
7.10828 -8.29934 -8 -7.96438 -8 -8 -8.33488 -8 -8.38858 -9.5989 -8.80924 -8 
6.59629 -8.24283 -8 -8.00075 -8 -7.96262 -8.33488 -7.9171 -8.2564 -9.01072 -8.95279 -7.8408 
5.92689 -8.3447 -8 -8.00021 -7.90718 -8 -8.32969 -7.88119 -8.77269 -9.49663 -9.22923 -7.81287 
6.01023 -8.33476 -7.9845 -8 -7.84834 -7.86965 -8.33488 -7.71429 -8.84031 -8.86368 -9.68633 -8 
6.44867 -8.54324 -8.05498 -8 -8 -7.91878 -8.33488 -8 -9.26874 -10.4799 -9.23568 -8 
6.69298 -8.56646 -8.12544 -8 -8 -7.89583 -8.25512 -7.84238 -8.97466 -10.7711 -9.22255 -7.91753 
7.16266 -8.48193 -7.97978 -7.88119 -8 -8 -8.33403 -8 -9.679 -10.2713 -8.83397 -8 
7.27654 -8.43886 -8 -7.99838 -8 -7.75258 -8.26063 -7.9171 -9.23105 -9.72636 -9.73042 -8 
7.39808 -8.5045 -7.84615 -7.99356 -8.01195 -7.92118 -7.95759 -7.8359 -9.65853 -10.1897 -9.67995 -7.92727 
6.92362 -8.42731 -7.89381 -7.93781 -8.05791 -8 -8.21726 -7.9803 -9.83328 -10.3839 -8.46384 -7.94059 
6.5353 -8.36963 -7.5468 -7.99275 -8 -7.97008 -8.33488 -7.97661 -9.74877 -9.80698 -8.08769 -8 
6.12419 -8.51963 -7.90431 -7.99371 -8 -7.94419 -8.33488 -7.51913 -9.81692 -10.7697 -8.65327 -8 
6.40288 -8.66041 -8 -7.97711 -8 -8 -8.27615 -8 -9.83328 -10.8532 -9.47086 -8 
6.81126 -8.71569 -7.95322 -7.9933 -8 -7.89247 -8.02762 -7.92857 -9.44453 -10.5964 -11.0477 -8 
6.77142 -8.71928 -7.79695 -7.99037 -7.86 -7.90751 -8.33488 -7.96154 -9.30412 -10.9615 -10.6978 -8.00566 
6.78168 -8.66908 -7.85947 -8.08488 -8 -7.93782 -8.32883 -7.87419 -9.66796 -10.853 -10.5305 -7.60301 
6.86455 -8.88472 -8 -8.61663 -8 -8 -8.33488 -7.85143 -9.83328 -11.3169 -11.2653 -8 
7.00006 -8.79456 -7.9801 -9.23489 -7.95897 -7.94175 -8.2378 -7.40661 -9.64724 -10.9334 -10.403 -8 
6.65041 -8.9555 -7.95789 -9.68634 -8.05628 -8 -8.19066 -7.98998 -9.83328 -11.3169 -10.8456 -8 
6.88348 -8.87131 -7.74634 -10.5096 -7.93909 -7.91061 -8.33488 -8 -9.81118 -11.3169 -9.14143 -8 
6.8078 -8.79509 -7.82456 -9.248 -7.94258 -7.9434 -8.2528 -8 -9.83328 -11.3169 -9.88543 -7.96 
6.98196 -8.84898 -7.86047 -9.3903 -7.68715 -8 -8.33488 -7.8018 -9.83328 -11.3169 -9.79711 -8.2738 
6.25004 -8.70028 -7.98991 -9.44572 -8 -7.87629 -8.3509 -8 -9.73689 -11.2819 -8.51436 -8 
6.19594 -8.7211 -8 -9.56559 -8 -8 -8.37335 -7.91667 -9.74183 -11.1264 -8.48276 -7.91398 
6.37311 -8.63592 -7.86792 -9.18111 -8 -7.9602 -8.72063 -8 -9.83328 -10.3458 -8.30563 -8 
7.09853 -8.7228 -8 -9.16321 -7.96098 -7.9 -8.7672 -7.98035 -9.83328 -11.3614 -8.42206 -7.96491 
7.19665 -8.74241 -7.87387 -8.607 -7.94203 -7.83287 -8.33488 -7.90338 -9.80782 -11.174 -10.0418 -7.89261 
6.89226 -8.54883 -7.97906 -8.97382 -7.89637 -7.43111 -8.31079 -7.96313 -9.81348 -10.8887 -8.85914 -7.62927 
6.42707 -8.58407 -8 -8.18558 -7.94545 -7.90385 -8.33488 -7.6 -9.65732 -10.9672 -9.38209 -7.89474 
6.43976 -8.40279 -8 -7.92827 -8 -8.00568 -8.32056 -7.97884 -9.74713 -9.66428 -8.4117 -8 
6.51445 -8.50976 -7.91623 -7.97917 -7.76812 -8 -8.33488 -8.09488 -9.63199 -10.3539 -9.67341 -7.86207 
6.25133 -8.80071 -8 -8.00764 -8 -8 -8.33488 -8.45157 -9.74298 -11.3169 -10.7209 -7.91228 
5.94334 -8.74112 -8 -7.93782 -7.92593 -7.57778 -8.33488 -8.97599 -9.58191 -11.235 -9.92862 -8 
6.19786 -8.69338 -7.94366 -7.87629 -7.66316 -7.93782 -8.33488 -8.85409 -8.81872 -11.0915 -10.1687 -7.91667 
6.46757 -8.67261 -7.81043 -8 -7.96226 -7.81351 -7.95979 -9.06312 -9.22472 -11.3169 -9.72056 -8 
6.05095 -8.75098 -7.9774 -7.96135 -7.83673 -8 -8.26378 -9.07357 -9.5662 -11.2874 -9.59543 -7.94979 
6.09912 -8.78336 -8 -8 -8 -7.94059 -8.47109 -9.45103 -9.76963 -11.2153 -8.78407 -8 
6.87718 -8.57348 -8 -8 -8 -7.89691 -8.25111 -9.17908 -9.43505 -11.1627 -8.27127 -7.84541 
7.04985 -8.62582 -8 -8 -7.92308 -7.93333 -8.3211 -10.051 -9.22784 -11.2315 -8.06829 -8 
7.4176 -8.55992 -7.96296 -8 -8 -8 -8.33488 -9.59436 -8.88093 -11.035 -7.90764 -8 
6.95042 -8.70152 -7.87692 -8 -8 -7.9619 -8.33488 -10.3549 -9.0074 -11.2908 -7.8125 -7.89628 
6.72709 -8.59482 -7.97949 -7.99849 -8 -7.91878 -8.31455 -9.63943 -8.85241 -11.3169 -7.79505 -7.95556 
6.1408 -8.50435 -7.95767 -8 -7.87166 -7.91398 -8.33488 -9.90853 -8.4262 -10.4292 -8 -7.92558 
6.24339 -8.56426 -7.90909 -7.53052 -8 -7.90244 -8.24099 -9.77421 -8.88833 -11.2165 -8 -7.94212 
6.64319 -8.55355 -7.86957 -8 -8 -7.99779 -8.31278 -9.51574 -9.26217 -10.3959 -8 -7.88293 
6.72982 -8.28779 -8 -8 -7.93805 -8 -8.1815 -8.69822 -8.58538 -10.2007 -7.53216 -7.87826 
6.44855 -8.33808 -7.88771 -7.85492 -7.80696 -7.94419 -8.33488 -9.01423 -8.365 -10.0461 -7.95939 -7.9879 
7.04987 -8.36272 -8 -7.77034 -7.74198 -8 -8.20321 -9.91046 -8.32303 -9.25487 -8 -8.00059 
6.88085 -8.48596 -7.9403 -8 -8 -8 -8.33488 -10.2105 -8.40211 -10.0423 -8 -7.97527 
6.37112 -8.30984 -7.85442 -8 -7.92118 -7.86325 -8.33488 -9.77616 -8.36926 -8.97255 -7.95294 -7.90663 
6.31527 -8.36698 -8 -7.9801 -7.93004 -8 -8.25477 -9.29054 -8.44447 -9.84355 -8 -7.90435 
6.0882 -8.40378 -8 -8 -7.39438 -8 -8.33488 -8.88649 -8.3378 -10.7861 -8 -7.96298 
5.70838 -8.24635 -7.93717 -7.80095 -8 -7.35 -8.37364 -9.87535 -7.93887 -9.74943 -7.90909 -7.9962 
6.02736 -8.36454 -8 -7.43947 -7.75238 -8 -8.74886 -9.63544 -7.93186 -10.2408 -7.91061 -7.81001 
6.5642 -8.42706 -7.92523 -8 -8 -8.18566 -8.33446 -9.35018 -8.02864 -11.0019 -8 -7.71389 
7.05421 -8.3281 -7.93684 -7.97932 -8 -8.00588 -8.09209 -9.27532 -8 -10.066 -8 -7.8822 
6.83405 -8.44071 -8 -8 -8.19345 -8.01945 -8.25068 -9.27282 -8 -10.6345 -7.94393 -8.01771 
7.16561 -8.36853 -8 -7.93814 -8.38097 -7.28942 -8.29363 -9.3259 -7.85303 -11.0744 -8 -7.80793 
6.91168 -8.49983 -8 -7.9798 -7.95745 -7.84615 -8.19333 -9.5456 -8 -11.2463 -7.77011 -8.03438 
6.94322 -8.444 -8 -7.96279 -8 -8.15522 -8.27278 -8.87873 -7.92638 -11.1418 -7.99941 -7.93371 
6.86269 -8.52607 -8 -8.01301 -7.8472 -8.00886 -8.1937 -9.55383 -8 -11.2464 -7.97661 -8.0032 
6.99166 -8.41593 -7.92079 -8.03699 -7.93617 -8 -8.20858 -9.23776 -7.87215 -11.245 -7.92233 -8 
7.18399 -8.36831 -7.87931 -7.98019 -8 -7.96244 -8.30733 -9.59917 -7.86727 -10.694 -7.82526 -7.76699 
7.00223 -8.44505 -7.87278 -8 -7.9097 -8 -8.32925 -9.02827 -8 -11.3169 -8 -8 
6.53517 -8.34721 -7.96009 -8 -7.8952 -8 -8.33488 -8.37488 -7.94091 -11.1292 -8 -7.87435 
6.49078 -8.31599 -7.88296 -7.95876 -7.98039 -8 -8.33488 -8.02742 -8 -10.9388 -7.98965 -8 
6.64883 -8.15076 -8 -7.82353 -7.9375 -7.93565 -8.2552 -8.16064 -8 -9.84665 -7.98225 -7.85185 
6.76294 -8.32285 -8 -8 -7.83784 -7.99577 -8.33488 -7.95288 -8 -10.7282 -8 -8 
6.92366 -8.34905 -7.65766 -8 -7.9802 -7.92793 -8.18072 -8.14799 -7.94118 -11.2751 -8 -7.88372 
6.77502 -8.29424 -7.92195 -7.91753 -8 -7.92727 -8.29617 -8.16886 -8 -11.073 -7.7747 -7.93443 
7.15916 -8.37407 -7.9141 -8 -8 -7.97793 -8.25283 -8.16064 -7.77238 -11.3169 -8 -8 
7.02755 -8.33951 -7.97927 -8 -7.94595 -7.9171 -8.32996 -8.16064 -7.91351 -11.2966 -7.95184 -7.9116 
6.86773 -8.29307 -7.92417 -8 -7.89583 -7.91543 -8.26559 -8.11625 -7.85459 -11.3169 -7.9802 -8 
6.75397 -8.33161 -8 -7.78218 -8.02056 -8.00048 -8.33488 -8.15836 -8 -11.3169 -8 -7.78313 
7.2317 -8.29064 -8 -7.93846 -8 -7.91534 -8.27691 -8.1439 -7.90909 -11.1917 -7.71698 -7.8392 
7.32057 -8.32314 -8 -8 -8 -8 -8.33488 -8.16064 -7.91837 -11.3169 -7.94514 -7.83673 
7.03008 -8.31617 -8 -8 -7.89061 -7.91667 -8.33488 -8.16064 -7.88889 -11.2041 -7.93493 -8 
6.69928 -8.29099 -7.92381 -8 -8 -7.85258 -8.21009 -7.97259 -7.98068 -11.2422 -8 -8 
6.89278 -8.32716 -7.94628 -7.93651 -7.95077 -7.911 -8.26109 -8.16064 -8 -11.3169 -7.71134 -8 
7.22234 -8.3006 -7.99938 -8 -8 -7.83659 -8.32372 -8.02961 -8 -11.3169 -7.86 -7.64684 
7.15098 -8.24284 -7.86562 -8 -7.97007 -7.87681 -8.33488 -8.16064 -7.80802 -10.4383 -8 -7.94373 
7.26405 -8.23265 -8.12423 -7.9602 -7.93514 -7.80494 -8.33488 -8.16064 -8 -9.94218 -8 -7.77436 
7.08183 -8.26883 -8.12843 -8 -7.82703 -7.71119 -8.23631 -7.78171 -8 -11.1621 -8 -7.91949 
7.13816 -8.31988 -8.20475 -7.91353 -7.98364 -7.85508 -8.11418 -7.85003 -8 -11.3169 -8 -7.82739 
6.78286 -8.25449 -8.23091 -7.98165 -8 -7.76122 -8.33488 -8.05682 -7.7907 -10.8519 -7.93443 -7.85366 
6.7016 -8.26981 -8.04853 -7.92065 -8 -7.97014 -8.33488 -8.0764 -8 -10.5403 -7.9807 -7.82821 
6.65829 -8.18953 -8.23933 -7.59777 -8 -8 -8.15239 -7.85295 -7.5098 -10.8251 -8 -8 
6.65711 -8.34597 -8.30813 -7.71429 -7.89286 -8 -8.3416 -8.16064 -8 -11.2475 -7.93191 -8 
6.90775 -8.32222 -8.33488 -8 -7.98122 -8 -8.25751 -8.13925 -8 -11.0432 -7.88013 -7.78537 
6.95693 -8.35169 -8.33488 -7.95181 -8 -7.93939 -8.16394 -8.16064 -7.96347 -11.289 -7.96428 -8 
6.47592 -8.44995 -8.3311 -8 -8 -8 -8.19212 -8.15909 -7.9338 -11.3284 -8 -8 
6.02596 -8.34157 -8.2203 -8 -8.00081 -7.96959 -8.04806 -8.07902 -8 -11.3335 -7.90196 -8 
6.31906 -8.31745 -8.19552 -7.91667 -7.98104 -7.94444 -8.10208 -7.66896 -7.99926 -11.345 -7.9596 -7.95897 
6.31082 -8.34961 -8.33488 -8 -8 -8 -8.29407 -8.14759 -7.86923 -11.2111 -8 -7.79884 
6.34144 -8.27954 -8.30815 -7.51445 -7.96077 -8 -8.22455 -8.1453 -8 -10.9214 -7.78641 -7.91852 
6.73651 -8.18546 -8.20933 -8.04377 -7.92439 -8 -7.99447 -7.85807 -7.96667 -9.98773 -8 -7.81373 
6.8921 -8.30232 -8.22301 -8 -7.91534 -7.86854 -8.33488 -8.11206 -8 -10.3876 -8 -8 
6.77702 -8.31749 -8.33488 -7.86919 -8.00408 -8 -8.30422 -8.15677 -7.97917 -10.5667 -8 -8 
7.18285 -8.27502 -8.33488 -7.94161 -7.95897 -8 -8.27316 -7.97817 -7.92881 -10.5718 -8 -7.57457 
7.72231 -8.35855 -8.04905 -8 -8 -8 -8.33488 -8.14024 -7.89289 -11.2617 -8 -8 
7.39922 -8.37577 -8.26946 -7.92118 -7.88223 -8 -8.33488 -8.12268 -7.91035 -11.3191 -8 -8 
7.13292 -8.35868 -8.33436 -7.9171 -7.96372 -8 -8.29468 -8.16023 -8 -11.1811 -7.98149 -8 
7.31988 -8.3681 -8.31539 -8 -7.95154 -8 -8.29793 -8.16064 -7.96746 -11.1673 -8 -7.61702 
7.76252 -8.30623 -8.05642 -8 -7.85623 -7.97433 -8.18702 -8.03485 -8.33707 -10.9348 -8 -8 
7.80306 -8.47294 -8.33488 -8 -7.91806 -7.76677 -8.33488 -8.13581 -8.80578 -11.0858 -8 -8 
7.59621 -8.42824 -8.295 -8 -8 -7.98375 -8.27278 -8.16064 -8.62438 -10.9683 -8 -7.83277 
7.80792 -8.35067 -8.24936 -8 -8 -7.99019 -8.29257 -8.15335 -9.3754 -9.88743 -7.83486 -8 
7.82978 -8.37727 -8.33488 -7.90223 -7.80952 -7.9277 -8.33488 -8.13386 -9.04164 -10.4805 -7.78846 -7.9397 
7.27909 -8.40724 -8.33488 -7.60028 -7.96653 -7.9923 -8.33488 -8.10434 -8.91011 -10.9703 -8 -7.90087 
7.10801 -8.44414 -8.28299 -7.90847 -8 -8 -8.27346 -8.10923 -9.05006 -10.6673 -7.87827 -7.89011 
7.46671 -8.53985 -8.33488 -8.00136 -8 -8 -8.33488 -8.05959 -9.45818 -10.9061 -8 -8 
7.93159 -8.5631 -8.33488 -8 -7.98877 -8 -8.33488 -8.12657 -9.57329 -11.247 -7.97802 -7.89381 
7.64449 -8.5806 -8.33488 -7.94444 -8 -7.71515 -8.2847 -8.15211 -9.77019 -11.2235 -7.96261 -7.98131 
7.41899 -8.58691 -8.2066 -7.91727 -7.96364 -7.72683 -8.33488 -8.0882 -10.2946 -11.3169 -7.85833 -8 
7.35998 -8.6657 -8.28465 -8 -8.4608 -7.94175 -8.33488 -8.41177 -9.47334 -11.1167 -8 -8.16097 
7.41892 -8.48141 -8.16484 -7.99831 -7.81583 -7.99817 -8.33488 -8.66715 -8.67581 -11.3169 -8 -8 
6.93049 -8.46601 -8.184 -7.99414 -7.74884 -8 -7.87024 -9.30132 -8.84933 -11.1621 -8.0987 -7.96209 
7.09479 -8.56007 -8.20404 -7.93606 -7.6437 -7.90419 -8.31248 -9.44592 -8.96843 -11.2616 -7.95958 -7.9475 
7.24331 -8.58443 -8.12537 -7.98169 -7.86597 -7.72732 -8.24207 -9.81907 -8.97308 -10.8996 -8.23936 -8 
7.30008 -8.67013 -8.06694 -7.99555 -7.85349 -8 -8.33488 -9.64703 -9.88 -10.5079 -8.56964 -7.93365 
7.44866 -8.85095 -8.07 -7.99054 -7.4932 -8 -8.1878 -10.5144 -10.8068 -10.7286 -8.82987 -8 
7.49025 -8.99831 -8.10324 -7.9922 -7.81239 -8.00081 -8.26662 -10.914 -10.1958 -11.3169 -9.51585 -7.94474 
7.49685 -8.79181 -7.95245 -7.73824 -7.96187 -7.96171 -8.33488 -10.2628 -8.96476 -10.781 -9.75283 -8 
7.39799 -8.74237 -8.04162 -7.79394 -8.0097 -8.04385 -8.22893 -10.7782 -8.47606 -10.9911 -9.17204 -8 
6.5773 -8.70718 -7.98454 -7.98029 -8 -7.97559 -8.33488 -10.6533 -8.51131 -10.6058 -9.48949 -7.9788 
5.91751 -8.80688 -8.08456 -7.97817 -7.99438 -8.03363 -8.33488 -10.744 -8.35271 -11.0083 -9.86008 -7.88517 
6.88965 -8.71788 -8.00262 -7.88615 -7.95029 -7.62396 -8.34056 -10.5006 -8.05262 -11.2661 -10.2982 -7.87761 
6.75258 -8.75031 -7.86207 -7.94522 -8 -7.52545 -8.33488 -10.8063 -7.91463 -11.2853 -9.86236 -8 
6.56468 -8.98058 -8 -7.94458 -8.13166 -8 -8.25361 -10.7631 -7.97802 -11.1656 -10.3227 -8.74509 
6.9801 -9.01814 -7.85567 -7.92998 -7.97814 -8 -8.33488 -11.2436 -7.8226 -11.3169 -11.0858 -8.45825 
6.28442 -8.96507 -7.96702 -7.95803 -7.98172 -7.61091 -8.24054 -10.9598 -7.8186 -11.3149 -11.0529 -8.68556 
6.69513 -9.08446 -7.91785 -7.94499 -8.07056 -7.83333 -8.26731 -10.9379 -7.87758 -11.3578 -10.9835 -9.53964 
7.54079 -9.15918 -7.92615 -7.94072 -8 -7.96136 -8.33488 -10.8613 -7.90044 -11.229 -11.2031 -9.99956 
7.30639 -9.1914 -8 -7.95354 -7.91037 -7.99878 -8.29699 -10.278 -7.97051 -11.3169 -11.1462 -10.8925 
7.73734 -9.09942 -7.92439 -7.85107 -8 -7.99484 -8.33595 -9.71786 -7.94825 -11.2977 -11.1509 -11.3042 
7.57661 -8.97543 -7.8552 -7.93587 -7.87444 -7.99608 -8.33488 -9.34015 -7.72134 -11.181 -11.2871 -11.3169 
8.04132 -8.96409 -8 -7.78135 -8 -7.73709 -8.3202 -8.79259 -7.8908 -10.9587 -10.8426 -11.3169 
7.89727 -9.06891 -7.99306 -7.73498 -7.80723 -7.90895 -8.33488 -9.02242 -7.9542 -11.1172 -10.7971 -11.2414 
7.30366 -8.98362 -7.68701 -7.86965 -7.80876 -7.93909 -8.02741 -9.66165 -7.93557 -11.3169 -10.6032 -11.2163 
7.05818 -9.06296 -7.89703 -7.96073 -8 -8 -8.20241 -10.0984 -7.87468 -11.3169 -10.833 -10.3145 
6.38847 -9.05084 -8 -7.87222 -8 -8 -8.33458 -9.65797 -7.84933 -11.2074 -11.207 -10.402 
6.72718 -8.95428 -8 -7.91374 -8 -8 -8.31662 -9.88251 -7.96553 -10.8541 -10.9825 -9.46885 
6.42408 -9.1416 -8 -7.98597 -8.06092 -8 -8.28644 -9.86123 -7.8741 -10.7742 -11.311 -10.6816 
6.68516 -9.03665 -8 -7.9596 -7.92694 -7.92694 -8.33488 -9.34523 -7.71147 -10.9434 -11.3169 -10.6057 
6.55502 -9.10308 -7.87031 -7.8909 -7.66978 -8 -8.33488 -9.14818 -7.79318 -11.0098 -11.3169 -10.9095 
6.61371 -8.95428 -7.79872 -7.94944 -7.948 -8 -8.24203 -8.63462 -7.86578 -10.6778 -11.3169 -11.0995 
6.61762 -9.0249 -7.91396 -7.80593 -8 -7.97959 -8.32754 -9.19615 -7.95841 -10.2112 -11.3169 -11.1957 
7.06838 -8.91365 -8 -7.87222 -7.93064 -7.86132 -8.00836 -9.19535 -7.90378 -9.54673 -11.3091 -11.3169 
7.53302 -9.11255 -8 -7.50496 -7.90588 -7.92627 -8.13592 -9.96812 -7.98638 -10.6293 -11.3169 -11.3169 
7.79411 -8.98963 -8 -7.87894 -7.67982 -7.75353 -8.28191 -8.87671 -7.92728 -10.3723 -11.3169 -11.2918 
7.55625 -9.01756 -7.85553 -7.86935 -8 -7.90658 -8.4583 -9.81907 -7.94376 -10.9024 -11.2872 -11.252 
7.56546 -9.1511 -7.99728 -7.89851 -7.83903 -8 -8.39226 -10.3061 -7.71286 -10.712 -11.2655 -11.2598 
7.7833 -9.0874 -7.76661 -7.8199 -8 -8 -8.48132 -10.2437 -7.98979 -10.3154 -11.1181 -11.0683 
7.60321 -8.99632 -8 -7.95296 -8 -7.95676 -8.46157 -10.0716 -7.79299 -9.53846 -11.3169 -11.0752 
7.88214 -9.10427 -7.90458 -7.94463 -8 -7.84499 -8.25572 -10.1999 -7.81489 -10.747 -11.2991 -10.7975 
8.68492 -9.04716 -8 -7.93703 -7.81885 -8 -8.21599 -10.7999 -7.88243 -10.9463 -10.8002 -9.96811 
8.79239 -9.02267 -7.96748 -7.87868 -8.16222 -8 -8.31948 -10.7804 -7.95322 -10.8872 -9.48093 -11.0226 
8.50036 -8.94073 -8 -7.81205 -8.23212 -8 -8.33488 -10.348 -7.95003 -10.902 -10.2394 -10.2175 
8.43158 -9.06459 -7.81711 -7.93662 -8.67461 -7.91959 -8.33488 -9.77405 -7.94069 -11.3169 -10.3989 -10.5427 
8.65721 -9.09699 -8 -7.93662 -9.66502 -7.89304 -8.32072 -9.57631 -7.78108 -11.0572 -10.6339 -10.5417 
7.79399 -9.19806 -7.97561 -7.94118 -9.19103 -7.99253 -8.19949 -10.7836 -7.93662 -11.2512 -10.0152 -10.6895 
7.7346 -9.17419 -7.98068 -7.88657 -9.83095 -8 -8.33488 -10.5136 -7.93662 -11.3169 -10.9045 -8.86859 
7.7888 -9.35374 -7.71652 -7.9426 -9.84284 -8 -8.20758 -10.5727 -7.93662 -11.3169 -11.2435 -10.0746 
8.40589 -9.27369 -7.96234 -7.84863 -10.1227 -7.86871 -8.33488 -10.1717 -7.93662 -11.1413 -11.3097 -10.0071 
8.57632 -9.36972 -7.92745 -7.88992 -9.64601 -8 -8.33488 -9.88199 -7.78636 -11.1988 -11.3169 -11.8318 
9.308 -9.22692 -8 -7.81286 -9.16227 -8 -8.33488 -9.22098 -7.93882 -11.1424 -11.3169 -11.2755 
9.00984 -9.09253 -8 -7.93662 -8.90717 -8.00178 -8.23461 -8.85484 -7.59586 -10.0706 -11.3169 -11.548 
8.04987 -9.12583 -7.91958 -7.93711 -8.78057 -7.92968 -8.33488 -9.15408 -7.91864 -10.0243 -11.3169 -11.7454 
7.48269 -9.10147 -7.89587 -7.91476 -8 -7.96078 -8.3155 -9.76904 -7.93662 -10.9634 -10.8054 -11.4194 
8.03251 -9.13569 -7.85154 -7.93662 -8 -8 -8.33488 -9.99486 -7.93662 -11.3169 -11.3169 -10.9416 
7.80938 -9.12784 -7.90624 -7.96874 -7.91806 -8 -8.31241 -9.65985 -7.85818 -11.3169 -11.3113 -10.79 
7.44419 -8.99868 -7.95419 -7.93662 -7.95058 -7.90792 -8.31154 -9.62136 -7.79927 -10.8573 -11.3169 -10.9051 
8.39038 -9.09901 -8 -7.47508 -7.98666 -7.89617 -8.05434 -9.60597 -7.93978 -11.3169 -11.2316 -11.097 
8.7256 -8.79058 -8 -7.73857 -7.91759 -7.95918 -8.08341 -8.61223 -7.93662 -9.8456 -11.0308 -11.2975 
8.7251 -8.97797 -8 -7.93662 -7.87502 -7.97522 -8.28478 -7.97116 -7.92376 -11.1761 -10.602 -11.3169 
8.44391 -8.87723 -7.74504 -7.93662 -7.55458 -7.99402 -8.22008 -8.16064 -7.82199 -11.3169 -10.9562 -11.1475 
8.63083 -8.94812 -8 -7.93662 -7.73359 -8 -8.19774 -8.16064 -7.74862 -11.1214 -10.7141 -11.2218 
8.73609 -8.75195 -8 -7.93662 -7.68669 -7.96476 -8.26233 -8.13829 -7.93662 -9.85581 -10.3337 -11.2473 
8.9436 -8.66364 -8 -7.93662 -8 -7.75369 -8.39676 -7.98921 -7.5793 -10.1537 -10.4312 -11.3169 
8.75757 -8.78783 -8 -7.80758 -7.49863 -8 -8.59537 -8.16064 -7.98086 -9.84431 -10.7047 -11.3094 
8.96057 -8.76596 -7.99344 -7.81944 -7.81945 -7.98398 -8.40807 -8.05996 -7.72513 -10.2424 -10.5855 -11.2153 
8.89423 -8.91509 -7.97745 -7.83708 -7.86971 -7.76274 -9.75756 -8.16064 -7.93662 -10.3465 -10.5796 -11.0511 
8.73537 -9.05987 -7.92092 -7.98054 -7.84898 -8 -9.74382 -8.16064 -7.93662 -10.6792 -10.211 -11.2977 
8.29766 -8.76628 -7.99445 -7.93802 -7.86604 -8 -8.21604 -8.16064 -7.86029 -10.2373 -10.0085 -11.3169 
8.29972 -8.89349 -8 -7.91729 -7.99387 -7.8183 -8.445 -7.98068 -7.9711 -10.4431 -10.6541 -11.2597 
7.50919 -8.78131 -7.8858 -7.87131 -8 -8 -8.47534 -8.14044 -7.89215 -10.3827 -10.0698 -11.2623 
7.80862 -8.98189 -7.92207 -7.65163 -8 -8 -8.91846 -8.14611 -7.75736 -11.2104 -10.4919 -11.3169 
7.48507 -8.90308 -8 -7.93662 -7.97959 -7.90171 -9.51408 -8.32091 -7.8502 -10.9947 -10.3517 -10.2227 
8.01961 -8.94721 -7.98322 -7.93698 -7.97927 -8 -9.13215 -8.14025 -7.91852 -10.7349 -10.5743 -11.1103 
7.85374 -8.85051 -8 -7.93662 -7.86207 -8 -8.88905 -8.14828 -7.88883 -10.3746 -10.2284 -11.3169 
7.67775 -8.83137 -7.98773 -7.93662 -7.82775 -8 -9.20613 -8.13616 -7.8226 -10.7659 -9.03398 -11.2731 
7.38506 -9.01284 -7.98458 -7.93692 -8.58854 -7.84322 -9.59124 -8.31602 -7.86218 -10.6353 -10.5634 -11.3169 
7.0583 -9.25167 -7.93886 -7.93662 -8.70817 -7.82112 -10.1754 -8.36015 -7.93662 -10.7433 -10.8851 -11.3215 
7.61096 -9.10508 -7.89289 -7.93662 -8.32467 -7.92429 -9.58238 -8.08843 -7.93662 -10.7159 -11.1035 -11.2336 
7.29887 -9.19408 -8.11986 -7.93662 -8.54383 -8.25375 -9.60688 -8.61089 -7.9009 -10.3745 -11.1898 -11.3169 
7.10404 -9.30192 -8.15089 -7.93662 -9.24743 -8 -10.3317 -8.41279 -7.91852 -10.2701 -11.234 -11.0267 
6.93393 -9.26407 -8.12905 -7.82399 -9.50909 -7.94739 -10.1716 -8.51434 -7.8941 -10.1465 -11.2575 -11.0681 
7.11911 -9.13015 -7.79158 -7.80816 -9.6776 -7.95188 -9.80918 -8.22702 -7.86712 -10.2492 -11.3169 -10.6623 
6.72745 -9.12178 -7.95354 -7.79661 -9.3746 -7.87118 -10.6157 -8.12976 -7.74736 -10.298 -11.2045 -10.8932 
6.62142 -9.33892 -7.99315 -7.82785 -10.2202 -7.80756 -10.7817 -8.05492 -7.93662 -11.1372 -10.7437 -11.0273 
6.94722 -9.29228 -7.85824 -7.90341 -10.5714 -8.00303 -10.8086 -8.07832 -7.4435 -11.064 -10.6642 -11.0693 
7.56889 -9.47295 -7.94023 -7.87645 -10.5656 -8 -11.4121 -7.97429 -7.94291 -11.3104 -10.4295 -10.9419 
7.68622 -9.47341 -8 -7.77594 -10.74 -7.96165 -10.8512 -8.16064 -7.93662 -11.028 -10.47 -11.0561 
7.37153 -9.34684 -7.99329 -7.92471 -10.6389 -8 -11.435 -7.86239 -7.93662 -11.0056 -10.5114 -10.6118 
7.15303 -9.39252 -7.91029 -7.93662 -10.4512 -7.9377 -11.2902 -8.16064 -7.93696 -11.3169 -10.5994 -10.7435 
6.7957 -9.2753 -7.88942 -7.93662 -10.3322 -8 -11.5691 -8.10667 -7.93662 -11.2235 -10.921 -9.04304 
7.4967 -9.31841 -7.75676 -7.93662 -10.6484 -7.97555 -11.4761 -8.07646 -7.93662 -11.0418 -11.0264 -9.07206 
7.21008 -9.54116 -7.92743 -7.93662 -10.7868 -7.96999 -11.482 -8.07734 -7.84723 -11.1385 -10.8976 -10.4364 
7.35675 -9.35327 -7.99446 -7.93357 -10.8791 -7.99302 -11.128 -8.02133 -7.82525 -11.2404 -10.3822 -10.6191 
6.28022 -9.55954 -8 -7.93662 -11.0509 -8 -11.3095 -7.99053 -7.86518 -11.1325 -11.2585 -10.5913 
6.05284 -9.47478 -7.91044 -7.84194 -10.9333 -7.98197 -11.4666 -8.21633 -7.93662 -11.1273 -11.3169 -9.82818 
5.86507 -9.32526 -7.86012 -7.87346 -10.8758 -7.94322 -11.059 -8.17288 -7.84183 -10.2613 -11.0992 -10.6517 
6.20562 -9.33278 -7.78926 -7.93662 -11.2688 -7.92 -10.6351 -8.19085 -7.85744 -10.8569 -10.046 -11.2131 
6.86491 -9.62527 -7.88439 -7.9161 -11.0766 -8 -11.1573 -8.03005 -7.93662 -11.3138 -10.6683 -11.3169 
7.14469 -9.41083 -7.82274 -7.91822 -11.0951 -7.98728 -10.2704 -8.16064 -7.93662 -10.9717 -10.7933 -11.3169 
6.91544 -9.48932 -8 -7.93662 -11.3169 -7.89665 -10.1863 -8.16064 -7.93662 -11.3169 -10.9515 -11.3169 
6.69623 -9.39151 -7.99745 -7.90668 -11.234 -7.92656 -10.0749 -7.82503 -7.93662 -10.6567 -10.8757 -11.3133 
6.9997 -9.50099 -8 -7.93662 -11.2548 -8.21813 -9.95359 -8.16064 -7.70899 -11.2092 -11.0311 -11.2818 
7.03861 -9.40879 -7.91751 -7.80963 -11.303 -8.37592 -9.32165 -8.02009 -7.93662 -11.1963 -10.8972 -11.3169 
6.9235 -9.43918 -7.75355 -7.7999 -11.2887 -7.90809 -10.0426 -8.52248 -7.97783 -11.0543 -10.8004 -11.3169 
6.95322 -9.41427 -7.99665 -7.93662 -11.0939 -8.66635 -9.31565 -8.15491 -7.91673 -10.8714 -11.0459 -11.3154 
6.53641 -9.43861 -8.01211 -7.89945 -10.4201 -9.20639 -9.72673 -8.16064 -7.87691 -11.0483 -10.8709 -11.0521 
7.15129 -9.57814 -7.94689 -7.87721 -10.8155 -9.53941 -9.73709 -8.13629 -7.68297 -11.3142 -10.9578 -11.2789 
7.41406 -9.41238 -8 -8.10629 -10.9644 -9.58076 -9.10223 -8.10456 -7.63103 -11.3095 -10.8593 -11.0158 
7.329 -9.40914 -7.92946 -7.93662 -10.8394 -9.40967 -9.04666 -8.13314 -7.82746 -11.2301 -11.0089 -10.9622 
7.67305 -9.4238 -7.68805 -7.8021 -10.9016 -9.9615 -8.50778 -8.02295 -7.93662 -11.0832 -11.2802 -11.1861 
8.12171 -9.62629 -7.88977 -8.88898 -11.2705 -10.7548 -9.10428 -8.14998 -7.93662 -10.1957 -11.1909 -11.3169 
8.43227 -9.70934 -7.9723 -9.94194 -10.3718 -10.9944 -9.17435 -7.89872 -7.93662 -10.5219 -10.8772 -11.3169 
8.31695 -9.60401 -8 -9.89148 -11.1596 -10.2967 -8.65979 -8.08029 -7.83575 -10.1345 -10.9414 -11.2744 
8.74486 -9.42636 -8 -9.10551 -9.66312 -10.3396 -9.63216 -8.05243 -7.59906 -9.94241 -11.0476 -11.3169 
8.23726 -9.92589 -8 -9.90664 -11.0494 -11.2659 -10.0793 -7.77251 -7.71413 -11.1323 -11.3169 -10.8555 
7.61857 -9.9649 -7.80749 -10.1884 -11.2133 -10.7228 -9.66963 -8.92039 -7.66719 -11.1086 -11.1791 -11.1227 
7.38585 -9.95341 -7.95296 -9.10942 -11.1951 -10.9383 -10.2441 -8.40856 -7.93662 -11.1966 -11.3172 -11.2781 
7.58113 -9.80803 -7.96203 -9.05983 -11.1726 -10.918 -10.1972 -8.22006 -7.84737 -10.9579 -11.0562 -11.1489 
6.99063 -9.96252 -7.8912 -9.09073 -11.0539 -10.1503 -10.9811 -9.20896 -7.89856 -11.0618 -11.3169 -11.2795 
6.92182 -9.99392 -7.87988 -8.73817 -10.8586 -11.3169 -10.4144 -9.78069 -7.86461 -10.5012 -11.3101 -11.3169 
6.90482 -9.90763 -8 -7.99451 -11.0506 -11.3169 -10.1136 -9.19985 -7.54857 -10.7294 -11.2642 -11.3169 
5.92114 -9.91115 -8 -7.97228 -10.4967 -11.3169 -10.367 -9.1322 -7.90108 -11.1165 -11.3169 -11.2976 
6.03663 -9.78947 -8 -7.93662 -10.1576 -11.1348 -10.4332 -8.47655 -7.82559 -11.3169 -11.3169 -11.143 
6.55336 -9.67512 -7.92028 -7.93864 -11.0653 -9.98072 -10.5304 -8.22741 -7.91774 -10.7587 -10.6782 -11.3169 
7.1001 -9.50545 -8 -7.59382 -10.3112 -10.3759 -9.95788 -8.23897 -7.93662 -11.0439 -9.77696 -11.1808 
6.00236 -9.5888 -8 -7.93766 -11.231 -9.88769 -9.79732 -8.35017 -7.75772 -11.1171 -10.9493 -10.6899 
6.90501 -9.66506 -8 -7.81498 -11.0801 -10.8376 -10.602 -8.92041 -7.93662 -10.4385 -10.2872 -10.9014 
7.24347 -9.57084 -8 -7.93662 -11.2301 -10.408 -10.4219 -8.65347 -7.93662 -10.4926 -10.5825 -10.5209 
7.57063 -9.63106 -7.88819 -7.82205 -10.8813 -9.98286 -10.1263 -9.23221 -7.93744 -10.4835 -10.7835 -11.1528 
8.00872 -9.61541 -8 -7.9436 -10.6782 -9.92652 -10.7292 -9.20398 -7.84211 -10.464 -10.7144 -11.0687 
7.49196 -9.81513 -8 -7.8414 -10.947 -9.86014 -10.5584 -9.70303 -7.93662 -10.9655 -11.0759 -10.8447 
8.12224 -9.84087 -7.8255 -7.94075 -10.9896 -9.93439 -9.63195 -10.8711 -7.93662 -10.7902 -11.2799 -10.9107 
8.03083 -9.62705 -8 -7.93662 -10.5772 -9.46416 -9.10911 -10.6262 -7.93662 -11.1404 -10.4145 -10.9804 
8.31289 -9.6907 -8 -7.85166 -9.64436 -9.06932 -9.26453 -11.2654 -7.93662 -11.1676 -10.7015 -11.2579 
7.63605 -9.57878 -8 -7.93662 -9.22565 -9.24 -9.36874 -11.1017 -7.82516 -11.2781 -11.0781 -11.1747 
7.23633 -9.52311 -7.853 -7.93662 -9.39301 -9.01807 -9.38696 -10.4871 -7.93662 -11.2967 -10.6719 -11.3404 
7.32754 -9.61389 -8 -7.93662 -9.27368 -9.40083 -9.3005 -11.1052 -7.93662 -11.1912 -10.8261 -10.9725 
7.31719 -9.57225 -7.91407 -7.93662 -8.91943 -9.20348 -9.295 -10.6764 -7.95124 -10.7521 -11.2307 -11.3169 
6.8357 -9.57152 -7.97793 -8.08408 -8.8372 -9.27837 -9.39611 -11.2059 -7.93662 -11.3169 -10.9087 -10.9414 
6.8552 -9.6182 -8 -7.9719 -8.68082 -9.30926 -9.43735 -11.3524 -7.92368 -11.1892 -10.5157 -11.1765 
7.37047 -9.34419 -7.97529 -7.93662 -8.76843 -9.0123 -9.70349 -9.6775 -7.68084 -11.1284 -10.5929 -11.3169 
7.64786 -9.51718 -7.86305 -7.86355 -8.68078 -8.60855 -9.59675 -10.9773 -7.93662 -11.2581 -10.6724 -11.2086 
7.51666 -9.43954 -8.03393 -7.87105 -8.80727 -8.78027 -9.36646 -11.283 -7.90426 -10.4432 -10.7334 -11.1962 
8.07234 -9.49181 -8 -7.93102 -8.57911 -9.09692 -9.22359 -11.3945 -7.77397 -10.7499 -10.7924 -11.363 
7.93086 -9.50891 -7.9068 -7.93662 -8.8372 -9.40467 -9.3425 -11.3825 -7.72664 -10.1783 -11.0578 -11.1203 
7.61427 -9.3775 -8 -7.68634 -8.78612 -9.38017 -9.39611 -11.3708 -7.45976 -10.5153 -10.6217 -11.1969 
7.74583 -9.46989 -7.91268 -8.2373 -8.8372 -9.40467 -9.39322 -10.9041 -7.8681 -10.8502 -10.3555 -11.3111 
7.26712 -9.4715 -8 -8.33169 -8.8372 -9.23965 -9.08841 -11.1602 -7.77808 -10.9525 -10.3156 -11.123 
7.06551 -9.62035 -7.91388 -9.21102 -8.80242 -9.16574 -9.39611 -10.8114 -7.94049 -11.1957 -10.6755 -11.3169 
7.49873 -9.70041 -7.72537 -9.89285 -8.78811 -8.88606 -9.39611 -11.4056 -7.93662 -11.0174 -10.7333 -11.1781 
7.60002 -9.60176 -7.75929 -10.0221 -8.8372 -9.03695 -9.39611 -11.4775 -7.80775 -11.2322 -9.7114 -11.2336 
8.03703 -9.75483 -7.79077 -10.2205 -8.6614 -9.18716 -9.39611 -11.3772 -7.93662 -11.3169 -10.1696 -11.3563 
8.3212 -9.83104 -7.91432 -10.233 -8.55033 -9.45883 -9.39611 -11.3914 -7.93662 -11.2986 -11.0163 -11.3177 
7.86979 -9.84586 -7.80636 -10.5977 -8.85589 -9.47483 -9.39362 -11.0203 -7.72137 -11.2991 -11.3169 -11.3302 
8.13576 -9.89057 -8.04379 -10.348 -8.65141 -10.0099 -9.39611 -10.7884 -7.93662 -11.0632 -11.2089 -11.3391 
7.72266 -9.86268 -8.03381 -10.3613 -8.88378 -10.121 -9.33496 -10.5534 -7.93679 -11.0751 -11.1906 -11.3169 
7.40116 -9.88669 -7.88771 -10.5973 -8.66137 -9.84489 -9.38514 -11.1961 -7.59373 -11.2233 -11.0051 -11.1145 
7.41384 -9.87174 -8.02027 -10.4416 -8.91955 -9.75055 -9.15686 -10.9194 -7.88232 -11.299 -10.87 -11.2982 
8.04193 -9.78797 -7.91399 -10.7061 -9.01177 -10.2573 -9.27521 -11.0161 -7.93911 -10.608 -10.3825 -10.6267 
7.49911 -9.62453 -7.57239 -10.487 -9.04012 -10.2365 -9.26348 -10.6741 -7.93662 -10.381 -9.71796 -11.1695 
8.11235 -9.69316 -8.03552 -10.3887 -8.82027 -10.01 -9.25715 -10.3608 -7.93677 -11.1464 -10.3878 -11.0647 
7.29989 -9.72812 -8 -10.0951 -9.02637 -9.99369 -9.37363 -9.59492 -7.93662 -11.3169 -11.1046 -11.3213 
7.02848 -9.80685 -8 -10.5997 -8.96739 -9.80368 -9.1723 -9.90697 -7.84662 -11.3017 -10.9777 -11.0955 
7.48047 -9.77297 -8.00764 -11.1378 -8.9539 -9.80407 -9.37569 -9.5327 -7.8188 -11.3169 -10.6785 -11.0686 
7.19981 -9.8222 -7.93697 -10.7716 -9.08974 -9.93741 -9.38851 -9.55951 -8.29491 -11.197 -10.6345 -11.2396 
7.6143 -9.68834 -7.72809 -10.3007 -9.19135 -9.83631 -9.29025 -9.58707 -8.81109 -11.2154 -9.81837 -11.1446 
6.86568 -9.47001 -7.20309 -10.2155 -9.1657 -9.47843 -9.23809 -10.3643 -8.08993 -11.2366 -9.0125 -10.9761 
7.33528 -9.86527 -7.83542 -10.742 -9.13827 -10.1201 -9.26462 -10.3579 -8.35124 -11.3169 -10.2086 -11.1984 
7.59964 -9.78053 -7.57002 -11.197 -9.14205 -10.4199 -9.32093 -9.95023 -9.20933 -10.8647 -8.91515 -11.182 
7.38628 -9.76954 -7.33748 -10.6884 -9.11412 -10.0218 -9.36258 -10.038 -8.05763 -11.214 -10.5241 -11.1502 
6.92523 -9.80111 -7.79897 -11.0685 -9.17208 -9.86419 -8.59205 -10.5712 -8.72276 -11.1925 -9.99997 -10.9781 
7.69374 -9.93968 -7.78703 -11.0795 -9.20783 -10.0209 -9.24176 -10.5635 -8.60304 -11.2109 -10.563 -11.1636 
8.11024 -9.85815 -8.01235 -10.9454 -9.17208 -9.23545 -9.24556 -11.1996 -7.99418 -10.9855 -11.106 -11.0608 
7.56562 -10.0422 -7.61043 -11.3397 -9.06505 -9.68854 -9.26497 -11.1927 -7.9107 -11.3169 -11.3169 -11.3169 
7.59088 -10.0273 -8.0126 -11.3169 -9.08199 -9.5916 -9.16076 -11.2846 -7.98161 -11.2204 -11.2961 -11.3169 
7.60404 -9.96834 -7.94479 -10.7394 -9.08469 -9.93965 -9.30583 -10.8768 -7.99624 -11.2887 -11.3169 -11.1367 
7.66354 -9.96534 -7.96748 -11.0762 -9.17208 -9.88881 -9.17921 -11.0924 -7.99914 -11.3169 -11.0735 -11.2797 
8.23527 -10.0429 -8 -11.3169 -9.17208 -9.73955 -9.07024 -11.5725 -7.99699 -11.3169 -11.0424 -11.3169 
8.50416 -9.9859 -8 -11.3169 -9.17208 -9.73955 -8.80133 -11.3318 -7.99948 -11.2776 -11.3109 -10.8226 
7.98295 -9.90832 -7.98461 -11.3169 -9.06776 -9.38686 -8.78886 -11.2804 -7.92799 -11.1714 -11.3124 -10.8416 
8.37733 -9.97675 -7.92223 -11.1963 -9.13891 -9.73565 -9.24007 -11.5306 -8 -10.8761 -11.2528 -10.7546 
8.11987 -9.95669 -7.95556 -11.3169 -9.03095 -9.73015 -9.19522 -11.473 -7.93625 -11.1744 -11.1429 -10.5582 
7.92454 -9.92647 -8 -11.1157 -9.05019 -9.64926 -9.29098 -11.2623 -7.9997 -11.2695 -11.307 -10.6036 
7.63533 -9.94728 -8.08314 -10.9479 -9.17256 -9.72478 -9.23948 -11.5655 -8 -11.3169 -11.0774 -9.86273 
7.25999 -9.8582 -8.25384 -10.8977 -8.68776 -9.53032 -9.22233 -11.3771 -7.9821 -11.2175 -11.2992 -9.69393 
7.01094 -9.93838 -8.4208 -10.4793 -9.45057 -9.66293 -9.24783 -11.4938 -7.87243 -11.3101 -11.2192 -10.2499 
7.42047 -9.96471 -8.78228 -10.6529 -9.10896 -9.62668 -9.23248 -11.1777 -7.9375 -11.3519 -11.2093 -10.7779 
7.09464 -10.033 -9.38603 -11.0544 -9.79892 -9.73955 -8.60155 -11.464 -8.0023 -11.0371 -11.2756 -10.2121 
7.15167 -10.0741 -8.99977 -10.5317 -10.4901 -9.73955 -9.23547 -11.4507 -8 -10.916 -11.1432 -10.2455 
7.16856 -10.0404 -8.3259 -11.1434 -9.51003 -9.73955 -9.23547 -11.1608 -7.86143 -11.2736 -11.1644 -10.903 
7.11782 -9.91827 -8.39772 -10.8112 -8.81282 -9.73955 -9.06751 -10.9949 -7.71574 -11.2255 -11.2062 -11.0192 
7.30322 -9.93845 -9.08542 -10.6204 -9.13236 -9.69071 -9.23736 -11.3437 -7.91257 -10.611 -11.1372 -10.5173 
6.49936 -10.0036 -9.9328 -10.9048 -9.08773 -9.90213 -9.04942 -11.4186 -7.98415 -11.2156 -11.003 -9.7207 
6.83083 -9.99042 -9.62405 -11.2603 -9.17208 -9.74606 -9.23547 -10.9532 -7.85175 -11.3853 -11.2792 -9.59931 
7.07896 -10.0327 -10.1815 -11.3169 -9.19638 -9.73955 -9.20157 -11.1855 -7.79411 -11.0887 -11.0936 -9.34579 
7.17697 -10.063 -10.7876 -11.101 -9.15248 -9.73955 -9.48564 -10.3565 -8 -11.3889 -11.32 -9.24121 
7.41352 -9.99506 -10.3658 -11.2255 -9.17258 -9.73955 -9.01003 -10.8872 -8 -11.3776 -11.2775 -9.02617 
7.18384 -9.89884 -10.5308 -10.9006 -8.95193 -9.6207 -9.19835 -10.5289 -7.89014 -11.3416 -11.0397 -9.07514 
7.09638 -10.0951 -11.1723 -11.3169 -9.10708 -9.58258 -9.11738 -11.3644 -7.98223 -11.3214 -10.9645 -9.0009 
7.22769 -10.1174 -11.3169 -11.3169 -9.17208 -9.73955 -9.23547 -11.4373 -7.94568 -11.2913 -10.9815 -9.12227 
7.19699 -10.0427 -11.3169 -11.1954 -9.17208 -9.73955 -9.15143 -11.039 -8.01979 -11.3909 -10.5991 -9.12876 
6.99055 -9.90169 -10.7962 -11.1785 -9.17208 -9.73955 -9.13778 -11.1382 -8 -11.3028 -9.83632 -8.95248 
7.43098 -10.0766 -10.7785 -11.1854 -9.13805 -9.73955 -9.24326 -11.3249 -7.82418 -11.553 -10.5809 -9.09333 
7.62559 -10.0592 -10.8322 -11.3169 -8.95272 -9.61305 -9.23547 -10.9426 -7.98039 -11.4405 -11.0199 -9.20959 
7.40387 -9.90656 -9.75646 -11.0883 -9.02421 -9.52944 -9.20939 -10.9615 -8 -11.5118 -11.0335 -9.21739 
7.67471 -9.87306 -9.8737 -10.9999 -9.07346 -9.34623 -9.19118 -11.2358 -7.83211 -10.9814 -11.0061 -9.21318 
7.98357 -9.9302 -9.22494 -10.9263 -9.17208 -9.79546 -9.34992 -11.4951 -7.92873 -11.4024 -11.1889 -8.92543 
8.29611 -9.92978 -9.63703 -10.8881 -8.64088 -10.1075 -9.31857 -11.499 -7.98024 -11.2472 -10.929 -9.03989 
8.69331 -9.96707 -9.58853 -10.8634 -9.55256 -10.0326 -9.49903 -11.2279 -8 -11.3639 -10.953 -9.14145 
8.61806 -9.7852 -8.63159 -10.4477 -9.47165 -10.2933 -9.67034 -11.5131 -8 -11.3471 -9.207 -9.16981 
8.81748 -9.80259 -9.33834 -10.0837 -9.27023 -9.83572 -9.59149 -11.5023 -7.93569 -11.3966 -9.90861 -9.11921 
8.72293 -9.96898 -9.88029 -10.6927 -9.41175 -9.81597 -9.35964 -11.4775 -7.98715 -11.2615 -10.8033 -9.10901 
8.94524 -10.0856 -9.98058 -11.0067 -9.33521 -10.1012 -9.77514 -11.3949 -7.95283 -11.385 -10.6672 -9.10905 
8.60082 -9.81344 -9.4462 -11.2297 -9.17208 -9.78613 -9.64689 -11.3826 -7.80476 -11.3278 -9.77718 -8.95004 
8.24281 -9.90355 -9.10789 -11.3169 -9.17208 -9.73955 -9.36558 -11.004 -7.98792 -11.2506 -10.6427 -9.16303 
7.85867 -9.69619 -9.30101 -10.5204 -8.96857 -9.6694 -9.6072 -10.9468 -8 -11.0039 -10.3734 -8.68758 
7.89012 -9.69119 -9.11434 -10.7106 -9.02071 -9.65712 -9.48888 -11.1546 -8 -10.7407 -10.1689 -9.03288 
8.05133 -9.64529 -9.49867 -11.1106 -9.17208 -9.73955 -9.26523 -10.7149 -7.91769 -10.7624 -9.33218 -9.01035 
8.09987 -9.57525 -9.1412 -11.0353 -9.0481 -9.57269 -9.43584 -11.3605 -7.94677 -10.7939 -8.61379 -8.93643 
8.34395 -9.75653 -9.7035 -11.3169 -9.02654 -9.63355 -8.80818 -11.3769 -7.99245 -10.5986 -9.89658 -8.97963 
8.84999 -9.88505 -9.80183 -11.3169 -9.14199 -9.73955 -9.23547 -11.3527 -8.025 -11.173 -9.71969 -9.09424 
9.04825 -9.85685 -10.4527 -10.7347 -9.10553 -9.57229 -9.11198 -11.3965 -8 -10.9591 -9.47289 -9.22011 
8.66495 -9.66493 -10.1357 -11.3169 -9.17208 -9.39985 -8.77944 -11.4085 -7.94 -10.9663 -8.4469 -9.23026 
8.41286 -9.72894 -9.42903 -11.3169 -9.17208 -9.61646 -9.16019 -10.9852 -7.97018 -10.9659 -9.31 -9.23547 
8.52876 -9.72613 -10.166 -11.0658 -9.07707 -9.74585 -8.77785 -11.3796 -7.89695 -11.1005 -8.92107 -9.22495 
9.16738 -9.54706 -9.29528 -10.3198 -9.17208 -9.73955 -8.45266 -11.4579 -7.61111 -11.1398 -9.22567 -9.15838 
9.52384 -9.5977 -10.3147 -10.3019 -9.17208 -9.57973 -9.08198 -10.8598 -8 -10.9319 -8.55184 -9.23547 
9.51866 -9.66547 -10.0241 -10.8801 -9.06961 -9.7914 -9.12802 -10.8302 -8 -10.7373 -9.24201 -9.15784 
9.00942 -9.81528 -10.5041 -11.1907 -8.82642 -9.89599 -9.11075 -11.1468 -8 -10.8083 -9.39041 -9.19011 
8.17748 -9.92515 -10.9815 -11.3169 -9.17208 -9.82399 -9.23547 -11.3077 -8 -10.7831 -9.97351 -8.81254 
8.38294 -9.95338 -10.9434 -11.2478 -9.12867 -9.73955 -9.02834 -11.1087 -7.94317 -10.9235 -10.2713 -9.09001 
8.2481 -9.78884 -9.58643 -11.0706 -9.12724 -9.73718 -9.23547 -11.0107 -8.06743 -10.7072 -10.2936 -9.00144 
8.14542 -9.58367 -9.27275 -10.9313 -9.17208 -9.73955 -8.93439 -10.707 -8.09229 -10.1562 -10.2098 -8.82072 
8.07478 -9.60982 -9.72477 -11.1068 -9.17208 -9.51408 -8.79711 -11.0534 -8.21017 -10.0224 -10.2632 -8.60151 
8.00606 -9.73728 -9.88555 -11.2451 -9.05527 -9.59504 -9.11607 -10.2734 -8.23195 -11.1834 -9.99371 -9.12751 
7.82589 -9.84679 -10.6691 -11.3169 -9.14428 -9.73863 -9.13126 -10.2126 -7.88837 -11.1885 -10.3661 -8.92579 
8.1062 -9.91439 -10.7063 -11.3169 -9.04149 -9.6004 -9.23547 -10.569 -7.86511 -11.1254 -10.7653 -8.99669 
7.59544 -10.0295 -10.9424 -11.3169 -9.06715 -9.62753 -9.16553 -10.7835 -8.03351 -11.4044 -11.1776 -8.66276 
