209
0.87742 2500
0.87742 2500
0.774723 7501
0.774723 7501
0.0264306 8143
0.0160501 126
0.0458454 8243
0.0293144 1846
0.00282635 1195
0.0570079 7618
0.00389007 5373
0.000250063 7158
0.000125016 5325
0.000907237 8967
0.000375141 2339
0.000625391 503
0.0424803 6433
0.0051514 945
0.0524701 2896
0.000250063 2424
0.00376412 3581
0.0165184 3712
0.168652 7481
0.0464945 8382
0.194189 6658
0.00920903 7854
0.0639903 5557
0.0484577 3878
0.00673268 7001
0.0366719 425
0.060963 8769
0.392671 7519
0.00162764 7095
0.0124968 4230
0.00348896 2163
0.0387436 3743
0.00150225 2744
0.0414688 1217
0.000379415 1097
0.00200401 7000
0.0439236 8169
0.00757433 6468
0.130442 7187
0.00212953 8901
0.0406315 8956
0.0106114 2012
0.000625391 6387
0.221524 4118
0.0160271 516
0.00050025 8271
0.0341082 1574
0.0151298 2277
0.0235619 2509
0.00119626 4556
0.031321 8140
0.0256946 3475
0.000750563 2864
0.00502513 412
0.00907832 8132
0.0257442 7751
0.0331567 5870
0.0567643 9531
0.000125016 6366
0.00212953 5926
0.0232943 5712
0.10063 3842
0.00137689 1513
0.0230179 2836
0.0124241 4992
0.27024 8673
0.000125016 8604
0.0221184 7778
0.0732637 6129
0.0136962 7385
0.000125016 6267
0.000750563 1242
0.000750563 6938
0.134739 2319
0.0250232 7952
0.00477267 7321
0.0136962 5463
0.00050025 3138
0.058568 8106
0.0120177 117
0.0288839 7287
0.00793751 6951
0.0570613 3600
0.0457483 6040
0.0243076 9953
0.0355987 1178
0.000125016 5331
0.13216 1252
0.00540405 7013
0.00452034 4145
0.00351229 4478
0.0495901 6805
0.0192706 1965
0.0270289 754
0.000543805 4768
0.0295616 2653
0.138704 4761
0.00156984 1476
0.0153065 7622
0.0126695 3789
0.000250063 8085
0.00187852 2617
0.00275758 3307
0.00717703 5840
0.000570935 3128
0.0292041 6645
0.000250063 109
0.0485236 1544
0.010809 8829
0.0397713 7103
0.000250063 4827
0.0354136 1962
0.0280678 7535
0.155181 2425
0.00200401 9154
0.117493 5340
0.0268581 2022
0.0136423 6947
0.0682156 6194
0.0516629 3319
0.0213401 3022
0.030946 4259
0.0195231 2597
0.000750563 5640
0.046775 9518
0.000875766 1273
0.000625391 3012
0.000250063 2467
0.0454783 3573
0.00603622 4305
0.00664705 9719
0.0442143 6750
0.0159848 3549
0.0181309 5832
0.0102867 2130
0.0118661 7353
0.00190584 7847
0.0875693 1392
0.00112627 7572
0.0747824 8136
0.000125016 7160
0.00112627 8042
0.00111986 2906
0.049401 5493
0.0260563 9774
0.0435835 3005
0.123349 6660
0.0637793 1403
0.00450709 2331
0.0205465 3232
0.000125016 2347
0.0135017 8621
0.0201509 6029
0.0678243 5926
0.0490595 2881
0.000125016 8379
0.00250165 511
0.0318128 3262
0.0165184 771
0.0908304 1590
0.0164353 4219
0.000125016 7940
0.0736814 3441
0.0134279 3019
0.00050025 2054
0.00936115 8018
0.0235415 6480
0.024935 2622
0.00250627 2593
0.0631576 4335
0.00599936 1220
0.000375563 7396
0.0642641 8471
0.0143274 4878
0.0778766 5663
0.00187852 7145
0.0654025 9705
0.000125016 3374
0.0713807 1392
0.000750563 9797
0.0399226 9929
0.0104838 9433
0.0124983 9013
0.00654253 1855
0.00050025 6241
0.00414209 2556
0.000125016 9897
0.000625391 9685
0.00112627 8214
0.001001 5600
0.00162764 4680
0.00389007 4042
0.000750563 4572
0.000250063 2278
0.00363819 3117
0.000125016 5925
0.001001 3679
0.000125016 2649
0.001001 3878
0.000250063 8781
0.001001 3290
0.00238065 4319
0.00150225 7528
0.00137689 5934
0.000750563 6052
