100.811 0.0065 101.189 0.0075
75.564 11.6315 75.3912 9.015
70.1238 19.7608 65.239 22.693
61.2823 32.6898 58.2163 35.294
54.235 44.6947 59.9457 37.536
51.4975 56.7293 60.1635 46.1315
57.81 56.2383 57.6405 53.6178
59.8713 60.261 58.5855 58.0787
52.2235 70.42 56.3665 64.1365
57.7295 71.2075 58.0473 66.92
57.9025 73.01 58.0172 72.146
61.463 75.352 60.2873 74.251
63.248 77.7308 59.0392 80.0645
76.9077 72.1908 65.7253 79.5645
68.5938 80.5058 62.6572 85.6917
68.2318 83.029 60.3598 86.6447
71.6217 77.9892 63.2865 88.3795
74.0018 78.2647 62.6578 90.144
70.694 81.5455 68.242 86.7113
75.215 80.3955 64.4153 93.2998
74.6178 81.8777 67.681 91.0132
109.071 0.008 108.93 0.0085
109.493 1.763 108.755 1.25825
