5828 
0.474375 1000 1
0.525625 1000 -1
0.467375 3001 1
0.532625 3001 -1
0.446375 5002 1
0.553625 5002 -1
0.455 7003 1
0.545 7003 -1
0.469125 9004 1
0.530875 9004 -1
0.444375 11005 1
0.555625 11005 -1
0.455125 13006 1
0.544875 13006 -1
0.443625 15007 1
0.556375 15007 -1
0.45225 17008 1
0.54775 17008 -1
0.4625 19009 1
0.5375 19009 -1
0.000125 18378 0
0.00075 7391 0
0.00025 15113 0
0.00025 3963 0
0.000125 10100 0
0.00025 4839 0
0.00025 14707 0
0.00075 1135 0
0.000375 2429 0
0.001 9830 0
0.000125 5171 0
0.000125 4182 0
0.000125 18169 0
0.000125 6164 0
0.001625 6774 0
0.00075 2900 0
0.000125 10109 0
0.00025 19389 0
0.00025 5502 0
0.00025 19427 0
0.000375 6107 0
0.00025 4354 0
0.000125 9335 0
0.000125 18608 0
0.00075 19916 0
0.000375 2534 0
0.000375 4502 0
0.00025 10230 0
0.00025 18065 0
0.000625 7504 0
0.000125 8919 0
0.000375 2643 0
0.000375 12580 0
0.000125 6749 0
0.00025 9007 0
0.000375 5797 0
0.000875 2531 0
0.000375 12427 0
0.0005 17393 0
0.00075 12939 0
0.000125 16444 0
0.0015 19321 0
0.000375 145 0
0.00025 15259 0
0.000125 14114 0
0.000125 4790 0
0.000125 12706 0
0.00075 14162 0
0.001 17537 0
0.000875 14472 0
0.000375 5644 0
0.000125 3814 0
0.000125 3410 0
0.001 2900 0
0.0005 4168 0
0.000125 19102 0
0.000125 5200 0
0.000875 7151 0
0.00075 10308 0
0.002375 10023 0
0.000125 4786 0
0.00075 10956 0
0.00025 5951 0
0.00075 12621 0
0.001125 12763 0
0.000125 2629 0
0.000125 14162 0
0.00025 4537 0
0.000125 9079 0
0.000125 4720 0
0.00025 5911 0
0.000375 8715 0
0.000125 12698 0
0.000625 17970 0
0.000125 7428 0
0.00025 7878 0
0.000125 1732 0
0.001125 2008 0
0.000625 13114 0
0.000125 10168 0
0.000125 18401 0
0.000125 16033 0
0.00025 19008 0
0.000125 16398 0
0.0005 11025 0
0.00075 2118 0
0.001375 5995 0
0.00025 15898 0
0.000125 4513 0
0.00025 14941 0
0.0005 12346 0
0.000125 10655 0
0.000125 17224 0
0.0005 14182 0
0.000125 7302 0
0.00025 619 0
0.000125 8825 0
0.000125 11271 0
0.0005 3851 0
0.000125 9945 0
0.000375 13428 0
0.000125 3558 0
0.000125 5849 0
0.00025 1219 0
0.000125 5571 0
0.000125 12757 0
0.000125 18548 0
0.000375 3051 0
0.000625 13617 0
0.000125 7673 0
0.000625 341 0
0.000125 11405 0
0.00025 8632 0
0.000125 16769 0
0.00025 4816 0
0.0005 12483 0
0.001125 8850 0
0.00075 9798 0
0.000125 2793 0
0.00025 18306 0
0.000125 1616 0
0.000875 13563 0
0.000625 5246 0
0.001 13233 0
0.000625 8809 0
0.000125 983 0
0.0005 8140 0
0.000375 18119 0
0.000375 7331 0
0.000125 9749 0
0.000375 17935 0
0.000125 3485 0
0.000125 17180 0
0.001125 3812 0
0.000125 12106 0
0.000125 4444 0
0.000625 2792 0
0.000125 17862 0
0.000125 12869 0
0.00025 16540 0
0.000375 8517 0
0.00025 13882 0
0.000125 15489 0
0.001125 4266 0
0.000125 13351 0
0.000125 13516 0
0.0015 17667 0
0.0005 10794 0
0.001125 17584 0
0.000625 2022 0
0.000875 12539 0
0.000875 13867 0
0.000375 1657 0
0.003375 10018 0
0.000125 8870 0
0.000125 11431 0
0.000125 8074 0
0.00325 18443 0
0.001 2942 0
0.00025 9765 0
0.000125 7722 0
0.000375 4795 0
0.000375 4754 0
0.00025 1321 0
0.001125 2259 0
0.000125 8914 0
0.000375 17433 0
0.00025 17775 0
0.00025 14029 0
0.000125 8593 0
0.00025 4131 0
0.000625 2086 0
0.000125 552 0
0.000375 14810 0
0.00025 18239 0
0.000125 18403 0
0.0005 19024 0
0.000125 10755 0
0.000125 19013 0
0.0005 5809 0
0.000125 11318 0
0.000375 19576 0
0.000375 9590 0
0.000625 8710 0
0.0005 12838 0
0.000125 15064 0
0.00025 16337 0
0.0005 4054 0
0.0005 14522 0
0.000125 17563 0
0.000375 6234 0
0.00025 5512 0
0.000875 16270 0
0.000125 14139 0
0.000125 6438 0
0.000125 13243 0
0.000375 8546 0
0.0005 12430 0
0.0005 4595 0
0.00025 380 0
0.000625 17522 0
0.000875 6741 0
0.00025 10463 0
0.000125 18262 0
0.000125 14217 0
0.000125 7020 0
0.000125 7713 0
0.000375 6789 0
0.000125 139 0
0.000125 5234 0
0.000125 3748 0
0.000125 16878 0
0.000125 11585 0
0.00025 3630 0
0.00025 18390 0
0.000125 3420 0
0.002625 10573 0
0.0005 18498 0
0.000125 740 0
0.000125 11999 0
0.000375 17322 0
0.000625 7467 0
0.000125 15166 0
0.000125 457 0
0.00025 9629 0
0.000125 3623 0
0.000625 7301 0
0.000125 19179 0
0.000125 11883 0
0.000125 2616 0
0.000125 16313 0
0.00075 4533 0
0.000125 15681 0
0.000125 9073 0
0.000125 5742 0
0.000125 311 0
0.00025 14256 0
0.000125 17742 0
0.000125 922 0
0.001 1727 0
0.000125 2753 0
0.000125 8811 0
0.000125 12320 0
0.000375 13534 0
0.000125 19450 0
0.00025 17545 0
0.000375 10447 0
0.000125 17911 0
0.00025 14157 0
0.00075 2160 0
0.00025 19281 0
0.000125 19179 0
0.000125 2315 0
0.00025 16448 0
0.000125 6026 0
0.000125 2368 0
0.000125 427 0
0.00075 18548 0
0.000125 6202 0
0.000125 19691 0
0.000125 2819 0
0.00025 12569 0
0.000125 17112 0
0.00075 9247 0
0.000125 9580 0
0.000125 3222 0
0.000125 15641 0
0.000375 4238 0
0.000625 4101 0
0.0005 14577 0
0.0005 11079 0
0.00025 4339 0
0.000875 4404 0
0.00075 10737 0
0.000125 5057 0
0.00025 7206 0
0.000125 11400 0
0.000125 2555 0
0.000125 10868 0
0.000625 6513 0
0.000125 6692 0
0.000375 6196 0
0.000125 8795 0
0.000125 6404 0
0.00075 9345 0
0.00125 8005 0
0.000125 3397 0
0.000625 12932 0
0.00025 13052 0
0.000125 4277 0
0.00025 10025 0
0.000375 4086 0
0.00025 15746 0
0.000125 12510 0
0.001625 5983 0
0.001 19210 0
0.00025 10852 0
0.000875 11079 0
0.000125 480 0
0.001 9158 0
0.000875 17111 0
0.000125 17609 0
0.00025 6958 0
0.0005 6275 0
0.00025 8149 0
0.000125 9406 0
0.000125 10696 0
0.000375 8288 0
0.0015 18710 0
0.001375 15439 0
0.000125 19007 0
0.000125 1665 0
0.000125 15132 0
0.000625 6962 0
0.00275 14776 0
0.000125 9806 0
0.001 944 0
0.000125 18195 0
0.000375 18192 0
0.001375 15756 0
0.000375 14369 0
0.00025 151 0
0.000125 11380 0
0.00025 1924 0
0.000125 2501 0
0.000125 4255 0
0.000125 12583 0
0.000125 11772 0
0.000125 14494 0
0.000125 16026 0
0.000125 10990 0
0.000625 681 0
0.00025 7098 0
0.000375 2180 0
0.000875 2852 0
0.000375 3152 0
0.000125 1679 0
0.00025 6667 0
0.001375 13184 0
0.000125 11141 0
0.00075 19621 0
0.000125 8496 0
0.000125 295 0
0.001375 6802 0
0.000125 9949 0
0.0005 4111 0
0.000125 12398 0
0.00025 6085 0
0.000875 18833 0
0.000125 15288 0
0.000375 16833 0
0.000125 4642 0
0.000625 18296 0
0.000375 8293 0
0.00025 10025 0
0.000125 12842 0
0.000125 6865 0
0.00125 2887 0
0.000625 16894 0
0.000125 1587 0
0.000125 3743 0
0.000875 2913 0
0.0005 4004 0
0.000125 19015 0
0.000375 11831 0
0.000375 6754 0
0.00025 16596 0
0.000375 2854 0
0.000125 4217 0
0.001375 3414 0
0.000625 14094 0
0.000125 15379 0
0.0005 9617 0
0.000125 6824 0
0.000125 7428 0
0.000125 19299 0
0.00025 7570 0
0.000625 14069 0
0.00175 7339 0
0.000125 10138 0
0.000125 17193 0
0.00025 270 0
0.000125 833 0
0.000125 15494 0
0.00125 17324 0
0.000375 17879 0
0.00025 7459 0
0.00025 17995 0
0.000125 8479 0
0.00025 11519 0
0.000125 5834 0
0.000625 14899 0
0.000125 13831 0
0.000125 11836 0
0.000125 16123 0
0.000125 16753 0
0.000125 8319 0
0.00025 6144 0
0.000125 3454 0
0.001125 17186 0
0.000125 4453 0
0.000125 13371 0
0.000625 18604 0
0.00025 11890 0
0.001625 16972 0
0.0005 12094 0
0.000125 7870 0
0.000125 19113 0
0.00025 10661 0
0.000125 12250 0
0.0005 16080 0
0.000125 17047 0
0.00025 14927 0
0.000125 10951 0
0.00025 17701 0
0.000125 11576 0
0.000125 58 0
0.000375 1179 0
0.00025 6514 0
0.00025 7159 0
0.00025 537 0
0.000125 820 0
0.00025 15206 0
0.00025 1518 0
0.000375 17625 0
0.000125 6132 0
0.000125 2661 0
0.000875 4907 0
0.000125 11148 0
0.001 7500 0
0.001125 3508 0
0.0005 16783 0
0.0005 4347 0
0.000125 18320 0
0.000375 8501 0
0.00025 4085 0
0.000125 6250 0
0.000125 3074 0
0.00025 9756 0
0.000125 6836 0
0.0005 13839 0
0.00025 9157 0
0.000125 12209 0
0.000625 15536 0
0.003 13259 0
0.00075 17473 0
0.0005 18042 0
0.000125 452 0
0.0015 16406 0
0.00075 13748 0
0.000625 6732 0
0.000375 5530 0
0.0005 10459 0
0.0005 10032 0
0.00025 482 0
0.000125 6146 0
0.000375 1799 0
0.000125 19524 0
0.000125 10735 0
0.00025 7760 0
0.000125 11086 0
0.000125 4879 0
0.000125 6798 0
0.000125 5143 0
0.00025 17318 0
0.000375 14613 0
0.001125 17907 0
0.00175 15592 0
0.000375 17559 0
0.000125 16972 0
0.000375 2684 0
0.000125 17345 0
0.0005 972 0
0.000125 5993 0
0.000125 19702 0
0.0005 2953 0
0.000375 4801 0
0.000125 12619 0
0.001125 6026 0
0.000375 9922 0
0.0005 12012 0
0.000875 10814 0
0.0005 10345 0
0.000125 1915 0
0.00025 15961 0
0.000125 18389 0
0.00025 1372 0
0.0005 17256 0
0.000125 10392 0
0.00125 16528 0
0.000125 14717 0
0.00025 8559 0
0.001 3175 0
0.000125 14893 0
0.000125 5952 0
0.000125 16895 0
0.001375 570 0
0.0005 8096 0
0.000375 3491 0
0.000125 14426 0
0.000875 327 0
0.000375 7804 0
0.000375 7671 0
0.000125 3109 0
0.00025 16582 0
0.000125 6749 0
0.0015 1337 0
0.0005 2402 0
0.000125 14326 0
0.00025 8992 0
0.000125 5663 0
0.00025 6821 0
0.000125 16942 0
0.00025 5736 0
0.00075 15783 0
0.000125 2805 0
0.000125 10074 0
0.000125 11752 0
0.000625 19212 0
0.000125 15270 0
0.000125 10166 0
0.001 18867 0
0.000125 11981 0
0.000125 17495 0
0.000125 4445 0
0.000375 9744 0
0.001625 19660 0
0.000375 18861 0
0.0015 965 0
0.0015 11240 0
0.000125 14756 0
0.000125 6456 0
0.000125 18336 0
0.000125 13832 0
0.000125 13070 0
0.000125 17853 0
0.000125 10955 0
0.001125 1013 0
0.00225 17576 0
0.001125 1226 0
0.000625 1327 0
0.000125 4637 0
0.00025 7627 0
0.000375 17376 0
0.001 3872 0
0.000125 13101 0
0.000875 18177 0
0.00125 18758 0
0.000375 12546 0
0.0015 11295 0
0.000125 3342 0
0.00025 15057 0
0.00025 4295 0
0.000625 16266 0
0.000125 9934 0
0.0005 7316 0
0.0005 164 0
0.00025 13547 0
0.000125 13033 0
0.000125 16012 0
0.000375 2398 0
0.000125 14169 0
0.000125 5544 0
0.00025 10135 0
0.0005 2447 0
0.000125 10000 0
0.0005 17991 0
0.000125 15052 0
0.000125 322 0
0.000125 19321 0
0.00025 7479 0
0.000125 11155 0
0.0005 13297 0
0.00025 78 0
0.000375 16737 0
0.00025 9681 0
0.000125 17495 0
0.000625 14199 0
0.000125 18900 0
0.000125 4225 0
0.000125 11749 0
0.000375 4764 0
0.000125 6150 0
0.000125 18834 0
0.000125 9216 0
0.000625 5880 0
0.000125 17836 0
0.00025 9187 0
0.000125 8401 0
0.000125 10215 0
0.001 19313 0
0.000125 16795 0
0.000125 19822 0
0.000125 18384 0
0.0005 13007 0
0.000375 18238 0
0.000125 13815 0
0.00075 1290 0
0.000125 9444 0
0.000125 3184 0
0.00025 9135 0
0.000125 10377 0
0.00075 8736 0
0.000125 13201 0
0.000125 6949 0
0.001 9213 0
0.001875 5424 0
0.000875 9032 0
0.000125 18178 0
0.000125 11662 0
0.000125 462 0
0.000875 11147 0
0.00075 11864 0
0.0005 238 0
0.000125 15147 0
0.000375 9847 0
0.000125 17927 0
0.0005 14020 0
0.0005 1803 0
0.00025 16032 0
0.000125 12826 0
0.000125 8076 0
0.0005 14714 0
0.000125 2579 0
0.00025 8139 0
0.000125 9991 0
0.000125 3942 0
0.0025 17995 0
0.000375 2966 0
0.000375 14551 0
0.001125 11425 0
0.00025 5264 0
0.000125 12136 0
0.000125 18322 0
0.00025 15357 0
0.000125 3027 0
0.0005 2708 0
0.00075 16341 0
0.000125 8320 0
0.000125 7223 0
0.000625 10126 0
0.0005 5699 0
0.000125 18698 0
0.000125 2920 0
0.000125 567 0
0.000125 2346 0
0.000375 6742 0
0.000375 1488 0
0.000125 3563 0
0.000375 11412 0
0.00025 1285 0
0.000375 12296 0
0.000125 10243 0
0.00025 5031 0
0.000125 1408 0
0.0005 9169 0
0.00025 13862 0
0.000125 11217 0
0.00025 10439 0
0.0005 13681 0
0.000125 7921 0
0.000125 1127 0
0.00075 19205 0
0.000125 5670 0
0.00025 6026 0
0.000125 11278 0
0.00025 2179 0
0.000125 992 0
0.000375 17110 0
0.000125 15975 0
0.00025 4778 0
0.0005 17482 0
0.0015 4614 0
0.000125 3628 0
0.000125 11458 0
0.000125 2928 0
0.000375 11912 0
0.000125 14181 0
0.000125 15850 0
0.00025 10578 0
0.00025 5279 0
0.000625 592 0
0.000125 18935 0
0.000125 5351 0
0.000625 14567 0
0.000125 5629 0
0.0005 16417 0
0.000125 6411 0
0.000125 19151 0
0.000375 15455 0
0.001 19837 0
0.000125 447 0
0.000125 4530 0
0.00025 9609 0
0.000125 1197 0
0.000125 7507 0
0.000125 10761 0
0.000875 19648 0
0.00025 14156 0
0.000125 16756 0
0.000125 3432 0
0.000125 3500 0
0.000125 4848 0
0.000125 5494 0
0.000125 2471 0
0.00125 15864 0
0.000875 9065 0
0.000125 1563 0
0.0005 684 0
0.000375 5083 0
0.000125 3712 0
0.000125 19726 0
0.000625 16825 0
0.000125 6104 0
0.000125 12248 0
0.00025 442 0
0.00025 8591 0
0.000375 17323 0
0.0005 17291 0
0.000125 14863 0
0.001125 17165 0
0.000125 11169 0
0.000125 14849 0
0.00075 16789 0
0.00075 17557 0
0.00075 471 0
0.00025 19129 0
0.000125 14713 0
0.000125 3037 0
0.000125 14076 0
0.00025 5258 0
0.000375 9062 0
0.000125 12303 0
0.001 43 0
0.0005 8129 0
0.00025 4165 0
0.000125 11956 0
0.000125 1355 0
0.00025 13176 0
0.000125 8989 0
0.00125 6437 0
0.000125 76 0
0.000375 17595 0
0.00025 3442 0
0.00125 15677 0
0.000125 6461 0
0.002 11234 0
0.0005 18947 0
0.000125 9032 0
0.000625 10791 0
0.000125 4695 0
0.000125 17132 0
0.000375 2123 0
0.000125 10407 0
0.0005 45 0
0.000125 16353 0
0.001375 4665 0
0.00025 5030 0
0.000375 4859 0
0.00025 17928 0
0.00175 18166 0
0.00025 11487 0
0.000875 15594 0
0.000125 17759 0
0.0005 13451 0
0.000125 12816 0
0.000125 9660 0
0.000625 9473 0
0.000375 18786 0
0.0015 15906 0
0.000875 16721 0
0.00025 2663 0
0.000375 16473 0
0.000125 17878 0
0.000625 13192 0
0.000125 13176 0
0.0005 8293 0
0.00075 17668 0
0.000375 6518 0
0.000125 8137 0
0.000125 7342 0
0.000125 9226 0
0.000125 14430 0
0.000125 13727 0
0.00025 999 0
0.002 13828 0
0.001125 14209 0
0.000875 10954 0
0.000375 13549 0
0.000375 4410 0
0.000125 16486 0
0.00025 18330 0
0.00025 4060 0
0.00025 16395 0
0.000125 19442 0
0.00025 12168 0
0.001125 9635 0
0.000125 8931 0
0.000625 16593 0
0.00125 499 0
0.00025 7730 0
0.000125 2508 0
0.000125 14436 0
0.000875 12526 0
0.00075 12319 0
0.000125 2400 0
0.00025 4489 0
0.0005 8003 0
0.000375 13993 0
0.000625 5274 0
0.000125 14970 0
0.00025 5101 0
0.000125 11677 0
0.000125 2963 0
0.000125 6920 0
0.000125 6793 0
0.00025 9901 0
0.0005 1900 0
0.001375 16694 0
0.000125 5489 0
0.0005 5099 0
0.000125 15008 0
0.000125 19222 0
0.000125 3700 0
0.00025 12516 0
0.000125 3763 0
0.000125 299 0
0.000125 12511 0
0.002375 16068 0
0.000125 11632 0
0.000125 1992 0
0.00025 9456 0
0.000375 6118 0
0.000125 11387 0
0.000625 10998 0
0.000125 7287 0
0.00025 9071 0
0.000375 18570 0
0.000375 6543 0
0.00025 6351 0
0.0005 13420 0
0.000625 18834 0
0.0005 8379 0
0.000125 9660 0
0.000125 16748 0
0.00025 3674 0
0.001875 2100 0
0.00075 3696 0
0.00125 9996 0
0.000125 4176 0
0.000375 11381 0
0.000125 12863 0
0.00025 10141 0
0.0005 16459 0
0.0005 5587 0
0.0005 12619 0
0.000875 18610 0
0.001125 3312 0
0.000375 12659 0
0.000125 14804 0
0.00025 16019 0
0.000125 8694 0
0.000375 7131 0
0.000875 3120 0
0.0005 8148 0
0.000125 6095 0
0.000375 16290 0
0.000625 1881 0
0.001 3750 0
0.000125 11276 0
0.00025 3666 0
0.000375 8011 0
0.000625 9997 0
0.000125 13989 0
0.000125 17633 0
0.000125 703 0
0.001125 15725 0
0.000875 3086 0
0.000125 8913 0
0.0005 8713 0
0.0005 16986 0
0.000125 12310 0
0.000625 17443 0
0.000125 19206 0
0.00325 7216 0
0.00025 13373 0
0.0005 6071 0
0.000125 11278 0
0.000375 11137 0
0.000125 1934 0
0.000375 14394 0
0.00025 9077 0
0.000125 19041 0
0.00025 1123 0
0.000125 9068 0
0.00025 19750 0
0.000125 1599 0
0.000375 13945 0
0.000125 6040 0
0.000125 9363 0
0.000125 2784 0
0.000125 12264 0
0.00025 19084 0
0.000125 2962 0
0.000875 10912 0
0.00025 9470 0
0.00025 18421 0
0.000125 16636 0
0.000125 13344 0
0.00025 3737 0
0.0015 912 0
0.000875 7017 0
0.000125 6794 0
0.000125 997 0
0.000125 16915 0
0.000125 18365 0
0.00025 9003 0
0.000625 11461 0
0.001375 12929 0
0.000125 10116 0
0.000125 15454 0
0.000125 7875 0
0.001625 19914 0
0.002 8976 0
0.001125 3952 0
0.000375 6567 0
0.000125 4938 0
0.00025 17461 0
0.00025 11105 0
0.000125 11776 0
0.00025 18785 0
0.000875 6568 0
0.000375 3031 0
0.0005 1126 0
0.00075 19062 0
0.000375 2394 0
0.000625 18618 0
0.000125 11002 0
0.0005 370 0
0.000125 18650 0
0.00025 4846 0
0.000125 2585 0
0.00025 15136 0
0.00025 17958 0
0.000125 7135 0
0.00025 1041 0
0.000125 3907 0
0.000125 19718 0
0.0005 14265 0
0.00025 973 0
0.000125 19681 0
0.000625 1341 0
0.000125 10543 0
0.00025 15561 0
0.000125 342 0
0.000375 19468 0
0.002 13318 0
0.000125 6703 0
0.00075 14423 0
0.000125 11055 0
0.000375 7574 0
0.000125 9409 0
0.000375 11599 0
0.000125 19140 0
0.003375 13630 0
0.00025 15077 0
0.000375 6817 0
0.000125 19073 0
0.0005 2491 0
0.000125 7169 0
0.000875 4578 0
0.000125 19711 0
0.00075 10048 0
0.000125 694 0
0.000125 11071 0
0.0005 12288 0
0.0005 2846 0
0.000125 14451 0
0.00025 6508 0
0.000125 7020 0
0.000625 11415 0
0.000875 1237 0
0.001375 5934 0
0.001125 6338 0
0.000375 12647 0
0.000125 3724 0
0.000625 11501 0
0.000125 2868 0
0.000125 17399 0
0.000125 2564 0
0.000625 2291 0
0.000125 15310 0
0.000125 9282 0
0.000125 14607 0
0.000125 11704 0
0.000125 5550 0
0.001 6847 0
0.000875 929 0
0.000125 10447 0
0.000125 17425 0
0.000125 1780 0
0.00025 4847 0
0.000125 15608 0
0.00075 5861 0
0.000375 5235 0
0.000125 16089 0
0.000125 15321 0
0.000875 1121 0
0.000125 6824 0
0.002125 15949 0
0.0005 11199 0
0.000125 3349 0
0.00025 7830 0
0.00025 17573 0
0.0025 3114 0
0.000125 8919 0
0.0025 7497 0
0.000125 10655 0
0.000625 6740 0
0.000125 2127 0
0.000125 2234 0
0.000875 19657 0
0.00025 8314 0
0.0005 15575 0
0.000625 18617 0
0.000375 16991 0
0.000375 12692 0
0.00025 8216 0
0.000125 2070 0
0.0005 18721 0
0.000125 14343 0
0.000375 11092 0
0.000125 12410 0
0.00025 1870 0
0.000125 16608 0
0.000875 5209 0
0.00025 15450 0
0.00075 17786 0
0.000125 7878 0
0.000125 14855 0
0.000125 454 0
0.000125 10588 0
0.00125 17172 0
0.000375 7522 0
0.000125 2311 0
0.00025 19439 0
0.000125 6872 0
0.00175 19445 0
0.001125 5849 0
0.000875 11100 0
0.000375 7218 0
0.000375 8773 0
0.000125 11768 0
0.000125 9753 0
0.00025 13330 0
0.00025 9159 0
0.000125 12118 0
0.000125 8250 0
0.000625 9429 0
0.000125 5717 0
0.0005 11027 0
0.000125 15583 0
0.00025 5914 0
0.000125 15488 0
0.0015 7887 0
0.001 19999 0
0.000125 19993 0
0.001 12871 0
0.000125 17715 0
0.000125 19935 0
0.00025 13541 0
0.00025 17332 0
0.000125 8424 0
0.00025 7001 0
0.000375 14314 0
0.000375 563 0
0.000125 5122 0
0.00025 4724 0
0.000125 5802 0
0.0005 18691 0
0.000125 1518 0
0.000875 16734 0
0.000125 190 0
0.0005 4185 0
0.000375 663 0
0.000375 7962 0
0.0005 16504 0
0.000625 11504 0
0.00075 1172 0
0.002375 12585 0
0.00025 17574 0
0.000375 10983 0
0.000125 12175 0
0.00025 15672 0
0.000375 13050 0
0.000625 12854 0
0.000375 16959 0
0.00025 19672 0
0.00075 13908 0
0.00025 7509 0
0.000375 19568 0
0.00025 14462 0
0.00025 18434 0
0.000375 7742 0
0.000125 18853 0
0.000375 1465 0
0.000375 6778 0
0.00025 3103 0
0.000375 4154 0
0.000125 18854 0
0.000125 598 0
0.000125 1799 0
0.0005 7312 0
0.000125 4778 0
0.00325 16891 0
0.00175 7542 0
0.000125 11555 0
0.000375 15962 0
0.000125 3543 0
0.00025 12562 0
0.000375 1235 0
0.000625 15903 0
0.000125 7525 0
0.000375 17646 0
0.00075 13175 0
0.000125 8341 0
0.00025 16058 0
0.000125 3488 0
0.000875 11965 0
0.001 16784 0
0.000625 11951 0
0.002 15212 0
0.000125 9295 0
0.001125 3735 0
0.001125 1301 0
0.000125 5221 0
0.0005 5983 0
0.00025 18069 0
0.00025 19828 0
0.000125 16441 0
0.0005 15579 0
0.00025 1881 0
0.000125 13196 0
0.002 16987 0
0.000125 9808 0
0.000375 7326 0
0.00025 15893 0
0.000875 13291 0
0.00025 19545 0
0.0005 14351 0
0.000375 1659 0
0.000375 18728 0
0.000375 13100 0
0.00025 19807 0
0.00025 17792 0
0.00025 9007 0
0.000125 6976 0
0.000625 4284 0
0.0005 6224 0
0.000125 8559 0
0.000125 1590 0
0.000125 14007 0
0.00075 5532 0
0.000125 14807 0
0.000125 985 0
0.0005 19104 0
0.0005 18267 0
0.00025 6398 0
0.000125 5979 0
0.00025 18927 0
0.00075 13835 0
0.000125 8009 0
0.00025 19338 0
0.000125 13998 0
0.00025 6930 0
0.0005 10431 0
0.00125 18859 0
0.000375 16481 0
0.000125 7147 0
0.000625 7795 0
0.000125 7628 0
0.000125 12358 0
0.002 13141 0
0.000125 12724 0
0.0005 2936 0
0.001 13961 0
0.000125 11296 0
0.0005 409 0
0.000125 19745 0
0.000875 5822 0
0.000125 3112 0
0.000125 19334 0
0.000375 19186 0
0.000125 7204 0
0.000125 10874 0
0.000125 6563 0
0.001125 2736 0
0.000875 15571 0
0.000125 6438 0
0.001125 6051 0
0.00025 1634 0
0.000125 4310 0
0.000125 3370 0
0.000125 1211 0
0.00025 7215 0
0.000125 2111 0
0.000125 11695 0
0.000125 6300 0
0.00075 14398 0
0.001125 4524 0
0.000125 18214 0
0.000625 12614 0
0.000125 4208 0
0.000125 1860 0
0.00175 13931 0
0.000125 18383 0
0.000125 1754 0
0.000125 8078 0
0.00025 8406 0
0.000125 12196 0
0.00025 7917 0
0.000375 10866 0
0.000125 4781 0
0.0005 5288 0
0.000125 4708 0
0.001 15200 0
0.000125 8751 0
0.00025 5752 0
0.00025 14038 0
0.000125 18387 0
0.000125 14144 0
0.000125 13772 0
0.0005 680 0
0.000125 4371 0
0.0005 11778 0
0.000375 15654 0
0.00025 9357 0
0.000125 3091 0
0.0015 7860 0
0.000375 5715 0
0.000125 10588 0
0.00025 4045 0
0.000375 8793 0
0.000125 739 0
0.001 794 0
0.000125 8867 0
0.00325 7985 0
0.000375 4363 0
0.001125 39 0
0.000125 12917 0
0.00125 14714 0
0.00275 8695 0
0.000125 5012 0
0.00025 10710 0
0.00025 9475 0
0.000375 8496 0
0.00125 13817 0
0.000125 11227 0
0.000875 13870 0
0.00025 2898 0
0.000375 2945 0
0.000625 4376 0
0.000125 1805 0
0.000125 2835 0
0.00125 15723 0
0.001125 4962 0
0.001375 19374 0
0.000125 18818 0
0.000125 16146 0
0.000125 9295 0
0.000125 2189 0
0.000125 7886 0
0.000125 14711 0
0.000125 17950 0
0.000625 3991 0
0.000125 7131 0
0.000125 13122 0
0.000125 13952 0
0.000125 8435 0
0.000125 13272 0
0.000875 10979 0
0.00025 11182 0
0.000125 10698 0
0.000125 12999 0
0.000125 3804 0
0.000125 4157 0
0.000625 346 0
0.00225 9636 0
0.000125 18701 0
0.000375 13656 0
0.000125 10220 0
0.0005 9235 0
0.000125 1039 0
0.000125 8540 0
0.000625 10329 0
0.000125 16387 0
0.00125 6717 0
0.000125 994 0
0.00025 4759 0
0.000375 13082 0
0.00025 13829 0
0.0005 8979 0
0.000125 10495 0
0.00025 11257 0
0.00025 10363 0
0.000125 9839 0
0.000125 16610 0
0.000125 16138 0
0.0015 15937 0
0.000125 18656 0
0.000125 11473 0
0.00025 290 0
0.000375 3279 0
0.000125 1378 0
0.00025 2968 0
0.001125 9219 0
0.00025 17772 0
0.0005 14599 0
0.000375 4127 0
0.000625 9361 0
0.00025 9924 0
0.00025 13377 0
0.00175 10668 0
0.000125 18623 0
0.000125 1437 0
0.000125 4258 0
0.000125 19049 0
0.000125 979 0
0.000125 17764 0
0.000125 16107 0
0.000125 1398 0
0.000125 19649 0
0.0015 14749 0
0.000625 8132 0
0.000125 17440 0
0.000125 9350 0
0.000125 3326 0
0.000125 11398 0
0.001875 10651 0
0.000125 17699 0
0.00025 13212 0
0.00025 13757 0
0.001 638 0
0.000125 13303 0
0.000875 6574 0
0.000125 3281 0
0.00025 5921 0
0.000125 4561 0
0.00025 16642 0
0.002875 7405 0
0.000125 18237 0
0.000875 8884 0
0.000125 14206 0
0.000125 478 0
0.0005 8775 0
0.000125 11710 0
0.001625 19843 0
0.000125 8090 0
0.00075 9369 0
0.000375 12987 0
0.000125 2106 0
0.000125 5273 0
0.000375 2565 0
0.000375 4776 0
0.00025 14285 0
0.000125 7472 0
0.0005 14529 0
0.000375 7354 0
0.0005 14292 0
0.000125 15565 0
0.000125 1026 0
0.0005 12885 0
0.000375 4301 0
0.000125 8508 0
0.001 14527 0
0.000875 15938 0
0.000125 18931 0
0.000375 19242 0
0.001125 14376 0
0.00125 3829 0
0.0005 18193 0
0.000625 7380 0
0.000125 14607 0
0.000125 11088 0
0.000625 17127 0
0.000125 7204 0
0.00025 4858 0
0.000375 13512 0
0.000125 10732 0
0.000125 1449 0
0.000125 15618 0
0.001 6754 0
0.00075 13985 0
0.000125 19005 0
0.00025 14020 0
0.0005 12711 0
0.000625 1623 0
0.000125 15733 0
0.000125 14125 0
0.000125 18349 0
0.000375 12057 0
0.000125 18986 0
0.000125 19146 0
0.000125 15645 0
0.000125 3046 0
0.00025 449 0
0.0005 19323 0
0.000375 14972 0
0.000125 1175 0
0.000125 18514 0
0.001125 3177 0
0.000375 13544 0
0.000125 2697 0
0.000625 16489 0
0.000125 8284 0
0.000125 16267 0
0.001125 1665 0
0.0005 16637 0
0.00025 14896 0
0.00025 11954 0
0.00025 3778 0
0.00025 8717 0
0.000125 17732 0
0.000125 1876 0
0.0005 11887 0
0.000125 16458 0
0.001 5420 0
0.001125 15835 0
0.000125 9995 0
0.000125 1009 0
0.00025 10475 0
0.000125 5825 0
0.000125 11047 0
0.000125 13964 0
0.000125 1098 0
0.000125 11457 0
0.000125 8499 0
0.000125 13693 0
0.0005 2412 0
0.000625 203 0
0.00025 10271 0
0.000125 16770 0
0.000375 9594 0
0.000125 16960 0
0.0005 19726 0
0.00025 0 0
0.000125 2508 0
0.000125 6143 0
0.000375 11286 0
0.000125 13853 0
0.00025 5938 0
0.000875 7918 0
0.000125 4785 0
0.000375 18599 0
0.00025 4075 0
0.000625 5380 0
0.000375 11493 0
0.00025 9935 0
0.001125 2751 0
0.000125 1580 0
0.0005 3680 0
0.00025 14986 0
0.00025 18855 0
0.000125 12487 0
0.000125 13782 0
0.000375 19992 0
0.000125 5195 0
0.000125 3415 0
0.000125 17410 0
0.000125 870 0
0.000125 8002 0
0.00025 1632 0
0.000125 8911 0
0.000375 15970 0
0.000125 15065 0
0.00025 6072 0
0.00025 5242 0
0.001375 11196 0
0.000125 18909 0
0.000125 10921 0
0.000625 14450 0
0.000125 19589 0
0.0005 15011 0
0.000375 15995 0
0.001375 11358 0
0.000125 19323 0
0.000125 6431 0
0.001625 10030 0
0.0005 17606 0
0.000125 18664 0
0.000125 18127 0
0.000125 6331 0
0.000125 8568 0
0.00025 11702 0
0.00075 6767 0
0.000375 6529 0
0.000125 14292 0
0.000125 17829 0
0.000375 14900 0
0.000125 9259 0
0.000125 6366 0
0.00075 10935 0
0.000125 15427 0
0.001 16266 0
0.000125 13106 0
0.000625 15327 0
0.000375 16384 0
0.000125 10983 0
0.000125 5462 0
0.000125 19423 0
0.000375 1868 0
0.000125 8681 0
0.000125 12060 0
0.00025 4758 0
0.000125 5558 0
0.000125 373 0
0.000125 17598 0
0.000875 2688 0
0.000125 11502 0
0.000125 9560 0
0.000375 9518 0
0.00025 19545 0
0.000125 4376 0
0.000125 7753 0
0.00025 12840 0
0.00025 1860 0
0.000125 15044 0
0.00025 129 0
0.0005 10785 0
0.0005 11023 0
0.000375 8051 0
0.000375 13833 0
0.000125 11450 0
0.000125 16157 0
0.000875 18648 0
0.000125 4709 0
0.0005 19268 0
0.000125 17652 0
0.0005 1931 0
0.00025 13901 0
0.00075 1278 0
0.000125 18145 0
0.000125 15981 0
0.000375 17901 0
0.000125 14710 0
0.000125 6204 0
0.002 1413 0
0.000125 7883 0
0.000125 19260 0
0.000125 5792 0
0.0005 6363 0
0.000125 7298 0
0.000625 6313 0
0.000375 13541 0
0.0005 7592 0
0.00075 19849 0
0.000375 2200 0
0.000125 952 0
0.000125 16534 0
0.000125 4132 0
0.0005 7438 0
0.002 9164 0
0.001125 3165 0
0.00025 4888 0
0.003 5964 0
0.000875 16371 0
0.00025 2506 0
0.000125 2260 0
0.000125 16121 0
0.000125 1038 0
0.000375 637 0
0.000625 17186 0
0.000125 13032 0
0.000375 3926 0
0.000125 9321 0
0.0005 19266 0
0.0005 5442 0
0.000125 19718 0
0.000375 18060 0
0.000125 2898 0
0.000125 17439 0
0.000625 560 0
0.000125 8835 0
0.00025 10349 0
0.000125 12715 0
0.000125 4687 0
0.000125 12059 0
0.000375 13138 0
0.001375 17893 0
0.00025 2265 0
0.00025 177 0
0.00025 19736 0
0.000125 6645 0
0.000125 2355 0
0.000625 11572 0
0.000125 11135 0
0.000125 18438 0
0.000125 19620 0
0.00025 2970 0
0.0005 16403 0
0.00025 11418 0
0.0015 1518 0
0.000125 13489 0
0.000125 15702 0
0.000125 211 0
0.000375 2004 0
0.000125 8399 0
0.000125 10429 0
0.000125 10808 0
0.000875 91 0
0.000125 1245 0
0.000125 15531 0
0.000125 17412 0
0.000125 6783 0
0.000125 10949 0
0.000125 4113 0
0.000125 5102 0
0.000875 12195 0
0.00025 6508 0
0.00025 9117 0
0.000125 1950 0
0.000125 1188 0
0.000375 9002 0
0.000125 6825 0
0.00025 6589 0
0.000125 4042 0
0.000125 14710 0
0.000125 10955 0
0.000125 1541 0
0.000625 12680 0
0.00175 206 0
0.000375 513 0
0.000125 16896 0
0.000125 10805 0
0.000125 5209 0
0.0015 11992 0
0.000125 19328 0
0.00025 13369 0
0.000875 4999 0
0.000125 10283 0
0.000125 3739 0
0.000625 11168 0
0.00025 6774 0
0.00025 16506 0
0.00025 3179 0
0.000125 18238 0
0.00025 10421 0
0.00075 4836 0
0.000125 11185 0
0.000375 15257 0
0.000125 3674 0
0.0005 6743 0
0.000375 16961 0
0.000125 10435 0
0.000375 19685 0
0.000125 497 0
0.000125 14036 0
0.000125 3308 0
0.000125 13318 0
0.001375 12799 0
0.000125 2925 0
0.000125 18228 0
0.000125 14460 0
0.000375 17002 0
0.00025 5140 0
0.000375 14730 0
0.000125 12212 0
0.00075 15250 0
0.000125 15068 0
0.000125 12587 0
0.000125 16741 0
0.0005 5215 0
0.000125 15059 0
0.000125 1795 0
0.000125 10170 0
0.00075 14297 0
0.000375 14123 0
0.000125 2833 0
0.000125 15572 0
0.000125 234 0
0.00025 2562 0
0.000625 19393 0
0.000125 3511 0
0.00025 17582 0
0.000125 15563 0
0.000125 3011 0
0.000125 12789 0
0.000125 12065 0
0.000125 14502 0
0.00025 6020 0
0.000125 15522 0
0.00025 18335 0
0.000125 11656 0
0.000875 8601 0
0.00075 9824 0
0.000875 17631 0
0.000875 2862 0
0.0005 1107 0
0.000125 16283 0
0.0005 5899 0
0.00025 6673 0
0.000375 6735 0
0.000125 14318 0
0.000125 12789 0
0.000625 14098 0
0.000125 5946 0
0.00025 1134 0
0.000125 2018 0
0.00075 1214 0
0.000125 8071 0
0.001125 3147 0
0.0005 12853 0
0.000375 10829 0
0.000125 3021 0
0.000625 16464 0
0.000125 8526 0
0.000125 5460 0
0.000125 10554 0
0.00025 6145 0
0.00025 6056 0
0.001 8582 0
0.000125 15207 0
0.000125 12974 0
0.000125 4561 0
0.00025 10057 0
0.000125 5945 0
0.000375 11101 0
0.00025 12162 0
0.00025 13441 0
0.00025 1683 0
0.000125 7338 0
0.000125 10257 0
0.00025 18258 0
0.000125 18984 0
0.000375 14013 0
0.000125 14099 0
0.000375 13277 0
0.000125 3521 0
0.000125 5282 0
0.000375 4470 0
0.000125 5189 0
0.000125 11260 0
0.000125 18472 0
0.000375 7041 0
0.000125 2197 0
0.000125 4097 0
0.0005 3731 0
0.00025 9938 0
0.000125 8449 0
0.000125 19707 0
0.000125 18068 0
0.000375 3855 0
0.000125 772 0
0.000125 13973 0
0.000125 6589 0
0.000125 4194 0
0.000125 9269 0
0.000125 17495 0
0.000625 9510 0
0.000125 6385 0
0.000125 4033 0
0.000125 8862 0
0.0005 16741 0
0.000125 7925 0
0.000125 5128 0
0.000125 6804 0
0.000875 3918 0
0.00075 18359 0
0.00025 16437 0
0.0005 16762 0
0.00025 10714 0
0.00125 16982 0
0.001125 14146 0
0.000125 14792 0
0.000375 11973 0
0.000125 12041 0
0.00075 11987 0
0.000125 15092 0
0.000125 11734 0
0.00025 12544 0
0.000125 10339 0
0.000875 147 0
0.000125 7608 0
0.000375 2516 0
0.000125 18702 0
0.000125 12896 0
0.000375 7614 0
0.002 4542 0
0.000125 19908 0
0.000625 2378 0
0.000125 11347 0
0.0005 3285 0
0.000375 7668 0
0.000125 14369 0
0.000375 19445 0
0.000125 18096 0
0.000125 19844 0
0.0005 3487 0
0.000125 10459 0
0.000125 3194 0
0.000125 13658 0
0.000875 10063 0
0.000625 6570 0
0.000125 8709 0
0.00025 10267 0
0.000125 16532 0
0.00025 12633 0
0.000125 1350 0
0.000125 247 0
0.00025 2573 0
0.000125 4304 0
0.000125 4550 0
0.001125 4068 0
0.000125 3664 0
0.000125 16719 0
0.000375 17400 0
0.000125 9769 0
0.000125 9713 0
0.000875 16648 0
0.000625 15360 0
0.00075 15346 0
0.000625 5300 0
0.00025 831 0
0.000375 4564 0
0.001125 7511 0
0.000125 4554 0
0.000625 6323 0
0.000125 19224 0
0.000875 19880 0
0.00075 4159 0
0.001125 13673 0
0.000125 9706 0
0.000125 1997 0
0.000125 9063 0
0.000125 1001 0
0.000125 11985 0
0.000125 11483 0
0.000125 11520 0
0.000125 1354 0
0.000125 16992 0
0.0005 4564 0
0.00025 14451 0
0.000125 14329 0
0.000125 7863 0
0.000125 13652 0
0.000125 16123 0
0.00025 18970 0
0.00025 14283 0
0.00075 18460 0
0.000125 235 0
0.000125 2060 0
0.000125 16913 0
0.001875 12404 0
0.000125 653 0
0.000125 10926 0
0.000125 13124 0
0.001375 3437 0
0.00025 4720 0
0.000125 12262 0
0.0005 17019 0
0.000625 7960 0
0.001 18195 0
0.0005 9249 0
0.001375 14653 0
0.000625 12776 0
0.00025 825 0
0.000125 15905 0
0.000125 18433 0
0.000125 19608 0
0.000375 12443 0
0.00025 8923 0
0.000125 413 0
0.000125 11281 0
0.000375 18260 0
0.000125 17087 0
0.000125 15560 0
0.000125 1123 0
0.000125 18046 0
0.0005 10285 0
0.000625 12975 0
0.00025 14170 0
0.000125 19580 0
0.000125 7472 0
0.000375 8741 0
0.00025 13271 0
0.000125 13071 0
0.0005 8364 0
0.000125 9014 0
0.000125 14124 0
0.00025 13247 0
0.000125 17309 0
0.000125 13788 0
0.00025 7877 0
0.000125 126 0
0.001125 2146 0
0.0005 15460 0
0.000125 2998 0
0.00075 19269 0
0.00025 11928 0
0.00025 3079 0
0.000375 19193 0
0.0005 17749 0
0.000125 4554 0
0.00025 18114 0
0.000125 17206 0
0.000125 4206 0
0.000125 10368 0
0.00025 1135 0
0.0005 9400 0
0.000125 3439 0
0.00225 9615 0
0.00025 6966 0
0.000125 15717 0
0.000125 1630 0
0.000125 6366 0
0.0005 3264 0
0.000125 19537 0
0.00175 14270 0
0.0005 9491 0
0.000125 1699 0
0.00025 11369 0
0.00075 18294 0
0.0005 1482 0
0.000125 16632 0
0.00025 14737 0
0.000125 14576 0
0.0005 13229 0
0.000125 14159 0
0.000125 10946 0
0.001125 4449 0
0.000125 2847 0
0.000125 16058 0
0.000125 16411 0
0.000125 16569 0
0.001 17580 0
0.000125 2242 0
0.00025 16659 0
0.000375 17708 0
0.000125 9430 0
0.000375 18801 0
0.000875 19059 0
0.00025 3735 0
0.0005 18687 0
0.000375 7392 0
0.000375 14312 0
0.000375 3473 0
0.000125 14668 0
0.000125 15492 0
0.000125 1747 0
0.00025 18974 0
0.000125 17861 0
0.000125 10128 0
0.00075 7581 0
0.000375 2130 0
0.000125 8425 0
0.000625 7694 0
0.000625 9379 0
0.000125 19263 0
0.000625 15040 0
0.000375 8117 0
0.000625 13126 0
0.000125 6129 0
0.000125 19445 0
0.000125 4484 0
0.000125 15547 0
0.0005 19181 0
0.00025 15905 0
0.0005 9680 0
0.001625 10444 0
0.000375 3528 0
0.0005 18106 0
0.000625 13293 0
0.00025 764 0
0.000125 11401 0
0.000375 13453 0
0.000125 4156 0
0.000125 3591 0
0.000125 8699 0
0.000125 2679 0
0.000125 934 0
0.000125 817 0
0.000375 3203 0
0.000375 11341 0
0.000875 11860 0
0.001 245 0
0.000125 14982 0
0.00025 2156 0
0.0005 5421 0
0.000875 4501 0
0.000125 14506 0
0.000125 12883 0
0.000625 11885 0
0.000125 18254 0
0.00025 16823 0
0.00025 6899 0
0.000125 7833 0
0.000125 971 0
0.000125 15345 0
0.000125 4205 0
0.000125 3968 0
0.000125 3174 0
0.001125 11696 0
0.000125 14882 0
0.00025 2795 0
0.0005 2693 0
0.00025 12689 0
0.000125 5017 0
0.000125 2048 0
0.000125 13805 0
0.000625 18080 0
0.000125 4991 0
0.000125 16077 0
0.000125 5609 0
0.000375 1261 0
0.000125 9595 0
0.000375 5991 0
0.0005 19120 0
0.000875 15567 0
0.000125 11255 0
0.00025 6113 0
0.000125 17716 0
0.00025 7433 0
0.0005 8242 0
0.000125 6725 0
0.00025 1814 0
0.000125 4954 0
0.00025 19817 0
0.000375 7680 0
0.000625 10405 0
0.000125 12920 0
0.000375 15036 0
0.000375 6043 0
0.000125 14099 0
0.000125 9583 0
0.000625 1332 0
0.00025 16331 0
0.000125 9863 0
0.000125 14849 0
0.000375 11191 0
0.000125 1343 0
0.000875 16761 0
0.000125 2990 0
0.000125 18033 0
0.000625 5935 0
0.000875 7361 0
0.000125 15724 0
0.000125 10425 0
0.0005 12171 0
0.000875 10608 0
0.000125 18432 0
0.000125 16251 0
0.000125 2405 0
0.000125 11649 0
0.0005 1366 0
0.000375 19819 0
0.001 4306 0
0.00025 17612 0
0.0005 11744 0
0.000125 4970 0
0.00025 13427 0
0.000125 18129 0
0.000375 5853 0
0.001 19462 0
0.000375 5194 0
0.000125 5070 0
0.000125 18774 0
0.000125 3206 0
0.000125 19948 0
0.0005 9908 0
0.000125 11860 0
0.000125 3437 0
0.000375 1028 0
0.000125 11026 0
0.000125 19174 0
0.000125 2457 0
0.00025 18550 0
0.00025 9650 0
0.003625 18233 0
0.00025 10999 0
0.000625 73 0
0.000375 1458 0
0.000125 15059 0
0.00075 14910 0
0.0005 13643 0
0.000125 11094 0
0.000125 6986 0
0.001125 11899 0
0.000125 10028 0
0.000375 13763 0
0.000125 9661 0
0.000125 12717 0
0.0005 14942 0
0.000625 8422 0
0.000125 7432 0
0.000375 10330 0
0.000375 19730 0
0.000125 7746 0
0.000125 5933 0
0.000375 4109 0
0.000125 7754 0
0.00025 7608 0
0.000125 18671 0
0.000375 18907 0
0.0005 19683 0
0.000125 13428 0
0.000125 6975 0
0.000125 6649 0
0.000125 2215 0
0.0005 4011 0
0.000125 4204 0
0.000125 15985 0
0.000125 9521 0
0.000125 12121 0
0.000125 458 0
0.0005 15237 0
0.000125 492 0
0.000375 14386 0
0.00025 14349 0
0.000125 19173 0
0.000375 9358 0
0.000625 14964 0
0.000375 7283 0
0.000625 16135 0
0.000125 3602 0
0.001125 14640 0
0.000875 15699 0
0.000125 17469 0
0.00025 2817 0
0.00025 781 0
0.000125 16682 0
0.000125 119 0
0.0005 1055 0
0.000125 7174 0
0.000125 19619 0
0.00025 11962 0
0.000125 3290 0
0.000125 11123 0
0.00025 4255 0
0.0005 7416 0
0.000125 121 0
0.00025 8118 0
0.000125 4766 0
0.000125 14950 0
0.00025 8434 0
0.000125 1376 0
0.000125 6368 0
0.00025 7681 0
0.000375 15846 0
0.00025 7656 0
0.00075 6768 0
0.000125 3614 0
0.000125 4163 0
0.00025 12747 0
0.0005 13697 0
0.000125 12655 0
0.00025 11955 0
0.000125 12817 0
0.000875 12450 0
0.000125 5704 0
0.000125 7344 0
0.000125 11120 0
0.000125 19467 0
0.0005 11966 0
0.000125 16843 0
0.00025 880 0
0.000125 12536 0
0.00025 5700 0
0.000125 2086 0
0.00025 14122 0
0.000125 14310 0
0.001 18162 0
0.000125 12318 0
0.000375 10822 0
0.000625 5707 0
0.000125 15469 0
0.000125 8732 0
0.000875 16715 0
0.000125 652 0
0.00075 15507 0
0.000125 7698 0
0.001 18213 0
0.00025 6249 0
0.000125 1585 0
0.000625 3359 0
0.001 9927 0
0.0015 14741 0
0.000125 9029 0
0.000375 16837 0
0.000125 7920 0
0.001125 10452 0
0.000375 19723 0
0.000125 11606 0
0.000125 10465 0
0.000125 756 0
0.000125 1366 0
0.00075 17755 0
0.0005 12885 0
0.000125 5427 0
0.000125 12876 0
0.00025 1959 0
0.000125 738 0
0.000125 5179 0
0.0005 14100 0
0.000625 993 0
0.00025 1952 0
0.00025 7045 0
0.000625 678 0
0.000125 1960 0
0.001 8451 0
0.000125 786 0
0.001 16324 0
0.000125 16891 0
0.00025 8262 0
0.000125 10230 0
0.0015 8188 0
0.000125 13815 0
0.000125 15234 0
0.000125 13355 0
0.000125 15672 0
0.0005 14338 0
0.0015 4457 0
0.000625 5147 0
0.000125 2867 0
0.00025 3465 0
0.000125 18558 0
0.000125 6212 0
0.00025 15322 0
0.00025 12204 0
0.00025 2720 0
0.000125 4588 0
0.000375 7057 0
0.000125 4768 0
0.000125 2416 0
0.001 6956 0
0.0025 13191 0
0.001 3159 0
0.000375 14910 0
0.000125 13592 0
0.000125 6409 0
0.00025 2069 0
0.000125 8985 0
0.000125 8836 0
0.000125 4113 0
0.0005 10741 0
0.000625 104 0
0.0005 3038 0
0.0005 2815 0
0.000125 7556 0
0.000125 19302 0
0.000125 19126 0
0.00075 19360 0
0.00025 11883 0
0.00025 4822 0
0.000125 4127 0
0.000125 16724 0
0.000375 5935 0
0.000125 2012 0
0.000125 6960 0
0.00025 2775 0
0.000125 182 0
0.000125 15889 0
0.0005 17898 0
0.000625 17517 0
0.00025 8579 0
0.0005 16835 0
0.000125 15570 0
0.000125 10343 0
0.000125 4763 0
0.000375 7675 0
0.000125 18779 0
0.000125 95 0
0.000125 119 0
0.000125 14794 0
0.00025 7422 0
0.00075 3259 0
0.00025 7554 0
0.000125 5618 0
0.00025 1547 0
0.000375 16785 0
0.00025 7304 0
0.00025 13243 0
0.000125 14382 0
0.00025 12687 0
0.000125 15454 0
0.000875 16258 0
0.000125 13351 0
0.000125 15302 0
0.000125 19718 0
0.000125 11291 0
0.000125 18700 0
0.000125 2172 0
0.00025 1772 0
0.000125 14115 0
0.000125 3989 0
0.000875 6554 0
0.000125 219 0
0.0005 9185 0
0.000375 10679 0
0.000125 14864 0
0.00075 3125 0
0.00075 19600 0
0.000125 4457 0
0.000125 325 0
0.00025 1743 0
0.000625 1690 0
0.000125 11736 0
0.00075 14961 0
0.000125 18227 0
0.000125 6609 0
0.00025 14490 0
0.000125 15849 0
0.000125 434 0
0.000125 19317 0
0.000125 18919 0
0.00025 2370 0
0.00025 13857 0
0.000125 13521 0
0.000375 13906 0
0.001875 10278 0
0.000125 15687 0
0.000125 5553 0
0.000375 1390 0
0.000125 1834 0
0.00075 15827 0
0.00025 14978 0
0.000125 11675 0
0.000125 4670 0
0.00025 19200 0
0.001 12973 0
0.000125 6605 0
0.00025 8876 0
0.0005 7112 0
0.000125 16286 0
0.00025 426 0
0.000125 10052 0
0.000125 12528 0
0.00025 12057 0
0.000125 5819 0
0.000125 19542 0
0.000125 13146 0
0.0005 14000 0
0.000625 7421 0
0.0005 16208 0
0.000875 4107 0
0.0005 7550 0
0.000625 15774 0
0.000125 7788 0
0.000625 2249 0
0.000875 16688 0
0.000375 2087 0
0.00025 15556 0
0.000125 19376 0
0.001125 11962 0
0.0005 5774 0
0.000625 9793 0
0.000125 10504 0
0.000125 16251 0
0.000125 16593 0
0.000125 9815 0
0.00025 10782 0
0.000125 12640 0
0.000125 18305 0
0.000125 3331 0
0.00025 12944 0
0.000625 5289 0
0.001 2105 0
0.000125 18919 0
0.001125 11222 0
0.0005 17091 0
0.000125 6703 0
0.00025 7173 0
0.00025 15840 0
0.000125 3195 0
0.000125 11394 0
0.000625 6306 0
0.000125 3398 0
0.00025 18750 0
0.001 15363 0
0.000125 19490 0
0.00075 5153 0
0.001125 12099 0
0.000625 3251 0
0.000125 5982 0
0.000125 7581 0
0.000125 10636 0
0.000375 17017 0
0.000125 4598 0
0.000125 2984 0
0.001 8159 0
0.0005 3569 0
0.000125 15807 0
0.000125 15729 0
0.000125 19224 0
0.00025 6613 0
0.00025 6406 0
0.000125 8944 0
0.000125 6023 0
0.000125 9105 0
0.000375 10626 0
0.000125 12382 0
0.000125 8876 0
0.000125 17632 0
0.000375 19809 0
0.001125 13306 0
0.000125 9470 0
0.000375 9734 0
0.000125 8039 0
0.000125 18514 0
0.000125 427 0
0.000125 9327 0
0.000125 10980 0
0.001125 5110 0
0.000125 713 0
0.000125 1606 0
0.000125 1467 0
0.0005 14602 0
0.000625 5191 0
0.000125 17779 0
0.000375 10657 0
0.000375 14435 0
0.000375 9314 0
0.000125 17385 0
0.0015 12338 0
0.00025 8889 0
0.000375 13107 0
0.000125 603 0
0.000125 4222 0
0.001875 614 0
0.001375 13369 0
0.000125 17142 0
0.000125 16051 0
0.000125 3205 0
0.00075 12346 0
0.000625 5091 0
0.0005 10348 0
0.002875 8685 0
0.000375 8289 0
0.000125 313 0
0.00025 16575 0
0.000375 12409 0
0.000375 611 0
0.000125 2071 0
0.000625 17954 0
0.000125 19201 0
0.000125 9688 0
0.00025 17383 0
0.00075 9646 0
0.001375 19527 0
0.000125 6428 0
0.000125 8621 0
0.000625 5657 0
0.000125 9222 0
0.0005 11640 0
0.000125 18914 0
0.00125 18769 0
0.000625 16280 0
0.0005 7569 0
0.00025 12852 0
0.000875 16407 0
0.000125 9813 0
0.000125 12456 0
0.000125 10817 0
0.000125 15656 0
0.00025 11729 0
0.000625 16421 0
0.000125 1538 0
0.00025 7117 0
0.000875 12654 0
0.000125 6950 0
0.000375 11581 0
0.000125 10658 0
0.000625 7205 0
0.00125 11125 0
0.0005 4622 0
0.0005 31 0
0.000125 5279 0
0.000125 7022 0
0.000375 12882 0
0.000375 10550 0
0.000875 16439 0
0.000125 1033 0
0.000375 14162 0
0.000125 13187 0
0.0005 6355 0
0.000125 5792 0
0.00425 938 0
0.000125 6159 0
0.000125 3957 0
0.000125 15226 0
0.000375 6376 0
0.00025 6879 0
0.000125 18288 0
0.000375 9419 0
0.000375 15821 0
0.00025 8010 0
0.000375 6603 0
0.000125 19106 0
0.000125 5095 0
0.000125 12309 0
0.000125 15212 0
0.00025 14090 0
0.000125 3238 0
0.00025 428 0
0.000125 11449 0
0.000125 2840 0
0.000125 11558 0
0.000875 8955 0
0.000125 2285 0
0.000125 8390 0
0.000125 15222 0
0.00075 13680 0
0.000125 18927 0
0.00225 17245 0
0.000125 10125 0
0.000375 18309 0
0.00025 17644 0
0.000125 17967 0
0.000375 10026 0
0.000125 8256 0
0.000625 4797 0
0.0005 9775 0
0.000125 3736 0
0.000125 8243 0
0.000125 1359 0
0.000125 8594 0
0.00025 5334 0
0.0005 17282 0
0.00025 7734 0
0.000125 13588 0
0.001625 5577 0
0.00025 2297 0
0.000125 11543 0
0.00025 19020 0
0.000125 18336 0
0.000375 5996 0
0.000125 2738 0
0.00025 16943 0
0.000125 8479 0
0.00075 17248 0
0.000125 5727 0
0.000625 11138 0
0.000125 2133 0
0.000375 9843 0
0.000125 16511 0
0.00075 456 0
0.000375 16394 0
0.000125 17302 0
0.000625 16632 0
0.000375 15406 0
0.000125 5017 0
0.00025 16175 0
0.000125 10339 0
0.000125 4165 0
0.000375 17843 0
0.001125 11337 0
0.000125 15050 0
0.000125 15812 0
0.00025 19073 0
0.00025 1970 0
0.00025 4635 0
0.00025 2258 0
0.000125 12769 0
0.00025 9717 0
0.000375 10207 0
0.000375 11015 0
0.000125 7383 0
0.000125 18320 0
0.00025 1151 0
0.000125 1305 0
0.000125 13416 0
0.000125 11663 0
0.001875 5141 0
0.000125 9578 0
0.00025 16110 0
0.000125 14154 0
0.00075 3459 0
0.000125 3853 0
0.000125 18450 0
0.00025 5633 0
0.000375 10781 0
0.001125 6130 0
0.001 11099 0
0.000375 15307 0
0.00025 4839 0
0.000375 9404 0
0.000125 15991 0
0.000125 8342 0
0.000125 7843 0
0.00025 11168 0
0.000125 6482 0
0.000125 4355 0
0.000125 484 0
0.000125 18146 0
0.000375 2652 0
0.000375 2652 0
0.00125 9200 0
0.000125 2348 0
0.000875 4331 0
0.00025 957 0
0.000125 12110 0
0.000125 11323 0
0.0005 10505 0
0.001 18950 0
0.000625 8930 0
0.000375 8272 0
0.00025 15563 0
0.000125 3524 0
0.0005 13168 0
0.000125 17566 0
0.000125 10434 0
0.000875 2792 0
0.000125 12376 0
0.00025 5791 0
0.0025 5117 0
0.000125 9546 0
0.00025 1789 0
0.000125 18519 0
0.0005 5203 0
0.0005 5842 0
0.001125 15343 0
0.000125 15460 0
0.000125 7550 0
0.000125 15706 0
0.000125 19569 0
0.00075 11600 0
0.000625 15712 0
0.000125 587 0
0.00025 3801 0
0.0005 8371 0
0.000625 11442 0
0.000125 6426 0
0.001875 12655 0
0.000125 4579 0
0.00025 18210 0
0.00075 17044 0
0.00025 14466 0
0.000625 13551 0
0.00025 16146 0
0.000125 1398 0
0.000125 7266 0
0.001 8826 0
0.000125 15039 0
0.000375 8133 0
0.000125 8830 0
0.000125 6701 0
0.00025 15483 0
0.0005 10267 0
0.0005 10504 0
0.00075 13712 0
0.000125 7696 0
0.000125 10246 0
0.000375 1945 0
0.000125 14805 0
0.000125 15290 0
0.000125 6127 0
0.000125 16546 0
0.000375 422 0
0.000625 8707 0
0.002125 13264 0
0.000125 11389 0
0.00175 19510 0
0.00075 8441 0
0.000125 4347 0
0.000125 19466 0
0.001 11755 0
0.000125 14357 0
0.000125 12240 0
0.00025 11950 0
0.0005 12209 0
0.000125 1407 0
0.000125 2696 0
0.000125 6958 0
0.000125 13957 0
0.000125 10313 0
0.000375 13023 0
0.00075 3521 0
0.000125 7165 0
0.000125 10880 0
0.00025 12179 0
0.00075 14256 0
0.000875 4390 0
0.000125 9447 0
0.000125 17350 0
0.000125 14921 0
0.0005 17951 0
0.000875 13171 0
0.000125 7213 0
0.000125 8798 0
0.000125 16228 0
0.00025 12412 0
0.000125 8543 0
0.00025 16713 0
0.000125 8220 0
0.000125 9332 0
0.000625 18182 0
0.00025 16086 0
0.00025 17344 0
0.000375 14175 0
0.000125 11122 0
0.00025 15889 0
0.0005 11293 0
0.000375 14381 0
0.00025 12703 0
0.000125 8361 0
0.00025 14073 0
0.000125 2822 0
0.000375 16985 0
0.000125 9632 0
0.001625 2486 0
0.00025 4677 0
0.000125 19025 0
0.00025 12201 0
0.00025 15519 0
0.00025 19083 0
0.000125 19736 0
0.00075 5689 0
0.000125 15113 0
0.00025 7430 0
0.00025 2143 0
0.00025 7509 0
0.000125 11309 0
0.00025 14531 0
0.000375 16593 0
0.000125 2146 0
0.000125 7734 0
0.000125 2138 0
0.00025 11612 0
0.001875 2877 0
0.0005 17969 0
0.00025 4491 0
0.000125 17010 0
0.00025 10358 0
0.000125 17302 0
0.000125 1427 0
0.000375 10436 0
0.000125 573 0
0.001 1397 0
0.000125 17788 0
0.000375 14612 0
0.000125 18859 0
0.000125 12565 0
0.0005 16913 0
0.000125 1634 0
0.00025 4900 0
0.000125 9892 0
0.000875 16724 0
0.000125 16527 0
0.000125 17228 0
0.000125 10585 0
0.000375 3193 0
0.000375 3998 0
0.0005 7389 0
0.000375 14684 0
0.001 15778 0
0.000375 10271 0
0.000125 13816 0
0.000125 8738 0
0.000375 16300 0
0.0005 10636 0
0.000125 16902 0
0.00025 18285 0
0.001 18913 0
0.00025 17827 0
0.000125 9939 0
0.00025 4939 0
0.00025 13537 0
0.0005 2432 0
0.000375 14545 0
0.00025 13342 0
0.000625 16355 0
0.00025 15155 0
0.000125 12882 0
0.000625 161 0
0.00025 6433 0
0.000125 17871 0
0.00025 18573 0
0.000375 4712 0
0.000125 5575 0
0.000625 7199 0
0.00025 15294 0
0.000125 7228 0
0.000125 8476 0
0.0005 1330 0
0.00025 8609 0
0.000375 3447 0
0.000375 4424 0
0.000125 16797 0
0.000125 13367 0
0.000375 7444 0
0.00025 7562 0
0.00075 15381 0
0.00025 7101 0
0.000125 13685 0
0.000125 4499 0
0.00025 19783 0
0.000125 12488 0
0.00025 19879 0
0.000125 3322 0
0.0005 5799 0
0.0005 12831 0
0.000125 17521 0
0.000125 10056 0
0.00025 8044 0
0.000375 18001 0
0.00025 11727 0
0.000125 6721 0
0.000125 1679 0
0.000125 4065 0
0.000125 18878 0
0.000125 8441 0
0.000125 13567 0
0.000125 18644 0
0.000125 13486 0
0.000125 17233 0
0.0005 13963 0
0.000125 6553 0
0.000125 12639 0
0.000125 17364 0
0.00025 16203 0
0.000125 14517 0
0.00025 19289 0
0.00025 8028 0
0.001875 10816 0
0.00025 72 0
0.000125 14586 0
0.000875 2965 0
0.000375 7089 0
0.00025 12223 0
0.000125 15839 0
0.000125 15251 0
0.000375 17092 0
0.001625 17665 0
0.000125 538 0
0.000125 1802 0
0.000625 6341 0
0.000375 10872 0
0.000875 12090 0
0.000875 8063 0
0.0005 4609 0
0.00025 11049 0
0.000625 1970 0
0.000125 8212 0
0.000125 1880 0
0.000125 7086 0
0.000125 4666 0
0.000125 19942 0
0.000625 2289 0
0.000375 19492 0
0.000125 3443 0
0.000125 2386 0
0.000125 11582 0
0.000125 10140 0
0.000375 1058 0
0.000125 13483 0
0.000125 9759 0
0.000375 1360 0
0.000125 5657 0
0.00125 4731 0
0.0005 9149 0
0.000125 12237 0
0.000125 5253 0
0.001 27 0
0.00075 18811 0
0.000125 2616 0
0.000375 18559 0
0.00025 2828 0
0.000125 3244 0
0.000625 11608 0
0.0005 2018 0
0.00025 3327 0
0.000125 117 0
0.000125 13572 0
0.003125 820 0
0.000375 12188 0
0.00025 17633 0
0.000125 2809 0
0.000125 2752 0
0.000125 10572 0
0.0005 9685 0
0.000125 1924 0
0.000125 5963 0
0.00025 12857 0
0.00025 13605 0
0.001125 19724 0
0.000375 18048 0
0.001625 11121 0
0.000125 19293 0
0.001 6120 0
0.000125 7513 0
0.000875 4371 0
0.000375 3765 0
0.00025 6591 0
0.000125 18477 0
0.000125 2315 0
0.000125 4215 0
0.00025 17730 0
0.000125 12592 0
0.000125 13130 0
0.000125 10698 0
0.0005 6846 0
0.000875 1490 0
0.0005 7836 0
0.000125 11685 0
0.00025 8760 0
0.0005 3218 0
0.00025 7781 0
0.000125 19270 0
0.000125 8129 0
0.000875 10522 0
0.000125 959 0
0.000125 6850 0
0.00075 17131 0
0.001125 12954 0
0.000125 282 0
0.000125 6991 0
0.000125 16452 0
0.000125 5114 0
0.001625 12129 0
0.000125 15360 0
0.001 1381 0
0.0005 16585 0
0.000125 3918 0
0.00025 6848 0
0.000375 14444 0
0.00025 17442 0
0.000125 6602 0
0.00025 3016 0
0.000125 10933 0
0.000125 9412 0
0.000125 16236 0
0.000625 13610 0
0.00025 8058 0
0.00025 4797 0
0.000125 9434 0
0.000625 14600 0
0.000125 11461 0
0.00025 585 0
0.000125 16613 0
0.000125 15719 0
0.000625 1667 0
0.000125 2336 0
0.000125 268 0
0.00025 11709 0
0.0005 6087 0
0.00025 1830 0
0.00075 5932 0
0.000125 3798 0
0.00025 11258 0
0.000375 15967 0
0.0005 17615 0
0.000125 15550 0
0.0005 2121 0
0.00025 7113 0
0.0005 10782 0
0.000125 13992 0
0.000125 4058 0
0.000125 14243 0
0.0005 7072 0
0.000125 17511 0
0.0005 13986 0
0.000125 17348 0
0.000125 10966 0
0.000125 5697 0
0.00075 16646 0
0.000375 9457 0
0.00025 9233 0
0.00025 7062 0
0.000125 10731 0
0.000125 18464 0
0.000375 12371 0
0.00025 11626 0
0.001125 9719 0
0.000125 6044 0
0.000625 8211 0
0.000125 14694 0
0.000125 11803 0
0.000875 15063 0
0.00025 339 0
0.000375 9227 0
0.000125 6828 0
0.000375 5948 0
0.000125 10290 0
0.00075 10376 0
0.0005 6597 0
0.000375 14018 0
0.000375 18463 0
0.000125 5262 0
0.00025 19842 0
0.001 9208 0
0.00025 9775 0
0.000125 9635 0
0.000625 10255 0
0.00025 4939 0
0.000375 12205 0
0.001125 10689 0
0.000125 19246 0
0.000125 19743 0
0.000875 6352 0
0.000125 7786 0
0.000125 16726 0
0.000125 8767 0
0.00025 4424 0
0.000375 16228 0
0.000125 9421 0
0.000125 11387 0
0.000125 4059 0
0.00025 741 0
0.000125 19214 0
0.000125 13417 0
0.00025 5181 0
0.000125 11268 0
0.000125 1577 0
0.000375 12294 0
0.00025 10647 0
0.00025 1267 0
0.000125 16673 0
0.000375 6680 0
0.0005 18848 0
0.001125 16054 0
0.0005 9385 0
0.000125 11517 0
0.00125 5037 0
0.00025 11103 0
0.000125 8413 0
0.000375 2839 0
0.000125 17801 0
0.000375 14122 0
0.000125 18233 0
0.00075 18073 0
0.000125 761 0
0.000375 19554 0
0.00025 73 0
0.000125 18760 0
0.00025 19934 0
0.000125 8869 0
0.00025 11098 0
0.000125 7753 0
0.000125 2687 0
0.00025 6029 0
0.000125 15232 0
0.000125 9598 0
0.0015 7057 0
0.00025 8011 0
0.000125 828 0
0.000375 16629 0
0.00025 9126 0
0.000375 4025 0
0.000375 13114 0
0.000125 15003 0
0.000375 18668 0
0.000125 4319 0
0.000125 9870 0
0.00025 18592 0
0.000625 15056 0
0.000125 11234 0
0.00025 6869 0
0.000375 5335 0
0.000125 11822 0
0.001125 15381 0
0.00025 7071 0
0.000125 7855 0
0.000125 3498 0
0.000125 9205 0
0.000125 269 0
0.000625 14864 0
0.00025 4976 0
0.000125 5295 0
0.000125 1402 0
0.00075 3010 0
0.000375 2347 0
0.000375 12855 0
0.000125 11834 0
0.0005 18450 0
0.000125 1355 0
0.000125 14491 0
0.00075 6548 0
0.000125 15626 0
0.000125 7154 0
0.000125 2403 0
0.00125 19694 0
0.000125 6550 0
0.001375 16087 0
0.00075 19711 0
0.0005 7680 0
0.0015 4744 0
0.000125 6536 0
0.000875 10417 0
0.00125 18623 0
0.000125 3166 0
0.00025 3196 0
0.000875 18580 0
0.000625 7966 0
0.00025 4318 0
0.000125 6492 0
0.000125 16561 0
0.0005 13569 0
0.000125 7988 0
0.000125 4608 0
0.000125 19335 0
0.000125 12099 0
0.000375 2397 0
0.000125 8574 0
0.00025 13223 0
0.000125 2849 0
0.00025 17031 0
0.000125 16805 0
0.000125 18452 0
0.000125 2615 0
0.000125 10822 0
0.000125 7293 0
0.000125 19056 0
0.000125 123 0
0.000125 1637 0
0.000375 14707 0
0.00025 6139 0
0.0005 1778 0
0.000125 17693 0
0.000875 9279 0
0.000125 8300 0
0.00075 18237 0
0.00025 11620 0
0.001125 14778 0
0.0005 7295 0
0.00025 8607 0
0.000125 10347 0
0.000625 6929 0
0.00025 5145 0
0.000125 137 0
0.000375 12775 0
0.00025 19209 0
0.000125 2421 0
0.000375 315 0
0.000375 3510 0
0.000125 8983 0
0.000125 3220 0
0.000125 9733 0
0.0005 12976 0
0.000125 6114 0
0.000125 18103 0
0.000125 10917 0
0.000125 9145 0
0.000125 17902 0
0.0005 14645 0
0.000125 1630 0
0.00025 5152 0
0.0005 1346 0
0.00025 15362 0
0.000125 7198 0
0.000125 257 0
0.001375 17043 0
0.000125 10342 0
0.000625 10702 0
0.000125 3350 0
0.000125 18809 0
0.0005 12428 0
0.00175 14005 0
0.00025 7797 0
0.000625 2770 0
0.00025 5527 0
0.000125 9692 0
0.0005 8065 0
0.000625 4236 0
0.000125 11797 0
0.000125 3924 0
0.000625 7206 0
0.000125 11173 0
0.000625 11319 0
0.000125 3647 0
0.000125 3082 0
0.000125 19860 0
0.000125 16908 0
0.000125 10098 0
0.000375 13131 0
0.000375 8264 0
0.001625 6457 0
0.000125 16413 0
0.00075 13222 0
0.000125 7187 0
0.000125 13111 0
0.000125 1292 0
0.00025 878 0
0.000375 13662 0
0.000125 14775 0
0.000125 17296 0
0.00075 5984 0
0.00025 3696 0
0.000875 7012 0
0.000125 14002 0
0.000125 18104 0
0.000125 9077 0
0.000125 2207 0
0.000125 9578 0
0.00025 5444 0
0.00025 14387 0
0.000125 9361 0
0.000125 8757 0
0.000125 12078 0
0.000375 18762 0
0.000125 7455 0
0.00025 15755 0
0.000125 15537 0
0.000125 7615 0
0.00025 19821 0
0.000125 9459 0
0.00025 13759 0
0.000375 1269 0
0.000375 14697 0
0.000375 4215 0
0.000625 16938 0
0.000625 16684 0
0.000125 19986 0
0.000125 5449 0
0.000375 12058 0
0.000125 12054 0
0.000125 11363 0
0.000375 10910 0
0.000125 9419 0
0.000125 7955 0
0.000125 15712 0
0.00075 15413 0
0.000125 10523 0
0.001625 17271 0
0.0005 14419 0
0.00025 10887 0
0.0005 3873 0
0.000125 9948 0
0.001625 9120 0
0.000125 1910 0
0.00025 6600 0
0.000125 19790 0
0.000125 17991 0
0.000125 1967 0
0.000125 18809 0
0.00025 19572 0
0.00075 1284 0
0.000125 17247 0
0.000125 17947 0
0.00025 18734 0
0.000375 15585 0
0.000125 9588 0
0.000375 17431 0
0.00025 15955 0
0.001125 19739 0
0.00025 18044 0
0.000125 13792 0
0.000875 14814 0
0.000125 8356 0
0.000125 8601 0
0.000125 13634 0
0.000125 10753 0
0.000125 11610 0
0.000125 15614 0
0.000125 481 0
0.000125 19503 0
0.000125 8838 0
0.00075 14305 0
0.00025 14294 0
0.000375 8050 0
0.000125 9191 0
0.000125 7678 0
0.000125 14215 0
0.000125 12362 0
0.0005 8985 0
0.000375 14281 0
0.000125 18934 0
0.000125 3467 0
0.000125 13017 0
0.000125 5963 0
0.00025 15903 0
0.000125 7646 0
0.000125 15892 0
0.000125 19581 0
0.00025 9653 0
0.000125 16514 0
0.00075 17001 0
0.000125 1378 0
0.00025 17438 0
0.000125 14638 0
0.000125 5531 0
0.000125 18059 0
0.000125 15279 0
0.000125 13060 0
0.000625 1323 0
0.0005 10800 0
0.00025 8488 0
0.000125 18406 0
0.000375 5340 0
0.0005 14345 0
0.000125 228 0
0.000125 14245 0
0.000125 5585 0
0.000125 15683 0
0.000125 13404 0
0.00025 8814 0
0.000875 14809 0
0.000125 8557 0
0.000375 2404 0
0.00025 11612 0
0.000125 2543 0
0.0005 6366 0
0.000125 14713 0
0.000125 4527 0
0.001375 12627 0
0.000125 4935 0
0.000125 19848 0
0.00025 9773 0
0.000375 3041 0
0.001 8248 0
0.000125 19617 0
0.00025 16744 0
0.000375 6903 0
0.000125 6282 0
0.000875 16367 0
0.000625 14507 0
0.000125 10379 0
0.000125 11039 0
0.000125 5291 0
0.000125 5200 0
0.001125 10333 0
0.000375 8538 0
0.000125 11839 0
0.000375 3789 0
0.001375 6280 0
0.000125 6656 0
0.000125 19373 0
0.00075 7944 0
0.000125 11955 0
0.000125 17326 0
0.00025 427 0
0.00075 2711 0
0.00025 2138 0
0.001125 5270 0
0.000125 13874 0
0.000125 16348 0
0.00025 10610 0
0.000125 393 0
0.00025 8363 0
0.00025 5313 0
0.000375 9627 0
0.00325 2602 0
0.001875 16642 0
0.000875 7110 0
0.000125 14787 0
0.00075 6826 0
0.000125 16488 0
0.00025 14172 0
0.001 5656 0
0.001 17502 0
0.00025 13152 0
0.0015 4394 0
0.0005 19167 0
0.00075 7513 0
0.0005 13780 0
0.000125 8215 0
0.000125 184 0
0.000625 7238 0
0.00025 6641 0
0.00025 9949 0
0.000875 12964 0
0.00025 11835 0
0.00025 10183 0
0.00025 6744 0
0.000125 2950 0
0.000125 16340 0
0.000125 5863 0
0.000125 19958 0
0.000125 8527 0
0.000125 13171 0
0.000125 5947 0
0.00025 11037 0
0.000125 19857 0
0.000125 12338 0
0.000125 2163 0
0.000125 993 0
0.001125 656 0
0.0005 18157 0
0.000125 17074 0
0.000125 8160 0
0.000125 9197 0
0.00025 6207 0
0.00025 3613 0
0.00075 13712 0
0.0005 12988 0
0.00025 1802 0
0.000125 3518 0
0.0005 4793 0
0.0005 7943 0
0.000125 6632 0
0.000125 12800 0
0.000375 394 0
0.000375 12076 0
0.0005 3707 0
0.000125 8811 0
0.000125 78 0
0.000125 7163 0
0.000125 4279 0
0.000125 3748 0
0.000125 6508 0
0.000875 2330 0
0.0005 11780 0
0.000125 13433 0
0.000125 10264 0
0.000125 7377 0
0.000125 16185 0
0.000125 5772 0
0.000125 13885 0
0.000125 9394 0
0.00025 8808 0
0.000625 16809 0
0.000375 11036 0
0.0005 3855 0
0.00075 13529 0
0.000125 15302 0
0.000125 2235 0
0.000125 2941 0
0.000125 1288 0
0.000125 99 0
0.000375 17830 0
0.000375 16215 0
0.000125 736 0
0.00025 8187 0
0.000125 16810 0
0.00025 11004 0
0.0005 19098 0
0.000625 9976 0
0.000125 9041 0
0.000125 3850 0
0.000125 12444 0
0.000375 3590 0
0.000125 18177 0
0.000875 9185 0
0.00025 18520 0
0.000125 14669 0
0.00025 15721 0
0.000125 7971 0
0.000125 330 0
0.00025 17209 0
0.000125 9165 0
0.000625 10250 0
0.000125 11112 0
0.000625 11854 0
0.0005 11756 0
0.000125 2587 0
0.000125 18658 0
0.00025 10039 0
0.000125 16018 0
0.000375 18302 0
0.00025 8573 0
0.000875 4215 0
0.00125 5018 0
0.00075 147 0
0.000125 7243 0
0.000875 14426 0
0.001 17681 0
0.000125 9675 0
0.000125 4928 0
0.000125 12445 0
0.000375 6649 0
0.000125 14653 0
0.00025 3526 0
0.000125 14664 0
0.000125 12277 0
0.000125 15915 0
0.000125 7565 0
0.000625 6879 0
0.0005 11951 0
0.00025 18840 0
0.0005 13870 0
0.00025 514 0
0.000125 12321 0
0.0005 15673 0
0.000125 12729 0
0.00025 579 0
0.000125 12377 0
0.000125 15967 0
0.000125 18310 0
0.00025 12430 0
0.000125 19042 0
0.000125 1670 0
0.00025 17271 0
0.000125 15292 0
0.000625 16515 0
0.00025 4711 0
0.000875 17542 0
0.000125 17220 0
0.00025 19448 0
0.000625 8566 0
0.000375 1970 0
0.000375 14852 0
0.000125 13575 0
0.000125 17725 0
0.00025 13956 0
0.00025 9148 0
0.000125 18259 0
0.00025 18623 0
0.000125 14459 0
0.00075 12873 0
0.0005 11317 0
0.00025 4277 0
0.00025 343 0
0.000125 12241 0
0.00025 13403 0
0.0005 2006 0
0.00025 12937 0
0.00025 19752 0
0.000125 18313 0
0.000875 6619 0
0.000125 11878 0
0.000375 5656 0
0.000625 11233 0
0.000375 9760 0
0.000125 3321 0
0.00025 6701 0
0.000375 16496 0
0.000125 5023 0
0.000375 17276 0
0.000125 14600 0
0.000375 15051 0
0.000125 8345 0
0.000125 17230 0
0.000125 19018 0
0.000125 9633 0
0.000125 9002 0
0.000625 10563 0
0.00025 4815 0
0.000375 6848 0
0.00025 1175 0
0.000125 1291 0
0.000125 11081 0
0.00025 15681 0
0.00025 6963 0
0.00025 6618 0
0.000375 13789 0
0.000125 2506 0
0.000125 270 0
0.000125 565 0
0.000125 3172 0
0.000125 10742 0
0.000125 5466 0
0.000125 3505 0
0.001875 15891 0
0.000375 356 0
0.000125 14388 0
0.000125 9904 0
0.000125 9984 0
0.000375 4397 0
0.000125 14427 0
0.0005 15890 0
0.000125 7783 0
0.0005 14736 0
0.000125 887 0
0.000125 6890 0
0.000125 12944 0
0.00025 11995 0
0.000125 19987 0
0.000375 5826 0
0.000625 3128 0
0.000625 11972 0
0.00025 18089 0
0.000125 18665 0
0.000125 17260 0
0.00025 3905 0
0.00075 15479 0
0.000125 13181 0
0.000125 11150 0
0.00025 19661 0
0.00025 9298 0
0.00025 15719 0
0.000375 18861 0
0.000125 4763 0
0.000125 14005 0
0.000125 15369 0
0.000125 1266 0
0.000125 6649 0
0.000125 10553 0
0.000875 4854 0
0.000125 14235 0
0.0005 4420 0
0.0005 7674 0
0.000125 17344 0
0.000125 4561 0
0.00025 5521 0
0.000125 2868 0
0.000125 16723 0
0.000125 652 0
0.000125 8071 0
0.000125 11499 0
0.000125 10025 0
0.0015 12042 0
0.000125 7140 0
0.000125 14570 0
0.000125 18414 0
0.00025 17188 0
0.000125 12035 0
0.000125 6468 0
0.000125 12513 0
0.001125 14660 0
0.000375 11483 0
0.00025 7747 0
0.000125 10574 0
0.000125 15095 0
0.000125 6769 0
0.00025 5691 0
0.0005 4588 0
0.000125 12234 0
0.000125 17728 0
0.000125 8155 0
0.0005 16341 0
0.000125 17581 0
0.000125 8314 0
0.000125 19594 0
0.000125 5828 0
0.00025 3410 0
0.0005 5276 0
0.00125 13227 0
0.000125 244 0
0.000125 2134 0
0.0005 14497 0
0.000125 16919 0
0.000125 14270 0
0.000375 16330 0
0.00025 3977 0
0.000625 18000 0
0.000125 16823 0
0.000125 18271 0
0.00025 6157 0
0.00025 14704 0
0.000125 5892 0
0.00025 15341 0
0.000375 18320 0
0.000125 14567 0
0.000125 3611 0
0.000375 552 0
0.00025 13860 0
0.000375 16407 0
0.000125 3738 0
0.000125 13071 0
0.000625 1031 0
0.000125 5350 0
0.00075 3786 0
0.000125 19103 0
0.0005 16049 0
0.000375 15487 0
0.000625 13007 0
0.000625 7772 0
0.000625 8540 0
0.00025 15888 0
0.000375 5671 0
0.000125 13876 0
0.000375 19423 0
0.00025 4611 0
0.0005 2601 0
0.000125 8888 0
0.000125 16247 0
0.0005 13882 0
0.000625 1479 0
0.000125 11659 0
0.000375 19122 0
0.000125 16299 0
0.000375 1771 0
0.00125 4253 0
0.000125 19326 0
0.000125 2867 0
0.00075 6633 0
0.000125 16378 0
0.00025 9393 0
0.00025 17479 0
0.000125 1082 0
0.000125 2143 0
0.0005 4492 0
0.00025 17218 0
0.00025 9498 0
0.000125 4394 0
0.0005 11975 0
0.0005 17875 0
0.000125 4238 0
0.000125 9038 0
0.000375 6524 0
0.000125 7450 0
0.000125 16382 0
0.000625 2981 0
0.000125 3953 0
0.000125 10218 0
0.000125 3952 0
0.00025 2091 0
0.000125 2745 0
0.00025 5379 0
0.000125 13928 0
0.000125 11822 0
0.0005 14803 0
0.0005 9461 0
0.000125 1090 0
0.00025 12779 0
0.00025 15546 0
0.000125 14404 0
0.00025 9398 0
0.0005 12740 0
0.000125 18051 0
0.001 11635 0
0.00025 5253 0
0.000125 10440 0
0.00025 9684 0
0.000125 18833 0
0.000125 18083 0
0.000125 8113 0
0.000125 4178 0
0.0005 14916 0
0.000375 9682 0
0.000125 16111 0
0.00025 398 0
0.000125 10040 0
0.00025 10656 0
0.00025 9168 0
0.00025 10300 0
0.000125 1836 0
0.000375 2810 0
0.00025 7189 0
0.000125 14537 0
0.00025 16411 0
0.00025 17931 0
0.000125 15152 0
0.000125 3775 0
0.000125 11448 0
0.000125 10588 0
0.000375 3539 0
0.000125 5271 0
0.00025 15617 0
0.000625 18156 0
0.000125 10363 0
0.00025 3433 0
0.00025 16221 0
0.000125 3271 0
0.00025 5996 0
0.00025 2662 0
0.000125 10529 0
0.000125 19982 0
0.000125 19913 0
0.000125 17630 0
0.0005 4756 0
0.000375 14282 0
0.000125 7892 0
0.00025 13015 0
0.00025 7914 0
0.000125 11853 0
0.0005 16902 0
0.000125 14413 0
0.00025 8522 0
0.000125 4051 0
0.000125 2087 0
0.000125 5378 0
0.00025 8133 0
0.000375 18108 0
0.000125 4693 0
0.000125 13679 0
0.000125 18132 0
0.000125 17716 0
0.000125 9284 0
0.001625 18122 0
0.00025 16062 0
0.000125 5865 0
0.000125 10002 0
0.000125 1820 0
0.000125 16200 0
0.000875 15475 0
0.00025 2009 0
0.000625 8026 0
0.000125 9842 0
0.00075 13009 0
0.000125 8603 0
0.001375 18027 0
0.000125 11767 0
0.0005 13726 0
0.000125 11117 0
0.000125 3307 0
0.000125 18510 0
0.000125 6850 0
0.000125 1746 0
0.000625 15417 0
0.000125 6764 0
0.000625 2282 0
0.00025 10558 0
0.000125 5768 0
0.000375 16055 0
0.000625 14601 0
0.000125 4425 0
0.000375 1864 0
0.00025 8768 0
0.000125 6553 0
0.0005 14322 0
0.000125 10034 0
0.000125 3258 0
0.001 8129 0
0.0015 4369 0
0.000125 14893 0
0.001 15103 0
0.000375 437 0
0.000125 692 0
0.000125 3584 0
0.00025 12585 0
0.000125 10783 0
0.000625 1350 0
0.00075 19208 0
0.00025 6740 0
0.000375 17767 0
0.000375 8409 0
0.000375 10310 0
0.000125 1363 0
0.000125 19772 0
0.000875 11925 0
0.00025 19480 0
0.000125 6439 0
0.000125 3869 0
0.000125 18333 0
0.000125 8216 0
0.000125 4299 0
0.0005 12108 0
0.000125 7345 0
0.00075 15872 0
0.000375 11640 0
0.000125 4558 0
0.00025 15888 0
0.000125 16348 0
0.000125 8568 0
0.000125 8483 0
0.000875 13937 0
0.000125 5938 0
0.000125 13657 0
0.00025 11484 0
0.001125 15425 0
0.000375 1472 0
0.001125 15126 0
0.000125 8847 0
0.000125 2148 0
0.000125 6924 0
0.000125 14931 0
0.000125 2126 0
0.000125 10665 0
0.000875 1029 0
0.000125 17371 0
0.000125 13357 0
0.000125 15089 0
0.000375 12581 0
0.00025 4593 0
0.000375 743 0
0.000125 4068 0
0.00025 12026 0
0.00025 16592 0
0.000125 8011 0
0.00025 15594 0
0.000125 18849 0
0.00025 19704 0
0.001 3035 0
0.000125 11368 0
0.000125 10593 0
0.0005 18202 0
0.000375 10830 0
0.00125 6525 0
0.000125 5110 0
0.00025 6761 0
0.000625 12519 0
0.000625 1408 0
0.000125 9381 0
0.000625 17454 0
0.0005 5386 0
0.00025 13414 0
0.00025 9152 0
0.000125 4834 0
0.001125 16308 0
0.00025 11714 0
0.000125 15439 0
0.0005 14102 0
0.00075 11283 0
0.000125 639 0
0.000125 6136 0
0.00025 8114 0
0.001875 2483 0
0.000125 12366 0
0.000125 7847 0
0.0005 12593 0
0.000125 11882 0
0.000125 3942 0
0.000125 1020 0
0.000125 5576 0
0.000125 1680 0
0.000125 337 0
0.000375 5005 0
0.000125 17201 0
0.000125 3633 0
0.000125 7031 0
0.000375 19345 0
0.000125 18262 0
0.000125 20009 0
0.000125 16446 0
0.00025 12000 0
0.000375 11075 0
0.000125 5224 0
0.000125 19218 0
0.000625 7044 0
0.000125 16959 0
0.000125 16269 0
0.000125 13757 0
0.000125 8346 0
0.000125 407 0
0.000125 10657 0
0.000125 1645 0
0.000625 16161 0
0.000125 8737 0
0.000125 8048 0
0.000125 260 0
0.000125 6944 0
0.000125 1910 0
0.000125 16167 0
0.000375 1116 0
0.000125 6879 0
0.000625 6143 0
0.0005 8692 0
0.000375 15175 0
0.00025 13629 0
0.000125 3810 0
0.000375 3617 0
0.000125 4171 0
0.000125 11412 0
0.00025 5201 0
0.000125 10489 0
0.000125 13943 0
0.000375 822 0
0.000125 10010 0
0.000375 6508 0
0.00025 3083 0
0.000875 10398 0
0.000125 13785 0
0.0005 16400 0
0.000125 1006 0
0.000125 17575 0
0.0005 13413 0
0.000125 9919 0
0.00025 9013 0
0.00025 10453 0
0.000125 8075 0
0.000125 18192 0
0.000125 18241 0
0.000375 4048 0
0.000375 13378 0
0.000125 6627 0
0.000125 11028 0
0.000375 7864 0
0.000125 893 0
0.000125 7094 0
0.00025 18039 0
0.001875 3505 0
0.000125 8764 0
0.000125 16405 0
0.000125 12712 0
0.000375 11407 0
0.000125 15718 0
0.000125 13793 0
0.00025 10396 0
0.000875 12145 0
0.0005 18541 0
0.000125 3631 0
0.000625 12043 0
0.00025 13257 0
0.000125 3066 0
0.000125 4025 0
0.00025 3946 0
0.000375 7060 0
0.000125 12495 0
0.00025 11058 0
0.00025 2117 0
0.000125 19093 0
0.0005 12126 0
0.000125 2109 0
0.00025 15430 0
0.000125 18701 0
0.000125 4182 0
0.000125 3732 0
0.000125 17104 0
0.00025 1022 0
0.000125 12553 0
0.000125 823 0
0.000125 17845 0
0.000125 3298 0
0.000625 3508 0
0.000375 19467 0
0.00025 11263 0
0.000125 17260 0
0.000125 18930 0
0.000875 15103 0
0.000125 18935 0
0.000125 2738 0
0.000125 17684 0
0.000125 16029 0
0.000375 18816 0
0.0005 7267 0
0.000125 19358 0
0.000375 11521 0
0.000125 13198 0
0.000125 7941 0
0.000125 17874 0
0.00025 14561 0
0.000125 7126 0
0.000125 17152 0
0.000125 9927 0
0.001125 8199 0
0.000125 13597 0
0.00025 9545 0
0.00025 4458 0
0.00025 10288 0
0.0005 15065 0
0.000375 14702 0
0.000125 2415 0
0.000125 17826 0
0.000125 12059 0
0.00025 270 0
0.000375 1986 0
0.0005 13433 0
0.00025 6846 0
0.000125 16766 0
0.000125 16621 0
0.000125 17564 0
0.000375 9465 0
0.000125 16962 0
0.000125 8337 0
0.000125 7027 0
0.000125 6994 0
0.000125 8716 0
0.000125 4908 0
0.000125 16395 0
0.0005 6318 0
0.000125 9260 0
0.0005 4408 0
0.000125 19131 0
0.0005 12221 0
0.000125 17211 0
0.000125 15579 0
0.000125 16983 0
0.000125 15827 0
0.000125 18627 0
0.000375 16404 0
0.000125 8272 0
0.000875 17497 0
0.000125 4629 0
0.000375 3988 0
0.000125 19270 0
0.00025 2761 0
0.000125 11381 0
0.00025 17405 0
0.00025 15904 0
0.00025 11076 0
0.00025 16869 0
0.000125 15430 0
0.00025 16165 0
0.000125 1593 0
0.000125 10925 0
0.000125 5895 0
0.000625 7204 0
0.00025 9096 0
0.000125 15724 0
0.0005 12645 0
0.000625 10436 0
0.000125 13095 0
0.00025 960 0
0.000125 575 0
0.000375 3293 0
0.00025 18782 0
0.00025 17232 0
0.000375 15631 0
0.000125 5446 0
0.000375 10028 0
0.000375 8196 0
0.001 2140 0
0.000125 6542 0
0.000375 15396 0
0.00025 17967 0
0.00025 7697 0
0.000125 3750 0
0.000125 7857 0
0.000375 2018 0
0.00025 5949 0
0.00025 18122 0
0.000375 7138 0
0.000125 2297 0
0.000125 178 0
0.00025 13937 0
0.0005 3666 0
0.0005 8153 0
0.000125 13630 0
0.000125 11339 0
0.000125 13857 0
0.000125 16520 0
0.00025 1508 0
0.000375 15493 0
0.00025 5286 0
0.001125 7254 0
0.000125 19518 0
0.000125 13459 0
0.000125 13458 0
0.000375 8584 0
0.000125 11622 0
0.000375 10174 0
0.0005 10623 0
0.000125 5669 0
0.00075 5069 0
0.00025 17145 0
0.00025 7560 0
0.0005 1659 0
0.000125 4704 0
0.00025 2903 0
0.000125 3996 0
0.0005 16830 0
0.00025 16429 0
0.000125 10281 0
0.00125 8751 0
0.0005 10741 0
0.000375 15617 0
0.000375 9164 0
0.000625 6077 0
0.000125 1650 0
0.000125 10788 0
0.000125 12446 0
0.000125 8977 0
0.000125 10848 0
0.00025 14260 0
0.000125 10264 0
0.000625 9575 0
0.0005 10926 0
0.000125 2804 0
0.00075 680 0
0.000125 12879 0
0.000375 19306 0
0.00025 6085 0
0.00025 6728 0
0.000125 6572 0
0.001 11443 0
0.000125 11493 0
0.001125 13736 0
0.0005 8482 0
0.000125 2784 0
0.00075 11101 0
0.000125 8567 0
0.00025 15812 0
0.00025 18986 0
0.000125 9907 0
0.00025 15508 0
0.00025 4883 0
0.000125 17182 0
0.000125 5112 0
0.000125 10036 0
0.000125 11883 0
0.000375 1774 0
0.000125 19398 0
0.000125 15922 0
0.000125 2393 0
0.000125 13901 0
0.000375 18774 0
0.001625 7013 0
0.000125 4484 0
0.000125 19039 0
0.000375 10478 0
0.000125 7780 0
0.000125 14583 0
0.000375 19321 0
0.000625 1829 0
0.00025 17980 0
0.00025 17912 0
0.000125 6617 0
0.000125 16762 0
0.00025 19702 0
0.000125 7714 0
0.00025 9453 0
0.000625 16893 0
0.000125 3819 0
0.000375 308 0
0.00025 10700 0
0.000125 10430 0
0.000125 6683 0
0.000125 8677 0
0.000125 3622 0
0.000125 4101 0
0.000125 1179 0
0.0005 2856 0
0.000375 10702 0
0.0005 8490 0
0.00075 7248 0
0.000125 4756 0
0.000125 9848 0
0.000125 3582 0
0.00025 18948 0
0.00025 5811 0
0.000125 14506 0
0.000125 19392 0
0.000125 13318 0
0.00075 19446 0
0.000125 4112 0
0.000125 7354 0
0.001 2004 0
0.0005 13421 0
0.0005 17345 0
0.00025 3862 0
0.000125 11784 0
0.000375 7136 0
0.00025 19039 0
0.000125 10726 0
0.0005 4219 0
0.000125 15488 0
0.0005 3210 0
0.000125 617 0
0.00025 11533 0
0.00025 5600 0
0.00025 2240 0
0.00025 1800 0
0.000125 11039 0
0.000125 12440 0
0.00025 4803 0
0.000125 7588 0
0.000125 8160 0
0.000375 4161 0
0.000125 17658 0
0.000125 7838 0
0.0005 7217 0
0.000125 14693 0
0.000125 4593 0
0.000125 5634 0
0.00025 10584 0
0.000125 8307 0
0.000125 3543 0
0.000125 15673 0
0.000625 8435 0
0.000125 6194 0
0.001 13727 0
0.000125 12213 0
0.000125 9100 0
0.000375 2086 0
0.000375 12185 0
0.000125 3527 0
0.000125 14134 0
0.0005 8561 0
0.00175 318 0
0.000875 15989 0
0.000125 5758 0
0.000125 6979 0
0.000125 3245 0
0.0005 353 0
0.00025 9061 0
0.000375 19064 0
0.000125 18788 0
0.000125 7935 0
0.00025 18211 0
0.000375 10197 0
0.000375 9378 0
0.000125 15198 0
0.00025 17362 0
0.000375 2236 0
0.00025 1254 0
0.000125 1906 0
0.000125 13530 0
0.000375 14485 0
0.000125 5321 0
0.00075 19007 0
0.000125 3272 0
0.000125 4096 0
0.00025 10130 0
0.000125 19240 0
0.00025 16185 0
0.00025 15744 0
0.000125 18091 0
0.000125 18057 0
0.000375 6320 0
0.000125 16470 0
0.000125 6717 0
0.00025 6362 0
0.00175 2655 0
0.00025 696 0
0.000375 10397 0
0.000125 9664 0
0.000125 15414 0
0.000375 1586 0
0.000125 15413 0
0.00025 2041 0
0.000125 3880 0
0.000125 2831 0
0.00025 14499 0
0.000375 6944 0
0.000125 4113 0
0.000125 14898 0
0.000375 1905 0
0.000125 5197 0
0.000625 1732 0
0.000125 12559 0
0.000125 13630 0
0.001 18117 0
0.00025 2374 0
0.0005 6001 0
0.000125 16776 0
0.0005 5764 0
0.000125 19398 0
0.000125 3910 0
0.00025 4223 0
0.000375 6520 0
0.000125 10896 0
0.00025 5077 0
0.000125 7954 0
0.000125 5942 0
0.000125 18994 0
0.000125 16197 0
0.000125 16838 0
0.00025 6444 0
0.00025 9416 0
0.000125 4569 0
0.00025 6820 0
0.00075 1990 0
0.00025 1057 0
0.00025 1121 0
0.000125 16373 0
0.00025 3694 0
0.000125 10366 0
0.000125 12808 0
0.000125 9873 0
0.00025 3522 0
0.000375 11044 0
0.000125 9560 0
0.0005 9815 0
0.000625 15181 0
0.0005 18426 0
0.00025 11800 0
0.000125 12885 0
0.000125 16267 0
0.000375 3538 0
0.000125 11021 0
0.000125 6809 0
0.000125 16761 0
0.000625 8637 0
0.000125 6196 0
0.000375 13038 0
0.000125 8649 0
0.000125 9923 0
0.000125 19675 0
0.000375 19888 0
0.00025 4337 0
0.000375 16454 0
0.000125 16823 0
0.000375 13907 0
0.00075 3252 0
0.000125 5028 0
0.000125 12300 0
0.000125 12610 0
0.000125 2810 0
0.00025 1023 0
0.000125 10158 0
0.000125 19718 0
0.000125 11873 0
0.00025 18600 0
0.000125 12608 0
0.000125 17114 0
0.000125 4016 0
0.000125 14081 0
0.000125 227 0
0.000125 12621 0
0.000125 8668 0
0.000125 9119 0
0.00025 6720 0
0.000375 13813 0
0.000125 7437 0
0.00025 19625 0
0.000625 1013 0
0.000125 2765 0
0.00025 17383 0
0.00075 11697 0
0.00025 1205 0
0.000125 11525 0
0.000125 6103 0
0.000125 4199 0
0.00025 16613 0
0.00025 14410 0
0.000125 379 0
0.00025 7401 0
0.000375 14388 0
0.00025 17931 0
0.000125 12638 0
0.000125 7763 0
0.000125 16598 0
0.000125 10437 0
0.000375 2985 0
0.000125 18422 0
0.000125 5343 0
0.000125 166 0
0.000125 14740 0
0.00025 16818 0
0.000625 1556 0
0.000125 8719 0
0.000125 8772 0
0.000125 11128 0
0.00025 9360 0
0.00125 5890 0
0.000875 14050 0
0.000875 19585 0
0.000125 13258 0
0.000125 826 0
0.000375 5037 0
0.000125 9851 0
0.000125 7733 0
0.000125 13274 0
0.000125 11812 0
0.00025 18516 0
0.000125 7027 0
0.000125 16283 0
0.0005 17947 0
0.000125 18314 0
0.00025 404 0
0.000125 16535 0
0.000125 14184 0
0.00025 15070 0
0.000375 13641 0
0.000375 14160 0
0.000375 5637 0
0.000375 67 0
0.000125 20005 0
0.0005 6198 0
0.000125 4287 0
0.000125 2535 0
0.00025 4530 0
0.000125 16412 0
0.000125 3336 0
0.00075 19329 0
0.000125 4345 0
0.00025 10992 0
0.00025 16712 0
0.00025 15113 0
0.000625 5307 0
0.000375 11595 0
0.000125 17755 0
0.000125 10976 0
0.0005 20005 0
0.001125 1295 0
0.000125 9379 0
0.000625 11283 0
0.000125 4586 0
0.000125 2740 0
0.000125 4237 0
0.000625 15916 0
0.000125 11439 0
0.000125 7554 0
0.00025 11230 0
0.000125 627 0
0.000125 4612 0
0.000125 4303 0
0.000125 3320 0
0.000125 3427 0
0.000125 5071 0
0.000125 18996 0
0.000125 16794 0
0.000125 7688 0
0.000125 6974 0
0.00025 14327 0
0.00025 18996 0
0.00025 12956 0
0.000125 17935 0
0.000125 14737 0
0.000125 1076 0
0.000625 7699 0
0.000625 17614 0
0.000125 14508 0
0.000375 4789 0
0.00025 18873 0
0.000125 1626 0
0.000125 4904 0
0.001 17945 0
0.000125 9637 0
0.00025 1981 0
0.000125 2090 0
0.000125 6097 0
0.000125 8570 0
0.00025 12837 0
0.000375 18146 0
0.000125 7811 0
0.00025 11240 0
0.000375 15075 0
0.000375 7776 0
0.000375 15315 0
0.000625 18974 0
0.0005 11925 0
0.000125 10818 0
0.000125 14414 0
0.000375 13529 0
0.000125 6769 0
0.000125 1090 0
0.000125 11943 0
0.00025 13067 0
0.000125 11736 0
0.000625 1028 0
0.00075 1412 0
0.0005 9343 0
0.00025 14446 0
0.0005 2825 0
0.000625 17135 0
0.000375 5894 0
0.000125 8161 0
0.000125 11873 0
0.000125 11255 0
0.00025 593 0
0.000375 17351 0
0.000375 7008 0
0.00025 3600 0
0.000375 8188 0
0.000125 6166 0
0.000375 10247 0
0.000375 3460 0
0.00025 9196 0
0.00025 8969 0
0.000375 360 0
0.000125 15250 0
0.000125 14592 0
0.000125 784 0
0.000125 2463 0
0.000625 8980 0
0.000125 16343 0
0.00025 10815 0
0.000375 19513 0
0.000125 11195 0
0.000125 17459 0
0.000125 14398 0
0.000125 18068 0
0.000125 7775 0
0.000125 14447 0
0.000125 698 0
0.000625 247 0
0.000125 14667 0
0.000125 19409 0
0.000375 10654 0
0.001 4199 0
0.000125 6013 0
0.000125 13651 0
0.000125 3034 0
0.000125 2678 0
0.000125 15713 0
0.000125 7276 0
0.000125 3807 0
0.000125 7313 0
0.000125 17916 0
0.000125 2223 0
0.00025 16146 0
0.000125 18478 0
0.000125 10298 0
0.000375 11690 0
0.000375 14074 0
0.00025 14315 0
0.000125 18775 0
0.000125 3822 0
0.000125 4159 0
0.00025 11896 0
0.000125 5661 0
0.000125 5849 0
0.000125 7457 0
0.000375 17387 0
0.000125 19414 0
0.000125 15931 0
0.000125 3135 0
0.000125 15086 0
0.00025 1362 0
0.0005 17264 0
0.00025 12899 0
0.000125 563 0
0.000125 8668 0
0.000125 7754 0
0.00025 11903 0
0.00025 18640 0
0.00025 19167 0
0.000125 13377 0
0.00025 6855 0
0.0005 6257 0
0.000125 12884 0
0.000125 7604 0
0.000375 4616 0
0.0005 7938 0
0.0005 19986 0
0.000125 11665 0
0.000125 7783 0
0.000375 1499 0
0.000375 3443 0
0.000375 14523 0
0.000125 10152 0
0.000375 5684 0
0.00025 2473 0
0.000125 8779 0
0.000625 17263 0
0.0005 13391 0
0.000125 13697 0
0.000125 4427 0
0.000125 14976 0
0.000625 19148 0
0.000125 14800 0
0.000125 4052 0
0.000125 2901 0
0.0005 14946 0
0.000125 18695 0
0.00025 18046 0
0.000125 10851 0
0.000125 4469 0
0.000125 1720 0
0.000125 4201 0
0.000125 9633 0
0.000125 15213 0
0.000125 5794 0
0.00025 3910 0
0.00025 10493 0
0.0005 6509 0
0.000375 12650 0
0.000125 358 0
0.000375 15573 0
0.0005 13502 0
0.000375 18158 0
0.00025 8901 0
0.000125 11282 0
0.000625 12305 0
0.00025 19490 0
0.000125 2274 0
0.000125 526 0
0.00025 4346 0
0.00075 5636 0
0.000125 345 0
0.000125 10793 0
0.000125 12629 0
0.000375 5397 0
0.0005 11995 0
0.00025 8506 0
0.00075 17965 0
0.00025 14815 0
0.000375 19843 0
0.000125 1935 0
0.000375 3237 0
0.000125 7885 0
0.000125 5360 0
0.000125 17878 0
0.000125 16321 0
0.000125 15701 0
0.000125 12453 0
0.000125 9436 0
0.00025 15993 0
0.000375 13320 0
0.000375 5393 0
0.000125 5378 0
0.000125 6595 0
0.00025 8965 0
0.00025 8462 0
0.00025 80 0
0.000125 910 0
0.000125 1569 0
0.000125 9815 0
0.000125 12019 0
0.000125 7538 0
0.000375 10128 0
0.000125 7 0
0.000125 12770 0
0.000375 10550 0
0.000125 6777 0
0.000125 3274 0
0.000125 8446 0
0.00025 2595 0
0.00025 749 0
0.00025 8834 0
0.00025 5686 0
0.000125 9925 0
0.00075 18525 0
0.000875 12621 0
0.000125 1655 0
0.000125 12166 0
0.000125 10649 0
0.000125 10725 0
0.000125 15674 0
0.000125 4734 0
0.000625 14651 0
0.00025 18480 0
0.000125 18522 0
0.000125 14278 0
0.00025 9011 0
0.0005 7311 0
0.000125 12971 0
0.00025 8068 0
0.000125 13690 0
0.00025 18408 0
0.00025 18098 0
0.000125 5487 0
0.000125 10455 0
0.000125 4131 0
0.000125 13675 0
0.000125 12262 0
0.000375 2682 0
0.000125 10607 0
0.000375 6229 0
0.000125 9437 0
0.000125 6060 0
0.000125 3988 0
0.000125 5425 0
0.000375 1921 0
0.000125 2423 0
0.000125 7184 0
0.000625 12796 0
0.00025 10702 0
0.000125 6074 0
0.000125 16900 0
0.00025 11764 0
0.000125 10229 0
0.00025 13714 0
0.000125 7878 0
0.000125 12738 0
0.00025 15447 0
0.000125 12466 0
0.000125 6166 0
0.000125 12216 0
0.000125 3503 0
0.00025 17126 0
0.000125 7089 0
0.000125 12111 0
0.0005 9340 0
0.000125 2856 0
0.000125 11803 0
0.0005 2911 0
0.00025 5987 0
0.00025 1171 0
0.000125 4948 0
0.000125 3640 0
0.0005 2 0
0.000125 13564 0
0.00025 3481 0
0.00025 18575 0
0.000125 13655 0
0.00025 14120 0
0.000125 1718 0
0.000125 4656 0
0.00025 1599 0
0.00025 820 0
0.000125 7767 0
0.000125 13687 0
0.000125 18710 0
0.000125 2851 0
0.000125 7473 0
0.000125 7398 0
0.00025 4803 0
0.000125 4761 0
0.000125 18156 0
0.000375 10261 0
0.000125 14943 0
0.000125 19806 0
0.00025 825 0
0.00025 9032 0
0.000125 16797 0
0.000125 4971 0
0.000125 7158 0
0.000125 19171 0
0.00025 2148 0
0.000125 13496 0
0.000125 1377 0
0.000125 3710 0
0.00025 5645 0
0.000125 14040 0
0.000125 7634 0
0.0005 4022 0
0.000125 8963 0
0.000375 7005 0
0.000125 1920 0
0.00025 14015 0
0.00025 1931 0
0.000125 17731 0
0.000125 12273 0
0.000125 3149 0
0.000125 11245 0
0.000125 16468 0
0.000125 9750 0
0.000125 1484 0
0.000375 19521 0
0.000125 6446 0
0.000125 7940 0
0.000125 8502 0
0.000125 4014 0
0.000125 17630 0
0.000375 7478 0
0.000125 4382 0
0.000125 12485 0
0.000125 1290 0
0.000125 2633 0
0.000125 1829 0
0.00025 15965 0
0.000125 19885 0
0.000375 13140 0
0.000375 9830 0
0.000125 12381 0
0.000125 12951 0
0.000125 227 0
0.000125 19822 0
0.000125 19864 0
0.000375 5772 0
0.00025 12813 0
0.00025 1893 0
0.000125 10291 0
0.000125 5762 0
0.000125 12322 0
0.000125 6470 0
0.000375 1084 0
0.000125 5131 0
0.00025 2273 0
0.00025 7898 0
0.000125 17874 0
0.000375 2217 0
0.000125 154 0
0.00025 9694 0
0.00025 10148 0
0.000875 7501 0
0.0005 13484 0
0.000375 13919 0
0.00025 10350 0
0.00025 13730 0
0.000125 17343 0
0.00025 16395 0
0.00075 5749 0
0.000125 11377 0
0.000125 9346 0
0.00025 3359 0
0.000125 16674 0
0.000125 4586 0
0.000125 16997 0
0.000375 13815 0
0.0005 14798 0
0.00025 11175 0
0.000125 589 0
0.000125 12998 0
0.000125 8231 0
0.000125 18662 0
0.000125 10111 0
0.00025 16001 0
0.0005 6305 0
0.000625 12855 0
0.000125 11339 0
0.00025 3071 0
0.000125 14147 0
0.00025 8644 0
0.000125 8447 0
0.000375 10381 0
0.000625 3684 0
0.00025 2744 0
0.000375 7184 0
0.000375 3203 0
0.000125 12182 0
0.00075 15960 0
0.00025 11991 0
0.00025 9822 0
0.00025 3602 0
0.00025 472 0
0.00025 19749 0
0.000125 11914 0
0.000125 5336 0
0.000125 14764 0
0.000625 157 0
0.000125 9105 0
0.00075 13747 0
0.000125 4510 0
0.000125 19123 0
0.00025 4812 0
0.000125 1737 0
0.000125 1011 0
0.000125 5152 0
0.00025 1100 0
0.00025 12791 0
0.00025 19199 0
0.00025 14072 0
0.000125 8971 0
0.00025 5086 0
0.000375 2980 0
0.000125 19451 0
0.000125 7577 0
0.000125 1412 0
0.000125 19045 0
0.000125 15919 0
0.000125 12521 0
0.00025 4397 0
0.00025 5728 0
0.00025 9929 0
0.000375 2638 0
0.000125 11186 0
0.000125 9681 0
0.000125 8551 0
0.000125 12198 0
0.00025 5254 0
0.000125 12605 0
0.000125 3945 0
0.000125 11871 0
0.000125 5572 0
0.000125 11094 0
0.0005 15165 0
0.00025 14155 0
0.000125 2646 0
0.0005 17676 0
0.000125 3356 0
0.000125 452 0
0.000125 13289 0
0.0005 14672 0
0.000125 14984 0
0.0005 17672 0
0.000125 625 0
0.000125 18329 0
0.000125 13449 0
0.0005 15462 0
0.000125 12413 0
0.000125 13049 0
0.000125 10881 0
0.000125 8464 0
0.00025 2442 0
0.000125 9718 0
0.000125 428 0
0.00025 5899 0
0.00025 23 0
0.00025 17284 0
0.000125 18814 0
0.0005 13784 0
0.00025 10337 0
0.0005 18118 0
0.00025 5806 0
0.000125 16426 0
0.00025 6494 0
0.00025 2661 0
0.000125 9100 0
0.000125 9966 0
0.000125 1940 0
0.00025 6461 0
0.000125 2245 0
0.000125 3514 0
0.00025 4660 0
0.000125 14045 0
0.000125 4924 0
0.000125 19699 0
0.000125 16902 0
0.000125 10688 0
0.000125 13209 0
0.000125 12957 0
0.000125 7982 0
0.000125 15673 0
0.00025 10084 0
0.000125 14098 0
0.000125 8652 0
0.000125 11920 0
0.00025 10723 0
0.000125 3188 0
0.000125 9881 0
0.000125 15621 0
0.00025 16405 0
0.000125 19989 0
0.00025 12998 0
0.000375 6522 0
0.000125 1365 0
0.000125 17384 0
0.000125 4620 0
0.000125 16253 0
0.000125 3978 0
0.00025 17887 0
0.000375 6752 0
0.00025 2088 0
0.00025 11112 0
0.000125 5152 0
0.000125 4517 0
0.00025 12368 0
0.00025 14399 0
0.000125 13905 0
0.000125 18350 0
0.000375 19051 0
0.000125 13717 0
0.000125 7597 0
0.000125 17698 0
0.000125 1212 0
0.000125 18339 0
0.000125 19423 0
0.000125 4213 0
0.000125 13635 0
0.000125 15162 0
0.00025 12867 0
0.000125 12832 0
0.00025 10382 0
0.000125 8360 0
0.00025 14421 0
0.000125 15870 0
0.00025 9585 0
0.00025 14934 0
0.000125 13109 0
0.000125 378 0
0.000125 19460 0
0.00025 5203 0
0.000125 3958 0
0.00025 8409 0
0.000125 155 0
0.000125 1318 0
0.000125 14671 0
0.000125 17134 0
0.000375 10430 0
0.000125 10032 0
0.000125 7983 0
0.000125 7672 0
0.000125 2570 0
0.000375 2682 0
0.000125 12784 0
0.000375 6125 0
0.00025 8666 0
0.000375 5627 0
0.0005 244 0
0.000125 13030 0
0.000375 3708 0
0.000125 9262 0
0.000125 16703 0
0.000125 15060 0
0.00025 2868 0
0.000375 11342 0
0.000125 4283 0
0.000375 15659 0
0.000125 7152 0
0.000125 4833 0
0.000125 2280 0
0.000125 3430 0
0.000125 8990 0
0.000125 19674 0
0.000375 11847 0
0.000375 8652 0
0.000125 10474 0
0.00025 3127 0
0.000125 4196 0
0.00025 13381 0
0.00025 7674 0
0.000125 1826 0
0.000125 18925 0
0.000125 9112 0
0.000125 470 0
0.000125 16893 0
0.0005 4832 0
0.000125 13647 0
0.000125 11073 0
0.000375 604 0
0.000125 3575 0
0.00025 13863 0
0.000125 19979 0
0.000125 6293 0
0.000125 2734 0
0.00025 17558 0
0.000125 3949 0
0.00025 17172 0
0.000125 7241 0
0.000125 2763 0
0.000375 9445 0
0.00025 13220 0
0.000125 262 0
0.00025 14604 0
0.0005 7369 0
0.000125 10049 0
0.000125 10204 0
0.000125 5945 0
0.000375 1231 0
0.00025 16841 0
0.000125 11223 0
0.000125 14234 0
0.000125 4570 0
0.000125 14963 0
0.000375 18770 0
0.00025 10536 0
0.00025 17655 0
0.000125 13359 0
0.000375 13344 0
0.000125 1644 0
0.000125 17443 0
0.000125 13748 0
0.00025 8059 0
0.00025 13953 0
0.000125 18145 0
0.000125 3034 0
0.000375 18241 0
0.000125 15502 0
0.000375 16351 0
0.000125 14650 0
0.000125 18198 0
0.000125 18101 0
0.000125 14738 0
0.000125 9824 0
0.0005 6182 0
0.000125 16670 0
0.000125 25 0
0.00025 3225 0
0.00025 19208 0
0.00025 16963 0
0.000375 18773 0
0.000125 13407 0
0.000125 635 0
0.000125 9851 0
0.000375 13124 0
0.0005 8173 0
0.00025 14764 0
0.000125 7829 0
0.000125 12324 0
0.000125 15168 0
0.00075 196 0
0.000125 9558 0
0.0005 12398 0
0.00025 10395 0
0.000375 941 0
0.00025 4178 0
0.00025 12934 0
0.00025 14747 0
0.000125 7707 0
0.000125 10857 0
0.000125 19356 0
0.000125 7425 0
0.000125 12547 0
0.000125 16744 0
0.000125 6194 0
0.000125 14945 0
0.00025 2793 0
0.000125 19259 0
0.00025 19221 0
0.000125 12392 0
0.000125 12972 0
0.00025 14576 0
0.000125 13724 0
0.000375 12093 0
0.000125 8580 0
0.00025 8774 0
0.000125 8914 0
0.000125 16002 0
0.000125 12185 0
0.000125 15610 0
0.00025 7376 0
0.0005 4761 0
0.00075 16425 0
0.000375 13875 0
0.000125 109 0
0.000125 1854 0
0.000125 1025 0
0.000125 14114 0
0.000375 10231 0
0.0005 1958 0
0.00025 8966 0
0.000125 1842 0
0.000125 4511 0
0.000125 17406 0
0.000125 428 0
0.00025 7235 0
0.000125 9504 0
0.000125 19514 0
0.000125 17203 0
0.000125 6717 0
0.000125 9986 0
0.000125 13313 0
0.00025 2048 0
0.000375 7360 0
0.000125 3343 0
0.000125 19122 0
0.00025 11421 0
0.000125 3203 0
0.000375 9617 0
0.000125 13960 0
0.000125 12709 0
0.000125 5465 0
0.00025 657 0
0.00025 9876 0
0.00025 13150 0
0.000125 3870 0
0.000125 1289 0
0.000125 12579 0
0.000125 12351 0
0.000125 13060 0
0.000125 15968 0
0.000375 7289 0
0.00025 8636 0
0.000375 14336 0
0.00025 13851 0
0.000125 2985 0
0.000125 4581 0
0.00025 3080 0
0.00025 462 0
0.000125 9808 0
0.00025 19227 0
0.000125 17227 0
0.000125 3924 0
0.000125 16621 0
0.000125 17937 0
0.000125 1487 0
0.000125 403 0
0.000125 16169 0
0.000125 3562 0
0.000125 13401 0
0.000125 416 0
0.000125 14169 0
0.000125 2977 0
0.000125 4982 0
0.000375 18135 0
0.000125 15421 0
0.000375 17758 0
0.000125 13843 0
0.000125 2349 0
0.000125 4284 0
0.000125 911 0
0.000375 4564 0
0.000125 529 0
0.000125 14969 0
0.000125 16520 0
0.00025 16470 0
0.000125 7364 0
0.000125 2372 0
0.000125 13411 0
0.000125 19810 0
0.000125 13658 0
0.00025 6603 0
0.00025 12668 0
0.000125 17291 0
0.000125 9226 0
0.000125 2552 0
0.00025 19539 0
0.00025 4258 0
0.00025 14745 0
0.000125 16706 0
0.000125 15730 0
0.000125 7898 0
0.000125 15847 0
0.000125 10075 0
0.000125 8850 0
0.000375 14533 0
0.00025 1724 0
0.0005 19644 0
0.000125 4526 0
0.000125 7323 0
0.000125 17561 0
0.000125 4868 0
0.000125 8305 0
0.000125 3609 0
0.000125 3197 0
0.000125 6543 0
0.000125 14577 0
0.00025 14340 0
0.00025 1237 0
0.000125 4829 0
0.000125 10805 0
0.000125 7989 0
0.000125 2526 0
0.000125 16727 0
0.000125 17021 0
0.000125 9493 0
0.000125 11783 0
0.000125 8261 0
0.00025 12589 0
0.000125 12887 0
0.000125 13997 0
0.000125 14534 0
0.000375 2233 0
0.000125 8089 0
0.000375 16253 0
0.000125 11489 0
0.00025 3492 0
0.000125 8096 0
0.00025 11371 0
0.000125 12268 0
0.00025 7911 0
0.00025 14827 0
0.000375 3955 0
0.000125 15377 0
0.000125 16640 0
0.000375 11069 0
0.000125 19314 0
0.000125 10872 0
0.000625 9243 0
0.00025 17324 0
0.000125 19930 0
0.000125 3584 0
0.00025 16256 0
0.000125 8028 0
0.00025 3083 0
0.000125 13688 0
0.00025 16065 0
0.000125 59 0
0.000125 3140 0
0.000125 14868 0
0.000125 13658 0
0.000125 16461 0
0.00025 12937 0
0.000125 17596 0
0.000125 1277 0
0.000125 9598 0
0.00025 14021 0
0.000125 15107 0
0.000125 10286 0
0.000125 19330 0
0.0005 17313 0
0.0005 7035 0
0.000125 15458 0
0.000375 4288 0
0.000125 4987 0
0.00025 10425 0
0.000125 18625 0
0.000125 16417 0
0.000125 30 0
0.000125 14288 0
0.000125 1257 0
0.00025 13681 0
0.000125 12053 0
0.000125 18794 0
0.000125 17455 0
0.000125 13806 0
0.000125 11283 0
0.000125 440 0
0.000125 3810 0
0.000125 14483 0
0.00025 433 0
0.00025 9939 0
0.00025 16736 0
0.000125 14717 0
0.00025 5656 0
0.00025 10389 0
0.000125 15820 0
0.000125 10049 0
0.000125 7516 0
0.000125 1715 0
0.000125 16068 0
0.000125 1889 0
0.000125 16619 0
0.000125 14213 0
0.000125 17580 0
0.00025 7121 0
0.000125 4344 0
0.00025 9555 0
0.000125 13523 0
0.000125 1039 0
0.000125 14638 0
0.000125 7915 0
0.00025 18970 0
0.000125 19505 0
0.000125 19705 0
0.000125 305 0
0.000125 13979 0
0.000125 4859 0
0.000125 12987 0
0.000125 4682 0
0.00025 4665 0
0.000125 10328 0
0.000375 13793 0
0.000125 8983 0
0.000125 14452 0
0.000375 17539 0
0.000125 11271 0
0.000375 15 0
0.00025 19484 0
0.000125 7254 0
0.000125 7191 0
0.000125 11208 0
0.000125 4792 0
0.000375 14269 0
0.000125 10052 0
0.00025 8927 0
0.000125 14995 0
0.00025 10350 0
0.000125 682 0
0.000125 13505 0
0.000125 6129 0
0.000125 17766 0
0.000125 12419 0
0.00025 14254 0
0.00025 9627 0
0.000125 8532 0
0.000125 10684 0
0.000125 3580 0
0.000125 15387 0
0.000125 6187 0
0.000125 6374 0
0.000125 4386 0
0.00025 17803 0
0.000375 18350 0
0.00025 16538 0
0.000125 3100 0
0.000125 2972 0
0.00025 17596 0
0.000375 17536 0
0.000375 19225 0
0.00025 16171 0
0.00025 16771 0
0.000125 5480 0
0.000375 5604 0
0.000125 9006 0
0.000125 8926 0
0.000125 14297 0
0.000125 8770 0
0.00025 5355 0
0.000125 10519 0
0.00025 19411 0
0.000125 10507 0
0.00025 14835 0
0.000125 2643 0
0.000125 19514 0
0.000125 17860 0
0.000125 13019 0
0.000125 19979 0
0.000125 480 0
0.000125 683 0
0.000125 5839 0
0.00025 19696 0
0.000125 18722 0
0.000125 7784 0
0.000125 18820 0
0.000125 7572 0
0.000125 4015 0
0.000125 10446 0
0.000125 9568 0
0.000125 6063 0
0.00025 8430 0
0.000375 15926 0
0.000375 7692 0
0.00025 2435 0
0.000125 18361 0
0.000125 1087 0
0.00025 2620 0
0.000125 8345 0
0.000125 12110 0
0.000125 9622 0
0.000375 2285 0
0.000125 1175 0
0.000125 12730 0
0.000125 10732 0
0.000125 6548 0
0.000125 5767 0
0.000375 2047 0
0.000125 6531 0
0.000125 462 0
0.00025 18460 0
0.000125 8882 0
0.000125 13593 0
0.000125 19231 0
0.000125 17825 0
0.000125 17395 0
0.000125 8047 0
0.000125 15478 0
0.000125 10806 0
0.000125 8379 0
0.000125 8385 0
0.000125 3194 0
0.000125 3894 0
0.000125 12123 0
0.000125 16869 0
0.000125 10870 0
0.000125 13545 0
0.000125 115 0
0.000125 875 0
0.000125 9083 0
0.000125 17771 0
0.000125 3403 0
0.000125 5648 0
0.000125 19738 0
0.000125 2013 0
0.000125 16049 0
0.000125 19764 0
0.000125 9361 0
0.000125 9551 0
0.000125 17739 0
0.000125 17057 0
0.000125 2970 0
0.000125 13996 0
0.000125 7942 0
0.000125 11305 0
0.000125 3197 0
0.000125 1711 0
0.000125 14859 0
0.000125 1064 0
0.000125 19707 0
0.000125 18188 0
0.000125 6535 0
0.000125 10980 0
0.000125 4647 0
0.000125 18131 0
0.000125 18107 0
0.000125 1750 0
0.000125 14527 0
0.000125 4339 0
0.000125 6076 0
0.000125 310 0
0.000125 4476 0
0.000125 7962 0
0.000125 19170 0
0.000125 18315 0
0.000125 4935 0
0.000125 7751 0
0.000125 15892 0
0.000125 19015 0
0.000125 12038 0
0.000125 10207 0
0.000125 1364 0
0.000125 15907 0
0.000125 18294 0
0.000125 10716 0
0.000125 4317 0
0.000125 16638 0
0.000125 15470 0
0.000125 18046 0
0.000125 11806 0
0.000125 17662 0
0.000125 13428 0
0.000125 10223 0
0.000125 17621 0
0.000125 5333 0
0.000125 13722 0
0.000125 8111 0
0.000125 3018 0
0.000125 18042 0
0.000125 18543 0
0.000125 12912 0
0.000125 11981 0
0.000125 5427 0
0.000125 5958 0
0.000125 8270 0
0.000125 17382 0
0.000125 13617 0
0.000125 3040 0
0.000125 9702 0
0.000125 14211 0
0.000125 3946 0
0.000125 10236 0
0.000125 7558 0
0.000125 1796 0
0.000125 19543 0
0.000125 15163 0
0.000125 9198 0
0.000125 19714 0
0.000125 3174 0
0.000125 9245 0
0.000125 18139 0
0.000125 19415 0
0.000125 16251 0
0.000125 14226 0
0.000125 14822 0
0.000125 18232 0
0.000125 2961 0
0.000125 4445 0
0.000125 2327 0
0.000125 6363 0
0.000125 3674 0
0.000125 6328 0
0.000125 16262 0
0.000125 2284 0
0.000125 39 0
0.000125 8643 0
0.000125 8800 0
0.000125 1112 0
0.000125 3012 0
0.000125 15076 0
0.000125 17204 0
0.000125 6810 0
0.000125 11916 0
0.000125 19945 0
0.000125 3522 0
0.000125 11496 0
0.000125 10825 0
0.000125 9944 0
0.000125 16508 0
0.000125 2008 0
0.000125 13678 0
0.000125 7571 0
0.000125 17956 0
0.000125 12803 0
0.000125 11577 0
0.000125 18213 0
0.000125 1617 0
0.000125 13542 0
0.000125 6859 0
0.000125 14123 0
0.000125 6345 0
0.000125 1593 0
0.000125 7694 0
0.000125 7262 0
0.000125 18542 0
0.000125 18910 0
0.000125 7874 0
0.000125 8484 0
0.000125 5403 0
0.000125 6998 0
0.000125 17361 0
0.000125 16375 0
0.000125 15090 0
0.000125 9324 0
0.000125 7579 0
0.000125 17895 0
0.000125 2871 0
0.000125 12718 0
0.000125 18423 0
0.000125 9876 0
0.000125 8344 0
0.000125 1300 0
0.000125 3895 0
0.000125 12162 0
0.000125 17431 0
0.000125 18050 0
0.000125 13502 0
0.000125 18135 0
0.000125 8993 0
0.000125 1397 0
0.000125 2416 0
0.000125 7511 0
0.000125 4890 0
0.000125 9421 0
0.000125 1916 0
0.000125 11868 0
0.000125 6723 0
0.000125 16380 0
0.000125 17544 0
0.000125 16345 0
0.000125 8823 0
0.000125 9835 0
0.000125 4730 0
0.000125 8203 0
0.000125 11914 0
0.000125 3917 0
0.000125 11657 0
0.000125 12194 0
0.000125 11161 0
0.000125 3537 0
0.000125 1017 0
0.000125 1122 0
0.000125 303 0
0.000125 8606 0
0.000125 10464 0
0.000125 6169 0
0.000125 15840 0
0.000125 17309 0
0.000125 10369 0
0.000125 5514 0
0.000125 14274 0
0.000125 10807 0
0.000125 3423 0
0.000125 9712 0
0.000125 19857 0
0.000125 12260 0
0.000125 19233 0
0.000125 387 0
0.000125 15144 0
0.000125 5221 0
0.000125 3548 0
0.000125 9685 0
0.000125 179 0
0.000125 1443 0
0.000125 4368 0
0.000125 10133 0
0.000125 14002 0
0.000125 18004 0
0.000125 2193 0
0.000125 16901 0
0.000125 4889 0
0.000125 8874 0
0.000125 9462 0
0.000125 3297 0
0.000125 1992 0
0.000125 18649 0
0.000125 14874 0
0.000125 1283 0
0.000125 7319 0
0.000125 10737 0
0.000125 12380 0
0.000125 315 0
0.000125 13717 0
0.000125 4268 0
0.000125 1226 0
0.000125 12072 0
0.000125 14348 0
0.000125 12639 0
0.000125 16635 0
0.000125 16048 0
0.000125 3479 0
0.000125 1997 0
0.000125 19834 0
0.000125 13060 0
0.000125 14185 0
0.000125 13798 0
0.000125 7514 0
0.000125 12165 0
0.000125 2189 0
0.000125 12698 0
0.000125 10425 0
0.000125 3869 0
0.000125 3106 0
0.000125 9274 0
0.000125 4325 0
0.000125 17999 0
0.000125 2792 0
0.000125 10185 0
0.000125 5340 0
0.000125 3661 0
0.000125 9249 0
0.000125 6425 0
0.000125 6893 0
0.000125 9174 0
0.000125 8227 0
0.000125 10355 0
0.000125 8187 0
0.000125 2503 0
0.000125 4905 0
0.000125 15080 0
0.000125 4299 0
0.000125 7136 0
0.000125 12258 0
0.000125 2206 0
0.000125 17007 0
0.000125 10564 0
0.000125 16588 0
0.000125 17665 0
0.000125 14251 0
0.000125 16461 0
0.000125 6654 0
0.000125 6587 0
0.000125 2016 0
0.000125 8793 0
0.000125 16289 0
0.000125 373 0
0.000125 4412 0
0.000125 18719 0
0.000125 3523 0
0.000125 4636 0
0.000125 13145 0
0.000125 801 0
0.000125 6647 0
0.000125 3944 0
0.000125 350 0
0.000125 3819 0
0.000125 2432 0
0.000125 6310 0
0.000125 7598 0
0.000125 3399 0
0.000125 17099 0
0.000125 12334 0
0.000125 16739 0
0.000125 4518 0
0.000125 4858 0
0.000125 15733 0
0.000125 14675 0
0.000125 6813 0
0.000125 17718 0
0.000125 18281 0
0.000125 3808 0
0.000125 50 0
0.000125 12147 0
0.000125 4075 0
0.000125 18854 0
0.000125 13547 0
0.000125 18703 0
0.000125 19806 0
0.000125 13930 0
0.000125 15351 0
0.000125 3217 0
0.000125 19765 0
0.000125 16602 0
0.000125 4996 0
0.000125 4256 0
0.000125 16079 0
0.000125 8449 0
0.000125 3076 0
0.000125 4396 0
0.000125 13994 0
0.000125 2076 0
0.000125 17630 0
0.000125 18322 0
0.000125 17609 0
0.000125 4948 0
0.000125 8171 0
0.000125 10312 0
0.000125 17876 0
0.000125 15260 0
0.000125 16949 0
0.000125 10759 0
0.000125 12975 0
0.000125 1274 0
0.000125 15798 0
0.000125 6130 0
0.000125 18389 0
0.000125 3361 0
0.000125 15242 0
0.000125 16706 0
0.000125 4073 0
0.000125 8982 0
0.000125 8542 0
0.000125 283 0
0.000125 16680 0
0.000125 19485 0
0.000125 7584 0
0.000125 9063 0
0.000125 17579 0
0.000125 12281 0
0.000125 10850 0
0.000125 13385 0
0.000125 17951 0
0.000125 12137 0
0.000125 10889 0
0.000125 9580 0
0.000125 8010 0
0.000125 2971 0
0.000125 10307 0
0.000125 6352 0
0.000125 16373 0
0.000125 4863 0
0.000125 11088 0
0.000125 10175 0
0.000125 15634 0
0.000125 6305 0
0.000125 3903 0
0.000125 12777 0
0.000125 7226 0
0.000125 11686 0
0.000125 13870 0
0.000125 3710 0
0.000125 18134 0
0.000125 5410 0
0.000125 1639 0
0.000125 5662 0
0.000125 3710 0
0.000125 3861 0
