// Initial random seed:
1498505493349

// RunInitializeCallbacks():
initializeMutationRate(1e-05);
initializeMutationType(1, 0.5, "s", "if (runif(1) < 0.5) -1; else 1;");
initializeGenomicElementType(1, m1, 1);
initializeGenomicElement(g1, 0, 999);
initializeRecombinationRate(0.001);

// Starting run at generation <start>:
1 

DATA:
4000
95.006 95.0065
95.11 95.1135
95.1915 95.228
95.358 95.298
95.395 95.421
95.489 95.528
95.587 95.6605
95.704 95.7715
95.8125 95.895
95.959 95.867
96.088 96.087
96.1575 96.215
96.3665 96.3695
96.4275 96.5945
96.3285 96.6605
96.5455 96.777
96.527 96.772
96.637 96.8715
96.6905 96.917
96.695 97.1185
96.8595 97.056
96.8875 97.1605
96.972 97.229
97.2165 97.3305
97.2895 97.4225
97.565 97.7295
97.6855 97.6155
97.8625 97.7585
97.975 97.753
97.8815 97.755
97.999 97.7935
98.0355 97.9785
98.04 98.21
98.302 98.269
98.3935 98.5255
98.5975 98.7445
98.7055 99.1785
98.7975 99.416
98.97 99.309
99.1325 99.601
99.3405 99.9255
99.373 100.014
99.511 99.9985
99.9225 100.031
100.26 100.251
100.453 100.338
100.347 100.43
100.541 100.526
100.598 100.772
100.856 100.743
100.898 100.474
101.008 100.822
101.095 100.897
101.231 100.638
101.448 100.436
101.413 100.731
101.409 101.341
101.459 101.26
101.375 101.088
101.4 101.082
101.76 101.504
101.639 101.698
101.712 101.561
101.626 101.644
101.887 101.924
101.888 102.097
101.829 102.219
102.139 102.253
102.49 102.424
102.582 102.621
102.802 103.05
102.995 103.183
103.228 103.126
103.231 103.346
103.04 103.528
102.908 103.687
102.68 103.611
103.053 103.715
103.269 103.853
103.194 103.856
103.226 104.013
103.176 104.451
103.275 104.126
104.001 104.405
104.434 104.511
104.865 104.731
104.775 104.741
104.753 104.677
104.576 104.742
104.389 104.546
104.662 104.812
104.691 104.77
104.802 104.93
104.82 105.15
105.257 105.028
105.035 104.796
105.25 105.043
105.394 105.206
105.539 105.273
105.847 105.816
106.213 106.275
106.404 106.466
106.403 106.727
106.599 106.599
106.966 106.692
106.633 106.62
106.335 106.712
106.418 106.673
106.421 107.05
106.407 106.947
106.81 107.207
107.358 107.298
107.496 107.213
107.256 107.304
107.325 107.544
107.377 107.566
107.396 107.272
107.325 107.299
107.413 107.36
107.993 107.442
107.945 107.701
107.989 108.132
108.277 108.4
107.864 108.271
108.067 108.222
107.9 108.369
108.219 108.248
108.175 108.156
108.51 108.133
108.266 108.12
108.409 108.608
108.436 108.663
108.662 108.885
108.824 108.37
108.502 108.313
109.078 108.915
108.857 108.936
108.508 109.355
108.742 109.469
108.883 109.578
108.947 109.484
109.266 109.709
109.836 109.935
109.751 110.153
109.503 110.404
109.471 110.157
109.806 110.249
109.854 110.212
109.703 110.35
109.902 110.88
109.775 110.519
109.736 110.451
109.836 110.952
110.19 110.987
110.262 111.33
110.4 111.42
110.767 111.217
110.678 111.475
110.8 111.387
110.85 111.086
111.302 111.005
111.874 111.495
112.374 111.593
112.102 111.978
111.727 112.141
111.603 112.162
111.425 112.368
111.779 112.269
111.192 112.347
111.111 112.507
111.447 112.409
111.615 112.614
111.419 112.536
111.334 112.752
111.352 112.405
112.065 112.231
111.895 112.736
111.812 112.825
112.197 112.833
112.299 113.081
112.397 113.365
112.969 112.835
112.872 112.974
112.354 113.031
112.471 112.651
112.579 113.402
112.844 113.394
112.683 113.918
113.452 114.045
113.855 114.368
113.9 114.358
114.249 114.54
114.488 114.704
114.697 114.988
114.61 115.034
114.41 114.91
114.665 115.064
114.79 115.418
114.704 115.473
114.353 115.921
115.052 115.517
115.638 115.771
115.77 115.754
115.624 115.908
115.733 115.975
115.978 115.838
115.934 115.996
116.546 115.888
116.523 116.278
116.626 116.048
116.947 116.341
116.806 116.525
116.45 116.632
116.579 116.696
116.097 116.894
116.156 116.826
116.141 116.933
116.394 117.174
116.757 117.366
117.097 117.613
116.912 118.076
116.683 118.454
116.615 118.547
116.507 117.93
117.103 117.91
117.009 118.099
117.374 118.234
117.752 118.44
117.884 118.703
118.266 118.288
118.578 119.185
118.629 119.021
117.918 119.514
118.257 119.865
118.951 119.972
119.077 119.424
119.277 119.544
119.801 119.758
120.332 119.4
120.359 119.195
120.308 119.435
119.664 119.743
119.844 119.1
119.975 119.294
119.909 119.531
120.084 119.678
120.062 119.588
119.231 119.51
118.71 119.671
118.717 119.938
118.732 119.404
118.954 119.16
119.249 119.01
118.754 119.05
119.329 119.046
119.68 119.013
120.323 119.296
119.391 118.752
118.906 118.728
119.401 118.441
119.31 118.557
119.65 118.776
119.602 119.424
119.959 119.68
119.8 120.012
119.759 120.224
119.555 120.028
119.806 120.047
119.847 120.147
119.715 120.365
119.85 120.171
119.846 119.984
119.799 119.791
119.95 120.112
119.958 120.177
119.429 120.582
119.743 120.695
119.889 120.777
120.171 120.66
119.992 120.546
119.762 120.371
119.99 120.808
120.535 120.865
120.705 121.002
120.115 120.945
120.213 121.124
120.582 121.076
120.882 120.927
121.111 121.514
121.769 121.463
121.645 121.049
121.565 121.234
121.424 121.541
121.879 122.07
121.513 121.237
121.201 121.137
121.1 121.436
121.412 121.764
121.528 122.007
121.362 121.907
121.831 121.885
121.576 122.397
121.132 121.994
121.273 121.668
121.736 122.046
121.716 121.908
121.803 121.992
121.405 122.188
121.448 122.384
122.001 122.329
122.764 122.208
123.183 122.406
123.069 122.632
123.817 122.731
123.928 122.772
123.045 122.375
122.497 122.616
122.829 122.216
123.453 122.179
123.468 122.087
123.705 122.316
123.694 122.788
123.921 123.044
123.079 123.07
123.485 122.873
122.902 122.9
123.194 122.718
123.056 122.868
123.084 123.4
123.841 123.621
123.886 123.832
124.149 123.61
124.672 124.124
124.877 123.96
124.716 123.387
124.915 123.865
124.523 123.897
124.453 124.084
124.454 123.838
123.939 124.15
123.943 123.935
123.846 124.103
123.992 124.284
124.126 124.694
123.587 123.891
123.59 124.117
123.769 124.658
123.686 124.231
123.958 124.243
124.1 124.333
124.006 124.32
123.993 124.012
124.176 124.019
124.688 124.23
125.04 124.874
125.311 125.095
126.178 125.372
126.243 125.929
126.617 125.74
126.172 125.644
126.852 126.017
126.588 126.025
126.135 126.31
126.168 126.079
126.163 125.655
126.273 126.104
126.046 126.126
126.038 125.823
126.05 126.016
124.643 124.643
125.029 124.734
124.82 125.212
124.279 124.397
123.24 123.466
123.066 123.966
123.447 123.979
123.668 124.269
123.621 124.496
122.281 123.859
121.853 123.21
122.57 123.334
122.776 123.395
122.623 123.399
121.998 122.157
121.566 122.376
121.756 121.82
122.037 122.145
121.739 122.265
121.851 122.19
120.89 120.457
120.424 120.385
118.826 119.23
119.231 119.741
119.635 119.044
119.772 119.06
119.688 118.447
120.023 118.923
120.65 118.879
121.004 119.356
120.293 119.332
119.954 119.238
119.999 118.892
119.941 119.492
119.644 119.54
120.133 119.862
120.064 119.728
119.234 118.966
119.272 118.802
119.28 119.206
119.638 119.778
120.176 119.979
120.12 119.774
120.411 119.734
120.714 120.594
120.944 120.779
121.081 121.04
121.478 121.008
121.76 120.777
121.545 120.714
119.638 119.813
119.796 119.473
119.49 119.779
119.914 120.021
119.127 118.763
119.615 118.709
119.353 118.505
118.339 117.806
118.511 118.198
118.961 118.629
118.991 118.842
118.912 118.464
118.539 118.037
118.823 118.241
118.998 118.341
118.895 118.876
117.999 117.639
115.606 115.888
115.906 116.427
115.922 116.767
115.763 116.924
116.172 116.6
116.016 116.582
116.05 116.391
116.216 116.286
116.019 116.755
116.159 116.548
116.212 116.821
116.225 116.647
116.454 117.329
116.806 117.482
116.865 117.46
116.725 117.121
117.084 117.465
115.919 116.445
116.018 116.641
116.001 116.381
116.264 116.346
116.918 116.746
115.918 115.861
116.005 115.951
116.41 116.365
115.621 115.324
115.059 114.979
114.856 114.97
114.591 115.044
114.683 115.009
113.329 114.112
113.32 113.582
113.283 113.114
113.534 113.376
114.266 113.275
113.777 113.486
114.383 113.715
113.806 114.115
114.064 114.344
114.127 114.698
113.052 113.731
112.603 113.519
112.781 113.819
113.046 113.632
113.253 113.587
113.768 113.1
113.129 113.178
111.796 112.422
112.353 112.84
112.715 113.314
112.736 113.375
111.987 112.979
111.417 112.418
112.499 112.169
112.142 112.186
111.732 112.785
110.815 111.74
111.05 112.018
111.168 111.726
111.01 111.924
111.359 112.016
110.305 111.177
110.089 111.29
109.913 110.777
108.982 109.615
109.291 109.855
109.062 109.989
108.689 110.036
108.584 111.12
108.582 111.249
107.714 110.213
107.65 110.701
107.91 110.382
108.201 110.251
108.431 109.902
108.767 109.391
108.379 109.309
107.142 108.275
107.346 108.457
107.353 108.302
107.019 108.069
107.051 108.309
107.155 108.227
106.867 108.416
107.235 108.198
107.521 108.064
107.779 108.079
107.892 108.018
108.357 107.99
107.894 107.979
108.084 107.928
106.571 106.045
107.131 105.977
107.329 105.734
106.994 106.356
107.243 107.326
106.912 107.578
106.802 107.774
106.39 107.8
106.282 107.387
106.471 106.912
107.036 107.031
107.534 107.201
107.323 107.109
107.663 107.766
106.565 107.173
107.199 106.827
106.581 106.995
106.275 107.036
106.541 107.056
106.606 107.365
106.527 107.016
106.232 106.991
106.586 106.44
106.713 107.111
107.166 107.542
106.778 107.389
106.989 107.998
107.448 108.319
107.641 108.797
107.697 108.853
107.71 108.292
107.986 108.603
108.147 108.367
108.707 108.031
108.686 108.882
108.284 109.105
108.359 109.703
107.54 108.317
107.526 108.528
107.709 108.554
107.823 107.721
107.99 107.601
107.903 107.065
108.056 107.344
107.55 107.294
107.528 107.966
106.853 106.193
106.728 106.712
106.363 105.415
106.493 105.01
106.213 105.467
106.337 105.982
105.378 105.176
105.919 104.738
105.891 104.889
106.121 105.455
105.692 105.455
105.945 105.658
106.141 105.643
105.365 105.013
106.005 104.749
105.758 104.944
106.112 105.783
106.173 105.888
105.929 106.037
105.861 106.509
105.487 107.002
105.419 106.719
105.503 106.283
105.511 105.82
106.132 106.376
106.038 106.701
106.016 106.097
105.348 105.11
105.15 106.145
104.933 106.166
105.043 105.965
105.102 106.493
105.431 106.835
105.789 105.934
106.02 106.476
106.362 106.724
104.912 105.704
103.632 104.665
103.703 104.566
104.147 104.24
104.746 104.284
105.005 104.482
105.016 104.773
105.15 104.38
105.46 105.302
105.68 105.582
106.136 105.341
106.573 105.212
107.019 105.273
107.05 105.692
107.267 105.874
106.596 105.512
106.948 105.388
106.362 105.226
106.798 105.197
106.356 105.26
105.41 104.646
104.231 103.849
104.795 103.751
104.385 104.406
105.09 104.719
104.709 103.986
105.1 103.314
105.222 103.786
104.881 103.986
103.585 103.435
104.337 103.178
104.451 103.599
103.693 102.228
103.006 102.768
103.556 102.805
103.496 103.076
103.189 103.108
102.511 102.797
102.599 103.361
102.835 103.001
103.1 102.681
103.006 103.022
103.467 102.98
103.874 103.63
104.163 103.338
102.584 102.205
102.251 102.438
102.655 102.472
102.564 101.999
102.867 102.552
102.933 101.934
102.855 101.791
102.711 102.451
102.192 102.062
102.166 101.933
102.57 102.272
102.949 101.992
103.112 102.382
102.517 102.444
101.597 101.373
100.087 100.251
100.082 100.316
100.332 100.189
99.1995 99.5555
98.3445 98.4455
99.1915 98.6945
99.2395 98.7665
97.73 98.2885
97.6445 98.3395
97.862 98.547
98.1585 97.9955
97.804 97.643
97.0705 98.195
97.121 97.5435
96.3705 96.5995
96.4345 96.4425
96.242 96.6515
97.278 96.385
97.7465 96.6725
96.25 95.4375
95.852 95.129
96.325 95.3915
96.047 94.8225
96.6555 94.6165
96.2835 94.4795
94.976 94.0415
93.4305 93.3465
93.84 93.6335
94.0745 93.0555
94.6675 93.1205
94.8585 93.0625
94.761 93.325
94.3565 93.446
94.512 94.095
94.545 94.112
94.2135 93.1115
94.147 93.764
94.4675 93.92
94.263 93.809
94.3955 93.824
94.0855 93.229
93.8835 93.376
93.8715 93.661
93.7425 94.0105
93.7625 94.1605
94.528 93.8885
94.6 93.545
95.2315 93.3995
95.6565 93.3235
96.0665 93.3285
96.831 93.903
96.3855 94.004
95.1465 94.348
94.252 93.6815
94.0615 94.108
93.52 94.1155
93.705 93.542
94.0635 93.4955
94.3665 94.203
94.7605 94.56
95.4685 95.025
95.564 95.835
95.754 95.055
95.9435 94.8225
96.205 95.282
96.6965 95.8815
96.9295 95.9755
96.9175 95.5985
96.692 96.0135
96.135 96.278
96.2775 96.0825
96.057 96.2985
96.9745 96.6395
96.8725 97.1795
96.7115 97.439
97.828 96.736
96.769 95.989
96.688 96.0405
96.492 96.211
97.1 96.0265
97.383 96.3245
97.5245 96.2355
97.8795 96.601
97.584 96.471
97.328 96.8275
97.525 96.865
97.322 97.1395
96.2725 96.2175
96.5555 96.927
97.0955 97.394
97.4765 97.14
96.3165 95.9835
96.3475 96.0975
96.201 95.5275
96.2655 95.7485
96.55 95.7415
96.862 96.1005
96.647 95.931
96.5165 96.392
96.8725 96.4395
96.913 96.363
95.4525 95.816
95.4455 95.6195
96.0835 96.174
96.225 96.786
96.586 95.854
95.612 94.8715
95.1425 95.1655
95.63 95.0295
95.9265 95.6985
96.1145 95.674
95.53 94.3455
95.0925 94.7115
95.348 94.75
95.607 94.487
94.743 94.504
95.067 94.829
94.8625 94.911
95.5255 95.117
95.1075 95.127
93.972 94.332
94.321 94.089
93.858 94.8175
94.439 94.7565
94.2535 94.776
94.575 94.2395
94.8915 94.303
94.246 94.409
93.7935 94.4045
93.3895 94.269
93.679 94.942
93.708 94.221
93.443 93.9605
91.7705 93.525
91.5305 93.13
91.579 92.281
90.8795 92.5645
91.163 92.482
90.867 92.3035
90.6725 91.9895
90.08 90.9095
90.2965 91.5465
90.161 91.504
90.439 91.2295
90.621 92.127
90.905 92.2695
90.873 92.176
91.502 92.1385
91.236 92.02
91.5245 90.803
91.6515 92.012
90.5235 91.026
90.1735 91.3505
90.5445 90.9455
90.5655 90.809
89.8955 90.7275
89.8855 90.9005
90.831 90.9865
91.0735 91.886
91.729 92.15
89.5625 89.537
90.1915 89.612
90.698 89.488
90.613 89.82
91.2775 89.4235
90.2485 88.6265
89.8845 88.6455
89.8885 88.597
89.5595 88.682
88.5895 87.9215
88.617 88.024
88.7705 87.5335
89.2585 87.2255
88.9375 87.369
89.464 87.7445
89.464 88.257
89.562 88.518
89.981 88.99
89.7745 89.0785
89.584 89.3035
89.57 89.3555
89.445 89.5485
90.037 89.328
88.6875 89.6205
88.6315 89.4655
88.098 89.2995
88.4325 88.9895
88.4455 88.99
88.3925 89.6545
88.2655 90.1245
87.55 89.8845
87.9115 89.676
88.0995 89.2395
88.5115 89.6685
88.174 89.484
87.169 88.3635
87.904 88.6895
87.88 88.5115
87.9385 89.317
88.0155 89.323
88.612 89.471
89.438 90.035
89.5925 89.9145
89.588 90.1205
89.927 90.3515
90.5145 90.714
90.674 90.612
90.879 89.483
90.5075 89.7015
91.2625 90.077
91.24 89.729
91.964 90.116
91.3905 90.3885
91.5695 90.461
91.472 91.03
91.623 91.1765
91.8555 91.616
92.0925 91.677
91.1375 90.7875
91.012 91.3165
91.3755 90.6875
89.5935 89.652
90.3705 90.157
90.6695 90.1425
90.6475 89.8275
91.065 90.53
91.105 90.0805
91.4805 89.781
91.67 89.964
91.387 90.3115
91.092 90.163
90.7675 90.4115
90.9405 90.9205
90.6185 91.491
90.829 91.3025
91.2805 91.516
91.1075 91.359
91.0405 91.1785
91.2335 91.8675
91.377 91.69
91.23 91.768
90.471 91.9365
90.593 92.373
90.1815 91.888
88.746 90.2245
88.988 89.9535
89.2685 89.555
88.7935 89.1125
88.791 89.655
88.676 89.779
88.0665 89.573
88.5375 89.42
88.27 89.5315
88.6385 88.901
89.177 88.644
88.8755 88.8825
89.214 89.2985
88.707 89.083
88.631 88.7885
88.3345 89.4905
88.3175 89.34
88.9195 89.203
89.243 89.164
89.488 89.6475
90.113 89.729
90.02 89.741
90.324 89.5115
89.379 88.693
88.646 88.2025
88.7915 87.8565
88.7905 87.813
88.5165 87.766
88.9685 87.374
87.4685 86.436
87.725 86.531
87.8435 86.8525
88.488 86.8425
88.444 86.998
88.4705 87.5255
89.1055 87.575
89.0115 87.666
89.265 88.054
87.824 86.939
87.7305 87.2465
87.2345 87.697
87.0815 88.015
87.2575 88.55
86.7915 88.9045
87.0575 89.1655
87.496 88.8195
87.3015 89.067
87.575 90.1795
87.7015 89.923
86.293 88.9275
86.471 88.8145
84.9545 87.2335
85.267 87.151
85.494 87.0405
85.8495 87.036
86.281 86.703
86.2985 87.054
86.3725 87.4065
86.833 87.623
86.594 88.0765
86.0755 86.917
86.269 87.3565
86.6755 87.5425
85.628 86.967
85.594 86.934
85.4955 86.5005
85.443 86.4215
84.78 86.252
85.193 86.6055
85.9475 86.491
86.3895 87.1
86.689 87.1
86.929 87.1985
86.838 86.9825
86.172 86.7635
86.926 87.238
87.4125 86.9685
87.644 87.342
88.385 87.838
88.719 88.2025
88.9875 88.387
88.6045 88.09
88.8445 88.9965
88.9445 89.004
88.7815 89.2475
87.431 88.9045
87.307 88.937
88.2585 88.7745
87.789 88.0845
87.366 87.9435
87.1925 87.364
87.449 86.7065
88.1895 86.495
88.508 86.876
88.884 87.038
88.5235 87.4595
88.731 88.073
88.327 88.534
87.817 88.598
87.6815 88.441
88.0525 88.7735
88.2385 88.7505
87.7525 88.4515
87.7915 88.449
87.8725 87.8985
87.109 87.983
86.8635 87.5925
87.66 88.1035
87.775 87.6095
87.4375 87.681
87.6315 87.9455
87.648 88.0735
88.436 88.446
88.016 88.5895
87.6035 88.362
87.3425 88.0175
87.625 87.7295
87.7385 88.5195
87.5915 87.893
87.427 88.3605
87.523 87.9655
87.0725 88.0845
87.5995 87.6355
87.6775 87.8385
87.94 87.697
87.1715 87.9975
86.165 86.8375
85.48 86.7855
85.81 85.884
84.6465 84.7785
85.165 84.5725
84.838 85.5175
84.9045 85.725
85.2475 86.044
84.936 86.0975
84.3025 86.4555
85.2635 86.638
85.4945 87.0825
85.9035 86.4855
85.327 84.901
84.721 85.057
84.6675 85.5145
84.394 85.503
84.2945 85.9795
85.2715 85.257
85.4885 85.4195
85.342 85.726
84.6985 85.456
85.0715 85.8995
83.9585 85.1795
84.709 85.5005
84.993 85.936
84.924 86.728
84.8335 86.9285
85.151 85.975
86.228 86.124
86.569 86.255
86.783 86.064
86.605 86.334
86.441 85.593
86.1155 85.9805
86.231 85.7095
86.1045 85.965
84.732 85.599
84.9385 86.0275
84.694 86.199
84.45 85.2975
84.4195 85.5715
83.7805 85.8175
83.31 86.588
81.907 84.733
82.047 85.098
82.619 85.012
82.8255 84.976
82.8785 85.237
83.1335 85.373
83.2065 85.7345
83.203 85.697
84.1055 85.003
84.4805 85.203
84.8205 85.818
85.4575 86.234
85.766 86.1265
84.951 85.4775
84.791 85.9055
84.277 84.6805
84.259 84.125
84.552 83.798
85.013 84.7625
84.9915 85.0425
85.2485 85.2305
85.102 85.1575
85.1545 85.2235
84.8345 84.7465
83.5015 83.5595
82.926 81.879
82.9265 82.1715
82.7335 82.512
83.7495 82.8065
83.5015 83.329
83.987 83.496
84.289 83.761
84.417 83.9015
83.611 84.4795
83.158 84.15
82.2515 83.0995
82.8975 83.9195
82.497 84.041
82.362 83.2305
82.2895 83.644
82.747 83.3845
82.784 83.3745
83.135 83.396
83.0445 83.198
82.721 82.963
83.039 82.961
82.7335 84.0105
83.086 83.7835
84.232 84.3275
84.186 84.62
83.835 84.7
83.758 84.447
83.1625 84.8725
83.281 84.8805
83.614 84.684
84.053 85.423
82.7375 83.292
82.578 82.9115
81.223 82.187
80.9795 81.978
81.41 82.2175
80.8465 82.058
80.9505 82.148
80.5435 82.417
80.8995 82.1995
81.0025 81.721
81.04 81.1905
80.525 81.4085
80.4885 82.2275
80.514 81.4985
81.319 81.725
81.8295 81.2725
81.6815 81.136
81.4005 81.437
81.047 81.4275
81.038 81.626
80.5125 81.833
79.43 80.504
79.4375 80.787
79.3535 80.5865
79.1925 80.223
78.6655 79.2475
78.918 78.7755
79.376 78.661
77.904 77.5605
78.5625 77.6995
78.631 78.015
78.699 78.257
78.817 77.997
79.3485 78.0335
79.884 78.1205
80.191 77.7195
79.7105 77.6565
79.652 77.595
78.7625 76.4045
78.297 76.797
78.15 76.4365
77.931 76.962
78.7895 77.021
79.27 76.5965
79.425 77.43
78.303 77.219
78.688 77.3125
78.6825 77.7075
79.1355 77.53
78.8885 77.6355
78.8165 77.8815
78.512 77.363
78.4565 77.5435
78.7015 77.845
78.429 77.5425
78.458 77.94
78.46 77.42
78.629 77.423
78.905 78.1435
79.047 78.4895
79.4885 78.5315
79.506 78.265
80.041 78.49
80.6465 78.656
80.354 78.511
79.908 78.95
79.902 79.071
79.843 79.142
80.195 79.19
80.0665 79.4935
80.261 78.9135
80.737 79.382
79.924 79.26
80.0025 79.3565
80.172 80.121
80.6535 80.4755
81.0805 80.7355
81.064 81.2995
81.5265 81.125
81.8635 80.646
81.435 80.344
81.9455 80.866
81.5715 80.249
81.8325 80.882
82.144 80.905
82.555 81.129
82.0835 81.4045
82.552 80.767
82.6875 80.985
82.404 81.028
81.968 80.1435
82.631 80.9455
82.6765 81.186
82.672 81.313
81.7945 80.108
81.7985 79.5135
81.8175 80.0165
82.182 80.1195
82.701 80.5805
82.9395 80.5835
81.934 79.8235
81.9355 79.865
81.9715 80.4665
80.96 80.222
80.648 80.189
81.124 80.362
80.349 80.5335
80.4135 80.192
80.47 80.5235
80.276 80.8035
78.8525 79.2335
79.2495 79.204
77.747 78.39
78.002 78.4265
78.74 77.833
78.628 77.51
79.061 77.5165
79.036 78.1805
78.679 78.018
78.644 78.626
77.7025 78.3385
76.844 77.1065
77.117 76.964
77.1475 76.479
77.4025 76.851
77.629 76.823
77.8535 76.7395
77.1305 76.1835
77.251 76.338
76.9375 75.501
76.509 75.025
76.469 75.399
76.3055 75.582
76.636 75.7905
76.8825 75.62
76.787 76.053
77.233 76.2965
77.4465 76.42
76.8655 75.95
76.664 75.7955
77.3995 75.721
77.861 75.3505
77.4125 75.706
78.1 75.4935
78.089 75.823
77.489 75.514
77.462 76.264
77.6825 76.2715
76.9795 75.242
77.2705 75.4805
78.0165 75.542
77.833 76.127
77.004 75.7935
76.8995 76.247
77.2435 76.522
77.8705 77.391
78.212 76.366
77.71 76.2695
77.72 76.258
77.1465 77.115
77.086 76.673
76.86 76.7725
76.8605 76.256
76.823 76.307
77.0605 76.5645
77.296 76.3105
77.7995 76.383
77.944 76.6985
77.703 76.4765
77.997 76.709
77.69 76.735
77.555 76.8885
77.99 77.315
77.8575 77.752
76.143 75.699
75.447 76.1375
76.05 76.2425
76.038 75.9895
76.035 75.9155
76.8475 75.8655
77.243 75.7035
76.7265 75.3945
76.1935 75.557
76.696 75.0665
77.2415 75.2835
77.4065 75.4065
75.728 73.584
76.199 74.0145
77.039 74.0575
76.9385 74.462
76.8985 74.855
76.583 74.7955
77.177 74.463
76.9035 74.942
76.7225 74.904
77.1785 75.522
77.1865 75.4765
77.142 75.608
76.4335 75.489
76.722 75.3285
76.061 74.5965
75.8835 74.943
75.5545 74.9625
75.497 75.128
75.9565 75.889
75.4915 75.67
75.2305 75.6005
75.189 75.3705
75.562 74.8515
75.5195 74.78
75.587 75.75
75.3895 76.3365
74.4025 75.467
74.092 75.974
75.247 76.3255
75.033 76.631
74.709 76.8295
74.315 75.7885
74.2595 75.567
73.194 74.785
72.8245 73.727
72.051 73.321
72.3105 73.726
72.161 74.744
71.101 73.7725
71.8 73.8925
71.7935 74.0305
70.792 72.932
71.6965 72.696
70.8345 71.018
70.389 70.968
71.3905 71.0145
71.349 71.2805
71.337 71.989
71.377 72.027
71.215 71.369
70.9405 70.9825
70.7065 71.323
70.9345 71.446
70.9545 72.214
71.317 72.514
71.094 72.57
71.4585 72.8135
70.3795 72.0325
68.8725 69.5225
68.8735 69.3045
69.2425 69.213
69.5045 69.009
68.164 68.268
68.5515 68.468
68.3875 67.955
68.998 67.978
69.136 68.0275
68.721 68.213
68.712 67.9905
69.4755 68.8125
69.4865 68.607
70.1275 68.5485
70.1265 69.1105
70.4015 69.0645
69.826 68.6675
68.881 68.148
68.479 68.786
68.7925 68.7925
69.264 69.6415
69.4805 69.698
69.3575 69.7585
69.402 69.683
69.446 69.685
69.8935 69.6175
70.249 69.5485
70.187 69.697
70.3935 70.1065
70.8095 69.9455
70.7135 70.1195
71.3435 70.104
71.3585 70.61
70.376 69.7435
70.0755 69.9715
69.983 70.266
70.3085 70.7375
70.025 71.231
70.1215 70.937
70.973 71.3395
71.325 71.556
71.2995 72.0955
71.311 72.182
70.295 70.7125
70.251 70.6525
69.659 70.489
70.6485 70.6575
70.4905 71.794
71.1285 71.366
71.488 71.762
71.287 71.3725
71.848 71.1625
71.9065 71.9175
71.9815 71.856
72.4535 72.193
71.9025 72.0415
72.215 72.1925
71.26 70.777
71.119 71.054
70.961 71.0745
71.5935 71.5465
71.6085 71.4525
71.9025 71.472
71.739 70.974
72.4025 71.4785
72.7165 70.852
71.7 69.853
71.5335 69.6995
71.4955 69.7285
71.208 69.874
71.115 70.3565
71.021 70.83
70.7405 70.928
70.7875 70.21
70.528 70.9935
71.2585 70.505
70.586 70.733
70.481 70.318
69.2725 69.9045
69.3525 69.675
69.0915 70.104
69.577 70.1895
69.7015 70.1375
70.05 69.784
70.0615 70.1315
69.55 69.08
69.5815 69.066
69.547 68.9585
69.9795 69.0795
69.5365 69.645
70.2055 69.62
69.2035 68.925
68.8385 68.732
69.5415 68.3885
69.3825 68.8495
69.1105 68.6625
69.5275 68.322
69.5775 68.9435
69.3835 69.3925
68.435 68.4395
69.102 68.717
70.0375 68.923
69.907 68.7095
70.8355 69.1835
70.692 69.4435
70.362 70.07
71.361 70.058
71.55 70.0505
71.962 69.6845
71.7545 69.209
71.9975 69.2265
71.8795 70.367
71.7585 70.3275
71.4235 70.0685
71.762 69.96
71.6965 70.634
71.3655 70.8925
71.7415 70.6915
71.5995 71.2395
70.7195 70.2675
71.283 69.779
71.3495 69.6645
71.3865 69.874
71.4175 70.0105
72.1065 69.8145
71.845 70.2655
71.496 70.086
71.2415 70.1525
71.888 70.261
72.4145 70.228
72.101 69.7175
72.3555 70.3555
72.8025 70.796
72.2705 70.897
72.2265 71.0275
72.666 70.64
72.6905 70.658
71.4835 69.7515
72.391 70.319
72.0565 70.861
72.742 70.9425
73.5 71.036
73.7715 71.461
73.9185 72.094
74.1025 72.095
73.68 72.281
73.486 72.911
73.7065 73.846
73.7875 74.095
74.08 74.785
74.55 74.5105
74.798 74.5675
75.518 74.3105
75.5665 74.7055
75.538 75.036
75.8785 75.2175
75.7875 75.638
75.7905 75.4285
75.891 76.0165
75.9575 76.1
76.502 76.146
76.089 76.344
75.696 75.6805
74.818 75.13
75.413 74.5215
75.82 74.188
75.7375 74.26
76.2265 73.6645
75.86 74.1715
75.323 75.044
75.9195 75.2325
75.816 75.27
75.9845 75.2005
76.2805 75.005
76.6055 75.5975
77.119 76.3935
76.568 76.246
76.1775 76.4195
75.8615 76.011
75.3655 75.007
75.7215 75.4295
75.887 75.4955
75.8255 75.8575
74.5525 74.926
74.0615 72.813
73.7395 73.431
74.071 74.0465
73.907 73.24
73.8695 73.787
73.812 73.1945
74.3965 72.758
74.5715 73.033
74.372 73.8885
74.5835 73.343
74.868 73.717
72.572 71.84
72.953 72.791
72.267 72.3045
72.4485 72.2995
72.631 72.2635
72.495 72.035
71.5435 72.025
71.3425 72.124
71.523 71.8625
71.037 71.6845
71.3855 72.0225
70.917 72.2575
71.565 72.4215
71.944 72.0945
71.4925 70.9385
71.548 71.5165
70.5125 70.94
70.2525 71.695
68.4365 69.353
68.3555 69.035
68.801 68.037
68.8655 68.4165
69.185 68.567
69.172 68.5825
69.742 68.3475
69.9765 68.733
70.245 69.0735
70.2155 70.022
70.6565 69.6955
70.8925 70.419
70.579 70.3355
71.385 70.896
71.748 70.679
70.379 69.837
70.5785 69.656
71.553 70.1135
71.6395 69.3225
71.5155 69.732
70.2035 68.8725
70.695 69.2105
70.2 70.1475
69.8795 70.7985
69.1815 71.0095
69.983 71.186
70.867 71.5375
71.291 71.742
71.2475 71.41
70.5645 71.29
70.628 71.567
70.944 70.8
71.212 70.8945
70.8065 70.9755
70.4215 70.9985
69.617 71.1595
69.485 70.8155
69.234 70.838
69.5645 70.611
69.6275 70.8315
69.4315 69.958
69.3715 70.508
69.491 70.3745
70.025 69.7735
69.792 69.598
70.125 69.803
70.1815 70.211
70.6745 69.909
69.554 69.136
68.467 68.202
68.8495 68.3245
68.238 68.094
67.924 67.6605
67.459 67.981
67.539 68.586
68.412 68.872
67.7895 68.918
67.6445 68.5925
68.0695 69.2725
67.9935 69.042
68.2835 69.496
69.336 69.2365
69.6335 69.5115
70.0025 70.0545
69.7245 69.6475
68.7785 68.594
69.9045 68.406
70.214 69.049
70.165 69.2225
70.441 70.1155
70.6255 70.1105
70.651 69.9425
69.473 69.9975
69.5895 70.5025
69.8285 70.0415
69.7565 69.6945
69.6445 69.5605
69.198 69.4075
67.847 68.254
67.483 68.5325
67.693 68.123
67.5685 68.3255
67.6695 68.4065
68.3165 68.407
67.825 68.496
68.478 69.0125
68.8575 69.5565
69.405 68.945
69.248 68.7405
69.192 69.292
69.2975 69.298
69.927 69.933
69.731 69.728
70.547 69.924
70.3595 69.68
69.6965 69.493
70.076 69.644
70.7885 70.407
71.3575 70.224
71.1865 69.6465
71.309 69.7345
70.662 70.074
70.6875 70.5725
70.8805 70.475
69.99 69.4665
69.828 69.751
70.1735 70.2305
69.6615 70.9835
69.8475 71.525
70.0785 71.332
70.353 70.66
70.3185 70.7815
70.014 69.9555
69.281 70.3395
69.653 70.997
70.159 71.0355
70.341 70.8655
69.385 70.736
69.6895 70.355
69.8585 70.8365
69.6875 70.6505
69.928 70.4905
70.0985 71.142
70.1675 71.422
69.887 71.4185
69.7415 71.2555
70.39 71.7075
70.5615 72.192
70.4275 72.0555
71.0285 71.872
71.0335 72.1665
70.7745 72.5
71.122 73.5085
71.1975 73.3215
71.7235 74.02
71.9675 73.683
71.9815 74.12
72.308 74.0415
73.463 74.4585
73.6245 74.452
73.9495 74.281
73.957 74.3385
73.1665 73.986
73.3045 74.373
73.593 74.451
73.614 73.9275
73.2595 74.246
73.8355 74.0145
73.741 74.3155
73.716 74.526
73.1115 74.694
72.5715 73.6915
72.3955 73.933
72.695 74.382
73.3215 74.29
72.315 73.02
72.8845 72.8815
73.1415 72.6055
72.6615 72.2345
72.8845 71.9805
72.9965 72.3185
71.381 71.103
71.3865 70.68
71.62 70.2805
71.649 70.527
72.4525 70.719
72.2705 71.646
73.2165 71.96
73.3475 71.976
73.376 71.938
73.9585 71.2965
73.9035 71.5135
73.992 71.559
74.272 72.1645
74.264 72.1355
74.401 72.601
74.1075 72.529
73.7845 72.668
73.199 73.16
71.9375 72.0465
72.2325 72.1835
72.475 72.6525
72.8755 72.6675
73.319 73.0715
72.947 73.6055
72.7445 74.2115
72.0755 72.7995
71.7325 73.115
71.3815 73.2675
71.7015 73.854
71.2285 73.549
71.6275 72.8
71.504 73.0875
71.904 73.0755
72.306 72.7085
72.61 72.7285
72.4135 73.365
72.348 74.464
71.487 72.696
71.372 72.8315
71.671 72.8005
71.746 72.9765
71.8565 72.87
71.15 72.262
71.3725 71.795
71.398 71.601
71.6075 71.152
71.659 72.059
71.9135 72.723
71.569 72.664
71.104 72.4575
70.45 72.071
70.8125 71.719
70.711 71.0955
71.3465 70.9145
71.7385 70.8165
72.0265 70.6355
72.226 70.869
72.457 71.2525
72.272 71.46
72.51 71.858
71.402 71.2885
71.628 71.5625
71.402 72.205
70.1165 70.7295
69.9885 70.703
70.4965 69.8955
70.954 70.127
70.8795 69.6225
70.8535 70.125
70.9905 69.963
69.781 68.9525
68.7505 67.967
68.878 67.865
68.6155 68.648
69.4275 68.144
69.002 69.0975
69.0885 69.1515
68.751 69.141
68.753 69.19
69.0785 69.788
69.117 70.3025
68.882 69.7625
68.609 70.3485
68.73 69.9755
68.4935 70.0335
68.598 69.471
69.27 70.14
69.136 70.168
68.77 70.308
68.6655 70.579
68.2715 70.3815
67.1835 69.348
66.9185 69.4495
65.447 68.191
66.009 67.6015
66.223 67.02
65.6525 66.2625
66.0705 66.2145
65.599 65.7255
65.954 65.6085
65.7665 64.765
64.677 64.1315
64.865 64.287
64.967 64.6055
64.6275 65.1545
64.3905 64.769
64.703 64.68
65.097 64.181
64.9965 64.437
65.225 64.662
65.195 65.1365
65.4605 66.2565
65.5695 66.513
65.8415 66.328
65.3325 66.591
65.007 66.354
64.795 65.8235
65.273 65.0365
64.8045 65.3795
64.115 65.2895
63.4295 65.523
64.1395 65.702
64.709 65.7375
64.187 64.4875
64.2685 64.566
64.445 64.704
64.183 65.3225
64.288 65.105
64.833 65.1215
64.71 64.4235
64.3185 64.41
64.5825 64.832
64.5605 64.9535
65.1195 64.553
64.965 64.7495
64.4705 63.6865
64.863 64.047
63.5495 63.2895
63.504 63.1185
63.433 62.657
63.3795 62.7385
62.4795 62.545
62.696 62.678
62.9105 62.399
62.721 62.422
63.268 62.5445
63.4675 62.9085
63.865 62.5725
64.1685 63.2685
63.9585 63.0155
64.2615 62.933
64.774 63.3045
63.8225 62.511
63.968 63.0345
63.981 63.3275
64.085 63.917
64.017 63.9805
64.009 63.7455
63.7125 63.5135
63.992 63.222
64.4965 63.1105
64.267 63.6955
64.5445 64.137
64.7315 64.235
64.5925 64.8995
63.4495 63.8145
63.3615 63.9895
63.311 64.269
63.353 64.0245
62.2495 62.5365
62.682 62.3745
62.6685 62.563
62.9895 62.4565
63.4765 63.382
63.4135 63.244
63.757 63.506
64.3465 63.476
63.508 63.454
63.7485 63.588
64.124 63.652
64.336 63.739
65.0495 64.46
64.0755 63.498
64.6065 63.962
64.7065 64.6255
65.5835 65.171
65.497 65.5765
64.5905 64.5255
64.6495 64.7185
65.345 64.589
65.1375 65.418
65.451 66.2535
65.935 66.812
65.589 66.464
65.892 66.192
66.1755 66.6505
66.285 66.403
66.558 66.065
66.8605 66.116
67.0225 65.726
66.628 66.6135
64.416 64.625
64.8115 65.1245
65.026 65.7
64.595 65.2245
64.0645 65.2085
63.8865 64.781
63.922 65.147
64.433 65.296
64.2055 65.7065
64.33 65.369
63.651 64.8305
63.7955 64.5525
63.849 65.074
64.0725 65.287
64.0885 65.4875
64.076 66.0955
64.652 66.019
64.919 66.0495
65.001 65.6535
65.0865 66.087
65.853 66.564
66.01 66.8815
65.5295 66.5675
65.6065 65.82
64.806 66.2235
63.366 65.2365
63.2975 65.258
63.537 65.162
63.543 65.0505
63.6795 65.172
63.638 65.4055
63.652 64.7315
64.5685 64.566
64.818 64.4055
64.6895 64.7085
64.2055 64.0295
65.0265 64.6475
65.0775 64.993
64.5695 64.627
64.528 65.482
65.2685 65.4265
64.835 64.179
64.701 63.506
63.3225 62.6195
63.4645 62.513
63.5875 63.162
63.5215 62.985
63.644 63.202
62.16 62.178
62.3405 61.817
62.43 61.6425
62.1725 61.2305
62.188 61.0765
61.957 61.6955
62.734 61.969
63.6085 62.8625
63.912 62.541
62.986 61.8905
62.5965 61.6125
62.993 61.68
62.8575 62.315
62.82 62.4405
62.9825 62.2705
62.918 62.187
63.0215 62.3885
63.3285 63.1075
63.325 63.081
63.548 63.932
64.029 64.7655
63.988 64.2565
63.4485 64.704
63.4905 64.43
63.922 64.294
64.32 64.5825
64.783 64.624
63.996 63.237
63.7565 63.659
63.701 63.8295
64.1465 63.6385
63.439 62.463
63.4505 62.7715
63.3115 63.5535
63.42 63.3295
64.073 63.5395
64.347 63.74
64.2265 63.451
64.055 63.9275
64.174 63.9235
64.6265 63.8085
64.852 64.4565
65.053 64.796
64.7365 65.185
64.713 65.415
64.66 65.4465
64.884 65.7575
65.7005 66.048
65.517 65.797
65.926 65.976
66.0425 66.7895
66.447 66.6465
66.9315 67.1155
67.256 67.1765
66.7975 66.7885
65.9395 65.4505
65.617 66.014
66.025 66.063
66.45 65.926
66.3895 66.0505
66.802 66.176
65.4605 65.6975
65.819 65.096
66.458 65.0995
65.5375 63.4615
65.2785 63.9745
65.2085 64.0495
65.4195 64.5825
65.227 64.6985
65.1195 64.222
65.193 64.756
65.2625 64.783
65.486 65.306
63.78 64.31
64.6045 64.152
64.586 64.2835
64.8675 64.0895
65.1235 65.062
65.0795 65.2095
64.901 65.3735
65.342 65.3255
65.0505 65.529
63.799 65.0565
63.993 64.841
63.2855 63.4855
63.1115 63.2655
64.0305 63.3585
64.3815 63.928
64.4525 63.214
64.2655 63.412
64.3925 63.2325
63.3895 63.0105
63.8785 62.8865
63.844 62.656
63.717 62.5615
63.6315 61.964
62.9775 62.048
62.4625 61.257
62.2195 61.5185
62.0915 61.456
62.653 61.8475
63.2505 61.345
63.348 62.4345
63.2595 62.857
63.475 62.788
63.64 63.049
63.6355 63.2505
63.391 63.3765
63.109 63.534
63.507 63.9065
63.391 63.5025
63.998 63.8535
64.0645 63.9945
64.321 64.749
64.3615 64.925
64.549 65.214
63.8765 65.164
63.879 65.134
64.6085 65.4385
64.7065 65.09
64.653 65.033
63.9305 64.5995
64.267 65.32
64.6575 65.414
64.86 66.0445
65.3375 66.3095
65.6955 66.032
65.4825 65.9985
65.2655 66.023
64.916 65.623
64.8295 65.2865
64.8715 65.4415
64.309 64.6645
64.749 64.49
65.303 64.583
65.658 64.353
66.406 65.451
66.808 65.744
66.833 65.7065
66.6075 66.3145
67.0035 67.3745
67.499 67.337
66.536 66.938
66.802 67.214
66.5265 67.537
65.432 66.0275
65.58 65.99
65.8005 66.4175
65.6925 65.9665
66.1305 65.7815
66.507 65.6585
66.905 65.6055
66.3805 65.9085
66.292 65.9095
66.803 66.316
67.3935 66.8945
67.9135 66.7105
68.306 67.3005
68.4045 67.9015
68.5155 68.2295
68.163 68.752
68.087 68.537
68.0585 68.851
67.661 69.1455
68.014 68.9115
68.1885 69.276
68.5345 69.4925
67.9985 70.047
68.1405 69.998
67.9695 70.0275
68.7015 70.104
68.963 70.131
68.7265 69.7795
68.686 70.718
69.0365 70.596
69.3925 70.3925
69.5275 71.0295
70.1895 71.5305
70.2175 71.732
70.569 71.293
71.293 71.9395
70.781 72.1475
71.49 72.526
71.8805 72.6155
72.691 72.7205
72.516 72.6505
72.963 73.193
72.177 72.9175
70.3985 70.734
70.4785 70.546
70.518 70.3125
70.5465 69.7745
70.679 69.707
70.8905 70.8195
70.5255 71.718
70.146 71.446
69.2885 70.4645
69.0875 71.0505
68.8845 70.9205
69.1605 69.551
69.8095 69.3475
69.7215 69.914
70.004 70.141
69.2765 69.2215
69.0435 69.729
69.6005 70.361
69.529 70.698
69.1965 70.4675
69.4785 70.732
70.0585 71.053
70.625 70.7835
70.48 70.9385
69.8135 70.708
69.7565 71.525
69.384 71.6515
69.5105 72.095
70.0525 72.135
70.4515 72.6255
71.037 73.104
71.9035 72.6195
72.2715 72.1345
70.716 71.0195
71.041 70.8275
70.0165 70.263
70.763 69.722
71.4135 70.5745
71.094 69.88
71.294 70.123
70.819 70.026
70.7835 70.517
71.0425 71.1
70.962 70.7345
70.739 70.819
70.274 70.904
69.3065 69.6615
69.458 70.0125
69.413 70.1235
69.669 70.2945
68.421 69.492
68.989 69.3885
69.259 69.6965
69.075 69.9525
69.364 69.893
69.655 69.988
69.701 70.18
69.918 70.524
69.8745 69.6285
70.814 69.573
71.29 69.92
72.08 70.023
71.603 69.934
70.3025 69.0435
70.8405 69.0585
70.6465 69.618
70.0645 69.3475
69.5725 69.3555
68.972 69.465
68.913 69.29
69.3255 68.882
69.7205 69.659
70.3015 69.736
70.077 69.909
70.0435 70.051
69.7845 69.9505
70.415 69.981
70.4425 70.4615
69.881 70.6345
69.937 71.1675
70.215 71.0785
70.555 71.6555
71.082 72.413
70.4605 72.061
70.9955 72.4065
70.154 72.04
70.8555 71.6675
70.7905 72.662
70.1015 71.996
70.19 71.263
70.1935 70.5845
69.3405 70.4835
69.651 70.5195
68.7545 70.8695
69.2815 71.183
69.6705 71.3375
69.6375 70.732
70.2735 70.9685
70.706 70.891
70.4415 71.4865
70.4545 71.129
70.065 70.9115
70.231 70.994
70.915 71.6545
70.468 72.019
70.373 71.959
70.586 72.0225
70.491 72.1985
70.651 71.9745
69.361 71.3815
69.8065 71.43
69.776 71.5585
69.7705 71.2835
69.9445 70.7205
70.3655 70.5085
70.8695 71.1515
71.074 71.161
71.0735 71.4455
70.8245 71.4975
70.6415 71.1695
70.5245 71.6755
70.35 71.3785
70.349 72.2365
70.628 72.5175
71.384 72.9125
71.8365 73.0715
71.111 72.081
71.504 72.219
71.215 72.193
70.9075 72.187
69.23 70.675
69.844 71.1185
69.1905 70.0445
69.4215 69.7295
69.491 70.0155
69.836 70.1845
70.0095 70.146
70.141 70.118
69.883 69.8425
68.966 70.498
69.3325 71.0575
70.319 70.954
69.6805 70.9695
68.4865 69.592
68.579 69.3805
68.0445 69.688
68.333 69.0255
68.527 69.297
68.382 68.14
67.8095 68.416
67.553 67.8465
68.461 68.374
68.81 69.1195
68.847 69.245
69.196 69.368
68.732 68.4395
68.287 68.1915
68.114 68.603
68.429 69.0135
68.6585 69.279
69.7925 70.039
69.3945 69.9045
70.392 69.678
70.545 70.3075
70.7685 70.5495
70.7115 70.693
71.31 70.3815
70.9425 70.6505
70.959 71.166
71.214 71.903
71.2305 72.0515
70.3085 72.911
70.307 72.784
71.577 72.7745
72.4285 72.15
72.036 73.1845
72.1005 73.4835
72.731 74.2265
73.139 74.335
73.2625 73.7725
73.3105 73.5395
73.481 73.18
72.84 73.2515
73.007 73.713
72.737 72.99
72.3075 73.3925
72.249 73.8695
73.2805 73.801
73.4655 74.2955
74.6515 74.8185
74.307 74.759
74.416 74.1605
74.0815 74.1145
73.835 74.5715
74.4055 74.8465
74.3835 74.4775
73.8465 74.2285
73.8275 74.3445
74.0625 75.0825
74.0605 75.1055
74.547 74.642
75.1025 74.9095
74.857 75.1105
75.5825 75.5655
75.9995 76.086
75.815 76.582
76.0315 76.2365
76.5095 75.9795
76.5105 75.4145
76.5495 76.0035
75.936 76.1665
75.982 76.907
76.3685 77.6105
77.1775 77.7855
78.2435 78.132
78.3605 78.455
78.541 78.053
77.7485 76.875
77.663 77.335
77.336 77.0225
76.774 77.5745
77.068 77.796
77.2085 77.6615
78.1255 78.5145
78.142 78.133
78.4625 78.703
77.4145 77.367
77.0435 77.555
76.864 77.6315
76.443 77.535
76.0345 76.5725
76.0405 77.0815
76.2595 77.13
75.848 77.386
75.214 77.244
75.2745 76.8015
75.229 76.7345
76.076 76.4965
76.84 76.6495
77.0255 77.336
76.857 77.743
77.2645 77.64
77.956 77.287
78.175 76.981
78.6675 76.7575
77.8655 76.3425
77.876 77.0555
77.868 77.107
77.623 77.3225
77.9075 77.707
77.7515 78.1515
77.5185 77.8485
77.8565 77.572
77.837 77.648
77.997 77.7095
78.0185 78.141
78.3985 78.505
78.592 79.2555
79.301 79.13
79.65 79.787
79.5115 79.691
79.17 79.8245
80.1785 78.983
80.301 79.1435
80.264 80.503
80.8295 80.019
79.635 79.2355
79.8955 80.1965
80.1595 81.2125
80.6505 80.9175
80.4575 80.0395
81.0485 80.842
81.542 81.012
81.103 79.9525
82.0185 80.3825
81.652 80.429
81.6325 81.084
81.3605 82.031
81.2955 82.474
81.6545 83.2865
82.397 83.4205
83.4085 83.8265
83.1365 83.286
83.166 83.579
82.984 83.719
83.4495 83.9835
83.348 83.3995
84.307 83.338
84.9795 84.0605
85.5165 83.651
85.0845 83.4425
85.124 83.3595
84.719 83.7415
84.71 83.8485
84.7195 83.7855
85.176 84.0155
84.877 83.4715
85.1975 83.8495
85.041 84.018
85.096 84.5985
85.4255 84.9305
85.966 84.704
86.1565 84.5815
85.8005 84.475
85.83 84.2425
86.089 84.9385
86.087 84.844
85.851 84.4925
86.111 84.7745
85.47 85.149
86.0255 84.9865
86.052 84.6875
85.8815 84.5545
86.059 84.1825
85.4235 84.8775
85.8015 84.915
85.4435 84.854
85.5435 84.617
85.071 84.9025
85.4055 84.746
85.4115 85.022
84.981 84.7515
85.5055 84.7755
85.2255 85.327
84.725 85.4355
83.4415 84.415
84.3885 84.117
83.606 83.335
84.371 83.0865
84.096 82.6255
83.904 83.0025
84.302 83.223
84.192 83.725
83.2465 83.943
83.6665 84.304
83.6855 83.965
84.2055 84.2555
82.901 82.8785
83.0315 83.138
83.9025 83.295
83.246 84.5285
83.2375 84.122
83.3625 84.2265
83.519 84.077
84.0725 84.7845
84.7635 84.7015
84.625 85.0975
85.01 85.2535
85.1835 85.821
85.188 86.225
84.9465 86.0185
85.717 85.876
86.3675 85.983
86.3415 86.3325
86.952 86.676
86.413 86.7015
85.4595 85.9295
85.9555 86.02
86.6475 86.3165
85.9695 86.801
85.095 85.569
84.4555 85.102
84.4595 84.006
83.75 82.715
83.653 82.414
83.779 82.5665
84.306 82.841
84.9895 83.7885
84.825 83.719
84.8795 83.355
84.057 82.187
84.015 82.3255
82.3855 81.431
82.3275 81.5285
82.8 81.41
83.197 81.807
82.792 81.8955
81.527 82.1645
80.733 82.0405
80.987 82.4835
80.5455 82.2365
80.583 81.767
81.037 81.953
81.473 81.3825
81.234 81.022
81.6265 80.942
81.6285 80.8595
81.8865 80.6855
82.5165 80.468
82.88 80.7865
82.8625 80.683
83.174 81.407
83.4805 81.4165
83.6105 80.8115
83.3685 81.3985
81.6655 81.061
81.0195 81.645
81.8025 81.544
81.3205 81.367
81.277 82.291
81.4215 82.552
81.2725 81.852
81.014 81.418
81.064 81.023
80.8865 80.778
80.937 81.1935
79.7575 79.6405
79.3585 79.9995
79.5845 80.5925
79.7075 81.2735
79.7065 81.611
79.9965 80.5565
79.555 80.232
79.5445 79.9705
79.855 79.8615
78.6555 78.8635
78.9045 79.2535
78.99 78.9615
79.537 79.2685
79.069 78.695
79.4695 77.8565
78.9505 77.9545
78.9665 78.0935
78.8535 78.277
78.5735 78.8225
78.2725 78.816
78.9735 78.502
79.4985 77.3255
80.019 77.909
80.0285 78.253
80.339 78.1925
80.2075 78.544
80.424 79.039
80.611 79.469
81.251 78.9235
81.2085 78.637
81.2725 78.515
80.6355 78.454
79.707 78.0885
79.165 78.032
79.0025 77.712
79.618 78.4805
79.3175 78.6515
78.9205 78.8835
79.299 78.987
79.0345 79.106
78.3465 78.6245
78.448 79.7
78.647 79.598
79.2505 78.8795
79.634 78.028
78.832 78.0205
79.306 78.493
79.8535 78.985
80.413 79.079
80.4175 79.333
81.008 79.356
80.8085 79.1695
80.3515 78.9785
80.578 79.3575
80.9915 79.81
80.239 79.746
80.0285 79.06
80.036 79.6175
79.93 79.915
80.564 79.3375
80.842 79.141
81.03 79.011
80.989 79.5465
81.002 79.6445
80.3605 79.3705
80.72 79.898
80.8215 79.9665
80.679 80.3265
79.9135 80.1545
80.043 80.36
80.1265 80.2215
80.819 79.409
80.757 79.5085
80.3685 79.5645
80.459 79.8345
79.748 79.957
80.144 79.5075
80.43 79.606
81.226 79.724
80.97 79.34
81.5025 79.212
81.516 79.7865
80.9695 79.703
81.3445 80.687
81.2225 80.794
80.0955 80.5465
80.5495 79.9225
81.062 79.971
80.9585 80.073
81.0355 80.39
80.5345 80.8405
80.5765 81.1545
79.168 78.8675
79.3025 78.399
79.64 78.8975
79.6625 80.0955
80.437 80.361
81.2275 80.766
81.3365 81.0945
81.044 81.3365
81.162 82.4615
82.0785 83.152
82.6235 83.475
82.795 84.188
83.0465 84.542
83.26 84.187
83.79 83.5415
83.94 83.7385
82.7355 83.488
82.6205 83.5895
82.9185 83.1545
82.6975 83.4735
83.4545 85.026
83.6185 85.456
84.85 85.861
85.4725 86.4635
86.35 86.145
85.959 86.4845
85.526 85.809
85.6135 86.235
85.966 86.323
86.425 86.1495
86.2835 86.465
86.7405 86.086
86.6715 85.9255
87.11 85.6945
87.235 85.158
87.529 86.3175
88.37 87.337
88.141 87.2735
88.185 87.483
87.902 87.8935
88.4635 87.714
88.268 86.71
88.673 86.4525
88.628 85.8395
88.704 86.369
89.145 86.8535
88.598 87.0315
88.0585 88.0605
88.103 88.561
88.4785 88.645
87.731 86.973
88.1845 86.672
87.914 86.4845
87.589 87.1185
88.31 87.6325
88.355 87.709
87.7215 87.2495
87.7635 87.7525
88.0425 87.9015
88.0705 88.181
87.5515 88.9485
88.103 89.2885
87.993 89.331
87.2395 88.798
87.4295 88.573
87.4845 87.718
86.913 87.2315
87.4935 87.934
88.182 88.7625
88.839 88.7575
89.377 88.8415
89.4165 89.141
89.755 89.5875
90.3715 90.439
90.925 90.339
90.475 90.162
90.3745 89.9125
90.6085 89.4745
89.7335 88.849
88.7785 87.9325
87.2195 86.7
87.1985 86.9115
87.7795 87.3235
87.9985 87.705
87.785 87.8725
87.362 88.427
88.109 88.755
88.3035 88.965
88.372 89.469
87.2945 87.7795
87.579 88.188
87.5785 88.277
87.014 89.272
86.1195 87.9525
87.2985 87.3445
87.2725 86.4595
87.6545 86.2875
87.956 86.485
87.5525 86.7385
87.155 87.1065
85.754 86.2225
84.7705 85.201
84.7675 85.1645
84.7815 85.7385
85.2235 85.8695
85.053 86.152
84.313 84.945
84.1065 84.7935
84.234 85.1045
84.27 84.692
84.977 84.683
83.8215 83.852
84.027 83.9115
84.7755 83.464
84.5405 83.997
84.6105 84.0055
84.466 84.2005
84.7995 84.4975
84.7805 84.8115
84.663 85.177
84.867 84.325
85.5625 85.0165
86.4935 85.2075
86.73 85.3955
86.2435 85.976
86.798 86.0485
86.885 85.958
86.35 85.79
86.032 85.137
86.0495 84.529
85.977 85.231
86.4845 85.5815
86.7805 85.5795
86.955 85.478
86.9045 85.9885
87.3165 86.335
87.723 86.634
87.35 86.6735
87.482 86.805
87.014 87.1895
86.6895 87.2525
87.152 87.8485
87.0945 88.2135
87.336 87.7365
87.3145 87.9225
88.041 88.328
88.6695 88.281
89.0625 88.619
89.342 88.679
90.062 88.2635
89.8595 87.9915
90.016 88.566
89.8665 88.8975
87.998 88.2565
85.6055 85.7335
84.9805 84.9895
84.35 84.2225
84.392 84.723
84.871 85.4095
85.104 85.2755
85.2275 85.7565
84.28 85.4525
84.587 85.92
84.9755 86.5775
85.701 86.5655
84.575 86.2605
84.83 85.6755
84.541 85.4655
84.5765 85.519
84.9225 85.3035
84.2575 85.1885
84.6485 84.936
85.148 85.442
84.9185 86.06
85.571 85.9495
83.9165 84.209
84.823 84.732
84.692 85.188
85.488 85.435
85.157 85.7855
85.6955 86.573
85.217 86.135
86.1875 86.5365
85.9035 84.9305
85.6475 85.259
84.711 85.374
85.096 85.142
85.852 85.1845
86.172 85.2965
85.846 86.022
85.749 86.7265
85.9015 86.6025
85.981 86.259
86.986 86.907
87.3605 86.682
87.2025 86.236
86.9065 86.948
87.456 86.983
87.6175 87.0405
87.3215 85.665
87.9045 85.5435
87.45 84.7985
87.4265 84.161
86.123 83.645
86.22 83.7785
85.986 83.943
86.618 84.467
86.024 85.138
85.7645 85.1415
85.41 85.645
85.5725 86.029
86.264 85.462
85.8375 85.592
85.637 86.5095
85.112 86.4975
85.922 86.632
86.2445 86.914
85.854 87.5135
85.553 87.175
85.369 86.7365
85.8205 87.1675
85.6315 87.2565
86.215 87.176
85.9865 87.1995
86.2355 87.739
85.7245 86.9915
85.755 86.7405
86.1505 86.9725
85.7505 86.608
86.171 86.377
86.9145 85.784
87.044 85.8535
87.8125 85.596
88.327 85.848
88.477 85.98
88.176 86.2285
88.255 86.8135
88.461 87.1275
87.674 87.183
88.118 87.651
87.271 86.619
87.3275 86.582
87.2865 87.2765
87.8685 87.998
88.0285 88.3705
88.442 87.934
86.825 86.5905
86.8395 86.881
86.6765 87.7235
86.302 87.431
85.592 86.147
85.689 87.196
85.051 85.4255
85.1275 84.7935
85.3765 84.455
85.298 84.953
85.1425 84.491
84.5825 84.7155
83.7635 83.9515
85.0025 84.4765
85.415 85.138
86.105 84.829
86.525 85.567
85.865 85.8035
85.825 85.8835
86.4025 85.771
85.133 85.078
83.842 83.1
84.4055 83.669
85.193 84.118
85.765 84.2155
85.658 83.761
84.979 84.1495
84.9835 84.9765
84.4665 84.575
84.1285 84.4575
84.25 83.8485
84.2665 84.3195
84.9575 84.5785
84.8255 85.156
84.413 83.639
84.628 83.4705
84.447 82.6065
84.4725 83.055
83.9705 82.896
85.011 83.0275
84.2795 83.0965
83.919 83.8735
83.499 83.629
83.49 83.615
83.123 83.97
83.3005 84.239
82.978 84.608
82.9005 84.725
83.4535 84.789
84.3405 85.218
84.768 85.075
84.7655 85.3535
84.3865 85.379
83.7765 85.591
84.364 84.7195
84.0965 84.399
84.6305 84.8555
83.8085 84.1545
83.555 84.5865
83.4765 84.3695
81.892 82.6555
81.9905 82.9275
82.189 82.734
82.2105 82.622
82.097 82.2275
81.6335 81.921
80.662 81.8425
80.3165 81.572
80.3775 81.4915
80.5605 80.961
80.962 81.091
81.0365 81.054
80.268 80.3495
80.737 80.1765
81.211 80.2195
80.8845 81.023
81.3485 81.6535
81.423 81.2265
81.5255 81.7495
82.178 81.6
82.516 81.7385
82.66 82.2615
82.657 81.647
82.9825 82.6275
82.9445 82.465
82.1095 81.403
82.048 81.5325
80.765 81.1605
79.4715 80.059
79.0025 79.5155
79.25 79.454
79.9385 79.2295
80.0525 79.2625
79.777 79.467
79.121 79.611
79.682 79.446
80.205 79.394
80.375 80.0445
80.9435 80.784
80.5625 81.692
80.053 80.6825
79.119 79.6615
78.9525 80.399
77.9245 80.0545
77.0385 79.5
77.6655 79.6955
77.7155 79.0985
78.1385 78.9415
78.1535 79.2945
77.7125 78.086
76.5115 78.9285
76.6975 79.6325
77.293 78.7525
77.2595 79.003
77.387 79.184
77.062 79.238
78.0015 78.9265
78.024 78.902
78.5035 78.4105
77.815 77.7175
77.065 77.3595
76.361 77.365
75.9205 76.008
75.9845 76.1535
76.1155 76.2125
76.54 75.3835
75.7015 75.4275
75.175 74.3075
74.9625 74.41
74.833 74.3565
75.169 74.5085
75.119 74.9785
74.9875 75.709
75.1585 76.025
74.9285 76.5545
75.1075 76.9525
74.3865 75.7475
73.953 75.509
73.7335 75.652
73.943 75.264
73.725 74.7015
73.8305 74.2095
72.9705 74.352
73.0975 73.5595
73.641 73.8975
74.0135 73.666
73.709 73.8875
73.8895 73.9355
73.7335 74.8125
73.1855 74.4575
72.7875 74.492
72.9265 74.544
73.1515 74.4255
72.6625 74.445
72.708 74.58
72.5235 75.245
73.2865 75.35
73.748 74.806
74.319 74.3505
74.4625 73.9165
74.67 74.074
74.3515 74.735
74.185 74.539
74.457 75.0105
74.111 74.951
74.259 74.6185
74.557 74.9205
75.1075 74.4805
75.002 74.399
75.5185 74.8715
75.9625 74.809
74.5225 73.8005
74.8475 74.2115
73.29 73.6555
73.5955 73.342
73.656 73.9955
72.866 74.2325
72.4265 73.243
71.718 71.9755
71.483 71.8585
71.512 71.861
69.931 71.239
69.856 70.867
70.148 71.102
69.226 69.7245
69.293 69.862
69.5855 69.457
69.523 69.9455
69.4025 70.1665
70.0455 69.884
69.9445 70.3255
69.633 70.053
69.993 70.6415
70.315 70.8
70.469 70.5905
71.145 70.7375
70.9915 70.9015
71.7155 71.0705
71.37 70.7625
71.421 71.2485
71.101 70.6575
70.111 70.304
70.424 69.5
70.435 70.0015
71.564 69.93
71.7085 69.679
72.285 69.92
72.1425 69.5015
71.7075 69.465
72.0655 70.082
71.587 69.782
71.394 69.7445
71.0825 69.9765
71.096 71.133
71.663 71.371
70.9725 70.029
70.689 69.906
70.8325 70.022
70.4725 70.4035
70.691 70.9745
71.4945 70.927
71.1075 70.822
70.9905 71.0555
72.203 70.7865
72.025 71.3835
72.154 71.95
73.3245 72.381
73.408 72.746
73.254 72.794
73.351 73.499
73.3475 73.0975
73.8025 72.903
73.574 72.7505
74.2395 73.218
73.6985 73.9205
73.2415 74.4555
73.89 74.056
74.998 73.9225
74.6065 73.18
75.132 73.041
75.36 72.8535
75.994 73.0785
76.5295 74.314
76.624 74.224
76.574 74.5065
76.984 74.3705
76.9785 75.1545
77.2135 75.38
77.0435 75.5895
76.1945 75.755
75.964 75.4055
76.585 75.304
76.742 75.558
76.1495 76.0055
76.707 75.9045
76.631 76.1815
75.771 74.874
76.7305 74.936
76.847 75.199
76.461 74.309
76.4035 74.392
76.31 75.07
75.7465 75.428
76.3255 75.3015
76.464 76.1335
77.186 75.887
77.638 76.013
77.139 75.668
76.178 74.7055
77.017 75.2765
76.7405 75.365
76.431 76.415
76.251 75.8865
77.0225 76.2565
77.474 76.056
77.3885 76.239
74.984 74.8785
74.344 74.1925
74.0915 74.646
74.452 74.974
74.159 75.2575
74.242 75.2515
73.6455 73.6035
73.497 73.4995
73.696 73.799
74.3505 73.9455
74.3145 73.695
72.7825 72.7705
72.7335 72.097
71.207 71.627
71.206 71.9135
72.7735 72.398
73.8835 72.036
74.4585 72.4115
73.6805 72.633
73.496 71.972
73.368 72.126
73.1705 71.9275
72.967 72.7445
74.005 73.1085
74.5215 73.269
75.3635 73.11
75.3115 74.245
75.616 74.047
74.742 71.744
74.934 71.301
74.139 72.4855
73.175 72.935
73.33 72.759
74.0065 72.9585
72.9085 72.251
72.809 72.6245
73.5455 72.531
73.056 72.269
73.748 73.116
74.4315 73.022
74.324 72.8725
74.358 73.363
74.0155 73.46
73.8035 73.462
73.9365 73.9495
74.3625 73.785
74.49 74.8595
74.5085 74.67
75.202 75.086
74.828 75.3055
74.925 75.913
75.5405 75.403
75.763 75.661
76.353 75.717
76.47 75.509
76.2365 75.9965
76.3255 76.469
76.0385 76.008
76.305 76.1165
76.3025 75.9475
76.5835 75.853
76.8055 76.435
76.349 76.718
76.1945 77.3455
75.712 77.408
77.024 77.311
77.257 77.3445
76.7315 77.0615
76.802 77.714
76.1185 76.64
77.038 77.303
77.575 77.8435
77.156 78.008
77.0785 78.033
77.4565 77.251
77.9855 77.823
78.4535 78.395
77.56 77.1005
77.293 77.3645
77.764 77.3155
78.2415 77.9225
78.5155 78.722
79.3865 78.9825
79.079 79.277
79.2095 77.848
78.941 78.3005
78.891 77.905
79.371 78.047
80.0335 77.463
79.516 78.623
79.2665 78.257
78.2835 77.334
77.852 77.0455
77.7235 76.7695
77.654 76.879
77.714 77.2015
77.535 77.5575
78.128 78.444
79.0865 78.211
79.697 78.859
79.111 78.2615
79.025 78.758
78.467 78.634
78.1925 78.6775
78.9975 79.0505
78.8395 79.071
78.6085 79.123
78.06 79.6445
78.395 80.646
79.6905 79.3025
79.311 79.459
79.0075 79.34
79.545 78.984
79.4635 79.4405
79.6145 80.483
79.8815 80.812
79.644 79.9565
79.035 79.4635
79.2425 79.8795
79.195 79.6225
79.648 79.699
80.0465 80.204
80.5555 79.6855
80.186 80.268
80.19 80.435
80.476 80.597
80.4155 80.436
80.4975 80.8755
80.134 80.8915
80.3485 80.7905
80.2425 80.308
81.063 80.5315
81.373 81.187
82.0465 81.9045
81.4135 81.4885
81.445 82.0805
81.9175 81.797
82.248 82.18
82.402 82.7605
82.4235 83.1015
81.071 81.513
81.3015 81.4995
81.185 82.0025
80.287 80.943
79.381 80.2585
80.032 81.0255
79.971 80.9665
81.205 80.6325
79.6755 80.42
79.6765 80.2885
79.8695 81.169
80.7365 81.905
81.258 81.8995
81.1545 81.96
81.1505 81.91
81.233 82.238
81.212 82.399
81.7075 82.0705
81.8055 81.828
81.5245 82.585
81.6925 82.049
82.078 82.4355
81.575 81.0345
81.856 81.247
81.469 81.119
81.5905 80.416
81.4205 80.854
81.3855 81.082
80.9535 80.9925
81.2345 81.343
80.227 81.219
80.9505 80.907
81.623 81.0555
81.428 81.683
81.8805 81.6845
81.24 81.9505
81.9305 81.915
81.933 81.5975
82.713 81.574
83.7555 81.377
83.6035 81.303
83.4425 81.2545
83.2575 81.6235
83.11 81.94
83.1115 81.4815
84.3805 81.87
84.655 81.4885
84.3155 81.594
83.7035 81.9875
83.775 81.388
83.466 81.604
83.8555 80.487
83.1895 80.607
82.8715 80.9335
82.6985 81.104
83.0735 81.4755
83.551 81.9835
83.178 81.7195
83.3865 81.658
82.8375 81.28
82.1205 81.221
82.3435 80.6305
80.985 79.5205
80.677 80.548
80.552 80.803
81.315 81.138
81.924 82.0075
82.023 81.888
82.3935 82.2485
82.1005 81.787
81.9385 81.9915
82.4595 81.592
83.443 81.721
82.6365 81.9465
82.665 82.4555
83.1325 82.013
81.9005 81.697
82.15 81.4485
82.19 81.699
81.7525 82.549
81.7295 82.2425
82.053 81.6945
81.8615 82.088
82.417 82.362
82.255 82.1585
82.2615 81.73
82.4075 82.0285
82.2575 82.362
82.504 82.819
82.6385 83.0965
82.3895 83.04
82.429 83.1435
82.6335 82.4595
83.1255 82.24
83.6135 82.7125
83.7695 82.72
83.15 83.0325
82.9875 82.2425
82.235 81.983
82.0885 81.4615
82.5815 82.5055
83.303 82.9485
83.1955 83.2415
83.6275 82.977
83.9115 82.3615
83.461 82.868
83.808 83.145
84.286 83.4065
83.836 83.869
82.4165 81.7075
82.965 81.587
83.469 81.7765
81.455 80.6515
81.6115 80.7815
82.4045 80.787
82.3365 81.3395
82.039 81.3755
81.8425 81.389
81.7915 81.5475
82.225 81.424
81.6465 81.2685
81.843 82.434
79.8675 79.1845
79.3735 79.2875
78.513 78.1675
77.564 78.516
75.257 76.475
75.4295 76.7525
75.306 76.548
75.5705 75.5695
75.121 75.32
75.829 75.116
75.084 74.995
74.865 75.694
72.909 73.5145
72.631 73.1175
72.88 73.117
72.9215 72.9645
71.977 71.994
73.0175 72.488
73.164 72.4315
73.2525 72.919
73.424 73.188
74.286 73.4665
73.9685 73.2765
74.846 73.161
75.037 73.4015
74.222 73.5785
74.399 73.4025
74.9185 73.339
74.6705 73.242
74.6585 73.181
74.4145 73.9075
74.8065 73.9605
74.4105 73.423
74.1725 73.4635
74.4725 74.4625
73.8195 74.1335
73.8105 74.37
73.981 74.9155
74.0905 74.706
73.748 74.845
73.949 75.479
74.59 75.2215
74.2865 74.8145
74.5845 74.242
73.9555 73.5025
73.5705 73.304
74.0155 73.3815
74.5415 73.228
74.5405 72.727
74.0445 72.503
73.836 72.911
74.0315 73.9845
74.309 74.2495
74.72 74.4965
74.291 74.4145
74.504 74.039
74.253 74.5035
74.0895 74.377
74.924 74.67
75.177 74.9215
75.6955 75.7715
75.5255 75.543
75.4095 76.101
75.4035 75.673
75.8735 76.3865
76.2625 75.7855
75.8715 75.981
75.6745 75.8495
75.656 75.6085
76.1945 75.7675
75.789 75.867
76.269 76.7855
75.9585 76.672
76.844 76.9225
76.817 76.8845
76.5855 77.351
77.4875 77.062
77.6245 78.328
77.956 78.3605
78.1655 78.4155
77.87 79.1755
77.7715 79.332
77.5345 79.2815
77.777 78.9055
77.4575 79.5505
77.337 78.5775
77.9565 78.1295
76.1445 76.279
75.4 75.9645
75.867 75.1275
76.183 74.3025
76.6755 75.453
76.702 75.8395
76.1345 74.488
76.3505 75.2235
76.616 74.8585
76.573 74.9345
76.4875 75.641
75.899 75.098
76.2015 75.44
76.646 74.888
76.851 75.312
76.5785 75.33
76.641 75.2505
76.202 75.2165
76.0335 75.3805
75.3765 75.043
74.725 74.957
74.936 75.241
74.1885 74.483
74.161 74.3755
73.51 73.1855
73.271 73.1135
73.5695 72.9015
73.929 72.8315
74.128 72.3115
74.361 72.131
74.397 73.223
74.212 72.431
74.5905 73.291
75.253 73.4835
74.838 73.3435
75.0455 72.9385
75.002 73.8085
74.4105 73.773
73.8905 74.1125
74.652 74.125
74.57 74.1555
74.7945 74.3685
74.689 75.2465
74.7415 75.4135
74.6935 75.6545
74.374 76.4565
75.274 76.806
75.9395 76.778
76.147 77.01
76.243 77.572
75.711 77.321
76.234 77.459
75.682 75.968
75.482 75.2825
73.865 73.821
73.874 74.284
74.482 74.0905
74.945 74.4335
74.293 75.1785
74.8015 74.7555
74.7945 74.589
75.0185 74.9355
75.1785 74.6675
75.1555 75.1435
74.851 75.8225
75.419 75.847
74.6195 75.133
74.3425 75.162
74.855 74.5695
75.405 74.2
74.986 74.2465
75.188 75.6515
74.945 76.084
75.334 76.4735
75.16 75.541
75.036 75.4605
73.637 74.7825
72.964 74.635
73.1545 74.038
72.7365 74.526
72.912 74.627
72.5835 74.4165
72.824 74.008
72.819 73.3905
72.7565 73.458
72.744 73.518
73.3245 73.763
74.147 73.8955
72.549 73.324
72.519 72.785
73.436 72.5995
73.004 73.3235
72.302 73.1115
72.02 73.1855
72.7205 72.988
73.3635 72.2445
73.653 72.384
73.5415 72.674
74.3295 73.3375
74.1265 72.8295
74.489 72.9915
74.421 73.9165
74.73 73.7535
75.139 74.997
75.419 76.2795
75.8555 76.389
76.061 75.762
75.4425 75.04
75.9135 75.088
76.2025 74.724
76.2785 74.9915
75.5815 74.9645
75.939 75.389
75.5055 75.04
75.5465 74.131
75.5275 74.726
76.3365 75.211
76.8605 76.1635
76.0125 76.051
76.7085 76.432
76.17 76.1105
75.8115 75.931
76.0485 75.417
76.0045 75.5425
75.9405 75.613
75.94 76.214
75.8965 75.8195
75.713 76.088
75.4565 75.8095
75.8585 76.4085
75.3425 76.419
75.309 76.2715
75.9655 76.2165
75.147 75.9825
74.858 75.745
75.003 75.286
75.5425 75.6555
75.6685 75.7625
75.8315 76.1485
76.648 76.01
76.535 75.555
76.4805 76.1195
76.3715 75.414
75.2125 75.0025
75.7025 75.37
75.45 75.218
75.762 74.966
75.802 74.705
75.144 73.6565
75.125 74.791
75.139 75.1155
74.62 75.284
74.5475 73.973
75.06 74.013
75.3595 73.6365
75.6965 73.298
75.979 73.4975
75.497 73.376
75.3015 73.4085
75.493 73.4665
75.1275 74.2055
74.6175 74.062
74.903 74.4155
74.5735 74.282
74.19 73.705
75.562 73.9345
75.058 74.2385
75.448 74.201
75.4965 75.0555
75.392 75.2855
74.89 74.702
74.39 73.8255
74.128 73.465
74.2405 73.3
74.38 73.599
75.378 73.956
74.4165 73.135
73.86 72.868
72.492 71.848
72.951 71.922
73.173 71.945
72.8285 70.9215
73.2635 70.833
73.7055 70.533
73.5155 71.0365
73.192 71.6245
72.7015 71.751
72.833 71.3275
72.6885 71.28
72.293 71.2655
72.2825 71.2655
71.69 71.425
71.656 71.0945
72.587 71.6645
72.231 72.2985
72.738 71.2505
72.9955 71.4425
73.197 71.4595
72.851 70.8285
73.461 71.669
73.8225 71.9675
73.4575 72.3545
73.552 72.6605
73.7265 72.7565
73.8685 72.3995
73.5385 72.668
72.9825 72.2355
73.8655 71.506
72.927 71.1565
72.979 71.119
73.257 70.9375
74.0785 70.917
73.3905 71.2895
72.1875 69.736
71.3675 70.1125
71.399 70.408
71.8635 70.7255
71.7485 70.6215
71.4935 70.498
71.525 70.1775
71.709 70.144
71.432 70.0655
70.6855 69.9065
71.285 69.371
71.2675 69.6495
71.194 69.872
71.3415 69.457
70.385 69.7405
70.596 70.396
70.9445 70.0245
71.416 70.5155
71.1905 70.437
70.9005 70.489
70.384 69.328
70.373 69.8325
70.6805 70.027
69.4555 69.6325
68.9255 69.734
68.437 68.7985
68.1985 69.024
68.496 68.859
68.724 68.5535
69.696 68.846
69.4655 68.8315
68.8915 69.54
69.239 69.027
69.324 69.3275
69.834 69.255
69.367 69.957
69.193 69.8495
69.447 70.36
69.8645 70.1365
70.02 69.0705
71.1585 69.048
71.166 69.7215
71.436 69.9575
71.1265 70.371
71.4315 70.434
71.3545 71.258
71.281 71.521
70.7575 72.0475
71.071 71.8855
71.239 71.0115
71.943 70.758
72.053 70.9035
72.5865 71.2625
71.8425 71.2515
71.7565 71.388
71.967 71.003
72.4155 71.0265
72.041 71.513
71.4855 72.025
71.8035 72.422
71.637 72.0955
71.422 72.3185
71.5955 71.8325
71.0525 71.4315
70.9285 71.5735
71.7785 72.405
72.1895 72.095
71.524 72.1
71.485 72.8575
71.5255 73.2125
72.2565 73.4765
72.9345 73.4745
72.4375 72.76
72.35 73.2355
72.153 73.297
70.701 72.4825
71.0135 72.6935
70.382 71.3195
70.9665 71.8495
71.23 72.431
71.382 72.3175
70.5365 72.1405
70.8355 72.2205
70.5395 71.9065
71.4205 72.3135
71.3475 72.035
70.747 72
71.3035 71.8965
72.1455 72.3985
71.971 72.716
72.711 73.059
71.3865 71.858
71.993 72.4445
71.9055 71.688
72.296 72.2245
72.8785 71.921
72.79 71.564
73.4535 71.4235
73.3625 71.626
72.087 70.526
69.778 68.061
69.463 68.789
68.895 69.0715
69.3095 69.6935
68.8455 70.102
69.3665 69.8485
70.1975 70.262
70.069 71.2335
69.616 72.217
69.6385 72.302
70.1215 72.812
69.961 72.1275
69.7755 71.6195
69.9245 72.181
70.4865 72.4275
71.4315 72.2155
71.9585 72.481
71.4835 72.511
71.7545 72.487
70.64 72.648
70.937 72.6905
71.027 72.698
71.1915 72.356
72.037 71.9695
71.454 71.396
71.1245 72.087
71.394 71.7005
71.368 70.6515
71.455 70.313
72.1315 70.2315
71.4975 69.9515
71.478 69.653
71.4955 69.5005
71.189 68.768
71.589 69.9495
71.167 70.183
70.7815 70.125
69.9425 70.6635
70.8045 70.973
70.78 71.025
71.6885 70.688
72.457 70.8645
72.809 70.927
72.6485 70.92
72.426 71.638
71.763 71.9885
71.9915 72.1195
71.581 72.2405
70.999 71.934
71.5335 71.7945
71.644 71.6205
72.051 71.429
71.444 71.7465
71.1995 71.4125
71.357 72.104
71.076 71.3805
70.8145 71.418
71.2785 71.6215
70.6055 70.339
71.1985 70.327
71.1295 70.6145
71.309 71.096
72.1595 71.509
72.378 71.9545
72.555 71.9585
72.885 72.437
72.753 73.5985
72.602 73.7565
72.97 72.997
72.548 73.612
73.322 73.9675
72.828 74.7125
73.726 75.412
72.818 74.073
72.7605 73.516
73.1 74.2135
73.5485 73.7015
73.166 74.0245
71.989 72.493
72.155 71.976
72.591 72.2505
72.5655 72.2515
72.93 72.2825
72.7815 72.603
72.5805 73.119
72.822 73.4635
71.7695 72.679
72.115 72.971
72.5475 73.004
73.1115 72.771
72.688 72.481
72.5985 72.1665
73.031 71.2895
73.0495 71.3245
72.5315 71.82
73.3425 71.846
73.197 71.6345
73.0155 71.8675
74.1035 72.527
74.009 72.082
73.9375 71.609
74.1185 71.678
73.7165 71.554
73.6705 72.787
72.881 73.6545
73.2715 73.6325
73.956 73.2225
73.155 72.64
73.5375 72.225
71.8385 71.908
71.6465 72.1995
72.018 72.157
72.313 72.253
71.8635 73.992
72.2575 73.9775
72.062 74.284
72.7225 74.377
72.2325 73.763
72.0655 73.2605
71.7015 72.9885
71.849 72.8525
71.651 73.72
71.6235 72.8765
71.6065 72.7445
