// Initial random seed:
1500229668840

// RunInitializeCallbacks():
initializeMutationRate(1e-05);
initializeMutationType(1, 0.5, "s", "if (runif(1) < 0.5) -1; else 1;");
initializeGenomicElementType(1, m1, 1);
initializeGenomicElement(g1, 0, 999);
initializeRecombinationRate(0.001);

// Starting run at generation <start>:
1 

DATA:
200
-0.203 1.248
1.42 0.761
4.12 -0.282
5.612 -0.057
6.093 -1.75
6.768 -3.002
6.281 -5.446
6.095 -6.814
8.031 -9.839
8.849 -10.062
9.271 -9.606
9.082 -9.108
8.871 -8.416
9.896 -9.672
8.958 -10.699
10.784 -10.114
11.989 -8.312
9.977 -8.998
12.633 -9.601
11.955 -10.595
10.133 -10.281
10.883 -10.651
9.675 -7.801
11.944 -8.941
9.535 -10.292
8.674 -9.453
9.716 -8.52
9.221 -8.469
11.141 -8.666
10.885 -10.481
11.485 -9.425
12.625 -9.014
11.283 -11.321
11.579 -9.479
9.679 -8.856
9.579 -10.127
9.611 -10.517
10.528 -12.171
10.385 -10.331
10.085 -11.115
8.192 -10.869
8.331 -10.537
7.832 -11.618
9.499 -11.37
9.442 -11.105
8.07 -10.3
8.8 -10.623
8.219 -9.31
8.175 -10.728
8.973 -11.37
9.536 -11.538
7.168 -10.874
8.448 -10.705
9.158 -9.847
9.998 -10.682
9.037 -9.901
8.37 -9.611
7.884 -11.243
7.901 -12.276
8.563 -11.727
9.977 -8.665
9.635 -7.766
9.123 -6.824
9.328 -7.834
10.136 -8.612
10.184 -8.542
11.533 -10.024
11.668 -8.96
11.292 -10.572
11.609 -9.545
11.435 -11.064
10.564 -11.042
12.289 -9.559
11.918 -7.582
9.44 -8.593
8.653 -7.798
9.954 -7.794
9.688 -9.029
10.452 -8.588
8.563 -8.305
9.749 -7.79
9.765 -9.07
10.366 -10.57
12.214 -11.092
11.003 -11.11
10.436 -12.164
10.643 -11.928
7.651 -11.654
8.423 -11.338
8.984 -11.78
8.09 -11.255
8.246 -11.971
8.861 -12.846
8.688 -11.522
10.028 -10.949
9.499 -11.605
8.808 -10.318
10.046 -11.033
7.836 -9.53
6.842 -8.063
7.631 -8.46
8.875 -9.589
8.733 -8.572
8.542 -8.417
9.025 -8.947
9.834 -8.557
9.94 -10.727
9.724 -8.243
9.447 -8.855
9.255 -8.713
9.475 -10.276
8.703 -10.128
9.632 -10.924
9.11 -11.21
9.559 -10.61
9.356 -11.286
8.696 -11.287
9.492 -10.832
10.362 -9.907
11.091 -11.319
10.426 -11.903
10.465 -13.592
10.356 -13.847
9.457 -12.132
9.73 -11.163
9.447 -12.922
9.851 -12.82
9.962 -11.183
11.59 -10.714
11.44 -9.714
10.056 -9.174
11.027 -11.321
12.318 -10.729
11.991 -8.281
12.255 -8.383
12.411 -8.769
11.421 -8.802
10.051 -9.186
9.566 -8.022
10.602 -8.266
11.69 -8.504
11.424 -6.839
9.684 -8.253
8.741 -7.322
10.403 -8.874
11.467 -9.125
10.663 -10.992
10.886 -11.744
10.493 -11.298
10.354 -10.782
10.864 -9.527
10.999 -8.575
10.666 -7.611
10.849 -9.086
12.503 -10.023
12.944 -10.23
14.474 -9.773
13.157 -9.761
13.11 -10.495
13.551 -8.981
13.491 -10.397
10.922 -7.484
10.746 -6.287
10.693 -7.738
10.388 -7.928
9.793 -7.608
9.196 -8.584
8.476 -8.472
9.31 -8.721
7.932 -10.249
8.136 -10.112
9.808 -9.524
9.566 -9.012
10.864 -8.547
11.478 -7.919
11.678 -8.115
10.732 -9.552
10.546 -8.656
9.98 -8.647
8.979 -8.216
8.032 -8.723
8.422 -9.652
10.076 -11.226
11.052 -11.563
11.354 -11.314
11.529 -12.302
12.115 -11.781
12.51 -10.075
12.757 -10.035
11.946 -9.434
10.346 -10.593
9.913 -9.849
10.887 -9.891
9.807 -9.142
9.326 -9.317
8.815 -9.865
9.993 -9.528
9.452 -9.895
10.848 -9.796
11.112 -10.544
