// Initial random seed:
1499493904088

// RunInitializeCallbacks():
initializeMutationRate(1e-05);
initializeMutationType(1, 0.5, "f", 1);
initializeMutationType(2, 0.5, "f", -1);
initializeGenomicElementType(1, c(m1, m2), c(1, 1));
initializeGenomicElement(g1, 0, 999);
initializeRecombinationRate(0.001);

// Starting run at generation <start>:
1 

DATA:
20
62
62
57
62
60
55
59
61
62
62
60
61
50
56
62
64
55
59
55
63
57
57
52
58
61
70
74
65
69
67
58
60
77
64
70
64
55
66
59
65
70
63
58
65
67
58
61
55
69
66
63
63
55
68
54
62
57
68
63
66
57
63
65
59
57
67
67
68
57
64
61
66
82
54
62
66
61
65
65
70
59
65
66
68
65
52
57
60
61
58
70
58
63
59
62
68
59
65
60
58
69
57
59
57
69
69
61
72
69
66
56
65
57
53
65
70
61
71
71
65
63
73
66
62
69
53
61
59
60
61
61
64
58
57
64
64
65
63
67
63
68
59
56
71
62
67
62
61
74
63
62
60
54
64
64
54
64
59
62
63
66
68
69
66
62
75
50
51
59
59
61
58
66
62
71
59
58
66
55
61
60
55
66
64
64
61
57
58
56
65
57
70
62
65
69
58
67
61
69
61
66
64
62
72
58
55
64
66
61
63
60
55
61
64
67
60
64
68
70
58
63
67
59
54
56
65
52
61
63
64
57
60
63
66
63
61
64
65
63
64
62
60
60
61
66
63
69
64
63
62
55
62
60
56
65
60
60
58
58
64
64
65
62
59
72
66
70
67
70
60
58
67
67
71
62
63
56
65
60
51
59
61
70
67
59
60
56
62
64
65
61
64
59
58
65
59
62
48
68
56
60
67
62
54
66
59
52
72
65
48
57
57
61
54
67
58
71
56
58
59
64
67
71
61
63
68
70
59
61
62
70
58
64
71
58
64
57
62
54
62
68
61
58
69
63
66
65
64
64
65
58
61
62
58
61
62
57
55
60
71
59
56
58
64
59
61
65
68
57
57
67
66
53
60
59
65
63
64
54
61
70
68
64
64
62
60
67
60
66
62
54
63
57
73
63
63
64
58
66
69
56
64
67
59
55
66
68
63
71
63
59
65
70
60
60
65
71
59
71
68
65
66
61
62
70
64
66
66
60
62
60
61
55
62
69
68
70
65
60
63
60
58
69
64
57
55
66
56
55
64
66
58
62
62
66
56
52
61
67
58
70
71
66
67
55
68
56
60
62
57
66
59
62
59
65
75
66
51
54
60
65
63
65
59
59
60
65
65
56
42
64
61
65
59
59
60
59
59
67
64
54
63
54
59
59
68
63
64
70
59
60
66
69
68
61
63
65
55
57
60
64
55
60
63
61
68
66
56
54
64
69
68
58
68
63
67
65
61
66
65
64
58
60
59
60
60
60
68
54
61
65
61
65
59
54
62
57
68
58
68
55
68
62
63
57
57
61
69
55
64
70
60
59
69
63
65
63
61
58
59
68
63
59
66
58
65
58
65
61
69
66
64
65
66
66
60
56
63
66
59
59
61
72
70
64
61
71
67
62
61
61
52
55
57
49
63
53
68
62
62
63
58
63
59
68
66
65
63
66
60
72
68
62
64
69
61
51
71
63
59
67
53
66
66
64
62
57
59
69
62
60
59
69
66
59
69
58
63
62
57
56
50
58
59
60
54
65
60
63
67
60
64
66
57
60
65
58
66
57
70
55
62
60
60
59
56
65
64
63
56
57
60
68
64
64
64
54
65
58
60
73
57
66
61
57
69
65
63
62
60
56
62
67
63
55
63
66
64
61
66
67
65
65
65
62
61
60
68
57
73
60
67
62
67
66
67
58
66
64
63
62
60
51
56
65
68
74
64
61
56
61
56
63
62
61
67
72
59
65
64
66
65
62
58
53
61
60
51
63
65
55
65
65
57
68
60
65
73
59
62
62
69
67
53
58
67
62
62
65
57
62
70
71
59
60
72
57
71
67
62
67
64
66
60
58
66
66
69
68
59
66
66
65
66
74
66
59
66
74
64
65
58
63
55
63
67
60
67
60
61
58
59
62
63
63
56
61
64
64
70
59
60
70
56
64
63
62
56
64
64
61
65
65
61
71
63
57
63
60
64
63
60
55
63
54
64
62
65
66
58
62
52
58
55
73
49
69
65
66
64
54
68
67
71
61
67
68
58
65
67
63
69
69
63
61
65
51
60
63
62
57
63
55
63
63
49
62
62
60
57
68
64
70
56
72
59
66
63
64
58
65
69
54
70
63
64
73
56
65
68
57
63
51
67
55
62
54
58
56
56
60
61
74
59
62
62
53
63
68
66
68
66
56
69
72
62
63
74
61
60
60
70
64
63
69
60
58
63
70
65
60
71
68
54
65
64
66
64
57
60
63
66
64
60
57
71
57
62
60
59
51
55
73
64
64
60
59
55
64
76
67
62
61
59
59
64
70
59
62
64
58
59
67
61
48
57
57
56
54
55
59
54
59
60
55
54
63
65
59
55
52
55
63
52
62
50
52
59
62
60
57
61
56
59
56
50
52
63
76
59
63
62
61
59
64
60
62
53
52
66
55
58
55
57
58
57
62
60
53
60
59
55
62
48
53
65
62
61
56
63
60
58
56
52
55
61
67
69
58
56
58
57
51
65
54
61
60
58
60
51
57
55
62
56
59
53
58
59
54
52
61
60
65
63
59
58
56
57
52
56
67
56
50
64
57
58
64
62
64
63
64
60
60
56
54
56
56
72
70
55
54
55
58
59
55
55
59
59
56
66
60
55
56
62
62
58
52
64
60
60
65
56
54
61
54
64
53
48
56
58
49
58
55
50
65
66
62
55
57
60
52
62
56
60
55
64
48
64
58
56
56
61
64
57
56
58
56
58
60
61
58
55
57
61
61
56
62
58
63
60
50
54
62
59
57
65
56
61
61
65
51
58
51
58
58
67
65
59
56
66
60
50
68
62
55
53
59
61
62
54
63
60
61
66
68
50
57
51
62
60
55
61
60
61
58
60
54
55
54
49
61
58
66
55
57
51
60
57
61
64
51
53
59
65
64
65
55
55
57
60
64
55
55
61
65
53
57
53
50
62
59
62
57
56
59
63
53
53
50
53
60
56
51
59
57
64
61
57
62
52
66
56
52
61
54
57
63
54
62
63
63
60
52
52
63
60
60
61
54
52
56
63
54
62
56
55
56
59
59
58
61
63
46
58
58
53
64
60
60
57
63
62
51
61
55
58
54
58
60
55
66
50
47
55
56
60
56
54
56
63
61
61
62
56
66
65
63
67
64
60
52
64
67
65
54
60
59
59
63
56
63
61
46
59
67
66
54
62
65
66
54
54
48
57
61
53
58
49
64
60
68
61
59
72
53
63
65
53
48
59
65
50
60
58
62
58
53
61
56
53
63
59
60
53
64
58
50
62
56
67
58
61
65
56
54
58
60
52
59
58
67
54
62
61
66
59
56
67
51
62
57
62
63
65
60
48
58
60
68
59
59
60
65
54
59
59
60
60
61
50
58
66
61
55
45
67
65
58
52
67
49
65
59
58
61
58
66
59
55
57
60
56
64
62
60
58
55
56
64
59
55
59
61
60
53
63
65
59
61
60
55
56
61
54
62
61
62
50
57
55
57
60
57
54
63
53
64
63
54
58
49
57
63
58
58
60
60
61
59
61
55
57
58
53
56
57
51
55
66
62
56
55
55
55
58
55
60
62
57
51
49
59
62
57
58
59
54
55
56
60
57
53
64
70
58
49
51
59
58
58
53
60
59
60
59
66
57
64
60
56
63
56
56
63
49
63
48
60
64
54
54
61
52
57
63
64
52
56
52
52
58
60
57
61
57
53
52
59
57
61
56
55
58
59
61
58
56
59
63
62
59
51
60
61
59
60
60
50
64
57
57
62
57
48
52
62
51
56
58
60
52
57
68
58
62
65
58
54
59
58
51
62
60
65
66
53
59
58
63
53
53
54
65
57
54
64
56
58
57
66
59
60
64
57
65
52
55
55
54
57
57
61
54
52
59
53
54
58
64
55
49
58
55
57
65
57
57
51
65
55
55
67
71
57
61
53
55
64
57
54
57
59
54
64
64
58
60
55
54
57
54
58
53
62
56
61
60
56
61
53
57
57
67
58
62
56
55
57
54
56
66
62
54
59
61
62
61
61
58
57
59
61
54
62
55
65
55
60
62
55
64
58
61
60
65
59
57
53
67
57
57
60
65
45
61
63
66
54
62
63
63
58
66
63
59
55
55
57
65
61
57
59
63
59
59
53
55
63
57
57
59
54
61
58
66
57
54
52
50
54
57
63
61
59
54
64
63
56
54
64
53
54
54
59
61
57
58
67
65
51
56
61
54
55
56
64
58
57
59
56
60
66
53
57
61
58
66
60
60
54
65
65
65
62
55
62
50
57
60
61
52
53
57
53
59
59
52
61
54
59
55
50
70
66
66
50
57
53
54
61
52
58
57
53
63
60
62
64
53
59
69
56
60
65
54
66
62
64
62
61
63
54
56
61
55
59
56
59
54
59
53
62
51
59
57
55
56
61
63
56
58
58
63
55
48
66
54
60
54
61
60
52
61
58
61
65
61
56
61
53
53
60
59
53
63
58
58
59
61
57
56
66
58
65
51
55
59
62
54
48
62
60
60
63
55
56
65
61
56
54
64
53
52
63
65
59
68
64
63
61
