64 51 57 62
56 43 51 54
59 51 59 54
69 52 56 58
70 53 57 64
62 48 56 58
62 51 60 54
71 53 60 59
63 52 59 57
77 48 60 61
63 50 59 54
62 47 61 57
69 50 59 62
65 48 62 58
66 51 57 62
62 48 56 61
63 47 58 60
60 49 56 59
65 48 63 62
62 47 61 59
66 50 56 56
63 49 57 57
67 54 64 64
64 49 63 60
62 46 54 58
62 50 59 55
62 49 62 58
65 46 57 59
66 47 62 56
59 50 60 57
68 56 63 58
62 53 57 65
67 49 58 63
66 47 60 59
65 50 59 59
66 46 55 60
58 51 56 60
57 52 60 59
65 51 59 63
62 48 53 60
61 45 57 62
65 51 52 63
62 51 56 61
61 49 58 57
58 49 58 59
63 51 58 59
62 50 62 61
65 49 62 60
63 45 60 55
61 51 58 58
69 56 61 61
63 49 58 56
59 56 59 59
64 51 61 59
64 50 55 58
68 48 57 56
62 50 55 61
61 53 58 59
60 54 60 62
67 47 59 64
56 51 56 60
65 50 56 61
66 51 58 59
62 47 57 58
62 52 57 57
69 49 60 57
64 53 60 64
63 51 60 59
62 46 57 56
62 53 57 60
61 49 53 61
55 51 54 59
64 50 62 61
66 52 59 58
72 48 61 66
62 51 62 58
64 50 60 65
58 47 60 58
66 42 56 61
61 47 56 59
62 51 56 62
62 48 63 64
61 46 57 59
58 51 56 57
63 49 57 60
64 52 60 60
65 51 58 66
69 52 62 63
66 54 64 65
68 48 58 60
62 51 56 60
64 50 55 63
58 49 56 55
60 49 57 56
62 52 56 58
66 51 58 64
54 47 51 56
60 46 49 57
67 49 60 61
65 51 61 58
58 48 56 58
59 48 52 59
61 50 57 57
66 51 58 61
65 50 57 63
63 50 58 62
68 44 56 66
63 49 59 57
60 54 57 59
62 48 60 55
60 51 58 57
64 50 58 60
58 49 56 65
62 49 56 59
59 47 53 61
56 51 52 59
62 48 56 57
70 54 60 58
68 53 61 66
63 46 57 59
64 52 57 62
64 52 64 67
63 47 57 59
63 49 52 56
61 51 60 57
61 51 52 60
61 50 51 54
56 47 58 56
60 45 56 60
63 46 57 59
64 48 58 66
61 50 61 57
56 47 55 64
64 50 59 59
88 70 85 80
62 54 57 60
59 48 58 58
60 47 55 65
54 46 56 57
62 42 54 64
61 49 54 58
62 48 61 57
61 52 58 59
63 49 57 60
59 46 56 53
63 52 54 57
65 47 56 55
66 50 55 60
89 64 75 81
63 49 57 56
66 53 58 56
61 47 53 57
67 50 62 60
59 55 58 60
61 52 59 59
63 50 57 59
65 52 58 58
68 56 57 55
58 48 51 60
67 51 60 60
59 49 52 61
61 48 54 59
64 53 56 59
66 47 59 58
59 48 57 55
71 52 60 60
70 50 59 63
65 54 64 67
65 45 57 62
66 54 65 66
65 45 58 64
62 46 53 61
75 53 62 65
60 48 54 58
63 52 55 57
64 49 54 59
61 44 55 59
61 48 60 57
62 51 61 56
62 50 55 61
78 50 64 66
63 49 58 60
64 48 58 60
59 51 58 63
68 48 59 67
64 51 62 55
60 51 58 57
66 55 57 59
59 49 59 58
66 53 61 61
64 47 57 64
64 51 56 57
62 51 60 62
64 48 56 59
65 47 58 64
60 51 65 58
64 48 63 58
65 52 60 59
59 50 56 63
66 43 60 58
68 46 59 57
66 46 60 59
63 45 58 58
71 46 58 58
67 44 59 58
64 41 58 57
69 44 62 58
65 41 60 57
65 40 63 54
68 44 63 59
70 50 66 59
71 47 65 58
66 46 62 62
66 45 58 59
66 42 59 52
67 43 63 59
67 39 62 59
66 43 61 55
66 49 64 63
64 42 56 53
73 48 66 60
65 38 58 62
68 42 62 61
65 44 57 57
65 42 58 57
65 40 60 54
71 47 62 58
70 44 63 61
64 43 60 56
66 44 63 57
66 45 60 56
65 48 61 61
65 42 61 55
65 43 58 58
67 46 61 58
68 44 61 61
66 44 60 60
74 48 64 65
67 46 59 58
64 42 58 56
68 45 60 62
65 47 62 59
68 45 63 56
68 47 61 58
64 39 56 56
67 43 57 55
64 41 59 56
66 50 64 58
70 44 60 66
65 46 65 63
64 42 59 55
64 43 58 57
70 48 63 64
67 43 60 54
69 48 61 60
65 42 60 56
68 39 58 59
66 44 62 57
67 43 61 63
65 43 58 53
62 40 58 50
71 48 61 61
65 43 54 52
66 48 61 62
62 42 57 55
70 44 64 57
68 47 58 60
66 47 57 55
70 46 62 59
69 45 64 62
75 44 62 58
68 47 59 57
65 41 57 56
69 48 60 56
69 44 61 53
69 42 64 62
62 42 60 58
65 45 61 56
65 42 60 60
70 44 63 56
65 44 61 56
73 44 60 57
65 43 62 60
68 40 58 59
67 42 56 56
70 45 59 56
65 44 59 58
66 47 60 59
71 46 64 59
67 47 64 60
65 43 60 58
66 45 65 57
64 49 63 61
66 43 59 62
64 44 59 57
69 46 65 59
69 50 57 57
66 45 57 58
67 47 56 60
66 42 60 62
68 46 61 61
70 45 59 53
71 45 62 58
68 44 59 59
63 39 61 58
63 41 58 60
64 48 60 59
67 44 60 59
65 49 65 56
64 43 61 55
63 47 63 56
67 40 54 52
72 50 60 57
63 44 59 52
66 39 59 62
63 41 57 57
67 43 63 59
72 45 63 54
69 43 60 60
64 41 57 61
71 46 62 53
68 51 61 59
71 50 62 63
65 45 57 58
68 46 59 54
64 44 60 54
66 39 60 62
67 44 60 56
66 41 65 63
62 44 57 58
64 42 59 53
63 40 53 52
65 41 61 52
67 45 57 55
71 47 61 58
66 45 62 62
64 40 60 57
65 43 60 58
66 41 60 56
69 46 66 64
69 46 56 58
67 44 59 59
66 42 58 57
67 45 57 56
70 43 64 60
65 44 58 57
69 45 58 61
70 44 57 57
63 40 59 57
65 46 61 53
70 46 63 61
71 47 64 55
70 46 58 61
70 52 62 63
69 44 58 58
66 43 58 59
69 50 60 62
65 42 57 60
68 39 61 59
67 46 60 61
64 44 60 58
70 49 61 58
66 45 58 56
68 43 60 62
65 43 57 57
71 45 68 61
68 45 60 56
66 44 57 54
68 46 57 57
64 43 61 59
60 43 58 60
66 41 56 57
69 48 63 62
64 51 59 58
63 42 58 57
68 42 62 56
67 48 60 56
65 43 58 55
64 42 59 57
67 41 59 58
63 45 59 56
69 42 59 53
69 44 69 59
67 47 60 60
67 44 58 54
65 45 59 56
69 46 62 59
71 50 64 59
66 44 56 59
66 44 54 57
62 44 61 55
68 45 55 58
72 54 67 61
71 47 60 59
67 45 59 61
64 44 59 60
69 46 59 56
63 44 59 54
65 45 60 58
67 46 59 57
66 43 58 56
67 46 56 53
71 46 55 56
68 46 59 58
67 43 60 58
71 44 60 58
75 44 61 60
69 47 57 62
73 45 58 54
72 46 58 58
72 41 57 58
71 42 61 54
66 41 56 59
69 42 59 58
73 45 59 58
73 43 59 60
67 44 58 60
72 45 57 58
67 43 55 56
66 46 58 59
69 42 56 58
69 44 58 56
69 41 59 57
73 45 59 63
66 41 57 58
66 42 61 57
70 44 61 58
70 40 64 58
69 46 57 59
70 43 58 56
69 43 57 59
71 43 59 55
68 42 58 61
67 43 57 59
72 43 60 55
68 43 56 56
68 46 57 61
68 43 57 60
71 47 57 59
68 43 55 56
72 44 58 56
71 45 56 59
68 45 57 55
72 44 59 61
70 42 58 62
73 41 63 57
68 42 56 59
69 46 59 61
69 41 62 59
68 42 58 56
66 42 56 58
67 43 57 59
70 45 61 57
70 45 56 60
65 44 56 59
69 46 59 61
69 43 59 53
71 44 60 59
73 45 60 54
72 44 60 59
68 43 61 57
69 40 58 59
71 43 57 56
65 46 56 56
70 50 58 63
68 42 59 56
64 43 58 58
73 44 57 62
70 41 58 57
67 48 57 64
71 41 63 58
70 42 57 58
68 43 60 56
70 41 57 59
70 45 60 59
66 46 59 53
69 44 56 60
70 45 57 61
69 42 59 57
69 43 55 56
68 42 57 59
74 45 60 58
72 44 59 61
66 46 57 59
65 43 55 59
71 45 59 60
74 42 61 63
70 43 56 59
69 41 61 54
68 42 57 56
71 41 59 59
71 46 59 57
70 45 57 59
66 41 61 57
67 43 59 59
69 46 56 57
70 43 55 60
67 44 57 60
70 44 58 59
70 43 57 56
72 43 55 55
69 39 62 55
72 39 58 56
68 47 57 60
73 45 61 57
70 43 60 58
67 46 57 55
73 43 59 57
70 42 57 57
74 43 61 55
65 42 57 60
71 45 59 56
71 45 59 58
67 43 59 55
73 40 56 59
73 40 56 59
68 43 59 60
72 44 59 64
68 48 58 57
72 43 60 59
69 40 56 58
71 46 60 62
76 42 60 63
66 39 57 58
72 42 57 56
70 44 62 58
69 46 57 56
69 45 57 58
68 40 58 60
69 42 56 60
74 45 61 61
70 40 59 55
73 46 62 62
69 43 60 60
70 42 64 56
72 45 54 57
67 41 58 54
69 46 58 63
72 47 59 61
71 45 57 61
70 46 58 58
71 41 60 58
73 45 56 57
70 47 56 58
67 43 58 59
68 44 58 59
67 42 59 57
68 42 55 55
70 43 56 57
67 45 57 56
71 42 58 58
70 44 57 61
67 45 57 63
70 43 59 59
66 41 57 58
71 45 57 54
68 45 59 56
69 42 58 59
70 42 57 55
73 43 60 56
72 45 60 63
72 43 58 58
73 44 59 64
70 43 59 60
68 44 58 58
67 44 59 63
69 45 59 58
71 43 56 63
73 44 58 60
71 43 60 59
71 44 60 59
68 42 60 57
69 42 58 55
73 42 57 59
68 44 60 56
67 47 57 56
71 41 59 56
69 46 57 57
70 44 56 60
67 46 56 58
69 46 59 53
66 44 55 62
65 42 57 61
69 44 56 58
68 43 56 58
69 42 56 57
71 43 59 59
66 43 56 55
70 44 57 55
68 43 62 60
68 45 56 58
71 41 58 55
70 42 59 60
68 43 59 60
67 46 57 58
67 42 60 59
65 42 57 57
71 44 56 62
68 44 60 62
67 42 58 61
68 39 56 59
66 45 52 62
65 48 48 60
74 43 55 64
67 42 52 62
65 45 50 62
63 45 54 61
61 46 52 60
65 39 51 63
65 38 50 59
72 42 54 65
69 43 51 63
68 38 49 57
62 44 46 54
63 40 48 54
62 46 56 61
72 43 50 66
63 39 50 56
61 39 45 60
66 42 47 56
66 43 49 61
64 41 49 64
67 43 52 65
64 42 50 60
68 41 51 60
68 48 52 65
64 42 54 59
70 44 52 59
71 44 55 61
61 44 50 59
67 44 52 63
72 43 53 57
63 42 51 59
66 43 53 61
66 41 52 59
66 41 50 59
65 39 51 60
68 44 52 62
67 44 54 63
67 43 48 64
70 38 47 55
71 46 51 65
66 45 53 60
65 43 52 59
99 56 78 84
63 43 49 60
65 43 51 59
64 42 51 60
63 41 47 58
66 44 54 59
63 45 45 59
63 47 50 67
73 43 54 72
67 40 51 62
63 40 49 59
70 42 56 55
65 42 52 61
68 46 54 61
63 36 46 59
66 41 50 55
65 42 55 62
67 42 53 55
68 43 52 57
62 44 52 56
73 46 56 67
62 42 54 61
69 46 56 62
66 40 47 58
68 44 51 64
69 42 49 58
63 43 48 62
69 42 52 58
68 39 53 62
66 44 52 61
69 47 53 61
95 57 78 83
68 46 51 66
64 39 48 59
68 41 53 54
62 43 51 62
65 45 50 64
64 40 51 62
70 45 51 63
67 42 49 62
64 42 50 61
63 40 50 59
64 41 48 56
69 40 49 66
68 43 50 59
68 45 52 58
67 39 55 57
65 43 51 63
64 43 49 63
66 43 58 62
67 45 51 63
66 45 54 63
69 43 53 59
71 42 54 68
66 41 47 61
67 48 55 63
64 43 49 59
62 42 50 60
66 43 50 62
66 39 56 66
66 44 52 60
67 44 49 61
66 42 52 67
58 38 49 58
67 44 55 56
66 44 49 63
63 44 48 59
61 41 52 57
67 40 50 63
71 44 54 61
62 44 51 61
64 40 52 60
58 43 47 57
65 43 52 63
66 42 54 63
67 41 50 56
62 40 52 60
62 41 55 62
64 40 54 57
64 42 48 63
69 42 51 60
99 55 80 75
66 42 50 63
69 41 52 63
73 45 55 68
61 41 48 59
67 42 50 61
62 40 51 59
60 42 47 60
63 43 52 60
68 40 50 61
67 44 53 65
71 42 51 67
66 42 52 58
97 56 85 82
66 43 50 61
66 44 53 56
66 41 50 63
62 41 47 60
69 39 49 58
65 45 54 61
65 40 55 58
62 39 48 61
65 42 49 60
65 46 49 65
71 44 47 62
66 42 51 60
69 41 55 56
66 41 51 58
64 46 50 68
65 40 46 59
68 42 49 62
62 42 51 59
68 43 49 60
64 43 48 57
65 37 51 63
69 42 49 62
73 44 50 59
67 43 53 66
68 43 51 67
61 42 50 58
69 42 45 61
65 39 46 62
62 44 53 60
62 41 50 61
67 42 51 65
68 38 50 60
71 47 48 59
69 40 53 61
67 43 50 61
63 45 49 63
68 43 50 57
69 42 54 60
60 40 49 60
66 40 50 63
71 46 54 68
69 45 46 58
64 41 48 59
61 39 48 57
60 37 50 57
68 41 51 60
61 47 49 61
65 43 50 63
67 39 53 64
73 43 56 66
65 42 50 56
65 41 49 61
62 43 51 59
69 43 51 61
63 39 48 58
66 43 54 61
66 44 48 57
70 42 54 60
68 40 49 60
69 44 48 58
69 42 51 68
76 41 55 68
75 44 56 63
73 45 57 69
75 41 56 65
74 46 55 67
71 42 54 63
74 42 59 66
74 42 57 62
76 48 61 67
73 44 56 63
73 45 55 67
76 40 56 61
74 40 55 66
79 45 60 67
73 43 55 61
73 42 55 63
74 43 58 68
76 48 62 65
76 41 57 64
77 43 56 68
76 46 54 66
77 42 60 66
77 41 58 65
78 42 58 68
78 45 59 66
81 45 61 70
78 46 61 65
73 42 58 62
75 43 59 66
86 44 58 78
75 42 53 70
75 44 60 65
73 44 56 62
84 46 71 68
72 45 58 67
75 48 66 76
72 44 57 62
76 44 58 63
71 44 56 64
74 40 54 64
74 48 60 71
79 45 55 65
73 43 57 65
79 42 58 64
77 47 53 70
76 46 53 63
76 44 55 68
74 41 56 67
78 46 62 72
77 41 56 65
72 42 57 65
81 44 60 66
76 46 61 66
82 43 65 73
73 43 58 61
74 43 56 65
70 46 56 64
79 44 54 68
75 44 55 65
71 42 57 67
75 44 57 63
77 42 59 66
80 43 61 69
76 46 57 67
77 45 55 64
72 40 57 66
73 42 54 64
74 40 57 66
74 45 57 65
81 45 61 66
76 45 57 68
75 43 57 63
77 42 54 67
74 46 55 70
73 44 58 63
88 48 68 72
77 45 60 69
74 48 55 70
78 43 59 60
71 47 54 68
76 46 58 63
78 45 54 66
72 48 55 64
76 47 62 74
80 43 61 75
76 45 57 68
73 45 60 69
76 40 54 64
73 45 57 66
73 43 55 68
80 46 64 70
74 45 52 66
78 46 56 70
74 46 56 70
73 43 56 68
76 41 54 66
81 44 58 72
76 45 57 63
76 47 55 66
76 45 57 71
76 44 61 64
88 49 71 76
75 40 55 66
77 47 60 63
75 47 57 63
74 44 57 61
77 46 54 69
74 43 53 66
73 43 57 63
72 45 55 66
72 43 57 65
75 42 57 69
77 46 56 65
79 42 57 66
76 42 56 68
86 47 65 75
75 42 55 66
74 43 54 68
77 43 58 65
76 45 60 67
77 43 56 64
74 45 55 66
73 45 59 65
74 42 58 66
78 47 57 65
73 43 56 62
74 45 59 72
75 45 58 63
75 45 58 62
74 41 58 66
74 43 56 65
73 45 57 61
77 49 61 64
73 44 58 63
67 37 54 57
72 40 55 62
75 46 56 67
75 45 59 65
75 43 59 64
71 43 59 67
75 43 56 63
80 43 58 71
72 43 56 66
79 48 62 72
79 41 59 74
77 44 59 66
80 51 57 67
78 41 55 64
75 42 59 62
82 44 62 76
76 44 58 66
72 41 56 62
75 44 56 65
73 43 60 66
71 46 56 64
75 43 57 68
78 43 57 70
72 41 56 65
72 44 56 65
72 42 54 62
78 44 62 71
74 43 58 70
77 42 56 65
76 43 55 62
75 43 59 64
76 43 59 69
77 43 57 62
74 43 60 62
84 48 66 71
77 46 55 67
76 49 61 72
78 45 61 70
77 43 59 63
75 45 56 65
76 42 57 66
78 44 58 67
74 44 54 67
74 43 58 71
74 43 55 60
79 45 55 62
80 46 59 66
76 42 56 68
76 47 55 66
75 46 58 65
72 44 58 66
77 45 59 69
77 45 59 68
74 40 55 67
76 45 57 65
73 45 56 63
76 45 54 66
75 42 59 66
71 39 54 64
74 45 56 65
72 43 55 62
75 41 62 64
77 48 57 69
74 42 57 65
75 48 60 71
73 45 56 64
72 46 65 59
64 40 59 58
70 47 59 53
65 42 57 52
68 46 62 57
67 40 60 59
66 44 60 51
68 47 58 49
69 45 64 55
66 41 60 53
73 42 62 55
67 42 59 54
66 40 58 55
70 46 61 55
66 40 59 51
70 41 59 56
68 48 61 53
66 43 62 53
72 45 60 60
68 42 60 52
69 45 56 52
68 41 56 51
71 47 63 56
66 46 58 55
74 42 62 53
70 40 58 53
68 42 56 52
74 52 60 65
64 40 56 54
66 49 57 56
73 47 61 52
65 43 58 57
64 40 57 54
73 46 57 56
67 43 59 57
60 35 55 49
68 44 58 56
59 38 56 52
64 37 55 56
67 48 58 51
64 48 59 52
58 40 57 50
65 40 64 53
100 59 80 73
71 43 61 51
69 43 56 54
70 42 59 55
60 41 55 52
73 43 62 54
69 43 55 53
64 44 60 56
67 44 56 52
65 44 55 55
65 42 55 55
69 53 60 52
69 40 61 54
67 39 58 53
69 46 55 57
70 41 61 55
69 40 57 56
69 42 65 58
69 43 60 51
70 45 60 52
67 41 58 51
68 43 58 55
66 45 60 55
69 41 56 53
65 44 58 62
68 46 57 55
72 45 60 52
70 45 58 53
65 44 60 56
68 39 57 58
67 47 63 56
67 48 58 52
72 43 62 55
72 43 60 55
71 44 62 56
69 41 57 54
70 42 60 56
68 36 57 56
70 48 61 55
70 41 63 53
69 41 55 57
69 45 62 55
66 43 61 53
69 50 61 53
64 42 58 53
63 39 55 53
67 50 59 52
65 40 60 54
69 40 58 53
66 43 57 52
67 44 59 55
66 39 58 48
67 45 58 54
71 43 62 53
69 42 57 52
66 44 61 51
68 48 57 55
72 41 59 55
67 42 61 58
63 40 55 53
70 41 60 56
69 37 53 56
67 42 59 55
70 47 61 57
66 43 56 48
61 37 53 55
69 42 60 53
68 43 57 56
67 43 56 56
63 48 57 52
67 44 58 56
67 39 58 55
68 42 56 54
67 45 58 53
62 39 51 52
71 37 55 50
69 45 60 54
82 59 74 71
73 43 60 52
69 39 52 53
69 42 61 56
66 43 55 54
72 48 62 58
63 41 53 51
71 44 62 57
71 46 59 52
65 42 54 53
69 45 63 52
65 41 57 53
67 44 62 54
70 43 59 58
68 39 55 53
65 43 57 51
68 48 61 56
72 40 63 57
67 43 56 52
69 42 58 57
65 40 53 52
68 45 60 55
64 43 60 51
64 37 59 51
66 42 60 54
67 47 60 54
71 44 55 51
61 39 56 51
66 43 63 52
68 41 57 51
69 39 61 53
63 46 61 56
66 46 60 54
68 44 58 55
66 46 57 55
73 41 55 49
71 47 57 53
71 46 65 59
66 46 65 51
66 40 54 56
67 40 50 58
68 41 59 52
68 38 58 57
64 39 56 52
66 44 58 52
66 40 56 53
88 49 67 61
66 45 58 49
72 43 58 55
66 43 58 58
65 42 54 54
69 43 56 56
71 46 60 55
74 46 59 58
71 43 59 58
70 43 58 52
69 37 58 61
66 43 56 55
69 50 60 54
67 40 58 55
63 36 53 51
66 44 60 57
72 43 55 55
65 47 59 53
70 43 58 55
63 42 58 57
69 40 57 55
66 40 57 58
68 48 61 57
72 44 62 58
66 41 56 54
70 39 61 56
72 47 62 56
67 41 62 52
69 47 58 55
81 49 65 65
70 39 55 51
86 52 63 69
66 45 58 52
70 45 60 56
94 68 91 81
97 60 79 72
69 50 74 58
68 49 69 54
74 48 68 61
68 50 70 52
86 54 72 63
69 49 71 54
77 57 74 56
69 49 72 51
77 51 68 57
68 49 70 52
68 49 66 53
72 47 73 55
74 56 76 56
71 50 66 55
76 53 68 59
69 55 72 54
77 58 77 52
68 47 76 55
69 51 72 55
77 55 71 53
77 48 70 65
75 54 71 59
70 51 71 55
64 49 71 54
62 51 67 49
74 50 75 60
72 51 73 57
67 53 74 56
78 52 72 53
72 51 72 55
75 53 70 56
67 56 69 51
67 49 68 53
66 45 70 55
71 50 70 55
73 47 69 59
72 50 68 51
76 52 68 54
67 50 72 54
71 50 70 53
71 53 74 57
74 53 66 56
67 48 71 50
72 55 72 56
70 51 74 55
77 56 72 55
68 53 69 53
77 54 76 60
71 51 76 57
76 52 72 61
78 48 72 54
69 47 71 55
71 51 72 56
68 49 71 55
69 53 77 59
75 51 68 61
69 47 71 53
72 55 74 56
70 56 74 52
71 49 69 55
84 53 76 62
75 52 70 57
77 50 76 56
75 57 70 59
77 50 75 55
69 51 73 54
86 55 71 65
68 50 72 52
71 54 71 53
68 52 69 53
69 51 73 53
75 52 82 60
74 49 67 55
65 50 67 53
67 50 68 56
65 51 75 52
68 51 73 54
70 51 70 51
70 45 72 52
76 56 69 55
62 50 70 52
73 48 71 52
66 51 72 54
70 49 73 59
74 50 70 57
76 56 75 59
69 51 70 53
80 52 72 63
87 65 73 63
70 50 70 56
70 52 76 54
75 49 70 61
69 49 72 50
69 51 73 52
73 54 73 56
67 48 68 53
70 53 68 53
69 49 71 53
72 54 77 55
71 49 70 55
74 49 71 55
69 51 74 52
68 52 68 52
69 50 72 55
70 54 71 55
69 49 72 58
77 48 73 56
71 49 67 54
67 50 66 51
75 59 71 56
86 62 74 65
72 50 72 55
69 52 71 56
65 46 69 52
70 51 74 55
76 53 78 61
72 48 69 56
70 51 74 54
75 51 73 58
69 50 72 55
67 47 70 52
75 59 74 58
74 52 74 54
72 48 67 54
74 53 74 57
73 51 71 55
75 59 70 54
81 59 74 58
71 49 72 55
70 54 69 58
85 57 76 54
68 53 72 50
71 55 74 55
65 49 70 50
70 52 68 55
67 47 72 52
68 51 71 57
70 50 73 56
81 51 72 56
72 56 73 59
80 63 71 60
81 50 72 61
73 51 73 55
75 56 68 57
74 53 70 59
78 57 69 58
68 49 75 53
70 50 68 55
72 58 79 55
71 52 71 51
70 48 73 56
75 53 74 62
69 51 72 55
74 53 68 57
72 53 74 54
76 53 70 58
69 50 68 54
68 54 75 52
80 57 76 63
74 52 68 58
63 48 70 49
71 49 75 53
66 52 74 55
70 47 70 55
66 51 71 54
68 49 67 53
73 56 68 55
69 53 68 62
69 51 69 50
74 53 73 57
70 48 71 53
70 51 70 52
71 48 67 57
71 49 70 53
80 52 74 57
75 49 65 58
73 49 70 55
69 49 73 57
72 50 71 57
73 46 77 55
69 49 69 56
64 49 68 54
65 49 70 51
70 53 71 54
74 50 68 59
70 48 69 53
68 52 71 56
72 47 72 57
69 53 71 57
67 53 76 55
72 50 71 58
67 48 66 50
73 52 68 56
77 54 76 63
70 53 76 54
68 52 76 56
70 49 67 55
69 49 69 52
74 45 63 57
72 43 64 56
71 38 59 56
72 38 59 54
70 43 63 58
83 50 78 61
74 44 62 57
71 42 62 55
70 44 64 63
71 44 63 58
77 50 61 57
72 48 62 54
76 46 62 55
71 46 63 59
69 47 57 59
71 45 60 55
73 42 61 55
70 45 63 59
70 43 65 57
70 41 58 57
71 40 63 54
76 41 63 54
72 44 60 58
74 46 65 62
75 38 63 57
73 44 64 55
73 44 63 59
69 46 62 60
73 45 64 57
70 44 61 53
73 46 63 58
74 41 59 56
75 45 57 57
72 40 63 58
75 42 60 57
79 50 67 60
79 46 64 63
82 54 70 68
76 44 63 62
76 45 67 55
71 45 61 54
72 41 65 61
72 46 64 56
73 46 61 58
78 48 68 59
75 49 64 60
76 46 69 55
73 45 59 58
71 44 62 59
73 44 63 56
70 45 59 61
73 45 65 54
77 45 72 57
71 46 63 58
72 49 67 61
68 44 62 53
71 42 64 57
80 45 62 56
70 43 59 58
72 43 63 54
70 47 61 55
74 42 61 56
73 40 63 56
71 47 63 57
73 43 60 55
74 47 68 54
72 39 60 53
73 42 64 58
70 43 64 53
73 41 62 55
69 38 58 57
71 41 57 55
75 40 62 54
73 40 62 57
73 46 64 64
83 51 72 64
71 46 65 55
72 43 63 54
73 47 63 57
75 43 59 57
72 47 60 60
71 44 63 56
69 43 62 56
69 42 61 57
70 44 62 59
72 44 62 60
73 44 57 55
70 40 62 54
77 48 66 63
75 47 63 61
70 48 61 58
70 43 61 56
75 41 58 56
74 47 62 58
74 50 61 61
67 43 64 59
71 46 60 54
71 43 57 57
73 44 60 56
73 43 60 55
71 39 65 56
73 58 65 60
75 46 70 60
67 41 59 53
75 45 62 63
71 44 60 59
73 46 60 58
74 46 65 57
70 42 60 55
72 43 64 58
73 45 61 61
74 45 61 58
73 45 61 58
84 50 72 63
74 45 60 58
75 46 61 59
74 42 59 57
74 45 60 57
70 45 61 56
76 43 58 56
79 46 63 58
76 45 63 58
73 46 62 53
73 42 62 58
79 48 67 59
70 44 60 58
72 40 60 59
70 39 63 58
72 42 62 58
73 44 70 59
72 41 61 56
70 41 60 54
75 46 62 57
72 42 59 56
73 44 64 57
71 43 60 58
78 50 66 69
78 50 62 61
71 39 62 55
71 43 64 58
77 48 63 55
73 45 61 54
74 44 57 56
82 47 71 63
68 42 61 57
72 42 61 56
72 46 63 60
69 46 63 57
77 46 64 59
74 43 64 57
72 43 64 58
74 44 61 59
72 43 65 61
68 44 64 59
70 46 60 60
69 45 61 54
70 48 60 54
71 42 61 56
74 45 61 58
72 41 63 55
72 49 61 58
74 48 63 62
80 47 73 56
74 41 62 56
75 43 61 55
77 45 60 56
71 44 60 57
88 54 78 64
71 45 63 59
73 42 60 59
72 41 60 56
71 47 63 54
72 41 61 57
73 48 62 59
74 43 60 55
80 46 68 57
78 48 63 54
72 38 63 58
75 44 65 59
79 50 72 60
72 43 63 56
72 42 61 59
72 44 60 59
73 44 65 55
76 46 62 56
72 44 65 62
71 44 62 54
72 42 61 57
73 42 65 57
73 51 63 59
74 45 60 52
72 41 65 58
75 45 66 60
74 45 63 60
83 47 70 65
80 50 71 64
72 39 61 55
78 46 66 60
74 41 60 54
71 44 63 55
76 41 60 57
77 39 65 60
74 44 59 56
72 44 60 58
73 45 60 58
74 45 63 57
71 39 61 53
78 48 63 56
73 46 60 55
72 42 60 52
71 43 60 62
72 40 58 58
74 38 59 59
71 44 57 58
76 39 63 60
71 43 57 56
69 39 58 53
71 46 58 54
71 43 60 54
76 42 61 58
72 51 60 59
69 43 62 55
72 45 54 54
72 39 58 60
70 44 62 55
75 43 61 68
71 42 58 58
76 44 64 58
72 45 59 55
75 44 55 54
71 44 65 52
69 41 59 55
74 44 61 58
74 43 61 59
74 44 59 60
77 46 63 58
76 43 62 59
75 43 63 54
73 41 59 53
77 42 61 59
71 41 58 56
75 44 63 58
74 37 61 59
74 48 66 60
68 40 59 59
75 41 60 57
72 43 58 61
75 42 65 64
72 41 60 60
72 41 55 54
71 42 57 58
72 46 53 54
72 41 57 55
73 41 61 56
73 40 57 61
71 44 55 55
69 43 58 58
73 45 59 59
71 45 60 58
72 47 55 55
70 42 60 57
73 39 59 56
75 44 60 62
73 47 59 57
73 44 63 59
74 46 60 62
72 39 57 57
76 42 64 62
75 43 59 59
69 38 54 58
74 49 64 57
70 38 57 57
72 46 57 52
73 44 56 55
71 43 60 59
73 47 58 61
72 43 62 56
72 43 57 56
72 43 61 58
74 42 59 59
73 44 62 53
71 48 58 62
72 44 64 56
72 35 55 56
72 48 59 50
69 43 60 56
74 40 59 58
73 44 59 61
71 41 61 53
75 42 61 56
73 46 62 56
70 43 56 57
75 43 63 58
79 43 64 61
69 38 53 55
71 43 63 55
70 40 61 53
70 39 58 55
73 43 59 59
76 39 58 53
71 42 56 58
73 42 63 56
73 38 60 58
75 43 61 59
75 48 57 57
71 42 62 57
74 42 59 53
75 45 57 57
71 44 56 55
71 43 62 55
74 40 62 57
75 46 62 60
77 45 64 59
70 44 56 55
72 47 58 56
73 42 58 57
75 41 64 59
72 42 56 58
73 42 60 57
73 43 59 56
75 43 64 55
76 40 67 61
74 51 70 55
73 41 60 59
71 39 58 58
77 45 59 58
72 43 57 56
77 46 63 61
73 42 57 58
69 37 55 57
73 39 59 58
70 44 59 54
70 38 57 60
74 42 61 55
74 40 59 56
77 40 61 57
70 42 57 52
71 47 58 58
74 47 63 60
74 46 64 58
72 41 58 59
73 42 63 56
69 45 58 55
68 37 55 57
74 42 61 58
75 39 63 57
69 44 56 57
74 44 59 54
70 46 58 55
72 44 64 59
73 40 60 59
78 41 62 54
70 35 60 53
72 44 58 60
76 41 58 60
72 41 57 58
69 48 62 55
71 42 59 57
68 42 61 58
76 41 64 53
71 41 55 56
78 40 64 61
73 44 59 60
70 42 59 54
73 44 58 56
72 40 56 59
76 43 61 62
69 38 55 56
71 41 57 55
77 39 64 59
71 46 58 57
72 43 57 60
73 38 61 59
71 41 57 58
75 50 63 59
69 39 57 53
71 46 58 57
76 40 65 56
72 45 60 59
73 43 62 58
70 39 57 54
72 36 58 57
74 40 60 59
76 45 65 55
71 42 55 58
72 43 57 59
70 40 55 55
73 40 59 57
72 38 57 53
73 41 59 59
72 44 62 59
71 46 59 55
73 44 60 57
74 41 56 60
74 42 59 58
73 40 58 60
72 41 56 56
72 40 60 58
74 44 64 53
74 39 61 59
