2837 
0.618 1000 -1
0.59825 3001 -1
0.371 5002 1
0.00125 5632 0
0.40525 7003 1
0.5605 9004 -1
0.00025 9888 0
0.4335 11005 1
0.466 13006 1
0.59225 15007 -1
0.558 17008 -1
0.4145 19009 1
0.004 19561 0
0.62875 5002 -1
0.5665 11005 -1
0.534 13006 -1
0.40775 15007 1
0.5855 19009 -1
0.382 1000 1
0.40175 3001 1
0.00025 4840 0
0.59475 7003 -1
0.4395 9004 1
0.442 17008 1
0.00075 1283 0
0.00175 304 0
0.00075 7468 0
0.002 9013 0
0.001 18486 0
0.0005 19439 0
0.001 3936 0
0.00225 15553 0
0.00075 4126 0
0.00025 19133 0
0.0005 546 0
0.0005 1098 0
0.00025 12898 0
0.001 6028 0
0.00025 16282 0
0.00425 4913 0
0.0015 3993 0
0.004 6289 0
0.002 9602 0
0.00025 10194 0
0.0015 17312 0
0.00125 6070 0
0.001 599 0
0.00025 4187 0
0.00175 5569 0
0.00075 14375 0
0.0005 7269 0
0.0005 13791 0
0.001 17050 0
0.00025 5753 0
0.00075 9305 0
0.00075 9793 0
0.00075 2178 0
0.00075 5692 0
0.00025 15269 0
0.00025 18354 0
0.00075 6045 0
0.001 418 0
0.00375 6212 0
0.00025 13408 0
0.00025 18112 0
0.00025 17996 0
0.0005 10194 0
0.00025 2901 0
0.0035 11003 0
0.00025 7594 0
0.00375 10881 0
0.00075 6051 0
0.00025 15568 0
0.002 9967 0
0.003 14500 0
0.0015 6278 0
0.001 10161 0
0.00175 94 0
0.00225 14706 0
0.001 10027 0
0.001 16723 0
0.00125 11993 0
0.00025 1629 0
0.00025 4750 0
0.00025 10131 0
0.00025 10243 0
0.0005 6129 0
0.0005 11750 0
0.00175 1747 0
0.0005 5525 0
0.00025 7807 0
0.00075 10328 0
0.00175 865 0
0.00025 10963 0
0.00225 6188 0
0.00175 7828 0
0.00075 11216 0
0.0005 17519 0
0.00125 19787 0
0.00025 19285 0
0.00225 5871 0
0.00225 9824 0
0.00025 12921 0
0.003 13985 0
0.00025 16518 0
0.0035 1555 0
0.0005 10087 0
0.00175 12107 0
0.00225 16013 0
0.0015 5216 0
0.00075 5993 0
0.0015 9041 0
0.001 594 0
0.00025 12290 0
0.0005 19742 0
0.0005 1910 0
0.0015 12097 0
0.00075 6664 0
0.00175 13224 0
0.0015 29 0
0.0015 522 0
0.002 13220 0
0.001 3661 0
0.004 11749 0
0.00075 9061 0
0.0025 16351 0
0.00025 18690 0
0.00025 627 0
0.001 16410 0
0.0025 14355 0
0.00175 10451 0
0.004 5580 0
0.0005 9158 0
0.002 11245 0
0.00025 3827 0
0.00025 1860 0
0.00025 6875 0
0.0015 499 0
0.00075 5680 0
0.00125 6086 0
0.00075 6560 0
0.00125 7937 0
0.00025 13445 0
0.00075 1837 0
0.00075 2553 0
0.00025 15700 0
0.00025 926 0
0.0005 12550 0
0.00175 16861 0
0.0025 3157 0
0.0005 2162 0
0.00025 2634 0
0.00075 13245 0
0.00125 3636 0
0.00075 2352 0
0.00025 11659 0
0.00425 9011 0
0.00075 12824 0
0.0005 10477 0
0.0045 9159 0
0.003 15808 0
0.00175 14615 0
0.00225 1037 0
0.00025 18759 0
0.0015 11860 0
0.00025 15751 0
0.00175 19755 0
0.0005 77 0
0.004 978 0
0.00025 10927 0
0.0005 14061 0
0.00175 17582 0
0.001 10641 0
0.00075 17081 0
0.00425 13263 0
0.0005 4201 0
0.00025 5283 0
0.00025 3757 0
0.00025 4477 0
0.00025 12064 0
0.0005 11964 0
0.00075 12121 0
0.00175 9167 0
0.00025 12910 0
0.00375 16804 0
0.0005 1149 0
0.00175 3289 0
0.0005 8959 0
0.0065 9813 0
0.00075 13014 0
0.0005 17176 0
0.0005 17846 0
0.001 11436 0
0.00125 1587 0
0.00175 9964 0
0.00075 1367 0
0.0005 11712 0
0.0005 19385 0
0.0015 9942 0
0.003 17679 0
0.00125 12908 0
0.007 9508 0
0.00225 10841 0
0.00025 10792 0
0.001 13088 0
0.00125 10607 0
0.00125 16405 0
0.0015 17782 0
0.00175 12611 0
0.00025 15592 0
0.0005 12218 0
0.00025 596 0
0.00325 2816 0
0.00075 10291 0
0.00125 10713 0
0.001 17335 0
0.0015 19576 0
0.00025 5171 0
0.00025 15990 0
0.00025 16273 0
0.0005 18691 0
0.00175 19422 0
0.0035 12124 0
0.00025 15209 0
0.00125 3524 0
0.00125 5229 0
0.00025 11046 0
0.00025 14051 0
0.00275 7399 0
0.001 12726 0
0.00225 17390 0
0.00175 17531 0
0.00025 5546 0
0.0005 10354 0
0.0005 12947 0
0.00075 13600 0
0.00025 13437 0
0.0025 17424 0
0.00025 2873 0
0.001 5753 0
0.00075 3740 0
0.00075 12384 0
0.002 12490 0
0.001 13892 0
0.001 13904 0
0.001 2962 0
0.00025 18953 0
0.0015 11036 0
0.0005 18702 0
0.00025 858 0
0.00025 1877 0
0.001 6357 0
0.00075 16166 0
0.00525 2603 0
0.00275 19573 0
0.002 3589 0
0.003 14909 0
0.0035 10720 0
0.00175 8708 0
0.00025 16770 0
0.002 2657 0
0.0005 8135 0
0.00125 13395 0
0.0015 16025 0
0.0005 731 0
0.001 8278 0
0.0005 3737 0
0.0005 4777 0
0.00075 10279 0
0.0005 2257 0
0.00025 13058 0
0.00025 1466 0
0.00275 1796 0
0.00125 13911 0
0.0035 17865 0
0.00075 5512 0
0.001 7791 0
0.00125 10986 0
0.00075 674 0
0.00025 8860 0
0.00025 3635 0
0.00025 11221 0
0.00025 13577 0
0.00075 17462 0
0.0005 19000 0
0.00075 1666 0
0.0015 2524 0
0.002 3875 0
0.00025 17777 0
0.00175 17992 0
0.00175 15792 0
0.00225 17316 0
0.0015 942 0
0.001 2767 0
0.0005 5379 0
0.0005 17113 0
0.0005 17823 0
0.00025 16741 0
0.001 9731 0
0.00175 9937 0
0.0005 5529 0
0.00025 3721 0
0.003 7945 0
0.00225 12349 0
0.00025 7910 0
0.0005 5166 0
0.0005 14823 0
0.00025 13816 0
0.00125 3100 0
0.00075 8920 0
0.0015 14741 0
0.001 7127 0
0.00025 16632 0
0.0015 8224 0
0.00125 12262 0
0.00025 16920 0
0.00025 10858 0
0.002 4467 0
0.0025 4947 0
0.0005 8394 0
0.00025 10726 0
0.0015 13039 0
0.00025 315 0
0.0015 12895 0
0.00025 16086 0
0.00275 5859 0
0.0005 3033 0
0.00025 1744 0
0.00025 7063 0
0.002 7678 0
0.0005 15332 0
0.00075 4613 0
0.0005 17996 0
0.00075 12949 0
0.00025 10914 0
0.00025 19221 0
0.00025 8960 0
0.00025 13192 0
0.00125 14828 0
0.00025 18218 0
0.00225 6526 0
0.003 10009 0
0.00075 4945 0
0.00075 9244 0
0.0005 11279 0
0.00075 16947 0
0.00025 18521 0
0.00025 14683 0
0.0005 3625 0
0.001 12463 0
0.00025 16493 0
0.00025 3649 0
0.00275 5273 0
0.0015 14443 0
0.00075 16940 0
0.00075 7011 0
0.00025 7565 0
0.00225 10990 0
0.0015 12402 0
0.00025 13863 0
0.00075 15180 0
0.00125 870 0
0.00225 9072 0
0.001 14331 0
0.002 282 0
0.0005 6338 0
0.00025 6591 0
0.00025 12934 0
0.00125 10515 0
0.001 15047 0
0.00075 17349 0
0.00025 11596 0
0.00225 10963 0
0.00075 11218 0
0.0005 11806 0
0.0005 173 0
0.00025 13965 0
0.0005 7769 0
0.0005 16109 0
0.001 8161 0
0.0005 3624 0
0.00025 8193 0
0.001 12772 0
0.00025 17342 0
0.0005 2143 0
0.0005 14550 0
0.00125 9873 0
0.0005 11993 0
0.00075 20002 0
0.002 647 0
0.00025 15289 0
0.00025 79 0
0.00025 8372 0
0.0005 10771 0
0.0005 13388 0
0.003 10469 0
0.0005 392 0
0.0005 1016 0
0.0005 3702 0
0.00025 8921 0
0.00075 12813 0
0.00025 1082 0
0.00275 4925 0
0.0005 17308 0
0.0005 17551 0
0.001 6598 0
0.00025 9050 0
0.0005 18796 0
0.00025 1156 0
0.00075 13797 0
0.00025 15170 0
0.002 14074 0
0.00225 16561 0
0.00275 3385 0
0.00025 4461 0
0.00025 13071 0
0.00125 17115 0
0.00025 9357 0
0.00025 11299 0
0.0005 9512 0
0.002 12132 0
0.00025 12168 0
0.001 19882 0
0.0005 2385 0
0.00075 14236 0
0.001 7951 0
0.00025 15600 0
0.00075 4244 0
0.003 1761 0
0.001 15125 0
0.00075 16196 0
0.00025 13858 0
0.00125 14570 0
0.00075 15740 0
0.00075 7386 0
0.002 2664 0
0.0025 6651 0
0.00225 15969 0
0.001 11808 0
0.001 1155 0
0.00025 1871 0
0.00125 7986 0
0.003 6542 0
0.00225 8333 0
0.0015 2663 0
0.00025 4828 0
0.00075 16104 0
0.004 775 0
0.001 7465 0
0.0005 7715 0
0.002 8021 0
0.0005 10726 0
0.00025 12382 0
0.0005 3617 0
0.001 4041 0
0.00175 8187 0
0.00275 16659 0
0.0005 10075 0
0.0005 9796 0
0.0005 11452 0
0.00025 17887 0
0.00275 7973 0
0.00075 14533 0
0.0005 10023 0
0.0005 15933 0
0.00025 10045 0
0.002 13012 0
0.00275 4082 0
0.0015 11724 0
0.00475 12188 0
0.001 19994 0
0.00025 1126 0
0.0005 3797 0
0.00025 5765 0
0.00025 10582 0
0.0005 15490 0
0.001 9404 0
0.00175 14378 0
0.001 12284 0
0.0005 13656 0
0.00325 441 0
0.00075 3275 0
0.00125 8984 0
0.00025 16539 0
0.0005 17772 0
0.001 8084 0
0.0005 4806 0
0.0005 6341 0
0.001 9607 0
0.00075 17694 0
0.0015 5200 0
0.00075 8247 0
0.00175 14440 0
0.0025 7586 0
0.0025 4630 0
0.002 5908 0
0.00075 15310 0
0.0005 13791 0
0.0005 2499 0
0.001 8604 0
0.0025 10139 0
0.001 4717 0
0.00125 19121 0
0.00175 6633 0
0.0005 18308 0
0.0005 14143 0
0.0005 583 0
0.0015 10456 0
0.0005 12739 0
0.00075 14117 0
0.005 622 0
0.00025 1946 0
0.00175 15726 0
0.001 1761 0
0.00025 1166 0
0.001 6916 0
0.0005 11594 0
0.00025 14814 0
0.00075 2148 0
0.00075 10823 0
0.00075 9232 0
0.00025 15943 0
0.00025 13264 0
0.00175 14235 0
0.00075 5521 0
0.0005 5362 0
0.00025 11295 0
0.00025 16793 0
0.00025 11384 0
0.00075 13840 0
0.001 19425 0
0.0005 3890 0
0.00025 5111 0
0.0005 11030 0
0.00025 17674 0
0.0005 2294 0
0.001 7830 0
0.00075 1 0
0.002 5086 0
0.00075 7196 0
0.00125 18164 0
0.001 18933 0
0.00025 9183 0
0.002 4914 0
0.001 8121 0
0.002 7909 0
0.00125 5606 0
0.00025 6250 0
0.00025 14252 0
0.00025 16365 0
0.00075 4670 0
0.00175 1169 0
0.0005 5687 0
0.00025 17667 0
0.0005 17751 0
0.0015 17118 0
0.00175 17988 0
0.00275 1598 0
0.001 19189 0
0.0005 1135 0
0.00125 4525 0
0.0005 3887 0
0.0015 16796 0
0.00175 10692 0
0.00025 15399 0
0.0005 11460 0
0.00125 2010 0
0.00275 13279 0
0.00025 4792 0
0.001 2667 0
0.00125 12155 0
0.00075 18423 0
0.002 16146 0
0.00025 15675 0
0.002 13144 0
0.001 18817 0
0.0005 1525 0
0.00075 10710 0
0.00025 7670 0
0.0025 2674 0
0.00025 17 0
0.00125 9248 0
0.00025 17871 0
0.00125 6395 0
0.00075 6556 0
0.0015 5657 0
0.002 8901 0
0.0015 16134 0
0.00225 17504 0
0.00025 14902 0
0.00025 7079 0
0.00175 15094 0
0.00175 3889 0
0.001 18585 0
0.00025 3812 0
0.002 7157 0
0.001 13470 0
0.00025 2699 0
0.00175 19371 0
0.00325 2758 0
0.00075 4994 0
0.00025 14498 0
0.00075 6102 0
0.00025 12991 0
0.0005 9527 0
0.00075 11504 0
0.001 1522 0
0.00075 683 0
0.0005 2962 0
0.0005 3437 0
0.0015 10449 0
0.00075 18803 0
0.00075 9401 0
0.00125 19141 0
0.00125 3397 0
0.00175 6597 0
0.001 12649 0
0.00525 8867 0
0.001 19722 0
0.00025 13666 0
0.00075 8947 0
0.00075 9441 0
0.00025 13003 0
0.00025 672 0
0.00075 3337 0
0.00125 5900 0
0.00025 19381 0
0.00075 878 0
0.00225 10214 0
0.00225 11905 0
0.00075 7206 0
0.00025 530 0
0.00075 12407 0
0.0005 17726 0
0.0005 16744 0
0.00025 6294 0
0.0025 13434 0
0.00475 15903 0
0.0005 7587 0
0.00025 14329 0
0.001 1869 0
0.00025 1995 0
0.001 3456 0
0.00225 12444 0
0.00075 19609 0
0.00025 5222 0
0.002 5021 0
0.00025 10717 0
0.00075 12614 0
0.00075 17156 0
0.00225 6573 0
0.00225 9998 0
0.00225 12550 0
0.0015 10841 0
0.00075 6740 0
0.0015 9061 0
0.00025 14633 0
0.00025 10894 0
0.0015 11858 0
0.00075 13904 0
0.001 18516 0
0.00025 2962 0
0.001 9322 0
0.0005 126 0
0.00075 15040 0
0.00025 19886 0
0.001 5961 0
0.00125 19368 0
0.00075 19636 0
0.00025 14498 0
0.00025 16376 0
0.0005 14007 0
0.00075 13304 0
0.001 14055 0
0.00025 5365 0
0.00025 17160 0
0.00025 19674 0
0.001 11370 0
0.0005 13642 0
0.00075 12504 0
0.00075 15310 0
0.001 4937 0
0.00025 5369 0
0.00025 8968 0
0.00125 9560 0
0.00025 5295 0
0.00025 19579 0
0.00075 15542 0
0.00025 348 0
0.001 5028 0
0.001 7860 0
0.00025 15787 0
0.0015 13786 0
0.00075 5338 0
0.0015 17513 0
0.001 8379 0
0.00025 17922 0
0.0025 9437 0
0.00075 1280 0
0.005 17085 0
0.00075 7412 0
0.00025 9994 0
0.0005 10999 0
0.00025 4288 0
0.00025 15181 0
0.00075 15988 0
0.0005 14597 0
0.0015 4327 0
0.002 13271 0
0.001 7860 0
0.001 12460 0
0.00125 17153 0
0.0005 948 0
0.00125 2020 0
0.00025 5289 0
0.00025 7041 0
0.00025 2078 0
0.0005 15977 0
0.00025 413 0
0.00025 499 0
0.0005 18182 0
0.00025 5882 0
0.00025 19677 0
0.00025 17110 0
0.00025 17465 0
0.00025 2593 0
0.002 4133 0
0.00275 1351 0
0.0005 6386 0
0.0005 14139 0
0.00025 4690 0
0.00025 7738 0
0.00025 13113 0
0.0005 1770 0
0.0005 19121 0
0.00025 15071 0
0.0005 18646 0
0.004 5743 0
0.00275 12391 0
0.00075 9979 0
0.0025 17033 0
0.0015 947 0
0.00025 11031 0
0.0005 19614 0
0.00175 12924 0
0.00025 19835 0
0.002 7962 0
0.0005 5596 0
0.001 11359 0
0.0005 6707 0
0.0005 12808 0
0.00025 3588 0
0.00025 4966 0
0.0005 5377 0
0.00075 12117 0
0.001 15752 0
0.00125 18704 0
0.00025 9649 0
0.00025 11148 0
0.0005 630 0
0.00075 6583 0
0.00075 10808 0
0.0005 12857 0
0.0005 16274 0
0.0015 14959 0
0.0035 4777 0
0.00075 17385 0
0.0005 1660 0
0.00025 10208 0
0.00025 16283 0
0.00175 10246 0
0.00025 19377 0
0.00025 13986 0
0.00025 11419 0
0.00075 19915 0
0.001 12935 0
0.0005 2370 0
0.00025 7708 0
0.00025 17629 0
0.00025 18298 0
0.00175 6632 0
0.00025 8714 0
0.002 13917 0
0.0005 15111 0
0.0005 8231 0
0.00175 18066 0
0.001 7395 0
0.00125 6194 0
0.0005 6683 0
0.00125 18962 0
0.00025 5187 0
0.00025 8978 0
0.00075 8275 0
0.00075 10778 0
0.0005 11507 0
0.00025 14112 0
0.00175 12397 0
0.00025 2186 0
0.001 6346 0
0.002 11297 0
0.001 11325 0
0.001 708 0
0.001 5262 0
0.00025 15150 0
0.00075 11018 0
0.00075 16965 0
0.00025 3063 0
0.00025 4309 0
0.00075 3747 0
0.00025 10666 0
0.00025 12660 0
0.00125 19683 0
0.0015 3488 0
0.00125 6312 0
0.0005 12893 0
0.0005 14595 0
0.00075 17775 0
0.00025 2000 0
0.00275 18233 0
0.0025 19930 0
0.002 5825 0
0.00025 17554 0
0.0005 1111 0
0.0005 8584 0
0.0005 19196 0
0.00025 817 0
0.00175 7656 0
0.0015 17654 0
0.00025 5342 0
0.00025 191 0
0.0005 1617 0
0.00025 12593 0
0.00025 16917 0
0.0015 11487 0
0.00075 15451 0
0.00225 201 0
0.00025 19691 0
0.00025 5086 0
0.0005 6661 0
0.001 10265 0
0.00075 17278 0
0.00075 915 0
0.0005 14383 0
0.0015 1632 0
0.001 18257 0
0.00025 9062 0
0.00025 14373 0
0.00025 16776 0
0.0005 398 0
0.0025 8860 0
0.001 2168 0
0.002 9466 0
0.00175 9630 0
0.00175 15983 0
0.00125 9060 0
0.00025 16381 0
0.00225 4667 0
0.002 14467 0
0.00025 17289 0
0.001 16844 0
0.00025 11252 0
0.00075 17662 0
0.00025 55 0
0.00125 4333 0
0.0005 8724 0
0.00075 10614 0
0.00025 12956 0
0.00175 4793 0
0.00025 16963 0
0.0005 13546 0
0.00025 15573 0
0.00025 1012 0
0.0025 12612 0
0.00025 18958 0
0.00175 15520 0
0.0005 3977 0
0.00075 5633 0
0.00025 4363 0
0.00025 5355 0
0.00025 9223 0
0.00025 3919 0
0.00025 7907 0
0.00125 12734 0
0.0005 8010 0
0.00025 12951 0
0.00075 8510 0
0.00075 4675 0
0.00075 10210 0
0.00125 13911 0
0.00125 15508 0
0.00125 1936 0
0.00025 8514 0
0.0005 5080 0
0.0005 15608 0
0.002 5703 0
0.0015 11297 0
0.00025 4367 0
0.0005 11133 0
0.0005 15795 0
0.0015 6870 0
0.00125 9141 0
0.00025 14337 0
0.0005 2345 0
0.0005 9282 0
0.00025 11746 0
0.001 17375 0
0.00075 12318 0
0.0025 16530 0
0.00025 7262 0
0.00075 8252 0
0.0005 8091 0
0.001 14757 0
0.00125 17643 0
0.00325 147 0
0.00025 10643 0
0.00075 8557 0
0.00075 10827 0
0.00025 12782 0
0.001 13120 0
0.00025 13100 0
0.00075 13953 0
0.00025 15884 0
0.0005 5598 0
0.001 59 0
0.00025 7437 0
0.00025 18384 0
0.00025 12736 0
0.0005 18946 0
0.0005 2286 0
0.0005 13567 0
0.00125 14722 0
0.0005 7710 0
0.0005 12223 0
0.001 19968 0
0.002 11999 0
0.00025 18303 0
0.00075 17367 0
0.00025 6431 0
0.00375 3005 0
0.00025 1782 0
0.00075 13883 0
0.00075 13951 0
0.0015 14981 0
0.00025 17539 0
0.00075 704 0
0.0005 10225 0
0.0005 19077 0
0.0005 6050 0
0.001 17496 0
0.00025 15100 0
0.0005 13166 0
0.00025 12692 0
0.00075 582 0
0.0005 3857 0
0.00175 16019 0
0.00025 5011 0
0.00025 13866 0
0.00025 12148 0
0.00125 8199 0
0.0015 10631 0
0.00025 18329 0
0.00025 7364 0
0.00025 19932 0
0.0005 8960 0
0.0005 12501 0
0.003 3844 0
0.00075 13397 0
0.00025 1374 0
0.00025 4498 0
0.00025 13383 0
0.00075 10431 0
0.00075 577 0
0.00175 12564 0
0.00025 14040 0
0.00025 4339 0
0.00025 10860 0
0.00025 5645 0
0.00125 11504 0
0.0005 11783 0
0.002 15586 0
0.00025 5533 0
0.00075 6133 0
0.0015 12476 0
0.00075 17681 0
0.00075 11691 0
0.00025 12092 0
0.00025 12127 0
0.0015 3670 0
0.00075 10817 0
0.00025 10475 0
0.0015 17947 0
0.00025 5419 0
0.001 19897 0
0.0005 13979 0
0.00125 8825 0
0.0005 2913 0
0.001 6457 0
0.00025 2640 0
0.0005 4248 0
0.0005 9038 0
0.0005 9193 0
0.0015 8889 0
0.0005 11375 0
0.0005 11471 0
0.00075 549 0
0.0005 14370 0
0.00025 17860 0
0.00025 19379 0
0.00075 13801 0
0.00025 16236 0
0.0005 2106 0
0.00025 19344 0
0.0005 11826 0
0.0005 18306 0
0.00025 5892 0
0.00075 7459 0
0.00025 12625 0
0.00025 16072 0
0.0005 8185 0
0.00025 10811 0
0.0005 10719 0
0.002 4198 0
0.0025 18275 0
0.00025 17045 0
0.0005 1348 0
0.001 2742 0
0.00025 14942 0
0.0005 15185 0
0.00075 5438 0
0.00025 14755 0
0.00025 18314 0
0.00125 12935 0
0.0005 19025 0
0.00125 18350 0
0.00025 4398 0
0.00125 4409 0
0.00025 6721 0
0.00175 14777 0
0.00025 16744 0
0.0015 913 0
0.00025 7556 0
0.00125 6355 0
0.00025 13377 0
0.00175 5567 0
0.0005 18493 0
0.00225 2532 0
0.001 10093 0
0.0025 8298 0
0.00025 9055 0
0.00025 12440 0
0.00025 19340 0
0.00025 8381 0
0.00075 5885 0
0.0005 13123 0
0.00075 15487 0
0.0005 19216 0
0.00025 14949 0
0.001 122 0
0.0005 18737 0
0.00075 2427 0
0.00075 3977 0
0.0005 12582 0
0.00125 16286 0
0.001 3343 0
0.0005 7264 0
0.001 2758 0
0.00025 3454 0
0.00025 7421 0
0.001 15010 0
0.0005 15927 0
0.00025 13559 0
0.0005 15994 0
0.00075 19221 0
0.001 3608 0
0.00225 4534 0
0.00025 19615 0
0.00025 2298 0
0.00025 5591 0
0.00025 2490 0
0.001 19998 0
0.00025 5830 0
0.00125 13420 0
0.00025 14447 0
0.001 6014 0
0.00025 14827 0
0.0015 1523 0
0.0005 11460 0
0.0015 18933 0
0.001 7550 0
0.00075 9225 0
0.00225 16949 0
0.00025 7603 0
0.00025 18373 0
0.00125 17498 0
0.0025 14510 0
0.001 3397 0
0.0005 16461 0
0.00025 12813 0
0.001 3163 0
0.00025 16128 0
0.0005 4063 0
0.0015 1653 0
0.00125 3945 0
0.0005 4619 0
0.001 18728 0
0.00075 3943 0
0.0005 7393 0
0.00025 3286 0
0.00025 11104 0
0.00075 8416 0
0.00075 13925 0
0.00125 15480 0
0.00025 14547 0
0.00025 5294 0
0.00025 3469 0
0.00025 18214 0
0.0005 10815 0
0.00025 12385 0
0.00025 3559 0
0.00025 9860 0
0.0005 16835 0
0.00075 663 0
0.00025 673 0
0.00125 3369 0
0.00175 2401 0
0.001 14820 0
0.00025 4338 0
0.00025 937 0
0.001 12532 0
0.00025 11912 0
0.0005 16866 0
0.00075 5220 0
0.00075 7217 0
0.00025 7460 0
0.00025 18376 0
0.00025 18600 0
0.0005 5280 0
0.00125 6577 0
0.0005 3651 0
0.0005 12488 0
0.001 10703 0
0.00025 12927 0
0.00075 3439 0
0.0005 12207 0
0.00025 5816 0
0.0015 10631 0
0.001 14603 0
0.00125 13819 0
0.0015 19646 0
0.00025 8287 0
0.00125 4367 0
0.00075 12324 0
0.00025 4933 0
0.00025 18162 0
0.00025 14639 0
0.00025 11794 0
0.00025 10111 0
0.00025 4990 0
0.00025 11016 0
0.00025 2959 0
0.0005 5452 0
0.0005 17881 0
0.00025 1311 0
0.00075 7634 0
0.00025 15396 0
0.00025 15221 0
0.00075 4829 0
0.001 5351 0
0.00225 10438 0
0.00075 13518 0
0.0005 16275 0
0.00025 17972 0
0.00075 18874 0
0.0005 19890 0
0.00025 2872 0
0.0005 12393 0
0.00075 5621 0
0.00025 15186 0
0.00025 13241 0
0.00025 12975 0
0.0005 3439 0
0.00025 4714 0
0.003 14035 0
0.00075 4014 0
0.0005 6400 0
0.00025 17137 0
0.00025 6748 0
0.00025 5745 0
0.0015 680 0
0.00125 9747 0
0.0005 19750 0
0.0015 2398 0
0.00075 2874 0
0.00025 5830 0
0.0005 15555 0
0.00075 15490 0
0.00025 13688 0
0.0005 6355 0
0.0005 10463 0
0.0005 17755 0
0.00175 18708 0
0.0005 19779 0
0.0005 3110 0
0.00025 3369 0
0.00025 16551 0
0.001 13749 0
0.00025 7957 0
0.00025 6521 0
0.00075 11167 0
0.00025 1975 0
0.00025 10305 0
0.0015 17229 0
0.00025 16455 0
0.00175 18142 0
0.00025 1186 0
0.00025 2705 0
0.0005 1100 0
0.0005 5300 0
0.00025 2316 0
0.00025 8231 0
0.00025 8427 0
0.0005 15606 0
0.00075 11171 0
0.0005 10048 0
0.0015 1200 0
0.0005 11115 0
0.002 12741 0
0.001 18172 0
0.001 3811 0
0.00025 7054 0
0.0005 8793 0
0.00025 9687 0
0.0005 10134 0
0.00225 16983 0
0.001 831 0
0.0005 10612 0
0.0015 6717 0
0.00025 9322 0
0.00025 12582 0
0.0005 10407 0
0.0015 3139 0
0.00075 13836 0
0.0005 19296 0
0.001 2761 0
0.00125 7986 0
0.0005 13420 0
0.00025 15638 0
0.00025 7286 0
0.00025 13435 0
0.00025 10824 0
0.00075 12530 0
0.001 13035 0
0.00025 8901 0
0.00025 11578 0
0.00025 4000 0
0.0005 7029 0
0.001 1625 0
0.0005 12590 0
0.00025 13357 0
0.00025 3276 0
0.0025 5361 0
0.0025 16673 0
0.00025 18083 0
0.00125 10887 0
0.00125 16108 0
0.001 6703 0
0.00075 7811 0
0.0005 11928 0
0.00025 4901 0
0.00125 11259 0
0.00025 14465 0
0.0005 151 0
0.00075 10501 0
0.001 11722 0
0.0005 4150 0
0.0005 4601 0
0.0005 5581 0
0.003 7013 0
0.0005 10113 0
0.00125 14632 0
0.00075 11320 0
0.00025 12797 0
0.00025 19948 0
0.001 14083 0
0.00025 6057 0
0.00025 17926 0
0.00025 14345 0
0.00025 7934 0
0.0005 8531 0
0.00025 9677 0
0.0005 2909 0
0.001 5599 0
0.00025 17272 0
0.0005 2964 0
0.00075 11944 0
0.0005 1992 0
0.00075 5642 0
0.0005 19305 0
0.00025 4059 0
0.0005 4135 0
0.00175 8740 0
0.00025 11739 0
0.00025 10515 0
0.00075 1422 0
0.0005 16921 0
0.00025 16991 0
0.0015 17461 0
0.00025 12145 0
0.00025 18328 0
0.001 8 0
0.0005 12602 0
0.00025 16553 0
0.0005 9811 0
0.00025 14835 0
0.00125 8048 0
0.00025 956 0
0.00025 406 0
0.00025 16809 0
0.00025 4400 0
0.001 16298 0
0.00125 19735 0
0.00025 8415 0
0.00025 11863 0
0.00075 14456 0
0.00075 16129 0
0.0005 17849 0
0.00075 17626 0
0.0005 6481 0
0.00025 17727 0
0.00025 1642 0
0.00025 16673 0
0.00025 6935 0
0.00025 12447 0
0.00025 16697 0
0.00025 6948 0
0.0005 12846 0
0.00075 16047 0
0.00025 3351 0
0.00025 9372 0
0.0005 12874 0
0.00025 15066 0
0.00025 3183 0
0.00025 7702 0
0.00025 3092 0
0.00075 12874 0
0.00025 18906 0
0.0005 16508 0
0.00025 13262 0
0.0005 3858 0
0.0005 15975 0
0.001 205 0
0.00075 10626 0
0.00025 15233 0
0.0005 16049 0
0.0005 18058 0
0.00075 19804 0
0.00025 13766 0
0.00025 4106 0
0.001 5859 0
0.0005 8102 0
0.0005 8728 0
0.002 10216 0
0.00025 5140 0
0.00025 304 0
0.00025 16380 0
0.00025 850 0
0.0005 13165 0
0.00025 17089 0
0.00025 18049 0
0.00025 8879 0
0.001 3947 0
0.00075 4693 0
0.0005 18415 0
0.00025 5544 0
0.00025 554 0
0.00025 19163 0
0.00175 2668 0
0.00025 3580 0
0.00025 12681 0
0.00025 16943 0
0.00025 17344 0
0.00025 19581 0
0.00025 3454 0
0.00025 9995 0
0.0005 7267 0
0.00025 4629 0
0.0005 11371 0
0.00025 14027 0
0.0035 4930 0
0.0005 252 0
0.00075 15800 0
0.00025 993 0
0.00025 10152 0
0.0005 10280 0
0.00075 8063 0
0.0005 14138 0
0.001 14648 0
0.00075 5745 0
0.00025 12172 0
0.00025 12190 0
0.00025 9476 0
0.00025 9928 0
0.00025 10598 0
0.0005 16008 0
0.00025 16475 0
0.00025 10170 0
0.00025 15194 0
0.00025 17905 0
0.0005 13434 0
0.00025 7554 0
0.00025 3060 0
0.00025 9409 0
0.00075 4455 0
0.00025 357 0
0.00025 15098 0
0.0005 15733 0
0.00025 7323 0
0.00025 19304 0
0.00025 19969 0
0.001 9532 0
0.00025 18328 0
0.0005 19306 0
0.00075 6557 0
0.00025 9576 0
0.001 10118 0
0.0005 2643 0
0.0005 9128 0
0.00225 8 0
0.00025 12184 0
0.00025 14511 0
0.0005 1195 0
0.00075 9425 0
0.00025 914 0
0.00025 6129 0
0.00025 6550 0
0.0005 11991 0
0.00025 15508 0
0.00075 5363 0
0.00025 9023 0
0.0005 637 0
0.00025 16327 0
0.00025 4954 0
0.00025 12207 0
0.0005 13957 0
0.0005 11230 0
0.0005 13863 0
0.0005 8038 0
0.00075 2552 0
0.00025 4021 0
0.00075 11048 0
0.00075 3515 0
0.001 16753 0
0.00025 5627 0
0.00025 13015 0
0.00025 2043 0
0.00075 11025 0
0.00025 16632 0
0.00075 9988 0
0.00125 11868 0
0.00025 15994 0
0.00025 5486 0
0.00125 4252 0
0.00075 12185 0
0.00025 18646 0
0.00025 12624 0
0.00025 8344 0
0.00025 12046 0
0.00025 13443 0
0.00075 13793 0
0.00075 409 0
0.00125 18340 0
0.00075 4369 0
0.00025 16987 0
0.00025 1593 0
0.0005 16662 0
0.00025 1570 0
0.00075 5432 0
0.00025 18228 0
0.00025 2939 0
0.002 5080 0
0.0005 19813 0
0.00025 12725 0
0.0005 9225 0
0.00125 15791 0
0.0005 5815 0
0.0005 10359 0
0.00025 13019 0
0.00075 17848 0
0.0005 7713 0
0.001 14276 0
0.00025 9180 0
0.00075 16369 0
0.00075 4557 0
0.0005 7568 0
0.00025 6642 0
0.00025 11379 0
0.00025 11920 0
0.00025 16587 0
0.00025 2939 0
0.00025 7315 0
0.00025 14504 0
0.00025 797 0
0.00075 9170 0
0.0005 7020 0
0.00075 6036 0
0.00025 14029 0
0.00025 1126 0
0.00075 4053 0
0.00225 4590 0
0.001 4801 0
0.00075 7995 0
0.00225 11485 0
0.00125 2091 0
0.00025 8397 0
0.00075 11083 0
0.00075 19053 0
0.001 7352 0
0.00025 7822 0
0.00025 14826 0
0.00025 17866 0
0.0005 14848 0
0.00025 15954 0
0.00175 12159 0
0.001 13101 0
0.00025 3781 0
0.00025 17730 0
0.00025 5002 -0.0312045
0.0005 5114 0
0.0005 19144 0
0.00025 559 0
0.0005 4565 0
0.00075 7342 0
0.001 8783 0
0.00025 1371 0
0.00025 4433 0
0.00025 4943 0
0.00025 8934 0
0.00125 11989 0
0.00025 12614 0
0.00075 19029 0
0.0005 17586 0
0.00025 14691 0
0.0005 17127 0
0.001 7982 0
0.00025 7343 0
0.00075 210 0
0.00025 11748 0
0.0005 1264 0
0.0005 5232 0
0.00025 3445 0
0.0005 413 0
0.00075 17048 0
0.00025 1218 0
0.0005 15853 0
0.00075 14422 0
0.0005 7353 0
0.00025 13838 0
0.0005 14310 0
0.0005 5306 0
0.0005 12154 0
0.00025 18776 0
0.00025 9809 0
0.00025 3482 0
0.0005 17048 0
0.0005 17088 0
0.00025 10738 0
0.00025 5195 0
0.0005 4313 0
0.00025 4334 0
0.00025 12427 0
0.00075 5164 0
0.0005 13749 0
0.00025 2135 0
0.00025 11682 0
0.00025 2805 0
0.0005 2302 0
0.0005 8089 0
0.001 15985 0
0.00025 5659 0
0.0005 16055 0
0.00025 18722 0
0.001 12970 0
0.00025 1643 0
0.00025 7103 0
0.00075 13585 0
0.00025 2789 0
0.0005 6605 0
0.00075 1248 0
0.00025 47 0
0.00025 15160 0
0.00075 10044 0
0.00025 17301 0
0.0005 7610 0
0.00075 10138 0
0.00075 14669 0
0.00025 2031 0
0.00025 3654 0
0.0005 4308 0
0.00125 11955 0
0.0005 18786 0
0.00025 5642 0
0.00025 8058 0
0.00025 17613 0
0.0005 10537 0
0.00025 3283 0
0.00025 15318 0
0.00025 4326 0
0.00025 5941 0
0.0005 18038 0
0.00025 2004 0
0.0005 7047 0
0.00125 17657 0
0.00025 966 0
0.00025 1003 0
0.0025 13267 0
0.00025 9923 0
0.00025 12929 0
0.00025 12150 0
0.0015 2173 0
0.00025 2919 0
0.00025 6777 0
0.00025 18244 0
0.00025 9395 0
0.00025 4737 0
0.00025 17796 0
0.00025 11368 0
0.00025 10431 0
0.00025 5549 0
0.001 10648 0
0.0005 1598 0
0.00025 13025 0
0.00125 2732 0
0.0005 13469 0
0.00025 11339 0
0.00025 5240 0
0.00025 8306 0
0.00025 7075 0
0.00075 3387 0
0.00025 4792 0
0.0005 13640 0
0.001 2586 0
0.00075 2755 0
0.00025 3558 0
0.00025 1866 0
0.0015 7206 0
0.00125 4000 0
0.001 16169 0
0.00025 5582 0
0.00025 11779 0
0.00025 615 0
0.00025 17951 0
0.0015 79 0
0.00025 16932 0
0.00125 860 0
0.00075 3127 0
0.00025 17816 0
0.00025 9642 0
0.00075 7433 0
0.0005 18594 0
0.0005 10653 0
0.00025 13930 0
0.00075 14009 0
0.00025 5051 0
0.00025 10764 0
0.0005 17275 0
0.00025 200 0
0.0005 14027 0
0.00025 19742 0
0.00025 5502 0
0.00025 9465 0
0.00025 5021 0
0.00025 527 0
0.00025 10821 0
0.00025 11603 0
0.00025 12203 0
0.0005 16396 0
0.00075 18321 0
0.00025 871 0
0.00025 17948 0
0.00025 5498 0
0.00025 6646 0
0.00025 12998 0
0.00025 16009 0
0.0005 14719 0
0.0005 17222 0
0.001 19834 0
0.00025 11218 0
0.00025 10748 0
0.00025 15869 0
0.00075 10653 0
0.001 16746 0
0.0005 3668 0
0.00325 6155 0
0.0005 7417 0
0.00025 8475 0
0.0005 10541 0
0.0005 11837 0
0.00025 18160 0
0.00025 4471 0
0.00025 12757 0
0.00025 8670 0
0.00025 10224 0
0.0005 876 0
0.00025 19388 0
0.001 17949 0
0.0005 18818 0
0.001 2160 0
0.00025 5136 0
0.00025 7810 0
0.0005 11826 0
0.0005 13905 0
0.0005 1184 0
0.00075 1990 0
0.00025 2714 0
0.00125 5888 0
0.0005 4043 0
0.00025 5296 0
0.00075 15065 0
0.00025 14632 0
0.00075 3183 0
0.00025 15350 0
0.0015 19040 0
0.00025 10761 0
0.00025 9034 0
0.00025 13775 0
0.0005 7707 0
0.0005 15936 0
0.00025 14558 0
0.00025 5831 0
0.00025 12323 0
0.00025 13075 0
0.00025 4753 0
0.00075 6091 0
0.001 442 0
0.0005 3522 0
0.00025 16063 0
0.001 6825 0
0.00025 13167 0
0.00025 15546 0
0.00025 4874 0
0.00025 2237 0
0.00025 15381 0
0.00025 16793 0
0.00025 4526 0
0.00025 9891 0
0.00075 16051 0
0.0005 9481 0
0.00025 8672 0
0.00025 3630 0
0.00025 2288 0
0.00125 18690 0
0.00075 7582 0
0.00025 18939 0
0.00025 16174 0
0.0005 17953 0
0.00025 12970 0
0.00025 14679 0
0.00025 2744 0
0.00025 1718 0
0.00025 11360 0
0.00025 14409 0
0.00025 14625 0
0.00025 17463 0
0.00025 18788 0
0.0005 16354 0
0.0005 3135 0
0.00025 8606 0
0.00025 8990 0
0.00025 11082 0
0.0005 11568 0
0.00075 17520 0
0.001 5974 0
0.0005 15204 0
0.00025 8812 0
0.00125 238 0
0.00025 1055 0
0.00025 2016 0
0.00025 6771 0
0.00025 11829 0
0.00025 13582 0
0.00025 15526 0
0.00025 17767 0
0.00025 9387 0
0.00025 12523 0
0.00025 1605 0
0.00025 9992 0
0.0005 1599 0
0.00075 731 0
0.00075 17913 0
0.00025 11894 0
0.00025 17161 0
0.00025 14354 0
0.0005 18622 0
0.00025 18309 0
0.00025 3330 0
0.0005 19014 0
0.00025 2736 0
0.00025 14999 0
0.00025 10709 0
0.00025 659 0
0.00025 552 0
0.00025 6782 0
0.0005 14656 0
0.00025 5141 0
0.00025 17656 0
0.00025 9437 0
0.00025 16046 0
0.001 3377 0
0.00125 13345 0
0.00025 12774 0
0.00075 5498 0
0.00025 13750 0
0.00075 15789 0
0.00025 19722 0
0.0015 7869 0
0.00025 10723 0
0.00025 135 0
0.00025 8248 0
0.001 2173 0
0.00025 4106 0
0.00025 15674 0
0.001 17346 0
0.00025 290 0
0.001 5437 0
0.00075 1709 0
0.00075 18351 0
0.00225 11118 0
0.0005 7855 0
0.0015 8339 0
0.0005 6525 0
0.00025 5314 0
0.00025 12659 0
0.00025 4643 0
0.00025 16095 0
0.00025 16614 0
0.00075 15858 0
0.00025 16678 0
0.00025 17501 0
0.00125 4457 0
0.00025 2205 0
0.00025 5402 0
0.00025 7887 0
0.00025 10588 0
0.00125 4488 0
0.00025 13862 0
0.00025 16050 0
0.00025 2161 0
0.00025 3084 0
0.00025 8071 0
0.00025 1905 0
0.0005 42 0
0.00025 1135 0
0.00025 7929 0
0.0005 16458 0
0.001 7393 0
0.0005 13173 0
0.00075 6469 0
0.00025 11566 0
0.00025 17865 0
0.0005 5156 0
0.00075 2329 0
0.0005 14414 0
0.00025 19276 0
0.0005 15402 0
0.0005 16529 0
0.00025 1622 0
0.0005 11077 0
0.0005 14070 0
0.00025 25 0
0.00025 7668 0
0.00025 13203 0
0.0005 16073 0
0.00025 3384 0
0.00025 4826 0
0.001 1647 0
0.00025 15556 0
0.00025 1339 0
0.0005 3069 0
0.00025 3168 0
0.00075 11455 0
0.0005 3299 0
0.0005 9890 0
0.00025 10942 0
0.0005 12026 0
0.00125 11616 0
0.00025 2361 0
0.00125 1736 0
0.00025 12728 0
0.00075 14532 0
0.00025 11929 0
0.00025 17669 0
0.00025 4778 0
0.00075 9458 0
0.00025 7892 0
0.00025 16221 0
0.00025 2774 0
0.00025 9384 0
0.00025 297 0
0.0005 8507 0
0.0005 4804 0
0.00025 9658 0
0.00025 8583 0
0.00025 10695 0
0.00075 17058 0
0.001 2617 0
0.00025 9209 0
0.001 12386 0
0.00025 13358 0
0.001 1554 0
0.00075 12900 0
0.00025 138 0
0.00025 17136 0
0.0005 12751 0
0.0005 13228 0
0.0005 13891 0
0.00025 2018 0
0.00075 6914 0
0.00025 11514 0
0.00025 18048 0
0.0005 309 0
0.0005 2524 0
0.00025 6890 0
0.00075 8708 0
0.00025 11410 0
0.0005 13798 0
0.00075 18744 0
0.00125 1236 0
0.00075 13969 0
0.00075 17409 0
0.001 18494 0
0.00025 7291 0
0.00025 15208 0
0.00025 11998 0
0.00025 12059 0
0.00075 5675 0
0.00025 19117 0
0.0005 9954 0
0.00025 1906 0
0.00025 1648 0
0.00025 16688 0
0.00025 4061 0
0.00175 16250 0
0.00025 16716 0
0.00025 11861 0
0.00025 11721 0
0.00075 3528 0
0.00025 128 0
0.00075 4394 0
0.00025 3629 0
0.00025 10166 0
0.00025 7663 0
0.00025 14023 0
0.0005 6416 0
0.00025 14620 0
0.00025 14656 0
0.00025 3090 0
0.00025 3338 0
0.00025 10014 0
0.00025 15983 0
0.00025 6472 0
0.00025 9866 0
0.00025 14851 0
0.0005 11840 0
0.00025 3417 0
0.00025 8081 0
0.0005 9157 0
0.00025 16355 0
0.00025 10432 0
0.0005 18686 0
0.00025 17182 0
0.001 1348 0
0.00025 3448 0
0.00025 11934 0
0.00025 15810 0
0.00025 13441 0
0.00025 3816 0
0.00025 15921 0
0.00025 8564 0
0.00075 19255 0
0.00025 16054 0
0.00025 17253 0
0.00025 19794 0
0.00025 3079 0
0.0005 19990 0
0.0005 3905 0
0.00075 18580 0
0.00075 10279 0
0.00025 317 0
0.00025 10645 0
0.00025 18591 0
0.00025 271 0
0.00025 15441 0
0.00025 13159 0
0.00025 6916 0
0.00025 7919 0
0.00025 16031 0
0.00025 1166 0
0.00025 275 0
0.00025 14689 0
0.00025 4344 0
0.00025 10923 0
0.00025 5350 0
0.00025 15284 0
0.00075 6761 0
0.00025 7036 0
0.0005 6754 0
0.00025 15956 0
0.00025 5061 0
0.00025 1444 0
0.00025 11460 0
0.00025 15230 0
0.00025 19093 0
0.00025 13653 0
0.00075 11696 0
0.0005 13220 0
0.00075 9826 0
0.00075 4100 0
0.001 16686 0
0.0005 6634 0
0.001 7030 0
0.00025 1618 0
0.00025 13477 0
0.00025 17182 0
0.00025 6014 0
0.0005 12711 0
0.00025 13533 0
0.00025 15444 0
0.00025 11495 0
0.00075 333 0
0.00025 10136 0
0.00025 13299 0
0.00025 18925 0
0.0005 14810 0
0.00025 18315 0
0.00025 3311 0
0.00025 7330 0
0.00025 15791 0
0.00025 14495 0
0.00025 9499 0
0.00025 5007 0
0.00025 2824 0
0.00025 16710 0
0.00025 1479 0
0.00075 8742 0
0.0005 16919 0
0.00025 18101 0
0.00025 15058 0
0.00025 10467 0
0.00025 17022 0
0.0005 18614 0
0.00025 7176 0
0.00025 19186 0
0.0005 5049 0
0.00025 13017 0
0.00025 15596 0
0.00025 19890 0
0.00025 17239 0
0.0005 7903 0
0.0005 2969 0
0.00025 18445 0
0.00025 2354 0
0.00025 18365 0
0.00025 709 0
0.00025 13443 0
0.00125 13489 0
0.00025 18771 0
0.00025 10146 0
0.00025 14773 0
0.00025 17312 0
0.00025 9426 0
0.0005 12531 0
0.00025 15261 0
0.00025 10567 0
0.00025 10622 0
0.00025 18684 0
0.00025 12173 0
0.00025 6053 0
0.00025 13778 0
0.0005 4205 0
0.00025 1699 0
0.00025 19689 0
0.00025 16548 0
0.00025 6265 0
0.00025 12744 0
0.00125 19068 0
0.00025 102 0
0.00075 2712 0
0.0015 13728 0
0.00025 16978 0
0.00025 2077 0
0.00025 2404 0
0.0005 16192 0
0.00025 14260 0
0.00025 6538 0
0.00025 13903 0
0.0005 7787 0
0.0005 12581 0
0.0005 819 0
0.00025 2744 0
0.0005 9037 0
0.00025 17908 0
0.00025 12485 0
0.00025 8594 0
0.00025 16828 0
0.0005 17063 0
0.00025 8479 0
0.00025 12966 0
0.00025 5554 0
0.00025 18379 0
0.00025 10396 0
0.0005 18149 0
0.00025 9793 0
0.00025 15973 0
0.00025 15475 0
0.00025 369 0
0.00025 3257 0
0.00025 10725 0
0.00025 15524 0
0.00025 18087 0
0.00025 5544 0
0.00025 17543 0
0.0005 19091 0
0.0005 11361 0
0.0005 12881 0
0.00025 95 0
0.00025 14765 0
0.00025 1090 0
0.0005 2439 0
0.00025 7701 0
0.00025 10200 0
0.00025 15002 0
0.00025 15542 0
0.00025 542 0
0.00025 11984 0
0.00025 15565 0
0.00025 1633 0
0.00025 16272 0
0.00025 8589 0
0.00075 2982 0
0.00025 826 0
0.00025 11165 0
0.00025 12718 0
0.0005 15067 0
0.00025 18620 0
0.00025 13345 0
0.00025 17847 0
0.0005 18441 0
0.00025 7963 0
0.00025 8934 0
0.00025 166 0
0.00025 15619 0
0.00025 14389 0
0.00025 7940 0
0.00025 11065 0
0.00025 11736 0
0.00025 2729 0
0.00025 11104 0
0.00025 17747 0
0.00025 108 0
0.00025 8875 0
0.0005 3342 0
0.00025 3663 0
0.00025 7232 0
0.00025 7822 0
0.00025 11087 0
0.00025 13585 0
0.0005 6954 0
0.0005 8535 0
0.00025 9178 0
0.00025 5935 0
0.00025 10331 0
0.00025 1744 0
0.00025 14322 0
0.00025 3533 0
0.00075 9617 0
0.00025 938 0
0.00025 10858 0
0.00025 3832 0
0.0005 7640 0
0.00025 15212 0
0.00025 15584 0
0.00025 16137 0
0.0005 15492 0
0.00025 13705 0
0.00025 5547 0
0.0005 1195 0
0.00025 18579 0
0.00025 572 0
0.00025 9372 0
0.00025 16740 0
0.00025 10045 0
0.0005 19832 0
0.0005 605 0
0.0005 13288 0
0.00025 18136 0
0.001 19489 0
0.00025 10945 0
0.00025 17787 0
0.00025 16152 0
0.00025 3157 0
0.00025 8982 0
0.00025 17300 0
0.00025 14228 0
0.00025 2536 0
0.00025 18068 0
0.00025 6583 0
0.00075 17833 0
0.00025 13962 0
0.00025 16913 0
0.00075 10474 0
0.00025 12691 0
0.00075 15557 0
0.0005 1525 0
0.0005 4902 0
0.00025 8800 0
0.00025 5182 0
0.0005 10327 0
0.00025 12146 0
0.0005 7023 0
0.00025 1578 0
0.0005 3136 0
0.00075 15122 0
0.00025 5244 0
0.00025 9307 0
0.00025 7145 0
0.00025 5828 0
0.0005 3185 0
0.0005 16438 0
0.00025 8274 0
0.00025 2834 0
0.0005 8703 0
0.00025 18221 0
0.00025 130 0
0.00025 13462 0
0.00025 16289 0
0.00025 13643 0
0.00025 3804 0
0.00025 17086 0
0.0005 369 0
0.0005 5905 0
0.00025 9794 0
0.0005 13593 0
0.00025 1898 0
0.00025 8741 0
0.00025 10568 0
0.00025 4658 0
0.00025 6136 0
0.0005 11825 0
0.00025 83 0
0.00025 8040 0
0.00025 5751 0
0.00025 9285 0
0.00025 4751 0
0.00025 17440 0
0.00025 1923 0
0.0005 15940 0
0.0005 3706 0
0.00025 13830 0
0.00025 14061 0
0.00025 4364 0
0.00075 6924 0
0.0005 16725 0
0.001 15796 0
0.00025 9504 0
0.00025 15682 0
0.00025 19382 0
0.00025 159 0
0.00025 16753 0
0.00025 1107 0
0.00025 6707 0
0.0005 18571 0
0.00025 13823 0
0.00025 13375 0
0.00025 9865 0
0.0005 19990 0
0.0005 5430 0
0.00025 9265 0
0.0005 3612 0
0.0005 7159 0
0.00025 5127 0
0.00025 19523 0
0.00025 5435 0
0.0005 9546 0
0.00025 4561 0
0.00025 16257 0
0.00025 15437 0
0.00025 14034 0
0.00075 3052 0
0.00025 7019 0
0.00025 7288 0
0.0005 1567 0
0.00025 19111 0
0.00025 16044 0
0.00025 15893 0
0.00025 13559 0
0.00025 9446 0
0.00025 12893 0
0.00025 14794 0
0.00025 19723 0
0.0005 4613 0
0.00025 2780 0
0.00025 18149 0
0.0005 6946 0
0.00025 5115 0
0.00025 8875 0
0.00025 1643 0
0.00025 2940 0
0.00025 5649 0
0.00025 1631 0
0.0005 15827 0
0.0005 6627 0
0.00025 8539 0
0.00025 12800 0
0.00025 15300 0
0.00025 9659 0
0.00025 6062 0
0.00025 3442 0
0.00025 7226 0
0.0005 7677 0
0.00025 9006 0
0.00025 9084 0
0.00025 3110 0
0.00025 6308 0
0.00025 7958 0
0.00025 11674 0
0.00025 10459 0
0.00025 15400 0
0.00025 3895 0
0.00025 8297 0
0.00025 5780 0
0.00025 12070 0
0.00025 1509 0
0.00025 2468 0
0.0005 10548 0
0.0005 14083 0
0.0005 15296 0
0.00025 1736 0
0.0005 13165 0
0.00025 2809 0
0.00025 15833 0
0.00025 12191 0
0.00025 18935 0
0.00075 17613 0
0.00025 1024 0
0.00025 8386 0
0.00025 5715 0
0.00025 9691 0
0.00025 16822 0
0.00025 3175 0
0.00025 2460 0
0.00025 11304 0
0.00025 10476 0
0.00025 16074 0
0.00025 11198 0
0.00025 6313 0
0.00025 7174 0
0.00025 15924 0
0.00025 15499 0
0.00025 5424 0
0.00025 3539 0
0.00075 19891 0
0.00025 11577 0
0.00025 4725 0
0.00025 11458 0
0.00025 8991 0
0.00025 2315 0
0.0005 5629 0
0.00025 7534 0
0.0005 3468 0
0.00025 4096 0
0.00025 10165 0
0.00025 15102 0
0.00025 17970 0
0.00025 19770 0
0.001 6505 0
0.0005 4005 0
0.00025 9684 0
0.00025 14692 0
0.0005 9514 0
0.0005 10992 0
0.00025 18771 0
0.00025 12236 0
0.00025 16213 0
0.0005 10523 0
0.0005 1078 0
0.0005 19643 0
0.0005 12929 0
0.00025 9237 0
0.00025 12652 0
0.00025 17050 0
0.0005 11988 0
0.00025 10105 0
0.00025 1583 0
0.00025 7679 0
0.00025 15894 0
0.00025 19216 0
0.00025 4353 0
0.00025 4723 0
0.00025 1431 0
0.00025 374 0
0.00025 2626 0
0.00025 16463 0
0.00025 13683 0
0.00025 16192 0
0.00025 9289 0
0.00025 664 0
0.00025 8257 0
0.00025 18054 0
0.00025 13086 0
0.00025 694 0
0.00025 8354 0
0.00025 13685 0
0.00025 1771 0
0.00025 6467 0
0.00025 10471 0
0.00025 4551 0
0.00025 15620 0
0.00025 17442 0
0.00025 8353 0
0.00025 6448 0
0.00025 17590 0
0.0005 6417 0
0.00025 14528 0
0.00025 16186 0
0.00025 5323 0
0.00025 19279 0
0.001 9098 0
0.00075 3426 0
0.0005 16572 0
0.00025 2577 0
0.0005 1537 0
0.00025 3509 0
0.00025 792 0
0.00025 2741 0
0.0005 18335 0
0.00025 1280 0
0.00025 4225 0
0.00025 7973 0
0.00025 16871 0
0.00025 3834 0
0.00025 8413 0
0.00025 11007 0
0.00025 13646 0
0.0005 18831 0
0.00025 12789 0
0.00025 2080 0
0.00025 4071 0
0.00025 15532 0
0.00025 18775 0
0.00025 8504 0
0.0005 10241 0
0.00025 13540 0
0.00025 12721 0
0.00025 3320 0
0.00025 6726 0
0.00025 3977 0
0.0005 6987 0
0.0005 17432 0
0.00025 16089 0
0.00025 17767 0
0.00025 16344 0
0.00025 1624 0
0.00025 9100 0
0.00025 8447 0
0.00025 9305 0
0.0005 13248 0
0.0005 6533 0
0.00025 15716 0
0.00025 17410 0
0.00025 15978 0
0.00025 729 0
0.00025 15591 0
0.00025 17552 0
0.00025 428 0
0.00025 2067 0
0.00025 267 0
0.00025 2226 0
0.00075 5430 0
0.00025 8252 0
0.00025 172 0
0.00025 17334 0
0.0005 9539 0
0.00025 2608 0
0.00025 16804 0
0.00025 6795 0
0.00025 8885 0
0.00025 8652 0
0.00025 15279 0
0.00025 15884 0
0.00025 19379 0
0.0005 2413 0
0.00025 15536 0
0.00025 17544 0
0.00025 16424 0
0.00025 19674 0
0.00025 1207 0
0.00025 72 0
0.00025 2022 0
0.00025 9597 0
0.00025 2299 0
0.0005 9843 0
0.00025 13961 0
0.00025 19247 0
0.00025 14284 0
0.00025 6705 0
0.00025 2991 0
0.00025 15551 0
0.0005 16391 0
0.00025 3330 0
0.00025 10045 0
0.0005 14112 0
0.00025 14583 0
0.00025 6577 0
0.00025 7141 0
0.00025 1111 0
0.00025 3824 0
0.00025 14347 0
0.00025 1013 0
0.00075 16433 0
0.0005 4770 0
0.00025 670 0
0.00025 5963 0
0.0005 12221 0
0.00025 12591 0
0.00025 3221 0
0.00025 8445 0
0.00025 5905 0
0.00025 15933 0
0.00025 15956 0
0.00025 3929 0
0.00025 17406 0
0.00025 17972 0
0.00025 19810 0
0.0005 622 0
0.00025 9704 0
0.00025 11503 0
0.00025 11322 0
0.00025 78 0
0.00025 9602 0
0.00025 11374 0
0.00025 11921 0
0.00025 15169 0
0.00025 1558 0
0.00025 18214 0
0.00025 4268 0
0.00025 12251 0
0.00025 1874 0
0.00025 2166 0
0.00025 3366 0
0.00025 11083 0
0.00025 5642 0
0.00025 12538 0
0.00025 11744 0
0.00025 6269 0
0.00075 16279 0
0.00025 2999 0
0.00025 16260 0
0.00025 13327 0
0.0005 7375 0
0.00025 52 0
0.00025 7144 0
0.00025 18676 0
0.0005 32 0
0.0005 357 0
0.00025 18779 0
0.0005 636 0
0.00025 9169 0
0.0005 14990 0
0.00025 16706 0
0.00025 1599 0
0.00025 11147 0
0.00025 709 0
0.00025 15159 0
0.00025 5078 0
0.00025 15923 0
0.00025 11164 0
0.0005 18264 0
0.00025 14109 0
0.0005 12884 0
0.00025 2299 0
0.00025 13563 0
0.00025 19582 0
0.00025 16498 0
0.00025 6735 0
0.00025 7727 0
0.0005 16891 0
0.00025 14667 0
0.00025 3137 0
0.00025 2827 0
0.00025 9678 0
0.00025 14427 0
0.00025 11194 0
0.00025 1831 0
0.00025 481 0
0.0005 11748 0
0.0005 17411 0
0.00025 12627 0
0.00025 4729 0
0.00025 16246 0
0.00025 18673 0
0.00025 4369 0
0.00025 15537 0
0.00025 11060 0
0.00025 10509 0
0.00025 10944 0
0.00025 13035 0
0.00025 7148 0
0.00025 5864 0
0.00025 11662 0
0.00025 7595 0
0.00025 19290 0
0.00075 103 0
0.00025 5353 0
0.00025 1226 0
0.00025 8361 0
0.00025 4463 0
0.00025 14081 0
0.00025 19986 0
0.00025 15374 0
0.00025 7390 0
0.00025 2365 0
0.00025 9330 0
0.00025 14835 0
0.00025 6060 0
0.00025 19471 0
0.00025 5990 0
0.00025 2937 0
0.00025 930 0
0.00025 564 0
0.00025 14303 0
0.00025 8744 0
0.00025 9216 0
0.00025 2545 0
0.00025 1110 0
0.00025 15052 0
0.00025 8815 0
0.00025 600 0
0.00025 18881 0
0.00025 15340 0
0.00025 10033 0
0.00025 18479 0
0.00025 7431 0
0.00025 4861 0
0.00025 15069 0
0.00025 2351 0
0.00025 19431 0
0.00025 10564 0
0.00025 19554 0
0.00025 5221 0
0.00025 13187 0
0.00025 14886 0
0.00025 16416 0
0.00025 1368 0
0.00025 4209 0
0.00025 2865 0
0.00025 12234 0
0.0005 15439 0
0.00025 6018 0
0.00025 14242 0
0.0005 11818 0
0.00025 17365 0
0.00025 19071 0
0.00025 11555 0
0.00025 77 0
0.00025 7856 0
0.00025 8642 0
0.00025 16086 0
0.00025 4361 0
0.00025 8812 0
0.00025 18759 0
0.00025 852 0
0.00025 5240 0
0.00025 14813 0
0.00025 4770 0
0.00025 324 0
0.00025 14105 0
0.00025 9497 0
0.00025 18136 0
0.00025 12560 0
0.00025 10933 0
0.00025 11088 0
0.00025 6164 0
0.00025 8648 0
0.00025 19024 0
0.00025 121 0
0.00025 4883 0
0.00025 13002 0
0.00025 4842 0
0.00025 5035 0
0.00025 13027 0
0.00025 4173 0
0.00025 9928 0
0.00025 10228 0
0.00025 16097 0
0.00025 19908 0
0.00025 227 0
0.00025 11667 0
0.00025 1576 0
0.00025 15068 0
0.00025 6501 0
0.00025 1477 0
0.00025 6901 0
0.00025 15814 0
0.00025 2811 0
0.00025 15731 0
0.00025 8449 0
0.00025 4853 0
0.00025 4353 0
0.00025 5366 0
0.00025 15823 0
0.00025 18051 0
0.00025 8482 0
0.00025 13563 0
0.00025 4785 0
0.00025 10222 0
0.00025 13361 0
0.00025 291 0
0.00025 12045 0
0.00025 12 0
0.00025 5784 0
0.0005 13756 0
0.00025 3650 0
0.00025 5596 0
0.00025 11933 0
0.00025 15349 0
0.00025 17453 0
0.00025 10920 0
0.00025 1093 0
0.00025 8273 0
0.00025 8391 0
0.00025 15335 0
0.00025 16177 0
0.00025 1867 0
0.0005 2361 0
0.00025 11407 0
0.00025 10816 0
0.00025 14508 0
0.00025 19053 0
0.00025 2449 0
0.00025 17461 0
0.00025 5687 0
0.0005 4725 0
0.00025 281 0
0.00025 11790 0
0.00025 14017 0
0.00025 7342 0
0.00025 12419 0
0.00025 5014 0
0.00025 5150 0
0.00025 6216 0
0.00025 14203 0
0.00025 7009 0
0.00025 10931 0
0.00025 4232 0
0.00025 8591 0
0.00025 5527 0
0.00025 10928 0
0.00025 19506 0
0.00025 3486 0
0.00025 2934 0
0.00025 4718 0
0.00025 12428 0
0.00025 18052 0
0.00025 59 0
0.00025 15198 0
0.00025 11326 0
0.00025 4993 0
0.00025 10792 0
0.00025 14167 0
0.00025 5957 0
0.00025 16715 0
0.00025 19856 0
0.00025 2352 0
0.00025 5172 0
0.00025 10157 0
0.00025 10904 0
0.00025 1080 0
0.00025 5433 0
0.00025 15851 0
0.00025 6331 0
0.00025 7491 0
0.00025 19100 0
0.00025 1952 0
0.00025 14975 0
0.00025 12064 0
0.00025 5730 0
0.00025 895 0
0.00025 19882 0
0.00025 823 0
0.00025 1887 0
0.00025 10433 0
0.00025 2862 0
0.00025 13328 0
0.00025 18060 0
0.00025 8214 0
0.00025 6939 0
0.00025 19150 0
0.00025 19803 0
0.00025 14802 0
0.00025 18049 0
0.00025 13677 0
0.0005 569 0
0.00025 18995 0
0.00025 19948 0
0.00025 5222 0
0.00025 14142 0
0.00025 5867 0
0.00025 19401 0
0.00025 4240 0
0.00025 6504 0
0.00025 1573 0
0.00025 1815 0
0.00025 18963 0
0.00025 11519 0
0.00025 13862 0
0.00025 18959 0
0.00025 17323 0
0.00025 2390 0
0.00025 19160 0
0.00025 12900 0
0.00025 7152 0
0.00025 13976 0
0.00025 9441 0
0.00025 4750 0
0.00025 13860 0
0.00025 14159 0
0.00025 18079 0
0.00025 9021 0
0.00025 85 0
0.00025 6289 0
0.00025 14146 0
0.00025 1690 0
0.00025 2917 0
0.00025 15108 0
0.00025 15660 0
0.00025 19336 0
0.00025 1675 0
