65 79 74 76
67 79 75 84
70 80 69 79
68 87 72 78
74 84 74 83
70 82 70 81
71 85 70 79
67 81 72 81
80 84 74 84
66 84 72 81
64 80 70 78
72 83 78 85
62 74 66 78
66 81 69 87
70 78 71 81
64 84 63 74
66 79 76 75
69 82 73 84
64 81 72 83
68 84 73 84
65 79 70 82
69 81 72 83
64 80 72 78
68 86 72 79
70 80 77 82
71 79 73 85
64 82 76 82
65 79 72 74
65 78 71 79
64 81 68 85
69 86 74 86
67 84 75 80
71 83 79 84
73 84 76 85
71 83 72 82
71 76 66 86
68 88 71 80
68 78 69 83
64 79 69 78
72 79 77 83
68 82 72 84
68 85 74 82
67 75 68 79
68 79 78 86
69 87 76 79
70 80 79 84
68 81 64 82
70 86 72 80
72 79 68 70
66 82 71 78
69 83 73 82
72 79 73 77
73 80 72 80
67 78 69 78
96 92 92 97
68 84 72 79
71 83 72 79
66 82 75 79
65 80 68 81
71 83 72 82
66 79 72 80
69 76 74 85
66 82 72 89
69 85 68 80
65 79 71 78
64 75 72 78
70 82 73 83
62 87 71 80
71 81 73 82
63 81 73 84
66 83 73 83
65 77 69 82
68 87 72 80
61 77 64 77
67 82 72 78
68 76 74 85
67 81 78 80
64 77 65 73
64 78 77 78
65 78 74 83
69 79 70 78
72 88 80 88
65 80 76 79
65 76 73 77
63 82 71 82
63 78 67 80
66 82 71 82
68 80 71 78
67 80 74 80
65 84 71 78
70 81 71 82
69 79 77 81
66 79 73 82
69 79 70 85
75 82 81 87
73 88 79 83
64 79 63 77
71 82 69 88
72 81 68 90
68 80 73 81
68 82 75 84
66 83 75 83
66 83 72 79
71 81 74 80
66 84 72 82
67 84 73 83
64 82 71 79
66 82 68 81
71 79 76 82
68 86 71 85
71 77 72 86
65 80 69 83
75 76 71 85
73 85 82 84
68 81 77 82
68 82 76 83
68 80 75 82
65 82 73 84
62 80 66 81
76 80 76 82
64 82 73 77
64 84 66 80
70 75 69 82
65 80 75 79
68 84 70 81
66 85 72 82
65 83 71 82
74 78 75 80
73 82 70 79
69 76 70 80
67 75 75 78
68 84 76 81
62 84 71 77
70 82 67 84
63 78 69 79
71 85 74 79
73 78 72 89
64 87 78 83
71 83 74 82
73 80 75 81
66 83 72 79
68 80 69 84
74 74 76 83
70 79 78 84
68 78 70 75
64 81 68 76
75 84 79 82
71 80 74 83
64 82 69 74
70 82 74 82
71 84 73 85
69 82 68 77
72 84 66 80
67 82 70 86
67 80 73 79
71 82 74 82
67 80 72 82
69 84 72 82
70 80 75 85
66 85 73 82
69 79 74 80
73 86 75 88
65 83 74 81
68 80 75 77
70 79 76 86
64 79 69 85
66 86 74 79
71 83 82 84
65 85 71 77
70 83 76 80
63 79 73 79
69 80 79 81
67 88 73 83
68 78 69 87
72 78 74 85
61 77 71 75
64 87 78 79
71 86 73 82
65 80 69 78
76 85 68 83
72 84 75 77
71 82 70 79
64 77 70 77
61 74 66 78
63 76 77 80
65 82 76 75
69 84 76 77
68 84 70 83
68 78 76 86
61 81 69 79
72 81 70 77
65 82 76 77
64 82 70 84
69 81 70 82
71 83 74 81
71 79 74 81
69 87 78 82
64 78 71 80
66 85 73 80
65 75 65 74
101 80 92 99
59 84 65 80
59 86 63 78
61 86 67 84
57 81 67 82
56 79 63 86
57 84 60 84
60 84 69 82
53 85 62 81
53 86 64 80
52 85 67 76
62 89 66 76
54 84 66 78
58 82 61 76
56 84 60 78
61 85 66 82
59 84 68 82
59 84 63 83
59 86 64 85
54 88 63 83
67 87 69 82
57 81 63 82
58 86 70 80
54 83 60 83
62 88 64 81
54 84 61 80
55 82 64 83
57 88 65 84
54 85 60 86
59 83 70 81
58 83 64 77
53 84 61 79
55 80 61 78
58 85 62 79
61 82 62 83
58 79 69 82
61 86 67 79
66 86 65 82
63 82 67 78
56 83 64 77
62 81 63 84
57 84 62 80
59 85 65 78
64 86 65 84
59 86 68 82
58 79 68 78
56 85 69 82
58 84 65 76
58 83 62 83
56 81 61 83
57 86 68 80
55 88 67 81
57 85 62 80
57 80 69 77
56 83 65 80
60 93 72 91
57 86 65 83
59 87 66 84
52 86 62 80
61 89 63 80
54 86 67 79
70 90 78 86
56 85 65 77
52 79 62 86
61 84 67 84
58 85 64 81
61 83 65 79
57 79 62 80
59 83 64 80
59 80 65 84
57 84 61 75
59 81 66 80
54 86 68 84
56 82 60 78
57 90 65 82
58 84 66 82
54 86 66 87
53 81 66 84
52 81 63 77
54 88 65 82
57 84 66 83
98 106 85 105
59 87 62 83
57 81 63 82
57 88 65 81
56 85 63 76
57 83 63 83
60 85 65 81
58 85 67 78
58 85 70 83
53 81 60 81
56 88 58 80
55 82 66 75
57 83 60 80
52 80 64 81
57 84 61 80
58 87 62 82
55 81 63 83
59 85 64 79
56 84 63 80
65 89 75 86
57 83 64 76
54 82 64 84
59 82 66 80
58 81 62 81
55 86 63 81
59 83 64 80
56 87 64 78
58 92 72 80
57 85 62 80
56 85 66 84
57 82 61 83
56 84 64 81
52 86 64 80
58 81 64 79
60 87 60 78
57 83 66 77
94 102 88 108
86 102 82 95
56 84 63 81
55 86 64 75
53 84 61 79
55 82 60 79
57 80 59 77
58 82 63 76
54 81 63 78
80 97 75 95
57 82 64 83
58 82 60 79
58 84 62 84
58 85 61 83
56 83 61 82
56 81 65 80
51 84 60 81
55 86 71 82
58 83 68 83
56 83 66 82
55 85 63 81
95 104 87 105
56 84 60 79
59 84 66 81
94 102 83 107
52 85 61 77
57 82 65 81
58 87 64 84
58 78 61 84
58 84 68 81
63 85 66 79
51 85 62 82
58 85 62 78
59 80 63 84
58 81 65 82
55 83 65 86
84 100 79 96
53 83 61 79
56 83 65 78
78 97 76 99
57 85 68 79
58 88 62 79
65 91 72 93
57 88 62 82
60 87 61 79
59 85 68 80
62 79 69 80
57 84 64 82
58 82 63 82
55 82 58 77
57 87 62 79
57 84 63 83
56 82 65 76
70 90 71 81
52 81 60 78
59 83 63 82
56 77 64 78
60 84 64 80
55 80 62 81
54 83 65 78
54 88 65 80
57 85 69 82
57 82 67 80
51 85 67 79
61 85 70 80
57 87 67 83
56 83 67 81
57 86 67 84
57 87 62 78
56 83 63 80
56 82 63 81
59 86 67 79
62 86 67 82
57 87 66 84
56 83 63 84
62 88 64 81
55 83 65 81
59 83 64 78
58 86 65 80
54 84 60 79
59 84 60 78
58 85 64 83
56 77 60 78
69 82 76 80
66 81 67 83
75 85 76 91
72 81 76 81
75 84 75 82
76 75 72 88
75 81 75 85
79 73 77 89
73 75 75 83
76 83 74 82
75 82 77 91
68 80 73 91
80 79 77 91
71 81 75 83
71 79 71 84
74 88 74 89
73 82 76 89
70 85 74 89
71 85 76 87
68 77 67 72
74 88 72 80
73 88 72 83
70 83 70 82
75 82 77 89
69 81 72 86
76 83 74 75
76 87 79 85
72 89 77 86
70 85 76 81
66 78 63 87
72 79 69 91
73 82 71 87
71 86 73 90
73 82 71 87
74 79 76 89
74 74 72 91
71 80 77 79
75 78 75 85
73 79 74 85
74 81 76 85
79 80 72 91
66 78 74 87
72 81 73 84
71 81 74 76
79 81 76 83
71 77 74 86
78 84 80 89
73 82 76 83
76 80 79 85
68 80 67 85
74 79 73 90
71 80 67 93
75 83 75 86
71 85 71 89
77 82 77 82
76 83 73 86
69 78 75 85
72 78 78 87
77 88 71 89
67 79 72 78
70 77 68 83
72 72 66 86
70 81 79 88
77 83 73 83
76 84 71 85
70 83 74 86
75 86 72 79
73 76 66 77
66 85 69 85
73 79 74 79
77 79 78 86
77 84 78 90
76 86 76 90
71 80 73 87
77 80 68 83
75 78 72 82
71 69 70 82
73 76 77 82
70 79 73 87
80 85 75 88
69 77 74 88
71 83 71 84
78 85 76 87
64 74 69 79
76 82 75 80
68 76 68 83
70 82 77 84
71 78 75 87
72 79 74 88
75 79 73 96
75 84 78 90
70 82 73 80
71 81 71 86
68 87 70 91
73 83 72 86
76 81 74 89
72 80 77 82
72 83 71 86
74 87 76 86
78 78 84 87
73 81 73 84
63 75 68 82
76 78 74 81
68 77 74 75
74 77 72 82
74 79 69 81
70 82 74 83
79 75 73 85
67 84 72 83
68 83 73 83
70 87 70 88
76 78 77 86
72 82 72 82
67 85 71 87
74 77 69 83
76 83 70 84
73 76 68 82
75 77 75 88
76 82 74 83
66 82 73 84
77 87 73 88
75 90 81 87
75 76 72 89
69 80 72 89
70 83 75 85
70 87 72 88
77 79 77 83
72 79 75 86
73 78 75 82
70 81 72 83
72 85 72 91
72 83 75 89
67 83 70 81
77 82 77 86
77 80 78 88
72 78 76 84
73 85 75 84
69 79 70 86
73 83 72 88
67 86 76 89
73 85 70 90
71 81 69 82
75 76 67 86
66 82 74 85
67 86 72 92
76 80 77 83
77 76 71 82
78 79 82 87
78 80 75 84
71 73 75 84
78 81 78 89
69 77 71 83
74 80 70 85
74 80 73 90
76 83 80 85
65 79 74 81
73 80 74 86
71 82 70 82
73 76 72 86
74 83 74 97
74 81 68 85
70 82 76 79
77 87 76 88
75 75 74 86
64 79 70 88
70 78 69 81
80 80 73 94
75 79 78 87
72 77 74 85
83 91 75 84
70 75 72 87
71 84 73 89
71 75 69 82
79 83 80 89
72 81 70 83
79 84 77 83
73 80 73 84
73 83 71 82
66 81 69 89
75 79 73 90
77 86 73 81
70 81 74 91
67 78 71 86
74 80 75 90
70 88 77 86
76 81 77 88
73 81 75 86
73 82 71 87
76 78 72 85
71 82 74 80
70 80 75 89
64 78 65 81
79 80 73 84
78 84 69 88
77 82 77 92
76 79 72 84
71 80 72 85
79 89 74 84
74 79 73 85
76 88 74 92
57 77 70 81
60 84 62 87
67 83 68 91
64 85 70 80
56 72 55 77
53 74 59 75
56 79 61 82
63 74 66 83
57 79 62 77
57 78 63 81
54 75 60 75
56 82 68 79
59 80 63 81
65 84 69 83
60 78 64 82
61 81 60 81
56 75 62 81
74 81 70 83
64 82 69 82
63 77 72 82
60 75 61 76
64 82 65 82
57 78 63 81
58 79 62 84
54 78 58 73
59 77 63 79
59 75 61 80
67 85 68 85
58 79 64 82
62 85 69 95
55 77 60 81
56 80 61 81
57 85 63 87
63 80 65 85
65 84 70 84
68 90 66 86
72 87 69 88
61 81 70 85
67 89 75 80
53 74 59 76
59 83 65 84
53 76 60 79
58 82 61 79
64 82 65 81
66 79 70 83
63 84 69 88
65 86 63 83
63 81 63 89
65 80 68 85
61 73 55 76
60 78 65 84
65 79 63 91
67 79 68 81
70 84 69 82
69 84 69 82
55 73 60 79
60 81 69 80
57 78 68 81
62 81 67 83
64 78 75 84
62 81 71 89
60 82 62 87
61 77 67 85
62 80 62 81
61 84 63 82
63 84 81 86
61 83 64 86
49 75 63 69
55 80 60 79
59 77 70 80
63 83 67 81
60 80 67 78
70 86 71 86
58 77 66 84
60 75 63 74
61 72 60 78
60 81 65 79
56 82 59 83
61 75 60 75
56 77 64 77
61 81 65 86
58 75 60 79
61 81 62 85
64 79 69 81
77 88 77 99
51 77 60 78
63 83 70 83
55 87 66 81
63 84 63 83
68 90 68 87
60 76 63 79
63 82 60 75
60 75 62 79
61 82 63 83
67 88 66 83
61 75 62 85
69 75 64 88
71 88 71 86
53 85 68 82
63 79 60 82
60 79 63 86
61 80 68 82
55 78 65 79
55 78 67 82
62 80 69 81
59 82 62 83
64 85 74 85
61 77 68 87
58 79 61 78
66 86 68 89
63 78 61 77
63 80 65 87
55 75 65 77
62 83 67 84
57 77 62 83
62 78 62 84
63 84 63 83
53 79 61 78
62 83 68 90
59 82 62 80
60 80 63 83
80 90 72 88
58 77 63 76
59 77 68 81
69 79 66 82
60 76 65 80
63 80 64 82
65 78 68 86
59 82 64 87
79 91 74 89
55 78 61 74
61 81 65 85
63 79 74 81
64 85 63 90
60 90 70 88
59 80 63 83
63 79 61 81
62 82 62 78
63 84 68 87
57 84 64 85
96 105 84 96
65 88 63 87
61 79 67 92
57 78 62 83
60 79 63 77
63 85 68 83
60 80 66 83
64 79 63 85
67 82 68 89
64 87 73 90
73 90 67 91
61 79 70 83
61 79 62 79
65 86 61 91
67 82 65 89
56 81 64 87
63 79 63 84
56 81 61 82
52 80 67 80
61 83 63 79
64 79 66 82
61 77 61 81
61 81 66 89
55 84 63 81
52 78 53 72
59 80 69 82
55 82 63 87
60 79 66 83
55 73 58 84
61 86 65 82
72 85 73 87
54 79 70 88
72 88 72 90
59 78 64 76
59 83 68 84
55 78 62 86
56 81 58 85
52 75 56 77
60 84 62 81
58 80 67 73
61 77 67 81
57 85 67 82
61 81 67 78
57 81 59 84
59 78 70 87
57 83 60 84
69 85 67 88
61 80 68 83
69 78 59 84
53 80 59 75
64 76 71 86
57 74 55 73
85 96 77 91
58 87 61 83
62 79 66 78
58 81 62 83
67 86 65 84
57 84 66 82
60 81 64 82
69 78 70 86
73 80 68 91
68 75 61 86
65 74 63 88
66 77 62 81
69 79 67 91
74 76 67 90
69 78 67 91
67 82 63 88
70 72 65 95
68 77 65 96
65 77 60 88
77 78 68 93
73 77 62 93
65 77 69 84
67 71 61 88
67 79 61 81
71 78 67 93
73 83 66 96
74 80 65 99
65 75 63 87
67 76 65 88
70 72 63 94
72 73 67 83
65 76 62 87
66 76 64 85
63 73 59 85
63 76 64 84
69 73 63 87
67 79 65 86
70 74 60 85
65 75 61 86
72 77 64 89
70 74 64 85
67 71 65 84
80 73 67 93
66 74 63 88
65 77 64 90
62 72 65 89
72 77 63 85
71 82 65 96
73 84 68 94
66 81 63 91
64 74 64 84
71 83 64 94
70 72 61 92
67 75 64 89
74 81 65 96
65 81 62 93
65 75 63 82
64 74 60 87
70 77 66 94
63 74 59 81
69 77 62 88
66 76 68 93
72 71 64 83
71 74 65 90
75 83 66 94
66 72 63 89
62 71 63 80
70 71 64 79
72 74 61 91
70 75 65 84
71 73 67 89
59 74 58 84
71 72 69 97
71 70 63 93
65 74 64 76
72 76 63 93
67 79 63 88
64 76 59 86
63 71 63 85
73 79 69 97
64 77 59 91
68 74 65 93
73 82 64 91
66 77 65 91
66 82 61 95
67 82 65 90
74 71 65 93
68 71 66 94
73 83 69 90
73 76 64 94
69 78 69 91
74 78 68 91
65 71 63 84
69 77 59 89
72 80 68 92
70 70 66 90
73 72 62 88
68 77 63 89
76 76 69 90
69 76 60 94
68 78 67 88
71 73 63 87
66 71 63 95
67 70 63 82
70 80 65 95
64 74 63 88
73 79 68 91
64 77 61 84
72 78 67 89
67 72 67 87
68 76 65 98
67 76 65 94
65 76 64 81
67 76 62 81
77 77 68 89
73 76 66 87
72 79 67 94
77 80 69 87
66 73 65 82
75 79 66 93
69 74 65 92
65 80 62 89
72 79 66 92
73 76 66 82
77 76 66 94
73 75 67 94
69 80 65 87
74 72 65 94
66 78 65 92
75 80 65 92
65 69 65 88
61 70 62 83
68 72 63 86
71 76 63 89
71 82 67 96
62 76 64 80
70 74 64 87
73 84 68 92
67 75 66 88
65 74 62 94
65 75 64 87
67 75 63 94
69 78 64 89
69 76 60 90
66 75 59 90
69 74 62 90
70 71 61 87
77 83 66 95
68 73 62 92
70 75 60 92
68 80 64 88
68 74 65 90
67 77 63 87
71 77 65 97
66 71 64 81
67 74 67 88
69 73 65 84
67 76 64 85
63 79 62 90
76 79 66 94
70 76 67 91
71 82 67 89
67 71 66 93
68 80 60 97
70 76 66 95
64 80 61 85
64 72 64 88
72 77 62 85
71 74 60 88
72 82 67 100
72 87 67 93
72 77 68 93
71 78 61 90
75 74 63 91
72 75 63 94
68 72 63 89
65 75 60 88
73 78 65 93
70 75 64 91
78 74 65 93
68 75 64 94
67 75 63 90
65 75 66 89
68 75 64 91
64 75 63 90
72 78 63 90
75 78 64 93
70 73 65 93
74 75 64 89
69 81 61 83
71 78 66 94
69 77 60 87
73 73 62 90
71 80 66 98
64 72 63 86
77 80 70 96
68 74 61 88
72 80 63 93
68 73 63 83
69 75 63 84
67 72 63 84
77 78 64 94
66 72 61 86
69 77 67 87
65 74 66 92
70 73 61 88
67 76 57 90
75 77 64 94
75 70 64 86
81 71 64 85
66 70 58 88
72 71 61 85
76 70 66 89
75 69 58 90
71 74 59 88
75 72 62 80
73 70 60 83
73 73 63 95
73 71 60 88
74 68 64 84
76 65 61 85
71 69 63 82
72 71 61 93
70 74 59 84
72 70 60 85
72 65 58 88
70 70 59 87
71 72 67 87
72 76 56 88
74 74 64 81
70 69 64 87
76 66 59 88
73 69 62 83
75 70 57 89
69 71 58 87
76 72 61 85
70 74 62 90
74 68 59 89
75 70 63 92
73 67 63 88
71 70 60 89
71 68 64 87
75 68 60 83
71 70 62 84
68 71 61 83
73 74 64 90
76 68 62 92
71 68 62 86
77 74 59 88
73 73 63 88
69 73 61 88
76 69 61 84
72 72 60 90
70 72 66 83
71 72 61 87
73 71 59 82
71 68 63 94
69 71 61 88
77 69 68 88
70 70 65 87
68 70 55 91
71 71 65 83
70 71 59 83
71 70 58 85
78 69 63 84
71 71 64 87
71 70 62 84
72 69 63 86
75 67 60 93
71 71 60 85
76 75 62 91
70 69 60 81
75 69 63 90
75 75 61 89
71 68 55 85
73 71 62 82
67 65 62 84
70 69 66 85
73 68 64 88
74 68 62 88
75 68 63 88
68 70 57 87
77 65 64 87
72 69 59 91
73 74 66 86
72 70 63 89
76 72 58 83
71 70 65 92
72 70 59 86
75 68 65 87
71 65 55 89
75 70 60 87
71 69 63 92
71 71 63 88
74 67 63 83
72 70 62 87
73 71 60 89
70 70 58 90
72 71 63 83
78 69 66 88
73 72 61 87
76 72 61 85
76 70 59 86
77 74 59 88
73 75 63 87
72 72 63 91
73 68 65 81
70 68 64 85
74 69 64 85
71 67 63 90
67 71 59 83
76 70 60 86
77 73 66 89
75 69 60 83
70 70 59 89
74 73 66 88
72 71 63 87
77 71 62 88
73 70 65 87
80 71 65 86
71 68 61 87
68 71 60 87
71 69 64 85
71 72 61 84
73 68 62 89
78 69 63 85
66 71 57 88
73 72 58 93
76 68 60 88
71 70 59 86
76 70 64 88
73 71 65 85
70 72 59 92
75 70 67 84
69 70 60 84
74 71 63 86
75 68 61 86
70 70 57 86
75 71 66 85
75 70 68 84
72 71 61 81
77 75 68 90
74 78 62 87
77 72 65 88
70 66 61 85
70 69 63 84
76 72 60 89
73 70 60 89
75 71 63 91
75 71 62 87
71 73 59 87
77 72 58 89
70 70 57 83
74 73 66 90
71 74 64 83
71 70 65 89
72 74 66 82
78 68 64 88
75 72 59 84
71 68 61 83
71 74 59 88
75 67 63 90
68 69 56 86
70 72 64 83
72 69 56 82
72 72 65 88
71 70 58 83
68 68 56 86
73 71 58 87
71 73 62 88
76 69 62 81
72 70 61 82
74 72 57 85
73 70 60 87
77 70 69 84
73 69 64 84
70 67 62 85
73 73 63 90
72 69 59 83
69 72 62 85
76 70 62 84
74 72 61 84
67 69 58 87
72 69 61 86
73 66 59 87
76 70 63 85
76 69 66 85
71 70 62 87
73 68 63 90
71 74 59 85
74 72 63 88
67 68 57 76
68 70 60 83
70 71 58 86
78 71 67 90
70 69 59 88
72 70 62 84
71 69 68 88
73 71 62 86
73 72 65 83
70 72 61 87
72 67 59 79
79 71 68 86
75 69 63 90
77 67 59 92
68 71 65 82
70 73 62 86
71 66 58 85
71 82 70 85
61 75 61 83
65 84 63 86
63 83 64 87
70 82 65 85
67 79 62 85
63 77 69 89
60 79 66 85
66 82 68 92
64 77 61 83
65 78 64 86
59 81 64 82
65 80 69 91
59 76 59 82
66 86 61 90
64 76 66 85
65 80 63 84
62 76 65 85
67 83 65 93
65 80 57 82
65 80 67 88
64 81 64 90
63 75 56 84
66 79 66 85
69 77 66 84
61 78 69 80
64 77 69 85
62 81 60 88
64 78 63 86
69 82 66 89
66 80 63 87
64 82 67 91
62 76 63 86
64 76 66 92
67 80 63 85
67 80 67 88
69 78 68 83
63 81 67 85
65 79 61 89
73 83 64 95
67 83 64 87
74 84 71 87
66 75 62 88
63 80 63 84
67 73 63 81
68 83 66 87
68 81 62 84
60 76 66 83
61 80 60 83
59 76 64 87
69 81 67 87
69 84 67 92
65 83 66 93
67 80 67 85
66 73 67 86
65 80 60 86
66 80 68 92
65 73 62 89
61 77 63 85
64 81 66 87
63 84 62 86
64 72 63 87
66 79 63 84
65 80 67 87
66 79 64 84
63 78 62 85
67 80 68 91
64 80 61 83
62 83 63 85
67 80 67 86
64 78 65 88
61 77 64 86
72 82 63 90
69 78 61 85
63 82 69 94
67 80 63 87
67 79 69 85
63 80 63 91
67 79 69 89
63 76 67 85
69 80 65 87
70 83 64 88
65 79 65 86
67 82 70 90
68 80 62 90
65 78 67 81
65 82 68 92
65 83 66 89
65 73 63 79
70 79 69 94
67 85 57 88
62 82 60 87
74 86 65 84
66 82 66 93
76 85 67 89
63 80 67 87
64 76 67 88
66 77 62 82
68 82 62 88
64 85 64 92
63 79 61 83
71 83 70 88
78 90 70 84
65 83 71 92
62 81 64 86
67 82 69 87
63 84 64 88
63 78 64 88
63 77 67 89
62 81 66 92
66 72 68 84
68 83 65 85
69 71 60 87
61 84 65 91
65 77 65 82
61 75 64 79
69 83 66 90
66 77 64 88
66 75 63 86
62 71 63 85
62 79 60 83
61 79 66 84
63 77 61 81
64 84 66 91
66 79 72 88
66 86 66 86
66 78 67 87
73 80 67 90
67 81 70 88
65 78 66 84
70 80 69 91
70 80 66 88
68 80 60 89
66 79 62 84
56 76 57 78
60 79 62 83
68 78 64 90
66 81 62 88
76 82 71 93
69 80 67 84
64 79 66 85
67 81 63 93
67 85 67 91
71 84 70 94
63 77 63 83
65 80 63 86
66 82 64 84
71 89 72 87
68 84 64 85
64 80 62 93
65 75 65 88
63 77 66 87
67 84 68 90
70 82 70 93
63 79 65 84
73 81 69 83
67 78 63 90
61 79 58 83
71 82 69 89
72 81 63 90
65 83 65 85
69 79 61 88
61 78 66 87
70 81 66 90
71 84 65 91
59 75 61 87
66 83 64 87
67 81 62 87
62 79 65 84
64 83 64 89
64 82 61 91
70 79 68 87
69 81 64 90
67 76 67 89
65 81 64 87
65 73 64 88
66 76 64 87
70 79 63 87
65 79 66 85
61 80 63 80
67 84 64 90
66 79 65 91
62 72 68 85
67 77 63 90
71 77 65 84
72 77 67 88
71 85 65 92
63 75 61 82
66 74 62 92
59 73 57 82
60 78 63 84
65 78 65 81
64 81 65 90
63 73 64 84
63 85 65 92
65 82 67 85
75 85 75 91
66 78 65 86
69 77 70 90
67 79 66 91
60 82 63 74
60 84 64 76
58 76 65 71
54 79 65 79
59 75 61 79
60 79 67 77
64 77 60 81
63 74 65 82
61 77 61 75
65 76 67 83
60 80 60 76
62 81 65 80
57 81 62 80
60 82 69 78
63 76 67 84
62 77 65 77
57 80 65 74
59 83 64 78
66 77 61 78
63 79 67 80
60 83 63 77
62 84 66 79
54 75 65 79
62 78 66 78
61 79 66 80
58 84 67 81
61 73 65 76
67 79 65 76
69 78 66 83
58 77 61 76
61 80 69 79
62 77 64 76
63 82 68 81
67 83 67 82
59 76 65 69
61 78 68 80
58 81 69 77
59 81 68 77
61 83 63 77
57 78 66 80
62 81 64 83
62 78 64 77
60 79 64 78
59 75 66 80
57 81 65 77
60 87 65 76
60 79 68 76
54 79 63 77
61 79 63 78
63 81 66 81
62 82 67 81
62 83 64 80
66 77 64 82
60 79 67 78
58 80 67 76
65 81 69 79
55 77 57 80
59 83 67 75
57 80 63 79
61 80 65 83
63 82 65 77
64 79 63 78
67 86 69 81
67 82 67 81
61 81 67 77
60 78 69 75
60 79 63 80
60 73 60 80
63 80 63 86
57 79 63 75
58 80 64 82
69 83 63 83
65 82 65 77
62 79 66 86
60 77 63 79
64 78 65 74
60 80 69 84
58 78 65 75
60 78 64 78
60 78 66 79
62 76 71 80
58 79 65 78
61 74 68 82
55 78 66 73
61 80 66 75
62 77 68 76
58 80 62 81
59 79 66 77
63 82 68 81
60 81 62 80
66 83 68 78
64 77 65 80
62 80 67 80
65 79 67 78
64 81 67 78
63 82 62 75
59 80 64 79
53 76 62 75
64 74 67 77
63 82 65 79
55 77 67 76
58 75 61 74
58 77 67 76
66 75 67 74
57 82 66 78
65 80 65 81
66 79 67 76
57 80 67 79
65 80 62 79
56 79 66 79
61 79 61 79
61 77 66 77
64 81 64 79
62 77 67 81
61 76 64 77
63 83 67 78
55 77 64 79
57 80 62 77
61 81 65 80
62 77 60 78
58 83 63 77
68 80 71 79
61 87 71 76
60 78 66 80
60 83 67 77
62 80 65 78
60 76 65 80
58 78 64 76
64 80 67 82
62 81 65 80
55 79 68 76
62 78 65 81
64 81 65 80
57 78 64 76
64 82 67 79
68 86 69 79
64 83 66 81
57 81 65 77
60 80 66 82
59 81 62 83
65 79 64 79
61 78 68 77
62 80 64 76
54 73 59 72
57 81 64 78
57 84 65 76
58 79 66 79
57 82 68 80
60 78 67 77
67 82 66 81
59 78 65 78
68 83 68 85
57 80 64 77
62 81 68 84
57 78 69 74
58 83 61 79
58 76 64 75
65 84 68 76
60 78 62 80
63 80 69 77
64 77 65 74
59 82 61 78
65 80 65 79
60 82 62 83
63 80 67 79
67 77 67 81
62 86 66 77
65 88 71 88
63 81 67 81
61 76 69 76
58 75 66 81
56 81 70 77
62 78 70 73
63 79 66 78
66 82 68 75
64 80 63 79
61 76 68 76
65 78 70 77
60 81 63 85
57 79 65 79
55 81 62 76
62 75 65 82
64 79 67 83
63 78 64 77
61 79 66 78
60 86 67 76
60 79 66 77
59 79 64 78
56 77 63 74
60 81 62 82
57 81 65 78
65 82 66 80
65 79 62 81
61 78 64 83
63 88 66 80
56 77 69 77
57 80 64 78
66 81 66 84
60 75 65 78
60 81 61 78
63 86 71 84
59 84 66 78
62 87 69 78
61 79 65 83
60 81 73 78
63 78 76 81
64 83 68 81
68 89 72 84
67 87 78 83
66 84 71 77
59 83 68 78
61 83 67 79
63 77 66 78
60 81 66 74
59 81 66 79
66 83 72 83
60 83 68 81
65 89 74 80
63 77 67 80
63 79 68 80
63 80 69 80
62 84 66 77
63 81 67 79
63 83 64 77
65 86 69 83
62 89 66 81
63 83 69 81
61 80 73 79
69 87 62 85
65 89 71 84
62 81 67 75
63 80 68 83
62 79 67 77
61 82 67 81
67 84 74 80
67 84 65 79
72 85 78 88
65 88 70 83
64 82 69 78
65 81 74 79
63 87 67 85
67 83 65 80
67 82 71 83
64 81 69 79
67 84 70 81
68 93 66 87
61 82 67 76
62 81 69 79
64 86 72 85
60 89 66 79
59 79 64 80
63 81 65 80
64 84 68 81
64 79 61 79
65 84 63 79
66 81 66 81
67 86 70 84
68 85 70 84
63 87 68 77
61 81 63 80
61 80 65 77
62 76 70 78
65 84 67 78
65 81 67 81
63 79 61 80
64 81 68 80
66 88 71 80
63 81 64 82
63 87 66 80
65 86 72 80
67 82 67 84
60 84 67 78
67 84 75 80
67 86 65 81
59 80 64 79
69 82 71 83
57 80 66 75
60 82 64 76
65 77 65 79
68 86 66 81
70 88 66 85
63 83 62 77
63 77 62 77
58 84 66 80
58 82 69 77
61 82 68 77
63 83 72 83
69 86 78 82
64 83 67 83
62 86 69 82
69 80 75 80
63 89 69 81
61 80 66 79
64 82 68 77
59 86 69 80
63 82 70 82
70 87 69 83
64 87 73 82
66 82 70 85
71 90 69 90
65 85 67 84
66 86 74 80
66 86 77 85
63 81 64 80
62 82 70 77
61 81 69 81
62 83 64 80
70 87 74 83
63 82 67 79
65 82 66 80
60 81 66 81
59 82 64 78
62 84 69 80
59 80 68 78
63 76 63 83
66 86 73 84
61 82 68 81
65 81 66 84
60 85 69 75
65 80 67 86
60 83 70 79
63 87 66 76
65 82 68 84
62 88 68 83
60 87 68 84
64 85 67 80
66 82 69 82
63 88 69 80
61 81 62 81
67 81 72 79
62 86 64 79
60 79 72 80
63 86 72 83
65 85 70 84
63 85 62 81
68 85 71 84
64 85 72 78
63 81 61 74
68 87 77 82
62 79 64 81
61 82 72 80
67 83 67 79
60 80 66 77
66 82 70 79
61 78 69 79
60 77 70 79
62 83 68 77
64 84 69 79
59 77 66 80
69 88 73 81
64 82 66 83
68 88 65 81
64 87 68 75
60 82 69 86
64 84 67 79
63 88 66 87
58 76 69 77
63 85 65 79
62 83 70 82
60 77 66 75
61 80 68 80
65 85 71 81
64 87 66 77
63 86 73 78
62 86 67 81
59 80 66 78
62 78 67 79
69 85 69 84
62 87 70 77
63 77 69 80
60 79 68 82
66 82 69 85
62 86 68 78
62 80 60 79
68 83 67 84
66 90 74 84
64 84 71 84
67 81 76 80
61 81 67 80
63 83 64 81
62 84 69 78
68 86 69 77
65 80 66 84
58 75 64 74
61 85 67 82
60 77 66 80
69 83 69 85
67 86 73 85
66 84 66 85
63 86 67 86
59 79 70 78
66 81 68 81
67 83 70 80
58 83 68 79
66 84 72 83
63 81 66 77
60 86 67 76
68 85 70 82
64 82 70 82
63 89 72 84
74 70 63 84
68 72 62 77
67 71 63 77
67 71 60 80
67 73 63 76
66 75 63 72
71 73 70 84
71 70 66 75
70 74 71 75
74 71 66 79
69 69 64 78
70 72 67 79
68 71 66 75
65 67 63 74
84 76 67 79
71 68 63 76
69 67 58 71
68 71 62 78
66 71 63 72
77 72 68 81
67 68 63 73
68 72 67 76
65 68 59 71
68 73 63 70
72 73 64 78
68 70 63 76
68 72 65 82
74 73 68 77
63 69 59 69
74 73 70 88
70 72 61 78
69 74 60 75
67 72 63 74
71 72 62 76
73 74 69 75
81 73 62 81
70 78 67 81
68 70 63 77
71 73 64 76
72 69 64 78
66 67 58 75
72 75 72 88
73 74 70 76
66 66 63 71
67 70 62 77
71 72 63 77
72 69 67 80
64 70 60 74
66 70 63 73
68 68 61 76
72 72 67 83
68 70 62 73
72 70 58 78
67 68 64 75
68 71 60 75
72 77 68 80
69 68 61 75
68 67 65 73
71 74 65 84
69 74 65 74
71 72 64 74
72 69 71 77
67 68 62 76
71 73 67 77
70 70 67 73
70 72 69 78
81 71 72 83
76 70 62 76
74 71 71 80
73 73 66 76
68 68 61 68
70 72 66 77
69 72 65 80
68 67 65 76
67 69 64 72
70 68 60 80
68 70 62 75
68 66 64 75
66 67 61 75
67 71 60 72
66 68 65 77
66 70 63 74
67 68 61 74
70 75 64 80
72 74 70 79
68 79 71 87
72 76 67 83
66 70 60 73
70 71 59 75
74 74 62 80
70 68 59 82
73 73 67 77
68 69 60 78
68 74 66 73
71 72 70 79
75 74 67 82
65 71 59 72
69 74 67 78
65 74 63 77
70 66 65 75
67 68 61 74
73 74 66 84
72 68 70 81
66 66 61 82
69 70 60 77
73 68 60 80
70 74 61 78
69 67 59 75
81 73 71 84
73 70 71 78
76 71 72 77
64 70 63 77
73 72 66 79
65 67 60 72
65 72 59 77
74 70 68 78
72 69 68 75
69 70 69 77
74 75 70 81
72 75 64 72
70 73 62 74
65 71 60 75
71 69 64 80
72 74 71 79
65 70 61 79
72 71 69 81
68 74 65 80
67 74 65 76
67 69 65 79
66 68 61 76
66 69 63 73
68 66 68 77
68 69 56 76
65 74 68 71
68 67 61 76
64 69 64 72
70 74 65 79
71 70 61 82
67 66 64 76
68 71 65 72
68 70 58 74
68 68 58 74
68 67 64 75
74 73 65 80
71 71 66 78
68 72 65 78
72 74 72 80
63 70 58 70
64 72 60 74
73 72 63 76
66 70 62 76
66 69 66 78
68 70 61 76
68 69 64 73
66 69 59 80
73 72 60 82
67 72 63 78
68 69 58 76
70 73 63 76
69 70 63 81
71 73 67 85
69 69 60 73
67 68 62 72
68 70 64 77
69 66 56 73
72 70 64 80
63 72 63 74
71 74 66 75
65 69 57 78
72 73 72 78
71 72 66 76
72 69 67 72
67 72 58 71
66 68 60 76
67 71 64 81
72 67 59 81
69 75 71 79
73 71 62 78
72 73 63 77
69 71 65 74
67 68 63 72
74 72 60 80
63 69 58 79
73 71 68 76
70 73 64 77
67 71 64 73
71 75 67 81
71 73 72 73
71 69 67 77
65 71 66 73
73 69 60 75
69 72 64 74
69 73 67 79
72 77 67 82
69 68 62 75
73 71 60 80
71 72 63 77
66 67 59 72
75 71 70 77
69 70 58 75
