// Initial random seed:
1500471234245

// RunInitializeCallbacks():
initializeMutationRate(1e-05);
initializeMutationType(1, 0.5, "f", 1);
initializeMutationType(2, 0.5, "f", -1);
initializeGenomicElementType(1, c(m1, m2), c(1, 1));
initializeGenomicElement(g1, 0, 999);
initializeRecombinationRate(0.001);

// Starting run at generation <start>:
1 

DATA:
800
140 0
311 0
331 0
375 0
384 0
403 0
401 0
427 0
425 0
427 0
432 0
477 0
462 0
462 0
455 0
445 0
459 0
459 0
451 0
457 0
456 0
446 0
475 0
466 0
493 0
460 0
478 0
521 0
496 0
515 0
485 0
473 0
479 0
473 0
501 0
495 0
490 0
498 0
504 0
512 0
506 0
508 0
496 0
499 0
505 0
505 0
477 0
509 0
489 0
470 0
534 0
529 0
512 0
525 0
487 0
486 0
495 0
511 0
517 0
509 0
497 0
504 0
509 0
514 0
522 0
520 0
524 0
516 0
518 0
520 0
511 0
537 0
536 0
519 0
538 0
529 0
510 0
497 0
512 0
510 0
500 0
530 0
506 0
519 0
527 0
525 0
511 0
560 0
516 0
530 0
532 0
553 0
553 0
527 0
519 0
532 0
556 0
523 0
541 0
541 0
535 0
547 0
525 0
546 0
542 0
530 0
522 0
558 0
552 0
551 0
552 0
548 0
582 0
553 0
575 0
565 0
574 0
558 0
552 0
555 0
551 0
554 0
571 0
555 0
558 0
567 0
542 0
531 0
544 0
554 0
565 0
558 0
552 0
549 0
583 0
560 0
544 0
558 0
543 0
563 0
558 0
557 0
557 0
574 0
566 0
545 0
556 0
536 0
579 0
560 0
582 0
556 0
570 0
574 0
570 0
544 0
573 0
548 0
554 0
558 0
564 0
542 0
557 0
558 0
565 0
536 0
533 0
554 0
557 0
558 0
566 0
577 0
553 0
570 0
584 0
577 0
562 0
559 0
558 0
563 0
553 0
579 0
579 0
558 0
549 0
581 0
553 0
569 0
557 0
586 0
568 0
571 0
574 0
554 0
542 0
561 0
569 0
574 0
557 0
570 0
573 0
552 0
566 0
550 0
570 0
569 0
560 0
584 0
580 0
573 0
557 0
559 0
586 0
573 0
587 0
578 0
565 0
588 0
587 0
582 0
568 0
588 0
582 0
591 0
581 0
585 0
571 0
562 0
581 0
592 0
594 0
584 0
576 0
556 0
577 0
566 0
574 0
575 0
574 0
578 0
574 0
585 0
566 0
558 0
584 0
590 0
592 0
582 0
577 0
576 0
591 0
586 0
599 0
580 0
591 0
592 0
593 0
597 0
573 0
573 0
576 0
602 0
577 0
596 0
590 0
598 0
600 0
607 0
601 0
609 0
602 0
604 0
590 0
592 0
607 0
609 0
596 0
591 0
576 0
581 0
590 0
592 0
608 0
609 0
587 0
583 0
612 0
597 0
606 0
583 0
593 0
585 0
582 0
590 0
576 0
603 0
606 0
585 0
586 0
601 0
581 0
580 0
575 0
572 0
580 0
593 0
582 0
604 0
598 0
622 0
598 0
602 0
607 0
617 0
614 0
602 0
621 0
615 0
598 0
581 0
580 0
599 0
575 0
597 0
593 0
596 0
604 0
593 0
597 0
612 0
596 0
607 0
599 0
605 0
596 0
596 0
587 0
600 0
608 0
612 0
599 0
611 0
611 0
618 0
618 0
618 0
594 0
596 0
585 0
622 0
617 0
616 0
589 0
590 0
607 0
608 0
616 0
610 0
583 0
604 0
599 0
595 0
600 0
579 0
582 0
590 0
589 0
600 0
618 0
618 0
623 0
602 0
611 0
593 0
594 0
593 0
595 0
604 0
613 0
603 0
616 0
583 0
618 0
602 0
605 0
615 0
601 0
606 0
610 0
600 0
586 0
601 0
603 0
602 0
621 0
608 0
620 0
598 0
604 0
609 0
609 0
617 0
611 0
602 0
616 0
627 0
618 0
607 0
621 0
625 0
621 0
628 0
622 0
638 0
623 0
620 0
612 0
626 0
615 0
625 0
630 0
631 0
624 0
620 0
625 0
619 0
644 0
626 0
612 0
624 0
605 0
618 0
626 0
626 0
612 0
631 0
615 0
608 0
619 0
624 0
630 0
625 0
624 0
629 0
623 0
637 0
638 0
635 0
634 0
606 0
617 0
625 0
641 0
622 0
618 0
641 0
628 0
610 0
624 0
616 0
617 0
626 0
613 0
619 0
627 0
610 0
647 0
632 0
624 0
623 0
630 0
639 0
621 0
616 0
601 0
627 0
628 0
610 0
615 0
618 0
613 0
606 0
640 0
612 0
627 0
613 0
633 0
633 0
630 0
606 0
607 0
611 0
626 0
623 0
636 0
613 0
616 0
612 0
619 0
620 0
635 0
618 0
611 0
608 0
620 0
623 0
623 0
614 0
608 0
636 0
634 0
626 0
625 0
629 0
617 0
620 0
615 0
625 0
627 0
609 0
616 0
635 0
639 0
618 0
630 0
639 0
615 0
616 0
614 0
637 0
638 0
620 0
637 0
627 0
616 0
637 0
630 0
636 0
624 0
624 0
618 0
636 0
651 0
640 0
621 0
629 0
629 0
627 0
633 0
600 0
627 0
627 0
631 0
627 0
638 0
625 0
634 0
622 0
630 0
614 0
629 0
604 0
621 0
620 0
617 0
608 0
642 0
630 0
634 0
637 0
614 0
612 0
644 0
633 0
650 0
621 0
629 0
613 0
617 0
618 0
619 0
606 0
634 0
623 0
628 0
625 0
649 0
651 0
645 0
628 0
620 0
641 0
628 0
633 0
643 0
642 0
628 0
621 0
619 0
646 0
635 0
639 0
645 0
632 0
643 0
635 0
641 0
639 0
656 0
659 0
659 0
662 0
649 0
644 0
655 0
660 0
654 0
643 0
619 0
634 0
629 0
625 0
636 0
631 0
653 0
624 0
634 0
650 0
632 0
632 0
645 0
638 0
633 0
628 0
642 0
631 0
628 0
614 0
619 0
616 0
644 0
619 0
638 0
635 0
625 0
611 0
632 0
651 0
650 0
641 0
624 0
641 0
632 0
639 0
637 0
633 0
633 0
641 0
644 0
646 0
640 0
645 0
669 0
642 0
650 0
655 0
656 0
682 0
641 0
658 0
647 0
653 0
657 0
641 0
650 0
656 0
652 0
672 0
646 0
641 0
644 0
650 0
645 0
657 0
656 0
658 0
663 0
664 0
651 0
661 0
670 0
661 0
662 0
655 0
647 0
646 0
652 0
670 0
670 0
653 0
672 0
660 0
657 0
671 0
667 0
662 0
661 0
679 0
675 0
672 0
668 0
640 0
662 0
655 0
662 0
661 0
683 0
652 0
680 0
673 0
666 0
677 0
669 0
668 0
661 0
667 0
684 0
664 0
667 0
666 0
661 0
670 0
656 0
656 0
663 0
663 0
663 0
669 0
670 0
662 0
659 0
651 0
654 0
654 0
657 0
674 0
668 0
651 0
658 0
656 0
652 0
667 0
664 0
678 0
668 0
679 0
675 0
678 0
663 0
650 0
670 0
656 0
664 0
667 0
662 0
679 0
681 0
665 0
674 0
677 0
666 0
653 0
677 0
665 0
673 0
673 0
676 0
673 0
671 0
657 0
658 0
663 0
671 0
675 0
695 0
680 0
680 0
671 0
667 0
669 0
673 0
683 0
681 0
681 0
668 0
671 0
667 0
679 0
664 0
662 0
