-0.1365 -0.309
6.1425 -6.71
8.883 -8.9325
13.838 -10.2065
9.8535 -10.6715
8.736 -10.8605
8.5695 -10.68
8.284 -11.36
9.8315 -10.7935
8.7605 -11.6495
8.8065 -9.4435
8.5965 -9.87
10.5625 -9.6415
9.1395 -9.942
8.195 -9.0825
9.185 -8.9215
8.2765 -9.288
7.929 -10.41
8.312 -11.482
7.131 -11.104
8.285 -10.1055
12.168 -10.24
10.0375 -9.0485
8.207 -8.8855
9.5085 -8.76
9.667 -8.0895
11.3065 -8.7045
10.479 -9.618
9.443 -9.6555
9.5095 -8.415
8.841 -8.3275
6.817 -7.7595
9.053 -8.278
10.621 -8.967
10.468 -8.608
11.3805 -7.815
11.4975 -8.632
9.829 -6.5715
11.083 -7.9975
8.2405 -7.91
10.843 -7.8825
9.131 -6.76
10.39 -6.708
8.752 -5.8755
10.184 -6.8985
9.3755 -6.6565
10.3485 -6.871
7.6305 -7.001
7.5995 -7.627
8.8145 -6.71
9.8955 -7.4315
9.145 -6.503
9.1495 -5.3865
9.5875 -5.5515
9.574 -6.119
9.6335 -5.7065
8.3425 -5.7375
12.2765 -6.34
11.92 -5.9045
10.225 -5.029
10.4725 -3.302
9.895 -3.174
10.916 -3.941
10.898 -5.32
9.443 -5.301
9.1245 -5.6275
8.9295 -4.7335
8.941 -5.2
10.406 -5.1455
8.515 -4.895
9.8035 -4.9005
8.4475 -4.977
8.8055 -5.1575
9.816 -5.4365
8.7245 -6.0905
9.9055 -5.763
9.5435 -6.5905
10.166 -5.4525
10.73 -5.8535
8.934 -5.6185
10.8185 -6.8425
8.682 -6.4005
8.626 -7.488
9.066 -7.719
9.251 -7.0965
10.4005 -7.0465
10.485 -7.65
10.7 -8.286
10.9795 -7.525
10.7265 -7.8735
9.4945 -7.435
8.548 -8.268
7.4135 -7.859
10.7435 -8.334
7.458 -7.2065
6.7905 -8.855
9.5335 -9.9035
11.2955 -9.623
10.5275 -8.307
11.2 -8.273
12.0725 -8.0745
8.0655 -8.5255
10.3895 -8.614
9.168 -8.09
9.2125 -8.445
9.1475 -9.1075
9.874 -9.0255
9.1275 -7.9735
7.6855 -9.486
8.0425 -10.569
9.4115 -9.212
9.9495 -9.614
8.948 -9.7105
7.819 -10.0685
8.3215 -9.0695
10.383 -8.646
9.8725 -8.864
10.0115 -8.397
10.1145 -9.739
11.265 -10.3825
10.4145 -10.115
10.2945 -10.53
10.692 -10.371
7.7885 -9.479
7.544 -9.9695
8.9755 -9.6645
11.83 -10.255
8.996 -11.076
10.367 -11.0665
9.667 -9.732
8.5695 -10.1205
7.6515 -10.896
10.9595 -11.653
9.9365 -11.2275
7.7465 -12.5695
8.457 -12.104
9.742 -12.683
6.905 -12.2345
9.32 -11.279
9.188 -10.3605
8.355 -8.784
11.7315 -10.156
9.7755 -10.8305
10.174 -11.2115
9.346 -10.8965
7.687 -11.309
9.5905 -10.81
10.0265 -11.8625
9.4175 -12.3225
9.7115 -11.1885
11.3345 -11.7265
9.877 -12.081
11.9835 -10.836
10.3695 -10.624
8.88 -9.8345
9.7395 -10.9815
9.982 -10.504
8.647 -10.9095
7.4855 -10.4605
9.8575 -9.945
10.8835 -8.9295
9.1235 -8.9515
10.3195 -9.1835
10.3685 -10.261
11.2545 -8.6055
10.2845 -7.95
8.243 -8.663
8.301 -8.104
8.821 -7.7005
10.3275 -8.1765
9.996 -7.9075
10.3475 -6.853
8.01 -7.9505
10.9785 -7.7675
10.547 -7.769
8.74 -7.9685
11.965 -7.746
10.416 -8.3375
8.8205 -8.7015
11.063 -9.684
12.6715 -8.3175
10.915 -8.6775
8.443 -8.53
10.1465 -8.9245
8.913 -8.9275
9.9395 -8.215
10.489 -7.9015
10.8205 -8.5635
10.6715 -9.476
10.0425 -7.4325
9.1755 -6.7
8.2925 -7.267
6.992 -9.1
10.3745 -8.6025
9.7395 -8.6095
11.127 -8.7315
11.379 -7.1925
8.228 -8.373
9.61 -7.606
11.22 -8.5875
9.7955 -8.495
9.6305 -9.0015
10.9505 -9.852
10.9115 -9.7375
7.9335 -8.216
9.1905 -7.89
8.861 -7.657
9.5325 -8.0285
9.426 -9.94
10.7005 -9.031
8.6335 -8.2955
8.747 -7.217
10.046 -6.8155
11.643 -6.386
9.4655 -7.309
9.644 -7.053
12.617 -8.3655
9.5885 -7.7425
9.44 -8.0785
7.933 -7.9355
8.6445 -7.185
11.0025 -8.811
11.026 -9.7325
9.014 -8.276
11.8795 -7.8845
10.666 -7.998
10.1795 -8.4345
7.7275 -8.5095
8.7565 -8.1895
9.9865 -8.509
10.038 -8.594
9.6995 -9.292
9.927 -8.196
7.956 -6.9655
8.492 -8.238
11.445 -8.1225
8.5575 -8.067
6.667 -6.9265
10.578 -6.809
9.9265 -7.2145
8.6485 -6.2315
10.385 -6.652
8.433 -7.935
7.0575 -6.6095
7.6075 -4.678
10.7825 -4.7835
10.0315 -5.6155
8.8 -5.0075
9.4745 -5.6915
7.615 -7.2565
7.369 -7.169
9.6535 -6.0075
10.3 -6.5635
9.7475 -7.149
7.5675 -6.202
10.874 -6.767
11.3355 -6.8625
9.788 -7.8225
11.1195 -7.127
11.625 -8.7205
8.975 -7.887
9.8985 -8.274
8.9125 -7.2005
9.856 -7.394
9.2735 -6.8245
10.946 -6.845
9.803 -8.6725
12.037 -8.0935
9.976 -6.77
10.039 -6.794
9.478 -6.002
9.8915 -5.954
10.2495 -4.4055
11.3445 -5.674
10.1525 -3.729
10.052 -3.8045
9.407 -4.027
11.71 -5.372
10.238 -4.293
12.39 -5.0465
10.251 -4.9505
9.626 -4.7505
10.924 -5.686
10.677 -5.8915
8.733 -5.915
9.7405 -6.661
10.181 -6.5025
9.9175 -7.466
11.025 -5.629
11.4095 -4.981
8.0465 -6.077
10.1645 -6.284
10.1675 -5.2125
9.1215 -3.7475
11.0115 -1.79
10.844 -3.0795
11.0315 -3.708
10.0105 -3.5225
13.158 -3.758
9.828 -3.208
8.3205 -3.022
9.2305 -3.1635
9.1685 -3.7375
9.5425 -2.815
10.975 -4.5425
13.515 -4.037
8.632 -4.4835
8.803 -3.8605
9.7725 -3.3865
8.393 -3.144
9.978 -3.784
7.802 -2.566
7.026 -3.486
8.054 -6.026
10.2645 -6.158
10.308 -5.3375
9.7215 -4.784
8.9755 -5.6865
11.2365 -4.198
11.8485 -5.112
10.182 -3.7725
9.608 -3.4155
10.7215 -3.64
10.9275 -4.8355
11.482 -4.2905
10.7315 -3.151
14.9545 -3.6755
11.6785 -3.099
9.157 -4.8925
9.1165 -5.065
7.8385 -5.6125
12.078 -5.197
12.2185 -6.009
11.926 -6.7455
11.29 -6.6645
9.9255 -8.456
9.709 -8.8555
11.826 -7.4675
8.5635 -7.0365
7.2965 -8.4575
7.8345 -7.694
8.461 -7.6045
10.187 -9.1385
10.29 -8.7745
11.3965 -8.579
11.626 -8.1885
10.925 -7.4975
9.9965 -7.174
6.766 -10.45
8.812 -9.173
9.1195 -8.3605
13.2255 -8.2715
11.7715 -10.4875
7.8655 -10.332
6.32 -9.1265
10.7275 -9.015
11.707 -9.116
6.697 -10.078
7.647 -10.358
9.789 -8.552
7.8975 -8.2485
9.058 -9.8145
10.0665 -9.8115
9.5855 -9.133
10.483 -9.8415
8.5535 -10.0375
8.799 -9.087
9.151 -8.862
8.1085 -9.8455
7.8065 -8.1675
6.952 -9.32
7.25 -10.714
9.2355 -9.852
8.8275 -9.882
9.8125 -8.195
10.1685 -7.231
11.3715 -6.6325
9.7255 -6.937
8.561 -8.343
11.2655 -6.679
12.094 -5.2185
8.607 -5.2285
9.071 -6.65
9.27 -7.6185
8.4875 -6.8235
6.4585 -6.7595
9.0945 -7.021
8.0685 -8.012
8.734 -5.8275
9.728 -6.0065
8.2695 -6.975
9.561 -6.157
8.7425 -6.2095
7.8055 -7.7685
8.1175 -6.4445
11.088 -7.3135
8.861 -7.275
10.0955 -6.8585
8.375 -6.144
8.3235 -6.2795
