500 100 199
-8.39354e-05 -0.0124476
0.291951 -0.764579
1.72556 -1.32873
1.7931 -3.46192
2.25225 -3.47447
2.59947 -3.79174
3.18925 -3.72217
4.84546 -3.56462
4.97175 -4.36352
5.00558 -4.55123
5.19888 -4.9375
7.33025 -5.30881
8.71098 -5.29239
8.39754 -6.24284
8.41789 -6.64761
8.69322 -6.55422
9.02677 -7.37212
8.72469 -8.54478
8.79611 -8.14387
8.5922 -7.8599
8.64136 -8.04929
8.72947 -8.48825
8.72055 -8.13189
8.59794 -8.39504
8.62653 -8.47031
8.90925 -8.55857
8.72723 -8.36474
8.63862 -8.28326
8.80697 -8.21523
9.06984 -8.50619
8.92883 -8.41042
8.6879 -8.48925
8.63843 -8.20002
8.95575 -8.32752
8.78645 -8.32242
8.67215 -8.47517
8.75829 -8.57266
8.97581 -8.38158
8.66679 -8.32407
8.62285 -8.19221
8.78856 -8.20388
8.73207 -8.29867
8.73427 -8.48715
9.06916 -8.42412
8.74537 -8.25289
8.86207 -8.56352
9.16255 -8.55719
9.00655 -8.5776
8.89449 -8.48639
8.84792 -8.65859
8.65357 -8.45915
8.72864 -8.66299
9.03121 -8.33535
8.88486 -8.25971
8.60479 -8.11588
9.05456 -8.53337
8.92595 -8.59163
8.73903 -8.32422
8.97566 -8.50518
8.90657 -8.71794
8.89506 -8.87552
8.90772 -8.89383
8.76257 -9.12664
8.58724 -8.84468
8.6625 -8.9666
8.79947 -8.6017
8.63003 -8.62549
8.90341 -8.60873
8.90464 -8.54892
8.79683 -8.65588
8.95822 -8.37639
9.09481 -8.54603
9.10996 -8.72093
8.83095 -8.91703
8.69641 -8.80612
8.81842 -8.79979
9.03733 -8.64508
8.9356 -8.50648
9.18182 -8.56052
9.08452 -8.74466
9.14691 -9.1109
9.25422 -8.71437
9.10825 -8.42358
9.20599 -8.47126
8.96611 -8.36267
9.14346 -8.53803
8.95233 -8.39769
8.98482 -8.42255
9.2319 -8.78704
9.27118 -9.17447
9.09012 -8.76722
9.32833 -8.7717
9.25228 -9.37709
8.9798 -9.09145
8.78677 -8.88544
8.90014 -8.83659
8.89561 -8.94451
9.19756 -9.0055
9.08354 -9.02116
9.19046 -9.39345
9.06637 -9.15432
8.88944 -8.67201
9.11274 -8.95595
9.41875 -9.06969
9.17392 -8.83593
9.15688 -9.3427
9.23221 -8.74071
9.17503 -9.14201
8.94457 -8.76181
9.19645 -8.98694
8.92327 -9.3234
9.40069 -9.15894
9.24968 -8.50906
9.29876 -9.04261
8.94339 -8.91984
9.04485 -8.67604
9.40947 -9.02086
9.62923 -8.88007
9.13329 -8.71774
9.54057 -8.43649
9.43548 -8.80388
9.04773 -8.4378
9.46334 -8.75103
9.61062 -8.75225
9.72389 -9.09307
9.38302 -8.90403
9.3103 -8.88496
8.94781 -8.77154
9.27061 -9.04123
9.30033 -8.80794
9.09141 -8.76216
9.03849 -8.76413
8.71204 -8.31736
9.31859 -8.36181
9.02106 -8.56915
9.12831 -8.59997
9.43215 -8.49358
9.38134 -8.62273
9.34618 -8.46507
8.51626 -8.54873
9.05561 -8.62739
8.948 -8.28961
8.89412 -8.67827
9.13798 -8.72053
9.06754 -9.22966
9.27687 -9.02297
9.34312 -9.06806
9.19631 -9.22056
8.91843 -8.84598
9.23063 -8.71389
9.16869 -8.74483
9.05521 -9.28359
9.08544 -8.98856
9.52827 -8.86215
9.35765 -9.40375
9.32251 -9.12576
9.23897 -8.75024
9.11857 -9.13866
9.1916 -8.96423
9.39175 -8.56536
9.25972 -9.33603
9.63943 -9.29225
9.5654 -9.15726
9.42233 -9.09971
9.41389 -9.14019
9.35952 -9.08978
8.96063 -9.04207
9.61129 -8.76079
9.36084 -9.21347
9.33636 -9.32586
9.17622 -9.03249
9.47978 -9.04857
9.34017 -8.81136
9.39381 -9.11237
9.52878 -8.93823
9.31948 -9.07789
9.32927 -8.81341
9.30969 -9.15943
9.28794 -8.92801
9.45326 -8.99485
9.38941 -9.32502
9.26397 -8.80973
9.25903 -8.94646
9.21038 -9.12241
9.39092 -8.91416
9.54869 -8.81678
9.08783 -8.97635
9.21267 -8.88705
9.18072 -9.21291
8.92142 -9.2653
9.08052 -8.97479
9.09239 -8.77424
9.48206 -8.83644
9.36834 -8.63224
9.52844 -8.60827
9.38467 -8.68551
9.28255 -8.54038
8.88729 -9.49953
8.77419 -9.58091
9.13023 -9.79613 9.12872
9.67485 -10.3403 -10.0829
10.0204 -10.6422 -10.4063
10.2083 -10.5482 -10.0903
9.9422 -10.2646 -10.4146
9.9954 -10.1559 -10.3141
10.1499 -10.2038 -10.4857
10.1149 -10.3479 -10.3416
10.2491 -10.3313 -10.5761
10.3454 -10.3945 -10.1915
10.2616 -10.379 -10.2638
10.3433 -10.3831 -10.5174
10.4314 -10.4108 -10.6576
10.5236 -10.3633 -10.5317
10.5618 -10.3795 -10.4426
10.6926 -10.3303 -10.2846
10.7232 -10.3874 -10.1927
10.6799 -10.4229 -10.2091
10.678 -10.4298 -10.207
10.6103 -10.4456 -10.2159
10.5662 -10.3574 -10.2416
10.5904 -10.3524 -10.2234
10.6376 -10.4155 -10.2194
10.6341 -10.3928 -10.2345
10.7304 -10.3502 -10.1935
10.5959 -10.351 -10.1759
10.5595 -10.3771 -10.1259
10.5914 -10.3844 -10.153
10.589 -10.4178 -10.2028
10.6996 -10.4237 -10.2059
10.7537 -10.3981 -10.2315
10.8167 -10.4349 -10.2479
10.8871 -10.3991 -10.3658
10.9068 -10.4293 -10.3039
10.8065 -10.4331 -10.3045
10.8809 -10.5025 -10.2633
10.8868 -10.2648 -10.2695
10.8111 -10.2355 -10.2761
10.786 -10.3147 -10.3301
10.7386 -10.2809 -10.3052
10.7235 -10.2596 -10.3404
10.6245 -10.3239 -10.3003
10.5409 -10.3458 -10.3092
10.4661 -10.3547 -10.3504
10.4734 -10.3625 -10.2983
10.4185 -10.3482 -10.3484
10.4861 -10.3678 -10.2792
10.5054 -10.3442 -10.3074
10.6469 -10.4055 -10.3223
10.6084 -10.4743 -10.2927
10.6454 -10.3041 -10.2973
10.5842 -10.2518 -10.3684
10.5751 -10.2323 -10.3316
10.5592 -10.2754 -10.2952
10.5183 -10.2786 -10.3311
10.522 -10.2345 -10.2554
10.4734 -10.2366 -10.3048
10.4703 -10.1817 -10.3271
10.4552 -10.2037 -10.2802
10.4249 -10.219 -10.3002
10.397 -10.1989 -10.304
10.3735 -10.236 -10.3857
10.4051 -10.2433 -10.2576
10.4624 -10.2213 -10.2985
10.4205 -10.2211 -10.365
10.4065 -10.2532 -10.3168
10.4397 -10.3065 -10.2301
10.4446 -10.2149 -10.1784
10.3323 -10.2321 -10.2878
10.4276 -10.2457 -10.2801
10.3938 -10.1766 -10.2859
10.4068 -10.1881 -10.2119
10.4523 -10.2021 -10.3261
10.4802 -10.1966 -10.3109
10.4921 -10.2153 -10.3236
10.4833 -10.2077 -10.3433
10.4866 -10.1958 -10.3364
10.4868 -10.178 -10.1938
10.4548 -10.1581 -10.1829
10.4722 -10.1813 -10.3499
10.4825 -10.1092 -10.3395
10.4781 -10.0483 -10.2578
10.4907 -10.125 -10.2838
10.471 -10.1575 -10.3188
10.4759 -10.1903 -10.3196
10.4718 -10.1794 -10.2542
10.3307 -10.2364 -10.3198
10.3293 -10.218 -10.2616
10.2982 -10.2123 -10.319
10.3846 -10.2206 -10.2536
10.4231 -10.2284 -10.2977
10.4132 -10.1763 -10.2811
10.3918 -10.207 -10.316
10.4185 -10.1879 -10.3042
10.3948 -10.2017 -10.3404
10.2994 -10.1506 -10.2956
10.1006 -10.128 -10.2854
10.2036 -10.1673 -10.272
10.2075 -10.1466 -10.2811
10.2918 -10.1103 -10.2696
10.3783 -10.1022 -10.2066
10.372 -10.1129 -10.2922
10.4167 -10.105 -10.234
10.4025 -10.1116 -10.1415
10.4687 -10.1176 -10.2073
10.4701 -10.1233 -10.1177
10.4733 -10.0994 -10.0827
10.4808 -10.1076 -10.0677
10.4611 -10.1223 -9.96177
10.3714 -10.1119 -10.0609
10.406 -10.1193 -10.1033
10.2916 -10.1288 -10.0968
10.1816 -10.1418 -10.0781
10.3519 -10.1357 -10.1297
10.4267 -10.1049 -10.0985
10.4596 -10.1134 -10.1145
10.4559 -10.1038 -10.1562
10.4544 -10.0784 -10.2111
10.4197 -10.1221 -10.1611
10.4158 -10.1046 -10.0415
10.4033 -10.0827 -10.0469
10.4056 -10.1159 -9.94311
10.4409 -10.1059 -9.89328
10.4255 -10.1305 -9.96144
10.3567 -10.1131 -9.89722
10.1364 -10.0916 -9.92091
10.0003 -10.0731 -9.92378
9.79201 -10.0873 -9.89139
9.88075 -10.1005 -9.91221
9.72605 -10.1314 -9.94051
9.70757 -10.1021 -9.87117
9.76464 -10.1563 -9.90616
9.84836 -10.1458 -9.92186
9.75004 -10.1693 -9.92642
9.90383 -10.1533 -9.84951
9.86472 -10.119 -9.81624
10.0775 -10.0804 -9.85546
10.0527 -10.1155 -9.83539
10.0915 -10.1165 -9.89643
10.0419 -10.0959 -9.86184
10.0275 -10.0999 -9.85584
10.0046 -10.0982 -9.93228
10.2117 -10.087 -9.93358
10.1613 -10.0827 -9.89503
10.199 -10.1203 -9.86108
10.1313 -10.1116 -9.89273
10.0322 -10.1034 -9.96099
9.82953 -10.156 -9.8694
10.0018 -10.1483 -9.88754
10.0157 -10.1272 -9.91309
10.048 -10.11 -9.90117
10.0561 -10.1072 -9.91755
10.1648 -10.1547 -9.90895
10.1027 -10.2037 -9.95145
10.1678 -10.2178 -9.98755
10.0564 -10.2279 -10.0066
10.2095 -10.1583 -10.0569
10.3976 -10.1992 -10.0417
10.3655 -10.2227 -10.0565
10.4072 -10.2125 -10.1291
10.4149 -10.1749 -10.2486
10.3928 -10.203 -10.2065
10.3603 -10.2053 -10.2768
10.3991 -10.1661 -10.2983
10.3544 -10.1854 -10.2365
10.3198 -10.1881 -10.218
10.3067 -10.1879 -10.2995
10.3373 -10.1768 -10.3644
10.3373 -10.1779 -10.3579
10.3832 -10.1703 -10.3204
10.3269 -10.1566 -10.3367
10.3612 -10.101 -10.3239
10.3344 -10.0933 -10.3266
10.2453 -10.1095 -10.3295
10.2172 -10.1156 -10.3524
10.1727 -10.1411 -10.3064
10.2121 -10.1212 -10.313
10.1431 -10.1329 -10.2765
10.032 -10.197 -10.3441
10.1327 -10.2072 -10.2832
10.0847 -10.1808 -10.3495
10.1572 -10.1174 -10.3342
10.1441 -10.137 -10.3245
10.1609 -10.1961 -10.3206
10.1426 -10.2133 -10.3692
10.1747 -10.1918 -10.3216
10.1986 -10.2331 -10.317
10.1903 -10.1413 -10.3178
10.3406 -10.1466 -10.2806
10.2904 -10.1344 -10.3524
10.2815 -10.0969 -10.3389
10.3229 -10.1127 -10.364
10.3016 -10.1107 -10.356
10.271 -10.1046 -10.4269
10.2538 -9.99137 -10.4092
10.1813 -9.95791 -10.403
10.1721 -9.98174 -10.4193
9.97799 -9.95881 -10.4035
9.94247 -9.93042 -10.3737
9.87167 -9.97299 -10.3527
9.69772 -10.1048 -10.3664
9.80324 -10.1862 -10.4113
9.89954 -10.0462 -10.4224
9.96539 -10.0311 -10.3496
9.91137 -9.96396 -10.3877
9.72245 -9.91468 -10.4005
10.0454 -9.93391 -10.383
10.1566 -9.92818 -10.4002
10.0938 -9.90515 -10.4022
10.0557 -9.97097 -10.3523
10.1434 -9.98657 -10.4162
10.1784 -9.91187 -10.4047
10.2292 -9.8845 -10.4252
9.97325 -9.8384 -10.382
9.90216 -9.91926 -10.3704
10.0731 -9.94714 -10.371
10.178 -9.98327 -10.3978
10.1847 -9.95131 -10.3665
10.1725 -9.90887 -10.4128
10.1994 -9.95399 -10.3834
10.2027 -9.89301 -10.3706
10.2255 -9.884 -10.3517
10.2412 -9.92461 -10.3648
10.2721 -9.99751 -10.4067
10.2329 -9.98103 -10.4107
10.1471 -9.80333 -10.365
10.2007 -9.80392 -10.3615
10.1814 -9.77566 -10.2755
10.1917 -9.81826 -10.284
10.1991 -9.85219 -10.2638
10.2025 -9.8698 -10.2254
10.1624 -9.80735 -10.2639
10.2085 -9.82692 -10.2402
10.1954 -9.80957 -10.2445
10.1157 -9.84559 -10.269
10.133 -9.87127 -10.2595
10.1612 -9.78962 -10.2814
10.1496 -9.77832 -10.2809
10.1149 -9.84656 -10.296
10.1061 -9.83949 -10.2468
10.0904 -9.81674 -10.2601
10.1311 -9.79788 -10.2183
10.1446 -9.79007 -10.2443
10.147 -9.79563 -10.2343
10.1448 -9.79829 -10.2685
10.1245 -9.80441 -10.2951
10.1613 -9.80489 -10.2719
10.1575 -9.83472 -10.1986
10.1754 -9.80369 -10.236
10.1549 -9.82014 -10.3
10.1478 -9.81789 -10.3844
10.1361 -9.80712 -10.5182
10.144 -9.84986 -10.4174
10.1506 -9.82018 -10.4076
10.064 -9.77714 -10.4
10.1117 -9.80361 -10.391
10.139 -9.82585 -10.4296
10.146 -9.85815 -10.3684
10.1444 -9.86571 -10.4306
10.1232 -9.84239 -10.4797
10.2131 -9.83846 -10.4434
10.1788 -9.84418 -10.4232
10.2172 -9.8151 -10.3818
10.2031 -9.90127 -10.4487
10.1666 -9.94325 -10.4023
10.1446 -9.92071 -10.4323
10.1453 -9.94956 -10.5442
10.1426 -9.96954 -10.458
10.1449 -9.87253 -10.4179
10.1448 -9.95862 -10.4409
10.1443 -9.96417 -10.4741
10.1487 -9.96819 -10.3925
10.1439 -10.0093 -10.4097
10.1441 -9.98216 -10.3922
10.1418 -10.0081 -10.3127
10.1554 -10.0091 -10.3825
10.1422 -10.0233 -10.3497
10.1302 -10.0086 -10.4245
10.1538 -10.0092 -10.4204
10.1544 -10.0042 -10.2977
10.1218 -10.0199 -10.3209
10.1266 -10.0249 -10.392
10.1201 -10.0674 -10.4077
10.1446 -10.0433 -10.3253
10.1425 -10.0074 -10.3536
10.1452 -10.0281 -10.2831
10.1589 -10.072 -10.2601
10.1407 -10.0675 -10.3011
10.1377 -9.94795 -10.3302
10.1114 -9.99273 -10.4953
10.1117 -9.96117 -10.5373
10.1033 -9.95817 -10.4786
10.0358 -9.93806 -10.4644
10.1347 -9.96837 -10.4268
10.1756 -9.92936 -10.4852
10.1727 -9.91226 -10.4707
10.2266 -9.92784 -10.4687
10.1797 -9.89605 -10.457
10.2019 -9.95852 -10.4919
10.1881 -9.85041 -10.4848
