1200 100
0.65 0.618118
0.751 0.753753
0.834 0.821265
0.845 0.845821
0.913 0.938369
0.924 0.863087
1.019 0.905545
1.042 1.0673
1.046 1.05494
1.045 0.981957
1.072 1.00983
1.091 0.999719
1.102 1.09469
1.095 1.13111
1.124 1.0797
1.169 1.12757
1.173 1.19226
1.189 1.27455
1.175 1.19357
1.156 1.1388
1.13 1.13223
1.213 1.2689
1.196 1.18677
1.266 1.2585
1.285 1.26304
1.245 1.29427
1.27 1.21031
1.239 1.28316
1.293 1.30646
1.266 1.28253
1.254 1.4129
1.281 1.25129
1.258 1.13657
1.239 1.16905
1.273 1.2297
1.277 1.29757
1.31 1.43333
1.316 1.32147
1.259 1.30923
1.291 1.22755
1.293 1.32648
1.311 1.19347
1.303 1.3065
1.345 1.35533
1.308 1.14828
1.301 1.25766
1.315 1.20298
1.329 1.38214
1.365 1.33311
1.357 1.28484
1.355 1.38236
1.386 1.3964
1.348 1.25215
1.326 1.22895
1.356 1.31658
1.397 1.34073
1.407 1.40075
1.401 1.34955
1.45 1.41692
1.436 1.43134
1.444 1.40827
1.421 1.41517
1.393 1.40596
1.425 1.5279
1.44 1.48188
1.376 1.46008
1.45 1.52503
1.464 1.43013
1.458 1.43167
1.469 1.40845
1.445 1.35833
1.434 1.50115
1.485 1.40918
1.526 1.42275
1.506 1.45342
1.462 1.42398
1.455 1.45743
1.471 1.46663
1.488 1.43729
1.467 1.47238
1.476 1.44487
1.465 1.37815
1.422 1.40132
1.454 1.39728
1.465 1.45823
1.513 1.59142
1.483 1.49521
1.503 1.45945
1.466 1.36221
1.484 1.41916
1.437 1.34738
1.476 1.45888
1.495 1.48746
1.48 1.50511
1.501 1.46546
1.482 1.4251
1.473 1.44872
1.496 1.58557
1.466 1.57242
1.46 1.48989
1.501 1.51752
1.493 1.59955
1.498 1.56756
1.56 1.57397
1.524 1.58701
1.479 1.62318
1.502 1.49749
1.487 1.48331
1.549 1.5031
1.513 1.5694
1.499 1.42342
1.514 1.4993
1.524 1.51894
1.499 1.52753
1.503 1.50349
1.528 1.44266
1.56 1.51191
1.525 1.44682
1.511 1.49137
1.54 1.53594
1.56 1.47788
1.555 1.50848
1.605 1.66664
1.602 1.51111
1.537 1.51615
1.562 1.58174
1.619 1.62146
1.682 1.65653
1.603 1.48888
1.616 1.52407
1.596 1.49828
1.593 1.47282
1.629 1.59295
1.614 1.5966
1.644 1.5328
1.628 1.4831
1.654 1.57186
1.693 1.69244
1.66 1.67407
1.655 1.6296
1.586 1.47608
1.591 1.54526
1.627 1.5294
1.605 1.66464
1.637 1.5688
1.66 1.63804
1.684 1.67582
1.623 1.63851
1.655 1.61559
1.649 1.57938
1.661 1.60368
1.623 1.60047
1.609 1.52164
1.598 1.51391
1.589 1.50759
1.674 1.75548
1.628 1.58921
1.608 1.56991
1.637 1.54478
1.621 1.55091
1.635 1.5293
1.63 1.57668
1.686 1.58098
1.654 1.53382
1.639 1.55023
1.641 1.60372
1.643 1.48904
1.609 1.55567
1.67 1.69079
1.652 1.54244
1.598 1.55195
1.624 1.6783
1.689 1.77806
1.651 1.6969
1.638 1.65061
1.64 1.55395
1.625 1.58596
1.63 1.6027
1.652 1.69259
1.641 1.64777
1.628 1.62124
1.706 1.57914
1.703 1.7105
1.697 1.76696
1.691 1.75527
1.693 1.72047
1.628 1.64126
1.644 1.57684
1.596 1.62441
1.638 1.55251
1.609 1.52364
1.597 1.48808
1.651 1.60881
1.664 1.75085
1.696 1.68727
1.608 1.60794
1.637 1.65088
1.624 1.54617
1.613 1.50674
1.664 1.65075
2.037 2.0717
2.11 2.08799
2.175 2.13051
2.168 2.04983
2.237 2.22506
2.295 2.18416
2.234 1.96121
2.272 2.2863
2.302 2.02882
2.282 1.99047
2.331 2.25169
2.335 2.07085
2.342 2.17721
2.404 2.27906
2.378 2.23735
2.483 2.4902
2.436 2.31222
2.47 2.32943
2.542 2.69293
2.507 2.54049
2.55 2.46997
2.565 2.74252
2.595 2.59357
2.639 2.60729
2.64 2.61101
2.627 2.79066
2.649 2.71251
2.748 2.77327
2.712 2.70776
2.732 2.71689
2.795 2.76174
2.885 3.0208
2.827 2.84191
2.913 2.91435
2.934 2.92257
2.935 3.14392
2.919 2.90534
2.934 2.7544
2.97 2.8039
3.037 2.77441
2.982 2.89457
3.023 3.05953
3.072 3.16198
3.071 3.07704
3.058 3.13177
3.14 3.18358
3.154 3.23752
3.178 3.13145
3.234 3.42267
3.309 3.47099
3.265 3.222
3.288 3.35041
3.341 3.40613
3.35 3.43093
3.333 3.25336
3.331 3.52496
3.404 3.44423
3.354 3.49618
3.411 3.4255
3.432 3.54692
3.46 3.55596
3.508 3.63557
3.481 3.58322
3.473 3.34061
3.539 3.53602
3.519 3.51916
3.551 3.35075
3.61 3.48739
3.601 3.57137
3.602 3.58318
3.598 3.62802
3.727 3.61008
3.693 3.61236
3.729 3.6412
3.734 3.6549
3.77 3.61471
3.726 3.66459
3.767 3.4922
3.817 3.66518
3.834 3.7582
3.857 3.50406
3.868 3.95853
3.96 3.82422
3.94 3.85025
3.92 3.8034
3.9 3.90791
3.961 3.79127
3.983 3.81453
4.012 3.90776
4.022 3.83335
4.065 3.75853
4.093 4.1445
4.143 3.93649
4.14 4.04244
4.186 3.88929
4.186 4.22363
4.267 4.33004
4.253 4.20319
4.195 4.23921
4.219 4.41145
4.27 4.34945
4.317 4.60311
4.326 4.40213
4.355 4.56954
4.414 4.32893
4.393 4.07863
4.352 4.19029
4.478 4.23175
4.453 4.51631
4.44 4.46086
4.456 4.53059
4.507 4.34229
4.512 4.57243
4.509 4.56048
4.602 4.75635
4.651 4.6979
4.59 4.42633
4.659 4.79151
4.7 4.94895
4.73 5.01411
4.756 4.96143
4.792 5.0618
4.772 4.90292
4.834 4.99544
4.89 4.95686
4.821 4.9379
4.906 5.21037
4.902 4.74514
4.955 4.89187
4.923 4.83791
4.945 4.90288
4.933 4.88139
5.002 5.003
5.035 4.96874
5.062 5.26542
5.056 4.84971
5.06 5.02943
5.085 4.9287
5.15 5.01251
5.154 5.15144
5.122 5.02014
5.185 5.11789
5.198 5.15795
5.159 5.13085
5.287 5.38201
5.217 5.36728
5.272 5.2793
5.255 5.08906
5.273 5.15963
5.356 5.29055
5.331 5.33678
5.377 5.11799
5.35 4.91241
5.448 5.24454
5.417 5.47258
5.434 5.38103
5.415 5.31209
5.473 5.26854
5.51 5.62152
5.446 5.45254
5.575 5.48786
5.533 5.41633
5.546 5.54543
5.614 5.55456
5.614 5.51252
5.603 5.47687
5.641 5.29942
5.69 5.54344
5.649 5.56937
5.66 5.60601
5.71 5.47738
5.758 5.72316
5.709 5.61593
5.775 5.69807
5.678 5.46178
5.774 5.90683
5.82 5.6032
5.872 5.7874
5.842 5.4605
5.886 5.76076
5.866 5.86591
5.95 5.85335
5.979 5.96452
5.977 5.61609
5.964 5.95065
6.003 5.83683
6.034 6.2551
6.143 6.07663
6.127 6.05493
6.103 6.03242
6.151 5.93413
6.244 5.71618
6.259 6.25417
6.199 5.82923
6.221 5.74991
6.267 6.03775
6.268 6.16034
6.319 6.0633
6.311 6.17245
6.321 6.16813
6.369 6.43728
6.373 6.19407
6.362 6.22518
6.455 6.31229
6.429 6.10106
6.435 6.15393
6.536 6.30301
6.513 6.47431
6.558 6.2649
6.596 6.54533
6.63 6.27538
6.608 6.14648
6.651 6.23343
6.665 6.67545
6.658 6.40945
6.667 6.15827
6.7 6.38839
6.703 6.15695
6.691 5.90142
6.737 6.22005
6.767 6.45517
6.792 6.32907
6.818 6.60348
6.735 6.34712
6.806 6.39876
6.884 6.31886
6.837 6.75118
6.864 6.53804
6.919 6.49093
6.859 6.5837
6.946 6.68177
6.913 6.78422
6.93 6.6998
6.943 6.88263
6.993 6.60956
6.995 6.4254
7.054 6.64573
7.106 6.78355
7.091 6.70142
7.056 6.61748
7.102 7.06266
7.203 7.08888
7.189 6.89818
7.289 6.94643
7.225 6.89927
7.26 6.9033
7.342 6.66971
7.319 7.06631
7.348 7.11801
7.424 7.11534
7.459 7.20953
7.456 7.04911
7.406 6.91608
7.477 7.00247
7.475 6.90028
7.499 7.001
7.497 6.81481
7.484 6.96271
7.528 7.17039
7.545 7.15313
7.572 7.46428
7.585 7.57635
7.62 7.42503
7.568 7.40878
7.657 7.48684
7.678 7.60192
7.714 7.52773
7.676 7.52255
7.749 7.52552
7.744 7.60006
7.834 7.69814
7.764 7.5959
7.832 7.39117
7.853 7.67106
7.834 7.83228
7.914 7.88449
7.973 7.95222
7.958 8.01225
8.023 7.85633
8.067 7.51202
7.986 7.48529
8.019 7.77241
8.13 7.91702
8.082 7.95924
8.183 8.27779
8.078 7.92384
8.146 8.0167
8.124 7.85448
8.207 7.67382
8.211 8.14863
8.202 8.01321
8.295 7.89187
8.34 8.51091
8.312 8.23289
8.371 8.20356
8.396 8.2154
8.378 8.26138
8.431 8.55379
8.507 8.35631
8.513 8.54438
8.493 8.31427
8.525 8.38176
8.562 8.07823
8.518 7.85153
8.527 8.16544
8.543 8.2484
8.642 8.21005
8.61 8.55245
8.639 8.55724
8.666 8.50295
8.646 8.16084
8.683 8.31282
8.764 8.699
8.755 8.60758
8.785 8.56934
8.812 8.82148
8.834 8.40885
8.814 8.88429
8.882 8.73281
8.866 8.5586
8.904 8.83362
8.889 8.30298
8.925 8.80018
8.924 8.64887
8.978 8.45397
9.003 8.38137
9 8.78478
8.989 8.59547
9.028 8.55577
9.039 8.93441
9.098 8.96536
9.077 8.66173
9.134 8.69274
9.141 9.16028
9.182 8.8217
9.189 9.23852
9.198 8.73954
9.267 9.05276
9.299 9.11672
9.234 9.14439
9.265 9.31609
9.341 9.19992
9.314 9.13654
9.305 9.29727
9.358 9.26911
9.341 9.22795
9.405 9.66664
9.424 9.50373
9.387 8.9722
9.451 9.07467
9.487 9.28912
9.501 9.6036
9.525 9.43481
9.586 9.37798
9.597 9.45004
9.668 9.48326
9.685 9.29307
9.711 9.54703
9.709 9.49181
9.711 9.46294
9.8 9.35936
9.858 9.65549
9.754 9.45694
9.771 9.8364
9.792 9.6644
9.85 9.42292
9.883 9.27859
9.917 9.47158
9.873 9.90478
9.912 9.46973
9.962 10.0226
9.918 9.91719
9.953 9.4062
9.938 9.69385
9.938 9.71387
9.947 9.16736
10.079 9.64841
10.073 9.73541
10.067 9.70422
10.185 9.7205
10.152 9.66456
10.165 9.79757
10.206 9.90947
10.236 9.80611
10.225 9.81819
10.28 9.65325
10.329 9.85862
10.302 9.69249
10.31 9.41131
10.313 9.48051
10.371 9.65301
10.358 10.0299
10.402 9.99639
10.457 9.69184
10.431 10.2094
10.56 10.3167
10.464 10.3551
10.497 10.2863
10.508 10.2742
10.505 10.002
10.548 10.32
10.667 10.3364
10.661 10.0862
10.71 10.0259
10.654 10.2085
10.727 10.2467
10.706 10.0076
10.711 10.4259
10.786 10.7069
10.803 10.5307
10.726 10.4854
10.793 10.2724
10.877 10.088
10.83 10.2594
10.925 10.604
10.857 10.2368
10.945 10.4164
10.932 10.2336
11 10.5786
11.016 10.5643
11.039 10.7542
11.013 10.6134
11.082 10.3556
11.133 10.678
11.155 10.5876
11.126 10.4286
11.157 10.617
11.152 10.5675
11.163 11.1316
11.191 11.1637
11.174 10.7465
11.174 10.9987
11.222 10.9777
11.319 10.748
11.318 10.7636
11.279 10.838
11.373 10.8968
11.372 11.0186
11.4 10.6186
11.42 11.1808
11.439 11.1915
11.467 11.0359
11.545 11.2212
11.501 11.1091
11.528 11.2024
11.558 11.0757
11.599 11.4436
11.574 10.8734
11.631 11.0499
11.655 11.5275
11.684 11.3355
11.663 11.2687
11.709 11.1675
11.726 11.3323
11.811 11.4067
11.767 11.2199
11.802 11.5964
11.81 11.8558
11.838 11.5313
11.825 12.0124
11.83 11.3024
11.89 11.2031
11.851 11.4502
11.903 11.6733
11.941 11.5591
11.925 11.4508
12.002 10.969
12.023 11.6822
11.982 11.6293
12.081 11.6341
12.114 12.0931
12.137 12.1424
12.16 12.0204
12.133 12.2375
12.07 11.921
12.184 12.1363
12.164 12.0451
12.244 11.9784
12.229 12.2949
12.307 12.3751
12.252 12.4229
12.23 12.2293
12.323 11.9606
12.362 12.3113
12.424 12.1203
12.404 12.3171
12.393 12.5691
12.409 12.1999
12.498 12.5305
12.444 12.099
12.552 12.6379
12.555 12.2432
12.648 12.4806
12.614 12.6797
12.576 12.8971
12.613 12.762
12.636 12.8183
12.665 12.241
12.702 12.5137
12.791 12.5799
12.784 12.4458
12.748 12.8133
12.765 12.3141
12.768 12.3665
12.813 12.3083
12.869 12.5364
12.863 12.5688
12.848 13.4523
12.891 13.1383
12.907 12.7992
12.917 12.3645
13.004 12.7788
12.963 12.408
13.006 12.7387
12.973 13.0673
13.06 13.0454
13.083 12.6888
13.054 12.7078
13.145 12.5986
13.164 12.5156
13.111 12.8796
13.185 13.1419
13.228 13.1331
13.244 13.3218
13.237 12.6775
13.179 12.7557
13.167 13.5887
13.268 13.0092
13.316 13.0092
13.315 12.7345
13.382 12.967
13.335 12.8316
13.428 12.9678
13.399 13.0208
13.509 13.1831
13.486 13.221
13.468 12.8678
13.525 13.2446
13.555 13.2863
13.531 13.4024
13.603 13.0484
13.583 13.2664
13.638 13.4464
13.633 13.1715
13.699 13.2817
13.673 13.4375
13.664 13.4966
13.667 13.5917
13.732 13.3455
13.739 13.3282
13.748 13.8223
13.803 13.5237
13.858 13.8517
13.868 13.7503
13.937 13.8389
13.915 13.6374
13.865 13.8506
13.971 13.7559
13.936 13.141
14.013 13.6425
14.027 13.686
14.003 13.7047
14.023 13.9384
14.071 13.5916
14.083 13.9641
14.154 13.4137
14.136 13.3829
14.096 13.7265
14.124 13.5622
14.134 13.8719
14.196 13.465
14.19 13.5454
14.238 13.4628
14.256 13.4099
14.282 14.3268
14.273 13.6341
14.312 13.5502
14.327 14.0721
14.363 14.0913
14.341 14.1989
14.354 14.0507
14.382 14.0121
14.414 14.4551
14.518 14.3821
14.487 13.9338
14.43 14.0011
14.478 14.1397
14.524 14.1356
14.535 14.1309
14.522 14.0616
14.635 14.256
14.666 14.1726
14.615 14.1409
14.693 13.9707
14.678 13.9002
14.716 14.4898
14.757 14.1721
14.765 14.6224
14.787 14.7123
14.767 14.5693
14.773 14.8083
14.828 14.9073
14.819 14.5688
14.828 14.3047
14.805 14.3814
14.854 14.3691
14.93 14.7719
14.945 13.9719
14.928 14.7856
14.987 14.5914
15.016 14.4802
15.005 14.5695
15.065 14.7055
15.076 14.8471
15.085 14.6544
15.177 15.0187
15.115 14.7085
15.184 14.811
15.228 14.9149
15.232 15.4176
15.317 14.9415
15.29 15.6355
15.279 15.5187
15.336 15.1743
15.329 15.216
15.387 15.3606
15.357 14.8104
15.345 14.6486
15.371 15.3007
15.374 15.0672
15.431 14.4217
15.419 14.8123
15.408 15.0186
15.413 14.7532
15.456 15.3814
15.473 15.4307
15.457 15.1633
15.51 14.6526
15.506 15.073
15.5 15.2833
15.565 14.9467
15.532 15.0821
15.567 15.0846
15.642 14.8827
15.748 14.6091
15.649 14.7245
15.768 15.1133
15.752 15.2437
15.748 15.0075
15.804 15.1067
15.788 15.0381
15.818 15.3262
15.838 15.5053
15.889 15.4281
15.968 15.993
15.956 15.942
15.947 15.5097
15.915 15.5173
15.985 15.5223
16.061 16.2055
16.092 16.3519
16.068 15.9153
16.076 15.8361
16.139 15.3731
16.204 16.1926
16.179 16.3073
16.214 16.0422
16.14 16.0625
16.118 15.3835
16.195 15.4504
16.192 15.4726
16.227 15.8673
16.252 15.7162
16.252 15.7342
16.303 15.6889
16.41 16.2321
16.365 15.9557
16.411 16.2363
16.443 16.3051
16.417 16.4676
16.438 16.7449
16.425 15.9643
16.413 15.9063
16.474 16.0213
16.457 15.886
16.479 16.0656
16.539 15.8804
16.614 15.8388
16.644 15.8952
16.71 16.0459
16.782 16.0185
16.723 15.9803
16.72 16.7143
16.675 16.5239
16.746 16.3018
16.805 16.4374
16.756 16.2868
16.764 16.4848
16.758 16.3738
16.786 16.4106
16.786 16.8971
16.832 16.5543
16.888 16.4459
16.929 16.5165
16.941 16.3579
17.035 16.3361
17.042 16.3206
17.024 16.1996
17.081 16.573
17.073 16.2779
17.12 17.3029
17.121 16.8052
17.093 16.601
17.184 16.4626
17.128 16.422
17.167 16.1192
17.124 16.1808
17.189 16.9082
17.217 17.053
17.273 16.8253
17.288 17.0561
17.268 16.5868
17.364 17.0025
17.337 16.3037
17.409 16.9367
17.398 16.6603
17.46 16.1806
17.454 16.3302
17.529 16.7059
17.505 16.8168
17.546 17.0229
17.602 16.412
17.618 16.3224
17.572 16.3051
17.625 16.8612
17.673 16.2763
17.701 16.364
17.629 16.4558
17.725 16.2596
17.714 16.9251
17.734 17.1244
17.731 16.9836
17.723 16.9472
17.819 16.3025
17.829 16.7946
17.877 17.0589
17.851 16.4813
17.905 17.003
17.924 16.3746
17.893 16.5721
17.904 17.176
17.918 17.1284
17.945 17.069
17.985 17.0759
18.029 17.3615
17.988 17.4353
18.028 17.6148
18.049 16.6973
18.027 17.0313
18.003 16.8979
18.09 16.9869
18.059 17.2328
18.125 17.3447
18.129 16.7251
18.232 17.4456
18.231 17.5872
18.29 16.9889
18.268 17.7059
